 0.00000E+00
 0.00000E+00
 0.00000E+00
 0.00000E+00
 0.00000E+00
 3.32351E-02
 1.11550E-01
 1.19596E-01
 1.20468E-01
 1.20540E-01
 1.20546E-01
 1.20547E-01
 1.20547E-01
 1.20548E-01
 1.20548E-01
 1.20549E-01
 1.20549E-01
 1.20550E-01
 1.20550E-01
 1.20550E-01
 1.20551E-01
 1.20551E-01
 1.20551E-01
 1.20551E-01
 1.20552E-01
 1.20552E-01
 1.20552E-01
 1.20552E-01
 1.20552E-01
 1.20552E-01
 1.20553E-01
 1.20553E-01
 1.20553E-01
 1.20553E-01
 1.20553E-01
 1.20553E-01
 1.20553E-01
 1.20553E-01
 1.20553E-01
 1.20553E-01
 0.00000E+00
 0.00000E+00
 0.00000E+00
 0.00000E+00
 0.00000E+00
 8.32636E-02
 1.17469E-01
 1.20270E-01
 1.20524E-01
 1.20544E-01
 1.20546E-01
 1.20547E-01
 1.20547E-01
 1.20548E-01
 1.20548E-01
 1.20549E-01
 1.20549E-01
 1.20550E-01
 1.20550E-01
 1.20550E-01
 1.20551E-01
 1.20551E-01
 1.20551E-01
 1.20551E-01
 1.20552E-01
 1.20552E-01
 1.20552E-01
 1.20552E-01
 1.20552E-01
 1.20552E-01
 1.20553E-01
 1.20553E-01
 1.20553E-01
 1.20553E-01
 1.20553E-01
 1.20553E-01
 1.20553E-01
 1.20553E-01
 1.20553E-01
 1.20553E-01
 0.00000E+00
 0.00000E+00
 0.00000E+00
 0.00000E+00
 4.71895E-02
 1.13820E-01
 1.19888E-01
 1.20491E-01
 1.20541E-01
 1.20545E-01
 1.20546E-01
 1.20547E-01
 1.20547E-01
 1.20548E-01
 1.20549E-01
 1.20549E-01
 1.20549E-01
 1.20550E-01
 1.20550E-01
 1.20551E-01
 1.20551E-01
 1.20551E-01
 1.20551E-01
 1.20552E-01
 1.20552E-01
 1.20552E-01
 1.20552E-01
 1.20552E-01
 1.20552E-01
 1.20552E-01
 1.20553E-01
 1.20553E-01
 1.20553E-01
 1.20553E-01
 1.20553E-01
 1.20553E-01
 1.20553E-01
 1.20553E-01
 1.20553E-01
 1.20553E-01
 0.00000E+00
 0.00000E+00
 0.00000E+00
 2.82225E-02
 1.10996E-01
 1.19473E-01
 1.20447E-01
 1.20537E-01
 1.20544E-01
 1.20546E-01
 1.20546E-01
 1.20547E-01
 1.20548E-01
 1.20548E-01
 1.20549E-01
 1.20549E-01
 1.20550E-01
 1.20550E-01
 1.20550E-01
 1.20551E-01
 1.20551E-01
 1.20551E-01
 1.20551E-01
 1.20552E-01
 1.20552E-01
 1.20552E-01
 1.20552E-01
 1.20552E-01
 1.20552E-01
 1.20553E-01
 1.20553E-01
 1.20553E-01
 1.20553E-01
 1.20553E-01
 1.20553E-01
 1.20553E-01
 1.20553E-01
 1.20553E-01
 1.20553E-01
 1.20553E-01
 0.00000E+00
 0.00000E+00
 4.11066E-02
 1.10618E-01
 1.19253E-01
 1.20411E-01
 1.20532E-01
 1.20544E-01
 1.20545E-01
 1.20546E-01
 1.20547E-01
 1.20547E-01
 1.20548E-01
 1.20548E-01
 1.20549E-01
 1.20549E-01
 1.20550E-01
 1.20550E-01
 1.20550E-01
 1.20551E-01
 1.20551E-01
 1.20551E-01
 1.20551E-01
 1.20552E-01
 1.20552E-01
 1.20552E-01
 1.20552E-01
 1.20552E-01
 1.20552E-01
 1.20553E-01
 1.20553E-01
 1.20553E-01
 1.20553E-01
 1.20553E-01
 1.20553E-01
 1.20553E-01
 1.20553E-01
 1.20553E-01
 1.20553E-01
 1.20553E-01
 2.22583E-02
 7.51018E-02
 1.12880E-01
 1.19363E-01
 1.20403E-01
 1.20530E-01
 1.20543E-01
 1.20545E-01
 1.20546E-01
 1.20546E-01
 1.20547E-01
 1.20548E-01
 1.20548E-01
 1.20549E-01
 1.20549E-01
 1.20550E-01
 1.20550E-01
 1.20550E-01
 1.20551E-01
 1.20551E-01
 1.20551E-01
 1.20551E-01
 1.20552E-01
 1.20552E-01
 1.20552E-01
 1.20552E-01
 1.20552E-01
 1.20552E-01
 1.20553E-01
 1.20553E-01
 1.20553E-01
 1.20553E-01
 1.20553E-01
 1.20553E-01
 1.20553E-01
 1.20553E-01
 1.20553E-01
 1.20553E-01
 1.20553E-01
 1.20553E-01
 1.09756E-01
 1.16577E-01
 1.19739E-01
 1.20429E-01
 1.20531E-01
 1.20543E-01
 1.20545E-01
 1.20546E-01
 1.20546E-01
 1.20547E-01
 1.20547E-01
 1.20548E-01
 1.20549E-01
 1.20549E-01
 1.20549E-01
 1.20550E-01
 1.20550E-01
 1.20550E-01
 1.20551E-01
 1.20551E-01
 1.20551E-01
 1.20551E-01
 1.20552E-01
 1.20552E-01
 1.20552E-01
 1.20552E-01
 1.20552E-01
 1.20552E-01
 1.20553E-01
 1.20553E-01
 1.20553E-01
 1.20553E-01
 1.20553E-01
 1.20553E-01
 1.20553E-01
 1.20553E-01
 1.20553E-01
 1.20553E-01
 1.20553E-01
 1.20553E-01
 1.19250E-01
 1.20165E-01
 1.20473E-01
 1.20535E-01
 1.20544E-01
 1.20545E-01
 1.20546E-01
 1.20546E-01
 1.20547E-01
 1.20547E-01
 1.20548E-01
 1.20548E-01
 1.20549E-01
 1.20549E-01
 1.20550E-01
 1.20550E-01
 1.20550E-01
 1.20551E-01
 1.20551E-01
 1.20551E-01
 1.20551E-01
 1.20552E-01
 1.20552E-01
 1.20552E-01
 1.20552E-01
 1.20552E-01
 1.20552E-01
 1.20553E-01
 1.20553E-01
 1.20553E-01
 1.20553E-01
 1.20553E-01
 1.20553E-01
 1.20553E-01
 1.20553E-01
 1.20553E-01
 1.20553E-01
 1.20553E-01
 1.20553E-01
 1.20553E-01
 1.20425E-01
 1.20513E-01
 1.20539E-01
 1.20544E-01
 1.20545E-01
 1.20546E-01
 1.20546E-01
 1.20547E-01
 1.20547E-01
 1.20548E-01
 1.20548E-01
 1.20549E-01
 1.20549E-01
 1.20550E-01
 1.20550E-01
 1.20550E-01
 1.20551E-01
 1.20551E-01
 1.20551E-01
 1.20551E-01
 1.20552E-01
 1.20552E-01
 1.20552E-01
 1.20552E-01
 1.20552E-01
 1.20552E-01
 1.20553E-01
 1.20553E-01
 1.20553E-01
 1.20553E-01
 1.20553E-01
 1.20553E-01
 1.20553E-01
 1.20553E-01
 1.20553E-01
 1.20553E-01
 1.20553E-01
 1.20553E-01
 1.20553E-01
 1.20553E-01
 1.20536E-01
 1.20543E-01
 1.20545E-01
 1.20546E-01
 1.20546E-01
 1.20547E-01
 1.20547E-01
 1.20548E-01
 1.20548E-01
 1.20549E-01
 1.20549E-01
 1.20549E-01
 1.20550E-01
 1.20550E-01
 1.20550E-01
 1.20551E-01
 1.20551E-01
 1.20551E-01
 1.20551E-01
 1.20552E-01
 1.20552E-01
 1.20552E-01
 1.20552E-01
 1.20552E-01
 1.20552E-01
 1.20553E-01
 1.20553E-01
 1.20553E-01
 1.20553E-01
 1.20553E-01
 1.20553E-01
 1.20553E-01
 1.20553E-01
 1.20553E-01
 1.20553E-01
 1.20553E-01
 1.20553E-01
 1.20553E-01
 1.20553E-01
 1.20553E-01
 1.20546E-01
 1.20546E-01
 1.20547E-01
 1.20547E-01
 1.20547E-01
 1.20548E-01
 1.20548E-01
 1.20548E-01
 1.20549E-01
 1.20549E-01
 1.20549E-01
 1.20550E-01
 1.20550E-01
 1.20550E-01
 1.20551E-01
 1.20551E-01
 1.20551E-01
 1.20551E-01
 1.20552E-01
 1.20552E-01
 1.20552E-01
 1.20552E-01
 1.20552E-01
 1.20552E-01
 1.20553E-01
 1.20553E-01
 1.20553E-01
 1.20553E-01
 1.20553E-01
 1.20553E-01
 1.20553E-01
 1.20553E-01
 1.20553E-01
 1.20553E-01
 1.20553E-01
 1.20553E-01
 1.20553E-01
 1.20553E-01
 1.20553E-01
 1.20553E-01
 1.20547E-01
 1.20548E-01
 1.20548E-01
 1.20548E-01
 1.20548E-01
 1.20548E-01
 1.20549E-01
 1.20549E-01
 1.20549E-01
 1.20550E-01
 1.20550E-01
 1.20550E-01
 1.20551E-01
 1.20551E-01
 1.20551E-01
 1.20551E-01
 1.20551E-01
 1.20552E-01
 1.20552E-01
 1.20552E-01
 1.20552E-01
 1.20552E-01
 1.20553E-01
 1.20553E-01
 1.20553E-01
 1.20553E-01
 1.20553E-01
 1.20553E-01
 1.20553E-01
 1.20553E-01
 1.20553E-01
 1.20553E-01
 1.20553E-01
 1.20553E-01
 1.20553E-01
 1.20553E-01
 1.20554E-01
 1.20554E-01
 1.20554E-01
 1.20554E-01
 1.20548E-01
 1.20549E-01
 1.20549E-01
 1.20549E-01
 1.20549E-01
 1.20549E-01
 1.20549E-01
 1.20550E-01
 1.20550E-01
 1.20550E-01
 1.20550E-01
 1.20551E-01
 1.20551E-01
 1.20551E-01
 1.20551E-01
 1.20552E-01
 1.20552E-01
 1.20552E-01
 1.20552E-01
 1.20552E-01
 1.20552E-01
 1.20553E-01
 1.20553E-01
 1.20553E-01
 1.20553E-01
 1.20553E-01
 1.20553E-01
 1.20553E-01
 1.20553E-01
 1.20553E-01
 1.20553E-01
 1.20553E-01
 1.20553E-01
 1.20554E-01
 1.20554E-01
 1.20554E-01
 1.20554E-01
 1.20554E-01
 1.20554E-01
 1.20554E-01
 1.20549E-01
 1.20549E-01
 1.20549E-01
 1.20550E-01
 1.20550E-01
 1.20550E-01
 1.20550E-01
 1.20550E-01
 1.20551E-01
 1.20551E-01
 1.20551E-01
 1.20551E-01
 1.20551E-01
 1.20552E-01
 1.20552E-01
 1.20552E-01
 1.20552E-01
 1.20552E-01
 1.20552E-01
 1.20553E-01
 1.20553E-01
 1.20553E-01
 1.20553E-01
 1.20553E-01
 1.20553E-01
 1.20553E-01
 1.20553E-01
 1.20553E-01
 1.20553E-01
 1.20553E-01
 1.20554E-01
 1.20554E-01
 1.20554E-01
 1.20554E-01
 1.20554E-01
 1.20554E-01
 1.20554E-01
 1.20554E-01
 1.20554E-01
 1.20554E-01
 1.20550E-01
 1.20550E-01
 1.20550E-01
 1.20550E-01
 1.20550E-01
 1.20551E-01
 1.20551E-01
 1.20551E-01
 1.20551E-01
 1.20551E-01
 1.20551E-01
 1.20552E-01
 1.20552E-01
 1.20552E-01
 1.20552E-01
 1.20552E-01
 1.20552E-01
 1.20553E-01
 1.20553E-01
 1.20553E-01
 1.20553E-01
 1.20553E-01
 1.20553E-01
 1.20553E-01
 1.20553E-01
 1.20553E-01
 1.20553E-01
 1.20554E-01
 1.20554E-01
 1.20554E-01
 1.20554E-01
 1.20554E-01
 1.20554E-01
 1.20554E-01
 1.20554E-01
 1.20554E-01
 1.20554E-01
 1.20554E-01
 1.20554E-01
 1.20554E-01
 1.20551E-01
 1.20551E-01
 1.20551E-01
 1.20551E-01
 1.20551E-01
 1.20551E-01
 1.20551E-01
 1.20552E-01
 1.20552E-01
 1.20552E-01
 1.20552E-01
 1.20552E-01
 1.20552E-01
 1.20552E-01
 1.20553E-01
 1.20553E-01
 1.20553E-01
 1.20553E-01
 1.20553E-01
 1.20553E-01
 1.20553E-01
 1.20553E-01
 1.20553E-01
 1.20553E-01
 1.20554E-01
 1.20554E-01
 1.20554E-01
 1.20554E-01
 1.20554E-01
 1.20554E-01
 1.20554E-01
 1.20554E-01
 1.20554E-01
 1.20554E-01
 1.20554E-01
 1.20554E-01
 1.20554E-01
 1.20554E-01
 1.20554E-01
 1.20554E-01
 1.20552E-01
 1.20552E-01
 1.20552E-01
 1.20552E-01
 1.20552E-01
 1.20552E-01
 1.20552E-01
 1.20552E-01
 1.20552E-01
 1.20552E-01
 1.20553E-01
 1.20553E-01
 1.20553E-01
 1.20553E-01
 1.20553E-01
 1.20553E-01
 1.20553E-01
 1.20553E-01
 1.20553E-01
 1.20553E-01
 1.20553E-01
 1.20554E-01
 1.20554E-01
 1.20554E-01
 1.20554E-01
 1.20554E-01
 1.20554E-01
 1.20554E-01
 1.20554E-01
 1.20554E-01
 1.20554E-01
 1.20554E-01
 1.20554E-01
 1.20554E-01
 1.20554E-01
 1.20554E-01
 1.20554E-01
 1.20554E-01
 1.20554E-01
 1.20554E-01
 1.20552E-01
 1.20552E-01
 1.20552E-01
 1.20552E-01
 1.20553E-01
 1.20553E-01
 1.20553E-01
 1.20553E-01
 1.20553E-01
 1.20553E-01
 1.20553E-01
 1.20553E-01
 1.20553E-01
 1.20553E-01
 1.20553E-01
 1.20553E-01
 1.20554E-01
 1.20554E-01
 1.20554E-01
 1.20554E-01
 1.20554E-01
 1.20554E-01
 1.20554E-01
 1.20554E-01
 1.20554E-01
 1.20554E-01
 1.20554E-01
 1.20554E-01
 1.20554E-01
 1.20554E-01
 1.20554E-01
 1.20554E-01
 1.20554E-01
 1.20554E-01
 1.20554E-01
 1.20554E-01
 1.20554E-01
 1.20554E-01
 1.20554E-01
 1.20554E-01
 1.20553E-01
 1.20553E-01
 1.20553E-01
 1.20553E-01
 1.20553E-01
 1.20553E-01
 1.20553E-01
 1.20553E-01
 1.20553E-01
 1.20553E-01
 1.20554E-01
 1.20554E-01
 1.20554E-01
 1.20554E-01
 1.20554E-01
 1.20554E-01
 1.20554E-01
 1.20554E-01
 1.20554E-01
 1.20554E-01
 1.20554E-01
 1.20554E-01
 1.20554E-01
 1.20554E-01
 1.20554E-01
 1.20554E-01
 1.20554E-01
 1.20554E-01
 1.20554E-01
 1.20554E-01
 1.20554E-01
 1.20554E-01
 1.20554E-01
 1.20554E-01
 1.20554E-01
 1.20554E-01
 1.20554E-01
 1.20554E-01
 1.20554E-01
 1.20554E-01
 1.20554E-01
 1.20554E-01
 1.20554E-01
 1.20554E-01
 1.20554E-01
 1.20554E-01
 1.20554E-01
 1.20554E-01
 1.20554E-01
 1.20554E-01
 1.20554E-01
 1.20554E-01
 1.20554E-01
 1.20554E-01
 1.20554E-01
 1.20554E-01
 1.20554E-01
 1.20554E-01
 1.20554E-01
 1.20554E-01
 1.20554E-01
 1.20554E-01
 1.20554E-01
 1.20554E-01
 1.20554E-01
 1.20554E-01
 1.20554E-01
 1.20554E-01
 1.20554E-01
 1.20554E-01
 1.20554E-01
 1.20554E-01
 1.20554E-01
 1.20554E-01
 1.20554E-01
 1.20554E-01
 1.20554E-01
 1.20554E-01
 1.20554E-01
 1.20554E-01
 1.20554E-01
 1.20554E-01
 1.20554E-01
 1.20554E-01
 1.20555E-01
 1.20555E-01
 1.20555E-01
 1.20555E-01
 1.20555E-01
 1.20555E-01
 1.20555E-01
 1.20555E-01
 1.20555E-01
 1.20555E-01
 1.20555E-01
 1.20555E-01
 1.20555E-01
 1.20555E-01
 1.20555E-01
 1.20555E-01
 1.20555E-01
 1.20555E-01
 1.20555E-01
 1.20555E-01
 1.20555E-01
 1.20555E-01
 1.20555E-01
 1.20555E-01
 1.20555E-01
 1.20555E-01
 1.20555E-01
 1.20555E-01
 1.20555E-01
 1.20555E-01
 1.20555E-01
 1.20555E-01
 1.20555E-01
 1.20555E-01
 1.20555E-01
 1.20555E-01
 1.20555E-01
 1.20555E-01
 1.20555E-01
 1.20555E-01
 1.20555E-01
 1.20555E-01
 1.20555E-01
 1.20555E-01
 1.20555E-01
 1.20555E-01
 1.20555E-01
 1.20555E-01
 1.20555E-01
 1.20555E-01
 1.20555E-01
 1.20555E-01
 1.20555E-01
 1.20555E-01
 1.20555E-01
 1.20555E-01
 1.20555E-01
 1.20555E-01
 1.20555E-01
 1.20555E-01
 1.20555E-01
 1.20555E-01
 1.20555E-01
 1.20555E-01
 1.20555E-01
 1.20555E-01
 1.20555E-01
 1.20555E-01
 1.20555E-01
 1.20555E-01
 1.20555E-01
 1.20555E-01
 1.20555E-01
 1.20555E-01
 1.20555E-01
 1.20555E-01
 1.20556E-01
 1.20556E-01
 1.20556E-01
 1.20556E-01
 1.20556E-01
 1.20556E-01
 1.20556E-01
 1.20556E-01
 1.20556E-01
 1.20556E-01
 1.20556E-01
 1.20556E-01
 1.20555E-01
 1.20555E-01
 1.20555E-01
 1.20555E-01
 1.20555E-01
 1.20555E-01
 1.20555E-01
 1.20555E-01
 1.20555E-01
 1.20555E-01
 1.20555E-01
 1.20555E-01
 1.20555E-01
 1.20555E-01
 1.20555E-01
 1.20555E-01
 1.20555E-01
 1.20555E-01
 1.20555E-01
 1.20555E-01
 1.20555E-01
 1.20555E-01
 1.20555E-01
 1.20555E-01
 1.20555E-01
 1.20555E-01
 1.20555E-01
 1.20555E-01
 1.20557E-01
 1.20557E-01
 1.20557E-01
 1.20556E-01
 1.20556E-01
 1.20556E-01
 1.20556E-01
 1.20556E-01
 1.20556E-01
 1.20556E-01
 1.20556E-01
 1.20556E-01
 1.20556E-01
 1.20556E-01
 1.20556E-01
 1.20556E-01
 1.20556E-01
 1.20556E-01
 1.20556E-01
 1.20555E-01
 1.20555E-01
 1.20555E-01
 1.20555E-01
 1.20555E-01
 1.20555E-01
 1.20555E-01
 1.20555E-01
 1.20555E-01
 1.20555E-01
 1.20555E-01
 1.20555E-01
 1.20555E-01
 1.20555E-01
 1.20555E-01
 1.20555E-01
 1.20555E-01
 1.20555E-01
 1.20555E-01
 1.20555E-01
 1.20555E-01
 1.20557E-01
 1.20557E-01
 1.20557E-01
 1.20557E-01
 1.20557E-01
 1.20557E-01
 1.20557E-01
 1.20557E-01
 1.20557E-01
 1.20557E-01
 1.20557E-01
 1.20556E-01
 1.20556E-01
 1.20556E-01
 1.20556E-01
 1.20556E-01
 1.20556E-01
 1.20556E-01
 1.20556E-01
 1.20556E-01
 1.20556E-01
 1.20556E-01
 1.20556E-01
 1.20555E-01
 1.20555E-01
 1.20555E-01
 1.20555E-01
 1.20555E-01
 1.20555E-01
 1.20555E-01
 1.20555E-01
 1.20555E-01
 1.20555E-01
 1.20555E-01
 1.20555E-01
 1.20555E-01
 1.20555E-01
 1.20555E-01
 1.20555E-01
 1.20555E-01
 1.20558E-01
 1.20558E-01
 1.20558E-01
 1.20558E-01
 1.20558E-01
 1.20558E-01
 1.20558E-01
 1.20557E-01
 1.20557E-01
 1.20557E-01
 1.20557E-01
 1.20557E-01
 1.20557E-01
 1.20557E-01
 1.20557E-01
 1.20556E-01
 1.20556E-01
 1.20556E-01
 1.20556E-01
 1.20556E-01
 1.20556E-01
 1.20556E-01
 1.20556E-01
 1.20556E-01
 1.20556E-01
 1.20556E-01
 1.20555E-01
 1.20555E-01
 1.20555E-01
 1.20555E-01
 1.20555E-01
 1.20555E-01
 1.20555E-01
 1.20555E-01
 1.20555E-01
 1.20555E-01
 1.20555E-01
 1.20555E-01
 1.20555E-01
 1.20555E-01
 1.20559E-01
 1.20559E-01
 1.20559E-01
 1.20559E-01
 1.20558E-01
 1.20558E-01
 1.20558E-01
 1.20558E-01
 1.20558E-01
 1.20558E-01
 1.20558E-01
 1.20557E-01
 1.20557E-01
 1.20557E-01
 1.20557E-01
 1.20557E-01
 1.20557E-01
 1.20557E-01
 1.20556E-01
 1.20556E-01
 1.20556E-01
 1.20556E-01
 1.20556E-01
 1.20556E-01
 1.20556E-01
 1.20556E-01
 1.20556E-01
 1.20556E-01
 1.20556E-01
 1.20555E-01
 1.20555E-01
 1.20555E-01
 1.20555E-01
 1.20555E-01
 1.20555E-01
 1.20555E-01
 1.20555E-01
 1.20555E-01
 1.20555E-01
 1.20555E-01
 1.20559E-01
 1.20559E-01
 1.20559E-01
 1.20559E-01
 1.20559E-01
 1.20559E-01
 1.20559E-01
 1.20559E-01
 1.20558E-01
 1.20558E-01
 1.20558E-01
 1.20558E-01
 1.20558E-01
 1.20558E-01
 1.20557E-01
 1.20557E-01
 1.20557E-01
 1.20557E-01
 1.20557E-01
 1.20557E-01
 1.20556E-01
 1.20556E-01
 1.20556E-01
 1.20556E-01
 1.20556E-01
 1.20556E-01
 1.20556E-01
 1.20556E-01
 1.20556E-01
 1.20556E-01
 1.20556E-01
 1.20556E-01
 1.20555E-01
 1.20555E-01
 1.20555E-01
 1.20555E-01
 1.20555E-01
 1.20555E-01
 1.20555E-01
 1.20555E-01
 1.20560E-01
 1.20560E-01
 1.20560E-01
 1.20560E-01
 1.20560E-01
 1.20560E-01
 1.20559E-01
 1.20559E-01
 1.20559E-01
 1.20559E-01
 1.20559E-01
 1.20558E-01
 1.20558E-01
 1.20558E-01
 1.20558E-01
 1.20557E-01
 1.20557E-01
 1.20557E-01
 1.20557E-01
 1.20557E-01
 1.20557E-01
 1.20557E-01
 1.20556E-01
 1.20556E-01
 1.20556E-01
 1.20556E-01
 1.20556E-01
 1.20556E-01
 1.20556E-01
 1.20556E-01
 1.20556E-01
 1.20556E-01
 1.20556E-01
 1.20556E-01
 1.20555E-01
 1.20555E-01
 1.20555E-01
 1.20555E-01
 1.20555E-01
 1.20555E-01
 1.20561E-01
 1.20561E-01
 1.20561E-01
 1.20561E-01
 1.20561E-01
 1.20560E-01
 1.20560E-01
 1.20560E-01
 1.20560E-01
 1.20559E-01
 1.20559E-01
 1.20559E-01
 1.20559E-01
 1.20558E-01
 1.20558E-01
 1.20558E-01
 1.20558E-01
 1.20557E-01
 1.20557E-01
 1.20557E-01
 1.20557E-01
 1.20557E-01
 1.20557E-01
 1.20556E-01
 1.20556E-01
 1.20556E-01
 1.20556E-01
 1.20556E-01
 1.20556E-01
 1.20556E-01
 1.20556E-01
 1.20556E-01
 1.20556E-01
 1.20556E-01
 1.20556E-01
 1.20556E-01
 1.20556E-01
 1.20556E-01
 1.20556E-01
 1.20556E-01
 1.20562E-01
 1.20562E-01
 1.20562E-01
 1.20562E-01
 1.20561E-01
 1.20561E-01
 1.20561E-01
 1.20560E-01
 1.20560E-01
 1.20560E-01
 1.20560E-01
 1.20559E-01
 1.20559E-01
 1.20559E-01
 1.20558E-01
 1.20558E-01
 1.20558E-01
 1.20558E-01
 1.20557E-01
 1.20557E-01
 1.20557E-01
 1.20557E-01
 1.20557E-01
 1.20557E-01
 1.20556E-01
 1.20556E-01
 1.20556E-01
 1.20556E-01
 1.20556E-01
 1.20556E-01
 1.20556E-01
 1.20556E-01
 1.20556E-01
 1.20556E-01
 1.20556E-01
 1.20556E-01
 1.20556E-01
 1.20556E-01
 1.20556E-01
 1.20556E-01
 1.20563E-01
 1.20563E-01
 1.20563E-01
 1.20562E-01
 1.20562E-01
 1.20562E-01
 1.20561E-01
 1.20561E-01
 1.20561E-01
 1.20560E-01
 1.20560E-01
 1.20560E-01
 1.20559E-01
 1.20559E-01
 1.20559E-01
 1.20558E-01
 1.20558E-01
 1.20558E-01
 1.20558E-01
 1.20557E-01
 1.20557E-01
 1.20557E-01
 1.20557E-01
 1.20557E-01
 1.20557E-01
 1.20556E-01
 1.20556E-01
 1.20556E-01
 1.20556E-01
 1.20556E-01
 1.20556E-01
 1.20556E-01
 1.20556E-01
 1.20556E-01
 1.20556E-01
 1.20556E-01
 1.20556E-01
 1.20556E-01
 1.20556E-01
 1.20556E-01
 1.20564E-01
 1.20564E-01
 1.20564E-01
 1.20563E-01
 1.20563E-01
 1.20563E-01
 1.20562E-01
 1.20562E-01
 1.20561E-01
 1.20561E-01
 1.20560E-01
 1.20560E-01
 1.20560E-01
 1.20559E-01
 1.20559E-01
 1.20559E-01
 1.20558E-01
 1.20558E-01
 1.20558E-01
 1.20558E-01
 1.20557E-01
 1.20557E-01
 1.20557E-01
 1.20557E-01
 1.20557E-01
 1.20557E-01
 1.20556E-01
 1.20556E-01
 1.20556E-01
 1.20556E-01
 1.20556E-01
 1.20556E-01
 1.20556E-01
 1.20556E-01
 1.20556E-01
 1.20556E-01
 1.20556E-01
 1.20556E-01
 1.20556E-01
 1.20556E-01
 1.20565E-01
 1.20565E-01
 1.20565E-01
 1.20564E-01
 1.20564E-01
 1.20563E-01
 1.20563E-01
 1.20562E-01
 1.20562E-01
 1.20561E-01
 1.20561E-01
 1.20560E-01
 1.20560E-01
 1.20560E-01
 1.20559E-01
 1.20559E-01
 1.20559E-01
 1.20558E-01
 1.20558E-01
 1.20558E-01
 1.20558E-01
 1.20557E-01
 1.20557E-01
 1.20557E-01
 1.20557E-01
 1.20557E-01
 1.20557E-01
 1.20556E-01
 1.20556E-01
 1.20556E-01
 1.20556E-01
 1.20556E-01
 1.20556E-01
 1.20556E-01
 1.20556E-01
 1.20556E-01
 1.20556E-01
 1.20556E-01
 1.20556E-01
 1.20556E-01
 1.20566E-01
 1.20566E-01
 1.20566E-01
 1.20565E-01
 1.20565E-01
 1.20564E-01
 1.20563E-01
 1.20563E-01
 1.20562E-01
 1.20562E-01
 1.20561E-01
 1.20561E-01
 1.20560E-01
 1.20560E-01
 1.20560E-01
 1.20559E-01
 1.20559E-01
 1.20559E-01
 1.20558E-01
 1.20558E-01
 1.20558E-01
 1.20558E-01
 1.20557E-01
 1.20557E-01
 1.20557E-01
 1.20557E-01
 1.20557E-01
 1.20557E-01
 1.20556E-01
 1.20556E-01
 1.20556E-01
 1.20556E-01
 1.20556E-01
 1.20556E-01
 1.20556E-01
 1.20556E-01
 1.20556E-01
 1.20556E-01
 1.20556E-01
 1.20556E-01
 1.20567E-01
 1.20567E-01
 1.20567E-01
 1.20566E-01
 1.20565E-01
 1.20565E-01
 1.20564E-01
 1.20563E-01
 1.20563E-01
 1.20562E-01
 1.20562E-01
 1.20561E-01
 1.20561E-01
 1.20560E-01
 1.20560E-01
 1.20559E-01
 1.20559E-01
 1.20559E-01
 1.20558E-01
 1.20558E-01
 1.20558E-01
 1.20558E-01
 1.20557E-01
 1.20557E-01
 1.20557E-01
 1.20557E-01
 1.20557E-01
 1.20557E-01
 1.20557E-01
 1.20556E-01
 1.20556E-01
 1.20556E-01
 1.20556E-01
 1.20556E-01
 1.20556E-01
 1.20556E-01
 1.20556E-01
 1.20556E-01
 1.20556E-01
 1.20556E-01
 1.20569E-01
 1.20568E-01
 1.20568E-01
 1.20567E-01
 1.20566E-01
 1.20565E-01
 1.20565E-01
 1.20564E-01
 1.20563E-01
 1.20563E-01
 1.20562E-01
 1.20561E-01
 1.20561E-01
 1.20560E-01
 1.20560E-01
 1.20560E-01
 1.20559E-01
 1.20559E-01
 1.20559E-01
 1.20558E-01
 1.20558E-01
 1.20558E-01
 1.20558E-01
 1.20557E-01
 1.20557E-01
 1.20557E-01
 1.20557E-01
 1.20557E-01
 1.20557E-01
 1.20556E-01
 1.20556E-01
 1.20556E-01
 1.20556E-01
 1.20556E-01
 1.20556E-01
 1.20556E-01
 1.20556E-01
 1.20556E-01
 1.20556E-01
 1.20556E-01
 1.20570E-01
 1.20569E-01
 1.20569E-01
 1.20568E-01
 1.20567E-01
 1.20566E-01
 1.20565E-01
 1.20564E-01
 1.20563E-01
 1.20563E-01
 1.20562E-01
 1.20562E-01
 1.20561E-01
 1.20561E-01
 1.20560E-01
 1.20560E-01
 1.20559E-01
 1.20559E-01
 1.20559E-01
 1.20558E-01
 1.20558E-01
 1.20558E-01
 1.20558E-01
 1.20557E-01
 1.20557E-01
 1.20557E-01
 1.20557E-01
 1.20557E-01
 1.20557E-01
 1.20556E-01
 1.20556E-01
 1.20556E-01
 1.20556E-01
 1.20556E-01
 1.20556E-01
 1.20556E-01
 1.20556E-01
 1.20556E-01
 1.20556E-01
 1.20556E-01
 1.20571E-01
 1.20570E-01
 1.20569E-01
 1.20568E-01
 1.20567E-01
 1.20566E-01
 1.20565E-01
 1.20565E-01
 1.20564E-01
 1.20563E-01
 1.20562E-01
 1.20562E-01
 1.20561E-01
 1.20561E-01
 1.20560E-01
 1.20560E-01
 1.20559E-01
 1.20559E-01
 1.20559E-01
 1.20558E-01
 1.20558E-01
 1.20558E-01
 1.20558E-01
 1.20557E-01
 1.20557E-01
 1.20557E-01
 1.20557E-01
 1.20557E-01
 1.20557E-01
 1.20557E-01
 1.20556E-01
 1.20556E-01
 1.20556E-01
 1.20556E-01
 1.20556E-01
 1.20556E-01
 1.20556E-01
 1.20556E-01
 1.20556E-01
 1.20556E-01
 1.20571E-01
 1.20571E-01
 1.20570E-01
 1.20569E-01
 1.20568E-01
 1.20567E-01
 1.20566E-01
 1.20565E-01
 1.20564E-01
 1.20563E-01
 1.20562E-01
 1.20562E-01
 1.20561E-01
 1.20561E-01
 1.20560E-01
 1.20560E-01
 1.20559E-01
 1.20559E-01
 1.20559E-01
 1.20558E-01
 1.20558E-01
 1.20558E-01
 1.20558E-01
 1.20557E-01
 1.20557E-01
 1.20557E-01
 1.20557E-01
 1.20557E-01
 1.20557E-01
 1.20557E-01
 1.20556E-01
 1.20556E-01
 1.20556E-01
 1.20556E-01
 1.20556E-01
 1.20556E-01
 1.20556E-01
 1.20556E-01
 1.20556E-01
 1.20556E-01
