-0.00000E+00
-0.00000E+00
-0.00000E+00
-0.00000E+00
-0.00000E+00
-0.00000E+00
-0.00000E+00
-0.00000E+00
-0.00000E+00
-0.00000E+00
-0.00000E+00
-0.00000E+00
-0.00000E+00
-0.00000E+00
-0.00000E+00
-0.00000E+00
-0.00000E+00
-0.00000E+00
-0.00000E+00
-0.00000E+00
-0.00000E+00
-0.00000E+00
-0.00000E+00
-0.00000E+00
-0.00000E+00
-0.00000E+00
-0.00000E+00
-0.00000E+00
-0.00000E+00
-0.00000E+00
-0.00000E+00
-0.00000E+00
-0.00000E+00
-0.00000E+00
-0.00000E+00
-0.00000E+00
-0.00000E+00
-0.00000E+00
-0.00000E+00
-0.00000E+00
 8.10584E-07
 3.21062E-07
 1.51279E-07
 8.27244E-08
 5.06573E-08
 3.27008E-08
 2.91484E-08
 2.15689E-08
 1.64618E-08
 1.30965E-08
 1.07501E-08
 9.02757E-09
 7.71379E-09
 6.68249E-09
 5.85427E-09
 5.17665E-09
 4.61357E-09
 4.13946E-09
 3.73579E-09
 3.38882E-09
 3.08820E-09
 2.82600E-09
 2.59604E-09
 2.39351E-09
 2.21454E-09
 2.05607E-09
 1.91559E-09
 1.79107E-09
 1.68083E-09
 1.58349E-09
 1.49791E-09
 1.42314E-09
 1.35838E-09
 1.30299E-09
 1.25643E-09
 1.21824E-09
 1.18810E-09
 1.16572E-09
 1.15090E-09
 1.14353E-09
 4.92176E-07
 3.22386E-07
 2.01328E-07
 1.28962E-07
 8.52976E-08
 6.41477E-08
 5.12348E-08
 3.93676E-08
 3.10430E-08
 2.51636E-08
 2.08758E-08
 1.76463E-08
 1.51451E-08
 1.31619E-08
 1.15579E-08
 1.02388E-08
 9.13815E-09
 8.20848E-09
 7.41488E-09
 6.73130E-09
 6.13799E-09
 5.61973E-09
 5.16467E-09
 4.76344E-09
 4.40860E-09
 4.09415E-09
 3.81522E-09
 3.56785E-09
 3.34875E-09
 3.15522E-09
 2.98501E-09
 2.83626E-09
 2.70741E-09
 2.59716E-09
 2.50447E-09
 2.42845E-09
 2.36843E-09
 2.32387E-09
 2.29437E-09
 2.27968E-09
 3.43559E-07
 2.74979E-07
 2.02684E-07
 1.46573E-07
 1.08655E-07
 8.51799E-08
 6.68922E-08
 5.32254E-08
 4.31439E-08
 3.56363E-08
 2.99431E-08
 2.55368E-08
 2.20584E-08
 1.92620E-08
 1.69768E-08
 1.50824E-08
 1.34918E-08
 1.21414E-08
 1.09839E-08
 9.98352E-09
 9.11273E-09
 8.35028E-09
 7.67945E-09
 7.08699E-09
 6.56226E-09
 6.09670E-09
 5.68331E-09
 5.31636E-09
 4.99110E-09
 4.70363E-09
 4.45066E-09
 4.22948E-09
 4.03782E-09
 3.87379E-09
 3.73583E-09
 3.62267E-09
 3.53331E-09
 3.46695E-09
 3.42302E-09
 3.40115E-09
 2.63521E-07
 2.31286E-07
 1.87921E-07
 1.52170E-07
 1.18498E-07
 9.53029E-08
 7.73534E-08
 6.34350E-08
 5.26656E-08
 4.42944E-08
 3.77233E-08
 3.24995E-08
 2.82898E-08
 2.48508E-08
 2.20050E-08
 1.96221E-08
 1.76052E-08
 1.58815E-08
 1.43959E-08
 1.31061E-08
 1.19791E-08
 1.09892E-08
 1.01159E-08
 9.34279E-09
 8.65677E-09
 8.04708E-09
 7.50496E-09
 7.02316E-09
 6.59568E-09
 6.21753E-09
 5.88452E-09
 5.59319E-09
 5.34060E-09
 5.12434E-09
 4.94238E-09
 4.79310E-09
 4.67518E-09
 4.58760E-09
 4.52962E-09
 4.50075E-09
 2.15771E-07
 1.98771E-07
 1.75379E-07
 1.43493E-07
 1.19777E-07
 1.00024E-07
 8.37391E-08
 7.04901E-08
 5.97885E-08
 5.11524E-08
 4.41561E-08
 3.84483E-08
 3.37503E-08
 2.98463E-08
 2.65705E-08
 2.37959E-08
 2.14253E-08
 1.93834E-08
 1.76122E-08
 1.60659E-08
 1.47085E-08
 1.35115E-08
 1.24520E-08
 1.15115E-08
 1.06749E-08
 9.92991E-09
 9.26629E-09
 8.67564E-09
 8.15093E-09
 7.68627E-09
 7.27672E-09
 6.91814E-09
 6.60706E-09
 6.34057E-09
 6.11626E-09
 5.93217E-09
 5.78671E-09
 5.67865E-09
 5.60710E-09
 5.57148E-09
 1.92891E-07
 1.75728E-07
 1.55340E-07
 1.35896E-07
 1.17679E-07
 1.01310E-07
 8.70881E-08
 7.49975E-08
 6.48458E-08
 5.63705E-08
 4.93005E-08
 4.33871E-08
 3.84170E-08
 3.42137E-08
 3.06346E-08
 2.75658E-08
 2.49165E-08
 2.26149E-08
 2.06035E-08
 1.88366E-08
 1.72775E-08
 1.58964E-08
 1.46692E-08
 1.35764E-08
 1.26015E-08
 1.17313E-08
 1.09547E-08
 1.02622E-08
 9.64613E-09
 9.09990E-09
 8.61795E-09
 8.19561E-09
 7.82893E-09
 7.51462E-09
 7.24993E-09
 7.03261E-09
 6.86083E-09
 6.73320E-09
 6.64867E-09
 6.60658E-09
 1.65074E-07
 1.55294E-07
 1.42171E-07
 1.28007E-07
 1.13838E-07
 1.00454E-07
 8.83064E-08
 7.75661E-08
 6.82267E-08
 6.01835E-08
 5.32882E-08
 4.73827E-08
 4.23167E-08
 3.79568E-08
 3.41885E-08
 3.09160E-08
 2.80602E-08
 2.55560E-08
 2.33503E-08
 2.13997E-08
 1.96684E-08
 1.81273E-08
 1.67522E-08
 1.55231E-08
 1.44234E-08
 1.34392E-08
 1.25588E-08
 1.17723E-08
 1.10715E-08
 1.04492E-08
 9.89957E-09
 9.41740E-09
 8.99844E-09
 8.63906E-09
 8.33624E-09
 8.08749E-09
 7.89081E-09
 7.74463E-09
 7.64781E-09
 7.59958E-09
 1.45102E-07
 1.39456E-07
 1.30652E-07
 1.20230E-07
 1.09224E-07
 9.83643E-08
 8.81172E-08
 7.87337E-08
 7.03113E-08
 6.28484E-08
 5.62863E-08
 5.05387E-08
 4.55105E-08
 4.11083E-08
 3.72466E-08
 3.38496E-08
 3.08522E-08
 2.81986E-08
 2.58421E-08
 2.37433E-08
 2.18692E-08
 2.01922E-08
 1.86891E-08
 1.73405E-08
 1.61299E-08
 1.50433E-08
 1.40690E-08
 1.31969E-08
 1.24183E-08
 1.17260E-08
 1.11137E-08
 1.05760E-08
 1.01084E-08
 9.70693E-09
 9.36848E-09
 9.09032E-09
 8.87029E-09
 8.70671E-09
 8.59834E-09
 8.54436E-09
 1.30532E-07
 1.26957E-07
 1.20808E-07
 1.13048E-07
 1.04464E-07
 9.56618E-08
 8.70643E-08
 7.89403E-08
 7.14366E-08
 6.46125E-08
 5.84698E-08
 5.29754E-08
 4.80781E-08
 4.37193E-08
 3.98398E-08
 3.63838E-08
 3.33003E-08
 3.05442E-08
 2.80762E-08
 2.58622E-08
 2.38728E-08
 2.20832E-08
 2.04716E-08
 1.90199E-08
 1.77123E-08
 1.65352E-08
 1.54770E-08
 1.45278E-08
 1.36789E-08
 1.29228E-08
 1.22532E-08
 1.16645E-08
 1.11521E-08
 1.07118E-08
 1.03404E-08
 1.00350E-08
 9.79332E-09
 9.61359E-09
 9.49449E-09
 9.43516E-09
 1.19513E-07
 1.17051E-07
 1.12582E-07
 1.06688E-07
 9.99238E-08
 9.27544E-08
 8.55379E-08
 7.85266E-08
 7.18822E-08
 6.56953E-08
 6.00050E-08
 5.48151E-08
 5.01073E-08
 4.58510E-08
 4.20097E-08
 3.85454E-08
 3.54210E-08
 3.26018E-08
 3.00563E-08
 2.77564E-08
 2.56769E-08
 2.37959E-08
 2.20943E-08
 2.05553E-08
 1.91641E-08
 1.79081E-08
 1.67761E-08
 1.57584E-08
 1.48465E-08
 1.40331E-08
 1.33117E-08
 1.26768E-08
 1.21236E-08
 1.16479E-08
 1.12463E-08
 1.09160E-08
 1.06544E-08
 1.04598E-08
 1.03309E-08
 1.02666E-08
 1.10956E-07
 1.09152E-07
 1.05781E-07
 1.01200E-07
 9.57882E-08
 8.98942E-08
 8.38064E-08
 7.77459E-08
 7.18701E-08
 6.62816E-08
 6.10399E-08
 5.61725E-08
 5.16849E-08
 4.75676E-08
 4.38026E-08
 4.03671E-08
 3.72364E-08
 3.43857E-08
 3.17910E-08
 2.94300E-08
 2.72824E-08
 2.53294E-08
 2.35545E-08
 2.19427E-08
 2.04808E-08
 1.91570E-08
 1.79609E-08
 1.68832E-08
 1.59158E-08
 1.50514E-08
 1.42838E-08
 1.36074E-08
 1.30175E-08
 1.25099E-08
 1.20811E-08
 1.17281E-08
 1.14485E-08
 1.12405E-08
 1.11026E-08
 1.10338E-08
 1.04203E-07
 1.02819E-07
 1.00190E-07
 9.65415E-08
 9.21351E-08
 8.72279E-08
 8.20475E-08
 7.67807E-08
 7.15708E-08
 6.65211E-08
 6.17004E-08
 5.71504E-08
 5.28921E-08
 4.89320E-08
 4.52661E-08
 4.18841E-08
 3.87720E-08
 3.59135E-08
 3.32919E-08
 3.08904E-08
 2.86931E-08
 2.66848E-08
 2.48515E-08
 2.31803E-08
 2.16594E-08
 2.02783E-08
 1.90273E-08
 1.78977E-08
 1.68819E-08
 1.59729E-08
 1.51646E-08
 1.44516E-08
 1.38292E-08
 1.32931E-08
 1.28400E-08
 1.24668E-08
 1.21711E-08
 1.19510E-08
 1.18050E-08
 1.17323E-08
 9.88331E-08
 9.77330E-08
 9.56190E-08
 9.26411E-08
 8.89828E-08
 8.48347E-08
 8.03750E-08
 7.57584E-08
 7.11114E-08
 6.65315E-08
 6.20901E-08
 5.78364E-08
 5.38013E-08
 5.00020E-08
 4.64455E-08
 4.31313E-08
 4.00538E-08
 3.72044E-08
 3.45726E-08
 3.21467E-08
 2.99149E-08
 2.78652E-08
 2.59864E-08
 2.42675E-08
 2.26983E-08
 2.12694E-08
 1.99722E-08
 1.87985E-08
 1.77413E-08
 1.67938E-08
 1.59502E-08
 1.52053E-08
 1.45544E-08
 1.39934E-08
 1.35190E-08
 1.31280E-08
 1.28181E-08
 1.25873E-08
 1.24343E-08
 1.23580E-08
 9.45634E-08
 9.36603E-08
 9.19116E-08
 8.94210E-08
 8.63204E-08
 8.27531E-08
 7.88593E-08
 7.47667E-08
 7.05849E-08
 6.64034E-08
 6.22923E-08
 5.83037E-08
 5.44746E-08
 5.08294E-08
 4.73827E-08
 4.41416E-08
 4.11075E-08
 3.82779E-08
 3.56474E-08
 3.32090E-08
 3.09544E-08
 2.88749E-08
 2.69613E-08
 2.52049E-08
 2.35969E-08
 2.21290E-08
 2.07935E-08
 1.95830E-08
 1.84908E-08
 1.75107E-08
 1.66371E-08
 1.58649E-08
 1.51896E-08
 1.46073E-08
 1.41144E-08
 1.37081E-08
 1.33859E-08
 1.31460E-08
 1.29868E-08
 1.29075E-08
 9.11968E-08
 9.04332E-08
 8.89463E-08
 8.68108E-08
 8.41247E-08
 8.09979E-08
 7.75425E-08
 7.38642E-08
 7.00579E-08
 6.62050E-08
 6.23720E-08
 5.86116E-08
 5.49640E-08
 5.14583E-08
 4.81144E-08
 4.49449E-08
 4.19567E-08
 3.91521E-08
 3.65301E-08
 3.40874E-08
 3.18189E-08
 2.97185E-08
 2.77792E-08
 2.59939E-08
 2.43553E-08
 2.28562E-08
 2.14897E-08
 2.02491E-08
 1.91282E-08
 1.81211E-08
 1.72226E-08
 1.64276E-08
 1.57319E-08
 1.51316E-08
 1.46233E-08
 1.42041E-08
 1.38716E-08
 1.36239E-08
 1.34595E-08
 1.33776E-08
 8.85940E-08
 8.79292E-08
 8.66296E-08
 8.47512E-08
 8.23695E-08
 7.95715E-08
 7.64484E-08
 7.30896E-08
 6.95778E-08
 6.59866E-08
 6.23790E-08
 5.88068E-08
 5.53116E-08
 5.19253E-08
 4.86716E-08
 4.55670E-08
 4.26223E-08
 3.98437E-08
 3.72336E-08
 3.47917E-08
 3.25154E-08
 3.04009E-08
 2.84430E-08
 2.66362E-08
 2.49742E-08
 2.34509E-08
 2.20601E-08
 2.07956E-08
 1.96518E-08
 1.86231E-08
 1.77044E-08
 1.68911E-08
 1.61789E-08
 1.55640E-08
 1.50431E-08
 1.46134E-08
 1.42724E-08
 1.40184E-08
 1.38498E-08
 1.37658E-08
 8.66559E-08
 8.60600E-08
 8.48916E-08
 8.31950E-08
 8.10307E-08
 7.84702E-08
 7.55902E-08
 7.24679E-08
 6.91770E-08
 6.57847E-08
 6.23504E-08
 5.89250E-08
 5.55503E-08
 5.22598E-08
 4.90797E-08
 4.60291E-08
 4.31219E-08
 4.03668E-08
 3.77690E-08
 3.53302E-08
 3.30502E-08
 3.09266E-08
 2.89559E-08
 2.71336E-08
 2.54544E-08
 2.39131E-08
 2.25040E-08
 2.12215E-08
 2.00602E-08
 1.90150E-08
 1.80809E-08
 1.72535E-08
 1.65285E-08
 1.59023E-08
 1.53717E-08
 1.49339E-08
 1.45864E-08
 1.43274E-08
 1.41556E-08
 1.40699E-08
 8.53138E-08
 8.47634E-08
 8.36819E-08
 8.21065E-08
 8.00881E-08
 7.76884E-08
 7.49743E-08
 7.20150E-08
 6.88775E-08
 6.56246E-08
 6.23132E-08
 5.89925E-08
 5.57047E-08
 5.24840E-08
 4.93581E-08
 4.63480E-08
 4.34693E-08
 4.07327E-08
 3.81451E-08
 3.57101E-08
 3.34286E-08
 3.12995E-08
 2.93204E-08
 2.74877E-08
 2.57969E-08
 2.42431E-08
 2.28213E-08
 2.15262E-08
 2.03527E-08
 1.92958E-08
 1.83508E-08
 1.75133E-08
 1.67793E-08
 1.61451E-08
 1.56076E-08
 1.51640E-08
 1.48118E-08
 1.45494E-08
 1.43752E-08
 1.42883E-08
 8.45220E-08
 8.39977E-08
 8.29663E-08
 8.14607E-08
 7.95270E-08
 7.72207E-08
 7.46038E-08
 7.17402E-08
 6.86933E-08
 6.55233E-08
 6.22850E-08
 5.90273E-08
 5.57918E-08
 5.26135E-08
 4.95207E-08
 4.65355E-08
 4.36745E-08
 4.09497E-08
 3.83688E-08
 3.59364E-08
 3.36544E-08
 3.15224E-08
 2.95386E-08
 2.76999E-08
 2.60023E-08
 2.44412E-08
 2.30119E-08
 2.17093E-08
 2.05285E-08
 1.94646E-08
 1.85131E-08
 1.76697E-08
 1.69303E-08
 1.62913E-08
 1.57497E-08
 1.53025E-08
 1.49476E-08
 1.46830E-08
 1.45074E-08
 1.44199E-08
 8.42545E-08
 8.37392E-08
 8.27249E-08
 8.12432E-08
 7.93383E-08
 7.70639E-08
 7.44798E-08
 7.16486E-08
 6.86323E-08
 6.54902E-08
 6.22765E-08
 5.90397E-08
 5.58217E-08
 5.26576E-08
 4.95757E-08
 4.65988E-08
 4.37437E-08
 4.10226E-08
 3.84439E-08
 3.60124E-08
 3.37302E-08
 3.15972E-08
 2.96118E-08
 2.77710E-08
 2.60711E-08
 2.45075E-08
 2.30757E-08
 2.17706E-08
 2.05873E-08
 1.95212E-08
 1.85675E-08
 1.77220E-08
 1.69808E-08
 1.63402E-08
 1.57972E-08
 1.53489E-08
 1.49930E-08
 1.47277E-08
 1.45517E-08
 1.44639E-08
 8.45023E-08
 8.39795E-08
 8.29509E-08
 8.14489E-08
 7.95191E-08
 7.72167E-08
 7.46030E-08
 7.17421E-08
 6.86973E-08
 6.55285E-08
 6.22910E-08
 5.90334E-08
 5.57978E-08
 5.26192E-08
 4.95259E-08
 4.65402E-08
 4.36787E-08
 4.09533E-08
 3.83719E-08
 3.59391E-08
 3.36567E-08
 3.15244E-08
 2.95403E-08
 2.77013E-08
 2.60035E-08
 2.44422E-08
 2.30127E-08
 2.17100E-08
 2.05291E-08
 1.94652E-08
 1.85136E-08
 1.76701E-08
 1.69306E-08
 1.62916E-08
 1.57499E-08
 1.53028E-08
 1.49478E-08
 1.46832E-08
 1.45076E-08
 1.44201E-08
 8.52729E-08
 8.47258E-08
 8.36503E-08
 8.20825E-08
 8.00725E-08
 7.76807E-08
 7.49735E-08
 7.20196E-08
 6.88860E-08
 6.56357E-08
 6.23255E-08
 5.90051E-08
 5.57169E-08
 5.24955E-08
 4.93686E-08
 4.63574E-08
 4.34776E-08
 4.07399E-08
 3.81513E-08
 3.57154E-08
 3.34331E-08
 3.13034E-08
 2.93237E-08
 2.74905E-08
 2.57992E-08
 2.42451E-08
 2.28230E-08
 2.15276E-08
 2.03539E-08
 1.92968E-08
 1.83517E-08
 1.75141E-08
 1.67800E-08
 1.61458E-08
 1.56082E-08
 1.51644E-08
 1.48123E-08
 1.45498E-08
 1.43756E-08
 1.42887E-08
 8.65907E-08
 8.60004E-08
 8.48421E-08
 8.31583E-08
 8.10077E-08
 7.84600E-08
 7.55908E-08
 7.24768E-08
 6.91916E-08
 6.58027E-08
 6.23701E-08
 5.89448E-08
 5.55692E-08
 5.22774E-08
 4.90956E-08
 4.60432E-08
 4.31342E-08
 4.03775E-08
 3.77781E-08
 3.53381E-08
 3.30569E-08
 3.09323E-08
 2.89607E-08
 2.71376E-08
 2.54579E-08
 2.39161E-08
 2.25065E-08
 2.12236E-08
 2.00621E-08
 1.90166E-08
 1.80823E-08
 1.72546E-08
 1.65295E-08
 1.59032E-08
 1.53725E-08
 1.49346E-08
 1.45870E-08
 1.43280E-08
 1.41561E-08
 1.40704E-08
 8.84987E-08
 8.78429E-08
 8.65593E-08
 8.47009E-08
 8.23399E-08
 7.95607E-08
 7.64529E-08
 7.31053E-08
 6.96008E-08
 6.60136E-08
 6.24073E-08
 5.88347E-08
 5.53378E-08
 5.19493E-08
 4.86930E-08
 4.55858E-08
 4.26386E-08
 3.98577E-08
 3.72456E-08
 3.48019E-08
 3.25241E-08
 3.04082E-08
 2.84493E-08
 2.66414E-08
 2.49787E-08
 2.34547E-08
 2.20633E-08
 2.07984E-08
 1.96541E-08
 1.86251E-08
 1.77061E-08
 1.68926E-08
 1.61802E-08
 1.55651E-08
 1.50441E-08
 1.46143E-08
 1.42733E-08
 1.40192E-08
 1.38506E-08
 1.37665E-08
 9.10626E-08
 9.03132E-08
 8.88514E-08
 8.67462E-08
 8.40904E-08
 8.09900E-08
 7.75549E-08
 7.38906E-08
 7.00927E-08
 6.62434E-08
 6.24108E-08
 5.86488E-08
 5.49982E-08
 5.14889E-08
 4.81413E-08
 4.49682E-08
 4.19767E-08
 3.91692E-08
 3.65447E-08
 3.40998E-08
 3.18294E-08
 2.97273E-08
 2.77866E-08
 2.60002E-08
 2.43606E-08
 2.28608E-08
 2.14936E-08
 2.02524E-08
 1.91310E-08
 1.81236E-08
 1.72246E-08
 1.64294E-08
 1.57335E-08
 1.51330E-08
 1.46245E-08
 1.42052E-08
 1.38726E-08
 1.36248E-08
 1.34604E-08
 1.33785E-08
 9.43759E-08
 9.34959E-08
 9.17868E-08
 8.93422E-08
 8.62854E-08
 8.27540E-08
 7.88861E-08
 7.48096E-08
 7.06359E-08
 6.64567E-08
 6.23439E-08
 5.83514E-08
 5.45173E-08
 5.08668E-08
 4.74150E-08
 4.41692E-08
 4.11309E-08
 3.82977E-08
 3.56641E-08
 3.32231E-08
 3.09663E-08
 2.88849E-08
 2.69698E-08
 2.52120E-08
 2.36029E-08
 2.21342E-08
 2.07979E-08
 1.95867E-08
 1.84940E-08
 1.75134E-08
 1.66395E-08
 1.58669E-08
 1.51914E-08
 1.46088E-08
 1.41158E-08
 1.37094E-08
 1.33871E-08
 1.31471E-08
 1.29878E-08
 1.29085E-08
 9.85691E-08
 9.75078E-08
 9.54577E-08
 9.25503E-08
 8.89550E-08
 8.48545E-08
 8.04259E-08
 7.58259E-08
 7.11846E-08
 6.66034E-08
 6.21567E-08
 5.78956E-08
 5.38528E-08
 5.00461E-08
 4.64828E-08
 4.31626E-08
 4.00801E-08
 3.72265E-08
 3.45911E-08
 3.21622E-08
 2.99279E-08
 2.78762E-08
 2.59956E-08
 2.42753E-08
 2.27049E-08
 2.12751E-08
 1.99770E-08
 1.88026E-08
 1.77447E-08
 1.67968E-08
 1.59528E-08
 1.52075E-08
 1.45563E-08
 1.39951E-08
 1.35205E-08
 1.31294E-08
 1.28194E-08
 1.25885E-08
 1.24354E-08
 1.23591E-08
 1.03824E-07
 1.02509E-07
 9.99857E-08
 9.64465E-08
 9.21296E-08
 8.72833E-08
 8.21369E-08
 7.68834E-08
 7.16733E-08
 6.66157E-08
 6.17837E-08
 5.72217E-08
 5.29521E-08
 4.89819E-08
 4.53074E-08
 4.19183E-08
 3.88003E-08
 3.59370E-08
 3.33115E-08
 3.09068E-08
 2.87068E-08
 2.66963E-08
 2.48612E-08
 2.31885E-08
 2.16664E-08
 2.02842E-08
 1.90323E-08
 1.79020E-08
 1.68856E-08
 1.59761E-08
 1.51674E-08
 1.44540E-08
 1.38312E-08
 1.32949E-08
 1.28416E-08
 1.24683E-08
 1.21724E-08
 1.19522E-08
 1.18062E-08
 1.17335E-08
 1.10393E-07
 1.08717E-07
 1.05530E-07
 1.01120E-07
 9.58336E-08
 9.00123E-08
 8.39551E-08
 7.78976E-08
 7.20095E-08
 6.64023E-08
 6.11408E-08
 5.62553E-08
 5.17521E-08
 4.76220E-08
 4.38467E-08
 4.04030E-08
 3.72658E-08
 3.44098E-08
 3.18110E-08
 2.94467E-08
 2.72963E-08
 2.53411E-08
 2.35644E-08
 2.19511E-08
 2.04879E-08
 1.91631E-08
 1.79661E-08
 1.68876E-08
 1.59196E-08
 1.50547E-08
 1.42866E-08
 1.36099E-08
 1.30197E-08
 1.25118E-08
 1.20828E-08
 1.17296E-08
 1.14499E-08
 1.12418E-08
 1.11038E-08
 1.10350E-08
 1.18640E-07
 1.16436E-07
 1.12297E-07
 1.06672E-07
 1.00072E-07
 9.29771E-08
 8.57736E-08
 7.87423E-08
 7.20648E-08
 6.58433E-08
 6.01220E-08
 5.49067E-08
 5.01789E-08
 4.59073E-08
 4.20544E-08
 3.85812E-08
 3.54500E-08
 3.26256E-08
 3.00760E-08
 2.77727E-08
 2.56906E-08
 2.38075E-08
 2.21041E-08
 2.05636E-08
 1.91712E-08
 1.79141E-08
 1.67813E-08
 1.57628E-08
 1.48503E-08
 1.40364E-08
 1.33146E-08
 1.26793E-08
 1.21257E-08
 1.16498E-08
 1.12480E-08
 1.09175E-08
 1.06558E-08
 1.04611E-08
 1.03321E-08
 1.02678E-08
 1.29089E-07
 1.26091E-07
 1.20550E-07
 1.13196E-07
 1.04807E-07
 9.60502E-08
 8.74198E-08
 7.92332E-08
 7.16641E-08
 6.47840E-08
 5.85974E-08
 5.30704E-08
 4.81495E-08
 4.37739E-08
 3.98823E-08
 3.64175E-08
 3.33275E-08
 3.05665E-08
 2.80946E-08
 2.58776E-08
 2.38858E-08
 2.20941E-08
 2.04810E-08
 1.90279E-08
 1.77191E-08
 1.65410E-08
 1.54820E-08
 1.45321E-08
 1.36825E-08
 1.29260E-08
 1.22559E-08
 1.16669E-08
 1.11542E-08
 1.07137E-08
 1.03421E-08
 1.00365E-08
 9.79470E-09
 9.61488E-09
 9.49572E-09
 9.43636E-09
 1.42537E-07
 1.38288E-07
 1.30617E-07
 1.20757E-07
 1.09908E-07
 9.89971E-08
 8.86225E-08
 7.91064E-08
 7.05747E-08
 6.30311E-08
 5.64130E-08
 5.06280E-08
 4.55750E-08
 4.11563E-08
 3.72835E-08
 3.38789E-08
 3.08759E-08
 2.82182E-08
 2.58585E-08
 2.37571E-08
 2.18809E-08
 2.02022E-08
 1.86977E-08
 1.73479E-08
 1.61362E-08
 1.50488E-08
 1.40737E-08
 1.32009E-08
 1.24218E-08
 1.17290E-08
 1.11163E-08
 1.05783E-08
 1.01104E-08
 9.70872E-09
 9.37007E-09
 9.09176E-09
 8.87162E-09
 8.70795E-09
 8.59952E-09
 8.54551E-09
 1.60234E-07
 1.53907E-07
 1.42872E-07
 1.29306E-07
 1.15072E-07
 1.01407E-07
 8.89665E-08
 7.79954E-08
 6.84970E-08
 6.03526E-08
 5.33958E-08
 4.74537E-08
 4.23660E-08
 3.79930E-08
 3.42166E-08
 3.09387E-08
 2.80790E-08
 2.55720E-08
 2.33640E-08
 2.14115E-08
 1.96786E-08
 1.81362E-08
 1.67599E-08
 1.55298E-08
 1.44292E-08
 1.34442E-08
 1.25631E-08
 1.17761E-08
 1.10747E-08
 1.04521E-08
 9.90202E-09
 9.41954E-09
 9.00032E-09
 8.64072E-09
 8.33773E-09
 8.08884E-09
 7.89205E-09
 7.74579E-09
 7.64891E-09
 7.60066E-09
 1.84259E-07
 1.74234E-07
 1.57659E-07
 1.38523E-07
 1.19667E-07
 1.02594E-07
 8.78409E-08
 7.54117E-08
 6.50655E-08
 5.64864E-08
 4.93638E-08
 4.34248E-08
 3.84424E-08
 3.42332E-08
 3.06510E-08
 2.75802E-08
 2.49296E-08
 2.26267E-08
 2.06141E-08
 1.88461E-08
 1.72859E-08
 1.59039E-08
 1.46758E-08
 1.35821E-08
 1.26066E-08
 1.17357E-08
 1.09585E-08
 1.02655E-08
 9.64903E-09
 9.10242E-09
 8.62015E-09
 8.19753E-09
 7.83063E-09
 7.51613E-09
 7.25128E-09
 7.03382E-09
 6.86195E-09
 6.73424E-09
 6.64967E-09
 6.60755E-09
 2.18307E-07
 2.01112E-07
 1.75008E-07
 1.47458E-07
 1.22481E-07
 1.01459E-07
 8.43919E-08
 7.07449E-08
 5.98668E-08
 5.11638E-08
 4.41483E-08
 3.84394E-08
 3.37456E-08
 2.98463E-08
 2.65740E-08
 2.38017E-08
 2.14323E-08
 1.93910E-08
 1.76197E-08
 1.60730E-08
 1.47151E-08
 1.35176E-08
 1.24575E-08
 1.15163E-08
 1.06792E-08
 9.93364E-09
 9.26956E-09
 8.67850E-09
 8.15343E-09
 7.68845E-09
 7.27863E-09
 6.91982E-09
 6.60853E-09
 6.34188E-09
 6.11743E-09
 5.93323E-09
 5.78768E-09
 5.67957E-09
 5.60798E-09
 5.57233E-09
 2.69552E-07
 2.36898E-07
 1.93803E-07
 1.53820E-07
 1.21341E-07
 9.63681E-08
 7.75231E-08
 6.33090E-08
 5.24932E-08
 4.41536E-08
 3.76262E-08
 3.24387E-08
 2.82545E-08
 2.48323E-08
 2.19970E-08
 1.96204E-08
 1.76070E-08
 1.58853E-08
 1.44006E-08
 1.31111E-08
 1.19840E-08
 1.09938E-08
 1.01201E-08
 9.34661E-09
 8.66018E-09
 8.05011E-09
 7.50762E-09
 7.02550E-09
 6.59773E-09
 6.21932E-09
 5.88609E-09
 5.59457E-09
 5.34182E-09
 5.12542E-09
 4.94335E-09
 4.79398E-09
 4.67599E-09
 4.58836E-09
 4.53034E-09
 4.50146E-09
 3.53450E-07
 2.83125E-07
 2.09487E-07
 1.52676E-07
 1.12695E-07
 8.51497E-08
 6.60234E-08
 5.24751E-08
 4.26433E-08
 3.53311E-08
 2.97644E-08
 2.54347E-08
 2.20014E-08
 1.92313E-08
 1.69614E-08
 1.50757E-08
 1.34901E-08
 1.21425E-08
 1.09864E-08
 9.98664E-09
 9.11605E-09
 8.35355E-09
 7.68253E-09
 7.08982E-09
 6.56482E-09
 6.09898E-09
 5.68533E-09
 5.31813E-09
 4.99267E-09
 4.70500E-09
 4.45187E-09
 4.23054E-09
 4.03876E-09
 3.87462E-09
 3.73657E-09
 3.62335E-09
 3.53393E-09
 3.46753E-09
 3.42358E-09
 3.40170E-09
 5.07674E-07
 3.32666E-07
 2.08343E-07
 1.34705E-07
 9.16120E-08
 6.55126E-08
 4.89458E-08
 3.79244E-08
 3.02739E-08
 2.47631E-08
 2.06655E-08
 1.75344E-08
 1.50852E-08
 1.31301E-08
 1.15416E-08
 1.02310E-08
 9.13515E-09
 8.20810E-09
 7.41591E-09
 6.73303E-09
 6.14001E-09
 5.62180E-09
 5.16666E-09
 4.76530E-09
 4.41030E-09
 4.09567E-09
 3.81658E-09
 3.56905E-09
 3.34980E-09
 3.15615E-09
 2.98583E-09
 2.83698E-09
 2.70804E-09
 2.59773E-09
 2.50497E-09
 2.42891E-09
 2.36886E-09
 2.32426E-09
 2.29475E-09
 2.28005E-09
 8.36908E-07
 3.31522E-07
 1.56513E-07
 8.61884E-08
 5.35358E-08
 3.63428E-08
 2.63229E-08
 2.00030E-08
 1.57647E-08
 1.27819E-08
 1.05999E-08
 8.95233E-09
 7.67494E-09
 6.66222E-09
 5.84384E-09
 5.17156E-09
 4.61140E-09
 4.13890E-09
 3.73609E-09
 3.38957E-09
 3.08914E-09
 2.82699E-09
 2.59702E-09
 2.39443E-09
 2.21539E-09
 2.05683E-09
 1.91627E-09
 1.79167E-09
 1.68136E-09
 1.58396E-09
 1.49832E-09
 1.42350E-09
 1.35871E-09
 1.30328E-09
 1.25668E-09
 1.21848E-09
 1.18831E-09
 1.16592E-09
 1.15110E-09
 1.14372E-09
 8.35767E-07
 0.00000E+00
 0.00000E+00
 0.00000E+00
 0.00000E+00
 0.00000E+00
 0.00000E+00
 0.00000E+00
 0.00000E+00
 0.00000E+00
 0.00000E+00
 0.00000E+00
 0.00000E+00
 0.00000E+00
 0.00000E+00
 0.00000E+00
 0.00000E+00
 0.00000E+00
 0.00000E+00
 0.00000E+00
 0.00000E+00
 0.00000E+00
 0.00000E+00
 0.00000E+00
 0.00000E+00
 0.00000E+00
 0.00000E+00
 0.00000E+00
 0.00000E+00
 0.00000E+00
 0.00000E+00
 0.00000E+00
 0.00000E+00
 0.00000E+00
 0.00000E+00
 0.00000E+00
 0.00000E+00
 0.00000E+00
 0.00000E+00
 0.00000E+00
