 4.17535E-17
 8.54499E-17
 8.52249E-17
 8.97821E-17
 1.42056E-10
 2.54437E-01
 4.84297E-01
 4.98303E-01
 4.99785E-01
 4.99909E-01
 4.99919E-01
 4.99920E-01
 4.99922E-01
 4.99923E-01
 4.99924E-01
 4.99925E-01
 4.99926E-01
 4.99926E-01
 4.99927E-01
 4.99928E-01
 4.99928E-01
 4.99929E-01
 4.99929E-01
 4.99930E-01
 4.99930E-01
 4.99930E-01
 4.99931E-01
 4.99931E-01
 4.99931E-01
 4.99931E-01
 4.99932E-01
 4.99932E-01
 4.99932E-01
 4.99932E-01
 4.99932E-01
 4.99932E-01
 4.99932E-01
 4.99932E-01
 4.99932E-01
 4.99932E-01
 8.22155E-17
 9.18089E-17
 7.53780E-17
 8.85683E-17
 2.32496E-05
 4.24551E-01
 4.94679E-01
 4.99449E-01
 4.99882E-01
 4.99915E-01
 4.99919E-01
 4.99921E-01
 4.99922E-01
 4.99923E-01
 4.99924E-01
 4.99925E-01
 4.99926E-01
 4.99926E-01
 4.99927E-01
 4.99928E-01
 4.99928E-01
 4.99929E-01
 4.99929E-01
 4.99930E-01
 4.99930E-01
 4.99930E-01
 4.99931E-01
 4.99931E-01
 4.99931E-01
 4.99931E-01
 4.99932E-01
 4.99932E-01
 4.99932E-01
 4.99932E-01
 4.99932E-01
 4.99932E-01
 4.99932E-01
 4.99932E-01
 4.99932E-01
 4.99932E-01
 7.87842E-17
 9.09890E-17
 7.70921E-17
 2.86728E-10
 3.13868E-01
 4.88311E-01
 4.98798E-01
 4.99825E-01
 4.99910E-01
 4.99918E-01
 4.99919E-01
 4.99921E-01
 4.99922E-01
 4.99923E-01
 4.99924E-01
 4.99925E-01
 4.99926E-01
 4.99927E-01
 4.99927E-01
 4.99928E-01
 4.99928E-01
 4.99929E-01
 4.99929E-01
 4.99930E-01
 4.99930E-01
 4.99930E-01
 4.99931E-01
 4.99931E-01
 4.99931E-01
 4.99931E-01
 4.99932E-01
 4.99932E-01
 4.99932E-01
 4.99932E-01
 4.99932E-01
 4.99932E-01
 4.99932E-01
 4.99932E-01
 4.99932E-01
 4.99932E-01
 8.64271E-17
 8.48656E-17
 1.37808E-10
 2.29307E-01
 4.83256E-01
 4.98092E-01
 4.99750E-01
 4.99903E-01
 4.99916E-01
 4.99919E-01
 4.99920E-01
 4.99921E-01
 4.99922E-01
 4.99924E-01
 4.99924E-01
 4.99925E-01
 4.99926E-01
 4.99927E-01
 4.99927E-01
 4.99928E-01
 4.99929E-01
 4.99929E-01
 4.99929E-01
 4.99930E-01
 4.99930E-01
 4.99931E-01
 4.99931E-01
 4.99931E-01
 4.99931E-01
 4.99932E-01
 4.99932E-01
 4.99932E-01
 4.99932E-01
 4.99932E-01
 4.99932E-01
 4.99932E-01
 4.99932E-01
 4.99932E-01
 4.99933E-01
 4.99933E-01
 1.23785E-11
 3.37403E-06
 2.89367E-01
 4.82558E-01
 4.97717E-01
 4.99688E-01
 4.99896E-01
 4.99915E-01
 4.99918E-01
 4.99919E-01
 4.99921E-01
 4.99922E-01
 4.99923E-01
 4.99924E-01
 4.99925E-01
 4.99926E-01
 4.99926E-01
 4.99927E-01
 4.99928E-01
 4.99928E-01
 4.99929E-01
 4.99929E-01
 4.99930E-01
 4.99930E-01
 4.99930E-01
 4.99931E-01
 4.99931E-01
 4.99931E-01
 4.99931E-01
 4.99932E-01
 4.99932E-01
 4.99932E-01
 4.99932E-01
 4.99932E-01
 4.99932E-01
 4.99932E-01
 4.99933E-01
 4.99933E-01
 4.99933E-01
 4.99933E-01
 1.97286E-01
 4.03700E-01
 4.86642E-01
 4.97905E-01
 4.99675E-01
 4.99892E-01
 4.99914E-01
 4.99917E-01
 4.99919E-01
 4.99920E-01
 4.99921E-01
 4.99922E-01
 4.99923E-01
 4.99924E-01
 4.99925E-01
 4.99926E-01
 4.99927E-01
 4.99927E-01
 4.99928E-01
 4.99928E-01
 4.99929E-01
 4.99929E-01
 4.99930E-01
 4.99930E-01
 4.99930E-01
 4.99931E-01
 4.99931E-01
 4.99931E-01
 4.99932E-01
 4.99932E-01
 4.99932E-01
 4.99932E-01
 4.99932E-01
 4.99932E-01
 4.99932E-01
 4.99933E-01
 4.99933E-01
 4.99933E-01
 4.99933E-01
 4.99933E-01
 4.80979E-01
 4.93160E-01
 4.98545E-01
 4.99719E-01
 4.99894E-01
 4.99914E-01
 4.99917E-01
 4.99919E-01
 4.99920E-01
 4.99921E-01
 4.99922E-01
 4.99923E-01
 4.99924E-01
 4.99925E-01
 4.99926E-01
 4.99926E-01
 4.99927E-01
 4.99928E-01
 4.99928E-01
 4.99929E-01
 4.99929E-01
 4.99930E-01
 4.99930E-01
 4.99930E-01
 4.99931E-01
 4.99931E-01
 4.99931E-01
 4.99931E-01
 4.99932E-01
 4.99932E-01
 4.99932E-01
 4.99932E-01
 4.99932E-01
 4.99932E-01
 4.99933E-01
 4.99933E-01
 4.99933E-01
 4.99933E-01
 4.99933E-01
 4.99933E-01
 4.97714E-01
 4.99271E-01
 4.99794E-01
 4.99900E-01
 4.99915E-01
 4.99918E-01
 4.99919E-01
 4.99920E-01
 4.99921E-01
 4.99922E-01
 4.99923E-01
 4.99924E-01
 4.99925E-01
 4.99926E-01
 4.99926E-01
 4.99927E-01
 4.99928E-01
 4.99928E-01
 4.99929E-01
 4.99929E-01
 4.99929E-01
 4.99930E-01
 4.99930E-01
 4.99931E-01
 4.99931E-01
 4.99931E-01
 4.99931E-01
 4.99932E-01
 4.99932E-01
 4.99932E-01
 4.99932E-01
 4.99932E-01
 4.99932E-01
 4.99933E-01
 4.99933E-01
 4.99933E-01
 4.99933E-01
 4.99933E-01
 4.99933E-01
 4.99933E-01
 4.99712E-01
 4.99863E-01
 4.99908E-01
 4.99917E-01
 4.99918E-01
 4.99919E-01
 4.99920E-01
 4.99921E-01
 4.99922E-01
 4.99923E-01
 4.99924E-01
 4.99925E-01
 4.99925E-01
 4.99926E-01
 4.99927E-01
 4.99927E-01
 4.99928E-01
 4.99929E-01
 4.99929E-01
 4.99929E-01
 4.99930E-01
 4.99930E-01
 4.99931E-01
 4.99931E-01
 4.99931E-01
 4.99931E-01
 4.99932E-01
 4.99932E-01
 4.99932E-01
 4.99932E-01
 4.99932E-01
 4.99933E-01
 4.99933E-01
 4.99933E-01
 4.99933E-01
 4.99933E-01
 4.99933E-01
 4.99933E-01
 4.99933E-01
 4.99933E-01
 4.99903E-01
 4.99915E-01
 4.99918E-01
 4.99919E-01
 4.99920E-01
 4.99921E-01
 4.99922E-01
 4.99923E-01
 4.99923E-01
 4.99924E-01
 4.99925E-01
 4.99926E-01
 4.99926E-01
 4.99927E-01
 4.99927E-01
 4.99928E-01
 4.99928E-01
 4.99929E-01
 4.99929E-01
 4.99930E-01
 4.99930E-01
 4.99931E-01
 4.99931E-01
 4.99931E-01
 4.99931E-01
 4.99932E-01
 4.99932E-01
 4.99932E-01
 4.99932E-01
 4.99932E-01
 4.99933E-01
 4.99933E-01
 4.99933E-01
 4.99933E-01
 4.99933E-01
 4.99933E-01
 4.99933E-01
 4.99933E-01
 4.99933E-01
 4.99933E-01
 4.99919E-01
 4.99920E-01
 4.99921E-01
 4.99921E-01
 4.99922E-01
 4.99923E-01
 4.99923E-01
 4.99924E-01
 4.99924E-01
 4.99925E-01
 4.99926E-01
 4.99926E-01
 4.99927E-01
 4.99928E-01
 4.99928E-01
 4.99929E-01
 4.99929E-01
 4.99929E-01
 4.99930E-01
 4.99930E-01
 4.99931E-01
 4.99931E-01
 4.99931E-01
 4.99931E-01
 4.99932E-01
 4.99932E-01
 4.99932E-01
 4.99932E-01
 4.99932E-01
 4.99933E-01
 4.99933E-01
 4.99933E-01
 4.99933E-01
 4.99933E-01
 4.99933E-01
 4.99933E-01
 4.99933E-01
 4.99933E-01
 4.99933E-01
 4.99933E-01
 4.99922E-01
 4.99922E-01
 4.99923E-01
 4.99923E-01
 4.99923E-01
 4.99924E-01
 4.99924E-01
 4.99925E-01
 4.99926E-01
 4.99926E-01
 4.99927E-01
 4.99927E-01
 4.99928E-01
 4.99928E-01
 4.99929E-01
 4.99929E-01
 4.99930E-01
 4.99930E-01
 4.99930E-01
 4.99931E-01
 4.99931E-01
 4.99931E-01
 4.99932E-01
 4.99932E-01
 4.99932E-01
 4.99932E-01
 4.99932E-01
 4.99933E-01
 4.99933E-01
 4.99933E-01
 4.99933E-01
 4.99933E-01
 4.99933E-01
 4.99933E-01
 4.99933E-01
 4.99933E-01
 4.99933E-01
 4.99933E-01
 4.99933E-01
 4.99933E-01
 4.99924E-01
 4.99924E-01
 4.99924E-01
 4.99925E-01
 4.99925E-01
 4.99925E-01
 4.99926E-01
 4.99926E-01
 4.99927E-01
 4.99927E-01
 4.99928E-01
 4.99928E-01
 4.99929E-01
 4.99929E-01
 4.99929E-01
 4.99930E-01
 4.99930E-01
 4.99931E-01
 4.99931E-01
 4.99931E-01
 4.99931E-01
 4.99932E-01
 4.99932E-01
 4.99932E-01
 4.99932E-01
 4.99933E-01
 4.99933E-01
 4.99933E-01
 4.99933E-01
 4.99933E-01
 4.99933E-01
 4.99933E-01
 4.99933E-01
 4.99933E-01
 4.99934E-01
 4.99934E-01
 4.99934E-01
 4.99934E-01
 4.99934E-01
 4.99934E-01
 4.99926E-01
 4.99926E-01
 4.99926E-01
 4.99926E-01
 4.99926E-01
 4.99927E-01
 4.99927E-01
 4.99927E-01
 4.99928E-01
 4.99928E-01
 4.99929E-01
 4.99929E-01
 4.99929E-01
 4.99930E-01
 4.99930E-01
 4.99931E-01
 4.99931E-01
 4.99931E-01
 4.99931E-01
 4.99932E-01
 4.99932E-01
 4.99932E-01
 4.99932E-01
 4.99933E-01
 4.99933E-01
 4.99933E-01
 4.99933E-01
 4.99933E-01
 4.99933E-01
 4.99933E-01
 4.99933E-01
 4.99934E-01
 4.99934E-01
 4.99934E-01
 4.99934E-01
 4.99934E-01
 4.99934E-01
 4.99934E-01
 4.99934E-01
 4.99934E-01
 4.99927E-01
 4.99927E-01
 4.99927E-01
 4.99928E-01
 4.99928E-01
 4.99928E-01
 4.99928E-01
 4.99929E-01
 4.99929E-01
 4.99929E-01
 4.99930E-01
 4.99930E-01
 4.99930E-01
 4.99931E-01
 4.99931E-01
 4.99931E-01
 4.99931E-01
 4.99932E-01
 4.99932E-01
 4.99932E-01
 4.99932E-01
 4.99933E-01
 4.99933E-01
 4.99933E-01
 4.99933E-01
 4.99933E-01
 4.99933E-01
 4.99933E-01
 4.99934E-01
 4.99934E-01
 4.99934E-01
 4.99934E-01
 4.99934E-01
 4.99934E-01
 4.99934E-01
 4.99934E-01
 4.99934E-01
 4.99934E-01
 4.99934E-01
 4.99934E-01
 4.99929E-01
 4.99929E-01
 4.99929E-01
 4.99929E-01
 4.99929E-01
 4.99929E-01
 4.99930E-01
 4.99930E-01
 4.99930E-01
 4.99930E-01
 4.99931E-01
 4.99931E-01
 4.99931E-01
 4.99931E-01
 4.99932E-01
 4.99932E-01
 4.99932E-01
 4.99932E-01
 4.99933E-01
 4.99933E-01
 4.99933E-01
 4.99933E-01
 4.99933E-01
 4.99933E-01
 4.99933E-01
 4.99934E-01
 4.99934E-01
 4.99934E-01
 4.99934E-01
 4.99934E-01
 4.99934E-01
 4.99934E-01
 4.99934E-01
 4.99934E-01
 4.99934E-01
 4.99934E-01
 4.99934E-01
 4.99934E-01
 4.99934E-01
 4.99934E-01
 4.99930E-01
 4.99930E-01
 4.99930E-01
 4.99930E-01
 4.99930E-01
 4.99931E-01
 4.99931E-01
 4.99931E-01
 4.99931E-01
 4.99931E-01
 4.99932E-01
 4.99932E-01
 4.99932E-01
 4.99932E-01
 4.99932E-01
 4.99933E-01
 4.99933E-01
 4.99933E-01
 4.99933E-01
 4.99933E-01
 4.99933E-01
 4.99933E-01
 4.99934E-01
 4.99934E-01
 4.99934E-01
 4.99934E-01
 4.99934E-01
 4.99934E-01
 4.99934E-01
 4.99934E-01
 4.99934E-01
 4.99934E-01
 4.99934E-01
 4.99934E-01
 4.99934E-01
 4.99934E-01
 4.99934E-01
 4.99934E-01
 4.99934E-01
 4.99934E-01
 4.99931E-01
 4.99931E-01
 4.99931E-01
 4.99932E-01
 4.99932E-01
 4.99932E-01
 4.99932E-01
 4.99932E-01
 4.99932E-01
 4.99932E-01
 4.99933E-01
 4.99933E-01
 4.99933E-01
 4.99933E-01
 4.99933E-01
 4.99933E-01
 4.99933E-01
 4.99934E-01
 4.99934E-01
 4.99934E-01
 4.99934E-01
 4.99934E-01
 4.99934E-01
 4.99934E-01
 4.99934E-01
 4.99934E-01
 4.99934E-01
 4.99934E-01
 4.99934E-01
 4.99934E-01
 4.99935E-01
 4.99935E-01
 4.99935E-01
 4.99935E-01
 4.99935E-01
 4.99935E-01
 4.99935E-01
 4.99935E-01
 4.99935E-01
 4.99935E-01
 4.99933E-01
 4.99933E-01
 4.99933E-01
 4.99933E-01
 4.99933E-01
 4.99933E-01
 4.99933E-01
 4.99933E-01
 4.99933E-01
 4.99933E-01
 4.99933E-01
 4.99934E-01
 4.99934E-01
 4.99934E-01
 4.99934E-01
 4.99934E-01
 4.99934E-01
 4.99934E-01
 4.99934E-01
 4.99934E-01
 4.99934E-01
 4.99934E-01
 4.99935E-01
 4.99935E-01
 4.99935E-01
 4.99935E-01
 4.99935E-01
 4.99935E-01
 4.99935E-01
 4.99935E-01
 4.99935E-01
 4.99935E-01
 4.99935E-01
 4.99935E-01
 4.99935E-01
 4.99935E-01
 4.99935E-01
 4.99935E-01
 4.99935E-01
 4.99935E-01
 4.99934E-01
 4.99934E-01
 4.99934E-01
 4.99934E-01
 4.99934E-01
 4.99934E-01
 4.99934E-01
 4.99934E-01
 4.99934E-01
 4.99934E-01
 4.99934E-01
 4.99935E-01
 4.99935E-01
 4.99935E-01
 4.99935E-01
 4.99935E-01
 4.99935E-01
 4.99935E-01
 4.99935E-01
 4.99935E-01
 4.99935E-01
 4.99935E-01
 4.99935E-01
 4.99935E-01
 4.99935E-01
 4.99935E-01
 4.99935E-01
 4.99935E-01
 4.99935E-01
 4.99935E-01
 4.99935E-01
 4.99935E-01
 4.99935E-01
 4.99935E-01
 4.99935E-01
 4.99935E-01
 4.99935E-01
 4.99935E-01
 4.99935E-01
 4.99935E-01
 4.99935E-01
 4.99935E-01
 4.99935E-01
 4.99935E-01
 4.99935E-01
 4.99935E-01
 4.99935E-01
 4.99935E-01
 4.99935E-01
 4.99935E-01
 4.99935E-01
 4.99935E-01
 4.99935E-01
 4.99935E-01
 4.99935E-01
 4.99935E-01
 4.99935E-01
 4.99935E-01
 4.99935E-01
 4.99935E-01
 4.99935E-01
 4.99935E-01
 4.99935E-01
 4.99935E-01
 4.99935E-01
 4.99935E-01
 4.99935E-01
 4.99935E-01
 4.99935E-01
 4.99935E-01
 4.99935E-01
 4.99935E-01
 4.99935E-01
 4.99935E-01
 4.99935E-01
 4.99935E-01
 4.99935E-01
 4.99935E-01
 4.99935E-01
 4.99935E-01
 4.99937E-01
 4.99937E-01
 4.99937E-01
 4.99937E-01
 4.99937E-01
 4.99937E-01
 4.99937E-01
 4.99936E-01
 4.99936E-01
 4.99936E-01
 4.99936E-01
 4.99936E-01
 4.99936E-01
 4.99936E-01
 4.99936E-01
 4.99936E-01
 4.99936E-01
 4.99936E-01
 4.99936E-01
 4.99936E-01
 4.99936E-01
 4.99936E-01
 4.99936E-01
 4.99936E-01
 4.99936E-01
 4.99936E-01
 4.99936E-01
 4.99936E-01
 4.99936E-01
 4.99936E-01
 4.99936E-01
 4.99936E-01
 4.99936E-01
 4.99936E-01
 4.99936E-01
 4.99936E-01
 4.99936E-01
 4.99936E-01
 4.99936E-01
 4.99936E-01
 4.99938E-01
 4.99938E-01
 4.99938E-01
 4.99938E-01
 4.99938E-01
 4.99938E-01
 4.99938E-01
 4.99938E-01
 4.99937E-01
 4.99937E-01
 4.99937E-01
 4.99937E-01
 4.99937E-01
 4.99937E-01
 4.99937E-01
 4.99937E-01
 4.99937E-01
 4.99937E-01
 4.99937E-01
 4.99937E-01
 4.99936E-01
 4.99936E-01
 4.99936E-01
 4.99936E-01
 4.99936E-01
 4.99936E-01
 4.99936E-01
 4.99936E-01
 4.99936E-01
 4.99936E-01
 4.99936E-01
 4.99936E-01
 4.99936E-01
 4.99936E-01
 4.99936E-01
 4.99936E-01
 4.99936E-01
 4.99936E-01
 4.99936E-01
 4.99936E-01
 4.99939E-01
 4.99939E-01
 4.99939E-01
 4.99939E-01
 4.99939E-01
 4.99939E-01
 4.99939E-01
 4.99939E-01
 4.99939E-01
 4.99938E-01
 4.99938E-01
 4.99938E-01
 4.99938E-01
 4.99938E-01
 4.99938E-01
 4.99938E-01
 4.99937E-01
 4.99937E-01
 4.99937E-01
 4.99937E-01
 4.99937E-01
 4.99937E-01
 4.99937E-01
 4.99937E-01
 4.99937E-01
 4.99937E-01
 4.99936E-01
 4.99936E-01
 4.99936E-01
 4.99936E-01
 4.99936E-01
 4.99936E-01
 4.99936E-01
 4.99936E-01
 4.99936E-01
 4.99936E-01
 4.99936E-01
 4.99936E-01
 4.99936E-01
 4.99936E-01
 4.99941E-01
 4.99941E-01
 4.99940E-01
 4.99940E-01
 4.99940E-01
 4.99940E-01
 4.99940E-01
 4.99940E-01
 4.99940E-01
 4.99939E-01
 4.99939E-01
 4.99939E-01
 4.99939E-01
 4.99939E-01
 4.99938E-01
 4.99938E-01
 4.99938E-01
 4.99938E-01
 4.99938E-01
 4.99938E-01
 4.99937E-01
 4.99937E-01
 4.99937E-01
 4.99937E-01
 4.99937E-01
 4.99937E-01
 4.99937E-01
 4.99937E-01
 4.99937E-01
 4.99937E-01
 4.99936E-01
 4.99936E-01
 4.99936E-01
 4.99936E-01
 4.99936E-01
 4.99936E-01
 4.99936E-01
 4.99936E-01
 4.99936E-01
 4.99936E-01
 4.99942E-01
 4.99942E-01
 4.99942E-01
 4.99942E-01
 4.99942E-01
 4.99941E-01
 4.99941E-01
 4.99941E-01
 4.99941E-01
 4.99940E-01
 4.99940E-01
 4.99940E-01
 4.99940E-01
 4.99939E-01
 4.99939E-01
 4.99939E-01
 4.99939E-01
 4.99939E-01
 4.99938E-01
 4.99938E-01
 4.99938E-01
 4.99938E-01
 4.99938E-01
 4.99937E-01
 4.99937E-01
 4.99937E-01
 4.99937E-01
 4.99937E-01
 4.99937E-01
 4.99937E-01
 4.99937E-01
 4.99937E-01
 4.99937E-01
 4.99937E-01
 4.99937E-01
 4.99936E-01
 4.99936E-01
 4.99936E-01
 4.99936E-01
 4.99936E-01
 4.99943E-01
 4.99943E-01
 4.99943E-01
 4.99943E-01
 4.99943E-01
 4.99943E-01
 4.99942E-01
 4.99942E-01
 4.99942E-01
 4.99941E-01
 4.99941E-01
 4.99941E-01
 4.99940E-01
 4.99940E-01
 4.99940E-01
 4.99940E-01
 4.99939E-01
 4.99939E-01
 4.99939E-01
 4.99939E-01
 4.99938E-01
 4.99938E-01
 4.99938E-01
 4.99938E-01
 4.99938E-01
 4.99938E-01
 4.99937E-01
 4.99937E-01
 4.99937E-01
 4.99937E-01
 4.99937E-01
 4.99937E-01
 4.99937E-01
 4.99937E-01
 4.99937E-01
 4.99937E-01
 4.99937E-01
 4.99937E-01
 4.99937E-01
 4.99937E-01
 4.99945E-01
 4.99945E-01
 4.99945E-01
 4.99944E-01
 4.99944E-01
 4.99944E-01
 4.99944E-01
 4.99943E-01
 4.99943E-01
 4.99942E-01
 4.99942E-01
 4.99942E-01
 4.99941E-01
 4.99941E-01
 4.99941E-01
 4.99940E-01
 4.99940E-01
 4.99940E-01
 4.99939E-01
 4.99939E-01
 4.99939E-01
 4.99939E-01
 4.99938E-01
 4.99938E-01
 4.99938E-01
 4.99938E-01
 4.99938E-01
 4.99938E-01
 4.99937E-01
 4.99937E-01
 4.99937E-01
 4.99937E-01
 4.99937E-01
 4.99937E-01
 4.99937E-01
 4.99937E-01
 4.99937E-01
 4.99937E-01
 4.99937E-01
 4.99937E-01
 4.99946E-01
 4.99946E-01
 4.99946E-01
 4.99946E-01
 4.99945E-01
 4.99945E-01
 4.99945E-01
 4.99944E-01
 4.99944E-01
 4.99943E-01
 4.99943E-01
 4.99943E-01
 4.99942E-01
 4.99942E-01
 4.99941E-01
 4.99941E-01
 4.99941E-01
 4.99940E-01
 4.99940E-01
 4.99940E-01
 4.99939E-01
 4.99939E-01
 4.99939E-01
 4.99939E-01
 4.99938E-01
 4.99938E-01
 4.99938E-01
 4.99938E-01
 4.99938E-01
 4.99938E-01
 4.99937E-01
 4.99937E-01
 4.99937E-01
 4.99937E-01
 4.99937E-01
 4.99937E-01
 4.99937E-01
 4.99937E-01
 4.99937E-01
 4.99937E-01
 4.99948E-01
 4.99948E-01
 4.99948E-01
 4.99947E-01
 4.99947E-01
 4.99946E-01
 4.99946E-01
 4.99945E-01
 4.99945E-01
 4.99944E-01
 4.99944E-01
 4.99943E-01
 4.99943E-01
 4.99942E-01
 4.99942E-01
 4.99942E-01
 4.99941E-01
 4.99941E-01
 4.99940E-01
 4.99940E-01
 4.99940E-01
 4.99939E-01
 4.99939E-01
 4.99939E-01
 4.99939E-01
 4.99938E-01
 4.99938E-01
 4.99938E-01
 4.99938E-01
 4.99938E-01
 4.99938E-01
 4.99938E-01
 4.99937E-01
 4.99937E-01
 4.99937E-01
 4.99937E-01
 4.99937E-01
 4.99937E-01
 4.99937E-01
 4.99937E-01
 4.99950E-01
 4.99949E-01
 4.99949E-01
 4.99949E-01
 4.99948E-01
 4.99948E-01
 4.99947E-01
 4.99947E-01
 4.99946E-01
 4.99945E-01
 4.99945E-01
 4.99944E-01
 4.99944E-01
 4.99943E-01
 4.99943E-01
 4.99942E-01
 4.99942E-01
 4.99941E-01
 4.99941E-01
 4.99940E-01
 4.99940E-01
 4.99940E-01
 4.99940E-01
 4.99939E-01
 4.99939E-01
 4.99939E-01
 4.99939E-01
 4.99938E-01
 4.99938E-01
 4.99938E-01
 4.99938E-01
 4.99938E-01
 4.99938E-01
 4.99938E-01
 4.99938E-01
 4.99937E-01
 4.99937E-01
 4.99937E-01
 4.99937E-01
 4.99937E-01
 4.99951E-01
 4.99951E-01
 4.99951E-01
 4.99950E-01
 4.99950E-01
 4.99949E-01
 4.99948E-01
 4.99948E-01
 4.99947E-01
 4.99946E-01
 4.99946E-01
 4.99945E-01
 4.99944E-01
 4.99944E-01
 4.99943E-01
 4.99943E-01
 4.99942E-01
 4.99942E-01
 4.99941E-01
 4.99941E-01
 4.99940E-01
 4.99940E-01
 4.99940E-01
 4.99940E-01
 4.99939E-01
 4.99939E-01
 4.99939E-01
 4.99939E-01
 4.99938E-01
 4.99938E-01
 4.99938E-01
 4.99938E-01
 4.99938E-01
 4.99938E-01
 4.99938E-01
 4.99938E-01
 4.99938E-01
 4.99938E-01
 4.99937E-01
 4.99937E-01
 4.99953E-01
 4.99953E-01
 4.99953E-01
 4.99952E-01
 4.99951E-01
 4.99951E-01
 4.99950E-01
 4.99949E-01
 4.99948E-01
 4.99947E-01
 4.99947E-01
 4.99946E-01
 4.99945E-01
 4.99944E-01
 4.99944E-01
 4.99943E-01
 4.99943E-01
 4.99942E-01
 4.99942E-01
 4.99941E-01
 4.99941E-01
 4.99940E-01
 4.99940E-01
 4.99940E-01
 4.99940E-01
 4.99939E-01
 4.99939E-01
 4.99939E-01
 4.99939E-01
 4.99938E-01
 4.99938E-01
 4.99938E-01
 4.99938E-01
 4.99938E-01
 4.99938E-01
 4.99938E-01
 4.99938E-01
 4.99938E-01
 4.99938E-01
 4.99938E-01
 4.99955E-01
 4.99955E-01
 4.99954E-01
 4.99954E-01
 4.99953E-01
 4.99952E-01
 4.99951E-01
 4.99950E-01
 4.99949E-01
 4.99948E-01
 4.99947E-01
 4.99946E-01
 4.99946E-01
 4.99945E-01
 4.99944E-01
 4.99944E-01
 4.99943E-01
 4.99943E-01
 4.99942E-01
 4.99942E-01
 4.99941E-01
 4.99941E-01
 4.99940E-01
 4.99940E-01
 4.99940E-01
 4.99939E-01
 4.99939E-01
 4.99939E-01
 4.99939E-01
 4.99939E-01
 4.99938E-01
 4.99938E-01
 4.99938E-01
 4.99938E-01
 4.99938E-01
 4.99938E-01
 4.99938E-01
 4.99938E-01
 4.99938E-01
 4.99938E-01
 4.99958E-01
 4.99957E-01
 4.99956E-01
 4.99955E-01
 4.99954E-01
 4.99953E-01
 4.99952E-01
 4.99951E-01
 4.99950E-01
 4.99949E-01
 4.99948E-01
 4.99947E-01
 4.99946E-01
 4.99945E-01
 4.99945E-01
 4.99944E-01
 4.99943E-01
 4.99943E-01
 4.99942E-01
 4.99942E-01
 4.99941E-01
 4.99941E-01
 4.99941E-01
 4.99940E-01
 4.99940E-01
 4.99940E-01
 4.99939E-01
 4.99939E-01
 4.99939E-01
 4.99939E-01
 4.99939E-01
 4.99938E-01
 4.99938E-01
 4.99938E-01
 4.99938E-01
 4.99938E-01
 4.99938E-01
 4.99938E-01
 4.99938E-01
 4.99938E-01
 4.99960E-01
 4.99959E-01
 4.99958E-01
 4.99957E-01
 4.99956E-01
 4.99955E-01
 4.99953E-01
 4.99952E-01
 4.99951E-01
 4.99950E-01
 4.99949E-01
 4.99948E-01
 4.99947E-01
 4.99946E-01
 4.99945E-01
 4.99944E-01
 4.99944E-01
 4.99943E-01
 4.99943E-01
 4.99942E-01
 4.99942E-01
 4.99941E-01
 4.99941E-01
 4.99940E-01
 4.99940E-01
 4.99940E-01
 4.99940E-01
 4.99939E-01
 4.99939E-01
 4.99939E-01
 4.99939E-01
 4.99939E-01
 4.99938E-01
 4.99938E-01
 4.99938E-01
 4.99938E-01
 4.99938E-01
 4.99938E-01
 4.99938E-01
 4.99938E-01
 4.99962E-01
 4.99962E-01
 4.99960E-01
 4.99959E-01
 4.99957E-01
 4.99956E-01
 4.99954E-01
 4.99953E-01
 4.99952E-01
 4.99950E-01
 4.99949E-01
 4.99948E-01
 4.99947E-01
 4.99946E-01
 4.99946E-01
 4.99945E-01
 4.99944E-01
 4.99943E-01
 4.99943E-01
 4.99942E-01
 4.99942E-01
 4.99941E-01
 4.99941E-01
 4.99941E-01
 4.99940E-01
 4.99940E-01
 4.99940E-01
 4.99939E-01
 4.99939E-01
 4.99939E-01
 4.99939E-01
 4.99939E-01
 4.99938E-01
 4.99938E-01
 4.99938E-01
 4.99938E-01
 4.99938E-01
 4.99938E-01
 4.99938E-01
 4.99938E-01
 4.99965E-01
 4.99964E-01
 4.99962E-01
 4.99961E-01
 4.99959E-01
 4.99957E-01
 4.99955E-01
 4.99954E-01
 4.99952E-01
 4.99951E-01
 4.99950E-01
 4.99949E-01
 4.99948E-01
 4.99947E-01
 4.99946E-01
 4.99945E-01
 4.99944E-01
 4.99944E-01
 4.99943E-01
 4.99942E-01
 4.99942E-01
 4.99941E-01
 4.99941E-01
 4.99941E-01
 4.99940E-01
 4.99940E-01
 4.99940E-01
 4.99939E-01
 4.99939E-01
 4.99939E-01
 4.99939E-01
 4.99939E-01
 4.99939E-01
 4.99938E-01
 4.99938E-01
 4.99938E-01
 4.99938E-01
 4.99938E-01
 4.99938E-01
 4.99938E-01
 4.99967E-01
 4.99966E-01
 4.99964E-01
 4.99962E-01
 4.99960E-01
 4.99958E-01
 4.99956E-01
 4.99954E-01
 4.99953E-01
 4.99951E-01
 4.99950E-01
 4.99949E-01
 4.99948E-01
 4.99947E-01
 4.99946E-01
 4.99945E-01
 4.99944E-01
 4.99944E-01
 4.99943E-01
 4.99943E-01
 4.99942E-01
 4.99942E-01
 4.99941E-01
 4.99941E-01
 4.99940E-01
 4.99940E-01
 4.99940E-01
 4.99940E-01
 4.99939E-01
 4.99939E-01
 4.99939E-01
 4.99939E-01
 4.99939E-01
 4.99938E-01
 4.99938E-01
 4.99938E-01
 4.99938E-01
 4.99938E-01
 4.99938E-01
 4.99938E-01
 4.99969E-01
 4.99967E-01
 4.99965E-01
 4.99963E-01
 4.99961E-01
 4.99958E-01
 4.99956E-01
 4.99955E-01
 4.99953E-01
 4.99951E-01
 4.99950E-01
 4.99949E-01
 4.99948E-01
 4.99947E-01
 4.99946E-01
 4.99945E-01
 4.99944E-01
 4.99944E-01
 4.99943E-01
 4.99943E-01
 4.99942E-01
 4.99942E-01
 4.99941E-01
 4.99941E-01
 4.99940E-01
 4.99940E-01
 4.99940E-01
 4.99940E-01
 4.99939E-01
 4.99939E-01
 4.99939E-01
 4.99939E-01
 4.99939E-01
 4.99938E-01
 4.99938E-01
 4.99938E-01
 4.99938E-01
 4.99938E-01
 4.99938E-01
 4.99938E-01
