 1.23570E+03
 1.23570E+03
 1.23570E+03
 1.23570E+03
 1.23545E+03
 1.70700E+03
 2.76150E+03
 2.86984E+03
 2.88157E+03
 2.88254E+03
 2.88261E+03
 2.88263E+03
 2.88264E+03
 2.88265E+03
 2.88265E+03
 2.88266E+03
 2.88266E+03
 2.88267E+03
 2.88267E+03
 2.88268E+03
 2.88268E+03
 2.88269E+03
 2.88269E+03
 2.88269E+03
 2.88269E+03
 2.88270E+03
 2.88270E+03
 2.88270E+03
 2.88270E+03
 2.88270E+03
 2.88270E+03
 2.88271E+03
 2.88271E+03
 2.88271E+03
 2.88271E+03
 2.88271E+03
 2.88271E+03
 2.88271E+03
 2.88271E+03
 2.88271E+03
 1.23570E+03
 1.23570E+03
 1.23570E+03
 1.23570E+03
 1.23547E+03
 2.38062E+03
 2.84120E+03
 2.87891E+03
 2.88233E+03
 2.88259E+03
 2.88262E+03
 2.88263E+03
 2.88264E+03
 2.88265E+03
 2.88265E+03
 2.88266E+03
 2.88266E+03
 2.88267E+03
 2.88267E+03
 2.88268E+03
 2.88268E+03
 2.88269E+03
 2.88269E+03
 2.88269E+03
 2.88269E+03
 2.88270E+03
 2.88270E+03
 2.88270E+03
 2.88270E+03
 2.88270E+03
 2.88270E+03
 2.88271E+03
 2.88271E+03
 2.88271E+03
 2.88271E+03
 2.88271E+03
 2.88271E+03
 2.88271E+03
 2.88271E+03
 2.88271E+03
 1.23570E+03
 1.23570E+03
 1.23570E+03
 1.23545E+03
 1.89489E+03
 2.79207E+03
 2.87376E+03
 2.88188E+03
 2.88255E+03
 2.88261E+03
 2.88262E+03
 2.88263E+03
 2.88264E+03
 2.88265E+03
 2.88265E+03
 2.88266E+03
 2.88267E+03
 2.88267E+03
 2.88268E+03
 2.88268E+03
 2.88268E+03
 2.88269E+03
 2.88269E+03
 2.88269E+03
 2.88269E+03
 2.88270E+03
 2.88270E+03
 2.88270E+03
 2.88270E+03
 2.88270E+03
 2.88271E+03
 2.88271E+03
 2.88271E+03
 2.88271E+03
 2.88271E+03
 2.88271E+03
 2.88271E+03
 2.88271E+03
 2.88271E+03
 2.88271E+03
 1.23570E+03
 1.23570E+03
 1.23545E+03
 1.63950E+03
 2.75403E+03
 2.86818E+03
 2.88129E+03
 2.88250E+03
 2.88260E+03
 2.88262E+03
 2.88263E+03
 2.88263E+03
 2.88264E+03
 2.88265E+03
 2.88266E+03
 2.88266E+03
 2.88267E+03
 2.88267E+03
 2.88268E+03
 2.88268E+03
 2.88268E+03
 2.88269E+03
 2.88269E+03
 2.88269E+03
 2.88270E+03
 2.88270E+03
 2.88270E+03
 2.88270E+03
 2.88270E+03
 2.88270E+03
 2.88271E+03
 2.88271E+03
 2.88271E+03
 2.88271E+03
 2.88271E+03
 2.88271E+03
 2.88271E+03
 2.88271E+03
 2.88271E+03
 2.88271E+03
 1.23545E+03
 1.23546E+03
 1.81298E+03
 2.74895E+03
 2.86521E+03
 2.88080E+03
 2.88244E+03
 2.88259E+03
 2.88261E+03
 2.88262E+03
 2.88263E+03
 2.88264E+03
 2.88265E+03
 2.88265E+03
 2.88266E+03
 2.88266E+03
 2.88267E+03
 2.88267E+03
 2.88268E+03
 2.88268E+03
 2.88269E+03
 2.88269E+03
 2.88269E+03
 2.88269E+03
 2.88270E+03
 2.88270E+03
 2.88270E+03
 2.88270E+03
 2.88270E+03
 2.88271E+03
 2.88271E+03
 2.88271E+03
 2.88271E+03
 2.88271E+03
 2.88271E+03
 2.88271E+03
 2.88271E+03
 2.88271E+03
 2.88271E+03
 2.88271E+03
 1.55919E+03
 2.27072E+03
 2.77940E+03
 2.86670E+03
 2.88070E+03
 2.88241E+03
 2.88258E+03
 2.88261E+03
 2.88262E+03
 2.88263E+03
 2.88263E+03
 2.88264E+03
 2.88265E+03
 2.88266E+03
 2.88266E+03
 2.88267E+03
 2.88267E+03
 2.88268E+03
 2.88268E+03
 2.88268E+03
 2.88269E+03
 2.88269E+03
 2.88269E+03
 2.88270E+03
 2.88270E+03
 2.88270E+03
 2.88270E+03
 2.88270E+03
 2.88270E+03
 2.88271E+03
 2.88271E+03
 2.88271E+03
 2.88271E+03
 2.88271E+03
 2.88271E+03
 2.88271E+03
 2.88271E+03
 2.88271E+03
 2.88271E+03
 2.88271E+03
 2.73733E+03
 2.82918E+03
 2.87176E+03
 2.88104E+03
 2.88242E+03
 2.88258E+03
 2.88261E+03
 2.88262E+03
 2.88262E+03
 2.88263E+03
 2.88264E+03
 2.88265E+03
 2.88265E+03
 2.88266E+03
 2.88266E+03
 2.88267E+03
 2.88267E+03
 2.88268E+03
 2.88268E+03
 2.88269E+03
 2.88269E+03
 2.88269E+03
 2.88269E+03
 2.88270E+03
 2.88270E+03
 2.88270E+03
 2.88270E+03
 2.88270E+03
 2.88271E+03
 2.88271E+03
 2.88271E+03
 2.88271E+03
 2.88271E+03
 2.88271E+03
 2.88271E+03
 2.88271E+03
 2.88271E+03
 2.88271E+03
 2.88271E+03
 2.88271E+03
 2.86517E+03
 2.87750E+03
 2.88164E+03
 2.88247E+03
 2.88259E+03
 2.88261E+03
 2.88262E+03
 2.88263E+03
 2.88263E+03
 2.88264E+03
 2.88265E+03
 2.88265E+03
 2.88266E+03
 2.88266E+03
 2.88267E+03
 2.88267E+03
 2.88268E+03
 2.88268E+03
 2.88268E+03
 2.88269E+03
 2.88269E+03
 2.88269E+03
 2.88270E+03
 2.88270E+03
 2.88270E+03
 2.88270E+03
 2.88270E+03
 2.88271E+03
 2.88271E+03
 2.88271E+03
 2.88271E+03
 2.88271E+03
 2.88271E+03
 2.88271E+03
 2.88271E+03
 2.88271E+03
 2.88271E+03
 2.88271E+03
 2.88271E+03
 2.88271E+03
 2.88099E+03
 2.88218E+03
 2.88253E+03
 2.88260E+03
 2.88261E+03
 2.88262E+03
 2.88263E+03
 2.88263E+03
 2.88264E+03
 2.88265E+03
 2.88265E+03
 2.88266E+03
 2.88266E+03
 2.88267E+03
 2.88267E+03
 2.88268E+03
 2.88268E+03
 2.88268E+03
 2.88269E+03
 2.88269E+03
 2.88269E+03
 2.88270E+03
 2.88270E+03
 2.88270E+03
 2.88270E+03
 2.88270E+03
 2.88271E+03
 2.88271E+03
 2.88271E+03
 2.88271E+03
 2.88271E+03
 2.88271E+03
 2.88271E+03
 2.88271E+03
 2.88271E+03
 2.88271E+03
 2.88271E+03
 2.88271E+03
 2.88271E+03
 2.88271E+03
 2.88249E+03
 2.88259E+03
 2.88261E+03
 2.88262E+03
 2.88263E+03
 2.88263E+03
 2.88264E+03
 2.88264E+03
 2.88265E+03
 2.88265E+03
 2.88266E+03
 2.88266E+03
 2.88267E+03
 2.88267E+03
 2.88268E+03
 2.88268E+03
 2.88268E+03
 2.88269E+03
 2.88269E+03
 2.88269E+03
 2.88270E+03
 2.88270E+03
 2.88270E+03
 2.88270E+03
 2.88270E+03
 2.88271E+03
 2.88271E+03
 2.88271E+03
 2.88271E+03
 2.88271E+03
 2.88271E+03
 2.88271E+03
 2.88271E+03
 2.88271E+03
 2.88271E+03
 2.88271E+03
 2.88272E+03
 2.88272E+03
 2.88272E+03
 2.88272E+03
 2.88262E+03
 2.88263E+03
 2.88263E+03
 2.88263E+03
 2.88264E+03
 2.88264E+03
 2.88265E+03
 2.88265E+03
 2.88266E+03
 2.88266E+03
 2.88267E+03
 2.88267E+03
 2.88267E+03
 2.88268E+03
 2.88268E+03
 2.88268E+03
 2.88269E+03
 2.88269E+03
 2.88269E+03
 2.88270E+03
 2.88270E+03
 2.88270E+03
 2.88270E+03
 2.88270E+03
 2.88271E+03
 2.88271E+03
 2.88271E+03
 2.88271E+03
 2.88271E+03
 2.88271E+03
 2.88271E+03
 2.88271E+03
 2.88271E+03
 2.88271E+03
 2.88272E+03
 2.88272E+03
 2.88272E+03
 2.88272E+03
 2.88272E+03
 2.88272E+03
 2.88264E+03
 2.88264E+03
 2.88264E+03
 2.88265E+03
 2.88265E+03
 2.88265E+03
 2.88266E+03
 2.88266E+03
 2.88266E+03
 2.88267E+03
 2.88267E+03
 2.88268E+03
 2.88268E+03
 2.88268E+03
 2.88269E+03
 2.88269E+03
 2.88269E+03
 2.88269E+03
 2.88270E+03
 2.88270E+03
 2.88270E+03
 2.88270E+03
 2.88270E+03
 2.88271E+03
 2.88271E+03
 2.88271E+03
 2.88271E+03
 2.88271E+03
 2.88271E+03
 2.88271E+03
 2.88271E+03
 2.88271E+03
 2.88272E+03
 2.88272E+03
 2.88272E+03
 2.88272E+03
 2.88272E+03
 2.88272E+03
 2.88272E+03
 2.88272E+03
 2.88265E+03
 2.88265E+03
 2.88265E+03
 2.88266E+03
 2.88266E+03
 2.88266E+03
 2.88266E+03
 2.88267E+03
 2.88267E+03
 2.88267E+03
 2.88268E+03
 2.88268E+03
 2.88268E+03
 2.88269E+03
 2.88269E+03
 2.88269E+03
 2.88270E+03
 2.88270E+03
 2.88270E+03
 2.88270E+03
 2.88270E+03
 2.88271E+03
 2.88271E+03
 2.88271E+03
 2.88271E+03
 2.88271E+03
 2.88271E+03
 2.88271E+03
 2.88271E+03
 2.88272E+03
 2.88272E+03
 2.88272E+03
 2.88272E+03
 2.88272E+03
 2.88272E+03
 2.88272E+03
 2.88272E+03
 2.88272E+03
 2.88272E+03
 2.88272E+03
 2.88266E+03
 2.88266E+03
 2.88267E+03
 2.88267E+03
 2.88267E+03
 2.88267E+03
 2.88267E+03
 2.88268E+03
 2.88268E+03
 2.88268E+03
 2.88268E+03
 2.88269E+03
 2.88269E+03
 2.88269E+03
 2.88270E+03
 2.88270E+03
 2.88270E+03
 2.88270E+03
 2.88270E+03
 2.88271E+03
 2.88271E+03
 2.88271E+03
 2.88271E+03
 2.88271E+03
 2.88271E+03
 2.88271E+03
 2.88271E+03
 2.88272E+03
 2.88272E+03
 2.88272E+03
 2.88272E+03
 2.88272E+03
 2.88272E+03
 2.88272E+03
 2.88272E+03
 2.88272E+03
 2.88272E+03
 2.88272E+03
 2.88272E+03
 2.88272E+03
 2.88267E+03
 2.88267E+03
 2.88268E+03
 2.88268E+03
 2.88268E+03
 2.88268E+03
 2.88268E+03
 2.88268E+03
 2.88269E+03
 2.88269E+03
 2.88269E+03
 2.88269E+03
 2.88270E+03
 2.88270E+03
 2.88270E+03
 2.88270E+03
 2.88270E+03
 2.88271E+03
 2.88271E+03
 2.88271E+03
 2.88271E+03
 2.88271E+03
 2.88271E+03
 2.88271E+03
 2.88271E+03
 2.88272E+03
 2.88272E+03
 2.88272E+03
 2.88272E+03
 2.88272E+03
 2.88272E+03
 2.88272E+03
 2.88272E+03
 2.88272E+03
 2.88272E+03
 2.88272E+03
 2.88272E+03
 2.88272E+03
 2.88272E+03
 2.88272E+03
 2.88268E+03
 2.88268E+03
 2.88268E+03
 2.88269E+03
 2.88269E+03
 2.88269E+03
 2.88269E+03
 2.88269E+03
 2.88269E+03
 2.88270E+03
 2.88270E+03
 2.88270E+03
 2.88270E+03
 2.88270E+03
 2.88271E+03
 2.88271E+03
 2.88271E+03
 2.88271E+03
 2.88271E+03
 2.88271E+03
 2.88271E+03
 2.88271E+03
 2.88272E+03
 2.88272E+03
 2.88272E+03
 2.88272E+03
 2.88272E+03
 2.88272E+03
 2.88272E+03
 2.88272E+03
 2.88272E+03
 2.88272E+03
 2.88272E+03
 2.88272E+03
 2.88272E+03
 2.88272E+03
 2.88272E+03
 2.88272E+03
 2.88272E+03
 2.88272E+03
 2.88269E+03
 2.88269E+03
 2.88269E+03
 2.88270E+03
 2.88270E+03
 2.88270E+03
 2.88270E+03
 2.88270E+03
 2.88270E+03
 2.88270E+03
 2.88270E+03
 2.88271E+03
 2.88271E+03
 2.88271E+03
 2.88271E+03
 2.88271E+03
 2.88271E+03
 2.88271E+03
 2.88271E+03
 2.88272E+03
 2.88272E+03
 2.88272E+03
 2.88272E+03
 2.88272E+03
 2.88272E+03
 2.88272E+03
 2.88272E+03
 2.88272E+03
 2.88272E+03
 2.88272E+03
 2.88272E+03
 2.88272E+03
 2.88272E+03
 2.88272E+03
 2.88272E+03
 2.88272E+03
 2.88272E+03
 2.88272E+03
 2.88272E+03
 2.88272E+03
 2.88270E+03
 2.88270E+03
 2.88270E+03
 2.88270E+03
 2.88270E+03
 2.88271E+03
 2.88271E+03
 2.88271E+03
 2.88271E+03
 2.88271E+03
 2.88271E+03
 2.88271E+03
 2.88271E+03
 2.88271E+03
 2.88272E+03
 2.88272E+03
 2.88272E+03
 2.88272E+03
 2.88272E+03
 2.88272E+03
 2.88272E+03
 2.88272E+03
 2.88272E+03
 2.88272E+03
 2.88272E+03
 2.88272E+03
 2.88272E+03
 2.88272E+03
 2.88272E+03
 2.88272E+03
 2.88272E+03
 2.88272E+03
 2.88273E+03
 2.88273E+03
 2.88273E+03
 2.88273E+03
 2.88273E+03
 2.88273E+03
 2.88273E+03
 2.88273E+03
 2.88271E+03
 2.88271E+03
 2.88271E+03
 2.88271E+03
 2.88271E+03
 2.88271E+03
 2.88271E+03
 2.88272E+03
 2.88272E+03
 2.88272E+03
 2.88272E+03
 2.88272E+03
 2.88272E+03
 2.88272E+03
 2.88272E+03
 2.88272E+03
 2.88272E+03
 2.88272E+03
 2.88272E+03
 2.88272E+03
 2.88272E+03
 2.88272E+03
 2.88272E+03
 2.88272E+03
 2.88273E+03
 2.88273E+03
 2.88273E+03
 2.88273E+03
 2.88273E+03
 2.88273E+03
 2.88273E+03
 2.88273E+03
 2.88273E+03
 2.88273E+03
 2.88273E+03
 2.88273E+03
 2.88273E+03
 2.88273E+03
 2.88273E+03
 2.88273E+03
 2.88272E+03
 2.88272E+03
 2.88272E+03
 2.88272E+03
 2.88272E+03
 2.88272E+03
 2.88272E+03
 2.88272E+03
 2.88272E+03
 2.88272E+03
 2.88272E+03
 2.88272E+03
 2.88272E+03
 2.88273E+03
 2.88273E+03
 2.88273E+03
 2.88273E+03
 2.88273E+03
 2.88273E+03
 2.88273E+03
 2.88273E+03
 2.88273E+03
 2.88273E+03
 2.88273E+03
 2.88273E+03
 2.88273E+03
 2.88273E+03
 2.88273E+03
 2.88273E+03
 2.88273E+03
 2.88273E+03
 2.88273E+03
 2.88273E+03
 2.88273E+03
 2.88273E+03
 2.88273E+03
 2.88273E+03
 2.88273E+03
 2.88273E+03
 2.88273E+03
 2.88273E+03
 2.88273E+03
 2.88273E+03
 2.88273E+03
 2.88273E+03
 2.88273E+03
 2.88273E+03
 2.88273E+03
 2.88273E+03
 2.88273E+03
 2.88273E+03
 2.88273E+03
 2.88273E+03
 2.88273E+03
 2.88273E+03
 2.88273E+03
 2.88273E+03
 2.88273E+03
 2.88273E+03
 2.88273E+03
 2.88273E+03
 2.88273E+03
 2.88273E+03
 2.88273E+03
 2.88273E+03
 2.88273E+03
 2.88273E+03
 2.88273E+03
 2.88273E+03
 2.88273E+03
 2.88273E+03
 2.88273E+03
 2.88273E+03
 2.88273E+03
 2.88273E+03
 2.88273E+03
 2.88273E+03
 2.88273E+03
 2.88273E+03
 2.88273E+03
 2.88274E+03
 2.88274E+03
 2.88274E+03
 2.88274E+03
 2.88274E+03
 2.88274E+03
 2.88274E+03
 2.88274E+03
 2.88274E+03
 2.88274E+03
 2.88274E+03
 2.88274E+03
 2.88274E+03
 2.88274E+03
 2.88274E+03
 2.88274E+03
 2.88274E+03
 2.88273E+03
 2.88273E+03
 2.88273E+03
 2.88273E+03
 2.88273E+03
 2.88273E+03
 2.88273E+03
 2.88273E+03
 2.88273E+03
 2.88273E+03
 2.88273E+03
 2.88273E+03
 2.88273E+03
 2.88273E+03
 2.88273E+03
 2.88273E+03
 2.88273E+03
 2.88273E+03
 2.88273E+03
 2.88273E+03
 2.88273E+03
 2.88273E+03
 2.88273E+03
 2.88275E+03
 2.88275E+03
 2.88275E+03
 2.88275E+03
 2.88275E+03
 2.88275E+03
 2.88275E+03
 2.88274E+03
 2.88274E+03
 2.88274E+03
 2.88274E+03
 2.88274E+03
 2.88274E+03
 2.88274E+03
 2.88274E+03
 2.88274E+03
 2.88274E+03
 2.88274E+03
 2.88274E+03
 2.88274E+03
 2.88274E+03
 2.88274E+03
 2.88274E+03
 2.88274E+03
 2.88274E+03
 2.88274E+03
 2.88274E+03
 2.88273E+03
 2.88273E+03
 2.88273E+03
 2.88273E+03
 2.88273E+03
 2.88273E+03
 2.88273E+03
 2.88273E+03
 2.88273E+03
 2.88273E+03
 2.88273E+03
 2.88273E+03
 2.88273E+03
 2.88276E+03
 2.88276E+03
 2.88276E+03
 2.88275E+03
 2.88275E+03
 2.88275E+03
 2.88275E+03
 2.88275E+03
 2.88275E+03
 2.88275E+03
 2.88275E+03
 2.88275E+03
 2.88275E+03
 2.88275E+03
 2.88275E+03
 2.88275E+03
 2.88274E+03
 2.88274E+03
 2.88274E+03
 2.88274E+03
 2.88274E+03
 2.88274E+03
 2.88274E+03
 2.88274E+03
 2.88274E+03
 2.88274E+03
 2.88274E+03
 2.88274E+03
 2.88274E+03
 2.88274E+03
 2.88274E+03
 2.88274E+03
 2.88274E+03
 2.88274E+03
 2.88274E+03
 2.88274E+03
 2.88273E+03
 2.88273E+03
 2.88273E+03
 2.88273E+03
 2.88276E+03
 2.88276E+03
 2.88276E+03
 2.88276E+03
 2.88276E+03
 2.88276E+03
 2.88276E+03
 2.88276E+03
 2.88276E+03
 2.88276E+03
 2.88276E+03
 2.88275E+03
 2.88275E+03
 2.88275E+03
 2.88275E+03
 2.88275E+03
 2.88275E+03
 2.88275E+03
 2.88275E+03
 2.88275E+03
 2.88274E+03
 2.88274E+03
 2.88274E+03
 2.88274E+03
 2.88274E+03
 2.88274E+03
 2.88274E+03
 2.88274E+03
 2.88274E+03
 2.88274E+03
 2.88274E+03
 2.88274E+03
 2.88274E+03
 2.88274E+03
 2.88274E+03
 2.88274E+03
 2.88274E+03
 2.88274E+03
 2.88274E+03
 2.88274E+03
 2.88277E+03
 2.88277E+03
 2.88277E+03
 2.88277E+03
 2.88277E+03
 2.88277E+03
 2.88277E+03
 2.88277E+03
 2.88277E+03
 2.88276E+03
 2.88276E+03
 2.88276E+03
 2.88276E+03
 2.88276E+03
 2.88276E+03
 2.88275E+03
 2.88275E+03
 2.88275E+03
 2.88275E+03
 2.88275E+03
 2.88275E+03
 2.88275E+03
 2.88275E+03
 2.88274E+03
 2.88274E+03
 2.88274E+03
 2.88274E+03
 2.88274E+03
 2.88274E+03
 2.88274E+03
 2.88274E+03
 2.88274E+03
 2.88274E+03
 2.88274E+03
 2.88274E+03
 2.88274E+03
 2.88274E+03
 2.88274E+03
 2.88274E+03
 2.88274E+03
 2.88278E+03
 2.88278E+03
 2.88278E+03
 2.88278E+03
 2.88278E+03
 2.88278E+03
 2.88278E+03
 2.88277E+03
 2.88277E+03
 2.88277E+03
 2.88277E+03
 2.88277E+03
 2.88276E+03
 2.88276E+03
 2.88276E+03
 2.88276E+03
 2.88276E+03
 2.88276E+03
 2.88275E+03
 2.88275E+03
 2.88275E+03
 2.88275E+03
 2.88275E+03
 2.88275E+03
 2.88275E+03
 2.88275E+03
 2.88274E+03
 2.88274E+03
 2.88274E+03
 2.88274E+03
 2.88274E+03
 2.88274E+03
 2.88274E+03
 2.88274E+03
 2.88274E+03
 2.88274E+03
 2.88274E+03
 2.88274E+03
 2.88274E+03
 2.88274E+03
 2.88279E+03
 2.88279E+03
 2.88279E+03
 2.88279E+03
 2.88279E+03
 2.88279E+03
 2.88278E+03
 2.88278E+03
 2.88278E+03
 2.88278E+03
 2.88278E+03
 2.88277E+03
 2.88277E+03
 2.88277E+03
 2.88277E+03
 2.88276E+03
 2.88276E+03
 2.88276E+03
 2.88276E+03
 2.88276E+03
 2.88275E+03
 2.88275E+03
 2.88275E+03
 2.88275E+03
 2.88275E+03
 2.88275E+03
 2.88275E+03
 2.88275E+03
 2.88274E+03
 2.88274E+03
 2.88274E+03
 2.88274E+03
 2.88274E+03
 2.88274E+03
 2.88274E+03
 2.88274E+03
 2.88274E+03
 2.88274E+03
 2.88274E+03
 2.88274E+03
 2.88280E+03
 2.88280E+03
 2.88280E+03
 2.88280E+03
 2.88280E+03
 2.88280E+03
 2.88279E+03
 2.88279E+03
 2.88279E+03
 2.88278E+03
 2.88278E+03
 2.88278E+03
 2.88278E+03
 2.88277E+03
 2.88277E+03
 2.88277E+03
 2.88277E+03
 2.88276E+03
 2.88276E+03
 2.88276E+03
 2.88276E+03
 2.88276E+03
 2.88275E+03
 2.88275E+03
 2.88275E+03
 2.88275E+03
 2.88275E+03
 2.88275E+03
 2.88275E+03
 2.88275E+03
 2.88274E+03
 2.88274E+03
 2.88274E+03
 2.88274E+03
 2.88274E+03
 2.88274E+03
 2.88274E+03
 2.88274E+03
 2.88274E+03
 2.88274E+03
 2.88281E+03
 2.88281E+03
 2.88281E+03
 2.88281E+03
 2.88281E+03
 2.88280E+03
 2.88280E+03
 2.88280E+03
 2.88279E+03
 2.88279E+03
 2.88279E+03
 2.88278E+03
 2.88278E+03
 2.88278E+03
 2.88277E+03
 2.88277E+03
 2.88277E+03
 2.88277E+03
 2.88276E+03
 2.88276E+03
 2.88276E+03
 2.88276E+03
 2.88276E+03
 2.88275E+03
 2.88275E+03
 2.88275E+03
 2.88275E+03
 2.88275E+03
 2.88275E+03
 2.88275E+03
 2.88275E+03
 2.88275E+03
 2.88274E+03
 2.88274E+03
 2.88274E+03
 2.88274E+03
 2.88274E+03
 2.88274E+03
 2.88274E+03
 2.88274E+03
 2.88282E+03
 2.88282E+03
 2.88282E+03
 2.88282E+03
 2.88282E+03
 2.88281E+03
 2.88281E+03
 2.88281E+03
 2.88280E+03
 2.88280E+03
 2.88279E+03
 2.88279E+03
 2.88279E+03
 2.88278E+03
 2.88278E+03
 2.88278E+03
 2.88277E+03
 2.88277E+03
 2.88277E+03
 2.88276E+03
 2.88276E+03
 2.88276E+03
 2.88276E+03
 2.88276E+03
 2.88275E+03
 2.88275E+03
 2.88275E+03
 2.88275E+03
 2.88275E+03
 2.88275E+03
 2.88275E+03
 2.88275E+03
 2.88275E+03
 2.88275E+03
 2.88274E+03
 2.88274E+03
 2.88274E+03
 2.88274E+03
 2.88274E+03
 2.88274E+03
 2.88284E+03
 2.88284E+03
 2.88283E+03
 2.88283E+03
 2.88283E+03
 2.88282E+03
 2.88282E+03
 2.88281E+03
 2.88281E+03
 2.88280E+03
 2.88280E+03
 2.88280E+03
 2.88279E+03
 2.88279E+03
 2.88278E+03
 2.88278E+03
 2.88278E+03
 2.88277E+03
 2.88277E+03
 2.88277E+03
 2.88277E+03
 2.88276E+03
 2.88276E+03
 2.88276E+03
 2.88276E+03
 2.88276E+03
 2.88275E+03
 2.88275E+03
 2.88275E+03
 2.88275E+03
 2.88275E+03
 2.88275E+03
 2.88275E+03
 2.88275E+03
 2.88275E+03
 2.88275E+03
 2.88275E+03
 2.88274E+03
 2.88274E+03
 2.88274E+03
 2.88285E+03
 2.88285E+03
 2.88284E+03
 2.88284E+03
 2.88284E+03
 2.88283E+03
 2.88283E+03
 2.88282E+03
 2.88282E+03
 2.88281E+03
 2.88281E+03
 2.88280E+03
 2.88280E+03
 2.88279E+03
 2.88279E+03
 2.88278E+03
 2.88278E+03
 2.88278E+03
 2.88277E+03
 2.88277E+03
 2.88277E+03
 2.88276E+03
 2.88276E+03
 2.88276E+03
 2.88276E+03
 2.88276E+03
 2.88276E+03
 2.88275E+03
 2.88275E+03
 2.88275E+03
 2.88275E+03
 2.88275E+03
 2.88275E+03
 2.88275E+03
 2.88275E+03
 2.88275E+03
 2.88275E+03
 2.88275E+03
 2.88275E+03
 2.88275E+03
 2.88286E+03
 2.88286E+03
 2.88286E+03
 2.88285E+03
 2.88285E+03
 2.88284E+03
 2.88283E+03
 2.88283E+03
 2.88282E+03
 2.88282E+03
 2.88281E+03
 2.88281E+03
 2.88280E+03
 2.88280E+03
 2.88279E+03
 2.88279E+03
 2.88278E+03
 2.88278E+03
 2.88278E+03
 2.88277E+03
 2.88277E+03
 2.88277E+03
 2.88276E+03
 2.88276E+03
 2.88276E+03
 2.88276E+03
 2.88276E+03
 2.88275E+03
 2.88275E+03
 2.88275E+03
 2.88275E+03
 2.88275E+03
 2.88275E+03
 2.88275E+03
 2.88275E+03
 2.88275E+03
 2.88275E+03
 2.88275E+03
 2.88275E+03
 2.88275E+03
 2.88288E+03
 2.88287E+03
 2.88287E+03
 2.88286E+03
 2.88286E+03
 2.88285E+03
 2.88284E+03
 2.88284E+03
 2.88283E+03
 2.88282E+03
 2.88282E+03
 2.88281E+03
 2.88280E+03
 2.88280E+03
 2.88279E+03
 2.88279E+03
 2.88278E+03
 2.88278E+03
 2.88278E+03
 2.88277E+03
 2.88277E+03
 2.88277E+03
 2.88277E+03
 2.88276E+03
 2.88276E+03
 2.88276E+03
 2.88276E+03
 2.88276E+03
 2.88275E+03
 2.88275E+03
 2.88275E+03
 2.88275E+03
 2.88275E+03
 2.88275E+03
 2.88275E+03
 2.88275E+03
 2.88275E+03
 2.88275E+03
 2.88275E+03
 2.88275E+03
 2.88289E+03
 2.88289E+03
 2.88288E+03
 2.88288E+03
 2.88287E+03
 2.88286E+03
 2.88285E+03
 2.88284E+03
 2.88283E+03
 2.88283E+03
 2.88282E+03
 2.88281E+03
 2.88281E+03
 2.88280E+03
 2.88280E+03
 2.88279E+03
 2.88279E+03
 2.88278E+03
 2.88278E+03
 2.88278E+03
 2.88277E+03
 2.88277E+03
 2.88277E+03
 2.88276E+03
 2.88276E+03
 2.88276E+03
 2.88276E+03
 2.88276E+03
 2.88276E+03
 2.88275E+03
 2.88275E+03
 2.88275E+03
 2.88275E+03
 2.88275E+03
 2.88275E+03
 2.88275E+03
 2.88275E+03
 2.88275E+03
 2.88275E+03
 2.88275E+03
 2.88291E+03
 2.88290E+03
 2.88290E+03
 2.88289E+03
 2.88288E+03
 2.88287E+03
 2.88286E+03
 2.88285E+03
 2.88284E+03
 2.88283E+03
 2.88282E+03
 2.88282E+03
 2.88281E+03
 2.88280E+03
 2.88280E+03
 2.88279E+03
 2.88279E+03
 2.88278E+03
 2.88278E+03
 2.88278E+03
 2.88277E+03
 2.88277E+03
 2.88277E+03
 2.88277E+03
 2.88276E+03
 2.88276E+03
 2.88276E+03
 2.88276E+03
 2.88276E+03
 2.88275E+03
 2.88275E+03
 2.88275E+03
 2.88275E+03
 2.88275E+03
 2.88275E+03
 2.88275E+03
 2.88275E+03
 2.88275E+03
 2.88275E+03
 2.88275E+03
 2.88292E+03
 2.88291E+03
 2.88291E+03
 2.88290E+03
 2.88289E+03
 2.88287E+03
 2.88286E+03
 2.88285E+03
 2.88284E+03
 2.88283E+03
 2.88283E+03
 2.88282E+03
 2.88281E+03
 2.88281E+03
 2.88280E+03
 2.88280E+03
 2.88279E+03
 2.88279E+03
 2.88278E+03
 2.88278E+03
 2.88277E+03
 2.88277E+03
 2.88277E+03
 2.88277E+03
 2.88276E+03
 2.88276E+03
 2.88276E+03
 2.88276E+03
 2.88276E+03
 2.88276E+03
 2.88275E+03
 2.88275E+03
 2.88275E+03
 2.88275E+03
 2.88275E+03
 2.88275E+03
 2.88275E+03
 2.88275E+03
 2.88275E+03
 2.88275E+03
 2.88293E+03
 2.88292E+03
 2.88292E+03
 2.88291E+03
 2.88289E+03
 2.88288E+03
 2.88287E+03
 2.88286E+03
 2.88285E+03
 2.88284E+03
 2.88283E+03
 2.88282E+03
 2.88281E+03
 2.88281E+03
 2.88280E+03
 2.88280E+03
 2.88279E+03
 2.88279E+03
 2.88278E+03
 2.88278E+03
 2.88278E+03
 2.88277E+03
 2.88277E+03
 2.88277E+03
 2.88276E+03
 2.88276E+03
 2.88276E+03
 2.88276E+03
 2.88276E+03
 2.88276E+03
 2.88275E+03
 2.88275E+03
 2.88275E+03
 2.88275E+03
 2.88275E+03
 2.88275E+03
 2.88275E+03
 2.88275E+03
 2.88275E+03
 2.88275E+03
 2.88293E+03
 2.88293E+03
 2.88292E+03
 2.88291E+03
 2.88290E+03
 2.88288E+03
 2.88287E+03
 2.88286E+03
 2.88285E+03
 2.88284E+03
 2.88283E+03
 2.88282E+03
 2.88281E+03
 2.88281E+03
 2.88280E+03
 2.88280E+03
 2.88279E+03
 2.88279E+03
 2.88278E+03
 2.88278E+03
 2.88278E+03
 2.88277E+03
 2.88277E+03
 2.88277E+03
 2.88276E+03
 2.88276E+03
 2.88276E+03
 2.88276E+03
 2.88276E+03
 2.88276E+03
 2.88275E+03
 2.88275E+03
 2.88275E+03
 2.88275E+03
 2.88275E+03
 2.88275E+03
 2.88275E+03
 2.88275E+03
 2.88275E+03
 2.88275E+03
