 0.00000E+00
 0.00000E+00
 2.45037E-52
 2.84555E-26
 2.70490E-10
 2.65918E-01
 4.84646E-01
 4.98325E-01
 4.99783E-01
 4.99909E-01
 4.99919E-01
 4.99921E-01
 4.99922E-01
 4.99924E-01
 4.99925E-01
 4.99926E-01
 4.99926E-01
 4.99927E-01
 4.99928E-01
 4.99928E-01
 4.99929E-01
 4.99930E-01
 4.99930E-01
 4.99930E-01
 4.99931E-01
 4.99931E-01
 4.99931E-01
 4.99932E-01
 4.99932E-01
 4.99932E-01
 4.99932E-01
 4.99933E-01
 4.99933E-01
 4.99933E-01
 4.99933E-01
 4.99933E-01
 4.99933E-01
 4.99933E-01
 4.99933E-01
 4.99933E-01
 0.00000E+00
 5.57364E-72
 2.14640E-41
 4.21343E-20
 4.80323E-05
 4.30516E-01
 4.94897E-01
 4.99450E-01
 4.99881E-01
 4.99916E-01
 4.99920E-01
 4.99921E-01
 4.99923E-01
 4.99924E-01
 4.99925E-01
 4.99926E-01
 4.99927E-01
 4.99927E-01
 4.99928E-01
 4.99929E-01
 4.99929E-01
 4.99930E-01
 4.99930E-01
 4.99930E-01
 4.99931E-01
 4.99931E-01
 4.99931E-01
 4.99932E-01
 4.99932E-01
 4.99932E-01
 4.99932E-01
 4.99933E-01
 4.99933E-01
 4.99933E-01
 4.99933E-01
 4.99933E-01
 4.99933E-01
 4.99933E-01
 4.99933E-01
 4.99933E-01
 4.63088E-53
 9.41002E-42
 4.37554E-25
 6.70009E-10
 3.26098E-01
 4.88748E-01
 4.98817E-01
 4.99823E-01
 4.99911E-01
 4.99918E-01
 4.99920E-01
 4.99922E-01
 4.99923E-01
 4.99924E-01
 4.99925E-01
 4.99926E-01
 4.99927E-01
 4.99927E-01
 4.99928E-01
 4.99929E-01
 4.99929E-01
 4.99930E-01
 4.99930E-01
 4.99930E-01
 4.99931E-01
 4.99931E-01
 4.99931E-01
 4.99932E-01
 4.99932E-01
 4.99932E-01
 4.99932E-01
 4.99933E-01
 4.99933E-01
 4.99933E-01
 4.99933E-01
 4.99933E-01
 4.99933E-01
 4.99933E-01
 4.99933E-01
 4.99933E-01
 3.22795E-27
 9.58942E-21
 3.23865E-10
 2.46977E-01
 4.83827E-01
 4.98133E-01
 4.99747E-01
 4.99903E-01
 4.99917E-01
 4.99919E-01
 4.99921E-01
 4.99922E-01
 4.99923E-01
 4.99924E-01
 4.99925E-01
 4.99926E-01
 4.99927E-01
 4.99928E-01
 4.99928E-01
 4.99929E-01
 4.99929E-01
 4.99930E-01
 4.99930E-01
 4.99931E-01
 4.99931E-01
 4.99931E-01
 4.99932E-01
 4.99932E-01
 4.99932E-01
 4.99932E-01
 4.99932E-01
 4.99933E-01
 4.99933E-01
 4.99933E-01
 4.99933E-01
 4.99933E-01
 4.99933E-01
 4.99933E-01
 4.99933E-01
 4.99933E-01
 2.40377E-11
 7.07769E-06
 3.02968E-01
 4.83144E-01
 4.97771E-01
 4.99686E-01
 4.99896E-01
 4.99916E-01
 4.99918E-01
 4.99920E-01
 4.99921E-01
 4.99923E-01
 4.99924E-01
 4.99925E-01
 4.99926E-01
 4.99926E-01
 4.99927E-01
 4.99928E-01
 4.99928E-01
 4.99929E-01
 4.99929E-01
 4.99930E-01
 4.99930E-01
 4.99931E-01
 4.99931E-01
 4.99931E-01
 4.99932E-01
 4.99932E-01
 4.99932E-01
 4.99932E-01
 4.99933E-01
 4.99933E-01
 4.99933E-01
 4.99933E-01
 4.99933E-01
 4.99933E-01
 4.99933E-01
 4.99933E-01
 4.99933E-01
 4.99933E-01
 2.11881E-01
 4.10389E-01
 4.87130E-01
 4.97952E-01
 4.99673E-01
 4.99891E-01
 4.99915E-01
 4.99918E-01
 4.99920E-01
 4.99921E-01
 4.99922E-01
 4.99923E-01
 4.99924E-01
 4.99925E-01
 4.99926E-01
 4.99927E-01
 4.99927E-01
 4.99928E-01
 4.99929E-01
 4.99929E-01
 4.99930E-01
 4.99930E-01
 4.99931E-01
 4.99931E-01
 4.99931E-01
 4.99932E-01
 4.99932E-01
 4.99932E-01
 4.99932E-01
 4.99932E-01
 4.99933E-01
 4.99933E-01
 4.99933E-01
 4.99933E-01
 4.99933E-01
 4.99933E-01
 4.99933E-01
 4.99933E-01
 4.99933E-01
 4.99933E-01
 4.81354E-01
 4.93445E-01
 4.98572E-01
 4.99717E-01
 4.99893E-01
 4.99915E-01
 4.99918E-01
 4.99919E-01
 4.99921E-01
 4.99922E-01
 4.99923E-01
 4.99924E-01
 4.99925E-01
 4.99926E-01
 4.99926E-01
 4.99927E-01
 4.99928E-01
 4.99928E-01
 4.99929E-01
 4.99929E-01
 4.99930E-01
 4.99930E-01
 4.99931E-01
 4.99931E-01
 4.99931E-01
 4.99932E-01
 4.99932E-01
 4.99932E-01
 4.99932E-01
 4.99933E-01
 4.99933E-01
 4.99933E-01
 4.99933E-01
 4.99933E-01
 4.99933E-01
 4.99933E-01
 4.99933E-01
 4.99933E-01
 4.99934E-01
 4.99934E-01
 4.97745E-01
 4.99276E-01
 4.99792E-01
 4.99900E-01
 4.99916E-01
 4.99918E-01
 4.99920E-01
 4.99921E-01
 4.99922E-01
 4.99923E-01
 4.99924E-01
 4.99925E-01
 4.99926E-01
 4.99926E-01
 4.99927E-01
 4.99928E-01
 4.99928E-01
 4.99929E-01
 4.99929E-01
 4.99930E-01
 4.99930E-01
 4.99931E-01
 4.99931E-01
 4.99931E-01
 4.99932E-01
 4.99932E-01
 4.99932E-01
 4.99932E-01
 4.99933E-01
 4.99933E-01
 4.99933E-01
 4.99933E-01
 4.99933E-01
 4.99933E-01
 4.99933E-01
 4.99933E-01
 4.99934E-01
 4.99934E-01
 4.99934E-01
 4.99934E-01
 4.99709E-01
 4.99862E-01
 4.99908E-01
 4.99917E-01
 4.99919E-01
 4.99920E-01
 4.99921E-01
 4.99922E-01
 4.99923E-01
 4.99924E-01
 4.99925E-01
 4.99925E-01
 4.99926E-01
 4.99927E-01
 4.99928E-01
 4.99928E-01
 4.99929E-01
 4.99929E-01
 4.99930E-01
 4.99930E-01
 4.99931E-01
 4.99931E-01
 4.99931E-01
 4.99932E-01
 4.99932E-01
 4.99932E-01
 4.99932E-01
 4.99933E-01
 4.99933E-01
 4.99933E-01
 4.99933E-01
 4.99933E-01
 4.99933E-01
 4.99933E-01
 4.99934E-01
 4.99934E-01
 4.99934E-01
 4.99934E-01
 4.99934E-01
 4.99934E-01
 4.99903E-01
 4.99915E-01
 4.99919E-01
 4.99920E-01
 4.99921E-01
 4.99922E-01
 4.99922E-01
 4.99923E-01
 4.99924E-01
 4.99925E-01
 4.99926E-01
 4.99926E-01
 4.99927E-01
 4.99928E-01
 4.99928E-01
 4.99929E-01
 4.99929E-01
 4.99930E-01
 4.99930E-01
 4.99931E-01
 4.99931E-01
 4.99931E-01
 4.99932E-01
 4.99932E-01
 4.99932E-01
 4.99932E-01
 4.99933E-01
 4.99933E-01
 4.99933E-01
 4.99933E-01
 4.99933E-01
 4.99933E-01
 4.99934E-01
 4.99934E-01
 4.99934E-01
 4.99934E-01
 4.99934E-01
 4.99934E-01
 4.99934E-01
 4.99934E-01
 4.99920E-01
 4.99921E-01
 4.99922E-01
 4.99922E-01
 4.99923E-01
 4.99923E-01
 4.99924E-01
 4.99925E-01
 4.99925E-01
 4.99926E-01
 4.99927E-01
 4.99927E-01
 4.99928E-01
 4.99928E-01
 4.99929E-01
 4.99929E-01
 4.99930E-01
 4.99930E-01
 4.99931E-01
 4.99931E-01
 4.99931E-01
 4.99932E-01
 4.99932E-01
 4.99932E-01
 4.99932E-01
 4.99933E-01
 4.99933E-01
 4.99933E-01
 4.99933E-01
 4.99933E-01
 4.99934E-01
 4.99934E-01
 4.99934E-01
 4.99934E-01
 4.99934E-01
 4.99934E-01
 4.99934E-01
 4.99934E-01
 4.99934E-01
 4.99934E-01
 4.99923E-01
 4.99923E-01
 4.99923E-01
 4.99924E-01
 4.99924E-01
 4.99925E-01
 4.99925E-01
 4.99926E-01
 4.99926E-01
 4.99927E-01
 4.99927E-01
 4.99928E-01
 4.99929E-01
 4.99929E-01
 4.99930E-01
 4.99930E-01
 4.99930E-01
 4.99931E-01
 4.99931E-01
 4.99931E-01
 4.99932E-01
 4.99932E-01
 4.99932E-01
 4.99933E-01
 4.99933E-01
 4.99933E-01
 4.99933E-01
 4.99933E-01
 4.99933E-01
 4.99934E-01
 4.99934E-01
 4.99934E-01
 4.99934E-01
 4.99934E-01
 4.99934E-01
 4.99934E-01
 4.99934E-01
 4.99934E-01
 4.99934E-01
 4.99934E-01
 4.99925E-01
 4.99925E-01
 4.99925E-01
 4.99925E-01
 4.99926E-01
 4.99926E-01
 4.99927E-01
 4.99927E-01
 4.99927E-01
 4.99928E-01
 4.99928E-01
 4.99929E-01
 4.99929E-01
 4.99930E-01
 4.99930E-01
 4.99931E-01
 4.99931E-01
 4.99931E-01
 4.99932E-01
 4.99932E-01
 4.99932E-01
 4.99932E-01
 4.99933E-01
 4.99933E-01
 4.99933E-01
 4.99933E-01
 4.99933E-01
 4.99934E-01
 4.99934E-01
 4.99934E-01
 4.99934E-01
 4.99934E-01
 4.99934E-01
 4.99934E-01
 4.99934E-01
 4.99934E-01
 4.99934E-01
 4.99934E-01
 4.99934E-01
 4.99934E-01
 4.99926E-01
 4.99926E-01
 4.99927E-01
 4.99927E-01
 4.99927E-01
 4.99927E-01
 4.99928E-01
 4.99928E-01
 4.99929E-01
 4.99929E-01
 4.99929E-01
 4.99930E-01
 4.99930E-01
 4.99931E-01
 4.99931E-01
 4.99931E-01
 4.99932E-01
 4.99932E-01
 4.99932E-01
 4.99932E-01
 4.99933E-01
 4.99933E-01
 4.99933E-01
 4.99933E-01
 4.99933E-01
 4.99934E-01
 4.99934E-01
 4.99934E-01
 4.99934E-01
 4.99934E-01
 4.99934E-01
 4.99934E-01
 4.99934E-01
 4.99934E-01
 4.99934E-01
 4.99935E-01
 4.99935E-01
 4.99935E-01
 4.99935E-01
 4.99935E-01
 4.99928E-01
 4.99928E-01
 4.99928E-01
 4.99928E-01
 4.99928E-01
 4.99929E-01
 4.99929E-01
 4.99929E-01
 4.99930E-01
 4.99930E-01
 4.99930E-01
 4.99931E-01
 4.99931E-01
 4.99931E-01
 4.99932E-01
 4.99932E-01
 4.99932E-01
 4.99932E-01
 4.99933E-01
 4.99933E-01
 4.99933E-01
 4.99933E-01
 4.99933E-01
 4.99934E-01
 4.99934E-01
 4.99934E-01
 4.99934E-01
 4.99934E-01
 4.99934E-01
 4.99934E-01
 4.99934E-01
 4.99935E-01
 4.99935E-01
 4.99935E-01
 4.99935E-01
 4.99935E-01
 4.99935E-01
 4.99935E-01
 4.99935E-01
 4.99935E-01
 4.99929E-01
 4.99929E-01
 4.99929E-01
 4.99930E-01
 4.99930E-01
 4.99930E-01
 4.99930E-01
 4.99930E-01
 4.99931E-01
 4.99931E-01
 4.99931E-01
 4.99932E-01
 4.99932E-01
 4.99932E-01
 4.99932E-01
 4.99933E-01
 4.99933E-01
 4.99933E-01
 4.99933E-01
 4.99933E-01
 4.99934E-01
 4.99934E-01
 4.99934E-01
 4.99934E-01
 4.99934E-01
 4.99934E-01
 4.99934E-01
 4.99934E-01
 4.99935E-01
 4.99935E-01
 4.99935E-01
 4.99935E-01
 4.99935E-01
 4.99935E-01
 4.99935E-01
 4.99935E-01
 4.99935E-01
 4.99935E-01
 4.99935E-01
 4.99935E-01
 4.99931E-01
 4.99931E-01
 4.99931E-01
 4.99931E-01
 4.99931E-01
 4.99931E-01
 4.99931E-01
 4.99932E-01
 4.99932E-01
 4.99932E-01
 4.99932E-01
 4.99932E-01
 4.99933E-01
 4.99933E-01
 4.99933E-01
 4.99933E-01
 4.99933E-01
 4.99934E-01
 4.99934E-01
 4.99934E-01
 4.99934E-01
 4.99934E-01
 4.99934E-01
 4.99934E-01
 4.99935E-01
 4.99935E-01
 4.99935E-01
 4.99935E-01
 4.99935E-01
 4.99935E-01
 4.99935E-01
 4.99935E-01
 4.99935E-01
 4.99935E-01
 4.99935E-01
 4.99935E-01
 4.99935E-01
 4.99935E-01
 4.99935E-01
 4.99935E-01
 4.99932E-01
 4.99932E-01
 4.99932E-01
 4.99932E-01
 4.99932E-01
 4.99932E-01
 4.99933E-01
 4.99933E-01
 4.99933E-01
 4.99933E-01
 4.99933E-01
 4.99933E-01
 4.99934E-01
 4.99934E-01
 4.99934E-01
 4.99934E-01
 4.99934E-01
 4.99934E-01
 4.99934E-01
 4.99934E-01
 4.99935E-01
 4.99935E-01
 4.99935E-01
 4.99935E-01
 4.99935E-01
 4.99935E-01
 4.99935E-01
 4.99935E-01
 4.99935E-01
 4.99935E-01
 4.99935E-01
 4.99935E-01
 4.99935E-01
 4.99935E-01
 4.99935E-01
 4.99935E-01
 4.99935E-01
 4.99935E-01
 4.99935E-01
 4.99935E-01
 4.99933E-01
 4.99933E-01
 4.99933E-01
 4.99933E-01
 4.99934E-01
 4.99934E-01
 4.99934E-01
 4.99934E-01
 4.99934E-01
 4.99934E-01
 4.99934E-01
 4.99934E-01
 4.99934E-01
 4.99935E-01
 4.99935E-01
 4.99935E-01
 4.99935E-01
 4.99935E-01
 4.99935E-01
 4.99935E-01
 4.99935E-01
 4.99935E-01
 4.99935E-01
 4.99935E-01
 4.99935E-01
 4.99935E-01
 4.99935E-01
 4.99935E-01
 4.99935E-01
 4.99935E-01
 4.99936E-01
 4.99936E-01
 4.99936E-01
 4.99936E-01
 4.99936E-01
 4.99936E-01
 4.99936E-01
 4.99936E-01
 4.99936E-01
 4.99936E-01
 4.99935E-01
 4.99935E-01
 4.99935E-01
 4.99935E-01
 4.99935E-01
 4.99935E-01
 4.99935E-01
 4.99935E-01
 4.99935E-01
 4.99935E-01
 4.99935E-01
 4.99935E-01
 4.99935E-01
 4.99935E-01
 4.99935E-01
 4.99935E-01
 4.99935E-01
 4.99936E-01
 4.99936E-01
 4.99936E-01
 4.99936E-01
 4.99936E-01
 4.99936E-01
 4.99936E-01
 4.99936E-01
 4.99936E-01
 4.99936E-01
 4.99936E-01
 4.99936E-01
 4.99936E-01
 4.99936E-01
 4.99936E-01
 4.99936E-01
 4.99936E-01
 4.99936E-01
 4.99936E-01
 4.99936E-01
 4.99936E-01
 4.99936E-01
 4.99936E-01
 4.99936E-01
 4.99936E-01
 4.99936E-01
 4.99936E-01
 4.99936E-01
 4.99936E-01
 4.99936E-01
 4.99936E-01
 4.99936E-01
 4.99936E-01
 4.99936E-01
 4.99936E-01
 4.99936E-01
 4.99936E-01
 4.99936E-01
 4.99936E-01
 4.99936E-01
 4.99936E-01
 4.99936E-01
 4.99936E-01
 4.99936E-01
 4.99936E-01
 4.99936E-01
 4.99936E-01
 4.99936E-01
 4.99936E-01
 4.99936E-01
 4.99936E-01
 4.99936E-01
 4.99936E-01
 4.99936E-01
 4.99936E-01
 4.99936E-01
 4.99936E-01
 4.99936E-01
 4.99936E-01
 4.99936E-01
 4.99936E-01
 4.99936E-01
 4.99936E-01
 4.99937E-01
 4.99937E-01
 4.99937E-01
 4.99937E-01
 4.99937E-01
 4.99937E-01
 4.99937E-01
 4.99937E-01
 4.99937E-01
 4.99937E-01
 4.99937E-01
 4.99937E-01
 4.99937E-01
 4.99937E-01
 4.99937E-01
 4.99937E-01
 4.99937E-01
 4.99937E-01
 4.99937E-01
 4.99937E-01
 4.99937E-01
 4.99937E-01
 4.99937E-01
 4.99937E-01
 4.99936E-01
 4.99936E-01
 4.99936E-01
 4.99936E-01
 4.99936E-01
 4.99936E-01
 4.99936E-01
 4.99936E-01
 4.99936E-01
 4.99936E-01
 4.99936E-01
 4.99936E-01
 4.99936E-01
 4.99936E-01
 4.99936E-01
 4.99936E-01
 4.99938E-01
 4.99938E-01
 4.99938E-01
 4.99938E-01
 4.99938E-01
 4.99938E-01
 4.99938E-01
 4.99938E-01
 4.99938E-01
 4.99938E-01
 4.99938E-01
 4.99938E-01
 4.99938E-01
 4.99938E-01
 4.99938E-01
 4.99938E-01
 4.99937E-01
 4.99937E-01
 4.99937E-01
 4.99937E-01
 4.99937E-01
 4.99937E-01
 4.99937E-01
 4.99937E-01
 4.99937E-01
 4.99937E-01
 4.99937E-01
 4.99937E-01
 4.99937E-01
 4.99937E-01
 4.99937E-01
 4.99937E-01
 4.99937E-01
 4.99937E-01
 4.99937E-01
 4.99937E-01
 4.99937E-01
 4.99937E-01
 4.99937E-01
 4.99936E-01
 4.99940E-01
 4.99940E-01
 4.99940E-01
 4.99940E-01
 4.99940E-01
 4.99939E-01
 4.99939E-01
 4.99939E-01
 4.99939E-01
 4.99939E-01
 4.99939E-01
 4.99939E-01
 4.99939E-01
 4.99938E-01
 4.99938E-01
 4.99938E-01
 4.99938E-01
 4.99938E-01
 4.99938E-01
 4.99938E-01
 4.99938E-01
 4.99938E-01
 4.99937E-01
 4.99937E-01
 4.99937E-01
 4.99937E-01
 4.99937E-01
 4.99937E-01
 4.99937E-01
 4.99937E-01
 4.99937E-01
 4.99937E-01
 4.99937E-01
 4.99937E-01
 4.99937E-01
 4.99937E-01
 4.99937E-01
 4.99937E-01
 4.99937E-01
 4.99937E-01
 4.99941E-01
 4.99941E-01
 4.99941E-01
 4.99941E-01
 4.99941E-01
 4.99941E-01
 4.99941E-01
 4.99940E-01
 4.99940E-01
 4.99940E-01
 4.99940E-01
 4.99940E-01
 4.99939E-01
 4.99939E-01
 4.99939E-01
 4.99939E-01
 4.99939E-01
 4.99939E-01
 4.99938E-01
 4.99938E-01
 4.99938E-01
 4.99938E-01
 4.99938E-01
 4.99938E-01
 4.99938E-01
 4.99938E-01
 4.99937E-01
 4.99937E-01
 4.99937E-01
 4.99937E-01
 4.99937E-01
 4.99937E-01
 4.99937E-01
 4.99937E-01
 4.99937E-01
 4.99937E-01
 4.99937E-01
 4.99937E-01
 4.99937E-01
 4.99937E-01
 4.99942E-01
 4.99942E-01
 4.99942E-01
 4.99942E-01
 4.99942E-01
 4.99942E-01
 4.99942E-01
 4.99941E-01
 4.99941E-01
 4.99941E-01
 4.99941E-01
 4.99941E-01
 4.99940E-01
 4.99940E-01
 4.99940E-01
 4.99940E-01
 4.99939E-01
 4.99939E-01
 4.99939E-01
 4.99939E-01
 4.99939E-01
 4.99938E-01
 4.99938E-01
 4.99938E-01
 4.99938E-01
 4.99938E-01
 4.99938E-01
 4.99938E-01
 4.99938E-01
 4.99938E-01
 4.99937E-01
 4.99937E-01
 4.99937E-01
 4.99937E-01
 4.99937E-01
 4.99937E-01
 4.99937E-01
 4.99937E-01
 4.99937E-01
 4.99937E-01
 4.99944E-01
 4.99944E-01
 4.99944E-01
 4.99944E-01
 4.99943E-01
 4.99943E-01
 4.99943E-01
 4.99943E-01
 4.99942E-01
 4.99942E-01
 4.99942E-01
 4.99941E-01
 4.99941E-01
 4.99941E-01
 4.99941E-01
 4.99940E-01
 4.99940E-01
 4.99940E-01
 4.99940E-01
 4.99939E-01
 4.99939E-01
 4.99939E-01
 4.99939E-01
 4.99939E-01
 4.99938E-01
 4.99938E-01
 4.99938E-01
 4.99938E-01
 4.99938E-01
 4.99938E-01
 4.99938E-01
 4.99938E-01
 4.99938E-01
 4.99937E-01
 4.99937E-01
 4.99937E-01
 4.99937E-01
 4.99937E-01
 4.99937E-01
 4.99937E-01
 4.99945E-01
 4.99945E-01
 4.99945E-01
 4.99945E-01
 4.99945E-01
 4.99944E-01
 4.99944E-01
 4.99944E-01
 4.99943E-01
 4.99943E-01
 4.99943E-01
 4.99942E-01
 4.99942E-01
 4.99942E-01
 4.99941E-01
 4.99941E-01
 4.99941E-01
 4.99940E-01
 4.99940E-01
 4.99940E-01
 4.99940E-01
 4.99939E-01
 4.99939E-01
 4.99939E-01
 4.99939E-01
 4.99939E-01
 4.99938E-01
 4.99938E-01
 4.99938E-01
 4.99938E-01
 4.99938E-01
 4.99938E-01
 4.99938E-01
 4.99938E-01
 4.99938E-01
 4.99938E-01
 4.99938E-01
 4.99938E-01
 4.99938E-01
 4.99938E-01
 4.99947E-01
 4.99947E-01
 4.99946E-01
 4.99946E-01
 4.99946E-01
 4.99946E-01
 4.99945E-01
 4.99945E-01
 4.99944E-01
 4.99944E-01
 4.99944E-01
 4.99943E-01
 4.99943E-01
 4.99942E-01
 4.99942E-01
 4.99942E-01
 4.99941E-01
 4.99941E-01
 4.99941E-01
 4.99940E-01
 4.99940E-01
 4.99940E-01
 4.99939E-01
 4.99939E-01
 4.99939E-01
 4.99939E-01
 4.99939E-01
 4.99939E-01
 4.99938E-01
 4.99938E-01
 4.99938E-01
 4.99938E-01
 4.99938E-01
 4.99938E-01
 4.99938E-01
 4.99938E-01
 4.99938E-01
 4.99938E-01
 4.99938E-01
 4.99938E-01
 4.99948E-01
 4.99948E-01
 4.99948E-01
 4.99948E-01
 4.99947E-01
 4.99947E-01
 4.99946E-01
 4.99946E-01
 4.99945E-01
 4.99945E-01
 4.99944E-01
 4.99944E-01
 4.99943E-01
 4.99943E-01
 4.99943E-01
 4.99942E-01
 4.99942E-01
 4.99941E-01
 4.99941E-01
 4.99941E-01
 4.99940E-01
 4.99940E-01
 4.99940E-01
 4.99940E-01
 4.99939E-01
 4.99939E-01
 4.99939E-01
 4.99939E-01
 4.99939E-01
 4.99939E-01
 4.99938E-01
 4.99938E-01
 4.99938E-01
 4.99938E-01
 4.99938E-01
 4.99938E-01
 4.99938E-01
 4.99938E-01
 4.99938E-01
 4.99938E-01
 4.99950E-01
 4.99950E-01
 4.99949E-01
 4.99949E-01
 4.99949E-01
 4.99948E-01
 4.99948E-01
 4.99947E-01
 4.99946E-01
 4.99946E-01
 4.99945E-01
 4.99945E-01
 4.99944E-01
 4.99944E-01
 4.99943E-01
 4.99943E-01
 4.99942E-01
 4.99942E-01
 4.99941E-01
 4.99941E-01
 4.99941E-01
 4.99940E-01
 4.99940E-01
 4.99940E-01
 4.99940E-01
 4.99939E-01
 4.99939E-01
 4.99939E-01
 4.99939E-01
 4.99939E-01
 4.99939E-01
 4.99938E-01
 4.99938E-01
 4.99938E-01
 4.99938E-01
 4.99938E-01
 4.99938E-01
 4.99938E-01
 4.99938E-01
 4.99938E-01
 4.99952E-01
 4.99951E-01
 4.99951E-01
 4.99951E-01
 4.99950E-01
 4.99950E-01
 4.99949E-01
 4.99948E-01
 4.99948E-01
 4.99947E-01
 4.99946E-01
 4.99946E-01
 4.99945E-01
 4.99944E-01
 4.99944E-01
 4.99943E-01
 4.99943E-01
 4.99942E-01
 4.99942E-01
 4.99942E-01
 4.99941E-01
 4.99941E-01
 4.99940E-01
 4.99940E-01
 4.99940E-01
 4.99940E-01
 4.99939E-01
 4.99939E-01
 4.99939E-01
 4.99939E-01
 4.99939E-01
 4.99939E-01
 4.99939E-01
 4.99938E-01
 4.99938E-01
 4.99938E-01
 4.99938E-01
 4.99938E-01
 4.99938E-01
 4.99938E-01
 4.99953E-01
 4.99953E-01
 4.99953E-01
 4.99952E-01
 4.99952E-01
 4.99951E-01
 4.99950E-01
 4.99949E-01
 4.99949E-01
 4.99948E-01
 4.99947E-01
 4.99946E-01
 4.99946E-01
 4.99945E-01
 4.99944E-01
 4.99944E-01
 4.99943E-01
 4.99943E-01
 4.99942E-01
 4.99942E-01
 4.99941E-01
 4.99941E-01
 4.99941E-01
 4.99940E-01
 4.99940E-01
 4.99940E-01
 4.99940E-01
 4.99939E-01
 4.99939E-01
 4.99939E-01
 4.99939E-01
 4.99939E-01
 4.99939E-01
 4.99939E-01
 4.99939E-01
 4.99938E-01
 4.99938E-01
 4.99938E-01
 4.99938E-01
 4.99938E-01
 4.99955E-01
 4.99955E-01
 4.99955E-01
 4.99954E-01
 4.99953E-01
 4.99952E-01
 4.99951E-01
 4.99950E-01
 4.99950E-01
 4.99949E-01
 4.99948E-01
 4.99947E-01
 4.99946E-01
 4.99946E-01
 4.99945E-01
 4.99944E-01
 4.99944E-01
 4.99943E-01
 4.99943E-01
 4.99942E-01
 4.99942E-01
 4.99941E-01
 4.99941E-01
 4.99941E-01
 4.99940E-01
 4.99940E-01
 4.99940E-01
 4.99940E-01
 4.99939E-01
 4.99939E-01
 4.99939E-01
 4.99939E-01
 4.99939E-01
 4.99939E-01
 4.99939E-01
 4.99939E-01
 4.99938E-01
 4.99938E-01
 4.99938E-01
 4.99938E-01
 4.99958E-01
 4.99957E-01
 4.99956E-01
 4.99956E-01
 4.99955E-01
 4.99954E-01
 4.99953E-01
 4.99951E-01
 4.99950E-01
 4.99949E-01
 4.99949E-01
 4.99948E-01
 4.99947E-01
 4.99946E-01
 4.99945E-01
 4.99945E-01
 4.99944E-01
 4.99943E-01
 4.99943E-01
 4.99942E-01
 4.99942E-01
 4.99942E-01
 4.99941E-01
 4.99941E-01
 4.99941E-01
 4.99940E-01
 4.99940E-01
 4.99940E-01
 4.99940E-01
 4.99939E-01
 4.99939E-01
 4.99939E-01
 4.99939E-01
 4.99939E-01
 4.99939E-01
 4.99939E-01
 4.99939E-01
 4.99939E-01
 4.99939E-01
 4.99939E-01
 4.99960E-01
 4.99959E-01
 4.99958E-01
 4.99957E-01
 4.99956E-01
 4.99955E-01
 4.99954E-01
 4.99952E-01
 4.99951E-01
 4.99950E-01
 4.99949E-01
 4.99948E-01
 4.99947E-01
 4.99946E-01
 4.99946E-01
 4.99945E-01
 4.99944E-01
 4.99944E-01
 4.99943E-01
 4.99943E-01
 4.99942E-01
 4.99942E-01
 4.99941E-01
 4.99941E-01
 4.99941E-01
 4.99940E-01
 4.99940E-01
 4.99940E-01
 4.99940E-01
 4.99940E-01
 4.99939E-01
 4.99939E-01
 4.99939E-01
 4.99939E-01
 4.99939E-01
 4.99939E-01
 4.99939E-01
 4.99939E-01
 4.99939E-01
 4.99939E-01
 4.99962E-01
 4.99961E-01
 4.99960E-01
 4.99959E-01
 4.99958E-01
 4.99956E-01
 4.99955E-01
 4.99953E-01
 4.99952E-01
 4.99951E-01
 4.99950E-01
 4.99949E-01
 4.99948E-01
 4.99947E-01
 4.99946E-01
 4.99945E-01
 4.99945E-01
 4.99944E-01
 4.99943E-01
 4.99943E-01
 4.99942E-01
 4.99942E-01
 4.99942E-01
 4.99941E-01
 4.99941E-01
 4.99941E-01
 4.99940E-01
 4.99940E-01
 4.99940E-01
 4.99940E-01
 4.99939E-01
 4.99939E-01
 4.99939E-01
 4.99939E-01
 4.99939E-01
 4.99939E-01
 4.99939E-01
 4.99939E-01
 4.99939E-01
 4.99939E-01
 4.99964E-01
 4.99963E-01
 4.99962E-01
 4.99960E-01
 4.99959E-01
 4.99957E-01
 4.99956E-01
 4.99954E-01
 4.99953E-01
 4.99951E-01
 4.99950E-01
 4.99949E-01
 4.99948E-01
 4.99947E-01
 4.99946E-01
 4.99946E-01
 4.99945E-01
 4.99944E-01
 4.99944E-01
 4.99943E-01
 4.99943E-01
 4.99942E-01
 4.99942E-01
 4.99941E-01
 4.99941E-01
 4.99941E-01
 4.99940E-01
 4.99940E-01
 4.99940E-01
 4.99940E-01
 4.99940E-01
 4.99939E-01
 4.99939E-01
 4.99939E-01
 4.99939E-01
 4.99939E-01
 4.99939E-01
 4.99939E-01
 4.99939E-01
 4.99939E-01
 4.99965E-01
 4.99965E-01
 4.99963E-01
 4.99962E-01
 4.99960E-01
 4.99958E-01
 4.99956E-01
 4.99955E-01
 4.99953E-01
 4.99952E-01
 4.99950E-01
 4.99949E-01
 4.99948E-01
 4.99947E-01
 4.99946E-01
 4.99946E-01
 4.99945E-01
 4.99944E-01
 4.99944E-01
 4.99943E-01
 4.99943E-01
 4.99942E-01
 4.99942E-01
 4.99941E-01
 4.99941E-01
 4.99941E-01
 4.99940E-01
 4.99940E-01
 4.99940E-01
 4.99940E-01
 4.99940E-01
 4.99939E-01
 4.99939E-01
 4.99939E-01
 4.99939E-01
 4.99939E-01
 4.99939E-01
 4.99939E-01
 4.99939E-01
 4.99939E-01
 4.99966E-01
 4.99966E-01
 4.99965E-01
 4.99963E-01
 4.99961E-01
 4.99959E-01
 4.99957E-01
 4.99955E-01
 4.99953E-01
 4.99952E-01
 4.99951E-01
 4.99949E-01
 4.99948E-01
 4.99947E-01
 4.99947E-01
 4.99946E-01
 4.99945E-01
 4.99944E-01
 4.99944E-01
 4.99943E-01
 4.99943E-01
 4.99942E-01
 4.99942E-01
 4.99941E-01
 4.99941E-01
 4.99941E-01
 4.99940E-01
 4.99940E-01
 4.99940E-01
 4.99940E-01
 4.99940E-01
 4.99939E-01
 4.99939E-01
 4.99939E-01
 4.99939E-01
 4.99939E-01
 4.99939E-01
 4.99939E-01
 4.99939E-01
 4.99939E-01
