 2.01278968E+06
 2.01272409E+06
 2.01268456E+06
 2.01265731E+06
 2.01263678E+06
 2.01262037E+06
 2.01260530E+06
 2.01259047E+06
 2.01257758E+06
 2.01256637E+06
 2.01255650E+06
 2.01254774E+06
 2.01253990E+06
 2.01253286E+06
 2.01252651E+06
 2.01252076E+06
 2.01251554E+06
 2.01251080E+06
 2.01250648E+06
 2.01250254E+06
 2.01249896E+06
 2.01249569E+06
 2.01249271E+06
 2.01249000E+06
 2.01248754E+06
 2.01248530E+06
 2.01248328E+06
 2.01248145E+06
 2.01247981E+06
 2.01247834E+06
 2.01247703E+06
 2.01247588E+06
 2.01247487E+06
 2.01247401E+06
 2.01247327E+06
 2.01247267E+06
 2.01247219E+06
 2.01247184E+06
 2.01247160E+06
 2.01247148E+06
 2.01272387E+06
 2.01269802E+06
 2.01267228E+06
 2.01265060E+06
 2.01263267E+06
 2.01261758E+06
 2.01260235E+06
 2.01258825E+06
 2.01257589E+06
 2.01256502E+06
 2.01255539E+06
 2.01254681E+06
 2.01253911E+06
 2.01253218E+06
 2.01252591E+06
 2.01252023E+06
 2.01251506E+06
 2.01251037E+06
 2.01250609E+06
 2.01250219E+06
 2.01249864E+06
 2.01249540E+06
 2.01249245E+06
 2.01248976E+06
 2.01248731E+06
 2.01248509E+06
 2.01248308E+06
 2.01248127E+06
 2.01247964E+06
 2.01247818E+06
 2.01247688E+06
 2.01247573E+06
 2.01247473E+06
 2.01247387E+06
 2.01247315E+06
 2.01247255E+06
 2.01247207E+06
 2.01247172E+06
 2.01247148E+06
 2.01247137E+06
 2.01268391E+06
 2.01267185E+06
 2.01265594E+06
 2.01264014E+06
 2.01262576E+06
 2.01261145E+06
 2.01259712E+06
 2.01258420E+06
 2.01257270E+06
 2.01256243E+06
 2.01255325E+06
 2.01254499E+06
 2.01253755E+06
 2.01253082E+06
 2.01252472E+06
 2.01251917E+06
 2.01251412E+06
 2.01250953E+06
 2.01250533E+06
 2.01250150E+06
 2.01249801E+06
 2.01249482E+06
 2.01249192E+06
 2.01248927E+06
 2.01248686E+06
 2.01248467E+06
 2.01248269E+06
 2.01248090E+06
 2.01247929E+06
 2.01247785E+06
 2.01247657E+06
 2.01247544E+06
 2.01247446E+06
 2.01247361E+06
 2.01247289E+06
 2.01247230E+06
 2.01247183E+06
 2.01247148E+06
 2.01247125E+06
 2.01247113E+06
 2.01265602E+06
 2.01264952E+06
 2.01263948E+06
 2.01262825E+06
 2.01261617E+06
 2.01260282E+06
 2.01259025E+06
 2.01257873E+06
 2.01256826E+06
 2.01255877E+06
 2.01255017E+06
 2.01254237E+06
 2.01253528E+06
 2.01252884E+06
 2.01252297E+06
 2.01251762E+06
 2.01251274E+06
 2.01250828E+06
 2.01250420E+06
 2.01250048E+06
 2.01249707E+06
 2.01249396E+06
 2.01249113E+06
 2.01248854E+06
 2.01248618E+06
 2.01248404E+06
 2.01248211E+06
 2.01248036E+06
 2.01247878E+06
 2.01247737E+06
 2.01247611E+06
 2.01247501E+06
 2.01247404E+06
 2.01247321E+06
 2.01247250E+06
 2.01247192E+06
 2.01247146E+06
 2.01247112E+06
 2.01247089E+06
 2.01247078E+06
 2.01263462E+06
 2.01263073E+06
 2.01262423E+06
 2.01261535E+06
 2.01260423E+06
 2.01259303E+06
 2.01258229E+06
 2.01257220E+06
 2.01256284E+06
 2.01255421E+06
 2.01254629E+06
 2.01253902E+06
 2.01253237E+06
 2.01252628E+06
 2.01252071E+06
 2.01251560E+06
 2.01251093E+06
 2.01250664E+06
 2.01250272E+06
 2.01249913E+06
 2.01249584E+06
 2.01249283E+06
 2.01249008E+06
 2.01248758E+06
 2.01248529E+06
 2.01248322E+06
 2.01248133E+06
 2.01247963E+06
 2.01247810E+06
 2.01247673E+06
 2.01247551E+06
 2.01247443E+06
 2.01247349E+06
 2.01247268E+06
 2.01247199E+06
 2.01247143E+06
 2.01247098E+06
 2.01247065E+06
 2.01247043E+06
 2.01247032E+06
 2.01261710E+06
 2.01261457E+06
 2.01260897E+06
 2.01260091E+06
 2.01259195E+06
 2.01258275E+06
 2.01257368E+06
 2.01256495E+06
 2.01255669E+06
 2.01254895E+06
 2.01254174E+06
 2.01253507E+06
 2.01252890E+06
 2.01252321E+06
 2.01251797E+06
 2.01251315E+06
 2.01250872E+06
 2.01250465E+06
 2.01250091E+06
 2.01249747E+06
 2.01249433E+06
 2.01249144E+06
 2.01248880E+06
 2.01248639E+06
 2.01248420E+06
 2.01248220E+06
 2.01248038E+06
 2.01247874E+06
 2.01247726E+06
 2.01247594E+06
 2.01247476E+06
 2.01247372E+06
 2.01247281E+06
 2.01247203E+06
 2.01247137E+06
 2.01247082E+06
 2.01247039E+06
 2.01247006E+06
 2.01246985E+06
 2.01246974E+06
 2.01260097E+06
 2.01259817E+06
 2.01259326E+06
 2.01258696E+06
 2.01257984E+06
 2.01257232E+06
 2.01256472E+06
 2.01255724E+06
 2.01255002E+06
 2.01254315E+06
 2.01253667E+06
 2.01253060E+06
 2.01252495E+06
 2.01251969E+06
 2.01251482E+06
 2.01251032E+06
 2.01250616E+06
 2.01250232E+06
 2.01249879E+06
 2.01249554E+06
 2.01249255E+06
 2.01248981E+06
 2.01248729E+06
 2.01248500E+06
 2.01248290E+06
 2.01248099E+06
 2.01247925E+06
 2.01247768E+06
 2.01247627E+06
 2.01247500E+06
 2.01247387E+06
 2.01247288E+06
 2.01247201E+06
 2.01247125E+06
 2.01247062E+06
 2.01247010E+06
 2.01246968E+06
 2.01246937E+06
 2.01246917E+06
 2.01246907E+06
 2.01258439E+06
 2.01258234E+06
 2.01257866E+06
 2.01257380E+06
 2.01256813E+06
 2.01256199E+06
 2.01255563E+06
 2.01254926E+06
 2.01254300E+06
 2.01253696E+06
 2.01253119E+06
 2.01252573E+06
 2.01252059E+06
 2.01251579E+06
 2.01251131E+06
 2.01250714E+06
 2.01250327E+06
 2.01249969E+06
 2.01249639E+06
 2.01249333E+06
 2.01249053E+06
 2.01248794E+06
 2.01248557E+06
 2.01248340E+06
 2.01248142E+06
 2.01247961E+06
 2.01247796E+06
 2.01247647E+06
 2.01247513E+06
 2.01247393E+06
 2.01247286E+06
 2.01247191E+06
 2.01247108E+06
 2.01247037E+06
 2.01246976E+06
 2.01246926E+06
 2.01246887E+06
 2.01246858E+06
 2.01246838E+06
 2.01246828E+06
 2.01256951E+06
 2.01256801E+06
 2.01256522E+06
 2.01256143E+06
 2.01255689E+06
 2.01255187E+06
 2.01254657E+06
 2.01254116E+06
 2.01253577E+06
 2.01253049E+06
 2.01252540E+06
 2.01252053E+06
 2.01251591E+06
 2.01251156E+06
 2.01250747E+06
 2.01250366E+06
 2.01250010E+06
 2.01249679E+06
 2.01249373E+06
 2.01249089E+06
 2.01248828E+06
 2.01248586E+06
 2.01248365E+06
 2.01248162E+06
 2.01247976E+06
 2.01247806E+06
 2.01247651E+06
 2.01247512E+06
 2.01247385E+06
 2.01247272E+06
 2.01247171E+06
 2.01247082E+06
 2.01247004E+06
 2.01246937E+06
 2.01246880E+06
 2.01246833E+06
 2.01246796E+06
 2.01246768E+06
 2.01246750E+06
 2.01246740E+06
 2.01255608E+06
 2.01255495E+06
 2.01255280E+06
 2.01254980E+06
 2.01254615E+06
 2.01254203E+06
 2.01253761E+06
 2.01253304E+06
 2.01252842E+06
 2.01252385E+06
 2.01251938E+06
 2.01251508E+06
 2.01251097E+06
 2.01250706E+06
 2.01250338E+06
 2.01249991E+06
 2.01249667E+06
 2.01249365E+06
 2.01249084E+06
 2.01248823E+06
 2.01248582E+06
 2.01248359E+06
 2.01248154E+06
 2.01247966E+06
 2.01247793E+06
 2.01247636E+06
 2.01247492E+06
 2.01247362E+06
 2.01247245E+06
 2.01247139E+06
 2.01247045E+06
 2.01246962E+06
 2.01246889E+06
 2.01246827E+06
 2.01246773E+06
 2.01246730E+06
 2.01246695E+06
 2.01246669E+06
 2.01246652E+06
 2.01246643E+06
 2.01254379E+06
 2.01254291E+06
 2.01254122E+06
 2.01253883E+06
 2.01253587E+06
 2.01253249E+06
 2.01252881E+06
 2.01252496E+06
 2.01252102E+06
 2.01251709E+06
 2.01251321E+06
 2.01250944E+06
 2.01250581E+06
 2.01250234E+06
 2.01249905E+06
 2.01249595E+06
 2.01249303E+06
 2.01249030E+06
 2.01248775E+06
 2.01248538E+06
 2.01248318E+06
 2.01248115E+06
 2.01247927E+06
 2.01247754E+06
 2.01247596E+06
 2.01247452E+06
 2.01247320E+06
 2.01247200E+06
 2.01247092E+06
 2.01246995E+06
 2.01246908E+06
 2.01246832E+06
 2.01246765E+06
 2.01246707E+06
 2.01246658E+06
 2.01246617E+06
 2.01246585E+06
 2.01246561E+06
 2.01246546E+06
 2.01246538E+06
 2.01253238E+06
 2.01253168E+06
 2.01253034E+06
 2.01252842E+06
 2.01252602E+06
 2.01252324E+06
 2.01252019E+06
 2.01251696E+06
 2.01251363E+06
 2.01251027E+06
 2.01250693E+06
 2.01250366E+06
 2.01250050E+06
 2.01249745E+06
 2.01249455E+06
 2.01249179E+06
 2.01248920E+06
 2.01248676E+06
 2.01248448E+06
 2.01248235E+06
 2.01248037E+06
 2.01247854E+06
 2.01247685E+06
 2.01247529E+06
 2.01247386E+06
 2.01247254E+06
 2.01247135E+06
 2.01247026E+06
 2.01246928E+06
 2.01246840E+06
 2.01246761E+06
 2.01246692E+06
 2.01246631E+06
 2.01246578E+06
 2.01246533E+06
 2.01246497E+06
 2.01246468E+06
 2.01246446E+06
 2.01246431E+06
 2.01246424E+06
 2.01252166E+06
 2.01252111E+06
 2.01252003E+06
 2.01251849E+06
 2.01251654E+06
 2.01251427E+06
 2.01251175E+06
 2.01250906E+06
 2.01250627E+06
 2.01250343E+06
 2.01250058E+06
 2.01249778E+06
 2.01249505E+06
 2.01249242E+06
 2.01248989E+06
 2.01248749E+06
 2.01248521E+06
 2.01248306E+06
 2.01248105E+06
 2.01247917E+06
 2.01247742E+06
 2.01247579E+06
 2.01247429E+06
 2.01247290E+06
 2.01247163E+06
 2.01247046E+06
 2.01246939E+06
 2.01246842E+06
 2.01246755E+06
 2.01246676E+06
 2.01246605E+06
 2.01246543E+06
 2.01246488E+06
 2.01246441E+06
 2.01246401E+06
 2.01246368E+06
 2.01246342E+06
 2.01246323E+06
 2.01246310E+06
 2.01246304E+06
 2.01251149E+06
 2.01251105E+06
 2.01251020E+06
 2.01250896E+06
 2.01250739E+06
 2.01250554E+06
 2.01250348E+06
 2.01250127E+06
 2.01249895E+06
 2.01249658E+06
 2.01249420E+06
 2.01249183E+06
 2.01248952E+06
 2.01248727E+06
 2.01248511E+06
 2.01248305E+06
 2.01248109E+06
 2.01247924E+06
 2.01247749E+06
 2.01247586E+06
 2.01247434E+06
 2.01247293E+06
 2.01247162E+06
 2.01247041E+06
 2.01246929E+06
 2.01246827E+06
 2.01246734E+06
 2.01246649E+06
 2.01246572E+06
 2.01246503E+06
 2.01246441E+06
 2.01246387E+06
 2.01246339E+06
 2.01246297E+06
 2.01246262E+06
 2.01246233E+06
 2.01246210E+06
 2.01246193E+06
 2.01246182E+06
 2.01246176E+06
 2.01250176E+06
 2.01250142E+06
 2.01250074E+06
 2.01249976E+06
 2.01249851E+06
 2.01249703E+06
 2.01249537E+06
 2.01249358E+06
 2.01249169E+06
 2.01248975E+06
 2.01248779E+06
 2.01248584E+06
 2.01248392E+06
 2.01248204E+06
 2.01248024E+06
 2.01247851E+06
 2.01247686E+06
 2.01247530E+06
 2.01247383E+06
 2.01247245E+06
 2.01247116E+06
 2.01246996E+06
 2.01246884E+06
 2.01246781E+06
 2.01246686E+06
 2.01246599E+06
 2.01246520E+06
 2.01246447E+06
 2.01246382E+06
 2.01246323E+06
 2.01246270E+06
 2.01246223E+06
 2.01246182E+06
 2.01246147E+06
 2.01246117E+06
 2.01246092E+06
 2.01246073E+06
 2.01246058E+06
 2.01246048E+06
 2.01246044E+06
 2.01249238E+06
 2.01249212E+06
 2.01249159E+06
 2.01249083E+06
 2.01248985E+06
 2.01248870E+06
 2.01248739E+06
 2.01248598E+06
 2.01248448E+06
 2.01248294E+06
 2.01248137E+06
 2.01247981E+06
 2.01247826E+06
 2.01247675E+06
 2.01247529E+06
 2.01247388E+06
 2.01247254E+06
 2.01247127E+06
 2.01247007E+06
 2.01246894E+06
 2.01246788E+06
 2.01246690E+06
 2.01246599E+06
 2.01246514E+06
 2.01246436E+06
 2.01246364E+06
 2.01246299E+06
 2.01246239E+06
 2.01246185E+06
 2.01246136E+06
 2.01246093E+06
 2.01246054E+06
 2.01246021E+06
 2.01245991E+06
 2.01245967E+06
 2.01245946E+06
 2.01245930E+06
 2.01245918E+06
 2.01245910E+06
 2.01245906E+06
 2.01248327E+06
 2.01248307E+06
 2.01248268E+06
 2.01248211E+06
 2.01248138E+06
 2.01248051E+06
 2.01247953E+06
 2.01247846E+06
 2.01247733E+06
 2.01247615E+06
 2.01247496E+06
 2.01247376E+06
 2.01247257E+06
 2.01247141E+06
 2.01247028E+06
 2.01246920E+06
 2.01246816E+06
 2.01246717E+06
 2.01246624E+06
 2.01246536E+06
 2.01246454E+06
 2.01246377E+06
 2.01246306E+06
 2.01246240E+06
 2.01246179E+06
 2.01246123E+06
 2.01246072E+06
 2.01246025E+06
 2.01245983E+06
 2.01245945E+06
 2.01245911E+06
 2.01245881E+06
 2.01245854E+06
 2.01245831E+06
 2.01245812E+06
 2.01245796E+06
 2.01245783E+06
 2.01245774E+06
 2.01245768E+06
 2.01245764E+06
 2.01247436E+06
 2.01247422E+06
 2.01247395E+06
 2.01247355E+06
 2.01247304E+06
 2.01247244E+06
 2.01247175E+06
 2.01247100E+06
 2.01247021E+06
 2.01246938E+06
 2.01246854E+06
 2.01246770E+06
 2.01246686E+06
 2.01246603E+06
 2.01246523E+06
 2.01246446E+06
 2.01246372E+06
 2.01246302E+06
 2.01246235E+06
 2.01246173E+06
 2.01246114E+06
 2.01246059E+06
 2.01246008E+06
 2.01245961E+06
 2.01245917E+06
 2.01245877E+06
 2.01245840E+06
 2.01245807E+06
 2.01245776E+06
 2.01245749E+06
 2.01245725E+06
 2.01245703E+06
 2.01245684E+06
 2.01245668E+06
 2.01245654E+06
 2.01245642E+06
 2.01245633E+06
 2.01245626E+06
 2.01245622E+06
 2.01245620E+06
 2.01246558E+06
 2.01246550E+06
 2.01246534E+06
 2.01246510E+06
 2.01246480E+06
 2.01246445E+06
 2.01246404E+06
 2.01246360E+06
 2.01246312E+06
 2.01246263E+06
 2.01246213E+06
 2.01246163E+06
 2.01246113E+06
 2.01246063E+06
 2.01246015E+06
 2.01245969E+06
 2.01245925E+06
 2.01245883E+06
 2.01245843E+06
 2.01245805E+06
 2.01245770E+06
 2.01245737E+06
 2.01245706E+06
 2.01245678E+06
 2.01245652E+06
 2.01245628E+06
 2.01245605E+06
 2.01245585E+06
 2.01245567E+06
 2.01245551E+06
 2.01245536E+06
 2.01245523E+06
 2.01245511E+06
 2.01245502E+06
 2.01245493E+06
 2.01245486E+06
 2.01245481E+06
 2.01245477E+06
 2.01245474E+06
 2.01245473E+06
 2.01245688E+06
 2.01245686E+06
 2.01245680E+06
 2.01245672E+06
 2.01245662E+06
 2.01245650E+06
 2.01245637E+06
 2.01245622E+06
 2.01245606E+06
 2.01245589E+06
 2.01245572E+06
 2.01245555E+06
 2.01245539E+06
 2.01245522E+06
 2.01245506E+06
 2.01245491E+06
 2.01245476E+06
 2.01245462E+06
 2.01245448E+06
 2.01245436E+06
 2.01245424E+06
 2.01245413E+06
 2.01245403E+06
 2.01245393E+06
 2.01245384E+06
 2.01245376E+06
 2.01245369E+06
 2.01245362E+06
 2.01245356E+06
 2.01245350E+06
 2.01245345E+06
 2.01245341E+06
 2.01245337E+06
 2.01245334E+06
 2.01245331E+06
 2.01245329E+06
 2.01245327E+06
 2.01245326E+06
 2.01245325E+06
 2.01245324E+06
 2.01244822E+06
 2.01244824E+06
 2.01244829E+06
 2.01244837E+06
 2.01244846E+06
 2.01244857E+06
 2.01244870E+06
 2.01244885E+06
 2.01244900E+06
 2.01244915E+06
 2.01244932E+06
 2.01244948E+06
 2.01244964E+06
 2.01244980E+06
 2.01244996E+06
 2.01245011E+06
 2.01245026E+06
 2.01245040E+06
 2.01245053E+06
 2.01245065E+06
 2.01245077E+06
 2.01245088E+06
 2.01245098E+06
 2.01245107E+06
 2.01245116E+06
 2.01245124E+06
 2.01245131E+06
 2.01245138E+06
 2.01245144E+06
 2.01245150E+06
 2.01245154E+06
 2.01245159E+06
 2.01245163E+06
 2.01245166E+06
 2.01245169E+06
 2.01245171E+06
 2.01245173E+06
 2.01245174E+06
 2.01245175E+06
 2.01245176E+06
 2.01243952E+06
 2.01243960E+06
 2.01243976E+06
 2.01243999E+06
 2.01244028E+06
 2.01244063E+06
 2.01244103E+06
 2.01244146E+06
 2.01244193E+06
 2.01244241E+06
 2.01244291E+06
 2.01244341E+06
 2.01244390E+06
 2.01244439E+06
 2.01244487E+06
 2.01244532E+06
 2.01244576E+06
 2.01244618E+06
 2.01244658E+06
 2.01244695E+06
 2.01244731E+06
 2.01244763E+06
 2.01244794E+06
 2.01244822E+06
 2.01244848E+06
 2.01244873E+06
 2.01244895E+06
 2.01244915E+06
 2.01244933E+06
 2.01244949E+06
 2.01244964E+06
 2.01244977E+06
 2.01244988E+06
 2.01244998E+06
 2.01245007E+06
 2.01245014E+06
 2.01245019E+06
 2.01245023E+06
 2.01245026E+06
 2.01245027E+06
 2.01243075E+06
 2.01243089E+06
 2.01243115E+06
 2.01243154E+06
 2.01243204E+06
 2.01243264E+06
 2.01243332E+06
 2.01243406E+06
 2.01243484E+06
 2.01243566E+06
 2.01243650E+06
 2.01243734E+06
 2.01243817E+06
 2.01243899E+06
 2.01243979E+06
 2.01244056E+06
 2.01244129E+06
 2.01244199E+06
 2.01244266E+06
 2.01244328E+06
 2.01244387E+06
 2.01244441E+06
 2.01244492E+06
 2.01244540E+06
 2.01244583E+06
 2.01244623E+06
 2.01244660E+06
 2.01244693E+06
 2.01244724E+06
 2.01244751E+06
 2.01244775E+06
 2.01244797E+06
 2.01244816E+06
 2.01244832E+06
 2.01244846E+06
 2.01244858E+06
 2.01244867E+06
 2.01244873E+06
 2.01244878E+06
 2.01244880E+06
 2.01242184E+06
 2.01242204E+06
 2.01242243E+06
 2.01242299E+06
 2.01242371E+06
 2.01242457E+06
 2.01242554E+06
 2.01242660E+06
 2.01242772E+06
 2.01242889E+06
 2.01243008E+06
 2.01243127E+06
 2.01243245E+06
 2.01243361E+06
 2.01243474E+06
 2.01243582E+06
 2.01243685E+06
 2.01243784E+06
 2.01243877E+06
 2.01243964E+06
 2.01244047E+06
 2.01244123E+06
 2.01244194E+06
 2.01244260E+06
 2.01244321E+06
 2.01244377E+06
 2.01244428E+06
 2.01244475E+06
 2.01244517E+06
 2.01244555E+06
 2.01244589E+06
 2.01244619E+06
 2.01244646E+06
 2.01244669E+06
 2.01244688E+06
 2.01244704E+06
 2.01244717E+06
 2.01244726E+06
 2.01244732E+06
 2.01244735E+06
 2.01241274E+06
 2.01241300E+06
 2.01241352E+06
 2.01241427E+06
 2.01241524E+06
 2.01241638E+06
 2.01241767E+06
 2.01241908E+06
 2.01242056E+06
 2.01242210E+06
 2.01242366E+06
 2.01242522E+06
 2.01242676E+06
 2.01242827E+06
 2.01242973E+06
 2.01243113E+06
 2.01243247E+06
 2.01243374E+06
 2.01243494E+06
 2.01243606E+06
 2.01243712E+06
 2.01243810E+06
 2.01243902E+06
 2.01243986E+06
 2.01244064E+06
 2.01244136E+06
 2.01244201E+06
 2.01244261E+06
 2.01244315E+06
 2.01244364E+06
 2.01244407E+06
 2.01244446E+06
 2.01244479E+06
 2.01244508E+06
 2.01244533E+06
 2.01244554E+06
 2.01244570E+06
 2.01244582E+06
 2.01244590E+06
 2.01244594E+06
 2.01240337E+06
 2.01240371E+06
 2.01240438E+06
 2.01240535E+06
 2.01240659E+06
 2.01240805E+06
 2.01240970E+06
 2.01241148E+06
 2.01241335E+06
 2.01241529E+06
 2.01241724E+06
 2.01241919E+06
 2.01242110E+06
 2.01242297E+06
 2.01242477E+06
 2.01242650E+06
 2.01242815E+06
 2.01242971E+06
 2.01243118E+06
 2.01243256E+06
 2.01243385E+06
 2.01243505E+06
 2.01243616E+06
 2.01243719E+06
 2.01243814E+06
 2.01243901E+06
 2.01243980E+06
 2.01244053E+06
 2.01244118E+06
 2.01244177E+06
 2.01244230E+06
 2.01244277E+06
 2.01244317E+06
 2.01244353E+06
 2.01244383E+06
 2.01244407E+06
 2.01244427E+06
 2.01244442E+06
 2.01244451E+06
 2.01244456E+06
 2.01239366E+06
 2.01239409E+06
 2.01239494E+06
 2.01239616E+06
 2.01239771E+06
 2.01239954E+06
 2.01240158E+06
 2.01240378E+06
 2.01240609E+06
 2.01240845E+06
 2.01241083E+06
 2.01241318E+06
 2.01241550E+06
 2.01241774E+06
 2.01241990E+06
 2.01242196E+06
 2.01242392E+06
 2.01242577E+06
 2.01242751E+06
 2.01242914E+06
 2.01243066E+06
 2.01243207E+06
 2.01243338E+06
 2.01243459E+06
 2.01243571E+06
 2.01243673E+06
 2.01243766E+06
 2.01243851E+06
 2.01243928E+06
 2.01243997E+06
 2.01244059E+06
 2.01244113E+06
 2.01244161E+06
 2.01244202E+06
 2.01244237E+06
 2.01244266E+06
 2.01244289E+06
 2.01244306E+06
 2.01244318E+06
 2.01244323E+06
 2.01238352E+06
 2.01238406E+06
 2.01238512E+06
 2.01238664E+06
 2.01238856E+06
 2.01239081E+06
 2.01239331E+06
 2.01239598E+06
 2.01239876E+06
 2.01240160E+06
 2.01240443E+06
 2.01240723E+06
 2.01240996E+06
 2.01241259E+06
 2.01241511E+06
 2.01241752E+06
 2.01241979E+06
 2.01242194E+06
 2.01242395E+06
 2.01242583E+06
 2.01242758E+06
 2.01242921E+06
 2.01243071E+06
 2.01243210E+06
 2.01243337E+06
 2.01243454E+06
 2.01243561E+06
 2.01243658E+06
 2.01243745E+06
 2.01243824E+06
 2.01243895E+06
 2.01243957E+06
 2.01244011E+06
 2.01244059E+06
 2.01244098E+06
 2.01244131E+06
 2.01244157E+06
 2.01244177E+06
 2.01244190E+06
 2.01244196E+06
 2.01237284E+06
 2.01237352E+06
 2.01237483E+06
 2.01237672E+06
 2.01237908E+06
 2.01238183E+06
 2.01238486E+06
 2.01238807E+06
 2.01239139E+06
 2.01239474E+06
 2.01239808E+06
 2.01240134E+06
 2.01240451E+06
 2.01240755E+06
 2.01241045E+06
 2.01241321E+06
 2.01241580E+06
 2.01241824E+06
 2.01242052E+06
 2.01242265E+06
 2.01242463E+06
 2.01242646E+06
 2.01242815E+06
 2.01242971E+06
 2.01243114E+06
 2.01243245E+06
 2.01243365E+06
 2.01243473E+06
 2.01243572E+06
 2.01243660E+06
 2.01243738E+06
 2.01243808E+06
 2.01243869E+06
 2.01243922E+06
 2.01243966E+06
 2.01244003E+06
 2.01244032E+06
 2.01244054E+06
 2.01244068E+06
 2.01244076E+06
 2.01236148E+06
 2.01236233E+06
 2.01236397E+06
 2.01236631E+06
 2.01236922E+06
 2.01237257E+06
 2.01237622E+06
 2.01238006E+06
 2.01238398E+06
 2.01238791E+06
 2.01239179E+06
 2.01239555E+06
 2.01239918E+06
 2.01240265E+06
 2.01240594E+06
 2.01240905E+06
 2.01241197E+06
 2.01241470E+06
 2.01241725E+06
 2.01241962E+06
 2.01242182E+06
 2.01242385E+06
 2.01242573E+06
 2.01242745E+06
 2.01242904E+06
 2.01243048E+06
 2.01243180E+06
 2.01243300E+06
 2.01243408E+06
 2.01243505E+06
 2.01243592E+06
 2.01243668E+06
 2.01243735E+06
 2.01243793E+06
 2.01243842E+06
 2.01243882E+06
 2.01243914E+06
 2.01243938E+06
 2.01243954E+06
 2.01243962E+06
 2.01234928E+06
 2.01235035E+06
 2.01235242E+06
 2.01235534E+06
 2.01235893E+06
 2.01236300E+06
 2.01236740E+06
 2.01237196E+06
 2.01237657E+06
 2.01238114E+06
 2.01238560E+06
 2.01238991E+06
 2.01239402E+06
 2.01239793E+06
 2.01240162E+06
 2.01240508E+06
 2.01240832E+06
 2.01241134E+06
 2.01241416E+06
 2.01241676E+06
 2.01241918E+06
 2.01242140E+06
 2.01242345E+06
 2.01242534E+06
 2.01242706E+06
 2.01242864E+06
 2.01243007E+06
 2.01243138E+06
 2.01243255E+06
 2.01243361E+06
 2.01243455E+06
 2.01243538E+06
 2.01243610E+06
 2.01243673E+06
 2.01243726E+06
 2.01243770E+06
 2.01243805E+06
 2.01243831E+06
 2.01243848E+06
 2.01243856E+06
 2.01233600E+06
 2.01233738E+06
 2.01234002E+06
 2.01234369E+06
 2.01234814E+06
 2.01235312E+06
 2.01235840E+06
 2.01236381E+06
 2.01236920E+06
 2.01237447E+06
 2.01237957E+06
 2.01238445E+06
 2.01238907E+06
 2.01239343E+06
 2.01239751E+06
 2.01240133E+06
 2.01240489E+06
 2.01240820E+06
 2.01241127E+06
 2.01241410E+06
 2.01241672E+06
 2.01241913E+06
 2.01242135E+06
 2.01242338E+06
 2.01242524E+06
 2.01242694E+06
 2.01242848E+06
 2.01242988E+06
 2.01243114E+06
 2.01243228E+06
 2.01243328E+06
 2.01243418E+06
 2.01243496E+06
 2.01243563E+06
 2.01243620E+06
 2.01243667E+06
 2.01243704E+06
 2.01243732E+06
 2.01243750E+06
 2.01243759E+06
 2.01232133E+06
 2.01232315E+06
 2.01232658E+06
 2.01233127E+06
 2.01233684E+06
 2.01234294E+06
 2.01234928E+06
 2.01235567E+06
 2.01236194E+06
 2.01236799E+06
 2.01237377E+06
 2.01237924E+06
 2.01238438E+06
 2.01238919E+06
 2.01239368E+06
 2.01239785E+06
 2.01240172E+06
 2.01240530E+06
 2.01240861E+06
 2.01241166E+06
 2.01241447E+06
 2.01241705E+06
 2.01241942E+06
 2.01242160E+06
 2.01242358E+06
 2.01242539E+06
 2.01242703E+06
 2.01242852E+06
 2.01242987E+06
 2.01243107E+06
 2.01243214E+06
 2.01243309E+06
 2.01243392E+06
 2.01243463E+06
 2.01243523E+06
 2.01243573E+06
 2.01243613E+06
 2.01243642E+06
 2.01243662E+06
 2.01243671E+06
 2.01230485E+06
 2.01230732E+06
 2.01231188E+06
 2.01231797E+06
 2.01232500E+06
 2.01233250E+06
 2.01234013E+06
 2.01234764E+06
 2.01235489E+06
 2.01236178E+06
 2.01236828E+06
 2.01237436E+06
 2.01238002E+06
 2.01238528E+06
 2.01239016E+06
 2.01239467E+06
 2.01239883E+06
 2.01240267E+06
 2.01240620E+06
 2.01240945E+06
 2.01241244E+06
 2.01241519E+06
 2.01241770E+06
 2.01242000E+06
 2.01242210E+06
 2.01242401E+06
 2.01242574E+06
 2.01242731E+06
 2.01242873E+06
 2.01242999E+06
 2.01243112E+06
 2.01243212E+06
 2.01243299E+06
 2.01243374E+06
 2.01243438E+06
 2.01243490E+06
 2.01243532E+06
 2.01243562E+06
 2.01243583E+06
 2.01243593E+06
 2.01228589E+06
 2.01228939E+06
 2.01229566E+06
 2.01230372E+06
 2.01231269E+06
 2.01232195E+06
 2.01233109E+06
 2.01233988E+06
 2.01234819E+06
 2.01235597E+06
 2.01236320E+06
 2.01236989E+06
 2.01237607E+06
 2.01238176E+06
 2.01238700E+06
 2.01239183E+06
 2.01239626E+06
 2.01240034E+06
 2.01240408E+06
 2.01240752E+06
 2.01241067E+06
 2.01241355E+06
 2.01241619E+06
 2.01241860E+06
 2.01242080E+06
 2.01242280E+06
 2.01242461E+06
 2.01242626E+06
 2.01242773E+06
 2.01242906E+06
 2.01243024E+06
 2.01243128E+06
 2.01243219E+06
 2.01243297E+06
 2.01243363E+06
 2.01243418E+06
 2.01243461E+06
 2.01243493E+06
 2.01243515E+06
 2.01243525E+06
 2.01226343E+06
 2.01226870E+06
 2.01227766E+06
 2.01228854E+06
 2.01230009E+06
 2.01231151E+06
 2.01232241E+06
 2.01233261E+06
 2.01234204E+06
 2.01235071E+06
 2.01235865E+06
 2.01236593E+06
 2.01237259E+06
 2.01237869E+06
 2.01238427E+06
 2.01238938E+06
 2.01239406E+06
 2.01239834E+06
 2.01240227E+06
 2.01240586E+06
 2.01240915E+06
 2.01241216E+06
 2.01241491E+06
 2.01241742E+06
 2.01241970E+06
 2.01242178E+06
 2.01242366E+06
 2.01242536E+06
 2.01242689E+06
 2.01242827E+06
 2.01242949E+06
 2.01243056E+06
 2.01243151E+06
 2.01243232E+06
 2.01243300E+06
 2.01243357E+06
 2.01243401E+06
 2.01243435E+06
 2.01243457E+06
 2.01243468E+06
 2.01223570E+06
 2.01224433E+06
 2.01225772E+06
 2.01227272E+06
 2.01228760E+06
 2.01230160E+06
 2.01231444E+06
 2.01232609E+06
 2.01233663E+06
 2.01234616E+06
 2.01235478E+06
 2.01236260E+06
 2.01236969E+06
 2.01237614E+06
 2.01238201E+06
 2.01238736E+06
 2.01239225E+06
 2.01239671E+06
 2.01240079E+06
 2.01240451E+06
 2.01240792E+06
 2.01241103E+06
 2.01241387E+06
 2.01241645E+06
 2.01241881E+06
 2.01242095E+06
 2.01242289E+06
 2.01242464E+06
 2.01242622E+06
 2.01242763E+06
 2.01242888E+06
 2.01242999E+06
 2.01243096E+06
 2.01243179E+06
 2.01243249E+06
 2.01243307E+06
 2.01243353E+06
 2.01243388E+06
 2.01243410E+06
 2.01243422E+06
 2.01219933E+06
 2.01221520E+06
 2.01223617E+06
 2.01225701E+06
 2.01227601E+06
 2.01229284E+06
 2.01230764E+06
 2.01232069E+06
 2.01233225E+06
 2.01234253E+06
 2.01235172E+06
 2.01235998E+06
 2.01236742E+06
 2.01237416E+06
 2.01238026E+06
 2.01238581E+06
 2.01239086E+06
 2.01239546E+06
 2.01239966E+06
 2.01240349E+06
 2.01240698E+06
 2.01241017E+06
 2.01241308E+06
 2.01241572E+06
 2.01241813E+06
 2.01242032E+06
 2.01242230E+06
 2.01242409E+06
 2.01242570E+06
 2.01242714E+06
 2.01242842E+06
 2.01242955E+06
 2.01243054E+06
 2.01243139E+06
 2.01243211E+06
 2.01243270E+06
 2.01243317E+06
 2.01243352E+06
 2.01243375E+06
 2.01243387E+06
 2.01214710E+06
 2.01218097E+06
 2.01221473E+06
 2.01224315E+06
 2.01226658E+06
 2.01228610E+06
 2.01230261E+06
 2.01231679E+06
 2.01232913E+06
 2.01233998E+06
 2.01234960E+06
 2.01235818E+06
 2.01236587E+06
 2.01237281E+06
 2.01237907E+06
 2.01238476E+06
 2.01238992E+06
 2.01239462E+06
 2.01239889E+06
 2.01240279E+06
 2.01240635E+06
 2.01240959E+06
 2.01241254E+06
 2.01241523E+06
 2.01241768E+06
 2.01241990E+06
 2.01242191E+06
 2.01242373E+06
 2.01242536E+06
 2.01242682E+06
 2.01242812E+06
 2.01242926E+06
 2.01243026E+06
 2.01243112E+06
 2.01243185E+06
 2.01243245E+06
 2.01243293E+06
 2.01243328E+06
 2.01243351E+06
 2.01243363E+06
 2.01206100E+06
 2.01214687E+06
 2.01219863E+06
 2.01223428E+06
 2.01226108E+06
 2.01228236E+06
 2.01229990E+06
 2.01231473E+06
 2.01232751E+06
 2.01233867E+06
 2.01234851E+06
 2.01235725E+06
 2.01236508E+06
 2.01237212E+06
 2.01237847E+06
 2.01238423E+06
 2.01238945E+06
 2.01239419E+06
 2.01239851E+06
 2.01240244E+06
 2.01240603E+06
 2.01240930E+06
 2.01241228E+06
 2.01241499E+06
 2.01241745E+06
 2.01241969E+06
 2.01242171E+06
 2.01242354E+06
 2.01242518E+06
 2.01242665E+06
 2.01242796E+06
 2.01242912E+06
 2.01243012E+06
 2.01243099E+06
 2.01243172E+06
 2.01243233E+06
 2.01243280E+06
 2.01243316E+06
 2.01243340E+06
 2.01243351E+06
