-0.00000E+00
-0.00000E+00
-0.00000E+00
-0.00000E+00
-0.00000E+00
-0.00000E+00
-0.00000E+00
-0.00000E+00
-0.00000E+00
-0.00000E+00
-0.00000E+00
-0.00000E+00
-0.00000E+00
-0.00000E+00
-0.00000E+00
-0.00000E+00
-0.00000E+00
-0.00000E+00
-0.00000E+00
-0.00000E+00
-0.00000E+00
-0.00000E+00
-0.00000E+00
-0.00000E+00
-0.00000E+00
-0.00000E+00
-0.00000E+00
-0.00000E+00
-0.00000E+00
-0.00000E+00
-0.00000E+00
-0.00000E+00
-0.00000E+00
-0.00000E+00
-0.00000E+00
-0.00000E+00
-0.00000E+00
-0.00000E+00
-0.00000E+00
-0.00000E+00
 8.05895E-07
 3.19216E-07
 1.50403E-07
 8.22337E-08
 5.03951E-08
 3.24682E-08
 2.90239E-08
 2.14409E-08
 1.63563E-08
 1.30106E-08
 1.06789E-08
 8.96754E-09
 7.66242E-09
 6.63795E-09
 5.81523E-09
 5.14213E-09
 4.58279E-09
 4.11184E-09
 3.71086E-09
 3.36621E-09
 3.06759E-09
 2.80714E-09
 2.57872E-09
 2.37753E-09
 2.19977E-09
 2.04235E-09
 1.90281E-09
 1.77912E-09
 1.66961E-09
 1.57293E-09
 1.48792E-09
 1.41365E-09
 1.34933E-09
 1.29430E-09
 1.24805E-09
 1.21012E-09
 1.18018E-09
 1.15794E-09
 1.14323E-09
 1.13590E-09
 4.89361E-07
 3.20544E-07
 2.00156E-07
 1.28136E-07
 8.45793E-08
 6.39473E-08
 5.08708E-08
 3.90983E-08
 3.08354E-08
 2.49960E-08
 2.07368E-08
 1.75288E-08
 1.50442E-08
 1.30741E-08
 1.14809E-08
 1.01705E-08
 9.07718E-09
 8.15370E-09
 7.36540E-09
 6.68638E-09
 6.09703E-09
 5.58223E-09
 5.13020E-09
 4.73165E-09
 4.37918E-09
 4.06683E-09
 3.78977E-09
 3.54405E-09
 3.32641E-09
 3.13417E-09
 2.96510E-09
 2.81734E-09
 2.68935E-09
 2.57984E-09
 2.48777E-09
 2.41226E-09
 2.35264E-09
 2.30837E-09
 2.27907E-09
 2.26448E-09
 3.41625E-07
 2.73439E-07
 2.01540E-07
 1.45586E-07
 1.08009E-07
 8.46315E-08
 6.64403E-08
 5.28671E-08
 4.28552E-08
 3.53985E-08
 2.97434E-08
 2.53666E-08
 2.19113E-08
 1.91335E-08
 1.68636E-08
 1.49818E-08
 1.34018E-08
 1.20604E-08
 1.09106E-08
 9.91689E-09
 9.05192E-09
 8.29456E-09
 7.62820E-09
 7.03969E-09
 6.51848E-09
 6.05602E-09
 5.64539E-09
 5.28089E-09
 4.95781E-09
 4.67225E-09
 4.42097E-09
 4.20127E-09
 4.01089E-09
 3.84795E-09
 3.71091E-09
 3.59851E-09
 3.50975E-09
 3.44383E-09
 3.40020E-09
 3.37847E-09
 2.62069E-07
 2.30044E-07
 1.86786E-07
 1.51070E-07
 1.17725E-07
 9.46781E-08
 7.68398E-08
 6.30121E-08
 5.23143E-08
 4.39990E-08
 3.74717E-08
 3.22828E-08
 2.81011E-08
 2.46850E-08
 2.18582E-08
 1.94912E-08
 1.74877E-08
 1.57755E-08
 1.42998E-08
 1.30186E-08
 1.18992E-08
 1.09159E-08
 1.00484E-08
 9.28044E-09
 8.59900E-09
 7.99339E-09
 7.45489E-09
 6.97631E-09
 6.55168E-09
 6.17605E-09
 5.84527E-09
 5.55588E-09
 5.30498E-09
 5.09016E-09
 4.90942E-09
 4.76114E-09
 4.64400E-09
 4.55701E-09
 4.49941E-09
 4.47074E-09
 2.14536E-07
 1.97901E-07
 1.74027E-07
 1.42557E-07
 1.18996E-07
 9.93670E-08
 8.31847E-08
 7.00215E-08
 5.93903E-08
 5.08114E-08
 4.38616E-08
 3.81918E-08
 3.35251E-08
 2.96471E-08
 2.63931E-08
 2.36371E-08
 2.12822E-08
 1.92541E-08
 1.74946E-08
 1.59586E-08
 1.46103E-08
 1.34214E-08
 1.23689E-08
 1.14347E-08
 1.06037E-08
 9.86365E-09
 9.20447E-09
 8.61777E-09
 8.09656E-09
 7.63500E-09
 7.22819E-09
 6.87200E-09
 6.56300E-09
 6.29829E-09
 6.07548E-09
 5.89261E-09
 5.74812E-09
 5.64079E-09
 5.56972E-09
 5.53433E-09
 1.91677E-07
 1.74310E-07
 1.54301E-07
 1.35002E-07
 1.16904E-07
 1.00640E-07
 8.65101E-08
 7.44986E-08
 6.44138E-08
 5.59946E-08
 4.89716E-08
 4.30976E-08
 3.81605E-08
 3.39853E-08
 3.04301E-08
 2.73817E-08
 2.47502E-08
 2.24639E-08
 2.04660E-08
 1.87109E-08
 1.71622E-08
 1.57903E-08
 1.45713E-08
 1.34858E-08
 1.25174E-08
 1.16530E-08
 1.08816E-08
 1.01937E-08
 9.58179E-09
 9.03920E-09
 8.56047E-09
 8.14095E-09
 7.77672E-09
 7.46451E-09
 7.20159E-09
 6.98571E-09
 6.81508E-09
 6.68830E-09
 6.60434E-09
 6.56253E-09
 1.63965E-07
 1.54167E-07
 1.41199E-07
 1.27147E-07
 1.13078E-07
 9.97850E-08
 8.77179E-08
 7.70489E-08
 6.77715E-08
 5.97818E-08
 5.29325E-08
 4.70663E-08
 4.20342E-08
 3.77033E-08
 3.39602E-08
 3.07096E-08
 2.78728E-08
 2.53854E-08
 2.31944E-08
 2.12568E-08
 1.95371E-08
 1.80063E-08
 1.66404E-08
 1.54195E-08
 1.43272E-08
 1.33496E-08
 1.24750E-08
 1.16938E-08
 1.09977E-08
 1.03795E-08
 9.83355E-09
 9.35460E-09
 8.93843E-09
 8.58145E-09
 8.28065E-09
 8.03357E-09
 7.83820E-09
 7.69299E-09
 7.59682E-09
 7.54891E-09
 1.44111E-07
 1.38485E-07
 1.29756E-07
 1.19416E-07
 1.08489E-07
 9.77052E-08
 8.75278E-08
 7.82074E-08
 6.98415E-08
 6.24285E-08
 5.59102E-08
 5.02011E-08
 4.52064E-08
 4.08337E-08
 3.69978E-08
 3.36236E-08
 3.06462E-08
 2.80103E-08
 2.56696E-08
 2.35848E-08
 2.17232E-08
 2.00574E-08
 1.85644E-08
 1.72248E-08
 1.60223E-08
 1.49430E-08
 1.39751E-08
 1.31088E-08
 1.23355E-08
 1.16478E-08
 1.10396E-08
 1.05055E-08
 1.00410E-08
 9.64220E-09
 9.30601E-09
 9.02971E-09
 8.81115E-09
 8.64866E-09
 8.54102E-09
 8.48739E-09
 1.29639E-07
 1.26085E-07
 1.19983E-07
 1.12281E-07
 1.03759E-07
 9.50188E-08
 8.64804E-08
 7.84116E-08
 7.09585E-08
 6.41803E-08
 5.80788E-08
 5.26213E-08
 4.77568E-08
 4.34272E-08
 3.95737E-08
 3.61408E-08
 3.30779E-08
 3.03403E-08
 2.78888E-08
 2.56895E-08
 2.37135E-08
 2.19358E-08
 2.03350E-08
 1.88930E-08
 1.75941E-08
 1.64249E-08
 1.53738E-08
 1.44309E-08
 1.35876E-08
 1.28366E-08
 1.21715E-08
 1.15867E-08
 1.10777E-08
 1.06404E-08
 1.02715E-08
 9.96810E-09
 9.72803E-09
 9.54950E-09
 9.43119E-09
 9.37225E-09
 1.18698E-07
 1.16252E-07
 1.11816E-07
 1.05965E-07
 9.92490E-08
 9.21300E-08
 8.49633E-08
 7.79999E-08
 7.14006E-08
 6.52555E-08
 5.96035E-08
 5.44484E-08
 4.97722E-08
 4.55445E-08
 4.17290E-08
 3.82879E-08
 3.51844E-08
 3.23841E-08
 2.98556E-08
 2.75710E-08
 2.55055E-08
 2.36371E-08
 2.19469E-08
 2.04181E-08
 1.90363E-08
 1.77886E-08
 1.66642E-08
 1.56533E-08
 1.47475E-08
 1.39395E-08
 1.32230E-08
 1.25923E-08
 1.20427E-08
 1.15703E-08
 1.11714E-08
 1.08432E-08
 1.05834E-08
 1.03901E-08
 1.02620E-08
 1.01982E-08
 1.10201E-07
 1.08410E-07
 1.05063E-07
 1.00515E-07
 9.51415E-08
 8.92888E-08
 8.32430E-08
 7.72241E-08
 7.13883E-08
 6.58376E-08
 6.06313E-08
 5.57967E-08
 5.13392E-08
 4.72496E-08
 4.35099E-08
 4.00974E-08
 3.69877E-08
 3.41560E-08
 3.15787E-08
 2.92335E-08
 2.71002E-08
 2.51603E-08
 2.33973E-08
 2.17963E-08
 2.03442E-08
 1.90292E-08
 1.78411E-08
 1.67706E-08
 1.58096E-08
 1.49510E-08
 1.41886E-08
 1.35167E-08
 1.29307E-08
 1.24265E-08
 1.20005E-08
 1.16499E-08
 1.13722E-08
 1.11655E-08
 1.10285E-08
 1.09603E-08
 1.03496E-07
 1.02122E-07
 9.95118E-08
 9.58890E-08
 9.15135E-08
 8.66405E-08
 8.14959E-08
 7.62652E-08
 7.10908E-08
 6.60753E-08
 6.12872E-08
 5.67679E-08
 5.25383E-08
 4.86048E-08
 4.49635E-08
 4.16042E-08
 3.85129E-08
 3.56736E-08
 3.30696E-08
 3.06842E-08
 2.85016E-08
 2.65067E-08
 2.46856E-08
 2.30256E-08
 2.15149E-08
 2.01430E-08
 1.89004E-08
 1.77784E-08
 1.67693E-08
 1.58664E-08
 1.50635E-08
 1.43553E-08
 1.37370E-08
 1.32045E-08
 1.27544E-08
 1.23837E-08
 1.20900E-08
 1.18713E-08
 1.17264E-08
 1.16541E-08
 9.81643E-08
 9.70719E-08
 9.49728E-08
 9.20158E-08
 8.83831E-08
 8.42637E-08
 7.98348E-08
 7.52498E-08
 7.06345E-08
 6.60857E-08
 6.16744E-08
 5.74493E-08
 5.34414E-08
 4.96677E-08
 4.61351E-08
 4.28431E-08
 3.97862E-08
 3.69560E-08
 3.43418E-08
 3.19321E-08
 2.97152E-08
 2.76793E-08
 2.58130E-08
 2.41055E-08
 2.25469E-08
 2.11276E-08
 1.98390E-08
 1.86732E-08
 1.76230E-08
 1.66818E-08
 1.58439E-08
 1.51039E-08
 1.44573E-08
 1.39001E-08
 1.34288E-08
 1.30405E-08
 1.27327E-08
 1.25035E-08
 1.23514E-08
 1.22757E-08
 9.39249E-08
 9.30281E-08
 9.12917E-08
 8.88183E-08
 8.57393E-08
 8.21966E-08
 7.83296E-08
 7.42649E-08
 7.01116E-08
 6.59585E-08
 6.18752E-08
 5.79136E-08
 5.41103E-08
 5.04896E-08
 4.70661E-08
 4.38467E-08
 4.08329E-08
 3.80222E-08
 3.54094E-08
 3.29873E-08
 3.07478E-08
 2.86822E-08
 2.67814E-08
 2.50367E-08
 2.34395E-08
 2.19814E-08
 2.06548E-08
 1.94524E-08
 1.83675E-08
 1.73940E-08
 1.65262E-08
 1.57591E-08
 1.50884E-08
 1.45099E-08
 1.40203E-08
 1.36167E-08
 1.32967E-08
 1.30584E-08
 1.29003E-08
 1.28215E-08
 9.05823E-08
 8.98239E-08
 8.83473E-08
 8.62266E-08
 8.35590E-08
 8.04538E-08
 7.70219E-08
 7.33687E-08
 6.95884E-08
 6.57615E-08
 6.19545E-08
 5.82195E-08
 5.45965E-08
 5.11143E-08
 4.77929E-08
 4.46447E-08
 4.16765E-08
 3.88907E-08
 3.62863E-08
 3.38599E-08
 3.16066E-08
 2.95202E-08
 2.75939E-08
 2.58205E-08
 2.41929E-08
 2.27038E-08
 2.13464E-08
 2.01141E-08
 1.90007E-08
 1.80003E-08
 1.71078E-08
 1.63181E-08
 1.56271E-08
 1.50308E-08
 1.45258E-08
 1.41094E-08
 1.37791E-08
 1.35331E-08
 1.33698E-08
 1.32884E-08
 8.79980E-08
 8.73378E-08
 8.60471E-08
 8.41817E-08
 8.18163E-08
 7.90375E-08
 7.59357E-08
 7.25997E-08
 6.91117E-08
 6.55448E-08
 6.19616E-08
 5.84135E-08
 5.49418E-08
 5.15783E-08
 4.83464E-08
 4.52627E-08
 4.23377E-08
 3.95777E-08
 3.69851E-08
 3.45595E-08
 3.22985E-08
 3.01981E-08
 2.82533E-08
 2.64585E-08
 2.48077E-08
 2.32945E-08
 2.19130E-08
 2.06570E-08
 1.95208E-08
 1.84990E-08
 1.75864E-08
 1.67785E-08
 1.60711E-08
 1.54603E-08
 1.49429E-08
 1.45160E-08
 1.41773E-08
 1.39250E-08
 1.37575E-08
 1.36740E-08
 8.60739E-08
 8.54821E-08
 8.43217E-08
 8.26367E-08
 8.04871E-08
 7.79441E-08
 7.50837E-08
 7.19826E-08
 6.87139E-08
 6.53445E-08
 6.19334E-08
 5.85311E-08
 5.51790E-08
 5.19107E-08
 4.87519E-08
 4.57218E-08
 4.28340E-08
 4.00974E-08
 3.75169E-08
 3.50945E-08
 3.28297E-08
 3.07204E-08
 2.87628E-08
 2.69526E-08
 2.52847E-08
 2.37537E-08
 2.23540E-08
 2.10801E-08
 1.99265E-08
 1.88883E-08
 1.79604E-08
 1.71385E-08
 1.64184E-08
 1.57964E-08
 1.52693E-08
 1.48344E-08
 1.44892E-08
 1.42320E-08
 1.40613E-08
 1.39761E-08
 8.47416E-08
 8.41949E-08
 8.31209E-08
 8.15561E-08
 7.95515E-08
 7.71680E-08
 7.44724E-08
 7.15330E-08
 6.84167E-08
 6.51858E-08
 6.18966E-08
 5.85983E-08
 5.53325E-08
 5.21335E-08
 4.90286E-08
 4.60386E-08
 4.31792E-08
 4.04609E-08
 3.78907E-08
 3.54719E-08
 3.32056E-08
 3.10908E-08
 2.91249E-08
 2.73044E-08
 2.56249E-08
 2.40815E-08
 2.26692E-08
 2.13827E-08
 2.02170E-08
 1.91672E-08
 1.82285E-08
 1.73966E-08
 1.66675E-08
 1.60376E-08
 1.55036E-08
 1.50629E-08
 1.47131E-08
 1.44524E-08
 1.42794E-08
 1.41931E-08
 8.39559E-08
 8.34352E-08
 8.24108E-08
 8.09154E-08
 7.89947E-08
 7.67041E-08
 7.41047E-08
 7.12604E-08
 6.82341E-08
 6.50854E-08
 6.18689E-08
 5.86330E-08
 5.54193E-08
 5.22623E-08
 4.91902E-08
 4.62250E-08
 4.33831E-08
 4.06765E-08
 3.81129E-08
 3.56968E-08
 3.34300E-08
 3.13123E-08
 2.93417E-08
 2.75153E-08
 2.58289E-08
 2.42783E-08
 2.28585E-08
 2.15646E-08
 2.03917E-08
 1.93349E-08
 1.83898E-08
 1.75520E-08
 1.68175E-08
 1.61828E-08
 1.56447E-08
 1.52006E-08
 1.48480E-08
 1.45852E-08
 1.44108E-08
 1.43238E-08
 8.36909E-08
 8.31791E-08
 8.21717E-08
 8.07000E-08
 7.88079E-08
 7.65488E-08
 7.39821E-08
 7.11699E-08
 6.81739E-08
 6.50528E-08
 6.18607E-08
 5.86456E-08
 5.54492E-08
 5.23062E-08
 4.92450E-08
 4.62879E-08
 4.34519E-08
 4.07491E-08
 3.81876E-08
 3.57723E-08
 3.35053E-08
 3.13866E-08
 2.94144E-08
 2.75859E-08
 2.58973E-08
 2.43442E-08
 2.29219E-08
 2.16255E-08
 2.04502E-08
 1.93911E-08
 1.84438E-08
 1.76039E-08
 1.68677E-08
 1.62314E-08
 1.56919E-08
 1.52466E-08
 1.48931E-08
 1.46296E-08
 1.44547E-08
 1.43675E-08
 8.39378E-08
 8.34186E-08
 8.23968E-08
 8.09049E-08
 7.89880E-08
 7.67011E-08
 7.41050E-08
 7.12632E-08
 6.82387E-08
 6.50912E-08
 6.18753E-08
 5.86396E-08
 5.54256E-08
 5.22683E-08
 4.91957E-08
 4.62299E-08
 4.33875E-08
 4.06803E-08
 3.81161E-08
 3.56996E-08
 3.34324E-08
 3.13143E-08
 2.93434E-08
 2.75167E-08
 2.58302E-08
 2.42794E-08
 2.28594E-08
 2.15654E-08
 2.03923E-08
 1.93355E-08
 1.83903E-08
 1.75524E-08
 1.68179E-08
 1.61831E-08
 1.56450E-08
 1.52008E-08
 1.48483E-08
 1.45854E-08
 1.44110E-08
 1.43240E-08
 8.47040E-08
 8.41605E-08
 8.30922E-08
 8.15349E-08
 7.95383E-08
 7.71625E-08
 7.44735E-08
 7.15393E-08
 6.84266E-08
 6.51980E-08
 6.19099E-08
 5.86118E-08
 5.53455E-08
 5.21456E-08
 4.90395E-08
 4.60484E-08
 4.31878E-08
 4.04684E-08
 3.78971E-08
 3.54774E-08
 3.32103E-08
 3.10948E-08
 2.91284E-08
 2.73073E-08
 2.56274E-08
 2.40836E-08
 2.26710E-08
 2.13842E-08
 2.02183E-08
 1.91683E-08
 1.82295E-08
 1.73975E-08
 1.66682E-08
 1.60382E-08
 1.55042E-08
 1.50635E-08
 1.47136E-08
 1.44529E-08
 1.42798E-08
 1.41935E-08
 8.60136E-08
 8.54272E-08
 8.42767E-08
 8.26041E-08
 8.04678E-08
 7.79371E-08
 7.50871E-08
 7.19939E-08
 6.87305E-08
 6.53643E-08
 6.19545E-08
 5.85520E-08
 5.51990E-08
 5.19291E-08
 4.87685E-08
 4.57365E-08
 4.28469E-08
 4.01085E-08
 3.75265E-08
 3.51027E-08
 3.28367E-08
 3.07263E-08
 2.87678E-08
 2.69569E-08
 2.52883E-08
 2.37568E-08
 2.23566E-08
 2.10823E-08
 1.99285E-08
 1.88899E-08
 1.79618E-08
 1.71397E-08
 1.64194E-08
 1.57973E-08
 1.52702E-08
 1.48351E-08
 1.44899E-08
 1.42326E-08
 1.40619E-08
 1.39767E-08
 8.79096E-08
 8.72582E-08
 8.59831E-08
 8.41371E-08
 8.17918E-08
 7.90310E-08
 7.59439E-08
 7.26186E-08
 6.91374E-08
 6.55740E-08
 6.19917E-08
 5.84429E-08
 5.49694E-08
 5.16033E-08
 4.83687E-08
 4.52822E-08
 4.23547E-08
 3.95923E-08
 3.69976E-08
 3.45701E-08
 3.23075E-08
 3.02057E-08
 2.82598E-08
 2.64640E-08
 2.48123E-08
 2.32985E-08
 2.19164E-08
 2.06599E-08
 1.95233E-08
 1.85011E-08
 1.75883E-08
 1.67801E-08
 1.60724E-08
 1.54615E-08
 1.49440E-08
 1.45170E-08
 1.41782E-08
 1.39258E-08
 1.37583E-08
 1.36748E-08
 9.04571E-08
 8.97127E-08
 8.82606E-08
 8.61694E-08
 8.35311E-08
 8.04513E-08
 7.70391E-08
 7.33991E-08
 6.96264E-08
 6.58027E-08
 6.19956E-08
 5.82585E-08
 5.46322E-08
 5.11462E-08
 4.78209E-08
 4.46689E-08
 4.16973E-08
 3.89085E-08
 3.63014E-08
 3.38727E-08
 3.16175E-08
 2.95294E-08
 2.76016E-08
 2.58271E-08
 2.41985E-08
 2.27086E-08
 2.13505E-08
 2.01176E-08
 1.90037E-08
 1.80029E-08
 1.71100E-08
 1.63200E-08
 1.56288E-08
 1.50323E-08
 1.45272E-08
 1.41106E-08
 1.37802E-08
 1.35341E-08
 1.33708E-08
 1.32894E-08
 9.37491E-08
 9.28749E-08
 9.11771E-08
 8.87487E-08
 8.57121E-08
 8.22041E-08
 7.83619E-08
 7.43124E-08
 7.01663E-08
 6.60148E-08
 6.19293E-08
 5.79634E-08
 5.41547E-08
 5.05285E-08
 4.70996E-08
 4.38753E-08
 4.08572E-08
 3.80428E-08
 3.54268E-08
 3.30020E-08
 3.07602E-08
 2.86926E-08
 2.67903E-08
 2.50442E-08
 2.34458E-08
 2.19868E-08
 2.06594E-08
 1.94563E-08
 1.83709E-08
 1.73969E-08
 1.65287E-08
 1.57613E-08
 1.50903E-08
 1.45116E-08
 1.40218E-08
 1.36181E-08
 1.32980E-08
 1.30596E-08
 1.29014E-08
 1.28226E-08
 9.79152E-08
 9.68609E-08
 9.48243E-08
 9.19362E-08
 8.83646E-08
 8.42913E-08
 7.98919E-08
 7.53223E-08
 7.07118E-08
 6.61609E-08
 6.17436E-08
 5.75109E-08
 5.34948E-08
 4.97133E-08
 4.61737E-08
 4.28756E-08
 3.98135E-08
 3.69788E-08
 3.43610E-08
 3.19482E-08
 2.97288E-08
 2.76907E-08
 2.58226E-08
 2.41137E-08
 2.25538E-08
 2.11335E-08
 1.98440E-08
 1.86775E-08
 1.76266E-08
 1.66850E-08
 1.58466E-08
 1.51063E-08
 1.44594E-08
 1.39020E-08
 1.34305E-08
 1.30420E-08
 1.27340E-08
 1.25047E-08
 1.23527E-08
 1.22769E-08
 1.03136E-07
 1.01829E-07
 9.93230E-08
 9.58072E-08
 9.15188E-08
 8.67045E-08
 8.15921E-08
 7.63733E-08
 7.11976E-08
 6.61735E-08
 6.13735E-08
 5.68416E-08
 5.26003E-08
 4.86564E-08
 4.50063E-08
 4.16397E-08
 3.85423E-08
 3.56981E-08
 3.30899E-08
 3.07012E-08
 2.85159E-08
 2.65187E-08
 2.46958E-08
 2.30342E-08
 2.15222E-08
 2.01492E-08
 1.89057E-08
 1.77829E-08
 1.67732E-08
 1.58698E-08
 1.50664E-08
 1.43578E-08
 1.37392E-08
 1.32065E-08
 1.27561E-08
 1.23853E-08
 1.20914E-08
 1.18727E-08
 1.17277E-08
 1.16554E-08
 1.09663E-07
 1.07997E-07
 1.04831E-07
 1.00451E-07
 9.51989E-08
 8.94159E-08
 8.33987E-08
 7.73811E-08
 7.15320E-08
 6.59618E-08
 6.07351E-08
 5.58819E-08
 5.14085E-08
 4.73057E-08
 4.35554E-08
 4.01346E-08
 3.70181E-08
 3.41811E-08
 3.15995E-08
 2.92509E-08
 2.71148E-08
 2.51726E-08
 2.34076E-08
 2.18051E-08
 2.03516E-08
 1.90356E-08
 1.78465E-08
 1.67753E-08
 1.58136E-08
 1.49545E-08
 1.41916E-08
 1.35193E-08
 1.29330E-08
 1.24285E-08
 1.20024E-08
 1.16515E-08
 1.13737E-08
 1.11670E-08
 1.10299E-08
 1.09616E-08
 1.17855E-07
 1.15666E-07
 1.11554E-07
 1.05966E-07
 9.94101E-08
 9.23616E-08
 8.52056E-08
 7.82207E-08
 7.15873E-08
 6.54068E-08
 5.97233E-08
 5.45424E-08
 4.98459E-08
 4.56025E-08
 4.17751E-08
 3.83250E-08
 3.52145E-08
 3.24088E-08
 2.98761E-08
 2.75881E-08
 2.55198E-08
 2.36492E-08
 2.19571E-08
 2.04268E-08
 1.90437E-08
 1.77950E-08
 1.66696E-08
 1.56580E-08
 1.47515E-08
 1.39430E-08
 1.32260E-08
 1.25949E-08
 1.20451E-08
 1.15723E-08
 1.11732E-08
 1.08448E-08
 1.05849E-08
 1.03915E-08
 1.02634E-08
 1.01995E-08
 1.28237E-07
 1.25258E-07
 1.19754E-07
 1.12448E-07
 1.04114E-07
 9.54150E-08
 8.68415E-08
 7.87088E-08
 7.11896E-08
 6.43548E-08
 5.82090E-08
 5.27185E-08
 4.78302E-08
 4.34834E-08
 3.96176E-08
 3.61757E-08
 3.31061E-08
 3.03634E-08
 2.79080E-08
 2.57056E-08
 2.37270E-08
 2.19472E-08
 2.03448E-08
 1.89014E-08
 1.76012E-08
 1.64310E-08
 1.53790E-08
 1.44354E-08
 1.35915E-08
 1.28400E-08
 1.21744E-08
 1.15893E-08
 1.10800E-08
 1.06424E-08
 1.02733E-08
 9.96973E-09
 9.72954E-09
 9.55091E-09
 9.43254E-09
 9.37357E-09
 1.41597E-07
 1.37376E-07
 1.29755E-07
 1.19960E-07
 1.09183E-07
 9.83430E-08
 8.80367E-08
 7.85833E-08
 7.01077E-08
 6.26138E-08
 5.60394E-08
 5.02925E-08
 4.52729E-08
 4.08834E-08
 3.70362E-08
 3.36541E-08
 3.06709E-08
 2.80308E-08
 2.56867E-08
 2.35993E-08
 2.17355E-08
 2.00680E-08
 1.85735E-08
 1.72326E-08
 1.60290E-08
 1.49487E-08
 1.39801E-08
 1.31131E-08
 1.23392E-08
 1.16510E-08
 1.10424E-08
 1.05079E-08
 1.00431E-08
 9.64413E-09
 9.30773E-09
 9.03127E-09
 8.81259E-09
 8.65002E-09
 8.54231E-09
 8.48866E-09
 1.59179E-07
 1.52894E-07
 1.41931E-07
 1.28454E-07
 1.14313E-07
 1.00738E-07
 8.83790E-08
 7.74800E-08
 6.80441E-08
 5.99533E-08
 5.30423E-08
 4.71394E-08
 4.20853E-08
 3.77412E-08
 3.39896E-08
 3.07334E-08
 2.78927E-08
 2.54022E-08
 2.32089E-08
 2.12693E-08
 1.95479E-08
 1.80156E-08
 1.66485E-08
 1.54266E-08
 1.43333E-08
 1.33548E-08
 1.24796E-08
 1.16978E-08
 1.10011E-08
 1.03825E-08
 9.83616E-09
 9.35688E-09
 8.94045E-09
 8.58324E-09
 8.28226E-09
 8.03503E-09
 7.83955E-09
 7.69426E-09
 7.59803E-09
 7.55010E-09
 1.83047E-07
 1.73088E-07
 1.56622E-07
 1.37611E-07
 1.18879E-07
 1.01917E-07
 8.72613E-08
 7.49137E-08
 6.46356E-08
 5.61129E-08
 4.90373E-08
 4.31374E-08
 3.81878E-08
 3.40063E-08
 3.04478E-08
 2.73973E-08
 2.47642E-08
 2.24765E-08
 2.04773E-08
 1.87210E-08
 1.71711E-08
 1.57982E-08
 1.45783E-08
 1.34919E-08
 1.25228E-08
 1.16577E-08
 1.08856E-08
 1.01973E-08
 9.58486E-09
 9.04189E-09
 8.56282E-09
 8.14301E-09
 7.77854E-09
 7.46613E-09
 7.20305E-09
 6.98704E-09
 6.81631E-09
 6.68945E-09
 6.60544E-09
 6.56360E-09
 2.16874E-07
 1.99791E-07
 1.73858E-07
 1.46488E-07
 1.21675E-07
 1.00790E-07
 8.38355E-08
 7.02781E-08
 5.94715E-08
 5.08257E-08
 4.38564E-08
 3.81850E-08
 3.35222E-08
 2.96486E-08
 2.63979E-08
 2.36439E-08
 2.12902E-08
 1.92623E-08
 1.75027E-08
 1.59663E-08
 1.46174E-08
 1.34278E-08
 1.23747E-08
 1.14398E-08
 1.06082E-08
 9.86761E-09
 9.20794E-09
 8.62080E-09
 8.09921E-09
 7.63732E-09
 7.23022E-09
 6.87379E-09
 6.56458E-09
 6.29970E-09
 6.07675E-09
 5.89377E-09
 5.74919E-09
 5.64179E-09
 5.57067E-09
 5.53526E-09
 2.67786E-07
 2.35345E-07
 1.92531E-07
 1.52809E-07
 1.20543E-07
 9.57339E-08
 7.70124E-08
 6.28916E-08
 5.21468E-08
 4.38620E-08
 3.73776E-08
 3.22242E-08
 2.80675E-08
 2.46678E-08
 2.18513E-08
 1.94903E-08
 1.74903E-08
 1.57799E-08
 1.43050E-08
 1.30240E-08
 1.19044E-08
 1.09208E-08
 1.00529E-08
 9.28451E-09
 8.60263E-09
 7.99660E-09
 7.45772E-09
 6.97879E-09
 6.55386E-09
 6.17796E-09
 5.84695E-09
 5.55736E-09
 5.30629E-09
 5.09133E-09
 4.91047E-09
 4.76209E-09
 4.64489E-09
 4.55784E-09
 4.50021E-09
 4.47151E-09
 3.51140E-07
 2.81273E-07
 2.08115E-07
 1.51675E-07
 1.11955E-07
 8.45898E-08
 6.55888E-08
 5.21293E-08
 4.23620E-08
 3.50979E-08
 2.95677E-08
 2.52666E-08
 2.18559E-08
 1.91040E-08
 1.68491E-08
 1.49758E-08
 1.34006E-08
 1.20619E-08
 1.09135E-08
 9.92035E-09
 9.05553E-09
 8.29807E-09
 7.63150E-09
 7.04271E-09
 6.52119E-09
 6.05845E-09
 5.64754E-09
 5.28278E-09
 4.95947E-09
 4.67371E-09
 4.42226E-09
 4.20241E-09
 4.01190E-09
 3.84885E-09
 3.71172E-09
 3.59925E-09
 3.51043E-09
 3.44447E-09
 3.40081E-09
 3.37907E-09
 5.04366E-07
 3.30494E-07
 2.06980E-07
 1.33823E-07
 9.10110E-08
 6.50822E-08
 4.86239E-08
 3.76747E-08
 3.00743E-08
 2.45997E-08
 2.05290E-08
 1.74185E-08
 1.49854E-08
 1.30432E-08
 1.14651E-08
 1.01632E-08
 9.07459E-09
 8.15367E-09
 7.36671E-09
 6.68834E-09
 6.09924E-09
 5.58447E-09
 5.13235E-09
 4.73364E-09
 4.38099E-09
 4.06845E-09
 3.79121E-09
 3.54532E-09
 3.32753E-09
 3.13516E-09
 2.96597E-09
 2.81811E-09
 2.69003E-09
 2.58045E-09
 2.48832E-09
 2.41276E-09
 2.35310E-09
 2.30881E-09
 2.27949E-09
 2.26489E-09
 8.31477E-07
 3.29364E-07
 1.55492E-07
 8.56246E-08
 5.31849E-08
 3.61042E-08
 2.61498E-08
 1.98713E-08
 1.56608E-08
 1.26976E-08
 1.05299E-08
 8.89317E-09
 7.62419E-09
 6.61813E-09
 5.80514E-09
 5.13730E-09
 4.58084E-09
 4.11145E-09
 3.71131E-09
 3.36707E-09
 3.06863E-09
 2.80822E-09
 2.57977E-09
 2.37852E-09
 2.20067E-09
 2.04316E-09
 1.90353E-09
 1.77976E-09
 1.67018E-09
 1.57343E-09
 1.48836E-09
 1.41404E-09
 1.34967E-09
 1.29461E-09
 1.24833E-09
 1.21037E-09
 1.18041E-09
 1.15816E-09
 1.14344E-09
 1.13611E-09
 8.30381E-07
 0.00000E+00
 0.00000E+00
 0.00000E+00
 0.00000E+00
 0.00000E+00
 0.00000E+00
 0.00000E+00
 0.00000E+00
 0.00000E+00
 0.00000E+00
 0.00000E+00
 0.00000E+00
 0.00000E+00
 0.00000E+00
 0.00000E+00
 0.00000E+00
 0.00000E+00
 0.00000E+00
 0.00000E+00
 0.00000E+00
 0.00000E+00
 0.00000E+00
 0.00000E+00
 0.00000E+00
 0.00000E+00
 0.00000E+00
 0.00000E+00
 0.00000E+00
 0.00000E+00
 0.00000E+00
 0.00000E+00
 0.00000E+00
 0.00000E+00
 0.00000E+00
 0.00000E+00
 0.00000E+00
 0.00000E+00
 0.00000E+00
 0.00000E+00
