 1.08029E+01
 2.15720E+01
 3.24061E+01
 4.31481E+01
 5.39158E+01
 6.48909E+01
 7.57801E+01
 8.66253E+01
 9.74844E+01
 1.08168E+02
 1.18832E+02
 1.29538E+02
 1.40286E+02
 1.50989E+02
 1.61704E+02
 1.72457E+02
 1.83135E+02
 1.93774E+02
 2.04380E+02
 2.15069E+02
 2.25799E+02
 2.36523E+02
 2.47204E+02
 2.57933E+02
 2.68692E+02
 2.79333E+02
 2.89937E+02
 3.00521E+02
 3.11134E+02
 3.21733E+02
 3.32486E+02
 3.43659E+02
 3.54638E+02
 3.65603E+02
 3.76540E+02
 3.87504E+02
 3.98455E+02
 4.09401E+02
 4.20361E+02
 4.31329E+02
 4.42278E+02
 4.53272E+02
 4.64281E+02
 4.75221E+02
 4.86187E+02
 4.97179E+02
 5.08135E+02
 5.19087E+02
 5.30050E+02
 5.40984E+02
 5.51966E+02
 5.62950E+02
 5.73880E+02
 5.84849E+02
 5.95780E+02
 6.06736E+02
 6.17666E+02
 6.28625E+02
 6.39594E+02
 6.50438E+02
 6.61210E+02
 6.71800E+02
 6.82392E+02
 6.92967E+02
 7.03575E+02
 7.14168E+02
 7.24744E+02
 7.35347E+02
 7.45934E+02
 7.56514E+02
 7.67128E+02
 7.77717E+02
 7.88282E+02
 7.99229E+02
 8.10179E+02
 8.21132E+02
 8.32131E+02
 8.43082E+02
 8.54064E+02
 8.65024E+02
 8.75973E+02
 8.86946E+02
 8.97914E+02
 9.08817E+02
 9.19774E+02
 9.30745E+02
 9.41706E+02
 9.52662E+02
 9.63626E+02
 9.74742E+02
 9.85711E+02
 9.96682E+02
 1.00763E+03
 1.01855E+03
 1.02952E+03
 1.04046E+03
 1.05141E+03
 1.06240E+03
 1.07335E+03
 1.08430E+03
 1.09523E+03
 1.10607E+03
 1.11675E+03
 1.12734E+03
 1.13793E+03
 1.14854E+03
 1.15916E+03
 1.16977E+03
 1.18036E+03
 1.19094E+03
 1.20150E+03
 1.21205E+03
 1.22265E+03
 1.23323E+03
 1.24383E+03
 1.25442E+03
 1.26502E+03
 1.27559E+03
 1.28652E+03
 1.29711E+03
 1.30773E+03
 1.31833E+03
 1.32889E+03
 1.33948E+03
 1.35009E+03
 1.36065E+03
 1.37124E+03
 1.38181E+03
 1.39240E+03
 1.40299E+03
 1.41357E+03
 1.42416E+03
 1.43478E+03
 1.44537E+03
 1.45594E+03
 1.46654E+03
 1.47711E+03
 1.48769E+03
 1.49826E+03
 1.50885E+03
 1.51943E+03
 1.53004E+03
 1.54061E+03
 1.55120E+03
 1.56179E+03
 1.57239E+03
 1.58299E+03
 1.59367E+03
 1.60436E+03
 1.61496E+03
 1.62554E+03
 1.63615E+03
 1.64673E+03
 1.65730E+03
 1.66789E+03
 1.67847E+03
 1.68908E+03
 1.69968E+03
 1.71026E+03
 1.72085E+03
 1.73146E+03
 1.74204E+03
 1.75267E+03
 1.76326E+03
 1.77384E+03
 1.78444E+03
 1.79503E+03
 1.80565E+03
 1.81626E+03
 1.82687E+03
 1.83778E+03
 1.84869E+03
 1.85942E+03
 1.87021E+03
 1.88095E+03
 1.89164E+03
 1.90233E+03
 1.91348E+03
 1.92435E+03
 1.93515E+03
 1.94594E+03
 1.95685E+03
 1.96764E+03
 1.97851E+03
 1.98938E+03
 2.00038E+03
 2.01145E+03
 2.02242E+03
 2.03341E+03
 2.04438E+03
 2.05524E+03
 2.06609E+03
 2.07701E+03
 2.08791E+03
 2.09873E+03
 2.10947E+03
 2.12014E+03
 2.13086E+03
 2.14167E+03
 2.15241E+03
 2.16313E+03
 2.17416E+03
 2.18528E+03
 2.19641E+03
 2.20752E+03
 2.21868E+03
 2.22984E+03
 2.24078E+03
 2.25170E+03
 2.26252E+03
 2.27330E+03
 2.28411E+03
 2.29497E+03
 2.30578E+03
 2.31660E+03
 2.32735E+03
 2.33815E+03
 2.34896E+03
 2.35974E+03
 2.37060E+03
 2.38139E+03
 2.39220E+03
 2.40294E+03
 2.41369E+03
 2.42443E+03
 2.43528E+03
 2.44610E+03
 2.45693E+03
 2.46775E+03
 2.47854E+03
 2.48931E+03
 2.50014E+03
 2.51097E+03
 2.52181E+03
 2.53256E+03
 2.54348E+03
 2.55431E+03
 2.56515E+03
 2.57596E+03
 2.58674E+03
 2.59746E+03
 2.60818E+03
 2.61893E+03
 2.62967E+03
 2.64043E+03
 2.65117E+03
 2.66190E+03
 2.67264E+03
 2.68337E+03
 2.69410E+03
 2.70485E+03
 2.71559E+03
 2.72631E+03
 2.73705E+03
 2.74778E+03
 2.75850E+03
 2.76919E+03
 2.77989E+03
 2.79061E+03
 2.80133E+03
 2.81205E+03
 2.82277E+03
 2.83352E+03
 2.84423E+03
 2.85521E+03
 2.86595E+03
 2.87671E+03
 2.88745E+03
 2.89821E+03
 2.90890E+03
 2.91962E+03
 2.93033E+03
 2.94106E+03
 2.95182E+03
 2.96254E+03
 2.97325E+03
 2.98398E+03
 2.99472E+03
 3.00542E+03
 3.01619E+03
 3.02689E+03
 3.03764E+03
 3.04838E+03
 3.05911E+03
 3.06982E+03
 3.08066E+03
 3.09137E+03
 3.10212E+03
 3.11287E+03
 3.12366E+03
 3.13437E+03
 3.14512E+03
 3.15581E+03
 3.16667E+03
 3.17747E+03
 3.18823E+03
 3.19896E+03
 3.20971E+03
 3.22046E+03
 3.23120E+03
 3.24195E+03
 3.25266E+03
 3.26341E+03
 3.27415E+03
 3.28487E+03
 3.29563E+03
 3.30635E+03
 3.31708E+03
 3.32782E+03
 3.33853E+03
 3.34927E+03
 3.36001E+03
 3.37075E+03
 3.38147E+03
 3.39221E+03
 3.40294E+03
 3.41367E+03
 3.42442E+03
 3.43519E+03
 3.44590E+03
 3.45665E+03
 3.46742E+03
 3.47814E+03
 3.48901E+03
 3.49974E+03
 3.51045E+03
 3.52118E+03
 3.53190E+03
 3.54263E+03
 3.55337E+03
 3.56410E+03
 3.57481E+03
 3.58555E+03
 3.59626E+03
 3.60702E+03
 3.61777E+03
 3.62849E+03
 3.63920E+03
 3.64995E+03
 3.66067E+03
 3.67144E+03
 3.68217E+03
 3.69292E+03
 3.70365E+03
 3.71441E+03
 3.72517E+03
 3.73590E+03
 3.74660E+03
 3.75733E+03
 3.76805E+03
 3.77877E+03
 3.78951E+03
 3.80045E+03
 3.81119E+03
 3.82194E+03
 3.83311E+03
 3.84422E+03
 3.85528E+03
 3.86634E+03
 3.87738E+03
 3.88844E+03
 3.89946E+03
 3.91052E+03
 3.92158E+03
 3.93260E+03
 3.94364E+03
 3.95469E+03
 3.96572E+03
 3.97674E+03
 3.98781E+03
 3.99884E+03
 4.00986E+03
 4.02093E+03
 4.03196E+03
 4.04308E+03
 4.05440E+03
 4.06550E+03
 4.07665E+03
 4.08772E+03
 4.09874E+03
 4.10990E+03
 4.12092E+03
 4.13197E+03
 4.14295E+03
 4.15404E+03
 4.16505E+03
 4.17609E+03
 4.18710E+03
 4.19810E+03
 4.20911E+03
 4.22011E+03
 4.23111E+03
 4.24212E+03
 4.25313E+03
 4.26416E+03
 4.27519E+03
 4.28623E+03
 4.29729E+03
 4.30833E+03
 4.31938E+03
 4.33041E+03
 4.34147E+03
 4.35250E+03
 4.36356E+03
 4.37460E+03
 4.38562E+03
 4.39670E+03
 4.40773E+03
 4.41878E+03
 4.43014E+03
 4.44120E+03
 4.45224E+03
 4.46329E+03
 4.47437E+03
 4.48546E+03
 4.49647E+03
 4.50748E+03
 4.51851E+03
 4.52957E+03
 4.54061E+03
 4.55164E+03
 4.56267E+03
 4.57368E+03
 4.58469E+03
 4.59570E+03
 4.60670E+03
 4.61768E+03
 4.62871E+03
 4.63973E+03
 4.65076E+03
 4.66179E+03
 4.67282E+03
 4.68387E+03
 4.69490E+03
 4.70598E+03
 4.71700E+03
 4.72805E+03
 4.73923E+03
 4.75034E+03
 4.76136E+03
 4.77239E+03
 4.78339E+03
 4.79444E+03
 4.80544E+03
 4.81643E+03
 4.82743E+03
 4.83844E+03
 4.84947E+03
 4.86045E+03
 4.87146E+03
 4.88245E+03
 4.89348E+03
 4.90449E+03
 4.91550E+03
 4.92652E+03
 4.93752E+03
 4.94859E+03
 4.95961E+03
 4.97061E+03
 4.98158E+03
 4.99258E+03
 5.00355E+03
 5.01454E+03
 5.02554E+03
 5.03656E+03
 5.04756E+03
 5.05880E+03
 5.06983E+03
 5.08086E+03
 5.09187E+03
 5.10286E+03
 5.11387E+03
 5.12489E+03
 5.13586E+03
 5.14688E+03
 5.15789E+03
 5.16887E+03
 5.17991E+03
 5.19096E+03
 5.20193E+03
 5.21295E+03
 5.22395E+03
 5.23495E+03
 5.24597E+03
 5.25697E+03
 5.26796E+03
 5.27894E+03
 5.28994E+03
 5.30096E+03
 5.31197E+03
 5.32296E+03
 5.33398E+03
 5.34503E+03
 5.35608E+03
 5.36714E+03
 5.37825E+03
 5.38926E+03
 5.40030E+03
 5.41130E+03
 5.42234E+03
 5.43337E+03
 5.44437E+03
 5.45537E+03
 5.46636E+03
 5.47734E+03
 5.48835E+03
 5.49936E+03
 5.51036E+03
 5.52137E+03
 5.53238E+03
 5.54338E+03
 5.55440E+03
 5.56542E+03
 5.57642E+03
 5.58741E+03
 5.59841E+03
 5.60942E+03
 5.62041E+03
 5.63144E+03
 5.64234E+03
 5.65312E+03
 5.66392E+03
 5.67471E+03
 5.68587E+03
 5.69684E+03
 5.70796E+03
 5.71903E+03
 5.73009E+03
 5.74113E+03
 5.75217E+03
 5.76332E+03
 5.77432E+03
 5.78535E+03
 5.79655E+03
 5.80776E+03
 5.81898E+03
 5.83018E+03
 5.84136E+03
 5.85256E+03
 5.86378E+03
 5.87497E+03
 5.88619E+03
 5.89739E+03
 5.90861E+03
 5.91985E+03
 5.93107E+03
 5.94225E+03
 5.95350E+03
 5.96471E+03
 5.97589E+03
 5.98703E+03
 5.99824E+03
 6.00932E+03
 6.02047E+03
 6.03164E+03
 6.04286E+03
 6.05397E+03
 6.06525E+03
 6.07645E+03
 6.08762E+03
 6.09875E+03
 6.10990E+03
 6.12109E+03
 6.13214E+03
 6.14335E+03
 6.15463E+03
 6.16585E+03
 6.17711E+03
 6.18829E+03
 6.19949E+03
 6.21065E+03
 6.22177E+03
 6.23295E+03
 6.24412E+03
 6.25527E+03
 6.26641E+03
 6.27754E+03
 6.28872E+03
 6.29987E+03
 6.31105E+03
 6.32241E+03
 6.33358E+03
 6.34474E+03
 6.35588E+03
 6.36708E+03
 6.37830E+03
 6.38949E+03
 6.40066E+03
 6.41174E+03
 6.42279E+03
 6.43393E+03
 6.44519E+03
 6.45645E+03
 6.46761E+03
 6.47864E+03
 6.48967E+03
 6.50057E+03
 6.51148E+03
 6.52234E+03
 6.53320E+03
 6.54411E+03
 6.55499E+03
 6.56592E+03
 6.57683E+03
 6.58773E+03
 6.59860E+03
 6.60942E+03
 6.62028E+03
 6.63139E+03
 6.64226E+03
 6.65315E+03
 6.66405E+03
 6.67496E+03
 6.68588E+03
 6.69675E+03
 6.70757E+03
 6.71852E+03
 6.72954E+03
 6.74059E+03
 6.75165E+03
 6.76278E+03
 6.77405E+03
 6.78525E+03
 6.79633E+03
 6.80751E+03
 6.81860E+03
 6.82956E+03
 6.84055E+03
 6.85133E+03
 6.86220E+03
 6.87296E+03
 6.88380E+03
 6.89455E+03
 6.90533E+03
 6.91611E+03
 6.92694E+03
 6.93790E+03
 6.94896E+03
 6.95989E+03
 6.97074E+03
 6.98152E+03
 6.99229E+03
 7.00311E+03
 7.01389E+03
 7.02473E+03
 7.03552E+03
 7.04630E+03
 7.05708E+03
 7.06785E+03
 7.07864E+03
 7.08945E+03
 7.10021E+03
 7.11095E+03
 7.12175E+03
 7.13252E+03
 7.14331E+03
 7.15407E+03
 7.16481E+03
 7.17562E+03
 7.18635E+03
 7.19713E+03
 7.20787E+03
 7.21861E+03
 7.22940E+03
 7.24015E+03
 7.25089E+03
 7.26184E+03
 7.27259E+03
 7.28336E+03
 7.29412E+03
 7.30486E+03
 7.31565E+03
 7.32643E+03
 7.33719E+03
 7.34799E+03
 7.35869E+03
 7.36942E+03
 7.38016E+03
 7.39092E+03
 7.40168E+03
 7.41247E+03
 7.42326E+03
 7.43405E+03
 7.44477E+03
 7.45549E+03
 7.46626E+03
 7.47696E+03
 7.48770E+03
 7.49847E+03
 7.50928E+03
 7.52005E+03
 7.53082E+03
 7.54158E+03
 7.55236E+03
 7.56314E+03
 7.57421E+03
 7.58497E+03
 7.59572E+03
 7.60652E+03
 7.61727E+03
 7.62800E+03
 7.63877E+03
 7.64955E+03
 7.66032E+03
 7.67107E+03
 7.68180E+03
 7.69259E+03
 7.70331E+03
 7.71409E+03
 7.72487E+03
 7.73561E+03
 7.74633E+03
 7.75710E+03
 7.76783E+03
 7.77861E+03
 7.78936E+03
 7.80015E+03
 7.81093E+03
 7.82168E+03
 7.83245E+03
 7.84322E+03
 7.85398E+03
 7.86475E+03
 7.87550E+03
 7.88639E+03
 7.89733E+03
 7.90811E+03
 7.91894E+03
 7.92980E+03
 7.94055E+03
 7.95137E+03
 7.96220E+03
 7.97296E+03
 7.98371E+03
 7.99446E+03
 8.00527E+03
 8.01610E+03
 8.02689E+03
 8.03765E+03
 8.04842E+03
 8.05923E+03
 8.07007E+03
 8.08084E+03
 8.09161E+03
 8.10245E+03
 8.11320E+03
 8.12400E+03
 8.13475E+03
 8.14552E+03
 8.15632E+03
 8.16712E+03
 8.17789E+03
 8.18887E+03
 8.19997E+03
 8.21114E+03
 8.22219E+03
 8.23319E+03
 8.24417E+03
 8.25520E+03
 8.26626E+03
 8.27729E+03
 8.28829E+03
 8.29930E+03
 8.31031E+03
 8.32130E+03
 8.33231E+03
 8.34330E+03
 8.35430E+03
 8.36528E+03
 8.37648E+03
 8.38757E+03
 8.39870E+03
 8.40972E+03
 8.42073E+03
 8.43177E+03
 8.44280E+03
 8.45382E+03
 8.46482E+03
 8.47583E+03
 8.48681E+03
 8.49783E+03
 8.50885E+03
 8.52009E+03
 8.53109E+03
 8.54213E+03
 8.55312E+03
 8.56410E+03
 8.57510E+03
 8.58612E+03
 8.59713E+03
 8.60813E+03
 8.61913E+03
 8.63012E+03
 8.64115E+03
 8.65216E+03
 8.66319E+03
 8.67419E+03
 8.68521E+03
 8.69624E+03
 8.70725E+03
 8.71825E+03
 8.72923E+03
 8.74022E+03
 8.75123E+03
 8.76225E+03
 8.77325E+03
 8.78425E+03
 8.79525E+03
 8.80624E+03
 8.81727E+03
 8.82830E+03
 8.83955E+03
 8.85056E+03
 8.86157E+03
 8.87255E+03
 8.88354E+03
 8.89455E+03
 8.90556E+03
 8.91657E+03
 8.92759E+03
 8.93858E+03
 8.94961E+03
 8.96061E+03
 8.97161E+03
 8.98262E+03
 8.99368E+03
 9.00470E+03
 9.01568E+03
 9.02676E+03
 9.03775E+03
 9.04873E+03
 9.05976E+03
 9.07078E+03
 9.08177E+03
 9.09277E+03
 9.10376E+03
 9.11477E+03
 9.12577E+03
 9.13678E+03
 9.14801E+03
 9.15900E+03
 9.17001E+03
 9.18103E+03
 9.19204E+03
 9.20302E+03
 9.21405E+03
 9.22506E+03
 9.23607E+03
 9.24709E+03
 9.25810E+03
 9.26911E+03
 9.28010E+03
 9.29105E+03
 9.30209E+03
 9.31310E+03
 9.32411E+03
 9.33515E+03
 9.34616E+03
 9.35716E+03
 9.36817E+03
 9.37919E+03
 9.39019E+03
 9.40121E+03
 9.41206E+03
 9.42291E+03
 9.43381E+03
 9.44441E+03
 9.45503E+03
 9.46593E+03
 9.47654E+03
 9.48719E+03
 9.49782E+03
 9.50842E+03
 9.51904E+03
 9.52964E+03
 9.54048E+03
 9.55132E+03
 9.56237E+03
 9.57319E+03
 9.58386E+03
 9.59454E+03
 9.60515E+03
 9.61575E+03
 9.62634E+03
 9.63695E+03
 9.64754E+03
 9.65816E+03
 9.66877E+03
 9.67938E+03
 9.68999E+03
 9.70058E+03
 9.71116E+03
 9.72177E+03
 9.73235E+03
 9.74293E+03
 9.75353E+03
 9.76414E+03
 9.77509E+03
 9.78597E+03
 9.79694E+03
 9.80787E+03
 9.81878E+03
 9.82974E+03
 9.84069E+03
 9.85163E+03
 9.86257E+03
 9.87354E+03
 9.88449E+03
 9.89545E+03
 9.90637E+03
 9.91730E+03
 9.92824E+03
 9.93918E+03
 9.95011E+03
 9.96103E+03
 9.97196E+03
 9.98288E+03
 9.99383E+03
 1.00048E+04
 1.00157E+04
 1.00266E+04
 1.00376E+04
 1.00485E+04
 1.00594E+04
 1.00704E+04
 1.00813E+04
 1.00924E+04
 1.01031E+04
 1.01137E+04
 1.01243E+04
 1.01349E+04
 1.01455E+04
 1.01562E+04
 1.01667E+04
 1.01773E+04
 1.01879E+04
 1.01985E+04
 1.02091E+04
 1.02197E+04
 1.02303E+04
 1.02408E+04
 1.02514E+04
 1.02620E+04
 1.02726E+04
 1.02832E+04
 1.02938E+04
 1.03044E+04
 1.03150E+04
 1.03256E+04
 1.03363E+04
 1.03469E+04
 1.03575E+04
 1.03681E+04
 1.03787E+04
 1.03893E+04
 1.03999E+04
 1.04107E+04
 1.04213E+04
 1.04319E+04
 1.04425E+04
 1.04531E+04
 1.04637E+04
 1.04743E+04
 1.04848E+04
 1.04955E+04
 1.05060E+04
 1.05166E+04
 1.05272E+04
 1.05378E+04
 1.05484E+04
 1.05590E+04
 1.05696E+04
 1.05801E+04
 1.05907E+04
 1.06013E+04
 1.06119E+04
 1.06226E+04
 1.06332E+04
 1.06438E+04
 1.06544E+04
 1.06649E+04
 1.06755E+04
 1.06861E+04
 1.06967E+04
 1.07073E+04
 1.07180E+04
 1.07286E+04
 1.07393E+04
 1.07499E+04
 1.07605E+04
 1.07711E+04
 1.07817E+04
 1.07923E+04
 1.08029E+04
 1.08135E+04
 1.08243E+04
 1.08349E+04
 1.08455E+04
 1.08561E+04
 1.08667E+04
 1.08773E+04
 1.08880E+04
 1.08986E+04
 1.09092E+04
 1.09198E+04
 1.09304E+04
 1.09410E+04
 1.09516E+04
 1.09622E+04
 1.09728E+04
 1.09834E+04
 1.09940E+04
 1.10046E+04
 1.10152E+04
 1.10258E+04
 1.10367E+04
 1.10473E+04
 1.10579E+04
 1.10685E+04
 1.10790E+04
 1.10896E+04
 1.11002E+04
 1.11108E+04
 1.11214E+04
 1.11319E+04
 1.11425E+04
 1.11531E+04
 1.11636E+04
 1.11742E+04
 1.11848E+04
 1.11954E+04
 1.12060E+04
 1.12166E+04
 1.12271E+04
 1.12377E+04
 1.12483E+04
 1.12589E+04
 1.12694E+04
 1.12800E+04
 1.12906E+04
 1.13012E+04
 1.13118E+04
 1.13224E+04
 1.13330E+04
 1.13441E+04
 1.13552E+04
 1.13661E+04
 1.13770E+04
 1.13879E+04
 1.13988E+04
 1.14097E+04
 1.14206E+04
 1.14315E+04
 1.14424E+04
 1.14533E+04
 1.14642E+04
 1.14751E+04
 1.14861E+04
 1.14970E+04
 1.15079E+04
 1.15188E+04
 1.15296E+04
 1.15406E+04
 1.15515E+04
 1.15623E+04
 1.15732E+04
 1.15841E+04
 1.15950E+04
 1.16059E+04
 1.16168E+04
 1.16277E+04
 1.16386E+04
 1.16496E+04
 1.16607E+04
 1.16716E+04
 1.16825E+04
 1.16934E+04
 1.17043E+04
 1.17152E+04
 1.17261E+04
 1.17370E+04
 1.17479E+04
 1.17589E+04
 1.17698E+04
 1.17807E+04
 1.17916E+04
 1.18025E+04
 1.18134E+04
 1.18243E+04
 1.18353E+04
 1.18462E+04
 1.18571E+04
 1.18680E+04
 1.18789E+04
 1.18898E+04
 1.19007E+04
 1.19115E+04
 1.19224E+04
 1.19333E+04
 1.19443E+04
 1.19552E+04
 1.19661E+04
 1.19773E+04
 1.19882E+04
 1.19991E+04
 1.20100E+04
 1.20209E+04
 1.20318E+04
 1.20427E+04
 1.20536E+04
 1.20645E+04
 1.20754E+04
 1.20862E+04
 1.20972E+04
 1.21080E+04
 1.21189E+04
 1.21299E+04
 1.21408E+04
 1.21517E+04
 1.21626E+04
 1.21736E+04
 1.21845E+04
 1.21954E+04
 1.22063E+04
 1.22172E+04
 1.22281E+04
 1.22390E+04
 1.22499E+04
 1.22607E+04
 1.22716E+04
 1.22826E+04
 1.22939E+04
 1.23048E+04
 1.23157E+04
 1.23266E+04
 1.23375E+04
 1.23484E+04
 1.23593E+04
 1.23702E+04
 1.23811E+04
 1.23920E+04
 1.24029E+04
 1.24138E+04
 1.24248E+04
 1.24357E+04
 1.24466E+04
 1.24575E+04
 1.24684E+04
 1.24793E+04
 1.24903E+04
 1.25012E+04
 1.25121E+04
 1.25230E+04
 1.25339E+04
 1.25448E+04
 1.25557E+04
 1.25666E+04
 1.25775E+04
 1.25884E+04
 1.25993E+04
 1.26105E+04
 1.26214E+04
 1.26324E+04
 1.26433E+04
 1.26542E+04
 1.26650E+04
 1.26759E+04
 1.26869E+04
 1.26978E+04
 1.27087E+04
 1.27196E+04
 1.27305E+04
 1.27414E+04
 1.27523E+04
 1.27632E+04
 1.27741E+04
 1.27850E+04
 1.27959E+04
 1.28069E+04
 1.28178E+04
 1.28287E+04
 1.28396E+04
 1.28505E+04
 1.28614E+04
 1.28723E+04
 1.28832E+04
 1.28942E+04
 1.29051E+04
 1.29161E+04
 1.29271E+04
 1.29380E+04
 1.29489E+04
 1.29599E+04
 1.29708E+04
 1.29817E+04
 1.29926E+04
 1.30036E+04
 1.30145E+04
 1.30254E+04
 1.30363E+04
 1.30472E+04
 1.30581E+04
 1.30690E+04
 1.30799E+04
 1.30908E+04
 1.31018E+04
 1.31127E+04
 1.31236E+04
 1.31345E+04
 1.31454E+04
 1.31563E+04
 1.31672E+04
 1.31781E+04
 1.31890E+04
 1.31999E+04
 1.32108E+04
 1.32217E+04
 1.32329E+04
 1.32438E+04
 1.32547E+04
 1.32656E+04
 1.32765E+04
 1.32874E+04
 1.32983E+04
 1.33092E+04
 1.33201E+04
 1.33309E+04
 1.33418E+04
 1.33527E+04
 1.33636E+04
 1.33745E+04
 1.33854E+04
 1.33963E+04
 1.34072E+04
 1.34181E+04
 1.34289E+04
 1.34398E+04
 1.34507E+04
 1.34616E+04
 1.34725E+04
 1.34834E+04
 1.34943E+04
 1.35051E+04
 1.35160E+04
 1.35269E+04
 1.35378E+04
 1.35489E+04
 1.35598E+04
 1.35707E+04
 1.35815E+04
 1.35924E+04
 1.36033E+04
 1.36142E+04
 1.36251E+04
 1.36360E+04
 1.36469E+04
 1.36578E+04
 1.36687E+04
 1.36796E+04
 1.36905E+04
 1.37014E+04
 1.37122E+04
 1.37231E+04
 1.37340E+04
 1.37449E+04
 1.37557E+04
 1.37666E+04
 1.37775E+04
 1.37883E+04
 1.37992E+04
 1.38101E+04
 1.38210E+04
 1.38319E+04
 1.38427E+04
 1.38536E+04
 1.38648E+04
 1.38757E+04
 1.38866E+04
 1.38975E+04
 1.39084E+04
 1.39192E+04
 1.39301E+04
 1.39410E+04
 1.39520E+04
 1.39628E+04
 1.39737E+04
 1.39846E+04
 1.39955E+04
 1.40063E+04
 1.40172E+04
 1.40281E+04
 1.40390E+04
 1.40499E+04
 1.40608E+04
 1.40717E+04
 1.40826E+04
 1.40935E+04
 1.41044E+04
 1.41153E+04
 1.41262E+04
 1.41371E+04
 1.41480E+04
 1.41588E+04
 1.41697E+04
 1.41809E+04
 1.41918E+04
 1.42027E+04
 1.42136E+04
 1.42245E+04
 1.42354E+04
 1.42462E+04
 1.42572E+04
 1.42681E+04
 1.42790E+04
 1.42899E+04
 1.43008E+04
 1.43117E+04
 1.43226E+04
 1.43335E+04
 1.43444E+04
 1.43554E+04
 1.43663E+04
 1.43772E+04
 1.43881E+04
 1.43990E+04
 1.44099E+04
 1.44208E+04
 1.44317E+04
 1.44426E+04
 1.44535E+04
 1.44644E+04
 1.44754E+04
 1.44864E+04
 1.44976E+04
 1.45085E+04
 1.45195E+04
 1.45304E+04
 1.45414E+04
 1.45522E+04
 1.45631E+04
 1.45740E+04
 1.45850E+04
 1.45959E+04
 1.46068E+04
 1.46178E+04
 1.46286E+04
 1.46396E+04
 1.46505E+04
 1.46614E+04
 1.46723E+04
 1.46832E+04
 1.46941E+04
 1.47050E+04
 1.47159E+04
 1.47267E+04
 1.47376E+04
 1.47485E+04
 1.47594E+04
 1.47703E+04
 1.47812E+04
 1.47920E+04
 1.48030E+04
 1.48140E+04
 1.48249E+04
 1.48358E+04
 1.48467E+04
 1.48576E+04
 1.48685E+04
 1.48794E+04
 1.48903E+04
 1.49011E+04
 1.49120E+04
 1.49229E+04
 1.49338E+04
 1.49447E+04
 1.49556E+04
 1.49664E+04
 1.49773E+04
 1.49882E+04
 1.49991E+04
 1.50100E+04
 1.50209E+04
 1.50319E+04
 1.50427E+04
 1.50536E+04
 1.50645E+04
 1.50754E+04
 1.50862E+04
 1.50971E+04
 1.51080E+04
 1.51191E+04
 1.51301E+04
 1.51410E+04
 1.51519E+04
 1.51627E+04
 1.51736E+04
 1.51845E+04
 1.51954E+04
 1.52063E+04
 1.52171E+04
 1.52280E+04
 1.52389E+04
 1.52497E+04
 1.52606E+04
 1.52716E+04
 1.52824E+04
 1.52934E+04
 1.53043E+04
 1.53152E+04
 1.53261E+04
 1.53372E+04
 1.53482E+04
 1.53591E+04
 1.53699E+04
 1.53809E+04
 1.53918E+04
 1.54027E+04
 1.54136E+04
 1.54245E+04
 1.54357E+04
 1.54466E+04
 1.54575E+04
 1.54684E+04
 1.54793E+04
 1.54902E+04
 1.55011E+04
 1.55120E+04
 1.55229E+04
 1.55338E+04
 1.55447E+04
 1.55557E+04
 1.55665E+04
 1.55775E+04
 1.55883E+04
 1.55992E+04
 1.56102E+04
 1.56211E+04
 1.56320E+04
 1.56430E+04
 1.56539E+04
 1.56648E+04
 1.56757E+04
 1.56866E+04
 1.56975E+04
 1.57085E+04
 1.57193E+04
 1.57301E+04
 1.57409E+04
 1.57518E+04
 1.57626E+04
 1.57734E+04
 1.57842E+04
 1.57950E+04
 1.58058E+04
 1.58165E+04
 1.58273E+04
 1.58382E+04
 1.58492E+04
 1.58601E+04
 1.58711E+04
 1.58824E+04
 1.58934E+04
 1.59043E+04
 1.59153E+04
 1.59261E+04
 1.59369E+04
 1.59477E+04
 1.59585E+04
 1.59693E+04
 1.59801E+04
 1.59909E+04
 1.60017E+04
 1.60124E+04
 1.60230E+04
 1.60336E+04
 1.60442E+04
 1.60547E+04
 1.60655E+04
 1.60760E+04
 1.60866E+04
 1.60972E+04
 1.61077E+04
 1.61183E+04
 1.61288E+04
 1.61394E+04
 1.61500E+04
 1.61605E+04
 1.61711E+04
 1.61817E+04
 1.61922E+04
 1.62028E+04
 1.62134E+04
 1.62240E+04
 1.62345E+04
 1.62451E+04
 1.62557E+04
 1.62663E+04
 1.62768E+04
 1.62874E+04
 1.62979E+04
 1.63085E+04
 1.63190E+04
 1.63296E+04
 1.63402E+04
 1.63507E+04
 1.63613E+04
 1.63719E+04
 1.63826E+04
 1.63932E+04
 1.64037E+04
 1.64143E+04
 1.64249E+04
 1.64354E+04
 1.64459E+04
 1.64565E+04
 1.64670E+04
 1.64776E+04
 1.64881E+04
 1.64987E+04
 1.65092E+04
 1.65198E+04
 1.65303E+04
 1.65409E+04
 1.65514E+04
 1.65620E+04
 1.65725E+04
 1.65831E+04
 1.65936E+04
 1.66042E+04
 1.66147E+04
 1.66252E+04
 1.66358E+04
 1.66464E+04
 1.66569E+04
 1.66674E+04
 1.66780E+04
 1.66885E+04
 1.66993E+04
 1.67098E+04
 1.67204E+04
 1.67310E+04
 1.67415E+04
 1.67520E+04
 1.67626E+04
 1.67732E+04
 1.67837E+04
 1.67943E+04
 1.68048E+04
 1.68154E+04
 1.68259E+04
 1.68365E+04
 1.68470E+04
 1.68576E+04
 1.68681E+04
 1.68787E+04
 1.68892E+04
 1.68998E+04
 1.69104E+04
 1.69209E+04
 1.69315E+04
 1.69420E+04
 1.69525E+04
 1.69630E+04
 1.69736E+04
 1.69841E+04
 1.69946E+04
 1.70055E+04
 1.70164E+04
 1.70274E+04
 1.70383E+04
 1.70493E+04
 1.70603E+04
 1.70712E+04
 1.70822E+04
 1.70932E+04
 1.71041E+04
 1.71150E+04
 1.71259E+04
 1.71368E+04
 1.71477E+04
 1.71586E+04
 1.71696E+04
 1.71805E+04
 1.71914E+04
 1.72023E+04
 1.72132E+04
 1.72241E+04
 1.72350E+04
 1.72459E+04
 1.72568E+04
 1.72677E+04
 1.72786E+04
 1.72895E+04
 1.73004E+04
 1.73114E+04
 1.73224E+04
 1.73331E+04
 1.73437E+04
 1.73542E+04
 1.73648E+04
 1.73754E+04
 1.73859E+04
 1.73964E+04
 1.74070E+04
 1.74176E+04
 1.74281E+04
 1.74387E+04
 1.74492E+04
 1.74598E+04
 1.74703E+04
 1.74809E+04
 1.74914E+04
 1.75020E+04
 1.75125E+04
 1.75231E+04
 1.75337E+04
 1.75442E+04
 1.75547E+04
 1.75653E+04
 1.75758E+04
 1.75864E+04
 1.75970E+04
 1.76075E+04
 1.76181E+04
 1.76286E+04
 1.76394E+04
 1.76500E+04
 1.76605E+04
 1.76711E+04
 1.76817E+04
 1.76922E+04
 1.77027E+04
 1.77133E+04
 1.77238E+04
 1.77344E+04
 1.77450E+04
 1.77555E+04
 1.77661E+04
 1.77767E+04
 1.77872E+04
 1.77978E+04
 1.78083E+04
 1.78189E+04
 1.78294E+04
 1.78400E+04
 1.78505E+04
 1.78611E+04
 1.78716E+04
 1.78821E+04
 1.78927E+04
 1.79033E+04
 1.79138E+04
 1.79244E+04
 1.79350E+04
 1.79456E+04
 1.79564E+04
 1.79670E+04
 1.79775E+04
 1.79881E+04
 1.79987E+04
 1.80092E+04
 1.80198E+04
 1.80303E+04
 1.80409E+04
 1.80514E+04
 1.80620E+04
 1.80726E+04
 1.80831E+04
 1.80939E+04
 1.81047E+04
 1.81153E+04
 1.81258E+04
 1.81364E+04
 1.81469E+04
 1.81575E+04
 1.81680E+04
 1.81786E+04
 1.81891E+04
 1.81997E+04
 1.82102E+04
 1.82208E+04
 1.82314E+04
 1.82419E+04
 1.82524E+04
 1.82630E+04
 1.82736E+04
 1.82841E+04
 1.82947E+04
 1.83053E+04
 1.83158E+04
 1.83264E+04
 1.83369E+04
 1.83475E+04
 1.83581E+04
 1.83687E+04
 1.83792E+04
 1.83898E+04
 1.84003E+04
 1.84109E+04
 1.84215E+04
 1.84321E+04
 1.84427E+04
 1.84532E+04
 1.84638E+04
 1.84743E+04
 1.84849E+04
 1.84955E+04
 1.85061E+04
 1.85167E+04
 1.85272E+04
 1.85378E+04
 1.85484E+04
 1.85590E+04
 1.85696E+04
 1.85803E+04
 1.85909E+04
 1.86014E+04
 1.86120E+04
 1.86226E+04
 1.86332E+04
 1.86437E+04
 1.86543E+04
 1.86649E+04
 1.86755E+04
 1.86861E+04
 1.86966E+04
 1.87072E+04
 1.87178E+04
 1.87283E+04
 1.87389E+04
 1.87495E+04
 1.87601E+04
 1.87707E+04
 1.87812E+04
 1.87918E+04
 1.88024E+04
 1.88129E+04
 1.88235E+04
 1.88341E+04
 1.88447E+04
 1.88553E+04
 1.88659E+04
 1.88764E+04
 1.88871E+04
 1.88978E+04
 1.89084E+04
 1.89190E+04
 1.89295E+04
 1.89401E+04
 1.89507E+04
 1.89613E+04
 1.89719E+04
