  1.0000000000000000E+00
  9.9988064911357299E-01
  9.9977803426187362E-01
  9.9971110084499304E-01
  9.9966659250933787E-01
  9.9963611531510743E-01
  9.9961441703788823E-01
  9.9959821184122655E-01
  9.9958544175726227E-01
  9.9957480188645464E-01
  9.9956552454370162E-01
  9.9955711257551028E-01
  9.9954925650436732E-01
  9.9954170096015726E-01
  9.9953436885823954E-01
  9.9952720780281190E-01
  9.9952018069134796E-01
  9.9951329469653671E-01
  9.9950641513771721E-01
  9.9949954165898669E-01
  9.9949267405450093E-01
  9.9948581189149988E-01
  9.9947895462715342E-01
  9.9947210168001421E-01
  9.9946525247079909E-01
  9.9945840644192296E-01
  9.9945156307005323E-01
  9.9944472186528699E-01
  9.9943788237751352E-01
  9.9943104418881101E-01
  9.9942420691662792E-01
  9.9941737020763044E-01
  9.9941053373648769E-01
  9.9940369720466860E-01
  9.9939686033713349E-01
  9.9939002287871981E-01
  9.9938318459743902E-01
  9.9937634527585550E-01
  9.9936950471821784E-01
  9.9936266274242036E-01
  9.9935581918306104E-01
  9.9934897389051069E-01
  9.9934212672732425E-01
  9.9933527757320029E-01
  9.9932842632023622E-01
  9.9932157287632106E-01
  9.9931471716390952E-01
  9.9930785911893383E-01
  9.9930099869626310E-01
  9.9929413586297955E-01
  9.9928727059228817E-01
  9.9928040326645151E-01
  9.9927353318615342E-01
  9.9926666080626492E-01
  9.9925978623480693E-01
  9.9925290960351709E-01
  9.9924603108848142E-01
  9.9923915092166438E-01
  9.9923226940403720E-01
  9.9922538692801677E-01
  9.9921850399717493E-01
  9.9921162125485397E-01
  9.9920473952970401E-01
  9.9919785987156873E-01
  9.9919098358447367E-01
  9.9918411215332736E-01
  9.9917628443796025E-01
  9.9916488130520908E-01
  9.9915654715559843E-01
  9.9914816433937359E-01
  9.9913902337163563E-01
  9.9913065550609381E-01
  9.9912189289991560E-01
  9.9911402982727138E-01
  9.9910578271996475E-01
  9.9909837180122119E-01
  9.9909051745506494E-01
  9.9908341009777057E-01
  9.9907580899238269E-01
  9.9906888135477978E-01
  9.9906143207561215E-01
  9.9905460233951482E-01
  9.9904724138847223E-01
  9.9904046072221842E-01
  9.9903315116178493E-01
  9.9902639204212373E-01
  9.9901911327354243E-01
  9.9901236076610456E-01
  9.9900510159040534E-01
  9.9899834783200636E-01
  9.9899110224740562E-01
  9.9898434322363261E-01
  9.9897710802953477E-01
  9.9897034177691790E-01
  9.9896311525720416E-01
  9.9895634088800700E-01
  9.9894912210311237E-01
  9.9894233928671483E-01
  9.9893512770098336E-01
  9.9892833639341549E-01
  9.9892113167991414E-01
  9.9891433198120372E-01
  9.9890713392069408E-01
  9.9890032600311940E-01
  9.9889313443254135E-01
  9.9888631850383280E-01
  9.9887913328494704E-01
  9.9887230959790985E-01
  9.9886513015572964E-01
  9.9885829596005926E-01
  9.9885112843876345E-01
  9.9884430820192815E-01
  9.9883717233144920E-01
  9.9883037246282669E-01
  9.9882327031660956E-01
  9.9881641952032851E-01
  9.9880925225622286E-01
  9.9880239236240176E-01
  9.9879526602985402E-01
  9.9878845498980451E-01
  9.9878139883855133E-01
  9.9877465600482196E-01
  9.9876767757784568E-01
  9.9876100097748444E-01
  9.9875410660880182E-01
  9.9874747606702652E-01
  9.9874055936714090E-01
  9.9873386344784842E-01
  9.9872691618833587E-01
  9.9872019498010844E-01
  9.9871324197875300E-01
  9.9870651090495310E-01
  9.9869956129679549E-01
  9.9869282600135101E-01
  9.9868588284377446E-01
  9.9867914519710221E-01
  9.9867220922086630E-01
  9.9866546966054748E-01
  9.9865854072850624E-01
  9.9865179916831870E-01
  9.9864487665454493E-01
  9.9863803186223388E-01
  9.9863115056442953E-01
  9.9862433014178920E-01
  9.9861746662858286E-01
  9.9861065561705176E-01
  9.9860380031703611E-01
  9.9859699265520041E-01
  9.9859014158193948E-01
  9.9858333471084981E-01
  9.9857648608107819E-01
  9.9856967883048586E-01
  9.9856283174002924E-01
  9.9855602349682859E-01
  9.9854917739962912E-01
  9.9854236778214289E-01
  9.9853552228610110E-01
  9.9852871101481699E-01
  9.9852186580026991E-01
  9.9851505264695894E-01
  9.9850820743204727E-01
  9.9850139219787326E-01
  9.9849454672803795E-01
  9.9848772923489348E-01
  9.9848088327268658E-01
  9.9847406335980360E-01
  9.9846721668635008E-01
  9.9846039420718757E-01
  9.9845354661709962E-01
  9.9844672143760593E-01
  9.9843987273878443E-01
  9.9843304473797878E-01
  9.9842619475221628E-01
  9.9841936382162111E-01
  9.9841251238210238E-01
  9.9840567842355898E-01
  9.9839882537652702E-01
  9.9839198830409281E-01
  9.9838513350644997E-01
  9.9837829324462912E-01
  9.9837143656531857E-01
  9.9836459304944347E-01
  9.9835773436921638E-01
  9.9835088754735268E-01
  9.9834402675802991E-01
  9.9833717658720034E-01
  9.9833031359383628E-01
  9.9832346004531280E-01
  9.9831659476575174E-01
  9.9830973782085308E-01
  9.9830287018551567E-01
  9.9829600983505773E-01
  9.9828913978357880E-01
  9.9828227654921708E-01
  9.9827540388281166E-01
  9.9826853669510152E-01
  9.9826166162945273E-01
  9.9825479119489213E-01
  9.9824791371743693E-01
  9.9824104008318226E-01
  9.9823416019266542E-01
  9.9822728343769196E-01
  9.9822040117459754E-01
  9.9821352141963171E-01
  9.9820663686771749E-01
  9.9819975427449292E-01
  9.9819286756241743E-01
  9.9818598234134326E-01
  9.9817909365078594E-01
  9.9817220607295964E-01
  9.9816531565131894E-01
  9.9815842605998195E-01
  9.9815153424024761E-01
  9.9814464307353001E-01
  9.9813775029476903E-01
  9.9813085811032753E-01
  9.9812396494790223E-01
  9.9811707245429870E-01
  9.9811017964608340E-01
  9.9810328772224033E-01
  9.9809639617577461E-01
  9.9808950584013800E-01
  9.9808261652372510E-01
  9.9807572866897565E-01
  9.9806884201934487E-01
  9.9806147749378837E-01
  9.9805089901583466E-01
  9.9804103381771880E-01
  9.9803251690995765E-01
  9.9802338329785412E-01
  9.9801403002829403E-01
  9.9800467914901614E-01
  9.9799545703123171E-01
  9.9798642001995364E-01
  9.9797759323545210E-01
  9.9796897570031895E-01
  9.9796055869271449E-01
  9.9795232473435735E-01
  9.9794425635430051E-01
  9.9793633417087613E-01
  9.9792854071280790E-01
  9.9792085930221841E-01
  9.9791327503916916E-01
  9.9790577489265797E-01
  9.9789834688129808E-01
  9.9789098133382070E-01
  9.9788366882269741E-01
  9.9787640242911935E-01
  9.9786917475961756E-01
  9.9786198104014179E-01
  9.9785481542771259E-01
  9.9784767478159353E-01
  9.9784055441195796E-01
  9.9783345240731713E-01
  9.9782636492265919E-01
  9.9781929096804767E-01
  9.9781222730980990E-01
  9.9780517364865118E-01
  9.9779812718858529E-01
  9.9779108814945305E-01
  9.9778405404456227E-01
  9.9777702548576108E-01
  9.9777000020172257E-01
  9.9776297910268774E-01
  9.9775596006381317E-01
  9.9774894422457416E-01
  9.9774192955672081E-01
  9.9773491737763842E-01
  9.9772790571960979E-01
  9.9772089604054726E-01
  9.9771388640666547E-01
  9.9770687838800431E-01
  9.9769987006056349E-01
  9.9769286312587413E-01
  9.9768585513275676E-01
  9.9767884595589162E-01
  9.9767183812585514E-01
  9.9766483525673177E-01
  9.9765783602492641E-01
  9.9765084234944190E-01
  9.9764385202469374E-01
  9.9763686699982468E-01
  9.9762988464444025E-01
  9.9762287973787533E-01
  9.9761586526865031E-01
  9.9760885256579701E-01
  9.9760184534532725E-01
  9.9759484795805797E-01
  9.9758783926541383E-01
  9.9758086589001993E-01
  9.9757390079148001E-01
  9.9756695068099721E-01
  9.9756001557986296E-01
  9.9755309795754799E-01
  9.9754619544982026E-01
  9.9753930983003203E-01
  9.9753244651497808E-01
  9.9752556836515227E-01
  9.9751868059236959E-01
  9.9751177032548255E-01
  9.9750484796771732E-01
  9.9749790642752567E-01
  9.9749095927038600E-01
  9.9748401799485109E-01
  9.9747708690315795E-01
  9.9747015788906745E-01
  9.9746325229782518E-01
  9.9745638734992714E-01
  9.9744954563095112E-01
  9.9744270880665409E-01
  9.9743587880229623E-01
  9.9742905964248485E-01
  9.9742225074670876E-01
  9.9741545433124801E-01
  9.9740866908568104E-01
  9.9740190280199414E-01
  9.9739512267856145E-01
  9.9738834577264546E-01
  9.9738154226518205E-01
  9.9737472421942108E-01
  9.9736789576102680E-01
  9.9736106305926264E-01
  9.9735422632507376E-01
  9.9734738928821354E-01
  9.9734055062506433E-01
  9.9733371311791741E-01
  9.9732687484246385E-01
  9.9732003821594994E-01
  9.9731320107985300E-01
  9.9730636571283671E-01
  9.9729952986498549E-01
  9.9729269576627477E-01
  9.9728586113142248E-01
  9.9727902817484715E-01
  9.9727219459731153E-01
  9.9726536261113474E-01
  9.9725852991295338E-01
  9.9725169871631958E-01
  9.9724486671729684E-01
  9.9723803613179540E-01
  9.9723120465777926E-01
  9.9722437451318757E-01
  9.9721754339876523E-01
  9.9721071353338608E-01
  9.9720388262083803E-01
  9.9719705288142979E-01
  9.9719022202307495E-01
  9.9718339226577979E-01
  9.9717656132166588E-01
  9.9716973140925680E-01
  9.9716290024675214E-01
  9.9715607005057372E-01
  9.9714923854454007E-01
  9.9714240794232156E-01
  9.9713557597376890E-01
  9.9712874484975067E-01
  9.9712191230736913E-01
  9.9711508055211762E-01
  9.9710824732912640E-01
  9.9710141483869619E-01
  9.9709458083482005E-01
  9.9708774751143869E-01
  9.9708091263194432E-01
  9.9707407838236450E-01
  9.9706724253609902E-01
  9.9706040727236667E-01
  9.9705357037508113E-01
  9.9704673401405075E-01
  9.9703989598505705E-01
  9.9703305844870704E-01
  9.9702621921225432E-01
  9.9701938042652816E-01
  9.9701253991167504E-01
  9.9700569980702514E-01
  9.9699885794687781E-01
  9.9699201645876867E-01
  9.9698517319092383E-01
  9.9697833025803073E-01
  9.9697148552447901E-01
  9.9696464109090588E-01
  9.9695779483820135E-01
  9.9695094885163049E-01
  9.9694410102956244E-01
  9.9693725337391437E-01
  9.9693038594901651E-01
  9.9692352473916834E-01
  9.9691666672159895E-01
  9.9690981089322661E-01
  9.9690295561354547E-01
  9.9689610085584879E-01
  9.9688924560383840E-01
  9.9688239021191505E-01
  9.9687553391322692E-01
  9.9686867720698902E-01
  9.9686181943056851E-01
  9.9685496113753169E-01
  9.9684810171028249E-01
  9.9684124171982791E-01
  9.9683438057344176E-01
  9.9682751884576160E-01
  9.9682065595911107E-01
  9.9681379248635149E-01
  9.9680692786258240E-01
  9.9680006265716281E-01
  9.9679319631816010E-01
  9.9678632940996881E-01
  9.9677946139184759E-01
  9.9677259282550568E-01
  9.9676572318278833E-01
  9.9675885302129852E-01
  9.9675198182741664E-01
  9.9674511015497058E-01
  9.9673823750640766E-01
  9.9673136443272203E-01
  9.9672449045283262E-01
  9.9671761611647913E-01
  9.9671074096012824E-01
  9.9670386553143953E-01
  9.9669698938442952E-01
  9.9669011306184541E-01
  9.9668323612961529E-01
  9.9667635911533170E-01
  9.9666948157829194E-01
  9.9666260399446538E-01
  9.9665572585047590E-01
  9.9664884745071225E-01
  9.9664129440439231E-01
  9.9663266445783416E-01
  9.9662519315337494E-01
  9.9661756970801907E-01
  9.9660955468782053E-01
  9.9660170305574813E-01
  9.9659363953323088E-01
  9.9658585100113395E-01
  9.9657790520965983E-01
  9.9657026213291511E-01
  9.9656246951412264E-01
  9.9655497845189422E-01
  9.9654733049461908E-01
  9.9653997364163416E-01
  9.9653244918488726E-01
  9.9652520338849393E-01
  9.9651777999931401E-01
  9.9651062338404361E-01
  9.9650328108769159E-01
  9.9649619497025488E-01
  9.9648891711081955E-01
  9.9648188620446221E-01
  9.9647465930080503E-01
  9.9646767134897729E-01
  9.9646048464750026E-01
  9.9645352992887470E-01
  9.9644637492008770E-01
  9.9643944576605870E-01
  9.9643231574485991E-01
  9.9642540613584663E-01
  9.9641829584003416E-01
  9.9641140106172454E-01
  9.9640430636824373E-01
  9.9639742274157705E-01
  9.9639034043369801E-01
  9.9638346509922238E-01
  9.9637639267442224E-01
  9.9636952341969731E-01
  9.9636245894424902E-01
  9.9635559407267626E-01
  9.9634853606260332E-01
  9.9634167428589149E-01
  9.9633462161637021E-01
  9.9632776197106010E-01
  9.9632071380458287E-01
  9.9631385558834196E-01
  9.9630681131436583E-01
  9.9629995402663785E-01
  9.9629291320603708E-01
  9.9628605649239699E-01
  9.9627901879909297E-01
  9.9627216237986527E-01
  9.9626512750388940E-01
  9.9625827103874010E-01
  9.9625123849479269E-01
  9.9624415137476596E-01
  9.9623576806654712E-01
  9.9622844175134040E-01
  9.9622079846549361E-01
  9.9621213887291693E-01
  9.9620295374678858E-01
  9.9619466069379026E-01
  9.9618624924908161E-01
  9.9617758756410313E-01
  9.9616906378480363E-01
  9.9616043532140452E-01
  9.9615203472670555E-01
  9.9614357077186155E-01
  9.9613535889772431E-01
  9.9612708670437344E-01
  9.9611906649555448E-01
  9.9611097624130196E-01
  9.9610312961793779E-01
  9.9609520012929564E-01
  9.9608750378043454E-01
  9.9607971216022795E-01
  9.9607214329744564E-01
  9.9606446829729722E-01
  9.9605700651923690E-01
  9.9604942954971254E-01
  9.9604205671605039E-01
  9.9603455882848302E-01
  9.9602725837923822E-01
  9.9601982933939637E-01
  9.9601259427965316E-01
  9.9600523076144820E-01
  9.9599805723216961E-01
  9.9599075219931277E-01
  9.9598363175101123E-01
  9.9597637666789851E-01
  9.9596930084256285E-01
  9.9596208811897247E-01
  9.9595504946588109E-01
  9.9594785426776278E-01
  9.9594082078758117E-01
  9.9593362694263576E-01
  9.9592659264831218E-01
  9.9591941830576514E-01
  9.9591241327311153E-01
  9.9590526252898126E-01
  9.9589828847791328E-01
  9.9589119329764597E-01
  9.9588426553818643E-01
  9.9587722606206297E-01
  9.9587034274129982E-01
  9.9586332447034664E-01
  9.9585646386796012E-01
  9.9584947186214356E-01
  9.9584263623692026E-01
  9.9583567119244565E-01
  9.9582886563213191E-01
  9.9582190974053753E-01
  9.9581509583386185E-01
  9.9580812122679974E-01
  9.9580127296226784E-01
  9.9579427984511704E-01
  9.9578742035621870E-01
  9.9578042316162929E-01
  9.9577356124204286E-01
  9.9576656524455853E-01
  9.9575970399111469E-01
  9.9575271093156770E-01
  9.9574585126107595E-01
  9.9573886154363167E-01
  9.9573200356240166E-01
  9.9572501710554073E-01
  9.9571816063743612E-01
  9.9571117720114066E-01
  9.9570432198913073E-01
  9.9569734129902876E-01
  9.9569048707986207E-01
  9.9568350887005053E-01
  9.9567665539846040E-01
  9.9566967942583684E-01
  9.9566282648164417E-01
  9.9565585252817590E-01
  9.9564899991629519E-01
  9.9564202778772837E-01
  9.9563517532705792E-01
  9.9562820488422799E-01
  9.9562135193729495E-01
  9.9561438025459814E-01
  9.9560752504445182E-01
  9.9560055601037389E-01
  9.9559370358907973E-01
  9.9558673841149381E-01
  9.9557988430282063E-01
  9.9557291987535113E-01
  9.9556607025041877E-01
  9.9555911336108904E-01
  9.9555227029980409E-01
  9.9554532126305773E-01
  9.9553848431038972E-01
  9.9553154228684226E-01
  9.9552471075004700E-01
  9.9551777455176782E-01
  9.9551093175935212E-01
  9.9550397896984544E-01
  9.9549712961013270E-01
  9.9549017851940180E-01
  9.9548333402476619E-01
  9.9547639097284724E-01
  9.9546953977286634E-01
  9.9546258613536931E-01
  9.9545572139581073E-01
  9.9544876230335255E-01
  9.9544191778290581E-01
  9.9543499796158930E-01
  9.9542817859262778E-01
  9.9542126653089469E-01
  9.9541445704879683E-01
  9.9540755157989669E-01
  9.9540075269775719E-01
  9.9539387769473098E-01
  9.9538709987972573E-01
  9.9538023180874957E-01
  9.9537346199257681E-01
  9.9536660419265832E-01
  9.9535984457313509E-01
  9.9535300229455070E-01
  9.9534623980520509E-01
  9.9533938115065224E-01
  9.9533260951558866E-01
  9.9532574814453101E-01
  9.9531897586492646E-01
  9.9531211717922907E-01
  9.9530535166384737E-01
  9.9529848541534827E-01
  9.9529169545784413E-01
  9.9528481484941000E-01
  9.9527801505296531E-01
  9.9527112937735240E-01
  9.9526432552872712E-01
  9.9525743836273795E-01
  9.9525063266878278E-01
  9.9524374535144167E-01
  9.9523693862342966E-01
  9.9523005162235700E-01
  9.9522324412584784E-01
  9.9521635757041815E-01
  9.9520954936204609E-01
  9.9520266325143270E-01
  9.9519585430747382E-01
  9.9518896859379025E-01
  9.9518215879742233E-01
  9.9517526075060558E-01
  9.9516845449617064E-01
  9.9516156009712931E-01
  9.9515475448387480E-01
  9.9514786181759962E-01
  9.9514105564187938E-01
  9.9513416391263299E-01
  9.9512735667237051E-01
  9.9512046552673539E-01
  9.9511365699792709E-01
  9.9510676625602212E-01
  9.9509995632418369E-01
  9.9509306587721247E-01
  9.9508625447268595E-01
  9.9507936424131360E-01
  9.9507255131316275E-01
  9.9506566123136353E-01
  9.9505884673779199E-01
  9.9505195674728952E-01
  9.9504514064901339E-01
  9.9503825069862295E-01
  9.9503143295716578E-01
  9.9502454300470189E-01
  9.9501772356826379E-01
  9.9501083361324627E-01
  9.9500401174170305E-01
  9.9499712185875566E-01
  9.9499029931630234E-01
  9.9498340406816110E-01
  9.9497658253035648E-01
  9.9496969355965603E-01
  9.9496286849283389E-01
  9.9495597827954718E-01
  9.9494915077232027E-01
  9.9494225989107721E-01
  9.9493543034436227E-01
  9.9492853900363043E-01
  9.9492170756855280E-01
  9.9491481583256036E-01
  9.9490798256634572E-01
  9.9490109044548691E-01
  9.9489425536982690E-01
  9.9488736285607571E-01
  9.9488052598216348E-01
  9.9487363306250143E-01
  9.9486679439967185E-01
  9.9485990106216138E-01
  9.9485306062115253E-01
  9.9484616685795568E-01
  9.9483932465381786E-01
  9.9483243046028380E-01
  9.9482558651239172E-01
  9.9481869189023098E-01
  9.9481184622546137E-01
  9.9480495118284007E-01
  9.9479810383266387E-01
  9.9479120838445956E-01
  9.9478435938914289E-01
  9.9477746355919361E-01
  9.9477061296698843E-01
  9.9476371678801723E-01
  9.9475686465686453E-01
  9.9474996817223837E-01
  9.9474311457179576E-01
  9.9473621783696398E-01
  9.9472936284945190E-01
  9.9472246593250024E-01
  9.9471560965436012E-01
  9.9470871264021865E-01
  9.9470185518317256E-01
  9.9469495817002707E-01
  9.9468809966046579E-01
  9.9468120276224459E-01
  9.9467434333959648E-01
  9.9466744667825602E-01
  9.9466058648330891E-01
  9.9465369017293948E-01
  9.9464682932525017E-01
  9.9463993343499180E-01
  9.9463307196853168E-01
  9.9462617642159401E-01
  9.9461931413383653E-01
  9.9461224679483051E-01
  9.9460410487271667E-01
  9.9459675787756019E-01
  9.9458930921247557E-01
  9.9458032382635098E-01
  9.9457139706653908E-01
  9.9456312135351987E-01
  9.9455493965743114E-01
  9.9454631176499331E-01
  9.9453801493891303E-01
  9.9452941217995072E-01
  9.9452122336577131E-01
  9.9451277128588045E-01
  9.9450475421737061E-01
  9.9449648055369466E-01
  9.9448863992694958E-01
  9.9448053724991203E-01
  9.9447285763915050E-01
  9.9446490746523097E-01
  9.9445736815540653E-01
  9.9444955001594959E-01
  9.9444213044974106E-01
  9.9443442511363778E-01
  9.9442710670682344E-01
  9.9441949714961531E-01
  9.9441226372134650E-01
  9.9440473525228679E-01
  9.9439757295247533E-01
  9.9439011304426306E-01
  9.9438301011437713E-01
  9.9437560814654824E-01
  9.9436855464645935E-01
  9.9436120164292918E-01
  9.9435418918972451E-01
  9.9434687755102491E-01
  9.9433989423386726E-01
  9.9433261928243766E-01
  9.9432566528378863E-01
  9.9431842057050801E-01
  9.9431149019940357E-01
  9.9430427073626038E-01
  9.9429735437705202E-01
  9.9429015799610587E-01
  9.9428325849715526E-01
  9.9427608079856167E-01
  9.9426919441737160E-01
  9.9426203222869958E-01
  9.9425515616826643E-01
  9.9424800705142324E-01
  9.9424113908150691E-01
  9.9423400111414306E-01
  9.9422713931269857E-01
  9.9422001144736494E-01
  9.9421315574719182E-01
  9.9420603385242823E-01
  9.9419918076958080E-01
  9.9419206653675063E-01
  9.9418521620155464E-01
  9.9417810819909025E-01
  9.9417125965735764E-01
  9.9416415697668192E-01
  9.9415730939895897E-01
  9.9415021150840910E-01
  9.9414336145978988E-01
  9.9413626803028288E-01
  9.9412942264411808E-01
  9.9412233215700363E-01
  9.9411548546674833E-01
  9.9410839767903048E-01
  9.9410154989757793E-01
  9.9409446467117246E-01
  9.9408761571157689E-01
  9.9408053283016973E-01
  9.9407368260563067E-01
  9.9406660102192768E-01
  9.9405974490732452E-01
  9.9405266204145448E-01
  9.9404580612909199E-01
  9.9403872881345723E-01
  9.9403187573262697E-01
  9.9402480471499277E-01
  9.9401795438742402E-01
  9.9401088917037128E-01
  9.9400404098803496E-01
  9.9399698089485389E-01
  9.9399013424307570E-01
  9.9398307861535862E-01
  9.9397623324475681E-01
  9.9396918119910882E-01
  9.9396231926353140E-01
  9.9395524704121663E-01
  9.9394837470697928E-01
  9.9394130322535190E-01
  9.9393443345096111E-01
  9.9392737033180711E-01
  9.9392050763054107E-01
  9.9391345545021614E-01
  9.9390659559477346E-01
  9.9389955630649207E-01
  9.9389273017371027E-01
  9.9388571174971629E-01
  9.9387887663782515E-01
  9.9387185684284596E-01
  9.9386502446328440E-01
  9.9385801332565527E-01
  9.9385118837148523E-01
  9.9384418805755526E-01
  9.9383737091793667E-01
  9.9383037904869898E-01
  9.9382356807435790E-01
  9.9381659185223215E-01
  9.9380977504097223E-01
  9.9380277938354367E-01
  9.9379594986958175E-01
  9.9378895021880831E-01
  9.9378211764743585E-01
  9.9377511978878452E-01
  9.9376828761480418E-01
  9.9376129346704223E-01
  9.9375446298961145E-01
  9.9374747275616593E-01
  9.9374063196441420E-01
  9.9373362908061824E-01
  9.9372678155967020E-01
  9.9371977972705194E-01
  9.9371293424864870E-01
  9.9370593817898734E-01
  9.9369908479404334E-01
  9.9369207851227359E-01
  9.9368522166077677E-01
  9.9367814693995016E-01
  9.9367034915160846E-01
  9.9366301939865598E-01
  9.9365572833410765E-01
  9.9364808894256273E-01
  9.9364063723262064E-01
  9.9363292731663988E-01
  9.9362546775253324E-01
  9.9361778186362382E-01
  9.9361036651186030E-01
  9.9360275078636451E-01
  9.9359541872591439E-01
  9.9358789149231175E-01
  9.9358008539430831E-01
  9.9357170875273237E-01
  9.9356419987132982E-01
  9.9355637824627552E-01
  9.9354860540761369E-01
  9.9354067637924148E-01
  9.9353287081640751E-01
  9.9352495543100017E-01
  9.9351720045609027E-01
  9.9350936174941495E-01
  9.9350169225015150E-01
  9.9349394731672414E-01
  9.9348637001275542E-01
  9.9347872226776335E-01
  9.9347122167368551E-01
  9.9346363754015288E-01
  9.9345620109038513E-01
  9.9344868472067605E-01
  9.9344131220110810E-01
  9.9343386049629190E-01
  9.9342654730104374E-01
  9.9341915473574460E-01
  9.9341189504042116E-01
  9.9340455561968499E-01
  9.9339734357249099E-01
  9.9339005154453086E-01
  9.9338288168522193E-01
  9.9337563177661481E-01
  9.9336849915685821E-01
  9.9336128662242507E-01
  9.9335418681395904E-01
  9.9334700741838655E-01
  9.9333993648067953E-01
  9.9333278645865009E-01
  9.9332574089471781E-01
  9.9331861690465606E-01
  9.9331159361590859E-01
  9.9330449269541088E-01
  9.9329748893772463E-01
  9.9329040846125050E-01
  9.9328342180693363E-01
  9.9327635944829984E-01
  9.9326938774854223E-01
  9.9326234144704928E-01
  9.9325538280151315E-01
  9.9324835073202422E-01
  9.9324140346021250E-01
  9.9323438400568353E-01
  9.9322744662182361E-01
  9.9322043834980900E-01
  9.9321350953948651E-01
  9.9320651117997771E-01
  9.9319958978154144E-01
  9.9319260020953615E-01
  9.9318568519591066E-01
  9.9317870341389181E-01
  9.9317179387710941E-01
  9.9316481899990938E-01
  9.9315791413690435E-01
  9.9315094537943915E-01
  9.9314404448038740E-01
  9.9313708114573007E-01
  9.9313018358320471E-01
  9.9312322505192874E-01
  9.9311633027057034E-01
  9.9310937599280880E-01
  9.9310248350201658E-01
  9.9309553298837749E-01
  9.9308864235360328E-01
  9.9308169516849620E-01
  9.9307480600639231E-01
  9.9306786176190642E-01
  9.9306097373249547E-01
  9.9305403208246612E-01
  9.9304714488578760E-01
  9.9304020552163852E-01
  9.9303331889158020E-01
  9.9302638153762213E-01
  9.9301949523904698E-01
  9.9301255964837731E-01
  9.9300567347316293E-01
  9.9299873942457739E-01
  9.9299185318890504E-01
  9.9298492048456288E-01
  9.9297803402565443E-01
  9.9297110248760201E-01
  9.9296421566160442E-01
  9.9295728512930159E-01
  9.9295039780882954E-01
  9.9294346813830414E-01
  9.9293658021027176E-01
  9.9292965127164923E-01
  9.9292276262659307E-01
  9.9291583434263797E-01
  9.9290894439293131E-01
  9.9290201401663158E-01
  9.9289512085610265E-01
  9.9288819126123085E-01
  9.9288129888313836E-01
  9.9287437188452710E-01
  9.9286748101109945E-01
  9.9286055674847007E-01
  9.9285366726030255E-01
  9.9284674546276519E-01
  9.9283985705860534E-01
  9.9283293739670719E-01
  9.9282604977384137E-01
  9.9281913195536886E-01
  9.9281224483234953E-01
  9.9280532904206886E-01
  9.9279844218504198E-01
  9.9279152648001601E-01
  9.9278463677215290E-01
  9.9277771970275130E-01
  9.9277082980291054E-01
  9.9276390403410242E-01
  9.9275699913815663E-01
  9.9275006794533827E-01
  9.9274316191048328E-01
  9.9273623375611164E-01
  9.9272933157735976E-01
  9.9272240927805877E-01
  9.9271551248663237E-01
  9.9270859672010425E-01
  9.9270170569370375E-01
  9.9269479669011740E-01
  9.9268790494335157E-01
  9.9268099690942757E-01
  9.9267411752594437E-01
  9.9266723084050623E-01
  9.9266036168953087E-01
  9.9265347430619344E-01
  9.9264660505471625E-01
  9.9263970851318561E-01
  9.9263282523785279E-01
  9.9262592396774429E-01
  9.9261904048610872E-01
  9.9261214309407353E-01
  9.9260526459766163E-01
  9.9259837407740326E-01
  9.9259149719876461E-01
  9.9258461617613902E-01
  9.9257774791158349E-01
  9.9257087571363423E-01
  9.9256400156124547E-01
  9.9255713210568386E-01
  9.9255025874308112E-01
  9.9254338808095788E-01
  9.9253652541720327E-01
  9.9252965759466294E-01
  9.9252278707126473E-01
  9.9251591569265496E-01
  9.9250904403261631E-01
  9.9250217340540747E-01
  9.9249530324383139E-01
  9.9248843494603167E-01
  9.9248156721174352E-01
  9.9247470176082231E-01
  9.9246783672637007E-01
  9.9246097423480995E-01
  9.9245411192452471E-01
  9.9244725235481834E-01
  9.9244039264146400E-01
  9.9243353610813501E-01
  9.9242668166391135E-01
  9.9241981811408908E-01
  9.9241294682128200E-01
  9.9240607267762593E-01
  9.9239919443977898E-01
  9.9239231611259671E-01
  9.9238543516204702E-01
  9.9237855524365470E-01
  9.9237167318206376E-01
  9.9236479262577326E-01
  9.9235790999377504E-01
  9.9235102902753070E-01
  9.9234414580025776E-01
  9.9233682537172130E-01
  9.9232886711510948E-01
  9.9232161089824600E-01
  9.9231423775856986E-01
  9.9230660546194382E-01
  9.9229904192888940E-01
  9.9229133329040320E-01
  9.9228376420757758E-01
  9.9227608943702961E-01
  9.9226857807294677E-01
  9.9226097197977414E-01
  9.9225353515314685E-01
  9.9224600409272801E-01
  9.9223864144521434E-01
  9.9223118155264001E-01
  9.9222388688160645E-01
  9.9221649109711685E-01
  9.9220925668821447E-01
  9.9220191741555441E-01
  9.9219473564650174E-01
  9.9218744570583350E-01
  9.9218030959220072E-01
  9.9217306251765980E-01
  9.9216596585264749E-01
  9.9215875594011504E-01
  9.9215169328167219E-01
  9.9214451554791372E-01
  9.9213748215685349E-01
  9.9213033226758907E-01
  9.9212332403181092E-01
  9.9211619822756880E-01
  9.9210921158467025E-01
  9.9210210661068376E-01
  9.9209513847955566E-01
  9.9208805151957280E-01
  9.9208109923825838E-01
  9.9207402785951804E-01
  9.9206708913116093E-01
  9.9206003123273323E-01
  9.9205310407627556E-01
  9.9204605784635835E-01
  9.9203914055660436E-01
  9.9203210443460388E-01
  9.9202519554439139E-01
  9.9201816818726851E-01
  9.9201126643754833E-01
  9.9200424669146836E-01
  9.9199735100246944E-01
  9.9199033787821844E-01
  9.9198344732664745E-01
  9.9197643997639007E-01
  9.9196955377229856E-01
  9.9196255147140056E-01
  9.9195566894213882E-01
  9.9194867106998230E-01
  9.9194179163880669E-01
  9.9193479766066828E-01
  9.9192792082902048E-01
  9.9192093027473327E-01
  9.9191405559721813E-01
  9.9190706803457407E-01
  9.9190019508620930E-01
  9.9189321007745335E-01
  9.9188633835977247E-01
  9.9187935070144895E-01
  9.9187164162940678E-01
  9.9186370263319068E-01
  9.9185650676029002E-01
  9.9184909666289267E-01
  9.9184157132168527E-01
  9.9183399026061136E-01
  9.9182639134842332E-01
  9.9181879887143753E-01
  9.9181122237985875E-01
  9.9180367443818762E-01
  9.9179615183944714E-01
  9.9178866438571023E-01
  9.9178088126706898E-01
  9.9177251334406757E-01
  9.9176478096870546E-01
  9.9175697169675925E-01
  9.9174895789139650E-01
  9.9174102465601233E-01
  9.9173298279416167E-01
  9.9172508169520779E-01
  9.9171710390649892E-01
  9.9170928670984182E-01
  9.9170140036528565E-01
  9.9169367896885396E-01
  9.9168588705113925E-01
  9.9167825867697401E-01
  9.9167055548424099E-01
  9.9166301244249244E-01
  9.9165538964551569E-01
  9.9164792307134775E-01
  9.9164037200506805E-01
  9.9163297324239563E-01
  9.9162548572992171E-01
  9.9161814680350646E-01
  9.9161071541284318E-01
  9.9160342914691313E-01
  9.9159604723062422E-01
  9.9158880723748788E-01
  9.9158146889359133E-01
  9.9157426951557137E-01
  9.9156696952269541E-01
  9.9155980576170522E-01
  9.9155253950994149E-01
  9.9154540694478233E-01
  9.9153817043580617E-01
  9.9153106443174432E-01
  9.9152385036822555E-01
  9.9151676531229449E-01
  9.9150957503615267E-01
  9.9150251336931661E-01
  9.9149534642489945E-01
  9.9148830642585262E-01
  9.9148115992470809E-01
  9.9147413597401379E-01
  9.9146700554565781E-01
  9.9145999907192217E-01
  9.9145288730318171E-01
  9.9144589833619290E-01
  9.9143880409154261E-01
  9.9143183094440268E-01
  9.9142475230891702E-01
  9.9141779333337410E-01
  9.9141072789040352E-01
  9.9140376699191479E-01
  9.9139669351962301E-01
  9.9138973331347557E-01
  9.9138266734175340E-01
  9.9137571712144590E-01
  9.9136866416748382E-01
  9.9136172601398542E-01
  9.9135467304494174E-01
  9.9134772810246130E-01
  9.9134066878641758E-01
  9.9133372314803014E-01
  9.9132668579994920E-01
  9.9131977589746312E-01
  9.9131276383421341E-01
  9.9130586285139854E-01
  9.9129886323220551E-01
  9.9129196387649265E-01
  9.9128496691098344E-01
  9.9127808792273286E-01
  9.9127112542406026E-01
  9.9126426939623913E-01
  9.9125731562509856E-01
  9.9125046877706158E-01
  9.9124352596991361E-01
  9.9123668992715175E-01
  9.9122976200792567E-01
  9.9122292488386121E-01
  9.9121598336303007E-01
  9.9120913918564435E-01
  9.9120219633722750E-01
  9.9119535285534688E-01
  9.9118841329952234E-01
  9.9118157358581793E-01
  9.9117464252764276E-01
  9.9116779527442433E-01
  9.9116084396503457E-01
  9.9115398355127882E-01
  9.9114702517916087E-01
  9.9114016005655903E-01
  9.9113319985798498E-01
  9.9112633325061683E-01
  9.9111937319153087E-01
  9.9111250628156811E-01
  9.9110554705777687E-01
  9.9109868023518599E-01
  9.9109172205445062E-01
  9.9108485540077729E-01
  9.9107789829567405E-01
  9.9107103175516309E-01
  9.9106407574865452E-01
  9.9105720669432162E-01
  9.9105025259945900E-01
  9.9104338736536823E-01
  9.9103643342920422E-01
  9.9102956756732108E-01
  9.9102261355604082E-01
  9.9101574480902732E-01
  9.9100878916403068E-01
  9.9100192032756573E-01
  9.9099496657379404E-01
  9.9098809931129472E-01
  9.9098114813649163E-01
  9.9097428264059573E-01
  9.9096733397632342E-01
  9.9096047006062371E-01
  9.9095352366436762E-01
  9.9094666107691320E-01
  9.9093971669590064E-01
  9.9093285518785168E-01
  9.9092591094197580E-01
  9.9091905089724253E-01
  9.9091210868953372E-01
  9.9090524962385307E-01
  9.9089830842574611E-01
  9.9089144689786346E-01
  9.9088450438294096E-01
  9.9087764324145444E-01
  9.9087070347259498E-01
  9.9086384351809065E-01
  9.9085689661799647E-01
  9.9085002506928976E-01
  9.9084307352729528E-01
  9.9083620045878473E-01
  9.9082925107368069E-01
  9.9082238090115482E-01
  9.9081543615205370E-01
  9.9080857029520397E-01
  9.9080163088734730E-01
  9.9079476961988644E-01
  9.9078783572995910E-01
  9.9078097729847781E-01
  9.9077404281519255E-01
  9.9076718210361214E-01
  9.9076025569516435E-01
  9.9075340945450774E-01
  9.9074650250635188E-01
  9.9073966438394068E-01
  9.9073275450496745E-01
  9.9072590512025716E-01
  9.9071898195087293E-01
  9.9071212644191087E-01
  9.9070520272102269E-01
  9.9069834909371945E-01
  9.9069142967232215E-01
  9.9068458081857735E-01
  9.9067766735815233E-01
  9.9067082418793107E-01
  9.9066391712292567E-01
  9.9065707975044037E-01
  9.9065017919720189E-01
  9.9064334779386454E-01
  9.9063644700886000E-01
  9.9062961395344806E-01
  9.9062272351282410E-01
  9.9061589548436224E-01
  9.9060900602378166E-01
  9.9060217484272262E-01
  9.9059527693055316E-01
  9.9058844090681919E-01
  9.9058154150257260E-01
  9.9057470508330259E-01
  9.9056780691410506E-01
  9.9056097175653002E-01
  9.9055407580430099E-01
  9.9054724247730619E-01
  9.9054034904744781E-01
  9.9053351770033671E-01
  9.9052662683826675E-01
  9.9051979746027208E-01
  9.9051290911381318E-01
  9.9050608163583320E-01
  9.9049919572027256E-01
  9.9049236999222345E-01
  9.9048548661452473E-01
  9.9047866484312741E-01
  9.9047177575669409E-01
  9.9046493823217241E-01
  9.9045803958903056E-01
  9.9045119556840311E-01
  9.9044429333464823E-01
  9.9043744654807575E-01
  9.9043054304490763E-01
  9.9042369493730154E-01
  9.9041679105404745E-01
  9.9040994217223666E-01
  9.9040303823282605E-01
  9.9039618876303659E-01
  9.9038928485789779E-01
  9.9038243482926125E-01
  9.9037553093561825E-01
  9.9036868026299829E-01
  9.9036177349705412E-01
  9.9035455396718775E-01
  9.9034693479155644E-01
  9.9033983207068244E-01
  9.9033258727751095E-01
  9.9032522340274798E-01
  9.9031783479675028E-01
  9.9031040067927301E-01
  9.9030298894889601E-01
  9.9029555845957795E-01
  9.9028816798583708E-01
  9.9028076732242110E-01
  9.9027341281372760E-01
  9.9026604974213661E-01
  9.9025873451418323E-01
  9.9025140978956550E-01
  9.9024413289777513E-01
  9.9023684471840601E-01
  9.9022960373618063E-01
  9.9022234947234367E-01
  9.9021514156217427E-01
  9.9020791841979994E-01
  9.9020074074114117E-01
  9.9019354600823484E-01
  9.9018639586316437E-01
  9.9017922699295080E-01
  9.9017210186915106E-01
  9.9016495650106207E-01
  9.9015785407570767E-01
  9.9015073002616960E-01
  9.9014364814981448E-01
  9.9013654339282053E-01
  9.9012948004248158E-01
  9.9012239023144899E-01
  9.9011497865371145E-01
  9.9010722242272042E-01
  9.9009995252669092E-01
  9.9009256936926793E-01
  9.9008506187140588E-01
  9.9007755165717926E-01
  9.9006998770833443E-01
  9.9006246502010453E-01
  9.9005491447592253E-01
  9.9004742102380305E-01
  9.9003990821959187E-01
  9.9003245738721912E-01
  9.9002498917392623E-01
  9.9001758335613965E-01
  9.9001015937237802E-01
  9.9000279745312658E-01
  9.8999541587160478E-01
  9.8998809476126626E-01
  9.8998075239139438E-01
  9.8997346884845150E-01
  9.8996616252540759E-01
  9.8995891328652486E-01
  9.8995163597146507E-01
  9.8994441965903412E-01
  9.8993717395928982E-01
  9.8992998648204700E-01
  9.8992276857138972E-01
  9.8991560713799132E-01
  9.8990841441160216E-01
  9.8990127658020266E-01
  9.8989410674676159E-01
  9.8988699032593552E-01
  9.8987984131964313E-01
  9.8987274432022010E-01
  9.8986561426215214E-01
  9.8985853487235453E-01
  9.8985142204981869E-01
  9.8984435861693731E-01
  9.8983726146683815E-01
  9.8983021248263792E-01
  9.8982312957768215E-01
  9.8981609366609469E-01
  9.8980902370367640E-01
  9.8980199960967308E-01
  9.8979494140183921E-01
  9.8978792798094473E-01
  9.8978088044361001E-01
  9.8977387665415806E-01
  9.8976683879931626E-01
  9.8975984369093506E-01
  9.8975281461826303E-01
  9.8974582732704941E-01
  9.8973880621626709E-01
  9.8973182595598141E-01
  9.8972481205983120E-01
  9.8971783811517433E-01
  9.8971083075437483E-01
  9.8970386247543929E-01
  9.8969686103234444E-01
  9.8968989783038186E-01
  9.8968290174342477E-01
  9.8967594308355167E-01
  9.8966895184368864E-01
  9.8966199724202886E-01
  9.8965501038756387E-01
  9.8964805940667333E-01
  9.8964107651967292E-01
  9.8963412876355084E-01
  9.8962714946616626E-01
  9.8962020457937827E-01
  9.8961322853179956E-01
  9.8960628619498447E-01
  9.8959931309011750E-01
  9.8959237301673386E-01
  9.8958540258053163E-01
  9.8957846451509368E-01
  9.8957149650248188E-01
  9.8956456021822037E-01
  9.8955759441039426E-01
  9.8955065970625988E-01
  9.8954369590880475E-01
  9.8953676260710310E-01
  9.8952980064861051E-01
  9.8952286859245098E-01
  9.8951590831871250E-01
  9.8950897736842891E-01
  9.8950201864071896E-01
  9.8949508866761138E-01
  9.8948813135325886E-01
  9.8948120223065494E-01
  9.8947424619312785E-01
  9.8946731778187547E-01
  9.8946036285849437E-01
  9.8945343496675775E-01
  9.8944648093656440E-01
  9.8943954892516417E-01
  9.8943186957226459E-01
  9.8942405920186516E-01
  9.8941680008480803E-01
  9.8940947359047193E-01
  9.8940190741494038E-01
  9.8939441793992933E-01
  9.8938678012144021E-01
  9.8937927551758964E-01
  9.8937165534735605E-01
  9.8936402410750368E-01
  9.8935558030642934E-01
  9.8934785510502188E-01
  9.8933992704261620E-01
  9.8933194036676997E-01
  9.8932389706833412E-01
  9.8931588619985178E-01
  9.8930787503963658E-01
  9.8929992710181835E-01
  9.8929199754155683E-01
  9.8928413882327404E-01
  9.8927630278320133E-01
  9.8926853651310609E-01
  9.8926079218968510E-01
  9.8925311268660199E-01
  9.8924544267141168E-01
  9.8923782875057165E-01
  9.8923022779738023E-01
  9.8922268238892419E-01
  9.8921514952411638E-01
  9.8920766927071602E-01
  9.8920019969640571E-01
  9.8919277642085979E-01
  9.8918536530493228E-01
  9.8917799662209172E-01
  9.8917063760014567E-01
  9.8916331751735420E-01
  9.8915600509673862E-01
  9.8914872846627533E-01
  9.8914145175700974E-01
  9.8913420793354601E-01
  9.8912697126018356E-01
  9.8911977008763352E-01
  9.8911257695139665E-01
  9.8910540803354619E-01
  9.8909823776764594E-01
  9.8909109344826895E-01
  9.8908394906064634E-01
  9.8907682929031715E-01
  9.8906970914018288E-01
  9.8906261227664194E-01
  9.8905551436387829E-01
  9.8904843522827313E-01
  9.8904135850847019E-01
  9.8903429888537842E-01
  9.8902724065395675E-01
  9.8902019816530606E-01
  9.8901315629165620E-01
  9.8900612901659823E-01
  9.8899910172936167E-01
  9.8899208803736871E-01
  9.8898507374738243E-01
  9.8897807242566571E-01
  9.8897107187341426E-01
  9.8896407347656246E-01
  9.8895706647406434E-01
  9.8895006642555361E-01
  9.8894306128925880E-01
  9.8893606412156854E-01
  9.8892905431630496E-01
  9.8892204827939123E-01
  9.8891503611662912E-01
  9.8890803166404162E-01
  9.8890102359077880E-01
  9.8889402448202623E-01
  9.8888702268279571E-01
  9.8888002991144874E-01
  9.8887303451992969E-01
  9.8886604824237501E-01
  9.8885905928293516E-01
  9.8885207914812823E-01
  9.8884509617173133E-01
  9.8883812186571973E-01
  9.8883114461969124E-01
  9.8882417078413587E-01
  9.8881719379979172E-01
  9.8881022768730642E-01
  9.8880326285489439E-01
  9.8879631217016961E-01
  9.8878936507777337E-01
  9.8878241962170921E-01
  9.8877546687209950E-01
  9.8876851899122919E-01
  9.8876156606707233E-01
  9.8875461928853214E-01
  9.8874766830483374E-01
  9.8874072386546896E-01
  9.8873377550873864E-01
  9.8872683376000758E-01
  9.8871988817090917E-01
  9.8871294911784291E-01
  9.8870600631175209E-01
  9.8869906909050376E-01
  9.8869212534173234E-01
  9.8868518764608626E-01
  9.8867824681593097E-01
  9.8867131344884274E-01
  9.8866437747958413E-01
  9.8865744933631039E-01
  9.8865052038201851E-01
  9.8864358912939654E-01
  9.8863664926542383E-01
  9.8862971189952542E-01
  9.8862276912770886E-01
  9.8861583069586445E-01
  9.8860888806894753E-01
  9.8860195038803711E-01
  9.8859500895669239E-01
  9.8858807261005111E-01
  9.8858113261363756E-01
  9.8857419800729707E-01
  9.8856725870416962E-01
  9.8856031250175802E-01
  9.8855335628124674E-01
  9.8854640205335043E-01
  9.8853944365043045E-01
  9.8853249070846105E-01
  9.8852553576132374E-01
  9.8851858745443755E-01
  9.8851163788877761E-01
  9.8850469523752027E-01
  9.8849775171202048E-01
  9.8849081501868608E-01
  9.8848387152094996E-01
  9.8847693642418721E-01
  9.8847000732849510E-01
  9.8846309538022503E-01
  9.8845617727425616E-01
  9.8844926227072072E-01
  9.8844234330094538E-01
  9.8843542752175306E-01
  9.8842850566102691E-01
  9.8842129871331075E-01
  9.8841363432364238E-01
  9.8840646052472914E-01
  9.8839919053720227E-01
  9.8839174859422485E-01
  9.8838433398213510E-01
  9.8837682594085319E-01
  9.8836939441468774E-01
  9.8836189848801104E-01
  9.8835449939311104E-01
  9.8834703189425088E-01
  9.8833965555095482E-01
  9.8833221964937534E-01
  9.8832488041995026E-01
  9.8831748383365747E-01
  9.8831018451749564E-01
  9.8830282592807162E-01
  9.8829556392723261E-01
  9.8828824295856388E-01
  9.8828101816633751E-01
  9.8827373324800727E-01
  9.8826654349916021E-01
  9.8825929129031576E-01
  9.8825212292603126E-01
  9.8824488612415329E-01
  9.8823773872673193E-01
  9.8823052629349972E-01
  9.8822340465732417E-01
  9.8821621868053455E-01
  9.8820912315399789E-01
  9.8820196300532015E-01
  9.8819489226770996E-01
  9.8818775232433076E-01
  9.8818068553344440E-01
  9.8817284398311278E-01
  9.8816555275219276E-01
  9.8815809907142804E-01
  9.8815056282996871E-01
  9.8814299267692440E-01
  9.8813540708139136E-01
  9.8812782491067530E-01
  9.8812025691700245E-01
  9.8811271176971771E-01
  9.8810518936663516E-01
  9.8809768709413903E-01
  9.8809020471711106E-01
  9.8808274994892997E-01
  9.8807531782943159E-01
  9.8806791533797500E-01
  9.8806053481208211E-01
  9.8805318373986406E-01
  9.8804585274795564E-01
  9.8803855024789755E-01
  9.8803126554353959E-01
  9.8802400843895477E-01
  9.8801676942647776E-01
  9.8800954396868557E-01
  9.8800231585309561E-01
  9.8799510535108603E-01
  9.8798790570148831E-01
  9.8798073235144102E-01
  9.8797357492879057E-01
  9.8796644747605866E-01
  9.8795932062795155E-01
  9.8795220967434771E-01
  9.8794510174302874E-01
  9.8793801150065186E-01
  9.8793092463952070E-01
  9.8792385570845509E-01
  9.8791678961663087E-01
  9.8790974111999486E-01
  9.8790269463097757E-01
  9.8789566520990069E-01
  9.8788863690855955E-01
  9.8788162510305122E-01
  9.8787461355911665E-01
  9.8786761794907607E-01
  9.8786062173795430E-01
  9.8785364127154240E-01
  9.8784666169669921E-01
  9.8783968537004441E-01
  9.8783269884782021E-01
  9.8782572145815073E-01
  9.8781873744412274E-01
  9.8781176480284649E-01
  9.8780478663579185E-01
  9.8779782052383347E-01
  9.8779084904246572E-01
  9.8778388970584408E-01
  9.8777692481526957E-01
  9.8776997194193761E-01
  9.8776301322026894E-01
  9.8775606631676649E-01
  9.8774911325002224E-01
  9.8774217178688295E-01
  9.8773522385674528E-01
  9.8772828731955131E-01
  9.8772134403467149E-01
  9.8771441194423504E-01
  9.8770747285016836E-01
  9.8770054476547442E-01
  9.8769360944608164E-01
  9.8768668496421719E-01
  9.8767975303944633E-01
  9.8767283179302812E-01
  9.8766590291664791E-01
  9.8765898457111578E-01
  9.8765205842826509E-01
  9.8764514267913806E-01
  9.8763821898235393E-01
  9.8763130555189527E-01
  9.8762438403980857E-01
  9.8761747267562594E-01
  9.8761055311015733E-01
  9.8760364358172958E-01
  9.8759672574567747E-01
  9.8758981784321143E-01
  9.8758290153845640E-01
  9.8757599506990268E-01
  9.8756908011559952E-01
  9.8756217490621079E-01
  9.8755526113750725E-01
  9.8754835702777510E-01
  9.8754144429399093E-01
  9.8753454113795658E-01
  9.8752762930151439E-01
  9.8752072696581095E-01
  9.8751381590067810E-01
  9.8750691426300263E-01
  9.8750000385396552E-01
  9.8749310280280511E-01
  9.8748619294420392E-01
  9.8747929237720689E-01
  9.8747238297250695E-01
  9.8746548279536794E-01
  9.8745857374266854E-01
  9.8745167392200173E-01
  9.8744476459457808E-01
  9.8743786250355892E-01
  9.8743095102207912E-01
  9.8742404889175617E-01
  9.8741713845442913E-01
  9.8741023779535986E-01
  9.8740332903576611E-01
  9.8739643003430133E-01
  9.8738952291107007E-01
  9.8738262541488886E-01
  9.8737571972759530E-01
  9.8736882352150046E-01
  9.8736191905863724E-01
  9.8735502394047592E-01
  9.8734812051428222E-01
  9.8734122631004739E-01
  9.8733432376131369E-01
  9.8732743032338277E-01
  9.8732052851717678E-01
  9.8731363571959274E-01
  9.8730673453968631E-01
  9.8729984227380274E-01
  9.8729294161960235E-01
  9.8728604979050905E-01
  9.8727914957361440E-01
  9.8727225804277186E-01
  9.8726535839026919E-01
  9.8725846637515979E-01
  9.8725155760948402E-01
  9.8724465300857267E-01
  9.8723773752432631E-01
  9.8723082991215616E-01
