  0.0000000000000000E+00
  2.8819922045390170E-05
  8.0458447257937047E-05
  1.1606451385470204E-04
  1.4151655205366814E-04
  1.6061384109929594E-04
  1.7573468711555508E-04
  1.8844133644707524E-04
  1.9946343087600221E-04
  2.0951215072915620E-04
  2.1892801624258881E-04
  2.2809078151207667E-04
  2.3681959908922133E-04
  2.4534610004258486E-04
  2.5371649776848005E-04
  2.6196176152099325E-04
  2.7040612099256335E-04
  2.7867980026534780E-04
  2.8694573782288860E-04
  2.9520517413199175E-04
  3.0345877324414232E-04
  3.1170723549062509E-04
  3.1995125934818107E-04
  3.2819152029978858E-04
  3.3642865274145545E-04
  3.4466325571754256E-04
  3.5289587547340594E-04
  3.6112702930937924E-04
  3.6935718449460986E-04
  3.7758678196148744E-04
  3.8581622470010963E-04
  3.9404588683229416E-04
  4.0227611829502240E-04
  4.1050724372649879E-04
  4.1873956095127057E-04
  4.2697335574277452E-04
  4.3520888362636969E-04
  4.4344639493614033E-04
  4.5168611439552980E-04
  4.5992825579609705E-04
  4.6817301988279214E-04
  4.7642058799686178E-04
  4.8467113686423798E-04
  4.9292482392774477E-04
  5.0118179993677628E-04
  5.0944220282826019E-04
  5.1770615561878613E-04
  5.2597377806064803E-04
  5.3424516725223737E-04
  5.4252039399767021E-04
  5.5080015652544890E-04
  5.5908296707012149E-04
  5.6737033534039216E-04
  5.7566186151942458E-04
  5.8395757016813251E-04
  5.9225748859782442E-04
  6.0056163357672689E-04
  6.0887000702066038E-04
  6.1718260300773074E-04
  6.2549939450149273E-04
  6.3382033344746539E-04
  6.4214535383069261E-04
  6.5047433839712115E-04
  6.5880708610090014E-04
  6.6714314642231452E-04
  6.7548130916084300E-04
  6.8377646177835729E-04
  6.9549430341475692E-04
  7.0343477620460175E-04
  7.1077582379326025E-04
  7.1985363772076195E-04
  7.2774065037222401E-04
  7.3705617451207909E-04
  7.4501498762535303E-04
  7.5430287020473422E-04
  7.6222123250422995E-04
  7.7142998022320481E-04
  7.7930378930883950E-04
  7.8844131084271482E-04
  7.9628961030225225E-04
  8.0537362551992998E-04
  8.1321428765628056E-04
  8.2225928921457036E-04
  8.3010444129726947E-04
  8.3912002173700375E-04
  8.4697684822222200E-04
  8.5596883377851598E-04
  8.6384122620821835E-04
  8.7281303197474800E-04
  8.8070290935451728E-04
  8.8965653366389699E-04
  8.9756469991382427E-04
  9.0650134507228258E-04
  9.1442799906378406E-04
  9.2334843487430057E-04
  9.3129345689090817E-04
  9.4019822035137327E-04
  9.4816132242877052E-04
  9.5705082786543450E-04
  9.6503164312770103E-04
  9.7390623757268643E-04
  9.8190435937447356E-04
  9.9076435452802943E-04
  9.9877935707302630E-04
  1.0076250434899183E-03
  1.0156564973042453E-03
  1.0244881380286352E-03
  1.0325470781906460E-03
  1.0413402975713399E-03
  1.0493643362358030E-03
  1.0581202612287063E-03
  1.0661278149286157E-03
  1.0748424843481810E-03
  1.0830639413219384E-03
  1.0918104624917328E-03
  1.0998714460974130E-03
  1.1085645622488972E-03
  1.1165731920021460E-03
  1.1251741332405094E-03
  1.1330971781504406E-03
  1.1416086240514630E-03
  1.1494549882501127E-03
  1.1578769974834010E-03
  1.1657822135331117E-03
  1.1743339369225327E-03
  1.1822586155413137E-03
  1.1907523314637902E-03
  1.1987108377245110E-03
  1.2072058204247093E-03
  1.2151808448432491E-03
  1.2236666458754547E-03
  1.2316516029270434E-03
  1.2401248032993769E-03
  1.2481174674236471E-03
  1.2565773425538159E-03
  1.2645771427606683E-03
  1.2730239724790720E-03
  1.2810309384880011E-03
  1.2894653534866493E-03
  1.2974797159956554E-03
  1.3057889684511934E-03
  1.3139751126401147E-03
  1.3222630891011938E-03
  1.3304394105755589E-03
  1.3387168001128831E-03
  1.3468903154870439E-03
  1.3551617664641405E-03
  1.3633354477135943E-03
  1.3716030556266607E-03
  1.3797782649235246E-03
  1.3880431129394564E-03
  1.3962205652340615E-03
  1.4044833207402911E-03
  1.4126634609356661E-03
  1.4209246158033665E-03
  1.4291077696275761E-03
  1.4373677312372181E-03
  1.4455541654558460E-03
  1.4538132982234806E-03
  1.4620032412747356E-03
  1.4702618810842733E-03
  1.4784555401757208E-03
  1.4867139997258455E-03
  1.4949115579389457E-03
  1.5031701356105873E-03
  1.5113717625739654E-03
  1.5196307382394185E-03
  1.5278365863414683E-03
  1.5360962251801751E-03
  1.5443064326749745E-03
  1.5525669875188688E-03
  1.5607816804402385E-03
  1.5690433917776607E-03
  1.5772626809301552E-03
  1.5855257763471209E-03
  1.5937497638839535E-03
  1.6020144600402705E-03
  1.6102432341230561E-03
  1.6185097367166954E-03
  1.6267433755503028E-03
  1.6350118787982113E-03
  1.6432504503030413E-03
  1.6515211407514448E-03
  1.6597646996440848E-03
  1.6680377491469437E-03
  1.6762863434245136E-03
  1.6845619167474874E-03
  1.6928155818693082E-03
  1.7010938284626512E-03
  1.7093525901294190E-03
  1.7176336425322450E-03
  1.7258975068475300E-03
  1.7341823429648645E-03
  1.7424505480744040E-03
  1.7507377555198967E-03
  1.7590118561966611E-03
  1.7673022322549216E-03
  1.7755814079110240E-03
  1.7838750445520117E-03
  1.7921592582206898E-03
  1.8004562509439292E-03
  1.8087454587048107E-03
  1.8170458847106669E-03
  1.8253400246265215E-03
  1.8336439366861996E-03
  1.8419429271672679E-03
  1.8502503572978377E-03
  1.8585540938410605E-03
  1.8668650532565132E-03
  1.8751734033907092E-03
  1.8834878732484229E-03
  1.8918006777314312E-03
  1.9001186033766825E-03
  1.9084356628190757E-03
  1.9167569446661952E-03
  1.9250780089874130E-03
  1.9334024855048877E-03
  1.9417272263028218E-03
  1.9500546381348259E-03
  1.9583826015003680E-03
  1.9667125114831148E-03
  1.9750429881178590E-03
  1.9833745573750693E-03
  1.9917061650912126E-03
  2.0000373423291681E-03
  2.0083355559620255E-03
  2.0182624379010733E-03
  2.0279103303171278E-03
  2.0352486022235895E-03
  2.0431077563221535E-03
  2.0512736229459415E-03
  2.0596242280254405E-03
  2.0680725308902500E-03
  2.0765759273599273E-03
  2.0851008061982287E-03
  2.0936341589155162E-03
  2.1021636505017985E-03
  2.1106866122752011E-03
  2.1191992585912990E-03
  2.1277019807827758E-03
  2.1361944889264251E-03
  2.1446776014445086E-03
  2.1531525079345475E-03
  2.1616195969361525E-03
  2.1700807283393324E-03
  2.1785356590333861E-03
  2.1869865945768961E-03
  2.1954326839588780E-03
  2.2038763459678039E-03
  2.2123162058005708E-03
  2.2207548395737531E-03
  2.2291904435867193E-03
  2.2376257259387753E-03
  2.2460585316395262E-03
  2.2544916905785544E-03
  2.2629227603054567E-03
  2.2713546853436613E-03
  2.2797847843848110E-03
  2.2882161125411474E-03
  2.2966457878135921E-03
  2.3050769715414116E-03
  2.3135066089218777E-03
  2.3219379649504083E-03
  2.3303678338522896E-03
  2.3387995801780683E-03
  2.3472298647922627E-03
  2.3556621489937714E-03
  2.3640929711522545E-03
  2.3725258874273329E-03
  2.3809573256296092E-03
  2.3893909322385055E-03
  2.3978230321336112E-03
  2.4062573428674542E-03
  2.4146995876916690E-03
  2.4231293181971461E-03
  2.4315540302713161E-03
  2.4399762427395732E-03
  2.4483916608376700E-03
  2.4568043908421620E-03
  2.4652106643288873E-03
  2.4736147656578139E-03
  2.4821015524194470E-03
  2.4905361873290817E-03
  2.4989663981648028E-03
  2.5073910908769686E-03
  2.5158024388285444E-03
  2.5242650170869871E-03
  2.5325813090537330E-03
  2.5409899951895345E-03
  2.5493386350633179E-03
  2.5576703855601695E-03
  2.5659813862738308E-03
  2.5742751462992622E-03
  2.5825487246518030E-03
  2.5908065644668610E-03
  2.5991480715801098E-03
  2.6074373489569699E-03
  2.6157945376790908E-03
  2.6241221884105537E-03
  2.6325066519934225E-03
  2.6408541954487290E-03
  2.6491940848846658E-03
  2.6575220064363374E-03
  2.6658663220284146E-03
  2.6741219333555372E-03
  2.6823354809450990E-03
  2.6905729286643486E-03
  2.6988201436589743E-03
  2.7070265217718271E-03
  2.7152192529385352E-03
  2.7233996562773281E-03
  2.7315647900486495E-03
  2.7397169702798874E-03
  2.7478537327144271E-03
  2.7560598160066515E-03
  2.7642148159767155E-03
  2.7724582509328359E-03
  2.7806642502897620E-03
  2.7888828812823209E-03
  2.7971052956005859E-03
  2.8053334177096218E-03
  2.8135607641902993E-03
  2.8217910548310535E-03
  2.8300188749279882E-03
  2.8382486665669811E-03
  2.8464754110485175E-03
  2.8547038452190008E-03
  2.8629290893409042E-03
  2.8711560048772615E-03
  2.8793797483817008E-03
  2.8876052442501805E-03
  2.8958276462475621E-03
  2.9040519137103304E-03
  2.9122731822126447E-03
  2.9204964365612627E-03
  2.9287167931711586E-03
  2.9369392531905345E-03
  2.9451589140382581E-03
  2.9533807900187724E-03
  2.9615999628582880E-03
  2.9698214559890964E-03
  2.9780403384471036E-03
  2.9862616398231841E-03
  2.9944804165813800E-03
  3.0027017060602263E-03
  3.0109205551178421E-03
  3.0191420043032191E-03
  3.0273610925059865E-03
  3.0355828617960857E-03
  3.0438023479325625E-03
  3.0520245916548952E-03
  3.0602446259347335E-03
  3.0684674893488671E-03
  3.0766882132003846E-03
  3.0849118349282516E-03
  3.0931333863220495E-03
  3.1013578968720262E-03
  3.1095804035124433E-03
  3.1178059274392959E-03
  3.1260295124678245E-03
  3.1342561691926015E-03
  3.1424809501150570E-03
  3.1507088519378123E-03
  3.1589349381061240E-03
  3.1671641931332885E-03
  3.1753916918296891E-03
  3.1836224010633389E-03
  3.1918514118568567E-03
  3.2000836736089714E-03
  3.2083142919118175E-03
  3.2165481977825434E-03
  3.2247805155337450E-03
  3.2330161527346179E-03
  3.2412502557625845E-03
  3.2494877085147296E-03
  3.2577236784548350E-03
  3.2659630237139021E-03
  3.2742009387130662E-03
  3.2824422511375227E-03
  3.2906821842676797E-03
  3.2989255332642234E-03
  3.3071675524342244E-03
  3.3154129979140459E-03
  3.3236370518021701E-03
  3.3318934119228507E-03
  3.3401472981028795E-03
  3.3484009754198986E-03
  3.3566538739443035E-03
  3.3649077738559462E-03
  3.3731616716759652E-03
  3.3814170588610860E-03
  3.3896727651121653E-03
  3.3979301598648366E-03
  3.4061880167560697E-03
  3.4144476498943000E-03
  3.4227078146731316E-03
  3.4309697952082077E-03
  3.4392323493007315E-03
  3.4474967400109184E-03
  3.4557617311695397E-03
  3.4640285694941923E-03
  3.4722960295963958E-03
  3.4805653417048867E-03
  3.4888352933209812E-03
  3.4971070960831429E-03
  3.5053795492979087E-03
  3.5136538509604222E-03
  3.5219288113492379E-03
  3.5302056102265102E-03
  3.5384830723428156E-03
  3.5467623567208549E-03
  3.5550423039191715E-03
  3.5633240504432126E-03
  3.5716064509879906E-03
  3.5798906203214566E-03
  3.5881754257827254E-03
  3.5964619564249562E-03
  3.6047490918552898E-03
  3.6130378908433730E-03
  3.6213272398076309E-03
  3.6296181602469149E-03
  3.6379095349884163E-03
  3.6462023256456375E-03
  3.6544953772624450E-03
  3.6627895325534155E-03
  3.6710834832272702E-03
  3.6793450099070753E-03
  3.6889534184445121E-03
  3.6969290521172917E-03
  3.7046829546589443E-03
  3.7130695005304776E-03
  3.7210681485781846E-03
  3.7296136459307283E-03
  3.7377016564734120E-03
  3.7463006691118195E-03
  3.7544170269383980E-03
  3.7630311922758940E-03
  3.7711541627609862E-03
  3.7797694227595176E-03
  3.7878921000995907E-03
  3.7965037557765417E-03
  3.8046247119340910E-03
  3.8132315891342061E-03
  3.8213512794194769E-03
  3.8299534521032967E-03
  3.8380728515256574E-03
  3.8466707796535895E-03
  3.8547908910474210E-03
  3.8633850958405161E-03
  3.8715067938137372E-03
  3.8800977511453030E-03
  3.8882217453256075E-03
  3.8968098485962629E-03
  3.9049366990027115E-03
  3.9135222713181615E-03
  3.9216524041395867E-03
  3.9302356951831704E-03
  3.9383694280984887E-03
  3.9469506323577099E-03
  3.9550881961007475E-03
  3.9636674585922212E-03
  3.9718090106120683E-03
  3.9803864354107012E-03
  3.9885320784782286E-03
  3.9971077352440477E-03
  4.0052575178771282E-03
  4.0138314444257616E-03
  4.0219853754403807E-03
  4.0305575794073118E-03
  4.0387156289890249E-03
  4.0472860891528108E-03
  4.0554481886429629E-03
  4.0640168490166540E-03
  4.0721828859419341E-03
  4.0807496494868504E-03
  4.0889194593521543E-03
  4.0974841675066364E-03
  4.1056574996830488E-03
  4.1142198867886023E-03
  4.1223963421462484E-03
  4.1309559257526191E-03
  4.1391217231394415E-03
  4.1486681453585484E-03
  4.1565645023397052E-03
  4.1646731330154665E-03
  4.1728494328975973E-03
  4.1821508579545199E-03
  4.1902160627299992E-03
  4.1981698897577361E-03
  4.2065746685643578E-03
  4.2147345310765486E-03
  4.2232737264459638E-03
  4.2315092389614900E-03
  4.2400997322527695E-03
  4.2483608047824721E-03
  4.2569700570899193E-03
  4.2652379676086666E-03
  4.2738532783572576E-03
  4.2821214661744903E-03
  4.2907379173053924E-03
  4.2990044735623676E-03
  4.3076202017993124E-03
  4.3158849350269334E-03
  4.3244992713522964E-03
  4.3327625547266088E-03
  4.3413845888538912E-03
  4.3496461405292232E-03
  4.3582625271976379E-03
  4.3665181088708488E-03
  4.3751158023998364E-03
  4.3833608550806454E-03
  4.3919446930432348E-03
  4.4001784015584040E-03
  4.4087488583429771E-03
  4.4169725680026231E-03
  4.4255310159416446E-03
  4.4337461944039137E-03
  4.4423526296258273E-03
  4.4505873679344934E-03
  4.4592135602371779E-03
  4.4674692490236706E-03
  4.4760523874427605E-03
  4.4842941086000775E-03
  4.4928889731169312E-03
  4.5010783087986398E-03
  4.5095885948938748E-03
  4.5177775027784870E-03
  4.5262103025377667E-03
  4.5343903662925658E-03
  4.5428396444449348E-03
  4.5509644646955132E-03
  4.5593893169806939E-03
  4.5674931556496491E-03
  4.5758922659795637E-03
  4.5839745419937782E-03
  4.5924216892043327E-03
  4.6005267704270188E-03
  4.6090067544985918E-03
  4.6171571847718222E-03
  4.6256165047842673E-03
  4.6337839737263043E-03
  4.6422505944060987E-03
  4.6504247404156917E-03
  4.6588919975825297E-03
  4.6670687121391887E-03
  4.6755341193067896E-03
  4.6837119025673274E-03
  4.6921746003204291E-03
  4.7003529647552996E-03
  4.7088127237234290E-03
  4.7169915694456705E-03
  4.7254484001028017E-03
  4.7336277706868579E-03
  4.7420817690135278E-03
  4.7502617585869558E-03
  4.7587130502322944E-03
  4.7668937667135853E-03
  4.7753424826656064E-03
  4.7835240348332751E-03
  4.7919703036951077E-03
  4.8001527939889764E-03
  4.8085967394445941E-03
  4.8167802648661469E-03
  4.8252220050053517E-03
  4.8334066305740471E-03
  4.8418543793095842E-03
  4.8500412764757020E-03
  4.8584786841530817E-03
  4.8666636883181501E-03
  4.8750955395816011E-03
  4.8832926499337596E-03
  4.8917203589948109E-03
  4.8999016766267684E-03
  4.9083227063982564E-03
  4.9164973137404188E-03
  4.9249091985260245E-03
  4.9330772500634995E-03
  4.9414806287668700E-03
  4.9496430821908766E-03
  4.9580387360294541E-03
  4.9662461560615028E-03
  4.9746582419101871E-03
  4.9828418648952847E-03
  4.9912510093926268E-03
  4.9994288507055045E-03
  5.0078277166269482E-03
  5.0160442732268976E-03
  5.0244534267579232E-03
  5.0326804119472605E-03
  5.0410751081263342E-03
  5.0492306369257197E-03
  5.0575807111719788E-03
  5.0657559386603291E-03
  5.0741147344268208E-03
  5.0822490698643813E-03
  5.0906097546058807E-03
  5.0987124633163827E-03
  5.1070095479134568E-03
  5.1151287671738991E-03
  5.1234348193050037E-03
  5.1315210880600098E-03
  5.1398142880644234E-03
  5.1478885373979072E-03
  5.1561679872152554E-03
  5.1642862351468349E-03
  5.1725827867834164E-03
  5.1806771027479567E-03
  5.1889758808517199E-03
  5.1970709708997849E-03
  5.2053662925707483E-03
  5.2134584628931819E-03
  5.2218015620729063E-03
  5.2299246775683490E-03
  5.2382469905793662E-03
  5.2463816580850539E-03
  5.2547092591524024E-03
  5.2628491948892219E-03
  5.2711779629461952E-03
  5.2793206211682025E-03
  5.2876490094173681E-03
  5.2957934578233504E-03
  5.3041209332860091E-03
  5.3122668686655479E-03
  5.3205932856533918E-03
  5.3287406496005836E-03
  5.3370660148358215E-03
  5.3452148389883320E-03
  5.3535392136570175E-03
  5.3616895659172360E-03
  5.3700130296792130E-03
  5.3781507309623505E-03
  5.3864939608331049E-03
  5.3946320840031906E-03
  5.4029723572569235E-03
  5.4111121777653389E-03
  5.4194504283087861E-03
  5.4275925193327896E-03
  5.4359291723265922E-03
  5.4440737917378652E-03
  5.4524090708465370E-03
  5.4605563449181341E-03
  5.4688903929443105E-03
  5.4770403996500898E-03
  5.4853733245940920E-03
  5.4935261194525211E-03
  5.5018580132169641E-03
  5.5100136427525684E-03
  5.5183445898473408E-03
  5.5265030958596998E-03
  5.5348331703314810E-03
  5.5429945992636802E-03
  5.5513238637345096E-03
  5.5594882702181712E-03
  5.5678167504617680E-03
  5.5759842773821424E-03
  5.5843107923581594E-03
  5.5924823470514728E-03
  5.6008097346998157E-03
  5.6089743390709450E-03
  5.6173108908312694E-03
  5.6254854609836856E-03
  5.6338115545173520E-03
  5.6419901243199263E-03
  5.6503162376245631E-03
  5.6584982173250361E-03
  5.6668241777943322E-03
  5.6750093692207798E-03
  5.6833351402004254E-03
  5.6915234706571855E-03
  5.6998490713371010E-03
  5.7080405149259458E-03
  5.7163659834596602E-03
  5.7245605316578688E-03
  5.7328859130806745E-03
  5.7410835616239515E-03
  5.7494089014345313E-03
  5.7576096457461288E-03
  5.7659349866252298E-03
  5.7741388229304753E-03
  5.7824642041903991E-03
  5.7906711226310206E-03
  5.7989965810206360E-03
  5.8072065708221488E-03
  5.8155321408963111E-03
  5.8237451854285084E-03
  5.8320708942857244E-03
  5.8402869745955675E-03
  5.8486128473460852E-03
  5.8568319389787704E-03
  5.8651579936008788E-03
  5.8733800675689011E-03
  5.8817063161959362E-03
  5.8899313375217676E-03
  5.8982577870963764E-03
  5.9064857131072958E-03
  5.9148123618321001E-03
  5.9230431409595281E-03
  5.9313699789942647E-03
  5.9396035516641292E-03
  5.9479305563337522E-03
  5.9561668479281120E-03
  5.9644939836133544E-03
  5.9727329054801862E-03
  5.9810601176165760E-03
  5.9893015577567260E-03
  5.9976287645060701E-03
  6.0058725795775541E-03
  6.0141996625518897E-03
  6.0224456599648184E-03
  6.0307724315028051E-03
  6.0390203271771655E-03
  6.0473464765360731E-03
  6.0555958038150913E-03
  6.0639104851219570E-03
  6.0730986404437916E-03
  6.0811591957120464E-03
  6.0889786389546324E-03
  6.0972822434659851E-03
  6.1062558618644406E-03
  6.1144868042551769E-03
  6.1221557710175092E-03
  6.1307002403001290E-03
  6.1385653594654118E-03
  6.1472335626970602E-03
  6.1551731220150013E-03
  6.1638872240194521E-03
  6.1718544398330849E-03
  6.1805838747378931E-03
  6.1885612560352785E-03
  6.1972940119886253E-03
  6.2052754250064880E-03
  6.2140067844625004E-03
  6.2219904369117344E-03
  6.2307185613181349E-03
  6.2387042701764015E-03
  6.2474284590492042E-03
  6.2554165893686170E-03
  6.2641365976127796E-03
  6.2721276563040751E-03
  6.2808434207268843E-03
  6.2888379081117154E-03
  6.2975494377928614E-03
  6.3055477980391338E-03
  6.3142551337149605E-03
  6.3222577441210820E-03
  6.3309609352452502E-03
  6.3389681079918927E-03
  6.3476617579055544E-03
  6.3556816242967126E-03
  6.3643707280368654E-03
  6.3723948132967233E-03
  6.3810798772592240E-03
  6.3891086646653671E-03
  6.3977841458646503E-03
  6.4058262498512403E-03
  6.4144974978920652E-03
  6.4225438883437546E-03
  6.4312114407437835E-03
  6.4392625683527618E-03
  6.4479266589722948E-03
  6.4559827630254526E-03
  6.4646434457621632E-03
  6.4727047518797730E-03
  6.4813618068070141E-03
  6.4894294695168617E-03
  6.4980847778271329E-03
  6.5061529401683428E-03
  6.5148059214610006E-03
  6.5228813852763346E-03
  6.5315305019849682E-03
  6.5396112236390950E-03
  6.5482569839681003E-03
  6.5563429476587316E-03
  6.5649853455025794E-03
  6.5730769648204507E-03
  6.5817111012422972E-03
  6.5898114558950215E-03
  6.5984492878141624E-03
  6.6065485248553539E-03
  6.6151829446733836E-03
  6.6232877999519912E-03
  6.6319193602870207E-03
  6.6400293592879991E-03
  6.6486580904215843E-03
  6.6567730579180249E-03
  6.6653989516537960E-03
  6.6735318872790236E-03
  6.6821560789797098E-03
  6.6902813332854185E-03
  6.6989002060845928E-03
  6.7070250352652908E-03
  6.7156362522238335E-03
  6.7237602786408635E-03
  6.7323640734170357E-03
  6.7404878265216843E-03
  6.7490848103746231E-03
  6.7572088883592549E-03
  6.7657996486980279E-03
  6.7739245594479296E-03
  6.7825094552024833E-03
  6.7906898901223620E-03
  6.7992941809600022E-03
  6.8074531442992494E-03
  6.8160549000217336E-03
  6.8242117616760523E-03
  6.8328027147423432E-03
  6.8409524157038316E-03
  6.8495297718524232E-03
  6.8576853350130473E-03
  6.8662226224857417E-03
  6.8743067043327355E-03
  6.8828788026031838E-03
  6.8910076452073530E-03
  6.8995408474761474E-03
  6.9076580057768457E-03
  6.9161816947282753E-03
  6.9242914590390801E-03
  6.9328017790444962E-03
  6.9409029642629964E-03
  6.9494063841168043E-03
  6.9575011485456537E-03
  6.9659856407176682E-03
  6.9741351811758358E-03
  6.9826402352382994E-03
  6.9907666137976774E-03
  6.9992748849829495E-03
  7.0074062272339477E-03
  7.0159114553437953E-03
  7.0240437831548793E-03
  7.0325436805493795E-03
  7.0406757154548721E-03
  7.0491695237386550E-03
  7.0573387612007810E-03
  7.0658451522039294E-03
  7.0740000133108711E-03
  7.0825037666192598E-03
  7.0906573583801522E-03
  7.0991527571227344E-03
  7.1073412972592637E-03
  7.1158463562671116E-03
  7.1240150212385491E-03
  7.1325130404685487E-03
  7.1406942216236434E-03
  7.1491765128357497E-03
  7.1579987089715174E-03
  7.1662268872951847E-03
  7.1740631211205377E-03
  7.1824981721857117E-03
  7.1904373297915526E-03
  7.1989658476401992E-03
  7.2069444399793367E-03
  7.2154592364624091E-03
  7.2234277396551975E-03
  7.2319197457303237E-03
  7.2399159261690238E-03
  7.2484290324079407E-03
  7.2563827867877838E-03
  7.2655600079041321E-03
  7.2733277802539765E-03
  7.2815105317452942E-03
  7.2895142621866001E-03
  7.2978355400660170E-03
  7.3058988647785985E-03
  7.3142692164353323E-03
  7.3223666390877440E-03
  7.3307510172288520E-03
  7.3388602431719522E-03
  7.3472447477194351E-03
  7.3554051335652480E-03
  7.3638120660558803E-03
  7.3719617271114880E-03
  7.3803751393483790E-03
  7.3885337866978268E-03
  7.3969477461274125E-03
  7.4051113303900606E-03
  7.4135234324229846E-03
  7.4216903470575970E-03
  7.4300997149220772E-03
  7.4382693212932116E-03
  7.4466756774053270E-03
  7.4548477176671442E-03
  7.4632510186180747E-03
  7.4714253898301641E-03
  7.4798256826849596E-03
  7.4880023447313777E-03
  7.4963997122047023E-03
  7.5045786512545776E-03
  7.5129731878819765E-03
  7.5211544031414572E-03
  7.5295462057249221E-03
  7.5377297023435834E-03
  7.5461188684797457E-03
  7.5543046546831250E-03
  7.5626912794042028E-03
  7.5708793650634950E-03
  7.5792635422484156E-03
  7.5874539381762798E-03
  7.5958357582031838E-03
  7.6040284765793520E-03
  7.6124080271494001E-03
  7.6206030800553279E-03
  7.6289804464982998E-03
  7.6371778449561218E-03
  7.6455531107873847E-03
  7.6537528679590204E-03
  7.6621261132612840E-03
  7.6703282396774807E-03
  7.6786995433065549E-03
  7.6869040502034270E-03
  7.6952734876686007E-03
  7.7034803862123706E-03
  7.7118480326680006E-03
  7.7200573322392585E-03
  7.7284232592956491E-03
  7.7366349691308980E-03
  7.7449992473049671E-03
  7.7532133760612257E-03
  7.7615760748317155E-03
  7.7697926300495180E-03
  7.7781538154274707E-03
  7.7863728048448832E-03
  7.7947325427638126E-03
  7.8029539729534744E-03
  7.8113123261176450E-03
  7.8195362026394679E-03
  7.8278932346348973E-03
  7.8361195623896339E-03
  7.8444753336261424E-03
  7.8527041164315296E-03
  7.8610586877048035E-03
  7.8692899284811685E-03
  7.8776433574614026E-03
  7.8858770599105898E-03
  7.8942294039905658E-03
  7.9024655698551362E-03
  7.9108168852739594E-03
  7.9190555145826937E-03
  7.9274058567364736E-03
  7.9356469502217530E-03
  7.9439963726336514E-03
  7.9522399301975907E-03
  7.9605884867991542E-03
  7.9688345059194289E-03
  7.9771822484489708E-03
  7.9854307283395622E-03
  7.9937777065723966E-03
  8.0020286448525251E-03
  8.0103749097250841E-03
  8.0186282708862890E-03
  8.0269812344286214E-03
  8.0352392292344643E-03
  8.0435855189480866E-03
  8.0518441316918127E-03
  8.0601875761663836E-03
  8.0684456444108394E-03
  8.0767858301865926E-03
  8.0850433807824387E-03
  8.0933805177830741E-03
  8.1016378345301725E-03
  8.1099722406812805E-03
  8.1182296256541824E-03
  8.1265615953678150E-03
  8.1348193235648882E-03
  8.1431490587420257E-03
  8.1514081314142499E-03
  8.1597352729013781E-03
  8.1680026535087737E-03
  8.1763316742892236E-03
  8.1845931467397163E-03
  8.1929539999502869E-03
  8.2012360097786698E-03
  8.2095787710318030E-03
  8.2178621338482669E-03
  8.2262008860557734E-03
  8.2344801604054135E-03
  8.2428116347138050E-03
  8.2510850216916103E-03
  8.2594083992150371E-03
  8.2676755923576477E-03
  8.2759908763206640E-03
  8.2842717110707276E-03
  8.2925742371413071E-03
  8.3008165665955404E-03
  8.3090945120702833E-03
  8.3173563039019276E-03
  8.3256454491586248E-03
  8.3338879364529030E-03
  8.3422098910713692E-03
  8.3504682081651793E-03
  8.3587726742290324E-03
  8.3670311908923788E-03
  8.3753302830848041E-03
  8.3835834010693340E-03
  8.3918736682228080E-03
  8.4001193989026515E-03
  8.4083941418806787E-03
  8.4166403065107191E-03
  8.4249046241338978E-03
  8.4331691598366187E-03
  8.4414201922840479E-03
  8.4496965110397691E-03
  8.4579445790310889E-03
  8.4661841582549975E-03
  8.4744609360316182E-03
  8.4827195961248523E-03
  8.4909790956070909E-03
  8.4992390122695383E-03
  8.5074973934456486E-03
  8.5157558884376705E-03
  8.5240113720698504E-03
  8.5322673837292754E-03
  8.5405194078356610E-03
  8.5487726380666026E-03
  8.5570211117467314E-03
  8.5652715502191074E-03
  8.5735165564668151E-03
  8.5817642973704377E-03
  8.5900059757115337E-03
  8.5982510290843958E-03
  8.6065293436439500E-03
  8.6147934693600898E-03
  8.6230601377855608E-03
  8.6313321764724307E-03
  8.6396035262313198E-03
  8.6478791861992668E-03
  8.6561526007135174E-03
  8.6644298947595386E-03
  8.6727041663437077E-03
  8.6809822960849173E-03
  8.6892569091771236E-03
  8.6975354748215460E-03
  8.7058101421395393E-03
  8.7140843607036774E-03
  8.7223448295292647E-03
  8.7314217531937778E-03
  8.7394733805361158E-03
  8.7473856542243066E-03
  8.7556729037579460E-03
  8.7637348963029490E-03
  8.7721179628409106E-03
  8.7802381643501577E-03
  8.7886592045462852E-03
  8.7968019916384518E-03
  8.8052382450266916E-03
  8.8133898666697633E-03
  8.8218323096071714E-03
  8.8299875472041787E-03
  8.8384325499640919E-03
  8.8465895050026250E-03
  8.8550355704705222E-03
  8.8631936280369750E-03
  8.8716401056355438E-03
  8.8797991398417500E-03
  8.8882457248161302E-03
  8.8964057847073716E-03
  8.9048523184724129E-03
  8.9130135089064838E-03
  8.9214598961400299E-03
  8.9296223350704799E-03
  8.9380685127162691E-03
  8.9462323090981951E-03
  8.9546782327822542E-03
  8.9628434815421602E-03
  8.9712891169414222E-03
  8.9794559021649581E-03
  8.9879012208224640E-03
  8.9960696120077541E-03
  9.0045145924174067E-03
  9.0126846478802980E-03
  9.0211292714481063E-03
  9.0293010360848937E-03
  9.0377452859161621E-03
  9.0459187957672160E-03
  9.0543626587683505E-03
  9.0625379400112657E-03
  9.0709814000837774E-03
  9.0791584702399133E-03
  9.0876015145554753E-03
  9.0957803815228475E-03
  9.1042229941313627E-03
  9.1124036590716755E-03
  9.1208458229108703E-03
  9.1290282765353527E-03
  9.1374699695707436E-03
  9.1456541970426526E-03
  9.1540953947986826E-03
  9.1622813689930822E-03
  9.1707220396742960E-03
  9.1789097247066478E-03
  9.1873498277025827E-03
  9.1955391715712632E-03
  9.2039786526774692E-03
  9.2121695859283988E-03
  9.2206083704094721E-03
  9.2288007936396389E-03
  9.2372387713838596E-03
  9.2454269688492744E-03
  9.2538698672699881E-03
  9.2620298384845402E-03
  9.2711853387221939E-03
  9.2791821595529927E-03
  9.2872983515187666E-03
  9.2954957739758339E-03
  9.3037395755972245E-03
  9.3120204162868009E-03
  9.3203140026143008E-03
  9.3286290062833295E-03
  9.3369418355811681E-03
  9.3452714758374827E-03
  9.3535880967993285E-03
  9.3619142330012128E-03
  9.3709310124523403E-03
  9.3790612353557030E-03
  9.3870663951027208E-03
  9.3954004900132521E-03
  9.4035358104975850E-03
  9.4119550441064299E-03
  9.4201417597055762E-03
  9.4285961057495697E-03
  9.4368033806312909E-03
  9.4452729981247090E-03
  9.4534888289747841E-03
  9.4619657236482465E-03
  9.4701854711605211E-03
  9.4786663140334158E-03
  9.4868882164068739E-03
  9.4953715327640766E-03
  9.5035949496465582E-03
  9.5120800122176375E-03
  9.5203047380110154E-03
  9.5287911331004976E-03
  9.5370171265188961E-03
  9.5455045805101692E-03
  9.5537318616700975E-03
  9.5622201686833205E-03
  9.5704487755478209E-03
  9.5789377716918450E-03
  9.5871677460548210E-03
  9.5956572929661327E-03
  9.6038886736682701E-03
  9.6123786519608651E-03
  9.6206114373308619E-03
  9.6291122579635277E-03
  9.6373485987519530E-03
  9.6458407401030805E-03
  9.6540765799204807E-03
  9.6625654443877659E-03
  9.6707990545968295E-03
  9.6792840939582091E-03
  9.6875243608716497E-03
  9.6960077280846286E-03
  9.7042385107077543E-03
  9.7127164988684064E-03
  9.7209427835592693E-03
  9.7294142875210352E-03
  9.7376359632143136E-03
  9.7461013117696674E-03
  9.7543189214203841E-03
  9.7627785566871163E-03
  9.7710359512074071E-03
  9.7795148245120121E-03
  9.7877519283868872E-03
  9.7962290151915477E-03
  9.8044625160183373E-03
  9.8129313423919919E-03
  9.8211570371273850E-03
  9.8296590812828252E-03
  9.8378993797562080E-03
  9.8464055771870854E-03
  9.8546362420945284E-03
  9.8630835430482157E-03
  9.8712765660972160E-03
  9.8797392205928272E-03
  9.8879425468497064E-03
  9.8963690153901131E-03
  9.9045961973267451E-03
  9.9130075419740886E-03
  9.9211754527386876E-03
  9.9295469197939537E-03
  9.9377291789139004E-03
  9.9461084381594084E-03
  9.9542605210702507E-03
  9.9626278882072282E-03
  9.9707700105120048E-03
  9.9791249116725107E-03
  9.9873054918762343E-03
  9.9956784379289301E-03
  1.0003837283291335E-02
  1.0012212113386378E-02
  1.0020371835933838E-02
  1.0028743446687784E-02
  1.0036900682271477E-02
  1.0045266970060475E-02
  1.0053470732982512E-02
  1.0061862018158164E-02
  1.0070049469531276E-02
  1.0078448864372683E-02
  1.0086643013620738E-02
  1.0095044872834264E-02
  1.0103241900371917E-02
  1.0111643854790138E-02
  1.0119842302728638E-02
  1.0128243462394554E-02
  1.0136442800945299E-02
  1.0144842851241079E-02
  1.0153042917746083E-02
  1.0161441754366788E-02
  1.0169642549284553E-02
  1.0178040100689574E-02
  1.0186241845441462E-02
  1.0194633686017925E-02
  1.0202840288763382E-02
  1.0211235828560714E-02
  1.0219437842457397E-02
  1.0227832343006249E-02
  1.0236042720392399E-02
  1.0244438248360821E-02
  1.0252644350074759E-02
  1.0261037958124910E-02
  1.0269242861306508E-02
  1.0277633433400666E-02
  1.0285836787469440E-02
  1.0294224300182165E-02
  1.0302426281188441E-02
  1.0310810965530574E-02
  1.0319011846982114E-02
  1.0327393965324757E-02
  1.0335594006465401E-02
  1.0343973792855617E-02
  1.0352171353384695E-02
  1.0360551702191195E-02
  1.0368748683100563E-02
  1.0377126729530629E-02
  1.0385332208666701E-02
  1.0393710644048086E-02
  1.0401910066810949E-02
  1.0410285931979055E-02
  1.0418483430362602E-02
  1.0426884882676474E-02
  1.0435099339143768E-02
  1.0443487675735495E-02
  1.0451702298283445E-02
  1.0460087151322723E-02
  1.0468298571962841E-02
  1.0476677680815651E-02
  1.0484884133143352E-02
  1.0493256715595580E-02
  1.0501457832723394E-02
  1.0509823840457249E-02
  1.0518019652047310E-02
  1.0526397872509100E-02
  1.0534592941470449E-02
  1.0542939311256013E-02
  1.0551115227263380E-02
  1.0559439706533794E-02
  1.0567634206211781E-02
  1.0575969224191916E-02
  1.0584178496242389E-02
  1.0592528075926009E-02
  1.0600725059310517E-02
  1.0609074630072433E-02
  1.0617269140880426E-02
  1.0625613477016184E-02
  1.0633802210364373E-02
  1.0642139386349590E-02
  1.0650321319246170E-02
  1.0658650832223164E-02
  1.0666825817526421E-02
  1.0675147702869748E-02
  1.0683315829949597E-02
  1.0691650828074188E-02
  1.0699814503957541E-02
  1.0708118386934765E-02
  1.0716300024398343E-02
  1.0724602614983290E-02
  1.0732789723447227E-02
  1.0741108994852087E-02
  1.0749285951520424E-02
  1.0757606407738344E-02
  1.0765783937636407E-02
  1.0774102724286390E-02
  1.0782278934182902E-02
  1.0790594921071569E-02
  1.0798769167998861E-02
  1.0807082008114447E-02
  1.0815254135937253E-02
  1.0823563783936912E-02
  1.0831733820180517E-02
  1.0840040342527326E-02
  1.0848208380897596E-02
  1.0856511883780404E-02
  1.0864678041304299E-02
  1.0872978640986162E-02
  1.0881142917925427E-02
  1.0889473863337934E-02
  1.0897658151554235E-02
  1.0905977033073947E-02
  1.0914168870429893E-02
  1.0922491705768854E-02
  1.0930687151780569E-02
  1.0939011261409006E-02
  1.0947208636603685E-02
  1.0955532979139209E-02
  1.0963731630609271E-02
  1.0972055806199414E-02
  1.0980255480659911E-02
  1.0988579334480296E-02
  1.0996779930596143E-02
  1.1005103399007891E-02
  1.1013304866670770E-02
  1.1021627913772508E-02
  1.1029826910063061E-02
  1.1038152751921803E-02
  1.1046340495709316E-02
  1.1055186593012164E-02
  1.1063225298130039E-02
  1.1071301888187102E-02
  1.1079487235910719E-02
  1.1087658147603669E-02
  1.1095905140268354E-02
  1.1104113452206698E-02
  1.1112386150243991E-02
  1.1120609531592171E-02
  1.1128893750965044E-02
  1.1137123469495495E-02
  1.1145413548204541E-02
  1.1153646188259175E-02
  1.1161939806968467E-02
  1.1170174034709579E-02
  1.1178470193597852E-02
  1.1186705489000751E-02
  1.1195003710107971E-02
  1.1203239871964511E-02
  1.1211539891208731E-02
  1.1219776842465572E-02
  1.1228078485636915E-02
  1.1236316194260543E-02
  1.1244619326151725E-02
  1.1252857779523683E-02
  1.1261162284870471E-02
  1.1269401471384442E-02
  1.1277707244020699E-02
  1.1285947149038647E-02
  1.1294254084940367E-02
  1.1302491779212373E-02
  1.1310802645383589E-02
  1.1319028546751958E-02
  1.1327840821056177E-02
  1.1335922695162716E-02
  1.1343997071339339E-02
  1.1352218442286566E-02
  1.1360384332691117E-02
  1.1368664558166583E-02
  1.1376867544669734E-02
  1.1385172258349186E-02
  1.1393390966706754E-02
  1.1401706583452855E-02
  1.1409932807959818E-02
  1.1418253581605088E-02
  1.1426483418317939E-02
  1.1434808190849074E-02
  1.1443040665389419E-02
  1.1451367599527635E-02
  1.1459602267335044E-02
  1.1467931039381450E-02
  1.1476167735074757E-02
  1.1484498016304807E-02
  1.1492731834269009E-02
  1.1501070241383705E-02
  1.1509306066254141E-02
  1.1517644275135637E-02
  1.1525881996687236E-02
  1.1534221081602456E-02
  1.1542460725689596E-02
  1.1550800717632505E-02
  1.1559042290270853E-02
  1.1567383157526655E-02
  1.1575626651244200E-02
  1.1583968347266636E-02
  1.1592213750883840E-02
  1.1600556229222583E-02
  1.1608803530054624E-02
  1.1617146747117417E-02
  1.1625395933269996E-02
  1.1633739849056983E-02
  1.1641990908926918E-02
  1.1650335487387550E-02
  1.1658588408858537E-02
  1.1666933618521164E-02
  1.1675188391311278E-02
  1.1683534202994972E-02
  1.1691790815720101E-02
  1.1700137206102792E-02
  1.1708395647379990E-02
  1.1716742592740231E-02
  1.1725002852255469E-02
  1.1733350333047624E-02
  1.1741612398485502E-02
  1.1749960397836216E-02
  1.1758224256761518E-02
  1.1766572758570926E-02
  1.1774838398937436E-02
  1.1783187387822788E-02
  1.1791454797036914E-02
  1.1799804260979010E-02
  1.1808073423839480E-02
  1.1816423349756277E-02
  1.1824694251622509E-02
  1.1833044627908082E-02
  1.1841317253156724E-02
  1.1849668068727268E-02
  1.1857942399694827E-02
  1.1866293641622177E-02
  1.1874569660576647E-02
  1.1882921318181069E-02
  1.1891199005614398E-02
  1.1899551065729867E-02
  1.1907830397468767E-02
  1.1916182847448829E-02
  1.1924463801372487E-02
  1.1932816625617083E-02
  1.1941099175226250E-02
  1.1949452357380428E-02
  1.1957736472776087E-02
  1.1966089994124086E-02
  1.1974375642576949E-02
  1.1982729481259308E-02
  1.1991016627001125E-02
  1.1999370755954969E-02
  1.2007659356235104E-02
  1.2016013745859184E-02
  1.2024303753740818E-02
  1.2032658365873968E-02
  1.2040949724265410E-02
  1.2049304511861571E-02
  1.2057597153817755E-02
  1.2065952056842006E-02
  1.2074245897099717E-02
  1.2082600833901612E-02
  1.2090895730390008E-02
  1.2099252126663860E-02
  1.2107554620378684E-02
  1.2115880413944104E-02
  1.2124836962274343E-02
  1.2133010574243763E-02
  1.2141004406293445E-02
  1.2149357606778892E-02
  1.2157468192863959E-02
  1.2165895095831266E-02
  1.2174051240618652E-02
  1.2182503588087468E-02
  1.2190673767767616E-02
  1.2199776644572061E-02
  1.2207768076198212E-02
  1.2215931535949751E-02
  1.2224111332757486E-02
  1.2232396572503917E-02
  1.2240655231098128E-02
  1.2248988381678261E-02
  1.2257279368657560E-02
  1.2265631395417665E-02
  1.2273936385012086E-02
  1.2282295895173113E-02
  1.2290607472122378E-02
  1.2299001393790948E-02
  1.2307333622695175E-02
  1.2315719105175090E-02
  1.2324057475548553E-02
  1.2332443972113451E-02
  1.2340783361938777E-02
  1.2349167598540956E-02
  1.2357505924679834E-02
  1.2365883673985237E-02
  1.2374224609811597E-02
  1.2382598300190537E-02
  1.2390936759580159E-02
  1.2399306607307365E-02
  1.2407642657765025E-02
  1.2416027257623504E-02
  1.2424361198171481E-02
  1.2432719692629669E-02
  1.2441041148235216E-02
  1.2449386839976130E-02
  1.2457728070473940E-02
  1.2466082002506252E-02
  1.2474407703619527E-02
  1.2482760453340935E-02
  1.2491084857588748E-02
  1.2499433288370469E-02
  1.2507754669444409E-02
  1.2516099026304350E-02
  1.2524417195063238E-02
  1.2532754019076426E-02
  1.2541074078093213E-02
  1.2549406666091441E-02
  1.2557723302419006E-02
  1.2566052133712350E-02
  1.2574365731152046E-02
  1.2582691132402400E-02
  1.2591001945236043E-02
  1.2599324152296271E-02
  1.2607632373531921E-02
  1.2615951456512321E-02
  1.2624289593868675E-02
  1.2632627114358797E-02
  1.2640953946446581E-02
  1.2649297600386942E-02
  1.2657628436127433E-02
  1.2666001972016177E-02
  1.2674352470225738E-02
  1.2682717042393888E-02
  1.2691071329045841E-02
  1.2699437069435606E-02
  1.2707790528630832E-02
  1.2716154368408731E-02
  1.2724505344050530E-02
  1.2732866008599757E-02
  1.2741213511199691E-02
  1.2749571178927660E-02
  1.2757915286487582E-02
  1.2766269641520587E-02
  1.2774610421318965E-02
  1.2782961511281766E-02
  1.2791314481294544E-02
  1.2799661940415374E-02
  1.2807991950627880E-02
  1.2816327326458474E-02
  1.2824640576131903E-02
  1.2832958806740903E-02
  1.2841296209559197E-02
  1.2849628980983246E-02
  1.2857950562356169E-02
  1.2866284937448116E-02
  1.2874606799424343E-02
  1.2882940521111256E-02
  1.2891261062738437E-02
  1.2899593161779747E-02
  1.2907911816607921E-02
  1.2916241974313552E-02
  1.2924558580494450E-02
  1.2932886729773484E-02
  1.2941201242136336E-02
  1.2949537354486592E-02
  1.2957852374053447E-02
  1.2966178750575895E-02
  1.2974490265437967E-02
  1.2982812023750800E-02
  1.2991118515846594E-02
  1.2999435150282028E-02
  1.3007768371743215E-02
  1.3016097402990787E-02
  1.3024418626171824E-02
  1.3032751235493490E-02
  1.3041074258883964E-02
  1.3049407186225385E-02
  1.3057729862460205E-02
  1.3066061844549145E-02
  1.3074383452388229E-02
  1.3082714107708383E-02
  1.3091034464717101E-02
  1.3099363596379044E-02
  1.3107721974368224E-02
  1.3116072170841330E-02
  1.3124414899023750E-02
  1.3132767075707289E-02
  1.3141108419586987E-02
  1.3149456643005113E-02
  1.3157792727934426E-02
  1.3166134758750130E-02
  1.3174464359235451E-02
  1.3182799600968393E-02
  1.3191122438968085E-02
  1.3199469097177246E-02
  1.3207778516401774E-02
  1.3216084191556711E-02
  1.3224365895047616E-02
  1.3232694582849012E-02
  1.3240992802437632E-02
  1.3249298554941721E-02
  1.3257600356928833E-02
  1.3265904810824699E-02
  1.3274194702983605E-02
  1.3282497904309677E-02
  1.3290773993318064E-02
  1.3299616967767987E-02
  1.3307724120987628E-02
  1.3315754490623116E-02
  1.3324010078148527E-02
  1.3332135225982497E-02
  1.3340449631723260E-02
  1.3348609031450843E-02
  1.3356987282089058E-02
  1.3365183811042531E-02
  1.3373557546020390E-02
  1.3381767498857489E-02
  1.3390150145006743E-02
  1.3398365088370459E-02
  1.3406755930772882E-02
  1.3414974656370485E-02
  1.3423363092961351E-02
  1.3431581262615858E-02
  1.3439968532121562E-02
  1.3448184904508099E-02
  1.3456570072815758E-02
  1.3464815769248498E-02
  1.3473217967705573E-02
  1.3481450603232598E-02
  1.3489853739756945E-02
  1.3498084980470663E-02
  1.3506484184079662E-02
  1.3514710874629458E-02
  1.3523104180970956E-02
  1.3531325244996522E-02
  1.3539711995836973E-02
  1.3547922398145626E-02
  1.3556306615505026E-02
  1.3564532037890648E-02
  1.3573430317553753E-02
  1.3581445760347309E-02
  1.3589538050975876E-02
  1.3597722877838661E-02
  1.3605926636772438E-02
  1.3614156551230095E-02
  1.3622396462270758E-02
  1.3630649156227774E-02
  1.3638928988929284E-02
  1.3647206809899769E-02
  1.3655478955107126E-02
  1.3663761134747572E-02
  1.3672032228866770E-02
  1.3680311886536949E-02
  1.3688577481182965E-02
  1.3696851739200752E-02
  1.3705110151677016E-02
  1.3713377890846111E-02
  1.3721628543522340E-02
  1.3729889235935502E-02
  1.3738172863222521E-02
  1.3746476630463900E-02
  1.3754746408488170E-02
  1.3763026599955373E-02
  1.3771284870152299E-02
  1.3779546833273102E-02
  1.3787782586326304E-02
  1.3796072100289778E-02
  1.3804325390816993E-02
  1.3812594847781957E-02
  1.3820848437774872E-02
  1.3829117204332801E-02
  1.3837368584239328E-02
  1.3845634779872154E-02
  1.3853882844963510E-02
  1.3862145784480723E-02
  1.3870390184910179E-02
  1.3878649659759068E-02
  1.3886890341508156E-02
  1.3895146334891913E-02
  1.3903383360244378E-02
  1.3911635930326346E-02
  1.3919869407843592E-02
  1.3928118523653294E-02
  1.3936387359645133E-02
  1.3944657438948927E-02
  1.3952913031799912E-02
  1.3961190531172720E-02
  1.3969450807286257E-02
  1.3977731313923955E-02
  1.3985993261442155E-02
  1.3994274875355038E-02
  1.4002537332153791E-02
  1.4010819320972753E-02
  1.4019081856086201E-02
  1.4027363945456965E-02
  1.4035626410161952E-02
  1.4043908504368664E-02
  1.4052170861953910E-02
  1.4060452936483035E-02
  1.4068715193263345E-02
  1.4076997249885049E-02
  1.4085259427626309E-02
  1.4093541481160890E-02
  1.4101803607729224E-02
  1.4110085675890486E-02
  1.4118347781394191E-02
  1.4126629884543943E-02
  1.4134891999179609E-02
  1.4143174158497009E-02
  1.4151436312038749E-02
  1.4159718548531259E-02
  1.4167980770549390E-02
  1.4176263106170640E-02
  1.4184525424506425E-02
  1.4192807880305379E-02
  1.4201070323474124E-02
  1.4209352920948460E-02
  1.4217615515676700E-02
  1.4225898275947431E-02
  1.4234161049443110E-02
  1.4242443994191542E-02
  1.4250706971722895E-02
  1.4258990121118592E-02
  1.4267253328716386E-02
  1.4275536703703382E-02
  1.4283800165697717E-02
  1.4292083786420318E-02
  1.4300347526938081E-02
  1.4308631413528458E-02
  1.4316895455738627E-02
  1.4325179628115166E-02
  1.4333443995192005E-02
  1.4341728472343374E-02
  1.4349993187047482E-02
  1.4358277988554751E-02
  1.4366543072154750E-02
  1.4374828216626598E-02
  1.4383093690950822E-02
  1.4391379196815615E-02
  1.4399645082719806E-02
  1.4407930929481633E-02
  1.4416203966116621E-02
  1.4424493010854994E-02
  1.4432762024405186E-02
  1.4441050582405321E-02
  1.4449318720961531E-02
  1.4457605811111662E-02
  1.4465872653044189E-02
  1.4474158236405551E-02
  1.4482423866145972E-02
  1.4490708124493245E-02
  1.4498972726737549E-02
  1.4507255866115615E-02
  1.4515519625369304E-02
  1.4523801829533859E-02
  1.4532064905154013E-02
  1.4540346329273602E-02
  1.4548608856353762E-02
  1.4556889631235314E-02
  1.4565151724467665E-02
  1.4573431959605043E-02
  1.4581693716003598E-02
  1.4589973507051379E-02
  1.4598235012059077E-02
  1.4606514442933764E-02
  1.4614775771355505E-02
  1.4623054915808556E-02
  1.4631316000204364E-02
  1.4639622879361108E-02
  1.4647899130311738E-02
  1.4656197468497991E-02
  1.4664477014566432E-02
  1.4672775869603723E-02
  1.4681054755626753E-02
