 1.00000E+00
 1.00000E+00
 1.00000E+00
 1.00000E+00
 1.00000E+00
 7.34082E-01
 5.15354E-01
 5.01675E-01
 5.00217E-01
 5.00091E-01
 5.00081E-01
 5.00079E-01
 5.00078E-01
 5.00076E-01
 5.00075E-01
 5.00074E-01
 5.00074E-01
 5.00073E-01
 5.00072E-01
 5.00072E-01
 5.00071E-01
 5.00070E-01
 5.00070E-01
 5.00070E-01
 5.00069E-01
 5.00069E-01
 5.00069E-01
 5.00068E-01
 5.00068E-01
 5.00068E-01
 5.00068E-01
 5.00067E-01
 5.00067E-01
 5.00067E-01
 5.00067E-01
 5.00067E-01
 5.00067E-01
 5.00067E-01
 5.00067E-01
 5.00067E-01
 1.00000E+00
 1.00000E+00
 1.00000E+00
 1.00000E+00
 9.99952E-01
 5.69484E-01
 5.05103E-01
 5.00550E-01
 5.00119E-01
 5.00084E-01
 5.00080E-01
 5.00079E-01
 5.00077E-01
 5.00076E-01
 5.00075E-01
 5.00074E-01
 5.00073E-01
 5.00073E-01
 5.00072E-01
 5.00071E-01
 5.00071E-01
 5.00070E-01
 5.00070E-01
 5.00070E-01
 5.00069E-01
 5.00069E-01
 5.00069E-01
 5.00068E-01
 5.00068E-01
 5.00068E-01
 5.00068E-01
 5.00067E-01
 5.00067E-01
 5.00067E-01
 5.00067E-01
 5.00067E-01
 5.00067E-01
 5.00067E-01
 5.00067E-01
 5.00067E-01
 1.00000E+00
 1.00000E+00
 1.00000E+00
 1.00000E+00
 6.73902E-01
 5.11252E-01
 5.01183E-01
 5.00177E-01
 5.00089E-01
 5.00082E-01
 5.00080E-01
 5.00078E-01
 5.00077E-01
 5.00076E-01
 5.00075E-01
 5.00074E-01
 5.00073E-01
 5.00073E-01
 5.00072E-01
 5.00071E-01
 5.00071E-01
 5.00070E-01
 5.00070E-01
 5.00070E-01
 5.00069E-01
 5.00069E-01
 5.00069E-01
 5.00068E-01
 5.00068E-01
 5.00068E-01
 5.00068E-01
 5.00067E-01
 5.00067E-01
 5.00067E-01
 5.00067E-01
 5.00067E-01
 5.00067E-01
 5.00067E-01
 5.00067E-01
 5.00067E-01
 1.00000E+00
 1.00000E+00
 1.00000E+00
 7.53023E-01
 5.16173E-01
 5.01867E-01
 5.00253E-01
 5.00097E-01
 5.00083E-01
 5.00081E-01
 5.00079E-01
 5.00078E-01
 5.00077E-01
 5.00076E-01
 5.00075E-01
 5.00074E-01
 5.00073E-01
 5.00072E-01
 5.00072E-01
 5.00071E-01
 5.00071E-01
 5.00070E-01
 5.00070E-01
 5.00069E-01
 5.00069E-01
 5.00069E-01
 5.00068E-01
 5.00068E-01
 5.00068E-01
 5.00068E-01
 5.00068E-01
 5.00067E-01
 5.00067E-01
 5.00067E-01
 5.00067E-01
 5.00067E-01
 5.00067E-01
 5.00067E-01
 5.00067E-01
 5.00067E-01
 1.00000E+00
 9.99993E-01
 6.97032E-01
 5.16856E-01
 5.02229E-01
 5.00314E-01
 5.00104E-01
 5.00084E-01
 5.00082E-01
 5.00080E-01
 5.00079E-01
 5.00077E-01
 5.00076E-01
 5.00075E-01
 5.00074E-01
 5.00074E-01
 5.00073E-01
 5.00072E-01
 5.00072E-01
 5.00071E-01
 5.00071E-01
 5.00070E-01
 5.00070E-01
 5.00069E-01
 5.00069E-01
 5.00069E-01
 5.00068E-01
 5.00068E-01
 5.00068E-01
 5.00068E-01
 5.00067E-01
 5.00067E-01
 5.00067E-01
 5.00067E-01
 5.00067E-01
 5.00067E-01
 5.00067E-01
 5.00067E-01
 5.00067E-01
 5.00067E-01
 7.88119E-01
 5.89611E-01
 5.12870E-01
 5.02048E-01
 5.00327E-01
 5.00109E-01
 5.00085E-01
 5.00082E-01
 5.00080E-01
 5.00079E-01
 5.00078E-01
 5.00077E-01
 5.00076E-01
 5.00075E-01
 5.00074E-01
 5.00073E-01
 5.00073E-01
 5.00072E-01
 5.00071E-01
 5.00071E-01
 5.00070E-01
 5.00070E-01
 5.00069E-01
 5.00069E-01
 5.00069E-01
 5.00068E-01
 5.00068E-01
 5.00068E-01
 5.00068E-01
 5.00068E-01
 5.00067E-01
 5.00067E-01
 5.00067E-01
 5.00067E-01
 5.00067E-01
 5.00067E-01
 5.00067E-01
 5.00067E-01
 5.00067E-01
 5.00067E-01
 5.18646E-01
 5.06555E-01
 5.01428E-01
 5.00283E-01
 5.00107E-01
 5.00085E-01
 5.00082E-01
 5.00081E-01
 5.00079E-01
 5.00078E-01
 5.00077E-01
 5.00076E-01
 5.00075E-01
 5.00074E-01
 5.00074E-01
 5.00073E-01
 5.00072E-01
 5.00072E-01
 5.00071E-01
 5.00071E-01
 5.00070E-01
 5.00070E-01
 5.00069E-01
 5.00069E-01
 5.00069E-01
 5.00068E-01
 5.00068E-01
 5.00068E-01
 5.00068E-01
 5.00067E-01
 5.00067E-01
 5.00067E-01
 5.00067E-01
 5.00067E-01
 5.00067E-01
 5.00067E-01
 5.00067E-01
 5.00067E-01
 5.00066E-01
 5.00066E-01
 5.02255E-01
 5.00724E-01
 5.00208E-01
 5.00100E-01
 5.00084E-01
 5.00082E-01
 5.00080E-01
 5.00079E-01
 5.00078E-01
 5.00077E-01
 5.00076E-01
 5.00075E-01
 5.00074E-01
 5.00074E-01
 5.00073E-01
 5.00072E-01
 5.00072E-01
 5.00071E-01
 5.00071E-01
 5.00070E-01
 5.00070E-01
 5.00069E-01
 5.00069E-01
 5.00069E-01
 5.00068E-01
 5.00068E-01
 5.00068E-01
 5.00068E-01
 5.00067E-01
 5.00067E-01
 5.00067E-01
 5.00067E-01
 5.00067E-01
 5.00067E-01
 5.00067E-01
 5.00067E-01
 5.00066E-01
 5.00066E-01
 5.00066E-01
 5.00066E-01
 5.00291E-01
 5.00138E-01
 5.00092E-01
 5.00083E-01
 5.00081E-01
 5.00080E-01
 5.00079E-01
 5.00078E-01
 5.00077E-01
 5.00076E-01
 5.00075E-01
 5.00075E-01
 5.00074E-01
 5.00073E-01
 5.00072E-01
 5.00072E-01
 5.00071E-01
 5.00071E-01
 5.00070E-01
 5.00070E-01
 5.00069E-01
 5.00069E-01
 5.00069E-01
 5.00068E-01
 5.00068E-01
 5.00068E-01
 5.00068E-01
 5.00067E-01
 5.00067E-01
 5.00067E-01
 5.00067E-01
 5.00067E-01
 5.00067E-01
 5.00067E-01
 5.00066E-01
 5.00066E-01
 5.00066E-01
 5.00066E-01
 5.00066E-01
 5.00066E-01
 5.00097E-01
 5.00085E-01
 5.00081E-01
 5.00080E-01
 5.00079E-01
 5.00078E-01
 5.00078E-01
 5.00077E-01
 5.00076E-01
 5.00075E-01
 5.00074E-01
 5.00074E-01
 5.00073E-01
 5.00072E-01
 5.00072E-01
 5.00071E-01
 5.00071E-01
 5.00070E-01
 5.00070E-01
 5.00069E-01
 5.00069E-01
 5.00069E-01
 5.00068E-01
 5.00068E-01
 5.00068E-01
 5.00068E-01
 5.00067E-01
 5.00067E-01
 5.00067E-01
 5.00067E-01
 5.00067E-01
 5.00067E-01
 5.00066E-01
 5.00066E-01
 5.00066E-01
 5.00066E-01
 5.00066E-01
 5.00066E-01
 5.00066E-01
 5.00066E-01
 5.00080E-01
 5.00079E-01
 5.00078E-01
 5.00078E-01
 5.00077E-01
 5.00077E-01
 5.00076E-01
 5.00075E-01
 5.00075E-01
 5.00074E-01
 5.00073E-01
 5.00073E-01
 5.00072E-01
 5.00072E-01
 5.00071E-01
 5.00071E-01
 5.00070E-01
 5.00070E-01
 5.00069E-01
 5.00069E-01
 5.00069E-01
 5.00068E-01
 5.00068E-01
 5.00068E-01
 5.00068E-01
 5.00067E-01
 5.00067E-01
 5.00067E-01
 5.00067E-01
 5.00067E-01
 5.00066E-01
 5.00066E-01
 5.00066E-01
 5.00066E-01
 5.00066E-01
 5.00066E-01
 5.00066E-01
 5.00066E-01
 5.00066E-01
 5.00066E-01
 5.00077E-01
 5.00077E-01
 5.00077E-01
 5.00076E-01
 5.00076E-01
 5.00075E-01
 5.00075E-01
 5.00074E-01
 5.00074E-01
 5.00073E-01
 5.00073E-01
 5.00072E-01
 5.00071E-01
 5.00071E-01
 5.00070E-01
 5.00070E-01
 5.00070E-01
 5.00069E-01
 5.00069E-01
 5.00069E-01
 5.00068E-01
 5.00068E-01
 5.00068E-01
 5.00067E-01
 5.00067E-01
 5.00067E-01
 5.00067E-01
 5.00067E-01
 5.00067E-01
 5.00066E-01
 5.00066E-01
 5.00066E-01
 5.00066E-01
 5.00066E-01
 5.00066E-01
 5.00066E-01
 5.00066E-01
 5.00066E-01
 5.00066E-01
 5.00066E-01
 5.00075E-01
 5.00075E-01
 5.00075E-01
 5.00075E-01
 5.00074E-01
 5.00074E-01
 5.00073E-01
 5.00073E-01
 5.00073E-01
 5.00072E-01
 5.00072E-01
 5.00071E-01
 5.00071E-01
 5.00070E-01
 5.00070E-01
 5.00069E-01
 5.00069E-01
 5.00069E-01
 5.00068E-01
 5.00068E-01
 5.00068E-01
 5.00068E-01
 5.00067E-01
 5.00067E-01
 5.00067E-01
 5.00067E-01
 5.00067E-01
 5.00066E-01
 5.00066E-01
 5.00066E-01
 5.00066E-01
 5.00066E-01
 5.00066E-01
 5.00066E-01
 5.00066E-01
 5.00066E-01
 5.00066E-01
 5.00066E-01
 5.00066E-01
 5.00066E-01
 5.00074E-01
 5.00074E-01
 5.00073E-01
 5.00073E-01
 5.00073E-01
 5.00073E-01
 5.00072E-01
 5.00072E-01
 5.00071E-01
 5.00071E-01
 5.00071E-01
 5.00070E-01
 5.00070E-01
 5.00069E-01
 5.00069E-01
 5.00069E-01
 5.00068E-01
 5.00068E-01
 5.00068E-01
 5.00068E-01
 5.00067E-01
 5.00067E-01
 5.00067E-01
 5.00067E-01
 5.00067E-01
 5.00066E-01
 5.00066E-01
 5.00066E-01
 5.00066E-01
 5.00066E-01
 5.00066E-01
 5.00066E-01
 5.00066E-01
 5.00066E-01
 5.00066E-01
 5.00065E-01
 5.00065E-01
 5.00065E-01
 5.00065E-01
 5.00065E-01
 5.00072E-01
 5.00072E-01
 5.00072E-01
 5.00072E-01
 5.00072E-01
 5.00071E-01
 5.00071E-01
 5.00071E-01
 5.00070E-01
 5.00070E-01
 5.00070E-01
 5.00069E-01
 5.00069E-01
 5.00069E-01
 5.00068E-01
 5.00068E-01
 5.00068E-01
 5.00068E-01
 5.00067E-01
 5.00067E-01
 5.00067E-01
 5.00067E-01
 5.00067E-01
 5.00066E-01
 5.00066E-01
 5.00066E-01
 5.00066E-01
 5.00066E-01
 5.00066E-01
 5.00066E-01
 5.00066E-01
 5.00065E-01
 5.00065E-01
 5.00065E-01
 5.00065E-01
 5.00065E-01
 5.00065E-01
 5.00065E-01
 5.00065E-01
 5.00065E-01
 5.00071E-01
 5.00071E-01
 5.00071E-01
 5.00070E-01
 5.00070E-01
 5.00070E-01
 5.00070E-01
 5.00070E-01
 5.00069E-01
 5.00069E-01
 5.00069E-01
 5.00068E-01
 5.00068E-01
 5.00068E-01
 5.00068E-01
 5.00067E-01
 5.00067E-01
 5.00067E-01
 5.00067E-01
 5.00067E-01
 5.00066E-01
 5.00066E-01
 5.00066E-01
 5.00066E-01
 5.00066E-01
 5.00066E-01
 5.00066E-01
 5.00066E-01
 5.00065E-01
 5.00065E-01
 5.00065E-01
 5.00065E-01
 5.00065E-01
 5.00065E-01
 5.00065E-01
 5.00065E-01
 5.00065E-01
 5.00065E-01
 5.00065E-01
 5.00065E-01
 5.00069E-01
 5.00069E-01
 5.00069E-01
 5.00069E-01
 5.00069E-01
 5.00069E-01
 5.00069E-01
 5.00068E-01
 5.00068E-01
 5.00068E-01
 5.00068E-01
 5.00068E-01
 5.00067E-01
 5.00067E-01
 5.00067E-01
 5.00067E-01
 5.00067E-01
 5.00066E-01
 5.00066E-01
 5.00066E-01
 5.00066E-01
 5.00066E-01
 5.00066E-01
 5.00066E-01
 5.00065E-01
 5.00065E-01
 5.00065E-01
 5.00065E-01
 5.00065E-01
 5.00065E-01
 5.00065E-01
 5.00065E-01
 5.00065E-01
 5.00065E-01
 5.00065E-01
 5.00065E-01
 5.00065E-01
 5.00065E-01
 5.00065E-01
 5.00065E-01
 5.00068E-01
 5.00068E-01
 5.00068E-01
 5.00068E-01
 5.00068E-01
 5.00068E-01
 5.00067E-01
 5.00067E-01
 5.00067E-01
 5.00067E-01
 5.00067E-01
 5.00067E-01
 5.00066E-01
 5.00066E-01
 5.00066E-01
 5.00066E-01
 5.00066E-01
 5.00066E-01
 5.00066E-01
 5.00066E-01
 5.00065E-01
 5.00065E-01
 5.00065E-01
 5.00065E-01
 5.00065E-01
 5.00065E-01
 5.00065E-01
 5.00065E-01
 5.00065E-01
 5.00065E-01
 5.00065E-01
 5.00065E-01
 5.00065E-01
 5.00065E-01
 5.00065E-01
 5.00065E-01
 5.00065E-01
 5.00065E-01
 5.00065E-01
 5.00065E-01
 5.00067E-01
 5.00067E-01
 5.00067E-01
 5.00067E-01
 5.00066E-01
 5.00066E-01
 5.00066E-01
 5.00066E-01
 5.00066E-01
 5.00066E-01
 5.00066E-01
 5.00066E-01
 5.00066E-01
 5.00065E-01
 5.00065E-01
 5.00065E-01
 5.00065E-01
 5.00065E-01
 5.00065E-01
 5.00065E-01
 5.00065E-01
 5.00065E-01
 5.00065E-01
 5.00065E-01
 5.00065E-01
 5.00065E-01
 5.00065E-01
 5.00065E-01
 5.00065E-01
 5.00065E-01
 5.00064E-01
 5.00064E-01
 5.00064E-01
 5.00064E-01
 5.00064E-01
 5.00064E-01
 5.00064E-01
 5.00064E-01
 5.00064E-01
 5.00064E-01
 5.00065E-01
 5.00065E-01
 5.00065E-01
 5.00065E-01
 5.00065E-01
 5.00065E-01
 5.00065E-01
 5.00065E-01
 5.00065E-01
 5.00065E-01
 5.00065E-01
 5.00065E-01
 5.00065E-01
 5.00065E-01
 5.00065E-01
 5.00065E-01
 5.00065E-01
 5.00064E-01
 5.00064E-01
 5.00064E-01
 5.00064E-01
 5.00064E-01
 5.00064E-01
 5.00064E-01
 5.00064E-01
 5.00064E-01
 5.00064E-01
 5.00064E-01
 5.00064E-01
 5.00064E-01
 5.00064E-01
 5.00064E-01
 5.00064E-01
 5.00064E-01
 5.00064E-01
 5.00064E-01
 5.00064E-01
 5.00064E-01
 5.00064E-01
 5.00064E-01
 5.00064E-01
 5.00064E-01
 5.00064E-01
 5.00064E-01
 5.00064E-01
 5.00064E-01
 5.00064E-01
 5.00064E-01
 5.00064E-01
 5.00064E-01
 5.00064E-01
 5.00064E-01
 5.00064E-01
 5.00064E-01
 5.00064E-01
 5.00064E-01
 5.00064E-01
 5.00064E-01
 5.00064E-01
 5.00064E-01
 5.00064E-01
 5.00064E-01
 5.00064E-01
 5.00064E-01
 5.00064E-01
 5.00064E-01
 5.00064E-01
 5.00064E-01
 5.00064E-01
 5.00064E-01
 5.00064E-01
 5.00064E-01
 5.00064E-01
 5.00064E-01
 5.00064E-01
 5.00064E-01
 5.00064E-01
 5.00064E-01
 5.00064E-01
 5.00064E-01
 5.00063E-01
 5.00063E-01
 5.00063E-01
 5.00063E-01
 5.00063E-01
 5.00063E-01
 5.00063E-01
 5.00063E-01
 5.00063E-01
 5.00063E-01
 5.00063E-01
 5.00063E-01
 5.00063E-01
 5.00063E-01
 5.00063E-01
 5.00063E-01
 5.00063E-01
 5.00063E-01
 5.00063E-01
 5.00063E-01
 5.00063E-01
 5.00063E-01
 5.00063E-01
 5.00063E-01
 5.00064E-01
 5.00064E-01
 5.00064E-01
 5.00064E-01
 5.00064E-01
 5.00064E-01
 5.00064E-01
 5.00064E-01
 5.00064E-01
 5.00064E-01
 5.00064E-01
 5.00064E-01
 5.00064E-01
 5.00064E-01
 5.00064E-01
 5.00064E-01
 5.00062E-01
 5.00062E-01
 5.00062E-01
 5.00062E-01
 5.00062E-01
 5.00062E-01
 5.00062E-01
 5.00062E-01
 5.00062E-01
 5.00062E-01
 5.00062E-01
 5.00062E-01
 5.00062E-01
 5.00062E-01
 5.00062E-01
 5.00062E-01
 5.00063E-01
 5.00063E-01
 5.00063E-01
 5.00063E-01
 5.00063E-01
 5.00063E-01
 5.00063E-01
 5.00063E-01
 5.00063E-01
 5.00063E-01
 5.00063E-01
 5.00063E-01
 5.00063E-01
 5.00063E-01
 5.00063E-01
 5.00063E-01
 5.00063E-01
 5.00063E-01
 5.00063E-01
 5.00063E-01
 5.00063E-01
 5.00063E-01
 5.00063E-01
 5.00064E-01
 5.00060E-01
 5.00060E-01
 5.00060E-01
 5.00060E-01
 5.00060E-01
 5.00061E-01
 5.00061E-01
 5.00061E-01
 5.00061E-01
 5.00061E-01
 5.00061E-01
 5.00061E-01
 5.00061E-01
 5.00062E-01
 5.00062E-01
 5.00062E-01
 5.00062E-01
 5.00062E-01
 5.00062E-01
 5.00062E-01
 5.00062E-01
 5.00062E-01
 5.00063E-01
 5.00063E-01
 5.00063E-01
 5.00063E-01
 5.00063E-01
 5.00063E-01
 5.00063E-01
 5.00063E-01
 5.00063E-01
 5.00063E-01
 5.00063E-01
 5.00063E-01
 5.00063E-01
 5.00063E-01
 5.00063E-01
 5.00063E-01
 5.00063E-01
 5.00063E-01
 5.00059E-01
 5.00059E-01
 5.00059E-01
 5.00059E-01
 5.00059E-01
 5.00059E-01
 5.00059E-01
 5.00060E-01
 5.00060E-01
 5.00060E-01
 5.00060E-01
 5.00060E-01
 5.00061E-01
 5.00061E-01
 5.00061E-01
 5.00061E-01
 5.00061E-01
 5.00061E-01
 5.00062E-01
 5.00062E-01
 5.00062E-01
 5.00062E-01
 5.00062E-01
 5.00062E-01
 5.00062E-01
 5.00062E-01
 5.00063E-01
 5.00063E-01
 5.00063E-01
 5.00063E-01
 5.00063E-01
 5.00063E-01
 5.00063E-01
 5.00063E-01
 5.00063E-01
 5.00063E-01
 5.00063E-01
 5.00063E-01
 5.00063E-01
 5.00063E-01
 5.00058E-01
 5.00058E-01
 5.00058E-01
 5.00058E-01
 5.00058E-01
 5.00058E-01
 5.00058E-01
 5.00059E-01
 5.00059E-01
 5.00059E-01
 5.00059E-01
 5.00059E-01
 5.00060E-01
 5.00060E-01
 5.00060E-01
 5.00060E-01
 5.00061E-01
 5.00061E-01
 5.00061E-01
 5.00061E-01
 5.00061E-01
 5.00062E-01
 5.00062E-01
 5.00062E-01
 5.00062E-01
 5.00062E-01
 5.00062E-01
 5.00062E-01
 5.00062E-01
 5.00062E-01
 5.00063E-01
 5.00063E-01
 5.00063E-01
 5.00063E-01
 5.00063E-01
 5.00063E-01
 5.00063E-01
 5.00063E-01
 5.00063E-01
 5.00063E-01
 5.00056E-01
 5.00056E-01
 5.00056E-01
 5.00056E-01
 5.00057E-01
 5.00057E-01
 5.00057E-01
 5.00057E-01
 5.00058E-01
 5.00058E-01
 5.00058E-01
 5.00059E-01
 5.00059E-01
 5.00059E-01
 5.00059E-01
 5.00060E-01
 5.00060E-01
 5.00060E-01
 5.00060E-01
 5.00061E-01
 5.00061E-01
 5.00061E-01
 5.00061E-01
 5.00061E-01
 5.00062E-01
 5.00062E-01
 5.00062E-01
 5.00062E-01
 5.00062E-01
 5.00062E-01
 5.00062E-01
 5.00062E-01
 5.00062E-01
 5.00063E-01
 5.00063E-01
 5.00063E-01
 5.00063E-01
 5.00063E-01
 5.00063E-01
 5.00063E-01
 5.00055E-01
 5.00055E-01
 5.00055E-01
 5.00055E-01
 5.00055E-01
 5.00056E-01
 5.00056E-01
 5.00056E-01
 5.00057E-01
 5.00057E-01
 5.00057E-01
 5.00058E-01
 5.00058E-01
 5.00058E-01
 5.00059E-01
 5.00059E-01
 5.00059E-01
 5.00060E-01
 5.00060E-01
 5.00060E-01
 5.00060E-01
 5.00061E-01
 5.00061E-01
 5.00061E-01
 5.00061E-01
 5.00061E-01
 5.00062E-01
 5.00062E-01
 5.00062E-01
 5.00062E-01
 5.00062E-01
 5.00062E-01
 5.00062E-01
 5.00062E-01
 5.00062E-01
 5.00062E-01
 5.00062E-01
 5.00062E-01
 5.00062E-01
 5.00062E-01
 5.00053E-01
 5.00053E-01
 5.00054E-01
 5.00054E-01
 5.00054E-01
 5.00054E-01
 5.00055E-01
 5.00055E-01
 5.00056E-01
 5.00056E-01
 5.00056E-01
 5.00057E-01
 5.00057E-01
 5.00058E-01
 5.00058E-01
 5.00058E-01
 5.00059E-01
 5.00059E-01
 5.00059E-01
 5.00060E-01
 5.00060E-01
 5.00060E-01
 5.00061E-01
 5.00061E-01
 5.00061E-01
 5.00061E-01
 5.00061E-01
 5.00061E-01
 5.00062E-01
 5.00062E-01
 5.00062E-01
 5.00062E-01
 5.00062E-01
 5.00062E-01
 5.00062E-01
 5.00062E-01
 5.00062E-01
 5.00062E-01
 5.00062E-01
 5.00062E-01
 5.00052E-01
 5.00052E-01
 5.00052E-01
 5.00052E-01
 5.00053E-01
 5.00053E-01
 5.00054E-01
 5.00054E-01
 5.00055E-01
 5.00055E-01
 5.00056E-01
 5.00056E-01
 5.00057E-01
 5.00057E-01
 5.00057E-01
 5.00058E-01
 5.00058E-01
 5.00059E-01
 5.00059E-01
 5.00059E-01
 5.00060E-01
 5.00060E-01
 5.00060E-01
 5.00060E-01
 5.00061E-01
 5.00061E-01
 5.00061E-01
 5.00061E-01
 5.00061E-01
 5.00061E-01
 5.00062E-01
 5.00062E-01
 5.00062E-01
 5.00062E-01
 5.00062E-01
 5.00062E-01
 5.00062E-01
 5.00062E-01
 5.00062E-01
 5.00062E-01
 5.00050E-01
 5.00050E-01
 5.00051E-01
 5.00051E-01
 5.00051E-01
 5.00052E-01
 5.00052E-01
 5.00053E-01
 5.00054E-01
 5.00054E-01
 5.00055E-01
 5.00055E-01
 5.00056E-01
 5.00056E-01
 5.00057E-01
 5.00057E-01
 5.00058E-01
 5.00058E-01
 5.00059E-01
 5.00059E-01
 5.00059E-01
 5.00060E-01
 5.00060E-01
 5.00060E-01
 5.00060E-01
 5.00061E-01
 5.00061E-01
 5.00061E-01
 5.00061E-01
 5.00061E-01
 5.00061E-01
 5.00062E-01
 5.00062E-01
 5.00062E-01
 5.00062E-01
 5.00062E-01
 5.00062E-01
 5.00062E-01
 5.00062E-01
 5.00062E-01
 5.00048E-01
 5.00049E-01
 5.00049E-01
 5.00049E-01
 5.00050E-01
 5.00050E-01
 5.00051E-01
 5.00052E-01
 5.00052E-01
 5.00053E-01
 5.00054E-01
 5.00054E-01
 5.00055E-01
 5.00056E-01
 5.00056E-01
 5.00057E-01
 5.00057E-01
 5.00058E-01
 5.00058E-01
 5.00058E-01
 5.00059E-01
 5.00059E-01
 5.00060E-01
 5.00060E-01
 5.00060E-01
 5.00060E-01
 5.00061E-01
 5.00061E-01
 5.00061E-01
 5.00061E-01
 5.00061E-01
 5.00061E-01
 5.00061E-01
 5.00062E-01
 5.00062E-01
 5.00062E-01
 5.00062E-01
 5.00062E-01
 5.00062E-01
 5.00062E-01
 5.00047E-01
 5.00047E-01
 5.00047E-01
 5.00048E-01
 5.00048E-01
 5.00049E-01
 5.00050E-01
 5.00051E-01
 5.00051E-01
 5.00052E-01
 5.00053E-01
 5.00054E-01
 5.00054E-01
 5.00055E-01
 5.00056E-01
 5.00056E-01
 5.00057E-01
 5.00057E-01
 5.00058E-01
 5.00058E-01
 5.00059E-01
 5.00059E-01
 5.00059E-01
 5.00060E-01
 5.00060E-01
 5.00060E-01
 5.00060E-01
 5.00061E-01
 5.00061E-01
 5.00061E-01
 5.00061E-01
 5.00061E-01
 5.00061E-01
 5.00061E-01
 5.00061E-01
 5.00062E-01
 5.00062E-01
 5.00062E-01
 5.00062E-01
 5.00062E-01
 5.00045E-01
 5.00045E-01
 5.00045E-01
 5.00046E-01
 5.00047E-01
 5.00048E-01
 5.00049E-01
 5.00050E-01
 5.00050E-01
 5.00051E-01
 5.00052E-01
 5.00053E-01
 5.00054E-01
 5.00054E-01
 5.00055E-01
 5.00056E-01
 5.00056E-01
 5.00057E-01
 5.00057E-01
 5.00058E-01
 5.00058E-01
 5.00059E-01
 5.00059E-01
 5.00059E-01
 5.00060E-01
 5.00060E-01
 5.00060E-01
 5.00060E-01
 5.00061E-01
 5.00061E-01
 5.00061E-01
 5.00061E-01
 5.00061E-01
 5.00061E-01
 5.00061E-01
 5.00061E-01
 5.00062E-01
 5.00062E-01
 5.00062E-01
 5.00062E-01
 5.00042E-01
 5.00043E-01
 5.00044E-01
 5.00044E-01
 5.00045E-01
 5.00046E-01
 5.00047E-01
 5.00049E-01
 5.00050E-01
 5.00051E-01
 5.00051E-01
 5.00052E-01
 5.00053E-01
 5.00054E-01
 5.00055E-01
 5.00055E-01
 5.00056E-01
 5.00057E-01
 5.00057E-01
 5.00058E-01
 5.00058E-01
 5.00058E-01
 5.00059E-01
 5.00059E-01
 5.00059E-01
 5.00060E-01
 5.00060E-01
 5.00060E-01
 5.00060E-01
 5.00061E-01
 5.00061E-01
 5.00061E-01
 5.00061E-01
 5.00061E-01
 5.00061E-01
 5.00061E-01
 5.00061E-01
 5.00061E-01
 5.00061E-01
 5.00061E-01
 5.00040E-01
 5.00041E-01
 5.00042E-01
 5.00043E-01
 5.00044E-01
 5.00045E-01
 5.00046E-01
 5.00048E-01
 5.00049E-01
 5.00050E-01
 5.00051E-01
 5.00052E-01
 5.00053E-01
 5.00054E-01
 5.00054E-01
 5.00055E-01
 5.00056E-01
 5.00056E-01
 5.00057E-01
 5.00057E-01
 5.00058E-01
 5.00058E-01
 5.00059E-01
 5.00059E-01
 5.00059E-01
 5.00060E-01
 5.00060E-01
 5.00060E-01
 5.00060E-01
 5.00060E-01
 5.00061E-01
 5.00061E-01
 5.00061E-01
 5.00061E-01
 5.00061E-01
 5.00061E-01
 5.00061E-01
 5.00061E-01
 5.00061E-01
 5.00061E-01
 5.00038E-01
 5.00039E-01
 5.00040E-01
 5.00041E-01
 5.00042E-01
 5.00044E-01
 5.00045E-01
 5.00047E-01
 5.00048E-01
 5.00049E-01
 5.00050E-01
 5.00051E-01
 5.00052E-01
 5.00053E-01
 5.00054E-01
 5.00055E-01
 5.00055E-01
 5.00056E-01
 5.00057E-01
 5.00057E-01
 5.00058E-01
 5.00058E-01
 5.00058E-01
 5.00059E-01
 5.00059E-01
 5.00059E-01
 5.00060E-01
 5.00060E-01
 5.00060E-01
 5.00060E-01
 5.00061E-01
 5.00061E-01
 5.00061E-01
 5.00061E-01
 5.00061E-01
 5.00061E-01
 5.00061E-01
 5.00061E-01
 5.00061E-01
 5.00061E-01
 5.00036E-01
 5.00037E-01
 5.00038E-01
 5.00040E-01
 5.00041E-01
 5.00043E-01
 5.00044E-01
 5.00046E-01
 5.00047E-01
 5.00049E-01
 5.00050E-01
 5.00051E-01
 5.00052E-01
 5.00053E-01
 5.00054E-01
 5.00054E-01
 5.00055E-01
 5.00056E-01
 5.00056E-01
 5.00057E-01
 5.00057E-01
 5.00058E-01
 5.00058E-01
 5.00059E-01
 5.00059E-01
 5.00059E-01
 5.00060E-01
 5.00060E-01
 5.00060E-01
 5.00060E-01
 5.00060E-01
 5.00061E-01
 5.00061E-01
 5.00061E-01
 5.00061E-01
 5.00061E-01
 5.00061E-01
 5.00061E-01
 5.00061E-01
 5.00061E-01
 5.00035E-01
 5.00035E-01
 5.00037E-01
 5.00038E-01
 5.00040E-01
 5.00042E-01
 5.00044E-01
 5.00045E-01
 5.00047E-01
 5.00048E-01
 5.00050E-01
 5.00051E-01
 5.00052E-01
 5.00053E-01
 5.00054E-01
 5.00054E-01
 5.00055E-01
 5.00056E-01
 5.00056E-01
 5.00057E-01
 5.00057E-01
 5.00058E-01
 5.00058E-01
 5.00059E-01
 5.00059E-01
 5.00059E-01
 5.00060E-01
 5.00060E-01
 5.00060E-01
 5.00060E-01
 5.00060E-01
 5.00061E-01
 5.00061E-01
 5.00061E-01
 5.00061E-01
 5.00061E-01
 5.00061E-01
 5.00061E-01
 5.00061E-01
 5.00061E-01
 5.00034E-01
 5.00034E-01
 5.00035E-01
 5.00037E-01
 5.00039E-01
 5.00041E-01
 5.00043E-01
 5.00045E-01
 5.00047E-01
 5.00048E-01
 5.00049E-01
 5.00051E-01
 5.00052E-01
 5.00053E-01
 5.00053E-01
 5.00054E-01
 5.00055E-01
 5.00056E-01
 5.00056E-01
 5.00057E-01
 5.00057E-01
 5.00058E-01
 5.00058E-01
 5.00059E-01
 5.00059E-01
 5.00059E-01
 5.00060E-01
 5.00060E-01
 5.00060E-01
 5.00060E-01
 5.00060E-01
 5.00061E-01
 5.00061E-01
 5.00061E-01
 5.00061E-01
 5.00061E-01
 5.00061E-01
 5.00061E-01
 5.00061E-01
 5.00061E-01
