 0.00000E+00
 0.00000E+00
 0.00000E+00
 0.00000E+00
 0.00000E+00
 3.59941E-02
 1.12711E-01
 1.20633E-01
 1.21511E-01
 1.21586E-01
 1.21592E-01
 1.21592E-01
 1.21592E-01
 1.21592E-01
 1.21592E-01
 1.21592E-01
 1.21592E-01
 1.21592E-01
 1.21592E-01
 1.21592E-01
 1.21592E-01
 1.21592E-01
 1.21592E-01
 1.21592E-01
 1.21592E-01
 1.21592E-01
 1.21592E-01
 1.21592E-01
 1.21592E-01
 1.21592E-01
 1.21592E-01
 1.21592E-01
 1.21592E-01
 1.21592E-01
 1.21592E-01
 1.21592E-01
 1.21592E-01
 1.21592E-01
 1.21592E-01
 1.21592E-01
 0.00000E+00
 0.00000E+00
 0.00000E+00
 0.00000E+00
 0.00000E+00
 8.64581E-02
 1.18597E-01
 1.21311E-01
 1.21570E-01
 1.21591E-01
 1.21592E-01
 1.21592E-01
 1.21592E-01
 1.21592E-01
 1.21592E-01
 1.21592E-01
 1.21592E-01
 1.21592E-01
 1.21592E-01
 1.21592E-01
 1.21592E-01
 1.21592E-01
 1.21592E-01
 1.21592E-01
 1.21592E-01
 1.21592E-01
 1.21592E-01
 1.21592E-01
 1.21592E-01
 1.21592E-01
 1.21592E-01
 1.21592E-01
 1.21592E-01
 1.21592E-01
 1.21592E-01
 1.21592E-01
 1.21592E-01
 1.21592E-01
 1.21592E-01
 1.21592E-01
 0.00000E+00
 0.00000E+00
 0.00000E+00
 0.00000E+00
 5.08500E-02
 1.15033E-01
 1.20930E-01
 1.21536E-01
 1.21588E-01
 1.21592E-01
 1.21592E-01
 1.21592E-01
 1.21592E-01
 1.21592E-01
 1.21592E-01
 1.21592E-01
 1.21592E-01
 1.21592E-01
 1.21592E-01
 1.21592E-01
 1.21592E-01
 1.21592E-01
 1.21592E-01
 1.21592E-01
 1.21592E-01
 1.21592E-01
 1.21592E-01
 1.21592E-01
 1.21592E-01
 1.21592E-01
 1.21592E-01
 1.21592E-01
 1.21592E-01
 1.21592E-01
 1.21592E-01
 1.21592E-01
 1.21592E-01
 1.21592E-01
 1.21592E-01
 1.21592E-01
 0.00000E+00
 0.00000E+00
 0.00000E+00
 3.20124E-02
 1.12263E-01
 1.20520E-01
 1.21491E-01
 1.21584E-01
 1.21591E-01
 1.21592E-01
 1.21592E-01
 1.21592E-01
 1.21592E-01
 1.21592E-01
 1.21592E-01
 1.21592E-01
 1.21592E-01
 1.21592E-01
 1.21592E-01
 1.21592E-01
 1.21592E-01
 1.21592E-01
 1.21592E-01
 1.21592E-01
 1.21592E-01
 1.21592E-01
 1.21592E-01
 1.21592E-01
 1.21592E-01
 1.21592E-01
 1.21592E-01
 1.21592E-01
 1.21592E-01
 1.21592E-01
 1.21592E-01
 1.21592E-01
 1.21592E-01
 1.21592E-01
 1.21592E-01
 1.21592E-01
 0.00000E+00
 0.00000E+00
 4.47822E-02
 1.11884E-01
 1.20303E-01
 1.21454E-01
 1.21580E-01
 1.21591E-01
 1.21592E-01
 1.21592E-01
 1.21592E-01
 1.21592E-01
 1.21592E-01
 1.21592E-01
 1.21592E-01
 1.21592E-01
 1.21592E-01
 1.21592E-01
 1.21592E-01
 1.21592E-01
 1.21592E-01
 1.21592E-01
 1.21592E-01
 1.21592E-01
 1.21592E-01
 1.21592E-01
 1.21592E-01
 1.21592E-01
 1.21592E-01
 1.21592E-01
 1.21592E-01
 1.21592E-01
 1.21592E-01
 1.21592E-01
 1.21592E-01
 1.21592E-01
 1.21592E-01
 1.21592E-01
 1.21591E-01
 1.21591E-01
 2.50768E-02
 7.82887E-02
 1.14114E-01
 1.20411E-01
 1.21446E-01
 1.21577E-01
 1.21591E-01
 1.21592E-01
 1.21592E-01
 1.21592E-01
 1.21592E-01
 1.21592E-01
 1.21592E-01
 1.21592E-01
 1.21592E-01
 1.21592E-01
 1.21592E-01
 1.21592E-01
 1.21592E-01
 1.21592E-01
 1.21592E-01
 1.21592E-01
 1.21592E-01
 1.21592E-01
 1.21592E-01
 1.21592E-01
 1.21592E-01
 1.21592E-01
 1.21592E-01
 1.21592E-01
 1.21592E-01
 1.21592E-01
 1.21592E-01
 1.21592E-01
 1.21592E-01
 1.21592E-01
 1.21591E-01
 1.21591E-01
 1.21591E-01
 1.21591E-01
 1.10888E-01
 1.17745E-01
 1.20783E-01
 1.21472E-01
 1.21578E-01
 1.21590E-01
 1.21592E-01
 1.21592E-01
 1.21592E-01
 1.21592E-01
 1.21592E-01
 1.21592E-01
 1.21592E-01
 1.21592E-01
 1.21592E-01
 1.21592E-01
 1.21592E-01
 1.21592E-01
 1.21592E-01
 1.21592E-01
 1.21592E-01
 1.21592E-01
 1.21592E-01
 1.21592E-01
 1.21592E-01
 1.21592E-01
 1.21592E-01
 1.21592E-01
 1.21592E-01
 1.21592E-01
 1.21592E-01
 1.21592E-01
 1.21592E-01
 1.21592E-01
 1.21591E-01
 1.21591E-01
 1.21591E-01
 1.21591E-01
 1.21591E-01
 1.21591E-01
 1.20284E-01
 1.21205E-01
 1.21517E-01
 1.21581E-01
 1.21591E-01
 1.21592E-01
 1.21592E-01
 1.21592E-01
 1.21592E-01
 1.21592E-01
 1.21592E-01
 1.21592E-01
 1.21592E-01
 1.21592E-01
 1.21592E-01
 1.21592E-01
 1.21592E-01
 1.21592E-01
 1.21592E-01
 1.21592E-01
 1.21592E-01
 1.21592E-01
 1.21592E-01
 1.21592E-01
 1.21592E-01
 1.21592E-01
 1.21592E-01
 1.21592E-01
 1.21592E-01
 1.21592E-01
 1.21592E-01
 1.21592E-01
 1.21591E-01
 1.21591E-01
 1.21591E-01
 1.21591E-01
 1.21591E-01
 1.21591E-01
 1.21591E-01
 1.21591E-01
 1.21466E-01
 1.21558E-01
 1.21586E-01
 1.21591E-01
 1.21592E-01
 1.21592E-01
 1.21592E-01
 1.21592E-01
 1.21592E-01
 1.21592E-01
 1.21592E-01
 1.21592E-01
 1.21592E-01
 1.21592E-01
 1.21592E-01
 1.21592E-01
 1.21592E-01
 1.21592E-01
 1.21592E-01
 1.21592E-01
 1.21592E-01
 1.21592E-01
 1.21592E-01
 1.21592E-01
 1.21592E-01
 1.21592E-01
 1.21592E-01
 1.21592E-01
 1.21592E-01
 1.21592E-01
 1.21592E-01
 1.21591E-01
 1.21591E-01
 1.21591E-01
 1.21591E-01
 1.21591E-01
 1.21591E-01
 1.21591E-01
 1.21591E-01
 1.21591E-01
 1.21582E-01
 1.21589E-01
 1.21591E-01
 1.21591E-01
 1.21592E-01
 1.21592E-01
 1.21592E-01
 1.21592E-01
 1.21592E-01
 1.21592E-01
 1.21592E-01
 1.21592E-01
 1.21592E-01
 1.21592E-01
 1.21592E-01
 1.21592E-01
 1.21592E-01
 1.21592E-01
 1.21592E-01
 1.21592E-01
 1.21592E-01
 1.21592E-01
 1.21592E-01
 1.21592E-01
 1.21592E-01
 1.21592E-01
 1.21592E-01
 1.21592E-01
 1.21592E-01
 1.21591E-01
 1.21591E-01
 1.21591E-01
 1.21591E-01
 1.21591E-01
 1.21591E-01
 1.21591E-01
 1.21591E-01
 1.21591E-01
 1.21591E-01
 1.21591E-01
 1.21591E-01
 1.21591E-01
 1.21591E-01
 1.21592E-01
 1.21592E-01
 1.21592E-01
 1.21592E-01
 1.21592E-01
 1.21592E-01
 1.21592E-01
 1.21592E-01
 1.21592E-01
 1.21592E-01
 1.21592E-01
 1.21592E-01
 1.21592E-01
 1.21592E-01
 1.21592E-01
 1.21592E-01
 1.21592E-01
 1.21592E-01
 1.21592E-01
 1.21592E-01
 1.21592E-01
 1.21592E-01
 1.21592E-01
 1.21592E-01
 1.21591E-01
 1.21591E-01
 1.21591E-01
 1.21591E-01
 1.21591E-01
 1.21591E-01
 1.21591E-01
 1.21591E-01
 1.21591E-01
 1.21591E-01
 1.21591E-01
 1.21591E-01
 1.21591E-01
 1.21591E-01
 1.21591E-01
 1.21591E-01
 1.21591E-01
 1.21592E-01
 1.21592E-01
 1.21592E-01
 1.21592E-01
 1.21592E-01
 1.21592E-01
 1.21592E-01
 1.21592E-01
 1.21592E-01
 1.21592E-01
 1.21592E-01
 1.21592E-01
 1.21592E-01
 1.21592E-01
 1.21592E-01
 1.21592E-01
 1.21592E-01
 1.21592E-01
 1.21592E-01
 1.21592E-01
 1.21592E-01
 1.21591E-01
 1.21591E-01
 1.21591E-01
 1.21591E-01
 1.21591E-01
 1.21591E-01
 1.21591E-01
 1.21591E-01
 1.21591E-01
 1.21591E-01
 1.21591E-01
 1.21591E-01
 1.21591E-01
 1.21591E-01
 1.21591E-01
 1.21591E-01
 1.21591E-01
 1.21591E-01
 1.21591E-01
 1.21591E-01
 1.21591E-01
 1.21592E-01
 1.21592E-01
 1.21592E-01
 1.21592E-01
 1.21592E-01
 1.21592E-01
 1.21592E-01
 1.21592E-01
 1.21592E-01
 1.21592E-01
 1.21592E-01
 1.21592E-01
 1.21592E-01
 1.21592E-01
 1.21592E-01
 1.21592E-01
 1.21591E-01
 1.21591E-01
 1.21591E-01
 1.21591E-01
 1.21591E-01
 1.21591E-01
 1.21591E-01
 1.21591E-01
 1.21591E-01
 1.21591E-01
 1.21591E-01
 1.21591E-01
 1.21591E-01
 1.21591E-01
 1.21591E-01
 1.21591E-01
 1.21591E-01
 1.21591E-01
 1.21591E-01
 1.21591E-01
 1.21591E-01
 1.21591E-01
 1.21591E-01
 1.21591E-01
 1.21591E-01
 1.21591E-01
 1.21591E-01
 1.21591E-01
 1.21592E-01
 1.21592E-01
 1.21592E-01
 1.21592E-01
 1.21592E-01
 1.21592E-01
 1.21592E-01
 1.21591E-01
 1.21591E-01
 1.21591E-01
 1.21591E-01
 1.21591E-01
 1.21591E-01
 1.21591E-01
 1.21591E-01
 1.21591E-01
 1.21591E-01
 1.21591E-01
 1.21591E-01
 1.21591E-01
 1.21591E-01
 1.21591E-01
 1.21591E-01
 1.21591E-01
 1.21591E-01
 1.21591E-01
 1.21591E-01
 1.21591E-01
 1.21591E-01
 1.21591E-01
 1.21591E-01
 1.21591E-01
 1.21591E-01
 1.21591E-01
 1.21591E-01
 1.21591E-01
 1.21591E-01
 1.21591E-01
 1.21591E-01
 1.21591E-01
 1.21591E-01
 1.21591E-01
 1.21591E-01
 1.21591E-01
 1.21591E-01
 1.21591E-01
 1.21591E-01
 1.21591E-01
 1.21591E-01
 1.21591E-01
 1.21591E-01
 1.21591E-01
 1.21591E-01
 1.21591E-01
 1.21591E-01
 1.21591E-01
 1.21591E-01
 1.21591E-01
 1.21591E-01
 1.21591E-01
 1.21591E-01
 1.21591E-01
 1.21591E-01
 1.21591E-01
 1.21591E-01
 1.21591E-01
 1.21591E-01
 1.21591E-01
 1.21591E-01
 1.21591E-01
 1.21591E-01
 1.21591E-01
 1.21591E-01
 1.21591E-01
 1.21591E-01
 1.21591E-01
 1.21591E-01
 1.21591E-01
 1.21591E-01
 1.21591E-01
 1.21591E-01
 1.21591E-01
 1.21591E-01
 1.21591E-01
 1.21591E-01
 1.21591E-01
 1.21591E-01
 1.21591E-01
 1.21591E-01
 1.21591E-01
 1.21591E-01
 1.21591E-01
 1.21591E-01
 1.21591E-01
 1.21591E-01
 1.21591E-01
 1.21591E-01
 1.21591E-01
 1.21591E-01
 1.21591E-01
 1.21591E-01
 1.21591E-01
 1.21591E-01
 1.21591E-01
 1.21591E-01
 1.21591E-01
 1.21591E-01
 1.21591E-01
 1.21591E-01
 1.21591E-01
 1.21591E-01
 1.21591E-01
 1.21591E-01
 1.21591E-01
 1.21591E-01
 1.21591E-01
 1.21591E-01
 1.21591E-01
 1.21591E-01
 1.21591E-01
 1.21591E-01
 1.21591E-01
 1.21591E-01
 1.21591E-01
 1.21591E-01
 1.21591E-01
 1.21591E-01
 1.21591E-01
 1.21591E-01
 1.21591E-01
 1.21591E-01
 1.21591E-01
 1.21591E-01
 1.21591E-01
 1.21591E-01
 1.21591E-01
 1.21591E-01
 1.21591E-01
 1.21591E-01
 1.21591E-01
 1.21591E-01
 1.21591E-01
 1.21591E-01
 1.21591E-01
 1.21591E-01
 1.21591E-01
 1.21591E-01
 1.21591E-01
 1.21591E-01
 1.21591E-01
 1.21591E-01
 1.21591E-01
 1.21591E-01
 1.21591E-01
 1.21591E-01
 1.21591E-01
 1.21591E-01
 1.21591E-01
 1.21591E-01
 1.21591E-01
 1.21591E-01
 1.21591E-01
 1.21591E-01
 1.21591E-01
 1.21591E-01
 1.21591E-01
 1.21591E-01
 1.21591E-01
 1.21591E-01
 1.21591E-01
 1.21591E-01
 1.21591E-01
 1.21591E-01
 1.21591E-01
 1.21591E-01
 1.21591E-01
 1.21591E-01
 1.21591E-01
 1.21591E-01
 1.21591E-01
 1.21591E-01
 1.21591E-01
 1.21591E-01
 1.21591E-01
 1.21591E-01
 1.21591E-01
 1.21591E-01
 1.21591E-01
 1.21591E-01
 1.21591E-01
 1.21591E-01
 1.21591E-01
 1.21591E-01
 1.21591E-01
 1.21591E-01
 1.21591E-01
 1.21591E-01
 1.21591E-01
 1.21591E-01
 1.21591E-01
 1.21591E-01
 1.21591E-01
 1.21591E-01
 1.21591E-01
 1.21591E-01
 1.21591E-01
 1.21591E-01
 1.21591E-01
 1.21591E-01
 1.21591E-01
 1.21591E-01
 1.21591E-01
 1.21591E-01
 1.21591E-01
 1.21591E-01
 1.21591E-01
 1.21591E-01
 1.21591E-01
 1.21591E-01
 1.21591E-01
 1.21591E-01
 1.21591E-01
 1.21591E-01
 1.21591E-01
 1.21591E-01
 1.21591E-01
 1.21591E-01
 1.21591E-01
 1.21591E-01
 1.21591E-01
 1.21591E-01
 1.21591E-01
 1.21591E-01
 1.21591E-01
 1.21591E-01
 1.21591E-01
 1.21591E-01
 1.21591E-01
 1.21591E-01
 1.21591E-01
 1.21591E-01
 1.21591E-01
 1.21591E-01
 1.21591E-01
 1.21591E-01
 1.21591E-01
 1.21591E-01
 1.21591E-01
 1.21591E-01
 1.21591E-01
 1.21591E-01
 1.21591E-01
 1.21591E-01
 1.21591E-01
 1.21591E-01
 1.21591E-01
 1.21591E-01
 1.21591E-01
 1.21591E-01
 1.21591E-01
 1.21591E-01
 1.21591E-01
 1.21591E-01
 1.21591E-01
 1.21591E-01
 1.21591E-01
 1.21591E-01
 1.21591E-01
 1.21591E-01
 1.21591E-01
 1.21591E-01
 1.21591E-01
 1.21591E-01
 1.21591E-01
 1.21591E-01
 1.21591E-01
 1.21591E-01
 1.21591E-01
 1.21591E-01
 1.21591E-01
 1.21591E-01
 1.21591E-01
 1.21591E-01
 1.21591E-01
 1.21591E-01
 1.21591E-01
 1.21591E-01
 1.21591E-01
 1.21591E-01
 1.21591E-01
 1.21591E-01
 1.21591E-01
 1.21591E-01
 1.21591E-01
 1.21591E-01
 1.21591E-01
 1.21591E-01
 1.21591E-01
 1.21591E-01
 1.21591E-01
 1.21591E-01
 1.21591E-01
 1.21591E-01
 1.21591E-01
 1.21591E-01
 1.21591E-01
 1.21591E-01
 1.21591E-01
 1.21591E-01
 1.21591E-01
 1.21591E-01
 1.21591E-01
 1.21591E-01
 1.21591E-01
 1.21591E-01
 1.21591E-01
 1.21591E-01
 1.21591E-01
 1.21591E-01
 1.21591E-01
 1.21591E-01
 1.21591E-01
 1.21591E-01
 1.21591E-01
 1.21591E-01
 1.21591E-01
 1.21591E-01
 1.21591E-01
 1.21591E-01
 1.21591E-01
 1.21591E-01
 1.21591E-01
 1.21591E-01
 1.21591E-01
 1.21591E-01
 1.21591E-01
 1.21591E-01
 1.21591E-01
 1.21591E-01
 1.21591E-01
 1.21591E-01
 1.21591E-01
 1.21591E-01
 1.21591E-01
 1.21591E-01
 1.21591E-01
 1.21591E-01
 1.21591E-01
 1.21591E-01
 1.21591E-01
 1.21591E-01
 1.21591E-01
 1.21591E-01
 1.21591E-01
 1.21591E-01
 1.21591E-01
 1.21591E-01
 1.21591E-01
 1.21591E-01
 1.21591E-01
 1.21591E-01
 1.21591E-01
 1.21591E-01
 1.21591E-01
 1.21591E-01
 1.21591E-01
 1.21591E-01
 1.21591E-01
 1.21591E-01
 1.21591E-01
 1.21591E-01
 1.21591E-01
 1.21591E-01
 1.21591E-01
 1.21591E-01
 1.21591E-01
 1.21591E-01
 1.21591E-01
 1.21591E-01
 1.21591E-01
 1.21591E-01
 1.21591E-01
 1.21591E-01
 1.21591E-01
 1.21591E-01
 1.21591E-01
 1.21591E-01
 1.21591E-01
 1.21591E-01
 1.21591E-01
 1.21591E-01
 1.21591E-01
 1.21591E-01
 1.21591E-01
 1.21591E-01
 1.21591E-01
 1.21591E-01
 1.21591E-01
 1.21591E-01
 1.21591E-01
 1.21591E-01
 1.21591E-01
 1.21591E-01
 1.21591E-01
 1.21591E-01
 1.21591E-01
 1.21591E-01
 1.21591E-01
 1.21591E-01
 1.21591E-01
 1.21591E-01
 1.21591E-01
 1.21591E-01
 1.21591E-01
 1.21591E-01
 1.21591E-01
 1.21591E-01
 1.21591E-01
 1.21591E-01
 1.21591E-01
 1.21591E-01
 1.21591E-01
 1.21591E-01
 1.21591E-01
 1.21591E-01
 1.21591E-01
 1.21591E-01
 1.21591E-01
 1.21591E-01
 1.21591E-01
 1.21590E-01
 1.21590E-01
 1.21590E-01
 1.21590E-01
 1.21590E-01
 1.21591E-01
 1.21591E-01
 1.21591E-01
 1.21591E-01
 1.21591E-01
 1.21591E-01
 1.21591E-01
 1.21591E-01
 1.21591E-01
 1.21591E-01
 1.21591E-01
 1.21591E-01
 1.21591E-01
 1.21591E-01
 1.21591E-01
 1.21591E-01
 1.21591E-01
 1.21591E-01
 1.21591E-01
 1.21591E-01
 1.21591E-01
 1.21591E-01
 1.21591E-01
 1.21591E-01
 1.21591E-01
 1.21591E-01
 1.21591E-01
 1.21591E-01
 1.21591E-01
 1.21591E-01
 1.21591E-01
 1.21591E-01
 1.21591E-01
 1.21591E-01
 1.21591E-01
 1.21590E-01
 1.21590E-01
 1.21590E-01
 1.21590E-01
 1.21590E-01
 1.21590E-01
 1.21590E-01
 1.21591E-01
 1.21591E-01
 1.21591E-01
 1.21591E-01
 1.21591E-01
 1.21591E-01
 1.21591E-01
 1.21591E-01
 1.21591E-01
 1.21591E-01
 1.21591E-01
 1.21591E-01
 1.21591E-01
 1.21591E-01
 1.21591E-01
 1.21591E-01
 1.21591E-01
 1.21591E-01
 1.21591E-01
 1.21591E-01
 1.21591E-01
 1.21591E-01
 1.21591E-01
 1.21591E-01
 1.21591E-01
 1.21591E-01
 1.21591E-01
 1.21591E-01
 1.21591E-01
 1.21591E-01
 1.21591E-01
 1.21591E-01
 1.21591E-01
 1.21590E-01
 1.21590E-01
 1.21590E-01
 1.21590E-01
 1.21590E-01
 1.21590E-01
 1.21590E-01
 1.21590E-01
 1.21590E-01
 1.21591E-01
 1.21591E-01
 1.21591E-01
 1.21591E-01
 1.21591E-01
 1.21591E-01
 1.21591E-01
 1.21591E-01
 1.21591E-01
 1.21591E-01
 1.21591E-01
 1.21591E-01
 1.21591E-01
 1.21591E-01
 1.21591E-01
 1.21591E-01
 1.21591E-01
 1.21591E-01
 1.21591E-01
 1.21591E-01
 1.21591E-01
 1.21591E-01
 1.21591E-01
 1.21591E-01
 1.21591E-01
 1.21591E-01
 1.21591E-01
 1.21591E-01
 1.21591E-01
 1.21591E-01
 1.21591E-01
 1.21590E-01
 1.21590E-01
 1.21590E-01
 1.21590E-01
 1.21590E-01
 1.21590E-01
 1.21590E-01
 1.21590E-01
 1.21590E-01
 1.21590E-01
 1.21591E-01
 1.21591E-01
 1.21591E-01
 1.21591E-01
 1.21591E-01
 1.21591E-01
 1.21591E-01
 1.21591E-01
 1.21591E-01
 1.21591E-01
 1.21591E-01
 1.21591E-01
 1.21591E-01
 1.21591E-01
 1.21591E-01
 1.21591E-01
 1.21591E-01
 1.21591E-01
 1.21591E-01
 1.21591E-01
 1.21591E-01
 1.21591E-01
 1.21591E-01
 1.21591E-01
 1.21591E-01
 1.21591E-01
 1.21591E-01
 1.21591E-01
 1.21591E-01
 1.21591E-01
 1.21590E-01
 1.21590E-01
 1.21590E-01
 1.21590E-01
 1.21590E-01
 1.21590E-01
 1.21590E-01
 1.21590E-01
 1.21590E-01
 1.21590E-01
 1.21590E-01
 1.21590E-01
 1.21591E-01
 1.21591E-01
 1.21591E-01
 1.21591E-01
 1.21591E-01
 1.21591E-01
 1.21591E-01
 1.21591E-01
 1.21591E-01
 1.21591E-01
 1.21591E-01
 1.21591E-01
 1.21591E-01
 1.21591E-01
 1.21591E-01
 1.21591E-01
 1.21591E-01
 1.21591E-01
 1.21591E-01
 1.21591E-01
 1.21591E-01
 1.21591E-01
 1.21591E-01
 1.21591E-01
 1.21591E-01
 1.21591E-01
 1.21591E-01
 1.21591E-01
 1.21590E-01
 1.21590E-01
 1.21590E-01
 1.21590E-01
 1.21590E-01
 1.21590E-01
 1.21590E-01
 1.21590E-01
 1.21590E-01
 1.21590E-01
 1.21590E-01
 1.21590E-01
 1.21590E-01
 1.21591E-01
 1.21591E-01
 1.21591E-01
 1.21591E-01
 1.21591E-01
 1.21591E-01
 1.21591E-01
 1.21591E-01
 1.21591E-01
 1.21591E-01
 1.21591E-01
 1.21591E-01
 1.21591E-01
 1.21591E-01
 1.21591E-01
 1.21591E-01
 1.21591E-01
 1.21591E-01
 1.21591E-01
 1.21591E-01
 1.21591E-01
 1.21591E-01
 1.21591E-01
 1.21591E-01
 1.21591E-01
 1.21591E-01
 1.21591E-01
 1.21589E-01
 1.21589E-01
 1.21589E-01
 1.21590E-01
 1.21590E-01
 1.21590E-01
 1.21590E-01
 1.21590E-01
 1.21590E-01
 1.21590E-01
 1.21590E-01
 1.21590E-01
 1.21590E-01
 1.21590E-01
 1.21591E-01
 1.21591E-01
 1.21591E-01
 1.21591E-01
 1.21591E-01
 1.21591E-01
 1.21591E-01
 1.21591E-01
 1.21591E-01
 1.21591E-01
 1.21591E-01
 1.21591E-01
 1.21591E-01
 1.21591E-01
 1.21591E-01
 1.21591E-01
 1.21591E-01
 1.21591E-01
 1.21591E-01
 1.21591E-01
 1.21591E-01
 1.21591E-01
 1.21591E-01
 1.21591E-01
 1.21591E-01
 1.21591E-01
 1.21589E-01
 1.21589E-01
 1.21589E-01
 1.21589E-01
 1.21589E-01
 1.21590E-01
 1.21590E-01
 1.21590E-01
 1.21590E-01
 1.21590E-01
 1.21590E-01
 1.21590E-01
 1.21590E-01
 1.21590E-01
 1.21591E-01
 1.21591E-01
 1.21591E-01
 1.21591E-01
 1.21591E-01
 1.21591E-01
 1.21591E-01
 1.21591E-01
 1.21591E-01
 1.21591E-01
 1.21591E-01
 1.21591E-01
 1.21591E-01
 1.21591E-01
 1.21591E-01
 1.21591E-01
 1.21591E-01
 1.21591E-01
 1.21591E-01
 1.21591E-01
 1.21591E-01
 1.21591E-01
 1.21591E-01
 1.21591E-01
 1.21591E-01
 1.21591E-01
 1.21589E-01
 1.21589E-01
 1.21589E-01
 1.21589E-01
 1.21589E-01
 1.21589E-01
 1.21590E-01
 1.21590E-01
 1.21590E-01
 1.21590E-01
 1.21590E-01
 1.21590E-01
 1.21590E-01
 1.21590E-01
 1.21590E-01
 1.21591E-01
 1.21591E-01
 1.21591E-01
 1.21591E-01
 1.21591E-01
 1.21591E-01
 1.21591E-01
 1.21591E-01
 1.21591E-01
 1.21591E-01
 1.21591E-01
 1.21591E-01
 1.21591E-01
 1.21591E-01
 1.21591E-01
 1.21591E-01
 1.21591E-01
 1.21591E-01
 1.21591E-01
 1.21591E-01
 1.21591E-01
 1.21591E-01
 1.21591E-01
 1.21591E-01
 1.21591E-01
 1.21588E-01
 1.21588E-01
 1.21588E-01
 1.21589E-01
 1.21589E-01
 1.21589E-01
 1.21589E-01
 1.21590E-01
 1.21590E-01
 1.21590E-01
 1.21590E-01
 1.21590E-01
 1.21590E-01
 1.21590E-01
 1.21590E-01
 1.21591E-01
 1.21591E-01
 1.21591E-01
 1.21591E-01
 1.21591E-01
 1.21591E-01
 1.21591E-01
 1.21591E-01
 1.21591E-01
 1.21591E-01
 1.21591E-01
 1.21591E-01
 1.21591E-01
 1.21591E-01
 1.21591E-01
 1.21591E-01
 1.21591E-01
 1.21591E-01
 1.21591E-01
 1.21591E-01
 1.21591E-01
 1.21591E-01
 1.21591E-01
 1.21591E-01
 1.21591E-01
 1.21588E-01
 1.21588E-01
 1.21588E-01
 1.21588E-01
 1.21589E-01
 1.21589E-01
 1.21589E-01
 1.21589E-01
 1.21590E-01
 1.21590E-01
 1.21590E-01
 1.21590E-01
 1.21590E-01
 1.21590E-01
 1.21590E-01
 1.21590E-01
 1.21591E-01
 1.21591E-01
 1.21591E-01
 1.21591E-01
 1.21591E-01
 1.21591E-01
 1.21591E-01
 1.21591E-01
 1.21591E-01
 1.21591E-01
 1.21591E-01
 1.21591E-01
 1.21591E-01
 1.21591E-01
 1.21591E-01
 1.21591E-01
 1.21591E-01
 1.21591E-01
 1.21591E-01
 1.21591E-01
 1.21591E-01
 1.21591E-01
 1.21591E-01
 1.21591E-01
 1.21587E-01
 1.21587E-01
 1.21587E-01
 1.21588E-01
 1.21588E-01
 1.21589E-01
 1.21589E-01
 1.21589E-01
 1.21589E-01
 1.21590E-01
 1.21590E-01
 1.21590E-01
 1.21590E-01
 1.21590E-01
 1.21590E-01
 1.21590E-01
 1.21591E-01
 1.21591E-01
 1.21591E-01
 1.21591E-01
 1.21591E-01
 1.21591E-01
 1.21591E-01
 1.21591E-01
 1.21591E-01
 1.21591E-01
 1.21591E-01
 1.21591E-01
 1.21591E-01
 1.21591E-01
 1.21591E-01
 1.21591E-01
 1.21591E-01
 1.21591E-01
 1.21591E-01
 1.21591E-01
 1.21591E-01
 1.21591E-01
 1.21591E-01
 1.21591E-01
 1.21585E-01
 1.21586E-01
 1.21586E-01
 1.21587E-01
 1.21588E-01
 1.21588E-01
 1.21589E-01
 1.21589E-01
 1.21589E-01
 1.21590E-01
 1.21590E-01
 1.21590E-01
 1.21590E-01
 1.21590E-01
 1.21590E-01
 1.21590E-01
 1.21591E-01
 1.21591E-01
 1.21591E-01
 1.21591E-01
 1.21591E-01
 1.21591E-01
 1.21591E-01
 1.21591E-01
 1.21591E-01
 1.21591E-01
 1.21591E-01
 1.21591E-01
 1.21591E-01
 1.21591E-01
 1.21591E-01
 1.21591E-01
 1.21591E-01
 1.21591E-01
 1.21591E-01
 1.21591E-01
 1.21591E-01
 1.21591E-01
 1.21591E-01
 1.21591E-01
 1.21583E-01
 1.21584E-01
 1.21585E-01
 1.21586E-01
 1.21587E-01
 1.21588E-01
 1.21589E-01
 1.21589E-01
 1.21589E-01
 1.21590E-01
 1.21590E-01
 1.21590E-01
 1.21590E-01
 1.21590E-01
 1.21590E-01
 1.21590E-01
 1.21590E-01
 1.21591E-01
 1.21591E-01
 1.21591E-01
 1.21591E-01
 1.21591E-01
 1.21591E-01
 1.21591E-01
 1.21591E-01
 1.21591E-01
 1.21591E-01
 1.21591E-01
 1.21591E-01
 1.21591E-01
 1.21591E-01
 1.21591E-01
 1.21591E-01
 1.21591E-01
 1.21591E-01
 1.21591E-01
 1.21591E-01
 1.21591E-01
 1.21591E-01
 1.21591E-01
 1.21578E-01
 1.21581E-01
 1.21584E-01
 1.21586E-01
 1.21587E-01
 1.21588E-01
 1.21589E-01
 1.21589E-01
 1.21589E-01
 1.21590E-01
 1.21590E-01
 1.21590E-01
 1.21590E-01
 1.21590E-01
 1.21590E-01
 1.21590E-01
 1.21590E-01
 1.21591E-01
 1.21591E-01
 1.21591E-01
 1.21591E-01
 1.21591E-01
 1.21591E-01
 1.21591E-01
 1.21591E-01
 1.21591E-01
 1.21591E-01
 1.21591E-01
 1.21591E-01
 1.21591E-01
 1.21591E-01
 1.21591E-01
 1.21591E-01
 1.21591E-01
 1.21591E-01
 1.21591E-01
 1.21591E-01
 1.21591E-01
 1.21591E-01
 1.21591E-01
 1.21570E-01
 1.21579E-01
 1.21583E-01
 1.21586E-01
 1.21587E-01
 1.21588E-01
 1.21588E-01
 1.21589E-01
 1.21589E-01
 1.21590E-01
 1.21590E-01
 1.21590E-01
 1.21590E-01
 1.21590E-01
 1.21590E-01
 1.21590E-01
 1.21590E-01
 1.21591E-01
 1.21591E-01
 1.21591E-01
 1.21591E-01
 1.21591E-01
 1.21591E-01
 1.21591E-01
 1.21591E-01
 1.21591E-01
 1.21591E-01
 1.21591E-01
 1.21591E-01
 1.21591E-01
 1.21591E-01
 1.21591E-01
 1.21591E-01
 1.21591E-01
 1.21591E-01
 1.21591E-01
 1.21591E-01
 1.21591E-01
 1.21591E-01
 1.21591E-01
