 2.01202E+06
 5.00000E-01
 5.00000E-01
 2.01255E+06
 5.02920E-01
 4.97080E-01
 2.01266E+06
 5.05806E-01
 4.94194E-01
 2.01273E+06
 5.08716E-01
 4.91284E-01
 2.01277E+06
 5.11653E-01
 4.88347E-01
 2.01280E+06
 5.14619E-01
 4.85381E-01
 2.01281E+06
 5.17617E-01
 4.82383E-01
 2.01282E+06
 5.20646E-01
 4.79354E-01
 2.01283E+06
 5.23710E-01
 4.76290E-01
 2.01283E+06
 5.26807E-01
 4.73193E-01
 2.01284E+06
 5.29941E-01
 4.70059E-01
 2.01284E+06
 5.33111E-01
 4.66889E-01
 2.01284E+06
 5.36319E-01
 4.63681E-01
 2.01284E+06
 5.39565E-01
 4.60435E-01
 2.01284E+06
 5.42851E-01
 4.57149E-01
 2.01284E+06
 5.46177E-01
 4.53823E-01
 2.01284E+06
 5.49545E-01
 4.50455E-01
 2.01284E+06
 5.52956E-01
 4.47044E-01
 2.01284E+06
 5.56410E-01
 4.43590E-01
 2.01284E+06
 5.59909E-01
 4.40091E-01
 2.01284E+06
 5.63454E-01
 4.36546E-01
 2.01284E+06
 5.67047E-01
 4.32953E-01
 2.01284E+06
 5.70688E-01
 4.29312E-01
 2.01284E+06
 5.74377E-01
 4.25623E-01
 2.01284E+06
 5.78108E-01
 4.21892E-01
 2.01284E+06
 5.81881E-01
 4.18119E-01
 2.01284E+06
 5.85699E-01
 4.14301E-01
 2.01284E+06
 5.89564E-01
 4.10436E-01
 2.01284E+06
 5.93487E-01
 4.06513E-01
 2.01283E+06
 5.97469E-01
 4.02531E-01
 2.01284E+06
 6.01440E-01
 3.98560E-01
 2.01284E+06
 6.05392E-01
 3.94608E-01
 2.01284E+06
 6.09436E-01
 3.90564E-01
 2.01283E+06
 6.13578E-01
 3.86422E-01
 2.01283E+06
 6.17778E-01
 3.82222E-01
 2.01283E+06
 6.22038E-01
 3.77962E-01
 2.01283E+06
 6.26361E-01
 3.73639E-01
 2.01283E+06
 6.30748E-01
 3.69252E-01
 2.01283E+06
 6.35201E-01
 3.64799E-01
 2.01283E+06
 6.39724E-01
 3.60276E-01
 2.01283E+06
 6.44318E-01
 3.55682E-01
 2.01283E+06
 6.48986E-01
 3.51014E-01
 2.01283E+06
 6.53731E-01
 3.46269E-01
 2.01283E+06
 6.58554E-01
 3.41446E-01
 2.01283E+06
 6.63458E-01
 3.36542E-01
 2.01283E+06
 6.68447E-01
 3.31553E-01
 2.01283E+06
 6.73522E-01
 3.26478E-01
 2.01283E+06
 6.78687E-01
 3.21313E-01
 2.01283E+06
 6.83945E-01
 3.16055E-01
 2.01283E+06
 6.89298E-01
 3.10702E-01
 2.01283E+06
 6.94751E-01
 3.05249E-01
 2.01283E+06
 7.00305E-01
 2.99695E-01
 2.01283E+06
 7.05966E-01
 2.94034E-01
 2.01283E+06
 7.11736E-01
 2.88264E-01
 2.01283E+06
 7.17619E-01
 2.82381E-01
 2.01283E+06
 7.23619E-01
 2.76381E-01
 2.01283E+06
 7.29739E-01
 2.70261E-01
 2.01283E+06
 7.35985E-01
 2.64015E-01
 2.01283E+06
 7.42361E-01
 2.57639E-01
 2.01283E+06
 7.48871E-01
 2.51129E-01
 2.01283E+06
 7.55520E-01
 2.44480E-01
 2.01283E+06
 7.62312E-01
 2.37688E-01
 2.01283E+06
 7.69254E-01
 2.30746E-01
 2.01283E+06
 7.76351E-01
 2.23649E-01
 2.01283E+06
 7.83608E-01
 2.16392E-01
 2.01283E+06
 7.91031E-01
 2.08969E-01
 2.01283E+06
 7.98628E-01
 2.01372E-01
 2.01283E+06
 8.06403E-01
 1.93597E-01
 2.01283E+06
 8.14365E-01
 1.85635E-01
 2.01283E+06
 8.22520E-01
 1.77480E-01
 2.01283E+06
 8.30876E-01
 1.69124E-01
 2.01283E+06
 8.39441E-01
 1.60559E-01
 2.01283E+06
 8.48223E-01
 1.51777E-01
 2.01283E+06
 8.57231E-01
 1.42769E-01
 2.01283E+06
 8.66474E-01
 1.33526E-01
 2.01283E+06
 8.75962E-01
 1.24038E-01
 2.01283E+06
 8.85706E-01
 1.14294E-01
 2.01283E+06
 8.95715E-01
 1.04285E-01
 2.01283E+06
 9.06001E-01
 9.39991E-02
 2.01283E+06
 9.16576E-01
 8.34243E-02
 2.01282E+06
 9.27451E-01
 7.25491E-02
 2.01282E+06
 9.38639E-01
 6.13607E-02
 2.01282E+06
 9.50154E-01
 4.98460E-02
 2.01282E+06
 9.62008E-01
 3.79918E-02
 2.01281E+06
 9.72879E-01
 2.71213E-02
 2.01281E+06
 9.80656E-01
 1.93442E-02
 2.01281E+06
 9.86225E-01
 1.37752E-02
 2.01281E+06
 9.90192E-01
 9.80833E-03
 2.01281E+06
 9.93024E-01
 6.97618E-03
 2.01282E+06
 9.95039E-01
 4.96089E-03
 2.01282E+06
 9.96474E-01
 3.52573E-03
 2.01282E+06
 9.97494E-01
 2.50638E-03
 2.01282E+06
 9.98219E-01
 1.78089E-03
 2.01282E+06
 9.98734E-01
 1.26579E-03
 2.01282E+06
 9.99101E-01
 8.99292E-04
 2.01282E+06
 9.99361E-01
 6.39121E-04
 2.01282E+06
 9.99546E-01
 4.54044E-04
 2.01282E+06
 9.99677E-01
 3.22669E-04
 2.01282E+06
 9.99771E-01
 2.29224E-04
 2.01282E+06
 9.99837E-01
 1.62894E-04
 2.01282E+06
 9.99884E-01
 1.15718E-04
 2.01282E+06
 9.99918E-01
 8.22314E-05
 2.01282E+06
 9.99942E-01
 5.84157E-05
 2.01282E+06
 9.99958E-01
 4.15107E-05
 2.01282E+06
 9.99971E-01
 2.94883E-05
 2.01282E+06
 9.99979E-01
 2.09544E-05
 2.01282E+06
 9.99985E-01
 1.48855E-05
 2.01282E+06
 9.99989E-01
 1.05775E-05
 2.01282E+06
 9.99992E-01
 7.51403E-06
 2.01282E+06
 9.99995E-01
 5.33934E-06
 2.01282E+06
 9.99996E-01
 3.79295E-06
 2.01282E+06
 9.99997E-01
 2.69518E-06
 2.01282E+06
 9.99998E-01
 1.91459E-06
 2.01282E+06
 9.99999E-01
 1.36045E-06
 2.01282E+06
 9.99999E-01
 9.66432E-07
 2.01282E+06
 9.99999E-01
 6.86711E-07
 2.01282E+06
 1.00000E+00
 4.87824E-07
 2.01282E+06
 1.00000E+00
 3.46626E-07
 2.01282E+06
 1.00000E+00
 2.46235E-07
 2.01282E+06
 1.00000E+00
 1.74963E-07
 2.01282E+06
 1.00000E+00
 1.24289E-07
 2.01282E+06
 1.00000E+00
 8.83130E-08
 2.01282E+06
 1.00000E+00
 6.27355E-08
 2.01282E+06
 1.00000E+00
 4.45760E-08
 2.01282E+06
 1.00000E+00
 3.16657E-08
 2.01282E+06
 1.00000E+00
 2.24995E-08
 2.01282E+06
 1.00000E+00
 1.59831E-08
 2.01282E+06
 1.00000E+00
 1.13565E-08
 2.01282E+06
 1.00000E+00
 8.06735E-09
 2.01282E+06
 1.00000E+00
 5.73203E-09
 2.01282E+06
 1.00000E+00
 4.07190E-09
 2.01282E+06
 1.00000E+00
 2.89315E-09
 2.01282E+06
 1.00000E+00
 2.05522E-09
 2.01282E+06
 1.00000E+00
 1.46026E-09
 2.01282E+06
 1.00000E+00
 1.03733E-09
 2.01282E+06
 1.00000E+00
 7.37031E-10
 2.01282E+06
 1.00000E+00
 5.23569E-10
 2.01282E+06
 1.00000E+00
 3.71996E-10
 2.01282E+06
 1.00000E+00
 2.64258E-10
 2.01282E+06
 1.00000E+00
 1.87754E-10
 2.01282E+06
 1.00000E+00
 1.33376E-10
 2.01282E+06
 1.00000E+00
 9.47624E-11
 2.01282E+06
 1.00000E+00
 6.73170E-11
 2.01282E+06
 1.00000E+00
 4.78278E-11
 2.01282E+06
 1.00000E+00
 3.39758E-11
 2.01282E+06
 1.00000E+00
 2.41391E-11
 2.01282E+06
 1.00000E+00
 1.71479E-11
 2.01282E+06
 1.00000E+00
 1.21832E-11
 2.01282E+06
 1.00000E+00
 8.65465E-12
 2.01282E+06
 1.00000E+00
 6.14883E-12
 2.01282E+06
 1.00000E+00
 4.36799E-12
 2.01282E+06
 1.00000E+00
 3.10332E-12
 2.01282E+06
 1.00000E+00
 2.20454E-12
 2.01282E+06
 1.00000E+00
 1.56626E-12
 2.01282E+06
 1.00000E+00
 1.11263E-12
 2.01282E+06
 1.00000E+00
 7.90479E-13
 2.01282E+06
 1.00000E+00
 5.61523E-13
 2.01282E+06
 1.00000E+00
 3.98832E-13
 2.01282E+06
 1.00000E+00
 2.83325E-13
 2.01282E+06
 1.00000E+00
 2.01272E-13
 2.01282E+06
 1.00000E+00
 1.43004E-13
 2.01282E+06
 1.00000E+00
 1.01591E-13
 2.01282E+06
 1.00000E+00
 7.21997E-14
 2.01282E+06
 1.00000E+00
 5.12360E-14
 2.01282E+06
 1.00000E+00
 3.64439E-14
 2.01282E+06
 1.00000E+00
 2.58977E-14
 2.01282E+06
 1.00000E+00
 1.83730E-14
 2.01282E+06
 1.00000E+00
 1.30998E-14
 2.01282E+06
 1.00000E+00
 9.24102E-15
 2.01282E+06
 1.00000E+00
 6.54014E-15
 2.01282E+06
 1.00000E+00
 4.61073E-15
 2.01282E+06
 1.00000E+00
 3.32457E-15
 2.01282E+06
 1.00000E+00
 2.35987E-15
 2.01282E+06
 1.00000E+00
 1.71678E-15
 2.01282E+06
 1.00000E+00
 1.20227E-15
 2.01282E+06
 1.00000E+00
 8.16433E-16
 2.01282E+06
 1.00000E+00
 5.59179E-16
 2.01282E+06
 1.00000E+00
 4.30553E-16
 2.01282E+06
 1.00000E+00
 3.01926E-16
 2.01282E+06
 1.00000E+00
 1.73320E-16
 2.01282E+06
 1.00000E+00
 1.09006E-16
 2.01282E+06
 1.00000E+00
 4.47054E-17
 2.01282E+06
 1.00000E+00
 4.47054E-17
 2.01282E+06
 1.00000E+00
 4.47024E-17
 2.01282E+06
 1.00000E+00
 4.47024E-17
 2.01282E+06
 1.00000E+00
 4.46996E-17
 2.01282E+06
 1.00000E+00
 4.46996E-17
 2.01282E+06
 1.00000E+00
 4.46970E-17
 2.01282E+06
 1.00000E+00
 4.46970E-17
 2.01282E+06
 1.00000E+00
 4.46946E-17
 2.01282E+06
 1.00000E+00
 4.46946E-17
 2.01282E+06
 1.00000E+00
 4.46924E-17
 2.01282E+06
 1.00000E+00
 4.46924E-17
 2.01282E+06
 1.00000E+00
 4.46904E-17
 2.01282E+06
 1.00000E+00
 4.46904E-17
 2.01282E+06
 1.00000E+00
 4.46885E-17
 2.01282E+06
 1.00000E+00
 4.46885E-17
 2.01282E+06
 1.00000E+00
 4.46867E-17
 2.01282E+06
 1.00000E+00
 4.46867E-17
 2.01282E+06
 1.00000E+00
 4.46851E-17
 2.01282E+06
 1.00000E+00
 4.46851E-17
 2.01282E+06
 1.00000E+00
 4.46837E-17
 2.01282E+06
 1.00000E+00
 4.46837E-17
 2.01282E+06
 1.00000E+00
 4.46824E-17
 2.01282E+06
 1.00000E+00
 4.46824E-17
 2.01282E+06
 1.00000E+00
 4.46812E-17
 2.01282E+06
 1.00000E+00
 4.46812E-17
 2.01282E+06
 1.00000E+00
 4.46801E-17
 2.01282E+06
 1.00000E+00
 4.46801E-17
 2.01282E+06
 1.00000E+00
 4.46792E-17
 2.01282E+06
 1.00000E+00
 4.46792E-17
 2.01282E+06
 1.00000E+00
 4.46783E-17
 2.01282E+06
 1.00000E+00
 4.46783E-17
 2.01282E+06
 1.00000E+00
 4.46776E-17
 2.01282E+06
 1.00000E+00
 4.46776E-17
 2.01282E+06
 1.00000E+00
 4.46769E-17
 2.01282E+06
 1.00000E+00
 4.46769E-17
 2.01281E+06
 1.00000E+00
 4.46764E-17
 2.01281E+06
 1.00000E+00
 4.46764E-17
 2.01281E+06
 1.00000E+00
 4.46759E-17
 2.01281E+06
 1.00000E+00
 4.46759E-17
 2.01281E+06
 1.00000E+00
 4.46755E-17
 2.01281E+06
 1.00000E+00
 4.46755E-17
 2.01281E+06
 1.00000E+00
 4.46752E-17
 2.01281E+06
 1.00000E+00
 4.46752E-17
 2.01281E+06
 1.00000E+00
 4.46749E-17
 2.01281E+06
 1.00000E+00
 4.46749E-17
 2.01281E+06
 1.00000E+00
 4.46747E-17
 2.01281E+06
 1.00000E+00
 4.46747E-17
 2.01281E+06
 1.00000E+00
 4.46746E-17
 2.01281E+06
 1.00000E+00
 4.46746E-17
 2.01281E+06
 1.00000E+00
 4.46745E-17
 2.01281E+06
 1.00000E+00
 4.46745E-17
 2.01281E+06
 1.00000E+00
 4.46744E-17
 2.01281E+06
 1.00000E+00
 4.46744E-17
 2.01281E+06
 1.00000E+00
 4.46743E-17
 2.01281E+06
 1.00000E+00
 4.46743E-17
 2.01281E+06
 1.00000E+00
 4.46743E-17
 2.01281E+06
 1.00000E+00
 4.46743E-17
 2.01281E+06
 1.00000E+00
 4.46743E-17
 2.01281E+06
 1.00000E+00
 4.46743E-17
 2.01281E+06
 1.00000E+00
 4.46743E-17
 2.01281E+06
 1.00000E+00
 4.46745E-17
 2.01280E+06
 1.00000E+00
 4.46747E-17
 2.01280E+06
 1.00000E+00
 4.46747E-17
 2.01280E+06
 1.00000E+00
 4.46747E-17
 2.01280E+06
 1.00000E+00
 4.46747E-17
 2.01280E+06
 1.00000E+00
 4.46747E-17
 2.01280E+06
 1.00000E+00
 4.46747E-17
 2.01280E+06
 1.00000E+00
 4.46746E-17
 2.01280E+06
 1.00000E+00
 4.46746E-17
 2.01280E+06
 1.00000E+00
 4.46746E-17
 2.01280E+06
 1.00000E+00
 4.46745E-17
 2.01280E+06
 1.00000E+00
 4.46745E-17
 2.01281E+06
 1.00000E+00
 4.46745E-17
 2.01281E+06
 1.00000E+00
 4.46745E-17
 2.01281E+06
 1.00000E+00
 4.46744E-17
 2.01281E+06
 1.00000E+00
 4.46744E-17
 2.01281E+06
 1.00000E+00
 4.46744E-17
 2.01281E+06
 1.00000E+00
 4.46744E-17
 2.01281E+06
 1.00000E+00
 4.46744E-17
 2.01281E+06
 1.00000E+00
 4.46744E-17
 2.01281E+06
 1.00000E+00
 4.46744E-17
 2.01281E+06
 1.00000E+00
 4.46744E-17
 2.01281E+06
 1.00000E+00
 4.46744E-17
 2.01281E+06
 1.00000E+00
 4.46744E-17
 2.01281E+06
 1.00000E+00
 4.46744E-17
 2.01281E+06
 1.00000E+00
 4.46744E-17
 2.01281E+06
 1.00000E+00
 4.46744E-17
 2.01281E+06
 1.00000E+00
 4.46744E-17
 2.01281E+06
 1.00000E+00
 4.46744E-17
 2.01281E+06
 1.00000E+00
 4.46744E-17
 2.01281E+06
 1.00000E+00
 4.46744E-17
 2.01281E+06
 1.00000E+00
 4.46744E-17
 2.01281E+06
 1.00000E+00
 4.46744E-17
 2.01281E+06
 1.00000E+00
 4.46744E-17
 2.01281E+06
 1.00000E+00
 4.46744E-17
 2.01281E+06
 1.00000E+00
 4.46744E-17
 2.01281E+06
 1.00000E+00
 4.46744E-17
 2.01281E+06
 1.00000E+00
 4.46744E-17
 2.01281E+06
 1.00000E+00
 4.46744E-17
 2.01281E+06
 1.00000E+00
 4.46744E-17
 2.01281E+06
 1.00000E+00
 4.46744E-17
 2.01281E+06
 1.00000E+00
 4.46744E-17
 2.01281E+06
 1.00000E+00
 4.46744E-17
 2.01281E+06
 1.00000E+00
 4.46744E-17
 2.01281E+06
 1.00000E+00
 4.46744E-17
 2.01281E+06
 1.00000E+00
 4.46744E-17
 2.01281E+06
 1.00000E+00
 4.46744E-17
 2.01281E+06
 1.00000E+00
 4.46744E-17
 2.01281E+06
 1.00000E+00
 4.46744E-17
 2.01281E+06
 1.00000E+00
 4.46744E-17
 2.01281E+06
 1.00000E+00
 4.46744E-17
 2.01281E+06
 1.00000E+00
 4.46744E-17
 2.01281E+06
 1.00000E+00
 4.46744E-17
 2.01281E+06
 1.00000E+00
 4.46744E-17
 2.01281E+06
 1.00000E+00
 4.46744E-17
 2.01281E+06
 1.00000E+00
 4.46744E-17
 2.01281E+06
 1.00000E+00
 4.46744E-17
 2.01281E+06
 1.00000E+00
 4.46744E-17
 2.01281E+06
 1.00000E+00
 4.46744E-17
 2.01281E+06
 1.00000E+00
 4.46744E-17
 2.01281E+06
 1.00000E+00
 4.46744E-17
 2.01281E+06
 1.00000E+00
 4.46744E-17
 2.01281E+06
 1.00000E+00
 4.46744E-17
 2.01281E+06
 1.00000E+00
 4.46744E-17
 2.01281E+06
 1.00000E+00
 4.46744E-17
 2.01281E+06
 1.00000E+00
 4.46744E-17
 2.01281E+06
 1.00000E+00
 4.46744E-17
 2.01281E+06
 1.00000E+00
 4.46744E-17
 2.01281E+06
 1.00000E+00
 4.46744E-17
 2.01281E+06
 1.00000E+00
 4.46744E-17
 2.01281E+06
 1.00000E+00
 4.46744E-17
 2.01281E+06
 1.00000E+00
 4.46744E-17
 2.01281E+06
 1.00000E+00
 4.46744E-17
 2.01281E+06
 1.00000E+00
 4.46744E-17
 2.01281E+06
 1.00000E+00
 4.46744E-17
 2.01281E+06
 1.00000E+00
 4.46744E-17
 2.01281E+06
 1.00000E+00
 4.46744E-17
 2.01281E+06
 1.00000E+00
 4.46744E-17
 2.01281E+06
 1.00000E+00
 4.46744E-17
 2.01281E+06
 1.00000E+00
 4.46744E-17
 2.01281E+06
 1.00000E+00
 4.46744E-17
 2.01281E+06
 1.00000E+00
 4.46744E-17
 2.01281E+06
 1.00000E+00
 4.46744E-17
 2.01281E+06
 1.00000E+00
 4.46744E-17
 2.01281E+06
 1.00000E+00
 4.46744E-17
 2.01281E+06
 1.00000E+00
 4.46744E-17
 2.01281E+06
 1.00000E+00
 4.46744E-17
 2.01281E+06
 1.00000E+00
 4.46744E-17
 2.01281E+06
 1.00000E+00
 4.46744E-17
 2.01281E+06
 1.00000E+00
 4.46744E-17
 2.01281E+06
 1.00000E+00
 4.46744E-17
 2.01281E+06
 1.00000E+00
 4.46744E-17
 2.01281E+06
 1.00000E+00
 4.46744E-17
 2.01281E+06
 1.00000E+00
 4.46744E-17
 2.01281E+06
 1.00000E+00
 4.46744E-17
 2.01281E+06
 1.00000E+00
 4.46744E-17
 2.01281E+06
 1.00000E+00
 4.46744E-17
 2.01281E+06
 1.00000E+00
 4.46744E-17
 2.01281E+06
 1.00000E+00
 4.46744E-17
 2.01281E+06
 1.00000E+00
 4.46744E-17
 2.01281E+06
 1.00000E+00
 4.46744E-17
 2.01281E+06
 1.00000E+00
 4.46744E-17
 2.01281E+06
 1.00000E+00
 4.46744E-17
 2.01281E+06
 1.00000E+00
 4.46744E-17
 2.01281E+06
 1.00000E+00
 4.46744E-17
 2.01281E+06
 1.00000E+00
 4.46744E-17
 2.01281E+06
 1.00000E+00
 4.46744E-17
 2.01281E+06
 1.00000E+00
 4.46744E-17
 2.01281E+06
 1.00000E+00
 4.46744E-17
 2.01281E+06
 1.00000E+00
 4.46744E-17
 2.01281E+06
 1.00000E+00
 4.46744E-17
 2.01281E+06
 1.00000E+00
 4.46744E-17
 2.01281E+06
 1.00000E+00
 4.46744E-17
 2.01281E+06
 1.00000E+00
 4.46744E-17
 2.01281E+06
 1.00000E+00
 4.46744E-17
 2.01281E+06
 1.00000E+00
 4.46744E-17
 2.01281E+06
 1.00000E+00
 4.46744E-17
 2.01281E+06
 1.00000E+00
 4.46744E-17
 2.01281E+06
 1.00000E+00
 4.46744E-17
 2.01281E+06
 1.00000E+00
 4.46744E-17
 2.01281E+06
 1.00000E+00
 4.46744E-17
 2.01281E+06
 1.00000E+00
 4.46744E-17
 2.01281E+06
 1.00000E+00
 4.46744E-17
 2.01281E+06
 1.00000E+00
 4.46744E-17
 2.01281E+06
 1.00000E+00
 4.46744E-17
 2.01281E+06
 1.00000E+00
 4.46744E-17
 2.01281E+06
 1.00000E+00
 4.46744E-17
 2.01281E+06
 1.00000E+00
 4.46744E-17
 2.01281E+06
 1.00000E+00
 4.46744E-17
 2.01281E+06
 1.00000E+00
 4.46744E-17
 2.01281E+06
 1.00000E+00
 4.46744E-17
 2.01281E+06
 1.00000E+00
 4.46744E-17
 2.01281E+06
 1.00000E+00
 4.46744E-17
 2.01281E+06
 1.00000E+00
 4.46744E-17
 2.01281E+06
 1.00000E+00
 4.46744E-17
 2.01281E+06
 1.00000E+00
 4.46744E-17
 2.01281E+06
 1.00000E+00
 4.46744E-17
 2.01281E+06
 1.00000E+00
 4.46744E-17
 2.01281E+06
 1.00000E+00
 4.46744E-17
 2.01281E+06
 1.00000E+00
 4.46744E-17
 2.01281E+06
 1.00000E+00
 4.46744E-17
 2.01281E+06
 1.00000E+00
 4.46744E-17
 2.01281E+06
 1.00000E+00
 4.46744E-17
 2.01281E+06
 1.00000E+00
 4.46744E-17
 2.01281E+06
 1.00000E+00
 4.46744E-17
 2.01281E+06
 1.00000E+00
 4.46744E-17
 2.01281E+06
 1.00000E+00
 4.46744E-17
 2.01281E+06
 1.00000E+00
 4.46744E-17
 2.01281E+06
 1.00000E+00
 4.46744E-17
 2.01281E+06
 1.00000E+00
 4.46744E-17
 2.01281E+06
 1.00000E+00
 4.46744E-17
 2.01281E+06
 1.00000E+00
 4.46744E-17
 2.01281E+06
 1.00000E+00
 4.46744E-17
 2.01281E+06
 1.00000E+00
 4.46744E-17
 2.01281E+06
 1.00000E+00
 4.46744E-17
 2.01281E+06
 1.00000E+00
 4.46744E-17
 2.01281E+06
 1.00000E+00
 4.46744E-17
 2.01281E+06
 1.00000E+00
 4.46744E-17
 2.01281E+06
 1.00000E+00
 4.46744E-17
 2.01281E+06
 1.00000E+00
 4.46744E-17
 2.01281E+06
 1.00000E+00
 4.46744E-17
 2.01281E+06
 1.00000E+00
 4.46744E-17
 2.01281E+06
 1.00000E+00
 4.46744E-17
 2.01281E+06
 1.00000E+00
 4.46744E-17
 2.01281E+06
 1.00000E+00
 4.46744E-17
 2.01281E+06
 1.00000E+00
 4.46744E-17
 2.01281E+06
 1.00000E+00
 4.46744E-17
 2.01281E+06
 1.00000E+00
 4.46744E-17
 2.01281E+06
 1.00000E+00
 4.46744E-17
 2.01281E+06
 1.00000E+00
 4.46744E-17
 2.01281E+06
 1.00000E+00
 4.46744E-17
 2.01281E+06
 1.00000E+00
 4.46744E-17
 2.01281E+06
 1.00000E+00
 4.46744E-17
 2.01281E+06
 1.00000E+00
 4.46744E-17
 2.01281E+06
 1.00000E+00
 4.46744E-17
 2.01281E+06
 1.00000E+00
 4.46744E-17
 2.01281E+06
 1.00000E+00
 4.46744E-17
 2.01281E+06
 1.00000E+00
 4.46744E-17
 2.01281E+06
 1.00000E+00
 4.46744E-17
 2.01281E+06
 1.00000E+00
 4.46744E-17
 2.01281E+06
 1.00000E+00
 4.46744E-17
 2.01281E+06
 1.00000E+00
 4.46744E-17
 2.01281E+06
 1.00000E+00
 4.46744E-17
 2.01281E+06
 1.00000E+00
 4.46744E-17
 2.01281E+06
 1.00000E+00
 4.46744E-17
 2.01281E+06
 1.00000E+00
 4.46744E-17
 2.01281E+06
 1.00000E+00
 4.46744E-17
 2.01281E+06
 1.00000E+00
 4.46745E-17
 2.01281E+06
 1.00000E+00
 4.46745E-17
 2.01281E+06
 1.00000E+00
 4.46745E-17
 2.01281E+06
 1.00000E+00
 4.46745E-17
 2.01281E+06
 1.00000E+00
 4.46745E-17
 2.01281E+06
 1.00000E+00
 4.46745E-17
 2.01281E+06
 1.00000E+00
 4.46745E-17
 2.01281E+06
 1.00000E+00
 4.46745E-17
 2.01281E+06
 1.00000E+00
 4.46745E-17
 2.01281E+06
 1.00000E+00
 4.46745E-17
 2.01281E+06
 1.00000E+00
 4.46745E-17
 2.01281E+06
 1.00000E+00
 4.46745E-17
 2.01281E+06
 1.00000E+00
 4.46745E-17
 2.01281E+06
 1.00000E+00
 4.46745E-17
 2.01280E+06
 1.00000E+00
 4.46746E-17
 2.01280E+06
 1.00000E+00
 4.46746E-17
 2.01280E+06
 1.00000E+00
 4.46746E-17
 2.01280E+06
 1.00000E+00
 4.46746E-17
 2.01280E+06
 1.00000E+00
 4.46746E-17
 2.01280E+06
 1.00000E+00
 4.46746E-17
 2.01280E+06
 1.00000E+00
 4.46746E-17
 2.01280E+06
 1.00000E+00
 4.46746E-17
 2.01280E+06
 1.00000E+00
 4.46746E-17
 2.01280E+06
 1.00000E+00
 4.46746E-17
 2.01280E+06
 1.00000E+00
 4.46746E-17
 2.01280E+06
 1.00000E+00
 4.46746E-17
 2.01280E+06
 1.00000E+00
 4.46746E-17
 2.01280E+06
 1.00000E+00
 4.46746E-17
 2.01280E+06
 1.00000E+00
 4.46745E-17
 2.01280E+06
 1.00000E+00
 4.46745E-17
 2.01280E+06
 1.00000E+00
 4.46745E-17
 2.01280E+06
 1.00000E+00
 4.46745E-17
 2.01280E+06
 1.00000E+00
 4.46745E-17
 2.01280E+06
 1.00000E+00
 4.46745E-17
 2.01280E+06
 1.00000E+00
 4.46745E-17
 2.01280E+06
 1.00000E+00
 4.46745E-17
 2.01280E+06
 1.00000E+00
 4.46745E-17
 2.01280E+06
 1.00000E+00
 4.46745E-17
 2.01280E+06
 1.00000E+00
 4.46745E-17
 2.01280E+06
 1.00000E+00
 4.46745E-17
 2.01280E+06
 1.00000E+00
 4.46745E-17
 2.01280E+06
 1.00000E+00
 4.46745E-17
 2.01280E+06
 1.00000E+00
 4.46745E-17
 2.01280E+06
 1.00000E+00
 4.46745E-17
 2.01280E+06
 1.00000E+00
 4.46745E-17
 2.01280E+06
 1.00000E+00
 4.46745E-17
 2.01280E+06
 1.00000E+00
 4.46745E-17
 2.01280E+06
 1.00000E+00
 4.46745E-17
 2.01280E+06
 1.00000E+00
 4.46745E-17
 2.01280E+06
 1.00000E+00
 4.46745E-17
 2.01280E+06
 1.00000E+00
 4.46745E-17
 2.01280E+06
 1.00000E+00
 4.46745E-17
 2.01280E+06
 1.00000E+00
 4.46745E-17
 2.01280E+06
 1.00000E+00
 4.46745E-17
 2.01280E+06
 1.00000E+00
 4.46745E-17
 2.01280E+06
 1.00000E+00
 4.46745E-17
 2.01280E+06
 1.00000E+00
 4.46745E-17
 2.01280E+06
 1.00000E+00
 4.46745E-17
 2.01280E+06
 1.00000E+00
 4.46745E-17
 2.01280E+06
 1.00000E+00
 4.46745E-17
 2.01280E+06
 1.00000E+00
 4.46745E-17
 2.01280E+06
 1.00000E+00
 4.46745E-17
 2.01280E+06
 1.00000E+00
 4.46745E-17
 2.01280E+06
 1.00000E+00
 4.46745E-17
 2.01280E+06
 1.00000E+00
 4.46745E-17
 2.01280E+06
 1.00000E+00
 4.46745E-17
 2.01280E+06
 1.00000E+00
 4.46745E-17
 2.01280E+06
 1.00000E+00
 4.46745E-17
 2.01280E+06
 1.00000E+00
 4.46745E-17
 2.01280E+06
 1.00000E+00
 4.46746E-17
 2.01280E+06
 1.00000E+00
 4.46747E-17
 2.01280E+06
 1.00000E+00
 4.46747E-17
 2.01280E+06
 1.00000E+00
 4.46747E-17
 2.01280E+06
 1.00000E+00
 4.46748E-17
 2.01279E+06
 1.00000E+00
 4.46748E-17
 2.01279E+06
 1.00000E+00
 4.46748E-17
 2.01279E+06
 1.00000E+00
 4.46748E-17
 2.01279E+06
 1.00000E+00
 4.46748E-17
 2.01279E+06
 1.00000E+00
 4.46748E-17
 2.01280E+06
 1.00000E+00
 4.46747E-17
 2.01280E+06
 1.00000E+00
 4.46747E-17
 2.01280E+06
 1.00000E+00
 4.46747E-17
 2.01280E+06
 1.00000E+00
 4.46747E-17
 2.01280E+06
 1.00000E+00
 4.46747E-17
 2.01280E+06
 1.00000E+00
 4.46747E-17
 2.01280E+06
 1.00000E+00
 4.46747E-17
 2.01280E+06
 1.00000E+00
 4.46747E-17
 2.01280E+06
 1.00000E+00
 4.46747E-17
 2.01280E+06
 1.00000E+00
 4.46747E-17
 2.01280E+06
 1.00000E+00
 4.46746E-17
 2.01280E+06
 1.00000E+00
 4.46746E-17
 2.01280E+06
 1.00000E+00
 4.46746E-17
 2.01280E+06
 1.00000E+00
 4.46746E-17
 2.01280E+06
 1.00000E+00
 4.46746E-17
 2.01280E+06
 1.00000E+00
 4.46746E-17
 2.01280E+06
 1.00000E+00
 4.46746E-17
 2.01280E+06
 1.00000E+00
 4.46746E-17
 2.01280E+06
 1.00000E+00
 4.46746E-17
 2.01280E+06
 1.00000E+00
 4.46746E-17
 2.01280E+06
 1.00000E+00
 4.46746E-17
 2.01280E+06
 1.00000E+00
 4.46746E-17
 2.01280E+06
 1.00000E+00
 4.46746E-17
 2.01280E+06
 1.00000E+00
 4.46746E-17
 2.01280E+06
 1.00000E+00
 4.46746E-17
 2.01280E+06
 1.00000E+00
 4.46746E-17
 2.01280E+06
 1.00000E+00
 4.46746E-17
 2.01280E+06
 1.00000E+00
 4.46746E-17
 2.01280E+06
 1.00000E+00
 4.46746E-17
 2.01280E+06
 1.00000E+00
 4.46746E-17
 2.01280E+06
 1.00000E+00
 4.46746E-17
 2.01280E+06
 1.00000E+00
 4.46746E-17
 2.01280E+06
 1.00000E+00
 4.46746E-17
 2.01280E+06
 1.00000E+00
 4.46746E-17
 2.01280E+06
 1.00000E+00
 4.46746E-17
 2.01280E+06
 1.00000E+00
 4.46746E-17
 2.01280E+06
 1.00000E+00
 4.46746E-17
 2.01280E+06
 1.00000E+00
 4.46746E-17
 2.01280E+06
 1.00000E+00
 4.46746E-17
 2.01280E+06
 1.00000E+00
 4.46746E-17
 2.01280E+06
 1.00000E+00
 4.46746E-17
 2.01280E+06
 1.00000E+00
 4.46746E-17
 2.01280E+06
 1.00000E+00
 4.46746E-17
 2.01280E+06
 1.00000E+00
 4.46746E-17
 2.01280E+06
 1.00000E+00
 4.46746E-17
 2.01280E+06
 1.00000E+00
 4.46746E-17
 2.01280E+06
 1.00000E+00
 4.46746E-17
 2.01280E+06
 1.00000E+00
 4.46746E-17
 2.01280E+06
 1.00000E+00
 4.46746E-17
 2.01280E+06
 1.00000E+00
 4.46746E-17
 2.01280E+06
 1.00000E+00
 4.46746E-17
 2.01280E+06
 1.00000E+00
 4.46746E-17
 2.01280E+06
 1.00000E+00
 4.46746E-17
 2.01280E+06
 1.00000E+00
 4.46746E-17
 2.01280E+06
 1.00000E+00
 4.46746E-17
 2.01280E+06
 1.00000E+00
 4.46746E-17
 2.01280E+06
 1.00000E+00
 4.46746E-17
 2.01280E+06
 1.00000E+00
 4.46746E-17
 2.01280E+06
 1.00000E+00
 4.46746E-17
 2.01280E+06
 1.00000E+00
 4.46746E-17
 2.01280E+06
 1.00000E+00
 4.46746E-17
 2.01280E+06
 1.00000E+00
 4.46746E-17
 2.01280E+06
 1.00000E+00
 4.46746E-17
 2.01280E+06
 1.00000E+00
 4.46746E-17
 2.01280E+06
 1.00000E+00
 4.46746E-17
 2.01280E+06
 1.00000E+00
 4.46746E-17
 2.01280E+06
 1.00000E+00
 4.46746E-17
 2.01280E+06
 1.00000E+00
 4.46746E-17
 2.01280E+06
 1.00000E+00
 4.46746E-17
 2.01280E+06
 1.00000E+00
 4.46746E-17
 2.01280E+06
 1.00000E+00
 4.46746E-17
 2.01280E+06
 1.00000E+00
 4.46746E-17
 2.01280E+06
 1.00000E+00
 4.46746E-17
 2.01280E+06
 1.00000E+00
 4.46746E-17
 2.01280E+06
 1.00000E+00
 4.46746E-17
 2.01280E+06
 1.00000E+00
 4.46746E-17
 2.01280E+06
 1.00000E+00
 4.46746E-17
 2.01280E+06
 1.00000E+00
 4.46746E-17
 2.01280E+06
 1.00000E+00
 4.46746E-17
 2.01280E+06
 1.00000E+00
 4.46746E-17
 2.01280E+06
 1.00000E+00
 4.46746E-17
 2.01280E+06
 1.00000E+00
 4.46746E-17
 2.01280E+06
 1.00000E+00
 4.46746E-17
 2.01280E+06
 1.00000E+00
 4.46746E-17
 2.01280E+06
 1.00000E+00
 4.46746E-17
 2.01280E+06
 1.00000E+00
 4.46746E-17
 2.01280E+06
 1.00000E+00
 4.46746E-17
 2.01280E+06
 1.00000E+00
 4.46746E-17
 2.01280E+06
 1.00000E+00
 4.46746E-17
 2.01280E+06
 1.00000E+00
 4.46746E-17
 2.01280E+06
 1.00000E+00
 4.46746E-17
 2.01280E+06
 1.00000E+00
 4.46746E-17
 2.01280E+06
 1.00000E+00
 4.46746E-17
 2.01280E+06
 1.00000E+00
 4.46746E-17
 2.01280E+06
 1.00000E+00
 4.46746E-17
 2.01280E+06
 1.00000E+00
 4.46746E-17
 2.01280E+06
 1.00000E+00
 4.46746E-17
 2.01280E+06
 1.00000E+00
 4.46746E-17
 2.01280E+06
 1.00000E+00
 4.46746E-17
 2.01280E+06
 1.00000E+00
 4.46746E-17
 2.01280E+06
 1.00000E+00
 4.46746E-17
 2.01280E+06
 1.00000E+00
 4.46746E-17
 2.01280E+06
 1.00000E+00
 4.46746E-17
 2.01280E+06
 1.00000E+00
 4.46746E-17
 2.01280E+06
 1.00000E+00
 4.46746E-17
 2.01280E+06
 1.00000E+00
 4.46746E-17
 2.01280E+06
 1.00000E+00
 4.46746E-17
 2.01280E+06
 1.00000E+00
 4.46746E-17
 2.01280E+06
 1.00000E+00
 4.46746E-17
 2.01280E+06
 1.00000E+00
 4.46746E-17
 2.01280E+06
 1.00000E+00
 4.46746E-17
 2.01280E+06
 1.00000E+00
 4.46746E-17
 2.01280E+06
 1.00000E+00
 4.46746E-17
 2.01280E+06
 1.00000E+00
 4.46746E-17
 2.01280E+06
 1.00000E+00
 4.46746E-17
 2.01280E+06
 1.00000E+00
 4.46746E-17
 2.01280E+06
 1.00000E+00
 4.46746E-17
 2.01280E+06
 1.00000E+00
 4.46746E-17
 2.01280E+06
 1.00000E+00
 4.46746E-17
 2.01280E+06
 1.00000E+00
 4.46746E-17
 2.01280E+06
 1.00000E+00
 4.46746E-17
 2.01280E+06
 1.00000E+00
 4.46746E-17
 2.01280E+06
 1.00000E+00
 4.46746E-17
 2.01280E+06
 1.00000E+00
 4.46746E-17
 2.01280E+06
 1.00000E+00
 4.46746E-17
 2.01280E+06
 1.00000E+00
 4.46746E-17
 2.01280E+06
 1.00000E+00
 4.46746E-17
 2.01280E+06
 1.00000E+00
 4.46746E-17
 2.01280E+06
 1.00000E+00
 4.46746E-17
 2.01280E+06
 1.00000E+00
 4.46746E-17
 2.01280E+06
 1.00000E+00
 4.46746E-17
 2.01280E+06
 1.00000E+00
 4.46746E-17
 2.01280E+06
 1.00000E+00
 4.46746E-17
 2.01280E+06
 1.00000E+00
 4.46746E-17
 2.01280E+06
 1.00000E+00
 4.46746E-17
 2.01280E+06
 1.00000E+00
 4.46746E-17
 2.01280E+06
 1.00000E+00
 4.46746E-17
 2.01280E+06
 1.00000E+00
 4.46746E-17
 2.01280E+06
 1.00000E+00
 4.46746E-17
 2.01280E+06
 1.00000E+00
 4.46746E-17
 2.01280E+06
 1.00000E+00
 4.46746E-17
 2.01280E+06
 1.00000E+00
 4.46746E-17
 2.01280E+06
 1.00000E+00
 4.46746E-17
 2.01280E+06
 1.00000E+00
 4.46746E-17
 2.01280E+06
 1.00000E+00
 4.46746E-17
 2.01280E+06
 1.00000E+00
 4.46746E-17
 2.01280E+06
 1.00000E+00
 4.46746E-17
 2.01280E+06
 1.00000E+00
 4.46746E-17
 2.01280E+06
 1.00000E+00
 4.46746E-17
 2.01280E+06
 1.00000E+00
 4.46746E-17
 2.01280E+06
 1.00000E+00
 4.46746E-17
 2.01280E+06
 1.00000E+00
 4.46746E-17
 2.01280E+06
 1.00000E+00
 4.46746E-17
 2.01280E+06
 1.00000E+00
 4.46746E-17
 2.01280E+06
 1.00000E+00
 4.46746E-17
 2.01280E+06
 1.00000E+00
 4.46746E-17
 2.01280E+06
 1.00000E+00
 4.46746E-17
 2.01280E+06
 1.00000E+00
 4.46746E-17
 2.01280E+06
 1.00000E+00
 4.46746E-17
 2.01280E+06
 1.00000E+00
 4.46746E-17
 2.01280E+06
 1.00000E+00
 4.46746E-17
 2.01280E+06
 1.00000E+00
 4.46746E-17
 2.01280E+06
 1.00000E+00
 4.46746E-17
 2.01280E+06
 1.00000E+00
 4.46746E-17
 2.01280E+06
 1.00000E+00
 4.46746E-17
 2.01280E+06
 1.00000E+00
 4.46746E-17
 2.01280E+06
 1.00000E+00
 4.46746E-17
 2.01280E+06
 1.00000E+00
 4.46746E-17
 2.01280E+06
 1.00000E+00
 4.46746E-17
 2.01280E+06
 1.00000E+00
 4.46746E-17
 2.01280E+06
 1.00000E+00
 4.46746E-17
 2.01280E+06
 1.00000E+00
 4.46746E-17
 2.01280E+06
 1.00000E+00
 4.46746E-17
 2.01280E+06
 1.00000E+00
 4.46746E-17
 2.01280E+06
 1.00000E+00
 4.46746E-17
 2.01280E+06
 1.00000E+00
 4.46746E-17
 2.01280E+06
 1.00000E+00
 4.46746E-17
 2.01280E+06
 1.00000E+00
 4.46746E-17
 2.01280E+06
 1.00000E+00
 4.46746E-17
 2.01280E+06
 1.00000E+00
 4.46746E-17
 2.01280E+06
 1.00000E+00
 4.46746E-17
 2.01280E+06
 1.00000E+00
 4.46746E-17
 2.01280E+06
 1.00000E+00
 4.46746E-17
 2.01280E+06
 1.00000E+00
 4.46746E-17
 2.01280E+06
 1.00000E+00
 4.46746E-17
 2.01280E+06
 1.00000E+00
 4.46746E-17
 2.01280E+06
 1.00000E+00
 4.46746E-17
 2.01280E+06
 1.00000E+00
 4.46746E-17
 2.01280E+06
 1.00000E+00
 4.46746E-17
 2.01280E+06
 1.00000E+00
 4.46746E-17
 2.01280E+06
 1.00000E+00
 4.46746E-17
 2.01280E+06
 1.00000E+00
 4.46746E-17
 2.01280E+06
 1.00000E+00
 4.46746E-17
 2.01280E+06
 1.00000E+00
 4.46746E-17
 2.01280E+06
 1.00000E+00
 4.46746E-17
 2.01280E+06
 1.00000E+00
 4.46746E-17
 2.01280E+06
 1.00000E+00
 4.46746E-17
 2.01280E+06
 1.00000E+00
 4.46746E-17
 2.01280E+06
 1.00000E+00
 4.46746E-17
 2.01280E+06
 1.00000E+00
 4.46746E-17
 2.01280E+06
 1.00000E+00
 4.46746E-17
 2.01280E+06
 1.00000E+00
 4.46746E-17
 2.01280E+06
 1.00000E+00
 4.46746E-17
 2.01280E+06
 1.00000E+00
 4.46746E-17
 2.01280E+06
 1.00000E+00
 4.46746E-17
 2.01280E+06
 1.00000E+00
 4.46746E-17
 2.01280E+06
 1.00000E+00
 4.46746E-17
 2.01280E+06
 1.00000E+00
 4.46746E-17
 2.01280E+06
 1.00000E+00
 4.46746E-17
 2.01280E+06
 1.00000E+00
 4.46746E-17
 2.01280E+06
 1.00000E+00
 4.46746E-17
 2.01280E+06
 1.00000E+00
 4.46746E-17
 2.01280E+06
 1.00000E+00
 4.46746E-17
 2.01280E+06
 1.00000E+00
 4.46746E-17
 2.01280E+06
 1.00000E+00
 4.46746E-17
 2.01280E+06
 1.00000E+00
 4.46746E-17
 2.01280E+06
 1.00000E+00
 4.46746E-17
 2.01280E+06
 1.00000E+00
 4.46746E-17
 2.01280E+06
 1.00000E+00
 4.46746E-17
 2.01280E+06
 1.00000E+00
 4.46746E-17
 2.01280E+06
 1.00000E+00
 4.46746E-17
 2.01280E+06
 1.00000E+00
 4.46746E-17
 2.01280E+06
 1.00000E+00
 4.46746E-17
 2.01280E+06
 1.00000E+00
 4.46747E-17
 2.01280E+06
 1.00000E+00
 4.46747E-17
 2.01280E+06
 1.00000E+00
 4.46747E-17
 2.01279E+06
 1.00000E+00
 4.46748E-17
 2.01279E+06
 1.00000E+00
 4.46748E-17
 2.01279E+06
 1.00000E+00
 4.46749E-17
 2.01279E+06
 1.00000E+00
 4.46749E-17
 2.01279E+06
 1.00000E+00
 4.46748E-17
 2.01279E+06
 1.00000E+00
 4.46748E-17
 2.01279E+06
 1.00000E+00
 4.46748E-17
 2.01279E+06
 1.00000E+00
 4.46748E-17
 2.01279E+06
 1.00000E+00
 4.46748E-17
 2.01279E+06
 1.00000E+00
 4.46748E-17
 2.01279E+06
 1.00000E+00
 4.46748E-17
 2.01279E+06
 1.00000E+00
 4.46748E-17
 2.01279E+06
 1.00000E+00
 4.46748E-17
 2.01280E+06
 1.00000E+00
 4.46748E-17
 2.01280E+06
 1.00000E+00
 4.46747E-17
 2.01280E+06
 1.00000E+00
 4.46747E-17
 2.01280E+06
 1.00000E+00
 4.46747E-17
 2.01280E+06
 1.00000E+00
 4.46747E-17
 2.01280E+06
 1.00000E+00
 4.46747E-17
 2.01280E+06
 1.00000E+00
 4.46747E-17
 2.01280E+06
 1.00000E+00
 4.46747E-17
 2.01280E+06
 1.00000E+00
 4.46747E-17
 2.01280E+06
 1.00000E+00
 4.46747E-17
 2.01280E+06
 1.00000E+00
 4.46747E-17
 2.01280E+06
 1.00000E+00
 4.46747E-17
 2.01280E+06
 1.00000E+00
 4.46747E-17
 2.01280E+06
 1.00000E+00
 4.46747E-17
 2.01280E+06
 1.00000E+00
 4.46747E-17
 2.01280E+06
 1.00000E+00
 4.46747E-17
 2.01280E+06
 1.00000E+00
 4.46747E-17
 2.01280E+06
 1.00000E+00
 4.46747E-17
 2.01280E+06
 1.00000E+00
 4.46747E-17
 2.01280E+06
 1.00000E+00
 4.46747E-17
 2.01280E+06
 1.00000E+00
 4.46747E-17
 2.01280E+06
 1.00000E+00
 4.46747E-17
 2.01280E+06
 1.00000E+00
 4.46747E-17
 2.01280E+06
 1.00000E+00
 4.46747E-17
 2.01280E+06
 1.00000E+00
 4.46747E-17
 2.01280E+06
 1.00000E+00
 4.46747E-17
 2.01280E+06
 1.00000E+00
 4.46747E-17
 2.01280E+06
 1.00000E+00
 4.46747E-17
 2.01280E+06
 1.00000E+00
 4.46747E-17
 2.01280E+06
 1.00000E+00
 4.46747E-17
 2.01280E+06
 1.00000E+00
 4.46747E-17
 2.01280E+06
 1.00000E+00
 4.46747E-17
 2.01280E+06
 1.00000E+00
 4.46747E-17
 2.01280E+06
 1.00000E+00
 4.46747E-17
 2.01280E+06
 1.00000E+00
 4.46747E-17
 2.01280E+06
 1.00000E+00
 4.46747E-17
 2.01280E+06
 1.00000E+00
 4.46747E-17
 2.01280E+06
 1.00000E+00
 4.46747E-17
 2.01280E+06
 1.00000E+00
 4.46747E-17
 2.01280E+06
 1.00000E+00
 4.46747E-17
 2.01280E+06
 1.00000E+00
 4.46747E-17
 2.01280E+06
 1.00000E+00
 4.46747E-17
 2.01280E+06
 1.00000E+00
 4.46747E-17
 2.01280E+06
 1.00000E+00
 4.46747E-17
 2.01280E+06
 1.00000E+00
 4.46747E-17
 2.01280E+06
 1.00000E+00
 4.46747E-17
 2.01280E+06
 1.00000E+00
 4.46747E-17
 2.01280E+06
 1.00000E+00
 4.46747E-17
 2.01280E+06
 1.00000E+00
 4.46747E-17
 2.01280E+06
 1.00000E+00
 4.46747E-17
 2.01280E+06
 1.00000E+00
 4.46747E-17
 2.01280E+06
 1.00000E+00
 4.46747E-17
 2.01280E+06
 1.00000E+00
 4.46747E-17
 2.01280E+06
 1.00000E+00
 4.46747E-17
 2.01280E+06
 1.00000E+00
 4.46747E-17
 2.01280E+06
 1.00000E+00
 4.46747E-17
 2.01280E+06
 1.00000E+00
 4.46747E-17
 2.01280E+06
 1.00000E+00
 4.46747E-17
 2.01280E+06
 1.00000E+00
 4.46747E-17
 2.01280E+06
 1.00000E+00
 4.46747E-17
 2.01280E+06
 1.00000E+00
 4.46747E-17
 2.01280E+06
 1.00000E+00
 4.46747E-17
 2.01280E+06
 1.00000E+00
 4.46747E-17
 2.01280E+06
 1.00000E+00
 4.46747E-17
 2.01280E+06
 1.00000E+00
 4.46747E-17
 2.01280E+06
 1.00000E+00
 4.46747E-17
 2.01280E+06
 1.00000E+00
 4.46747E-17
 2.01280E+06
 1.00000E+00
 4.46747E-17
 2.01280E+06
 1.00000E+00
 4.46747E-17
 2.01280E+06
 1.00000E+00
 4.46747E-17
 2.01280E+06
 1.00000E+00
 4.46747E-17
 2.01280E+06
 1.00000E+00
 4.46747E-17
 2.01280E+06
 1.00000E+00
 4.46747E-17
 2.01280E+06
 1.00000E+00
 4.46747E-17
 2.01280E+06
 1.00000E+00
 4.46747E-17
 2.01280E+06
 1.00000E+00
 4.46747E-17
 2.01280E+06
 1.00000E+00
 4.46747E-17
 2.01280E+06
 1.00000E+00
 4.46747E-17
 2.01280E+06
 1.00000E+00
 4.46747E-17
 2.01280E+06
 1.00000E+00
 4.46747E-17
 2.01280E+06
 1.00000E+00
 4.46747E-17
 2.01280E+06
 1.00000E+00
 4.46747E-17
 2.01280E+06
 1.00000E+00
 4.46747E-17
 2.01280E+06
 1.00000E+00
 4.46747E-17
 2.01280E+06
 1.00000E+00
 4.46747E-17
 2.01280E+06
 1.00000E+00
 4.46747E-17
 2.01280E+06
 1.00000E+00
 4.46747E-17
 2.01280E+06
 1.00000E+00
 4.46747E-17
 2.01280E+06
 1.00000E+00
 4.46747E-17
 2.01280E+06
 1.00000E+00
 4.46747E-17
 2.01280E+06
 1.00000E+00
 4.46747E-17
 2.01280E+06
 1.00000E+00
 4.46747E-17
 2.01280E+06
 1.00000E+00
 4.46747E-17
 2.01280E+06
 1.00000E+00
 4.46747E-17
 2.01280E+06
 1.00000E+00
 4.46747E-17
 2.01280E+06
 1.00000E+00
 4.46747E-17
 2.01280E+06
 1.00000E+00
 4.46747E-17
 2.01280E+06
 1.00000E+00
 4.46747E-17
 2.01280E+06
 1.00000E+00
 4.46747E-17
 2.01280E+06
 1.00000E+00
 4.46747E-17
 2.01280E+06
 1.00000E+00
 4.46747E-17
 2.01280E+06
 1.00000E+00
 4.46747E-17
 2.01280E+06
 1.00000E+00
 4.46747E-17
 2.01280E+06
 1.00000E+00
 4.46747E-17
 2.01280E+06
 1.00000E+00
 4.46747E-17
 2.01280E+06
 1.00000E+00
 4.46747E-17
 2.01280E+06
 1.00000E+00
 4.46747E-17
 2.01280E+06
 1.00000E+00
 4.46747E-17
 2.01280E+06
 1.00000E+00
 4.46747E-17
 2.01280E+06
 1.00000E+00
 4.46747E-17
 2.01280E+06
 1.00000E+00
 4.46747E-17
 2.01280E+06
 1.00000E+00
 4.46747E-17
 2.01280E+06
 1.00000E+00
 4.46747E-17
 2.01280E+06
 1.00000E+00
 4.46747E-17
 2.01279E+06
 1.00000E+00
 4.46748E-17
 2.01279E+06
 1.00000E+00
 4.46748E-17
 2.01279E+06
 1.00000E+00
 4.46748E-17
 2.01279E+06
 1.00000E+00
 4.46748E-17
 2.01279E+06
 1.00000E+00
 4.46748E-17
 2.01279E+06
 1.00000E+00
 4.46748E-17
 2.01279E+06
 1.00000E+00
 4.46748E-17
 2.01279E+06
 1.00000E+00
 4.46748E-17
 2.01279E+06
 1.00000E+00
 4.46748E-17
 2.01280E+06
 1.00000E+00
 4.46748E-17
 2.01280E+06
 1.00000E+00
 4.46748E-17
 2.01280E+06
 1.00000E+00
 4.46747E-17
 2.01279E+06
 1.00000E+00
 4.46748E-17
 2.01279E+06
 1.00000E+00
 4.46748E-17
 2.01279E+06
 1.00000E+00
 4.46748E-17
 2.01279E+06
 1.00000E+00
 4.46748E-17
 2.01279E+06
 1.00000E+00
 4.46748E-17
 2.01279E+06
 1.00000E+00
 4.46748E-17
 2.01279E+06
 1.00000E+00
 4.46748E-17
 2.01279E+06
 1.00000E+00
 4.46748E-17
 2.01279E+06
 1.00000E+00
 4.46748E-17
 2.01279E+06
 1.00000E+00
 4.46748E-17
 2.01279E+06
 1.00000E+00
 4.46748E-17
 2.01279E+06
 1.00000E+00
 4.46748E-17
 2.01279E+06
 1.00000E+00
 4.46748E-17
 2.01279E+06
 1.00000E+00
 4.46748E-17
 2.01279E+06
 1.00000E+00
 4.46748E-17
 2.01279E+06
 1.00000E+00
 4.46748E-17
 2.01279E+06
 1.00000E+00
 4.46748E-17
 2.01280E+06
 1.00000E+00
 4.46748E-17
 2.01280E+06
 1.00000E+00
 4.46747E-17
 2.01280E+06
 1.00000E+00
 4.46747E-17
 2.01280E+06
 1.00000E+00
 4.46747E-17
 2.01280E+06
 1.00000E+00
 4.46747E-17
 2.01280E+06
 1.00000E+00
 4.46747E-17
 2.01280E+06
 1.00000E+00
 4.46747E-17
 2.01280E+06
 1.00000E+00
 4.46747E-17
 2.01280E+06
 1.00000E+00
 4.46747E-17
 2.01280E+06
 1.00000E+00
 4.46747E-17
 2.01280E+06
 1.00000E+00
 4.46747E-17
 2.01280E+06
 1.00000E+00
 4.46747E-17
 2.01280E+06
 1.00000E+00
 4.46747E-17
 2.01280E+06
 1.00000E+00
 4.46747E-17
 2.01280E+06
 1.00000E+00
 4.46747E-17
 2.01280E+06
 1.00000E+00
 4.46747E-17
 2.01280E+06
 1.00000E+00
 4.46747E-17
 2.01280E+06
 1.00000E+00
 4.46747E-17
 2.01280E+06
 1.00000E+00
 4.46747E-17
 2.01280E+06
 1.00000E+00
 4.46747E-17
 2.01280E+06
 1.00000E+00
 4.46747E-17
 2.01280E+06
 1.00000E+00
 4.46747E-17
 2.01280E+06
 1.00000E+00
 4.46747E-17
 2.01280E+06
 1.00000E+00
 4.46747E-17
 2.01280E+06
 1.00000E+00
 4.46747E-17
 2.01280E+06
 1.00000E+00
 4.46747E-17
 2.01280E+06
 1.00000E+00
 4.46747E-17
 2.01280E+06
 1.00000E+00
 4.46747E-17
 2.01280E+06
 1.00000E+00
 4.46747E-17
 2.01280E+06
 1.00000E+00
 4.46747E-17
 2.01280E+06
 1.00000E+00
 4.46747E-17
 2.01280E+06
 1.00000E+00
 4.46747E-17
 2.01280E+06
 1.00000E+00
 4.46747E-17
 2.01280E+06
 1.00000E+00
 4.46747E-17
 2.01280E+06
 1.00000E+00
 4.46747E-17
 2.01280E+06
 1.00000E+00
 4.46747E-17
 2.01280E+06
 1.00000E+00
 4.46747E-17
 2.01280E+06
 1.00000E+00
 4.46747E-17
 2.01280E+06
 1.00000E+00
 4.46747E-17
 2.01280E+06
 1.00000E+00
 4.46747E-17
 2.01280E+06
 1.00000E+00
 4.46747E-17
 2.01280E+06
 1.00000E+00
 4.46747E-17
 2.01280E+06
 1.00000E+00
 4.46747E-17
 2.01280E+06
 1.00000E+00
 4.46747E-17
 2.01280E+06
 1.00000E+00
 4.46747E-17
 2.01280E+06
 1.00000E+00
 4.46747E-17
 2.01280E+06
 1.00000E+00
 4.46747E-17
 2.01280E+06
 1.00000E+00
 4.46747E-17
 2.01280E+06
 1.00000E+00
 4.46747E-17
 2.01280E+06
 1.00000E+00
 4.46747E-17
 2.01280E+06
 1.00000E+00
 4.46747E-17
 2.01280E+06
 1.00000E+00
 4.46747E-17
 2.01280E+06
 1.00000E+00
 4.46747E-17
 2.01280E+06
 1.00000E+00
 4.46747E-17
 2.01280E+06
 1.00000E+00
 4.46747E-17
 2.01280E+06
 1.00000E+00
 4.46747E-17
 2.01280E+06
 1.00000E+00
 4.46747E-17
 2.01280E+06
 1.00000E+00
 4.46747E-17
 2.01280E+06
 1.00000E+00
 4.46747E-17
 2.01280E+06
 1.00000E+00
 4.46747E-17
 2.01280E+06
 1.00000E+00
 4.46747E-17
 2.01280E+06
 1.00000E+00
 4.46747E-17
 2.01280E+06
 1.00000E+00
 4.46747E-17
 2.01280E+06
 1.00000E+00
 4.46747E-17
 2.01280E+06
 1.00000E+00
 4.46747E-17
 2.01280E+06
 1.00000E+00
 4.46747E-17
 2.01280E+06
 1.00000E+00
 4.46747E-17
 2.01280E+06
 1.00000E+00
 4.46747E-17
 2.01280E+06
 1.00000E+00
 4.46747E-17
 2.01280E+06
 1.00000E+00
 4.46747E-17
 2.01280E+06
 1.00000E+00
 4.46747E-17
 2.01280E+06
 1.00000E+00
 4.46747E-17
 2.01280E+06
 1.00000E+00
 4.46747E-17
 2.01280E+06
 1.00000E+00
 4.46747E-17
 2.01280E+06
 1.00000E+00
 4.46747E-17
 2.01280E+06
 1.00000E+00
 4.46747E-17
 2.01280E+06
 1.00000E+00
 4.46747E-17
 2.01280E+06
 1.00000E+00
 4.46747E-17
 2.01280E+06
 1.00000E+00
 4.46747E-17
 2.01280E+06
 1.00000E+00
 4.46747E-17
 2.01280E+06
 1.00000E+00
 4.46747E-17
 2.01280E+06
 1.00000E+00
 4.46747E-17
 2.01280E+06
 1.00000E+00
 4.46747E-17
 2.01280E+06
 1.00000E+00
 4.46747E-17
 2.01280E+06
 1.00000E+00
 4.46747E-17
 2.01280E+06
 1.00000E+00
 4.46747E-17
 2.01280E+06
 1.00000E+00
 4.46747E-17
 2.01280E+06
 1.00000E+00
 4.46747E-17
 2.01280E+06
 1.00000E+00
 4.46747E-17
 2.01280E+06
 1.00000E+00
 4.46747E-17
 2.01280E+06
 1.00000E+00
 4.46747E-17
 2.01280E+06
 1.00000E+00
 4.46747E-17
 2.01280E+06
 1.00000E+00
 4.46747E-17
 2.01280E+06
 1.00000E+00
 4.46747E-17
 2.01280E+06
 1.00000E+00
 4.46747E-17
 2.01280E+06
 1.00000E+00
 4.46747E-17
 2.01280E+06
 1.00000E+00
 4.46747E-17
 2.01280E+06
 1.00000E+00
 4.46747E-17
 2.01280E+06
 1.00000E+00
 4.46747E-17
 2.01280E+06
 1.00000E+00
 4.46747E-17
 2.01280E+06
 1.00000E+00
 4.46747E-17
 2.01280E+06
 1.00000E+00
 4.46747E-17
 2.01280E+06
 1.00000E+00
 4.46747E-17
 2.01280E+06
 1.00000E+00
 4.46747E-17
 2.01280E+06
 1.00000E+00
 4.46747E-17
 2.01280E+06
 1.00000E+00
 4.46747E-17
 2.01280E+06
 1.00000E+00
 4.46747E-17
 2.01280E+06
 1.00000E+00
 4.46747E-17
 2.01280E+06
 1.00000E+00
 4.46747E-17
 2.01280E+06
 1.00000E+00
 4.46747E-17
 2.01280E+06
 1.00000E+00
 4.46747E-17
 2.01280E+06
 1.00000E+00
 4.46747E-17
 2.01280E+06
 1.00000E+00
 4.46747E-17
 2.01280E+06
 1.00000E+00
 4.46747E-17
 2.01280E+06
 1.00000E+00
 4.46747E-17
 2.01280E+06
 1.00000E+00
 4.46747E-17
 2.01280E+06
 1.00000E+00
 4.46747E-17
 2.01280E+06
 1.00000E+00
 4.46747E-17
 2.01280E+06
 1.00000E+00
 4.46747E-17
 2.01280E+06
 1.00000E+00
 4.46747E-17
 2.01280E+06
 1.00000E+00
 4.46747E-17
 2.01280E+06
 1.00000E+00
 4.46747E-17
 2.01280E+06
 1.00000E+00
 4.46747E-17
 2.01280E+06
 1.00000E+00
 4.46747E-17
 2.01280E+06
 1.00000E+00
 4.46747E-17
 2.01280E+06
 1.00000E+00
 4.46747E-17
 2.01280E+06
 1.00000E+00
 4.46747E-17
 2.01280E+06
 1.00000E+00
 4.46747E-17
 2.01280E+06
 1.00000E+00
 4.46747E-17
 2.01280E+06
 1.00000E+00
 4.46747E-17
 2.01280E+06
 1.00000E+00
 4.46747E-17
 2.01280E+06
 1.00000E+00
 4.46747E-17
 2.01280E+06
 1.00000E+00
 4.46747E-17
 2.01280E+06
 1.00000E+00
 4.46747E-17
 2.01280E+06
 1.00000E+00
 4.46747E-17
 2.01280E+06
 1.00000E+00
 4.46747E-17
 2.01280E+06
 1.00000E+00
 4.46747E-17
 2.01280E+06
 1.00000E+00
 4.46747E-17
 2.01280E+06
 1.00000E+00
 4.46747E-17
 2.01280E+06
 1.00000E+00
 4.46747E-17
 2.01280E+06
 1.00000E+00
 4.46747E-17
 2.01280E+06
 1.00000E+00
 4.46747E-17
 2.01280E+06
 1.00000E+00
 4.46747E-17
 2.01280E+06
 1.00000E+00
 4.46747E-17
 2.01280E+06
 1.00000E+00
 4.46747E-17
 2.01280E+06
 1.00000E+00
 4.46747E-17
 2.01280E+06
 1.00000E+00
 4.46747E-17
 2.01280E+06
 1.00000E+00
 4.46747E-17
 2.01280E+06
 1.00000E+00
 4.46747E-17
 2.01280E+06
 1.00000E+00
 4.46747E-17
 2.01280E+06
 1.00000E+00
 4.46747E-17
 2.01280E+06
 1.00000E+00
 4.46747E-17
 2.01280E+06
 1.00000E+00
 4.46747E-17
 2.01280E+06
 1.00000E+00
 4.46747E-17
 2.01280E+06
 1.00000E+00
 4.46747E-17
 2.01280E+06
 1.00000E+00
 4.46747E-17
 2.01280E+06
 1.00000E+00
 4.46747E-17
 2.01280E+06
 1.00000E+00
 4.46747E-17
 2.01280E+06
 1.00000E+00
 4.46747E-17
 2.01280E+06
 1.00000E+00
 4.46747E-17
 2.01279E+06
 1.00000E+00
 4.46748E-17
 2.01279E+06
 1.00000E+00
 4.46748E-17
 2.01279E+06
 1.00000E+00
 4.46748E-17
 2.01279E+06
 1.00000E+00
 4.46748E-17
 2.01279E+06
 1.00000E+00
 4.46748E-17
 2.01279E+06
 1.00000E+00
 4.46748E-17
 2.01279E+06
 1.00000E+00
 4.46748E-17
 2.01279E+06
 1.00000E+00
 4.46748E-17
 2.01279E+06
 1.00000E+00
 4.46748E-17
 2.01279E+06
 1.00000E+00
 4.46748E-17
 2.01279E+06
 1.00000E+00
 4.46748E-17
 2.01279E+06
 1.00000E+00
 4.46748E-17
 2.01279E+06
 1.00000E+00
 4.46748E-17
 2.01279E+06
 1.00000E+00
 4.46748E-17
 2.01279E+06
 1.00000E+00
 4.46748E-17
 2.01279E+06
 1.00000E+00
 4.46748E-17
 2.01279E+06
 1.00000E+00
 4.46748E-17
 2.01279E+06
 1.00000E+00
 4.46748E-17
 2.01279E+06
 1.00000E+00
 4.46748E-17
 2.01279E+06
 1.00000E+00
 4.46748E-17
 2.01279E+06
 1.00000E+00
 4.46748E-17
 2.01279E+06
 1.00000E+00
 4.46748E-17
 2.01279E+06
 1.00000E+00
 4.46748E-17
 2.01279E+06
 1.00000E+00
 4.46748E-17
 2.01279E+06
 1.00000E+00
 4.46748E-17
 2.01279E+06
 1.00000E+00
 4.46748E-17
 2.01280E+06
 1.00000E+00
 4.46748E-17
 2.01279E+06
 1.00000E+00
 4.46748E-17
 2.01280E+06
 1.00000E+00
 4.46748E-17
 2.01280E+06
 1.00000E+00
 4.46748E-17
 2.01280E+06
 1.00000E+00
 4.46748E-17
 2.01280E+06
 1.00000E+00
 4.46748E-17
 2.01280E+06
 1.00000E+00
 4.46747E-17
 2.01280E+06
 1.00000E+00
 4.46748E-17
 2.01280E+06
 1.00000E+00
 4.46747E-17
 2.01280E+06
 1.00000E+00
 4.46748E-17
 2.01280E+06
 1.00000E+00
 4.46747E-17
 2.01280E+06
 1.00000E+00
 4.46748E-17
 2.01280E+06
 1.00000E+00
 4.46747E-17
 2.01280E+06
 1.00000E+00
 4.46748E-17
 2.01280E+06
 1.00000E+00
 4.46747E-17
 2.01280E+06
 1.00000E+00
 4.46748E-17
 2.01280E+06
 1.00000E+00
 4.46747E-17
 2.01280E+06
 1.00000E+00
 4.46748E-17
 2.01280E+06
 1.00000E+00
 4.46747E-17
 2.01280E+06
 1.00000E+00
 4.46748E-17
 2.01280E+06
 1.00000E+00
 4.46747E-17
 2.01280E+06
 1.00000E+00
 4.46748E-17
 2.01280E+06
 1.00000E+00
 4.46747E-17
 2.01280E+06
 1.00000E+00
 4.46748E-17
 2.01280E+06
 1.00000E+00
 4.46747E-17
 2.01280E+06
 1.00000E+00
 4.46748E-17
 2.01280E+06
 1.00000E+00
 4.46748E-17
 2.01280E+06
 1.00000E+00
 4.46748E-17
 2.01280E+06
 1.00000E+00
 4.46748E-17
 2.01280E+06
 1.00000E+00
 4.46748E-17
 2.01280E+06
 1.00000E+00
 4.46748E-17
 2.01280E+06
 1.00000E+00
 4.46748E-17
 2.01280E+06
 1.00000E+00
 4.46748E-17
 2.01279E+06
 1.00000E+00
 4.46748E-17
 2.01280E+06
 1.00000E+00
 4.46748E-17
 2.01279E+06
 1.00000E+00
 4.46748E-17
 2.01280E+06
 1.00000E+00
 4.46748E-17
 2.01279E+06
 1.00000E+00
 4.46748E-17
 2.01280E+06
 1.00000E+00
 4.46748E-17
 2.01279E+06
 1.00000E+00
 4.46748E-17
 2.01279E+06
 1.00000E+00
 4.46748E-17
 2.01279E+06
 1.00000E+00
 4.46748E-17
 2.01279E+06
 1.00000E+00
 4.46749E-17
 2.01279E+06
 1.00000E+00
 4.46748E-17
 2.01279E+06
 1.00000E+00
 4.46748E-17
 2.01279E+06
 1.00000E+00
 4.46748E-17
 2.01279E+06
 1.00000E+00
 4.46748E-17
 2.01279E+06
 1.00000E+00
 4.46748E-17
 2.01279E+06
 1.00000E+00
 4.46748E-17
 2.01279E+06
 1.00000E+00
 4.46748E-17
 2.01279E+06
 1.00000E+00
 4.46748E-17
 2.01279E+06
 1.00000E+00
 4.46749E-17
 2.01279E+06
 1.00000E+00
 4.46749E-17
 2.01279E+06
 1.00000E+00
 4.46749E-17
 2.01279E+06
 1.00000E+00
 4.46749E-17
 2.01279E+06
 1.00000E+00
 4.46749E-17
 2.01279E+06
 1.00000E+00
 4.46749E-17
 2.01279E+06
 1.00000E+00
 4.46749E-17
 2.01279E+06
 1.00000E+00
 4.46749E-17
 2.01279E+06
 1.00000E+00
 4.46749E-17
 2.01279E+06
 1.00000E+00
 4.46749E-17
 2.01279E+06
 1.00000E+00
 4.46749E-17
 2.01279E+06
 1.00000E+00
 4.46749E-17
 2.01279E+06
 1.00000E+00
 4.46749E-17
 2.01279E+06
 1.00000E+00
 4.46749E-17
 2.01279E+06
 1.00000E+00
 4.46749E-17
 2.01279E+06
 1.00000E+00
 4.46748E-17
 2.01279E+06
 1.00000E+00
 4.46748E-17
 2.01279E+06
 1.00000E+00
 4.46748E-17
 2.01279E+06
 1.00000E+00
 4.46748E-17
 2.01279E+06
 1.00000E+00
 4.46748E-17
 2.01279E+06
 1.00000E+00
 4.46748E-17
 2.01279E+06
 1.00000E+00
 4.46748E-17
 2.01279E+06
 1.00000E+00
 4.46748E-17
 2.01279E+06
 1.00000E+00
 4.46748E-17
 2.01279E+06
 1.00000E+00
 4.46748E-17
 2.01279E+06
 1.00000E+00
 4.46748E-17
 2.01279E+06
 1.00000E+00
 4.46748E-17
 2.01279E+06
 1.00000E+00
 4.46748E-17
 2.01279E+06
 1.00000E+00
 4.46748E-17
 2.01279E+06
 1.00000E+00
 4.46748E-17
 2.01279E+06
 1.00000E+00
 4.46748E-17
 2.01279E+06
 1.00000E+00
 4.46748E-17
 2.01279E+06
 1.00000E+00
 4.46748E-17
 2.01279E+06
 1.00000E+00
 4.46748E-17
 2.01279E+06
 1.00000E+00
 4.46748E-17
 2.01279E+06
 1.00000E+00
 4.46748E-17
 2.01279E+06
 1.00000E+00
 4.46748E-17
 2.01279E+06
 1.00000E+00
 4.46748E-17
 2.01279E+06
 1.00000E+00
 4.46748E-17
 2.01279E+06
 1.00000E+00
 4.46748E-17
 2.01279E+06
 1.00000E+00
 4.46748E-17
 2.01279E+06
 1.00000E+00
 4.46748E-17
 2.01279E+06
 1.00000E+00
 4.46748E-17
 2.01279E+06
 1.00000E+00
 4.46748E-17
 2.01279E+06
 1.00000E+00
 4.46748E-17
 2.01279E+06
 1.00000E+00
 4.46748E-17
 2.01279E+06
 1.00000E+00
 4.46748E-17
 2.01279E+06
 1.00000E+00
 4.46748E-17
 2.01279E+06
 1.00000E+00
 4.46748E-17
 2.01279E+06
 1.00000E+00
 4.46748E-17
 2.01279E+06
 1.00000E+00
 4.46748E-17
 2.01279E+06
 1.00000E+00
 4.46748E-17
 2.01279E+06
 1.00000E+00
 4.46748E-17
 2.01279E+06
 1.00000E+00
 4.46748E-17
 2.01279E+06
 1.00000E+00
 4.46748E-17
 2.01279E+06
 1.00000E+00
 4.46748E-17
 2.01279E+06
 1.00000E+00
 4.46748E-17
 2.01279E+06
 1.00000E+00
 4.46748E-17
 2.01279E+06
 1.00000E+00
 4.46748E-17
 2.01279E+06
 1.00000E+00
 4.46748E-17
 2.01279E+06
 1.00000E+00
 4.46748E-17
 2.01279E+06
 1.00000E+00
 4.46748E-17
 2.01279E+06
 1.00000E+00
 4.46748E-17
 2.01279E+06
 1.00000E+00
 4.46748E-17
 2.01279E+06
 1.00000E+00
 4.46748E-17
 2.01279E+06
 1.00000E+00
 4.46748E-17
 2.01279E+06
 1.00000E+00
 4.46748E-17
 2.01279E+06
 1.00000E+00
 4.46748E-17
 2.01279E+06
 1.00000E+00
 4.46748E-17
 2.01279E+06
 1.00000E+00
 4.46748E-17
 2.01279E+06
 1.00000E+00
 4.46748E-17
 2.01279E+06
 1.00000E+00
 4.46748E-17
 2.01279E+06
 1.00000E+00
 4.46748E-17
 2.01279E+06
 1.00000E+00
 4.46748E-17
 2.01279E+06
 1.00000E+00
 4.46748E-17
 2.01279E+06
 1.00000E+00
 4.46748E-17
 2.01279E+06
 1.00000E+00
 4.46748E-17
 2.01279E+06
 1.00000E+00
 4.46748E-17
 2.01279E+06
 1.00000E+00
 4.46748E-17
 2.01279E+06
 1.00000E+00
 4.46748E-17
 2.01279E+06
 1.00000E+00
 4.46748E-17
 2.01279E+06
 1.00000E+00
 4.46748E-17
 2.01279E+06
 1.00000E+00
 4.46748E-17
 2.01279E+06
 1.00000E+00
 4.46748E-17
 2.01279E+06
 1.00000E+00
 4.46748E-17
 2.01279E+06
 1.00000E+00
 4.46748E-17
 2.01279E+06
 1.00000E+00
 4.46748E-17
 2.01279E+06
 1.00000E+00
 4.46748E-17
 2.01279E+06
 1.00000E+00
 4.46748E-17
 2.01279E+06
 1.00000E+00
 4.46748E-17
 2.01279E+06
 1.00000E+00
 4.46748E-17
 2.01279E+06
 1.00000E+00
 4.46748E-17
 2.01279E+06
 1.00000E+00
 4.46748E-17
 2.01279E+06
 1.00000E+00
 4.46748E-17
 2.01279E+06
 1.00000E+00
 4.46748E-17
 2.01279E+06
 1.00000E+00
 4.46748E-17
 2.01279E+06
 1.00000E+00
 4.46748E-17
 2.01279E+06
 1.00000E+00
 4.46748E-17
 2.01279E+06
 1.00000E+00
 4.46748E-17
 2.01279E+06
 1.00000E+00
 4.46748E-17
 2.01279E+06
 1.00000E+00
 4.46748E-17
 2.01279E+06
 1.00000E+00
 4.46748E-17
 2.01279E+06
 1.00000E+00
 4.46748E-17
 2.01279E+06
 1.00000E+00
 4.46748E-17
 2.01279E+06
 1.00000E+00
 4.46748E-17
 2.01279E+06
 1.00000E+00
 4.46748E-17
 2.01279E+06
 1.00000E+00
 4.46748E-17
 2.01279E+06
 1.00000E+00
 4.46748E-17
 2.01279E+06
 1.00000E+00
 4.46748E-17
 2.01279E+06
 1.00000E+00
 4.46748E-17
 2.01279E+06
 1.00000E+00
 4.46748E-17
 2.01279E+06
 1.00000E+00
 4.46748E-17
 2.01279E+06
 1.00000E+00
 4.46748E-17
 2.01279E+06
 1.00000E+00
 4.46748E-17
 2.01279E+06
 1.00000E+00
 4.46748E-17
 2.01279E+06
 1.00000E+00
 4.46748E-17
 2.01279E+06
 1.00000E+00
 4.46748E-17
 2.01279E+06
 1.00000E+00
 4.46748E-17
 2.01279E+06
 1.00000E+00
 4.46748E-17
 2.01279E+06
 1.00000E+00
 4.46748E-17
 2.01279E+06
 1.00000E+00
 4.46748E-17
 2.01279E+06
 1.00000E+00
 4.46748E-17
 2.01279E+06
 1.00000E+00
 4.46748E-17
 2.01279E+06
 1.00000E+00
 4.46748E-17
 2.01279E+06
 1.00000E+00
 4.46748E-17
 2.01279E+06
 1.00000E+00
 4.46748E-17
 2.01279E+06
 1.00000E+00
 4.46748E-17
 2.01279E+06
 1.00000E+00
 4.46748E-17
 2.01279E+06
 1.00000E+00
 4.46748E-17
 2.01279E+06
 1.00000E+00
 4.46748E-17
 2.01279E+06
 1.00000E+00
 4.46748E-17
 2.01279E+06
 1.00000E+00
 4.46748E-17
 2.01279E+06
 1.00000E+00
 4.46748E-17
 2.01279E+06
 1.00000E+00
 4.46748E-17
 2.01279E+06
 1.00000E+00
 4.46748E-17
 2.01279E+06
 1.00000E+00
 4.46748E-17
 2.01279E+06
 1.00000E+00
 4.46748E-17
 2.01279E+06
 1.00000E+00
 4.46748E-17
 2.01279E+06
 1.00000E+00
 4.46748E-17
 2.01279E+06
 1.00000E+00
 4.46748E-17
 2.01279E+06
 1.00000E+00
 4.46748E-17
 2.01279E+06
 1.00000E+00
 4.46748E-17
 2.01279E+06
 1.00000E+00
 4.46748E-17
 2.01279E+06
 1.00000E+00
 4.46748E-17
 2.01279E+06
 1.00000E+00
 4.46748E-17
 2.01279E+06
 1.00000E+00
 4.46748E-17
 2.01279E+06
 1.00000E+00
 4.46748E-17
 2.01279E+06
 1.00000E+00
 4.46748E-17
 2.01279E+06
 1.00000E+00
 4.46748E-17
 2.01279E+06
 1.00000E+00
 4.46748E-17
 2.01279E+06
 1.00000E+00
 4.46748E-17
 2.01279E+06
 1.00000E+00
 4.46748E-17
 2.01279E+06
 1.00000E+00
 4.46748E-17
 2.01279E+06
 1.00000E+00
 4.46748E-17
 2.01279E+06
 1.00000E+00
 4.46748E-17
 2.01279E+06
 1.00000E+00
 4.46748E-17
 2.01279E+06
 1.00000E+00
 4.46748E-17
 2.01279E+06
 1.00000E+00
 4.46748E-17
 2.01279E+06
 1.00000E+00
 4.46748E-17
 2.01279E+06
 1.00000E+00
 4.46748E-17
 2.01279E+06
 1.00000E+00
 4.46748E-17
 2.01279E+06
 1.00000E+00
 4.46748E-17
 2.01279E+06
 1.00000E+00
 4.46748E-17
 2.01279E+06
 1.00000E+00
 4.46748E-17
 2.01279E+06
 1.00000E+00
 4.46748E-17
 2.01279E+06
 1.00000E+00
 4.46748E-17
 2.01279E+06
 1.00000E+00
 4.46748E-17
 2.01279E+06
 1.00000E+00
 4.46748E-17
 2.01279E+06
 1.00000E+00
 4.46748E-17
 2.01279E+06
 1.00000E+00
 4.46748E-17
 2.01279E+06
 1.00000E+00
 4.46748E-17
 2.01279E+06
 1.00000E+00
 4.46748E-17
 2.01279E+06
 1.00000E+00
 4.46748E-17
 2.01279E+06
 1.00000E+00
 4.46748E-17
 2.01279E+06
 1.00000E+00
 4.46748E-17
 2.01279E+06
 1.00000E+00
 4.46748E-17
 2.01279E+06
 1.00000E+00
 4.46748E-17
 2.01279E+06
 1.00000E+00
 4.46748E-17
 2.01279E+06
 1.00000E+00
 4.46748E-17
 2.01279E+06
 1.00000E+00
 4.46748E-17
 2.01279E+06
 1.00000E+00
 4.46748E-17
 2.01279E+06
 1.00000E+00
 4.46748E-17
 2.01279E+06
 1.00000E+00
 4.46748E-17
 2.01279E+06
 1.00000E+00
 4.46748E-17
 2.01279E+06
 1.00000E+00
 4.46748E-17
 2.01279E+06
 1.00000E+00
 4.46748E-17
 2.01279E+06
 1.00000E+00
 4.46748E-17
 2.01279E+06
 1.00000E+00
 4.46748E-17
 2.01279E+06
 1.00000E+00
 4.46748E-17
 2.01279E+06
 1.00000E+00
 4.46748E-17
 2.01279E+06
 1.00000E+00
 4.46748E-17
 2.01279E+06
 1.00000E+00
 4.46748E-17
 2.01279E+06
 1.00000E+00
 4.46748E-17
 2.01279E+06
 1.00000E+00
 4.46748E-17
 2.01279E+06
 1.00000E+00
 4.46748E-17
 2.01279E+06
 1.00000E+00
 4.46748E-17
 2.01279E+06
 1.00000E+00
 4.46748E-17
 2.01279E+06
 1.00000E+00
 4.46748E-17
 2.01279E+06
 1.00000E+00
 4.46748E-17
 2.01279E+06
 1.00000E+00
 4.46748E-17
 2.01279E+06
 1.00000E+00
 4.46748E-17
 2.01279E+06
 1.00000E+00
 4.46748E-17
 2.01279E+06
 1.00000E+00
 4.46748E-17
 2.01279E+06
 1.00000E+00
 4.46748E-17
 2.01279E+06
 1.00000E+00
 4.46749E-17
 2.01279E+06
 1.00000E+00
 4.46749E-17
 2.01279E+06
 1.00000E+00
 4.46749E-17
 2.01279E+06
 1.00000E+00
 4.46749E-17
 2.01279E+06
 1.00000E+00
 4.46749E-17
 2.01279E+06
 1.00000E+00
 4.46749E-17
 2.01279E+06
 1.00000E+00
 4.46749E-17
 2.01279E+06
 1.00000E+00
 4.46749E-17
 2.01279E+06
 1.00000E+00
 4.46749E-17
 2.01279E+06
 1.00000E+00
 4.46749E-17
 2.01279E+06
 1.00000E+00
 4.46749E-17
 2.01279E+06
 1.00000E+00
 4.46749E-17
 2.01279E+06
 1.00000E+00
 4.46749E-17
 2.01279E+06
 1.00000E+00
 4.46748E-17
 2.01279E+06
 1.00000E+00
 4.46748E-17
 2.01279E+06
 1.00000E+00
 4.46748E-17
 2.01279E+06
 1.00000E+00
 4.46748E-17
 2.01279E+06
 1.00000E+00
 4.46748E-17
 2.01279E+06
 1.00000E+00
 4.46748E-17
 2.01279E+06
 1.00000E+00
 4.46748E-17
 2.01279E+06
 1.00000E+00
 4.46748E-17
 2.01279E+06
 1.00000E+00
 4.46748E-17
 2.01279E+06
 1.00000E+00
 4.46748E-17
 2.01279E+06
 1.00000E+00
 4.46748E-17
 2.01279E+06
 1.00000E+00
 4.46748E-17
 2.01279E+06
 1.00000E+00
 4.46748E-17
 2.01279E+06
 1.00000E+00
 4.46748E-17
 2.01279E+06
 1.00000E+00
 4.46748E-17
 2.01279E+06
 1.00000E+00
 4.46748E-17
 2.01279E+06
 1.00000E+00
 4.46748E-17
 2.01279E+06
 1.00000E+00
 4.46748E-17
 2.01279E+06
 1.00000E+00
 4.46749E-17
 2.01279E+06
 1.00000E+00
 4.46749E-17
 2.01279E+06
 1.00000E+00
 4.46749E-17
 2.01279E+06
 1.00000E+00
 4.46749E-17
 2.01279E+06
 1.00000E+00
 4.46749E-17
 2.01279E+06
 1.00000E+00
 4.46749E-17
 2.01279E+06
 1.00000E+00
 4.46749E-17
 2.01279E+06
 1.00000E+00
 4.46749E-17
 2.01279E+06
 1.00000E+00
 4.46749E-17
 2.01279E+06
 1.00000E+00
 4.46749E-17
 2.01279E+06
 1.00000E+00
 4.46749E-17
 2.01279E+06
 1.00000E+00
 4.46749E-17
 2.01279E+06
 1.00000E+00
 4.46749E-17
 2.01279E+06
 1.00000E+00
 4.46749E-17
 2.01279E+06
 1.00000E+00
 4.46749E-17
 2.01279E+06
 1.00000E+00
 4.46749E-17
 2.01279E+06
 1.00000E+00
 4.46749E-17
 2.01279E+06
 1.00000E+00
 4.46749E-17
 2.01279E+06
 1.00000E+00
 4.46749E-17
 2.01279E+06
 1.00000E+00
 4.46749E-17
 2.01279E+06
 1.00000E+00
 4.46749E-17
 2.01279E+06
 1.00000E+00
 4.46749E-17
 2.01279E+06
 1.00000E+00
 4.46748E-17
 2.01279E+06
 1.00000E+00
 4.46749E-17
 2.01279E+06
 1.00000E+00
 4.46748E-17
 2.01279E+06
 1.00000E+00
 4.46749E-17
 2.01279E+06
 1.00000E+00
 4.46748E-17
 2.01279E+06
 1.00000E+00
 4.46748E-17
 2.01279E+06
 1.00000E+00
 4.46748E-17
 2.01279E+06
 1.00000E+00
 4.46748E-17
 2.01279E+06
 1.00000E+00
 4.46748E-17
 2.01279E+06
 1.00000E+00
 4.46748E-17
 2.01279E+06
 1.00000E+00
 4.46748E-17
 2.01279E+06
 1.00000E+00
 4.46748E-17
 2.01279E+06
 1.00000E+00
 4.46748E-17
 2.01279E+06
 1.00000E+00
 4.46748E-17
 2.01279E+06
 1.00000E+00
 4.46748E-17
 2.01279E+06
 1.00000E+00
 4.46748E-17
 2.01279E+06
 1.00000E+00
 4.46748E-17
 2.01279E+06
 1.00000E+00
 4.46748E-17
 2.01279E+06
 1.00000E+00
 4.46748E-17
 2.01279E+06
 1.00000E+00
 4.46748E-17
 2.01279E+06
 1.00000E+00
 4.46748E-17
 2.01279E+06
 1.00000E+00
 4.46748E-17
 2.01279E+06
 1.00000E+00
 4.46748E-17
 2.01279E+06
 1.00000E+00
 4.46748E-17
 2.01279E+06
 1.00000E+00
 4.46748E-17
 2.01279E+06
 1.00000E+00
 4.46748E-17
 2.01279E+06
 1.00000E+00
 4.46748E-17
 2.01279E+06
 1.00000E+00
 4.46748E-17
 2.01279E+06
 1.00000E+00
 4.46748E-17
 2.01279E+06
 1.00000E+00
 4.46748E-17
 2.01279E+06
 1.00000E+00
 4.46748E-17
 2.01279E+06
 1.00000E+00
 4.46748E-17
 2.01279E+06
 1.00000E+00
 4.46748E-17
 2.01279E+06
 1.00000E+00
 4.46748E-17
 2.01279E+06
 1.00000E+00
 4.46748E-17
 2.01279E+06
 1.00000E+00
 4.46748E-17
 2.01279E+06
 1.00000E+00
 4.46748E-17
 2.01279E+06
 1.00000E+00
 4.46748E-17
 2.01279E+06
 1.00000E+00
 4.46748E-17
 2.01279E+06
 1.00000E+00
 4.46748E-17
 2.01279E+06
 1.00000E+00
 4.46748E-17
 2.01279E+06
 1.00000E+00
 4.46748E-17
 2.01279E+06
 1.00000E+00
 4.46748E-17
 2.01279E+06
 1.00000E+00
 4.46748E-17
 2.01279E+06
 1.00000E+00
 4.46748E-17
 2.01279E+06
 1.00000E+00
 4.46748E-17
 2.01279E+06
 1.00000E+00
 4.46748E-17
 2.01279E+06
 1.00000E+00
 4.46748E-17
 2.01279E+06
 1.00000E+00
 4.46748E-17
 2.01279E+06
 1.00000E+00
 4.46748E-17
 2.01279E+06
 1.00000E+00
 4.46748E-17
 2.01279E+06
 1.00000E+00
 4.46748E-17
 2.01279E+06
 1.00000E+00
 4.46748E-17
 2.01279E+06
 1.00000E+00
 4.46748E-17
 2.01279E+06
 1.00000E+00
 4.46748E-17
 2.01279E+06
 1.00000E+00
 4.46748E-17
 2.01279E+06
 1.00000E+00
 4.46748E-17
 2.01279E+06
 1.00000E+00
 4.46748E-17
 2.01279E+06
 1.00000E+00
 4.46748E-17
 2.01279E+06
 1.00000E+00
 4.46748E-17
 2.01279E+06
 1.00000E+00
 4.46748E-17
 2.01279E+06
 1.00000E+00
 4.46748E-17
 2.01279E+06
 1.00000E+00
 4.46748E-17
 2.01279E+06
 1.00000E+00
 4.46748E-17
 2.01279E+06
 1.00000E+00
 4.46748E-17
 2.01279E+06
 1.00000E+00
 4.46748E-17
 2.01279E+06
 1.00000E+00
 4.46748E-17
 2.01279E+06
 1.00000E+00
 4.46748E-17
 2.01279E+06
 1.00000E+00
 4.46748E-17
 2.01279E+06
 1.00000E+00
 4.46748E-17
 2.01279E+06
 1.00000E+00
 4.46748E-17
 2.01279E+06
 1.00000E+00
 4.46748E-17
 2.01279E+06
 1.00000E+00
 4.46748E-17
 2.01279E+06
 1.00000E+00
 4.46748E-17
 2.01279E+06
 1.00000E+00
 4.46748E-17
 2.01279E+06
 1.00000E+00
 4.46749E-17
 2.01279E+06
 1.00000E+00
 4.46749E-17
 2.01279E+06
 1.00000E+00
 4.46749E-17
 2.01279E+06
 1.00000E+00
 4.46749E-17
 2.01279E+06
 1.00000E+00
 4.46749E-17
 2.01279E+06
 1.00000E+00
 4.46749E-17
 2.01279E+06
 1.00000E+00
 4.46749E-17
 2.01279E+06
 1.00000E+00
 4.46749E-17
 2.01279E+06
 1.00000E+00
 4.46749E-17
 2.01279E+06
 1.00000E+00
 4.46749E-17
 2.01279E+06
 1.00000E+00
 4.46750E-17
 2.01279E+06
 1.00000E+00
 4.46750E-17
 2.01279E+06
 1.00000E+00
 4.46750E-17
 2.01279E+06
 1.00000E+00
 4.46750E-17
 2.01279E+06
 1.00000E+00
 4.46750E-17
 2.01279E+06
 1.00000E+00
 4.46750E-17
 2.01279E+06
 1.00000E+00
 4.46750E-17
 2.01279E+06
 1.00000E+00
 4.46750E-17
 2.01279E+06
 1.00000E+00
 4.46750E-17
 2.01279E+06
 1.00000E+00
 4.46750E-17
 2.01279E+06
 1.00000E+00
 4.46749E-17
 2.01279E+06
 1.00000E+00
 4.46750E-17
 2.01279E+06
 1.00000E+00
 4.46749E-17
 2.01279E+06
 1.00000E+00
 4.46749E-17
 2.01279E+06
 1.00000E+00
 4.46749E-17
 2.01279E+06
 1.00000E+00
 4.46749E-17
 2.01279E+06
 1.00000E+00
 4.46749E-17
 2.01279E+06
 1.00000E+00
 4.46749E-17
 2.01279E+06
 1.00000E+00
 4.46749E-17
 2.01279E+06
 1.00000E+00
 4.46749E-17
 2.01279E+06
 1.00000E+00
 4.46749E-17
 2.01279E+06
 1.00000E+00
 4.46749E-17
 2.01279E+06
 1.00000E+00
 4.46749E-17
 2.01279E+06
 1.00000E+00
 4.46749E-17
 2.01279E+06
 1.00000E+00
 4.46749E-17
 2.01279E+06
 1.00000E+00
 4.46749E-17
 2.01279E+06
 1.00000E+00
 4.46749E-17
 2.01279E+06
 1.00000E+00
 4.46749E-17
 2.01279E+06
 1.00000E+00
 4.46749E-17
 2.01279E+06
 1.00000E+00
 4.46749E-17
 2.01279E+06
 1.00000E+00
 4.46749E-17
 2.01279E+06
 1.00000E+00
 4.46749E-17
 2.01279E+06
 1.00000E+00
 4.46749E-17
 2.01279E+06
 1.00000E+00
 4.46749E-17
 2.01279E+06
 1.00000E+00
 4.46749E-17
 2.01279E+06
 1.00000E+00
 4.46749E-17
 2.01279E+06
 1.00000E+00
 4.46749E-17
 2.01279E+06
 1.00000E+00
 4.46749E-17
 2.01279E+06
 1.00000E+00
 4.46749E-17
 2.01279E+06
 1.00000E+00
 4.46749E-17
 2.01279E+06
 1.00000E+00
 4.46749E-17
 2.01279E+06
 1.00000E+00
 4.46749E-17
 2.01279E+06
 1.00000E+00
 4.46749E-17
 2.01279E+06
 1.00000E+00
 4.46749E-17
 2.01279E+06
 1.00000E+00
 4.46749E-17
 2.01279E+06
 1.00000E+00
 4.46749E-17
 2.01279E+06
 1.00000E+00
 4.46749E-17
 2.01279E+06
 1.00000E+00
 4.46749E-17
 2.01279E+06
 1.00000E+00
 4.46749E-17
 2.01279E+06
 1.00000E+00
 4.46749E-17
 2.01279E+06
 1.00000E+00
 4.46749E-17
 2.01279E+06
 1.00000E+00
 4.46749E-17
 2.01279E+06
 1.00000E+00
 4.46749E-17
 2.01279E+06
 1.00000E+00
 4.46749E-17
 2.01279E+06
 1.00000E+00
 4.46749E-17
 2.01279E+06
 1.00000E+00
 4.46749E-17
 2.01279E+06
 1.00000E+00
 4.46749E-17
 2.01279E+06
 1.00000E+00
 4.46749E-17
 2.01279E+06
 1.00000E+00
 4.46749E-17
 2.01279E+06
 1.00000E+00
 4.46749E-17
 2.01279E+06
 1.00000E+00
 4.46749E-17
 2.01279E+06
 1.00000E+00
 4.46749E-17
 2.01279E+06
 1.00000E+00
 4.46749E-17
 2.01279E+06
 1.00000E+00
 4.46749E-17
 2.01279E+06
 1.00000E+00
 4.46749E-17
 2.01279E+06
 1.00000E+00
 4.46749E-17
 2.01279E+06
 1.00000E+00
 4.46749E-17
 2.01279E+06
 1.00000E+00
 4.46749E-17
 2.01279E+06
 1.00000E+00
 4.46749E-17
 2.01279E+06
 1.00000E+00
 4.46749E-17
 2.01279E+06
 1.00000E+00
 4.46749E-17
 2.01279E+06
 1.00000E+00
 4.46749E-17
 2.01279E+06
 1.00000E+00
 4.46749E-17
 2.01279E+06
 1.00000E+00
 4.46749E-17
 2.01279E+06
 1.00000E+00
 4.46749E-17
 2.01279E+06
 1.00000E+00
 4.46749E-17
 2.01279E+06
 1.00000E+00
 4.46749E-17
 2.01279E+06
 1.00000E+00
 4.46749E-17
 2.01279E+06
 1.00000E+00
 4.46749E-17
 2.01279E+06
 1.00000E+00
 4.46749E-17
 2.01279E+06
 1.00000E+00
 4.46749E-17
 2.01279E+06
 1.00000E+00
 4.46749E-17
 2.01279E+06
 1.00000E+00
 4.46749E-17
 2.01279E+06
 1.00000E+00
 4.46749E-17
 2.01279E+06
 1.00000E+00
 4.46749E-17
 2.01279E+06
 1.00000E+00
 4.46749E-17
 2.01279E+06
 1.00000E+00
 4.46749E-17
 2.01279E+06
 1.00000E+00
 4.46749E-17
 2.01279E+06
 1.00000E+00
 4.46749E-17
 2.01279E+06
 1.00000E+00
 4.46749E-17
 2.01279E+06
 1.00000E+00
 4.46749E-17
 2.01279E+06
 1.00000E+00
 4.46749E-17
 2.01279E+06
 1.00000E+00
 4.46749E-17
 2.01279E+06
 1.00000E+00
 4.46749E-17
 2.01279E+06
 1.00000E+00
 4.46749E-17
 2.01279E+06
 1.00000E+00
 4.46749E-17
 2.01279E+06
 1.00000E+00
 4.46749E-17
 2.01279E+06
 1.00000E+00
 4.46749E-17
 2.01279E+06
 1.00000E+00
 4.46749E-17
 2.01279E+06
 1.00000E+00
 4.46749E-17
 2.01279E+06
 1.00000E+00
 4.46749E-17
 2.01279E+06
 1.00000E+00
 4.46749E-17
 2.01279E+06
 1.00000E+00
 4.46749E-17
 2.01279E+06
 1.00000E+00
 4.46749E-17
 2.01279E+06
 1.00000E+00
 4.46749E-17
 2.01279E+06
 1.00000E+00
 4.46749E-17
 2.01279E+06
 1.00000E+00
 4.46749E-17
 2.01279E+06
 1.00000E+00
 4.46749E-17
 2.01279E+06
 1.00000E+00
 4.46749E-17
 2.01279E+06
 1.00000E+00
 4.46749E-17
 2.01279E+06
 1.00000E+00
 4.46749E-17
 2.01279E+06
 1.00000E+00
 4.46749E-17
 2.01279E+06
 1.00000E+00
 4.46749E-17
 2.01279E+06
 1.00000E+00
 4.46749E-17
 2.01279E+06
 1.00000E+00
 4.46749E-17
 2.01279E+06
 1.00000E+00
 4.46749E-17
 2.01279E+06
 1.00000E+00
 4.46749E-17
 2.01279E+06
 1.00000E+00
 4.46749E-17
 2.01279E+06
 1.00000E+00
 4.46749E-17
 2.01279E+06
 1.00000E+00
 4.46749E-17
 2.01279E+06
 1.00000E+00
 4.46749E-17
 2.01279E+06
 1.00000E+00
 4.46749E-17
 2.01279E+06
 1.00000E+00
 4.46749E-17
 2.01279E+06
 1.00000E+00
 4.46749E-17
 2.01279E+06
 1.00000E+00
 4.46749E-17
 2.01279E+06
 1.00000E+00
 4.46749E-17
 2.01279E+06
 1.00000E+00
 4.46749E-17
 2.01279E+06
 1.00000E+00
 4.46749E-17
 2.01279E+06
 1.00000E+00
 4.46749E-17
 2.01279E+06
 1.00000E+00
 4.46749E-17
 2.01279E+06
 1.00000E+00
 4.46749E-17
 2.01279E+06
 1.00000E+00
 4.46749E-17
 2.01279E+06
 1.00000E+00
 4.46749E-17
 2.01279E+06
 1.00000E+00
 4.46749E-17
 2.01279E+06
 1.00000E+00
 4.46749E-17
 2.01279E+06
 1.00000E+00
 4.46749E-17
 2.01279E+06
 1.00000E+00
 4.46749E-17
 2.01279E+06
 1.00000E+00
 4.46749E-17
 2.01279E+06
 1.00000E+00
 4.46749E-17
 2.01279E+06
 1.00000E+00
 4.46749E-17
 2.01279E+06
 1.00000E+00
 4.46749E-17
 2.01279E+06
 1.00000E+00
 4.46749E-17
 2.01279E+06
 1.00000E+00
 4.46749E-17
 2.01279E+06
 1.00000E+00
 4.46749E-17
 2.01279E+06
 1.00000E+00
 4.46749E-17
 2.01279E+06
 1.00000E+00
 4.46749E-17
 2.01279E+06
 1.00000E+00
 4.46749E-17
 2.01279E+06
 1.00000E+00
 4.46749E-17
 2.01279E+06
 1.00000E+00
 4.46749E-17
 2.01279E+06
 1.00000E+00
 4.46749E-17
 2.01279E+06
 1.00000E+00
 4.46749E-17
 2.01279E+06
 1.00000E+00
 4.46749E-17
 2.01279E+06
 1.00000E+00
 4.46749E-17
 2.01279E+06
 1.00000E+00
 4.46749E-17
 2.01279E+06
 1.00000E+00
 4.46749E-17
 2.01279E+06
 1.00000E+00
 4.46749E-17
 2.01279E+06
 1.00000E+00
 4.46749E-17
 2.01279E+06
 1.00000E+00
 4.46749E-17
 2.01279E+06
 1.00000E+00
 4.46749E-17
 2.01279E+06
 1.00000E+00
 4.46749E-17
 2.01279E+06
 1.00000E+00
 4.46749E-17
 2.01279E+06
 1.00000E+00
 4.46749E-17
 2.01279E+06
 1.00000E+00
 4.46749E-17
 2.01279E+06
 1.00000E+00
 4.46749E-17
 2.01279E+06
 1.00000E+00
 4.46749E-17
 2.01279E+06
 1.00000E+00
 4.46750E-17
 2.01279E+06
 1.00000E+00
 4.46750E-17
 2.01279E+06
 1.00000E+00
 4.46750E-17
 2.01279E+06
 1.00000E+00
 4.46750E-17
 2.01279E+06
 1.00000E+00
 4.46750E-17
 2.01279E+06
 1.00000E+00
 4.46750E-17
 2.01279E+06
 1.00000E+00
 4.46750E-17
 2.01279E+06
 1.00000E+00
 4.46749E-17
 2.01279E+06
 1.00000E+00
 4.46749E-17
 2.01279E+06
 1.00000E+00
 4.46749E-17
 2.01279E+06
 1.00000E+00
 4.46749E-17
 2.01279E+06
 1.00000E+00
 4.46749E-17
 2.01279E+06
 1.00000E+00
 4.46749E-17
 2.01279E+06
 1.00000E+00
 4.46749E-17
 2.01279E+06
 1.00000E+00
 4.46749E-17
 2.01279E+06
 1.00000E+00
 4.46749E-17
 2.01279E+06
 1.00000E+00
 4.46749E-17
 2.01279E+06
 1.00000E+00
 4.46749E-17
 2.01279E+06
 1.00000E+00
 4.46749E-17
 2.01279E+06
 1.00000E+00
 4.46749E-17
 2.01279E+06
 1.00000E+00
 4.46749E-17
 2.01279E+06
 1.00000E+00
 4.46749E-17
 2.01279E+06
 1.00000E+00
 4.46749E-17
 2.01279E+06
 1.00000E+00
 4.46749E-17
 2.01279E+06
 1.00000E+00
 4.46749E-17
 2.01279E+06
 1.00000E+00
 4.46749E-17
 2.01279E+06
 1.00000E+00
 4.46749E-17
 2.01279E+06
 1.00000E+00
 4.46749E-17
 2.01279E+06
 1.00000E+00
 4.46749E-17
 2.01279E+06
 1.00000E+00
 4.46749E-17
 2.01279E+06
 1.00000E+00
 4.46749E-17
 2.01279E+06
 1.00000E+00
 4.46749E-17
 2.01279E+06
 1.00000E+00
 4.46749E-17
 2.01279E+06
 1.00000E+00
 4.46749E-17
 2.01279E+06
 1.00000E+00
 4.46749E-17
 2.01279E+06
 1.00000E+00
 4.46749E-17
 2.01279E+06
 1.00000E+00
 4.46749E-17
 2.01279E+06
 1.00000E+00
 4.46749E-17
 2.01279E+06
 1.00000E+00
 4.46749E-17
 2.01279E+06
 1.00000E+00
 4.46749E-17
 2.01279E+06
 1.00000E+00
 4.46749E-17
 2.01279E+06
 1.00000E+00
 4.46749E-17
 2.01279E+06
 1.00000E+00
 4.46749E-17
 2.01279E+06
 1.00000E+00
 4.46749E-17
 2.01279E+06
 1.00000E+00
 4.46749E-17
 2.01279E+06
 1.00000E+00
 4.46749E-17
 2.01279E+06
 1.00000E+00
 4.46749E-17
 2.01279E+06
 1.00000E+00
 4.46749E-17
 2.01279E+06
 1.00000E+00
 4.46749E-17
 2.01279E+06
 1.00000E+00
 4.46749E-17
 2.01279E+06
 1.00000E+00
 4.46749E-17
 2.01279E+06
 1.00000E+00
 4.46749E-17
 2.01279E+06
 1.00000E+00
 4.46749E-17
 2.01279E+06
 1.00000E+00
 4.46749E-17
 2.01279E+06
 1.00000E+00
 4.46749E-17
 2.01279E+06
 1.00000E+00
 4.46749E-17
 2.01279E+06
 1.00000E+00
 4.46749E-17
 2.01279E+06
 1.00000E+00
 4.46749E-17
 2.01279E+06
 1.00000E+00
 4.46749E-17
 2.01279E+06
 1.00000E+00
 4.46749E-17
 2.01279E+06
 1.00000E+00
 4.46749E-17
 2.01279E+06
 1.00000E+00
 4.46749E-17
 2.01279E+06
 1.00000E+00
 4.46749E-17
 2.01279E+06
 1.00000E+00
 4.46749E-17
 2.01279E+06
 1.00000E+00
 4.46749E-17
 2.01279E+06
 1.00000E+00
 4.46749E-17
 2.01279E+06
 1.00000E+00
 4.46749E-17
 2.01279E+06
 1.00000E+00
 4.46749E-17
 2.01279E+06
 1.00000E+00
 4.46749E-17
 2.01279E+06
 1.00000E+00
 4.46749E-17
 2.01279E+06
 1.00000E+00
 4.46749E-17
 2.01279E+06
 1.00000E+00
 4.46749E-17
 2.01279E+06
 1.00000E+00
 4.46749E-17
 2.01279E+06
 1.00000E+00
 4.46749E-17
 2.01279E+06
 1.00000E+00
 4.46749E-17
 2.01279E+06
 1.00000E+00
 4.46749E-17
 2.01279E+06
 1.00000E+00
 4.46749E-17
 2.01279E+06
 1.00000E+00
 4.46749E-17
 2.01279E+06
 1.00000E+00
 4.46749E-17
 2.01279E+06
 1.00000E+00
 4.46749E-17
 2.01279E+06
 1.00000E+00
 4.46749E-17
 2.01279E+06
 1.00000E+00
 4.46749E-17
 2.01279E+06
 1.00000E+00
 4.46749E-17
 2.01279E+06
 1.00000E+00
 4.46749E-17
 2.01279E+06
 1.00000E+00
 4.46749E-17
 2.01279E+06
 1.00000E+00
 4.46749E-17
 2.01279E+06
 1.00000E+00
 4.46749E-17
 2.01279E+06
 1.00000E+00
 4.46749E-17
 2.01279E+06
 1.00000E+00
 4.46749E-17
 2.01279E+06
 1.00000E+00
 4.46749E-17
 2.01279E+06
 1.00000E+00
 4.46749E-17
 2.01279E+06
 1.00000E+00
 4.46749E-17
 2.01279E+06
 1.00000E+00
 4.46749E-17
 2.01279E+06
 1.00000E+00
 4.46749E-17
 2.01279E+06
 1.00000E+00
 4.46749E-17
 2.01279E+06
 1.00000E+00
 4.46749E-17
 2.01279E+06
 1.00000E+00
 4.46749E-17
 2.01279E+06
 1.00000E+00
 4.46749E-17
 2.01279E+06
 1.00000E+00
 4.46749E-17
 2.01279E+06
 1.00000E+00
 4.46749E-17
 2.01279E+06
 1.00000E+00
 4.46749E-17
 2.01279E+06
 1.00000E+00
 4.46749E-17
 2.01279E+06
 1.00000E+00
 4.46749E-17
 2.01279E+06
 1.00000E+00
 4.46749E-17
 2.01279E+06
 1.00000E+00
 4.46749E-17
 2.01279E+06
 1.00000E+00
 4.46749E-17
 2.01279E+06
 1.00000E+00
 4.46749E-17
 2.01279E+06
 1.00000E+00
 4.46749E-17
 2.01279E+06
 1.00000E+00
 4.46749E-17
 2.01279E+06
 1.00000E+00
 4.46749E-17
 2.01279E+06
 1.00000E+00
 4.46749E-17
 2.01279E+06
 1.00000E+00
 4.46749E-17
 2.01279E+06
 1.00000E+00
 4.46749E-17
 2.01279E+06
 1.00000E+00
 4.46749E-17
 2.01279E+06
 1.00000E+00
 4.46749E-17
 2.01279E+06
 1.00000E+00
 4.46749E-17
 2.01279E+06
 1.00000E+00
 4.46749E-17
 2.01279E+06
 1.00000E+00
 4.46749E-17
