 2.01202E+06
 5.00000E-01
 5.00000E-01
 2.01255E+06
 5.02920E-01
 4.97080E-01
 2.01266E+06
 5.05806E-01
 4.94194E-01
 2.01273E+06
 5.08716E-01
 4.91284E-01
 2.01277E+06
 5.11653E-01
 4.88347E-01
 2.01280E+06
 5.14619E-01
 4.85381E-01
 2.01281E+06
 5.17617E-01
 4.82383E-01
 2.01282E+06
 5.20647E-01
 4.79353E-01
 2.01283E+06
 5.23710E-01
 4.76290E-01
 2.01283E+06
 5.26808E-01
 4.73192E-01
 2.01284E+06
 5.29941E-01
 4.70059E-01
 2.01284E+06
 5.33112E-01
 4.66888E-01
 2.01284E+06
 5.36319E-01
 4.63681E-01
 2.01284E+06
 5.39566E-01
 4.60434E-01
 2.01284E+06
 5.42851E-01
 4.57149E-01
 2.01284E+06
 5.46178E-01
 4.53822E-01
 2.01284E+06
 5.49546E-01
 4.50454E-01
 2.01284E+06
 5.52957E-01
 4.47043E-01
 2.01284E+06
 5.56411E-01
 4.43589E-01
 2.01284E+06
 5.59910E-01
 4.40090E-01
 2.01284E+06
 5.63456E-01
 4.36544E-01
 2.01284E+06
 5.67048E-01
 4.32952E-01
 2.01284E+06
 5.70689E-01
 4.29311E-01
 2.01284E+06
 5.74379E-01
 4.25621E-01
 2.01284E+06
 5.78110E-01
 4.21890E-01
 2.01284E+06
 5.81883E-01
 4.18117E-01
 2.01284E+06
 5.85703E-01
 4.14297E-01
 2.01284E+06
 5.89573E-01
 4.10427E-01
 2.01284E+06
 5.93498E-01
 4.06502E-01
 2.01283E+06
 5.97481E-01
 4.02519E-01
 2.01284E+06
 6.01452E-01
 3.98548E-01
 2.01284E+06
 6.05403E-01
 3.94597E-01
 2.01284E+06
 6.09448E-01
 3.90552E-01
 2.01283E+06
 6.13590E-01
 3.86410E-01
 2.01283E+06
 6.17791E-01
 3.82209E-01
 2.01283E+06
 6.22051E-01
 3.77949E-01
 2.01283E+06
 6.26374E-01
 3.73626E-01
 2.01283E+06
 6.30762E-01
 3.69238E-01
 2.01283E+06
 6.35216E-01
 3.64784E-01
 2.01283E+06
 6.39739E-01
 3.60261E-01
 2.01283E+06
 6.44334E-01
 3.55666E-01
 2.01283E+06
 6.49002E-01
 3.50998E-01
 2.01283E+06
 6.53747E-01
 3.46253E-01
 2.01283E+06
 6.58570E-01
 3.41430E-01
 2.01283E+06
 6.63475E-01
 3.36525E-01
 2.01283E+06
 6.68464E-01
 3.31536E-01
 2.01283E+06
 6.73540E-01
 3.26460E-01
 2.01283E+06
 6.78706E-01
 3.21294E-01
 2.01283E+06
 6.83964E-01
 3.16036E-01
 2.01283E+06
 6.89318E-01
 3.10682E-01
 2.01283E+06
 6.94771E-01
 3.05229E-01
 2.01283E+06
 7.00327E-01
 2.99673E-01
 2.01283E+06
 7.05988E-01
 2.94012E-01
 2.01283E+06
 7.11759E-01
 2.88241E-01
 2.01283E+06
 7.17642E-01
 2.82358E-01
 2.01283E+06
 7.23643E-01
 2.76357E-01
 2.01283E+06
 7.29765E-01
 2.70235E-01
 2.01283E+06
 7.36012E-01
 2.63988E-01
 2.01283E+06
 7.42388E-01
 2.57612E-01
 2.01283E+06
 7.48899E-01
 2.51101E-01
 2.01283E+06
 7.55549E-01
 2.44451E-01
 2.01283E+06
 7.62343E-01
 2.37657E-01
 2.01283E+06
 7.69286E-01
 2.30714E-01
 2.01283E+06
 7.76384E-01
 2.23616E-01
 2.01283E+06
 7.83642E-01
 2.16358E-01
 2.01283E+06
 7.91067E-01
 2.08933E-01
 2.01283E+06
 7.98663E-01
 2.01337E-01
 2.01283E+06
 8.06440E-01
 1.93560E-01
 2.01283E+06
 8.14402E-01
 1.85598E-01
 2.01283E+06
 8.22559E-01
 1.77441E-01
 2.01283E+06
 8.30915E-01
 1.69085E-01
 2.01283E+06
 8.39481E-01
 1.60519E-01
 2.01283E+06
 8.48264E-01
 1.51736E-01
 2.01283E+06
 8.57273E-01
 1.42727E-01
 2.01283E+06
 8.66518E-01
 1.33482E-01
 2.01283E+06
 8.76007E-01
 1.23993E-01
 2.01283E+06
 8.85752E-01
 1.14248E-01
 2.01283E+06
 8.95762E-01
 1.04238E-01
 2.01283E+06
 9.06049E-01
 9.39507E-02
 2.01283E+06
 9.16626E-01
 8.33741E-02
 2.01282E+06
 9.27502E-01
 7.24978E-02
 2.01282E+06
 9.38692E-01
 6.13082E-02
 2.01282E+06
 9.50208E-01
 4.97917E-02
 2.01282E+06
 9.62065E-01
 3.79355E-02
 2.01281E+06
 9.72919E-01
 2.70809E-02
 2.01281E+06
 9.80685E-01
 1.93153E-02
 2.01281E+06
 9.86245E-01
 1.37546E-02
 2.01281E+06
 9.90206E-01
 9.79367E-03
 2.01281E+06
 9.93034E-01
 6.96564E-03
 2.01282E+06
 9.95047E-01
 4.95326E-03
 2.01282E+06
 9.96480E-01
 3.52022E-03
 2.01282E+06
 9.97498E-01
 2.50240E-03
 2.01282E+06
 9.98222E-01
 1.77802E-03
 2.01282E+06
 9.98736E-01
 1.26371E-03
 2.01282E+06
 9.99102E-01
 8.97793E-04
 2.01282E+06
 9.99362E-01
 6.38039E-04
 2.01282E+06
 9.99547E-01
 4.53263E-04
 2.01282E+06
 9.99678E-01
 3.22106E-04
 2.01282E+06
 9.99771E-01
 2.28818E-04
 2.01282E+06
 9.99837E-01
 1.62601E-04
 2.01282E+06
 9.99884E-01
 1.15507E-04
 2.01282E+06
 9.99918E-01
 8.20793E-05
 2.01282E+06
 9.99942E-01
 5.83062E-05
 2.01282E+06
 9.99959E-01
 4.14317E-05
 2.01282E+06
 9.99971E-01
 2.94315E-05
 2.01282E+06
 9.99979E-01
 2.09134E-05
 2.01282E+06
 9.99985E-01
 1.48561E-05
 2.01282E+06
 9.99989E-01
 1.05563E-05
 2.01282E+06
 9.99993E-01
 7.49876E-06
 2.01282E+06
 9.99995E-01
 5.32836E-06
 2.01282E+06
 9.99996E-01
 3.78504E-06
 2.01282E+06
 9.99997E-01
 2.68949E-06
 2.01282E+06
 9.99998E-01
 1.91050E-06
 2.01282E+06
 9.99999E-01
 1.35751E-06
 2.01282E+06
 9.99999E-01
 9.64318E-07
 2.01282E+06
 9.99999E-01
 6.85191E-07
 2.01282E+06
 1.00000E+00
 4.86731E-07
 2.01282E+06
 1.00000E+00
 3.45841E-07
 2.01282E+06
 1.00000E+00
 2.45671E-07
 2.01282E+06
 1.00000E+00
 1.74557E-07
 2.01282E+06
 1.00000E+00
 1.23998E-07
 2.01282E+06
 1.00000E+00
 8.81038E-08
 2.01282E+06
 1.00000E+00
 6.25852E-08
 2.01282E+06
 1.00000E+00
 4.44680E-08
 2.01282E+06
 1.00000E+00
 3.15882E-08
 2.01282E+06
 1.00000E+00
 2.24439E-08
 2.01282E+06
 1.00000E+00
 1.59432E-08
 2.01282E+06
 1.00000E+00
 1.13278E-08
 2.01282E+06
 1.00000E+00
 8.04677E-09
 2.01282E+06
 1.00000E+00
 5.71725E-09
 2.01282E+06
 1.00000E+00
 4.06129E-09
 2.01282E+06
 1.00000E+00
 2.88554E-09
 2.01282E+06
 1.00000E+00
 2.04977E-09
 2.01282E+06
 1.00000E+00
 1.45634E-09
 2.01282E+06
 1.00000E+00
 1.03452E-09
 2.01282E+06
 1.00000E+00
 7.35016E-10
 2.01282E+06
 1.00000E+00
 5.22124E-10
 2.01282E+06
 1.00000E+00
 3.70960E-10
 2.01282E+06
 1.00000E+00
 2.63514E-10
 2.01282E+06
 1.00000E+00
 1.87221E-10
 2.01282E+06
 1.00000E+00
 1.32994E-10
 2.01282E+06
 1.00000E+00
 9.44885E-11
 2.01282E+06
 1.00000E+00
 6.71206E-11
 2.01282E+06
 1.00000E+00
 4.76870E-11
 2.01282E+06
 1.00000E+00
 3.38748E-11
 2.01282E+06
 1.00000E+00
 2.40668E-11
 2.01282E+06
 1.00000E+00
 1.70960E-11
 2.01282E+06
 1.00000E+00
 1.21460E-11
 2.01282E+06
 1.00000E+00
 8.62799E-12
 2.01282E+06
 1.00000E+00
 6.12980E-12
 2.01282E+06
 1.00000E+00
 4.35436E-12
 2.01282E+06
 1.00000E+00
 3.09357E-12
 2.01282E+06
 1.00000E+00
 2.19756E-12
 2.01282E+06
 1.00000E+00
 1.56124E-12
 2.01282E+06
 1.00000E+00
 1.10905E-12
 2.01282E+06
 1.00000E+00
 7.87901E-13
 2.01282E+06
 1.00000E+00
 5.59717E-13
 2.01282E+06
 1.00000E+00
 3.97605E-13
 2.01282E+06
 1.00000E+00
 2.82420E-13
 2.01282E+06
 1.00000E+00
 2.00624E-13
 2.01282E+06
 1.00000E+00
 1.42484E-13
 2.01282E+06
 1.00000E+00
 1.01200E-13
 2.01282E+06
 1.00000E+00
 7.18731E-14
 2.01282E+06
 1.00000E+00
 5.10380E-14
 2.01282E+06
 1.00000E+00
 3.62459E-14
 2.01282E+06
 1.00000E+00
 2.57640E-14
 2.01282E+06
 1.00000E+00
 1.83036E-14
 2.01282E+06
 1.00000E+00
 1.30305E-14
 2.01282E+06
 1.00000E+00
 9.30027E-15
 2.01282E+06
 1.00000E+00
 6.59938E-15
 2.01282E+06
 1.00000E+00
 4.66998E-15
 2.01282E+06
 1.00000E+00
 3.25524E-15
 2.01282E+06
 1.00000E+00
 2.29054E-15
 2.01282E+06
 1.00000E+00
 1.64745E-15
 2.01282E+06
 1.00000E+00
 1.13294E-15
 2.01282E+06
 1.00000E+00
 8.11402E-16
 2.01282E+06
 1.00000E+00
 5.54148E-16
 2.01282E+06
 1.00000E+00
 4.25523E-16
 2.01282E+06
 1.00000E+00
 2.96896E-16
 2.01282E+06
 1.00000E+00
 1.68290E-16
 2.01282E+06
 1.00000E+00
 1.03976E-16
 2.01282E+06
 1.00000E+00
 3.96755E-17
 2.01282E+06
 1.00000E+00
 3.96755E-17
 2.01282E+06
 1.00000E+00
 3.96728E-17
 2.01282E+06
 1.00000E+00
 3.96728E-17
 2.01282E+06
 1.00000E+00
 3.96704E-17
 2.01282E+06
 1.00000E+00
 3.96704E-17
 2.01282E+06
 1.00000E+00
 3.96681E-17
 2.01282E+06
 1.00000E+00
 3.96681E-17
 2.01282E+06
 1.00000E+00
 3.96660E-17
 2.01282E+06
 1.00000E+00
 3.96660E-17
 2.01282E+06
 1.00000E+00
 3.96640E-17
 2.01282E+06
 1.00000E+00
 3.96640E-17
 2.01282E+06
 1.00000E+00
 3.96621E-17
 2.01282E+06
 1.00000E+00
 3.96621E-17
 2.01282E+06
 1.00000E+00
 3.96605E-17
 2.01282E+06
 1.00000E+00
 3.96605E-17
 2.01282E+06
 1.00000E+00
 3.96589E-17
 2.01282E+06
 1.00000E+00
 3.96589E-17
 2.01282E+06
 1.00000E+00
 3.96575E-17
 2.01282E+06
 1.00000E+00
 3.96575E-17
 2.01282E+06
 1.00000E+00
 3.96562E-17
 2.01282E+06
 1.00000E+00
 3.96562E-17
 2.01282E+06
 1.00000E+00
 3.96551E-17
 2.01282E+06
 1.00000E+00
 3.96551E-17
 2.01282E+06
 1.00000E+00
 3.96540E-17
 2.01282E+06
 1.00000E+00
 3.96540E-17
 2.01282E+06
 1.00000E+00
 3.96531E-17
 2.01282E+06
 1.00000E+00
 3.96531E-17
 2.01282E+06
 1.00000E+00
 3.96522E-17
 2.01282E+06
 1.00000E+00
 3.96522E-17
 2.01282E+06
 1.00000E+00
 3.96515E-17
 2.01282E+06
 1.00000E+00
 3.96515E-17
 2.01282E+06
 1.00000E+00
 3.96508E-17
 2.01282E+06
 1.00000E+00
 3.96508E-17
 2.01282E+06
 1.00000E+00
 3.96503E-17
 2.01282E+06
 1.00000E+00
 3.96503E-17
 2.01281E+06
 1.00000E+00
 3.96498E-17
 2.01281E+06
 1.00000E+00
 3.96498E-17
 2.01281E+06
 1.00000E+00
 3.96494E-17
 2.01281E+06
 1.00000E+00
 3.96494E-17
 2.01281E+06
 1.00000E+00
 3.96490E-17
 2.01281E+06
 1.00000E+00
 3.96490E-17
 2.01281E+06
 1.00000E+00
 3.96487E-17
 2.01281E+06
 1.00000E+00
 3.96487E-17
 2.01281E+06
 1.00000E+00
 3.96485E-17
 2.01281E+06
 1.00000E+00
 3.96485E-17
 2.01281E+06
 1.00000E+00
 3.96483E-17
 2.01281E+06
 1.00000E+00
 3.96483E-17
 2.01281E+06
 1.00000E+00
 3.96482E-17
 2.01281E+06
 1.00000E+00
 3.96482E-17
 2.01281E+06
 1.00000E+00
 3.96481E-17
 2.01281E+06
 1.00000E+00
 3.96481E-17
 2.01281E+06
 1.00000E+00
 3.96480E-17
 2.01281E+06
 1.00000E+00
 3.96480E-17
 2.01281E+06
 1.00000E+00
 3.96480E-17
 2.01281E+06
 1.00000E+00
 3.96480E-17
 2.01281E+06
 1.00000E+00
 3.96479E-17
 2.01281E+06
 1.00000E+00
 3.96479E-17
 2.01281E+06
 1.00000E+00
 3.96479E-17
 2.01281E+06
 1.00000E+00
 3.96479E-17
 2.01281E+06
 1.00000E+00
 3.96479E-17
 2.01281E+06
 1.00000E+00
 3.96481E-17
 2.01280E+06
 1.00000E+00
 3.96483E-17
 2.01280E+06
 1.00000E+00
 3.96483E-17
 2.01280E+06
 1.00000E+00
 3.96483E-17
 2.01280E+06
 1.00000E+00
 3.96483E-17
 2.01280E+06
 1.00000E+00
 3.96483E-17
 2.01280E+06
 1.00000E+00
 3.96482E-17
 2.01280E+06
 1.00000E+00
 3.96482E-17
 2.01280E+06
 1.00000E+00
 3.96482E-17
 2.01280E+06
 1.00000E+00
 3.96482E-17
 2.01280E+06
 1.00000E+00
 3.96481E-17
 2.01280E+06
 1.00000E+00
 3.96481E-17
 2.01281E+06
 1.00000E+00
 3.96481E-17
 2.01281E+06
 1.00000E+00
 3.96481E-17
 2.01281E+06
 1.00000E+00
 3.96480E-17
 2.01281E+06
 1.00000E+00
 3.96480E-17
 2.01281E+06
 1.00000E+00
 3.96480E-17
 2.01281E+06
 1.00000E+00
 3.96480E-17
 2.01281E+06
 1.00000E+00
 3.96480E-17
 2.01281E+06
 1.00000E+00
 3.96480E-17
 2.01281E+06
 1.00000E+00
 3.96480E-17
 2.01281E+06
 1.00000E+00
 3.96480E-17
 2.01281E+06
 1.00000E+00
 3.96480E-17
 2.01281E+06
 1.00000E+00
 3.96480E-17
 2.01281E+06
 1.00000E+00
 3.96480E-17
 2.01281E+06
 1.00000E+00
 3.96480E-17
 2.01281E+06
 1.00000E+00
 3.96480E-17
 2.01281E+06
 1.00000E+00
 3.96480E-17
 2.01281E+06
 1.00000E+00
 3.96480E-17
 2.01281E+06
 1.00000E+00
 3.96480E-17
 2.01281E+06
 1.00000E+00
 3.96480E-17
 2.01281E+06
 1.00000E+00
 3.96480E-17
 2.01281E+06
 1.00000E+00
 3.96480E-17
 2.01281E+06
 1.00000E+00
 3.96480E-17
 2.01281E+06
 1.00000E+00
 3.96480E-17
 2.01281E+06
 1.00000E+00
 3.96480E-17
 2.01281E+06
 1.00000E+00
 3.96480E-17
 2.01281E+06
 1.00000E+00
 3.96480E-17
 2.01281E+06
 1.00000E+00
 3.96480E-17
 2.01281E+06
 1.00000E+00
 3.96480E-17
 2.01281E+06
 1.00000E+00
 3.96480E-17
 2.01281E+06
 1.00000E+00
 3.96480E-17
 2.01281E+06
 1.00000E+00
 3.96480E-17
 2.01281E+06
 1.00000E+00
 3.96480E-17
 2.01281E+06
 1.00000E+00
 3.96480E-17
 2.01281E+06
 1.00000E+00
 3.96480E-17
 2.01281E+06
 1.00000E+00
 3.96480E-17
 2.01281E+06
 1.00000E+00
 3.96480E-17
 2.01281E+06
 1.00000E+00
 3.96480E-17
 2.01281E+06
 1.00000E+00
 3.96480E-17
 2.01281E+06
 1.00000E+00
 3.96480E-17
 2.01281E+06
 1.00000E+00
 3.96480E-17
 2.01281E+06
 1.00000E+00
 3.96480E-17
 2.01281E+06
 1.00000E+00
 3.96480E-17
 2.01281E+06
 1.00000E+00
 3.96480E-17
 2.01281E+06
 1.00000E+00
 3.96480E-17
 2.01281E+06
 1.00000E+00
 3.96480E-17
 2.01281E+06
 1.00000E+00
 3.96480E-17
 2.01281E+06
 1.00000E+00
 3.96480E-17
 2.01281E+06
 1.00000E+00
 3.96480E-17
 2.01281E+06
 1.00000E+00
 3.96480E-17
 2.01281E+06
 1.00000E+00
 3.96480E-17
 2.01281E+06
 1.00000E+00
 3.96480E-17
 2.01281E+06
 1.00000E+00
 3.96480E-17
 2.01281E+06
 1.00000E+00
 3.96480E-17
 2.01281E+06
 1.00000E+00
 3.96480E-17
 2.01281E+06
 1.00000E+00
 3.96480E-17
 2.01281E+06
 1.00000E+00
 3.96480E-17
 2.01281E+06
 1.00000E+00
 3.96480E-17
 2.01281E+06
 1.00000E+00
 3.96480E-17
 2.01281E+06
 1.00000E+00
 3.96480E-17
 2.01281E+06
 1.00000E+00
 3.96480E-17
 2.01281E+06
 1.00000E+00
 3.96480E-17
 2.01281E+06
 1.00000E+00
 3.96480E-17
 2.01281E+06
 1.00000E+00
 3.96480E-17
 2.01281E+06
 1.00000E+00
 3.96480E-17
 2.01281E+06
 1.00000E+00
 3.96480E-17
 2.01281E+06
 1.00000E+00
 3.96480E-17
 2.01281E+06
 1.00000E+00
 3.96480E-17
 2.01281E+06
 1.00000E+00
 3.96480E-17
 2.01281E+06
 1.00000E+00
 3.96480E-17
 2.01281E+06
 1.00000E+00
 3.96480E-17
 2.01281E+06
 1.00000E+00
 3.96480E-17
 2.01281E+06
 1.00000E+00
 3.96480E-17
 2.01281E+06
 1.00000E+00
 3.96480E-17
 2.01281E+06
 1.00000E+00
 3.96480E-17
 2.01281E+06
 1.00000E+00
 3.96480E-17
 2.01281E+06
 1.00000E+00
 3.96480E-17
 2.01281E+06
 1.00000E+00
 3.96480E-17
 2.01281E+06
 1.00000E+00
 3.96480E-17
 2.01281E+06
 1.00000E+00
 3.96480E-17
 2.01281E+06
 1.00000E+00
 3.96480E-17
 2.01281E+06
 1.00000E+00
 3.96480E-17
 2.01281E+06
 1.00000E+00
 3.96480E-17
 2.01281E+06
 1.00000E+00
 3.96480E-17
 2.01281E+06
 1.00000E+00
 3.96480E-17
 2.01281E+06
 1.00000E+00
 3.96480E-17
 2.01281E+06
 1.00000E+00
 3.96480E-17
 2.01281E+06
 1.00000E+00
 3.96480E-17
 2.01281E+06
 1.00000E+00
 3.96480E-17
 2.01281E+06
 1.00000E+00
 3.96480E-17
 2.01281E+06
 1.00000E+00
 3.96480E-17
 2.01281E+06
 1.00000E+00
 3.96480E-17
 2.01281E+06
 1.00000E+00
 3.96480E-17
 2.01281E+06
 1.00000E+00
 3.96480E-17
 2.01281E+06
 1.00000E+00
 3.96480E-17
 2.01281E+06
 1.00000E+00
 3.96480E-17
 2.01281E+06
 1.00000E+00
 3.96480E-17
 2.01281E+06
 1.00000E+00
 3.96480E-17
 2.01281E+06
 1.00000E+00
 3.96480E-17
 2.01281E+06
 1.00000E+00
 3.96480E-17
 2.01281E+06
 1.00000E+00
 3.96480E-17
 2.01281E+06
 1.00000E+00
 3.96480E-17
 2.01281E+06
 1.00000E+00
 3.96480E-17
 2.01281E+06
 1.00000E+00
 3.96480E-17
 2.01281E+06
 1.00000E+00
 3.96480E-17
 2.01281E+06
 1.00000E+00
 3.96480E-17
 2.01281E+06
 1.00000E+00
 3.96480E-17
 2.01281E+06
 1.00000E+00
 3.96480E-17
 2.01281E+06
 1.00000E+00
 3.96480E-17
 2.01281E+06
 1.00000E+00
 3.96480E-17
 2.01281E+06
 1.00000E+00
 3.96480E-17
 2.01281E+06
 1.00000E+00
 3.96480E-17
 2.01281E+06
 1.00000E+00
 3.96480E-17
 2.01281E+06
 1.00000E+00
 3.96480E-17
 2.01281E+06
 1.00000E+00
 3.96480E-17
 2.01281E+06
 1.00000E+00
 3.96480E-17
 2.01281E+06
 1.00000E+00
 3.96480E-17
 2.01281E+06
 1.00000E+00
 3.96480E-17
 2.01281E+06
 1.00000E+00
 3.96480E-17
 2.01281E+06
 1.00000E+00
 3.96480E-17
 2.01281E+06
 1.00000E+00
 3.96480E-17
 2.01281E+06
 1.00000E+00
 3.96480E-17
 2.01281E+06
 1.00000E+00
 3.96480E-17
 2.01281E+06
 1.00000E+00
 3.96480E-17
 2.01281E+06
 1.00000E+00
 3.96480E-17
 2.01281E+06
 1.00000E+00
 3.96480E-17
 2.01281E+06
 1.00000E+00
 3.96480E-17
 2.01281E+06
 1.00000E+00
 3.96480E-17
 2.01281E+06
 1.00000E+00
 3.96480E-17
 2.01281E+06
 1.00000E+00
 3.96480E-17
 2.01281E+06
 1.00000E+00
 3.96480E-17
 2.01281E+06
 1.00000E+00
 3.96480E-17
 2.01281E+06
 1.00000E+00
 3.96480E-17
 2.01281E+06
 1.00000E+00
 3.96480E-17
 2.01281E+06
 1.00000E+00
 3.96480E-17
 2.01281E+06
 1.00000E+00
 3.96480E-17
 2.01281E+06
 1.00000E+00
 3.96480E-17
 2.01281E+06
 1.00000E+00
 3.96480E-17
 2.01281E+06
 1.00000E+00
 3.96480E-17
 2.01281E+06
 1.00000E+00
 3.96480E-17
 2.01281E+06
 1.00000E+00
 3.96480E-17
 2.01281E+06
 1.00000E+00
 3.96480E-17
 2.01281E+06
 1.00000E+00
 3.96480E-17
 2.01281E+06
 1.00000E+00
 3.96480E-17
 2.01281E+06
 1.00000E+00
 3.96480E-17
 2.01281E+06
 1.00000E+00
 3.96480E-17
 2.01281E+06
 1.00000E+00
 3.96480E-17
 2.01281E+06
 1.00000E+00
 3.96480E-17
 2.01281E+06
 1.00000E+00
 3.96480E-17
 2.01281E+06
 1.00000E+00
 3.96480E-17
 2.01281E+06
 1.00000E+00
 3.96480E-17
 2.01281E+06
 1.00000E+00
 3.96480E-17
 2.01281E+06
 1.00000E+00
 3.96480E-17
 2.01281E+06
 1.00000E+00
 3.96480E-17
 2.01281E+06
 1.00000E+00
 3.96480E-17
 2.01281E+06
 1.00000E+00
 3.96480E-17
 2.01281E+06
 1.00000E+00
 3.96480E-17
 2.01281E+06
 1.00000E+00
 3.96480E-17
 2.01281E+06
 1.00000E+00
 3.96480E-17
 2.01281E+06
 1.00000E+00
 3.96480E-17
 2.01281E+06
 1.00000E+00
 3.96480E-17
 2.01281E+06
 1.00000E+00
 3.96480E-17
 2.01281E+06
 1.00000E+00
 3.96480E-17
 2.01281E+06
 1.00000E+00
 3.96480E-17
 2.01281E+06
 1.00000E+00
 3.96480E-17
 2.01281E+06
 1.00000E+00
 3.96480E-17
 2.01281E+06
 1.00000E+00
 3.96480E-17
 2.01281E+06
 1.00000E+00
 3.96480E-17
 2.01281E+06
 1.00000E+00
 3.96480E-17
 2.01281E+06
 1.00000E+00
 3.96480E-17
 2.01281E+06
 1.00000E+00
 3.96480E-17
 2.01281E+06
 1.00000E+00
 3.96480E-17
 2.01281E+06
 1.00000E+00
 3.96480E-17
 2.01281E+06
 1.00000E+00
 3.96480E-17
 2.01281E+06
 1.00000E+00
 3.96480E-17
 2.01281E+06
 1.00000E+00
 3.96481E-17
 2.01281E+06
 1.00000E+00
 3.96481E-17
 2.01281E+06
 1.00000E+00
 3.96481E-17
 2.01281E+06
 1.00000E+00
 3.96481E-17
 2.01281E+06
 1.00000E+00
 3.96481E-17
 2.01281E+06
 1.00000E+00
 3.96481E-17
 2.01281E+06
 1.00000E+00
 3.96481E-17
 2.01281E+06
 1.00000E+00
 3.96481E-17
 2.01281E+06
 1.00000E+00
 3.96481E-17
 2.01281E+06
 1.00000E+00
 3.96481E-17
 2.01281E+06
 1.00000E+00
 3.96481E-17
 2.01281E+06
 1.00000E+00
 3.96481E-17
 2.01281E+06
 1.00000E+00
 3.96481E-17
 2.01281E+06
 1.00000E+00
 3.96481E-17
 2.01281E+06
 1.00000E+00
 3.96481E-17
 2.01280E+06
 1.00000E+00
 3.96482E-17
 2.01280E+06
 1.00000E+00
 3.96482E-17
 2.01280E+06
 1.00000E+00
 3.96482E-17
 2.01280E+06
 1.00000E+00
 3.96482E-17
 2.01280E+06
 1.00000E+00
 3.96482E-17
 2.01280E+06
 1.00000E+00
 3.96482E-17
 2.01280E+06
 1.00000E+00
 3.96482E-17
 2.01280E+06
 1.00000E+00
 3.96482E-17
 2.01280E+06
 1.00000E+00
 3.96482E-17
 2.01280E+06
 1.00000E+00
 3.96482E-17
 2.01280E+06
 1.00000E+00
 3.96482E-17
 2.01280E+06
 1.00000E+00
 3.96482E-17
 2.01280E+06
 1.00000E+00
 3.96481E-17
 2.01280E+06
 1.00000E+00
 3.96481E-17
 2.01280E+06
 1.00000E+00
 3.96481E-17
 2.01280E+06
 1.00000E+00
 3.96481E-17
 2.01280E+06
 1.00000E+00
 3.96481E-17
 2.01280E+06
 1.00000E+00
 3.96481E-17
 2.01280E+06
 1.00000E+00
 3.96481E-17
 2.01280E+06
 1.00000E+00
 3.96481E-17
 2.01280E+06
 1.00000E+00
 3.96481E-17
 2.01280E+06
 1.00000E+00
 3.96481E-17
 2.01280E+06
 1.00000E+00
 3.96481E-17
 2.01280E+06
 1.00000E+00
 3.96481E-17
 2.01280E+06
 1.00000E+00
 3.96481E-17
 2.01280E+06
 1.00000E+00
 3.96481E-17
 2.01280E+06
 1.00000E+00
 3.96481E-17
 2.01280E+06
 1.00000E+00
 3.96481E-17
 2.01280E+06
 1.00000E+00
 3.96481E-17
 2.01280E+06
 1.00000E+00
 3.96481E-17
 2.01280E+06
 1.00000E+00
 3.96481E-17
 2.01280E+06
 1.00000E+00
 3.96481E-17
 2.01280E+06
 1.00000E+00
 3.96481E-17
 2.01280E+06
 1.00000E+00
 3.96481E-17
 2.01280E+06
 1.00000E+00
 3.96481E-17
 2.01280E+06
 1.00000E+00
 3.96481E-17
 2.01280E+06
 1.00000E+00
 3.96481E-17
 2.01280E+06
 1.00000E+00
 3.96481E-17
 2.01280E+06
 1.00000E+00
 3.96481E-17
 2.01280E+06
 1.00000E+00
 3.96481E-17
 2.01280E+06
 1.00000E+00
 3.96481E-17
 2.01280E+06
 1.00000E+00
 3.96481E-17
 2.01280E+06
 1.00000E+00
 3.96481E-17
 2.01280E+06
 1.00000E+00
 3.96481E-17
 2.01280E+06
 1.00000E+00
 3.96481E-17
 2.01280E+06
 1.00000E+00
 3.96481E-17
 2.01280E+06
 1.00000E+00
 3.96481E-17
 2.01280E+06
 1.00000E+00
 3.96481E-17
 2.01280E+06
 1.00000E+00
 3.96481E-17
 2.01280E+06
 1.00000E+00
 3.96481E-17
 2.01280E+06
 1.00000E+00
 3.96481E-17
 2.01280E+06
 1.00000E+00
 3.96481E-17
 2.01280E+06
 1.00000E+00
 3.96481E-17
 2.01280E+06
 1.00000E+00
 3.96481E-17
 2.01280E+06
 1.00000E+00
 3.96481E-17
 2.01280E+06
 1.00000E+00
 3.96482E-17
 2.01280E+06
 1.00000E+00
 3.96482E-17
 2.01280E+06
 1.00000E+00
 3.96482E-17
 2.01280E+06
 1.00000E+00
 3.96482E-17
 2.01280E+06
 1.00000E+00
 3.96483E-17
 2.01279E+06
 1.00000E+00
 3.96483E-17
 2.01279E+06
 1.00000E+00
 3.96483E-17
 2.01279E+06
 1.00000E+00
 3.96483E-17
 2.01279E+06
 1.00000E+00
 3.96483E-17
 2.01279E+06
 1.00000E+00
 3.96483E-17
 2.01280E+06
 1.00000E+00
 3.96483E-17
 2.01280E+06
 1.00000E+00
 3.96483E-17
 2.01280E+06
 1.00000E+00
 3.96483E-17
 2.01280E+06
 1.00000E+00
 3.96483E-17
 2.01280E+06
 1.00000E+00
 3.96483E-17
 2.01280E+06
 1.00000E+00
 3.96483E-17
 2.01280E+06
 1.00000E+00
 3.96482E-17
 2.01280E+06
 1.00000E+00
 3.96483E-17
 2.01280E+06
 1.00000E+00
 3.96482E-17
 2.01280E+06
 1.00000E+00
 3.96482E-17
 2.01280E+06
 1.00000E+00
 3.96482E-17
 2.01280E+06
 1.00000E+00
 3.96482E-17
 2.01280E+06
 1.00000E+00
 3.96482E-17
 2.01280E+06
 1.00000E+00
 3.96482E-17
 2.01280E+06
 1.00000E+00
 3.96482E-17
 2.01280E+06
 1.00000E+00
 3.96482E-17
 2.01280E+06
 1.00000E+00
 3.96482E-17
 2.01280E+06
 1.00000E+00
 3.96482E-17
 2.01280E+06
 1.00000E+00
 3.96482E-17
 2.01280E+06
 1.00000E+00
 3.96482E-17
 2.01280E+06
 1.00000E+00
 3.96482E-17
 2.01280E+06
 1.00000E+00
 3.96482E-17
 2.01280E+06
 1.00000E+00
 3.96482E-17
 2.01280E+06
 1.00000E+00
 3.96482E-17
 2.01280E+06
 1.00000E+00
 3.96482E-17
 2.01280E+06
 1.00000E+00
 3.96482E-17
 2.01280E+06
 1.00000E+00
 3.96482E-17
 2.01280E+06
 1.00000E+00
 3.96482E-17
 2.01280E+06
 1.00000E+00
 3.96482E-17
 2.01280E+06
 1.00000E+00
 3.96482E-17
 2.01280E+06
 1.00000E+00
 3.96482E-17
 2.01280E+06
 1.00000E+00
 3.96482E-17
 2.01280E+06
 1.00000E+00
 3.96482E-17
 2.01280E+06
 1.00000E+00
 3.96482E-17
 2.01280E+06
 1.00000E+00
 3.96482E-17
 2.01280E+06
 1.00000E+00
 3.96482E-17
 2.01280E+06
 1.00000E+00
 3.96482E-17
 2.01280E+06
 1.00000E+00
 3.96482E-17
 2.01280E+06
 1.00000E+00
 3.96482E-17
 2.01280E+06
 1.00000E+00
 3.96482E-17
 2.01280E+06
 1.00000E+00
 3.96481E-17
 2.01280E+06
 1.00000E+00
 3.96482E-17
 2.01280E+06
 1.00000E+00
 3.96481E-17
 2.01280E+06
 1.00000E+00
 3.96482E-17
 2.01280E+06
 1.00000E+00
 3.96481E-17
 2.01280E+06
 1.00000E+00
 3.96482E-17
 2.01280E+06
 1.00000E+00
 3.96481E-17
 2.01280E+06
 1.00000E+00
 3.96482E-17
 2.01280E+06
 1.00000E+00
 3.96482E-17
 2.01280E+06
 1.00000E+00
 3.96482E-17
 2.01280E+06
 1.00000E+00
 3.96482E-17
 2.01280E+06
 1.00000E+00
 3.96482E-17
 2.01280E+06
 1.00000E+00
 3.96482E-17
 2.01280E+06
 1.00000E+00
 3.96482E-17
 2.01280E+06
 1.00000E+00
 3.96482E-17
 2.01280E+06
 1.00000E+00
 3.96482E-17
 2.01280E+06
 1.00000E+00
 3.96482E-17
 2.01280E+06
 1.00000E+00
 3.96482E-17
 2.01280E+06
 1.00000E+00
 3.96482E-17
 2.01280E+06
 1.00000E+00
 3.96482E-17
 2.01280E+06
 1.00000E+00
 3.96482E-17
 2.01280E+06
 1.00000E+00
 3.96482E-17
 2.01280E+06
 1.00000E+00
 3.96482E-17
 2.01280E+06
 1.00000E+00
 3.96482E-17
 2.01280E+06
 1.00000E+00
 3.96482E-17
 2.01280E+06
 1.00000E+00
 3.96482E-17
 2.01280E+06
 1.00000E+00
 3.96482E-17
 2.01280E+06
 1.00000E+00
 3.96482E-17
 2.01280E+06
 1.00000E+00
 3.96482E-17
 2.01280E+06
 1.00000E+00
 3.96482E-17
 2.01280E+06
 1.00000E+00
 3.96482E-17
 2.01280E+06
 1.00000E+00
 3.96482E-17
 2.01280E+06
 1.00000E+00
 3.96482E-17
 2.01280E+06
 1.00000E+00
 3.96482E-17
 2.01280E+06
 1.00000E+00
 3.96482E-17
 2.01280E+06
 1.00000E+00
 3.96482E-17
 2.01280E+06
 1.00000E+00
 3.96482E-17
 2.01280E+06
 1.00000E+00
 3.96482E-17
 2.01280E+06
 1.00000E+00
 3.96482E-17
 2.01280E+06
 1.00000E+00
 3.96482E-17
 2.01280E+06
 1.00000E+00
 3.96482E-17
 2.01280E+06
 1.00000E+00
 3.96482E-17
 2.01280E+06
 1.00000E+00
 3.96482E-17
 2.01280E+06
 1.00000E+00
 3.96482E-17
 2.01280E+06
 1.00000E+00
 3.96482E-17
 2.01280E+06
 1.00000E+00
 3.96482E-17
 2.01280E+06
 1.00000E+00
 3.96482E-17
 2.01280E+06
 1.00000E+00
 3.96482E-17
 2.01280E+06
 1.00000E+00
 3.96482E-17
 2.01280E+06
 1.00000E+00
 3.96482E-17
 2.01280E+06
 1.00000E+00
 3.96482E-17
 2.01280E+06
 1.00000E+00
 3.96482E-17
 2.01280E+06
 1.00000E+00
 3.96482E-17
 2.01280E+06
 1.00000E+00
 3.96482E-17
 2.01280E+06
 1.00000E+00
 3.96482E-17
 2.01280E+06
 1.00000E+00
 3.96482E-17
 2.01280E+06
 1.00000E+00
 3.96482E-17
 2.01280E+06
 1.00000E+00
 3.96482E-17
 2.01280E+06
 1.00000E+00
 3.96482E-17
 2.01280E+06
 1.00000E+00
 3.96482E-17
 2.01280E+06
 1.00000E+00
 3.96482E-17
 2.01280E+06
 1.00000E+00
 3.96482E-17
 2.01280E+06
 1.00000E+00
 3.96482E-17
 2.01280E+06
 1.00000E+00
 3.96482E-17
 2.01280E+06
 1.00000E+00
 3.96482E-17
 2.01280E+06
 1.00000E+00
 3.96482E-17
 2.01280E+06
 1.00000E+00
 3.96482E-17
 2.01280E+06
 1.00000E+00
 3.96482E-17
 2.01280E+06
 1.00000E+00
 3.96482E-17
 2.01280E+06
 1.00000E+00
 3.96482E-17
 2.01280E+06
 1.00000E+00
 3.96482E-17
 2.01280E+06
 1.00000E+00
 3.96482E-17
 2.01280E+06
 1.00000E+00
 3.96482E-17
 2.01280E+06
 1.00000E+00
 3.96482E-17
 2.01280E+06
 1.00000E+00
 3.96482E-17
 2.01280E+06
 1.00000E+00
 3.96482E-17
 2.01280E+06
 1.00000E+00
 3.96482E-17
 2.01280E+06
 1.00000E+00
 3.96482E-17
 2.01280E+06
 1.00000E+00
 3.96482E-17
 2.01280E+06
 1.00000E+00
 3.96482E-17
 2.01280E+06
 1.00000E+00
 3.96482E-17
 2.01280E+06
 1.00000E+00
 3.96482E-17
 2.01280E+06
 1.00000E+00
 3.96482E-17
 2.01280E+06
 1.00000E+00
 3.96482E-17
 2.01280E+06
 1.00000E+00
 3.96482E-17
 2.01280E+06
 1.00000E+00
 3.96482E-17
 2.01280E+06
 1.00000E+00
 3.96482E-17
 2.01280E+06
 1.00000E+00
 3.96482E-17
 2.01280E+06
 1.00000E+00
 3.96482E-17
 2.01280E+06
 1.00000E+00
 3.96482E-17
 2.01280E+06
 1.00000E+00
 3.96482E-17
 2.01280E+06
 1.00000E+00
 3.96482E-17
 2.01280E+06
 1.00000E+00
 3.96482E-17
 2.01280E+06
 1.00000E+00
 3.96482E-17
 2.01280E+06
 1.00000E+00
 3.96482E-17
 2.01280E+06
 1.00000E+00
 3.96482E-17
 2.01280E+06
 1.00000E+00
 3.96482E-17
 2.01280E+06
 1.00000E+00
 3.96482E-17
 2.01280E+06
 1.00000E+00
 3.96482E-17
 2.01280E+06
 1.00000E+00
 3.96482E-17
 2.01280E+06
 1.00000E+00
 3.96482E-17
 2.01280E+06
 1.00000E+00
 3.96482E-17
 2.01280E+06
 1.00000E+00
 3.96482E-17
 2.01280E+06
 1.00000E+00
 3.96482E-17
 2.01280E+06
 1.00000E+00
 3.96482E-17
 2.01280E+06
 1.00000E+00
 3.96482E-17
 2.01280E+06
 1.00000E+00
 3.96482E-17
 2.01280E+06
 1.00000E+00
 3.96482E-17
 2.01280E+06
 1.00000E+00
 3.96482E-17
 2.01280E+06
 1.00000E+00
 3.96482E-17
 2.01280E+06
 1.00000E+00
 3.96482E-17
 2.01280E+06
 1.00000E+00
 3.96482E-17
 2.01280E+06
 1.00000E+00
 3.96482E-17
 2.01280E+06
 1.00000E+00
 3.96482E-17
 2.01280E+06
 1.00000E+00
 3.96482E-17
 2.01280E+06
 1.00000E+00
 3.96482E-17
 2.01280E+06
 1.00000E+00
 3.96482E-17
 2.01280E+06
 1.00000E+00
 3.96482E-17
 2.01280E+06
 1.00000E+00
 3.96482E-17
 2.01280E+06
 1.00000E+00
 3.96482E-17
 2.01280E+06
 1.00000E+00
 3.96482E-17
 2.01280E+06
 1.00000E+00
 3.96482E-17
 2.01280E+06
 1.00000E+00
 3.96482E-17
 2.01280E+06
 1.00000E+00
 3.96482E-17
 2.01280E+06
 1.00000E+00
 3.96482E-17
 2.01280E+06
 1.00000E+00
 3.96482E-17
 2.01280E+06
 1.00000E+00
 3.96482E-17
 2.01280E+06
 1.00000E+00
 3.96482E-17
 2.01280E+06
 1.00000E+00
 3.96482E-17
 2.01280E+06
 1.00000E+00
 3.96482E-17
 2.01280E+06
 1.00000E+00
 3.96482E-17
 2.01280E+06
 1.00000E+00
 3.96482E-17
 2.01280E+06
 1.00000E+00
 3.96482E-17
 2.01280E+06
 1.00000E+00
 3.96482E-17
 2.01280E+06
 1.00000E+00
 3.96482E-17
 2.01280E+06
 1.00000E+00
 3.96482E-17
 2.01280E+06
 1.00000E+00
 3.96482E-17
 2.01280E+06
 1.00000E+00
 3.96482E-17
 2.01280E+06
 1.00000E+00
 3.96482E-17
 2.01280E+06
 1.00000E+00
 3.96482E-17
 2.01280E+06
 1.00000E+00
 3.96482E-17
 2.01280E+06
 1.00000E+00
 3.96482E-17
 2.01280E+06
 1.00000E+00
 3.96482E-17
 2.01280E+06
 1.00000E+00
 3.96482E-17
 2.01280E+06
 1.00000E+00
 3.96482E-17
 2.01280E+06
 1.00000E+00
 3.96482E-17
 2.01280E+06
 1.00000E+00
 3.96482E-17
 2.01280E+06
 1.00000E+00
 3.96482E-17
 2.01280E+06
 1.00000E+00
 3.96482E-17
 2.01280E+06
 1.00000E+00
 3.96482E-17
 2.01280E+06
 1.00000E+00
 3.96482E-17
 2.01280E+06
 1.00000E+00
 3.96482E-17
 2.01280E+06
 1.00000E+00
 3.96482E-17
 2.01280E+06
 1.00000E+00
 3.96482E-17
 2.01280E+06
 1.00000E+00
 3.96482E-17
 2.01280E+06
 1.00000E+00
 3.96482E-17
 2.01280E+06
 1.00000E+00
 3.96482E-17
 2.01280E+06
 1.00000E+00
 3.96482E-17
 2.01280E+06
 1.00000E+00
 3.96482E-17
 2.01280E+06
 1.00000E+00
 3.96482E-17
 2.01280E+06
 1.00000E+00
 3.96482E-17
 2.01280E+06
 1.00000E+00
 3.96482E-17
 2.01280E+06
 1.00000E+00
 3.96482E-17
 2.01280E+06
 1.00000E+00
 3.96482E-17
 2.01280E+06
 1.00000E+00
 3.96482E-17
 2.01280E+06
 1.00000E+00
 3.96482E-17
 2.01280E+06
 1.00000E+00
 3.96482E-17
 2.01280E+06
 1.00000E+00
 3.96482E-17
 2.01280E+06
 1.00000E+00
 3.96482E-17
 2.01280E+06
 1.00000E+00
 3.96482E-17
 2.01280E+06
 1.00000E+00
 3.96482E-17
 2.01280E+06
 1.00000E+00
 3.96482E-17
 2.01280E+06
 1.00000E+00
 3.96482E-17
 2.01280E+06
 1.00000E+00
 3.96482E-17
 2.01280E+06
 1.00000E+00
 3.96482E-17
 2.01280E+06
 1.00000E+00
 3.96482E-17
 2.01280E+06
 1.00000E+00
 3.96482E-17
 2.01280E+06
 1.00000E+00
 3.96482E-17
 2.01280E+06
 1.00000E+00
 3.96482E-17
 2.01280E+06
 1.00000E+00
 3.96482E-17
 2.01280E+06
 1.00000E+00
 3.96482E-17
 2.01280E+06
 1.00000E+00
 3.96482E-17
 2.01280E+06
 1.00000E+00
 3.96482E-17
 2.01280E+06
 1.00000E+00
 3.96483E-17
 2.01280E+06
 1.00000E+00
 3.96483E-17
 2.01280E+06
 1.00000E+00
 3.96483E-17
 2.01279E+06
 1.00000E+00
 3.96484E-17
 2.01279E+06
 1.00000E+00
 3.96484E-17
 2.01279E+06
 1.00000E+00
 3.96484E-17
 2.01279E+06
 1.00000E+00
 3.96484E-17
 2.01279E+06
 1.00000E+00
 3.96484E-17
 2.01279E+06
 1.00000E+00
 3.96484E-17
 2.01279E+06
 1.00000E+00
 3.96484E-17
 2.01279E+06
 1.00000E+00
 3.96484E-17
 2.01279E+06
 1.00000E+00
 3.96484E-17
 2.01279E+06
 1.00000E+00
 3.96484E-17
 2.01279E+06
 1.00000E+00
 3.96483E-17
 2.01279E+06
 1.00000E+00
 3.96483E-17
 2.01279E+06
 1.00000E+00
 3.96483E-17
 2.01280E+06
 1.00000E+00
 3.96483E-17
 2.01280E+06
 1.00000E+00
 3.96483E-17
 2.01280E+06
 1.00000E+00
 3.96483E-17
 2.01280E+06
 1.00000E+00
 3.96483E-17
 2.01280E+06
 1.00000E+00
 3.96483E-17
 2.01280E+06
 1.00000E+00
 3.96483E-17
 2.01280E+06
 1.00000E+00
 3.96483E-17
 2.01280E+06
 1.00000E+00
 3.96483E-17
 2.01280E+06
 1.00000E+00
 3.96483E-17
 2.01280E+06
 1.00000E+00
 3.96483E-17
 2.01280E+06
 1.00000E+00
 3.96483E-17
 2.01280E+06
 1.00000E+00
 3.96483E-17
 2.01280E+06
 1.00000E+00
 3.96483E-17
 2.01280E+06
 1.00000E+00
 3.96482E-17
 2.01280E+06
 1.00000E+00
 3.96482E-17
 2.01280E+06
 1.00000E+00
 3.96482E-17
 2.01280E+06
 1.00000E+00
 3.96482E-17
 2.01280E+06
 1.00000E+00
 3.96482E-17
 2.01280E+06
 1.00000E+00
 3.96482E-17
 2.01280E+06
 1.00000E+00
 3.96482E-17
 2.01280E+06
 1.00000E+00
 3.96482E-17
 2.01280E+06
 1.00000E+00
 3.96482E-17
 2.01280E+06
 1.00000E+00
 3.96482E-17
 2.01280E+06
 1.00000E+00
 3.96482E-17
 2.01280E+06
 1.00000E+00
 3.96482E-17
 2.01280E+06
 1.00000E+00
 3.96482E-17
 2.01280E+06
 1.00000E+00
 3.96482E-17
 2.01280E+06
 1.00000E+00
 3.96482E-17
 2.01280E+06
 1.00000E+00
 3.96482E-17
 2.01280E+06
 1.00000E+00
 3.96482E-17
 2.01280E+06
 1.00000E+00
 3.96482E-17
 2.01280E+06
 1.00000E+00
 3.96482E-17
 2.01280E+06
 1.00000E+00
 3.96482E-17
 2.01280E+06
 1.00000E+00
 3.96482E-17
 2.01280E+06
 1.00000E+00
 3.96482E-17
 2.01280E+06
 1.00000E+00
 3.96482E-17
 2.01280E+06
 1.00000E+00
 3.96482E-17
 2.01280E+06
 1.00000E+00
 3.96482E-17
 2.01280E+06
 1.00000E+00
 3.96482E-17
 2.01280E+06
 1.00000E+00
 3.96482E-17
 2.01280E+06
 1.00000E+00
 3.96482E-17
 2.01280E+06
 1.00000E+00
 3.96482E-17
 2.01280E+06
 1.00000E+00
 3.96482E-17
 2.01280E+06
 1.00000E+00
 3.96482E-17
 2.01280E+06
 1.00000E+00
 3.96482E-17
 2.01280E+06
 1.00000E+00
 3.96482E-17
 2.01280E+06
 1.00000E+00
 3.96482E-17
 2.01280E+06
 1.00000E+00
 3.96482E-17
 2.01280E+06
 1.00000E+00
 3.96482E-17
 2.01280E+06
 1.00000E+00
 3.96482E-17
 2.01280E+06
 1.00000E+00
 3.96482E-17
 2.01280E+06
 1.00000E+00
 3.96482E-17
 2.01280E+06
 1.00000E+00
 3.96482E-17
 2.01280E+06
 1.00000E+00
 3.96482E-17
 2.01280E+06
 1.00000E+00
 3.96482E-17
 2.01280E+06
 1.00000E+00
 3.96482E-17
 2.01280E+06
 1.00000E+00
 3.96482E-17
 2.01280E+06
 1.00000E+00
 3.96482E-17
 2.01280E+06
 1.00000E+00
 3.96482E-17
 2.01280E+06
 1.00000E+00
 3.96482E-17
 2.01280E+06
 1.00000E+00
 3.96482E-17
 2.01280E+06
 1.00000E+00
 3.96482E-17
 2.01280E+06
 1.00000E+00
 3.96482E-17
 2.01280E+06
 1.00000E+00
 3.96482E-17
 2.01280E+06
 1.00000E+00
 3.96482E-17
 2.01280E+06
 1.00000E+00
 3.96482E-17
 2.01280E+06
 1.00000E+00
 3.96482E-17
 2.01280E+06
 1.00000E+00
 3.96482E-17
 2.01280E+06
 1.00000E+00
 3.96482E-17
 2.01280E+06
 1.00000E+00
 3.96482E-17
 2.01280E+06
 1.00000E+00
 3.96482E-17
 2.01280E+06
 1.00000E+00
 3.96482E-17
 2.01280E+06
 1.00000E+00
 3.96482E-17
 2.01280E+06
 1.00000E+00
 3.96482E-17
 2.01280E+06
 1.00000E+00
 3.96482E-17
 2.01280E+06
 1.00000E+00
 3.96482E-17
 2.01280E+06
 1.00000E+00
 3.96482E-17
 2.01280E+06
 1.00000E+00
 3.96482E-17
 2.01280E+06
 1.00000E+00
 3.96483E-17
 2.01280E+06
 1.00000E+00
 3.96483E-17
 2.01280E+06
 1.00000E+00
 3.96483E-17
 2.01280E+06
 1.00000E+00
 3.96482E-17
 2.01280E+06
 1.00000E+00
 3.96482E-17
 2.01280E+06
 1.00000E+00
 3.96482E-17
 2.01280E+06
 1.00000E+00
 3.96482E-17
 2.01280E+06
 1.00000E+00
 3.96482E-17
 2.01280E+06
 1.00000E+00
 3.96482E-17
 2.01280E+06
 1.00000E+00
 3.96482E-17
 2.01280E+06
 1.00000E+00
 3.96482E-17
 2.01280E+06
 1.00000E+00
 3.96482E-17
 2.01280E+06
 1.00000E+00
 3.96482E-17
 2.01280E+06
 1.00000E+00
 3.96482E-17
 2.01280E+06
 1.00000E+00
 3.96482E-17
 2.01280E+06
 1.00000E+00
 3.96482E-17
 2.01280E+06
 1.00000E+00
 3.96482E-17
 2.01280E+06
 1.00000E+00
 3.96483E-17
 2.01280E+06
 1.00000E+00
 3.96483E-17
 2.01280E+06
 1.00000E+00
 3.96483E-17
 2.01280E+06
 1.00000E+00
 3.96483E-17
 2.01280E+06
 1.00000E+00
 3.96483E-17
 2.01280E+06
 1.00000E+00
 3.96483E-17
 2.01280E+06
 1.00000E+00
 3.96483E-17
 2.01280E+06
 1.00000E+00
 3.96483E-17
 2.01280E+06
 1.00000E+00
 3.96483E-17
 2.01280E+06
 1.00000E+00
 3.96483E-17
 2.01280E+06
 1.00000E+00
 3.96483E-17
 2.01280E+06
 1.00000E+00
 3.96483E-17
 2.01280E+06
 1.00000E+00
 3.96483E-17
 2.01280E+06
 1.00000E+00
 3.96483E-17
 2.01280E+06
 1.00000E+00
 3.96483E-17
 2.01280E+06
 1.00000E+00
 3.96483E-17
 2.01280E+06
 1.00000E+00
 3.96483E-17
 2.01280E+06
 1.00000E+00
 3.96483E-17
 2.01280E+06
 1.00000E+00
 3.96483E-17
 2.01279E+06
 1.00000E+00
 3.96483E-17
 2.01279E+06
 1.00000E+00
 3.96483E-17
 2.01279E+06
 1.00000E+00
 3.96483E-17
 2.01279E+06
 1.00000E+00
 3.96483E-17
 2.01279E+06
 1.00000E+00
 3.96483E-17
 2.01279E+06
 1.00000E+00
 3.96483E-17
 2.01279E+06
 1.00000E+00
 3.96483E-17
 2.01279E+06
 1.00000E+00
 3.96483E-17
 2.01279E+06
 1.00000E+00
 3.96483E-17
 2.01280E+06
 1.00000E+00
 3.96483E-17
 2.01280E+06
 1.00000E+00
 3.96483E-17
 2.01280E+06
 1.00000E+00
 3.96483E-17
 2.01279E+06
 1.00000E+00
 3.96484E-17
 2.01279E+06
 1.00000E+00
 3.96484E-17
 2.01279E+06
 1.00000E+00
 3.96484E-17
 2.01279E+06
 1.00000E+00
 3.96484E-17
 2.01279E+06
 1.00000E+00
 3.96484E-17
 2.01279E+06
 1.00000E+00
 3.96484E-17
 2.01279E+06
 1.00000E+00
 3.96484E-17
 2.01279E+06
 1.00000E+00
 3.96484E-17
 2.01279E+06
 1.00000E+00
 3.96484E-17
 2.01279E+06
 1.00000E+00
 3.96484E-17
 2.01279E+06
 1.00000E+00
 3.96484E-17
 2.01279E+06
 1.00000E+00
 3.96483E-17
 2.01279E+06
 1.00000E+00
 3.96483E-17
 2.01279E+06
 1.00000E+00
 3.96483E-17
 2.01279E+06
 1.00000E+00
 3.96483E-17
 2.01279E+06
 1.00000E+00
 3.96483E-17
 2.01279E+06
 1.00000E+00
 3.96483E-17
 2.01280E+06
 1.00000E+00
 3.96483E-17
 2.01280E+06
 1.00000E+00
 3.96483E-17
 2.01280E+06
 1.00000E+00
 3.96483E-17
 2.01280E+06
 1.00000E+00
 3.96483E-17
 2.01280E+06
 1.00000E+00
 3.96483E-17
 2.01280E+06
 1.00000E+00
 3.96483E-17
 2.01280E+06
 1.00000E+00
 3.96483E-17
 2.01280E+06
 1.00000E+00
 3.96483E-17
 2.01280E+06
 1.00000E+00
 3.96483E-17
 2.01280E+06
 1.00000E+00
 3.96483E-17
 2.01280E+06
 1.00000E+00
 3.96483E-17
 2.01280E+06
 1.00000E+00
 3.96483E-17
 2.01280E+06
 1.00000E+00
 3.96483E-17
 2.01280E+06
 1.00000E+00
 3.96483E-17
 2.01280E+06
 1.00000E+00
 3.96483E-17
 2.01280E+06
 1.00000E+00
 3.96483E-17
 2.01280E+06
 1.00000E+00
 3.96483E-17
 2.01280E+06
 1.00000E+00
 3.96483E-17
 2.01280E+06
 1.00000E+00
 3.96483E-17
 2.01280E+06
 1.00000E+00
 3.96483E-17
 2.01280E+06
 1.00000E+00
 3.96483E-17
 2.01280E+06
 1.00000E+00
 3.96483E-17
 2.01280E+06
 1.00000E+00
 3.96483E-17
 2.01280E+06
 1.00000E+00
 3.96483E-17
 2.01280E+06
 1.00000E+00
 3.96483E-17
 2.01280E+06
 1.00000E+00
 3.96483E-17
 2.01280E+06
 1.00000E+00
 3.96483E-17
 2.01280E+06
 1.00000E+00
 3.96483E-17
 2.01280E+06
 1.00000E+00
 3.96483E-17
 2.01280E+06
 1.00000E+00
 3.96483E-17
 2.01280E+06
 1.00000E+00
 3.96483E-17
 2.01280E+06
 1.00000E+00
 3.96483E-17
 2.01280E+06
 1.00000E+00
 3.96483E-17
 2.01280E+06
 1.00000E+00
 3.96483E-17
 2.01280E+06
 1.00000E+00
 3.96483E-17
 2.01280E+06
 1.00000E+00
 3.96483E-17
 2.01280E+06
 1.00000E+00
 3.96483E-17
 2.01280E+06
 1.00000E+00
 3.96483E-17
 2.01280E+06
 1.00000E+00
 3.96483E-17
 2.01280E+06
 1.00000E+00
 3.96483E-17
 2.01280E+06
 1.00000E+00
 3.96483E-17
 2.01280E+06
 1.00000E+00
 3.96483E-17
 2.01280E+06
 1.00000E+00
 3.96483E-17
 2.01280E+06
 1.00000E+00
 3.96483E-17
 2.01280E+06
 1.00000E+00
 3.96483E-17
 2.01280E+06
 1.00000E+00
 3.96483E-17
 2.01280E+06
 1.00000E+00
 3.96483E-17
 2.01280E+06
 1.00000E+00
 3.96483E-17
 2.01280E+06
 1.00000E+00
 3.96483E-17
 2.01280E+06
 1.00000E+00
 3.96483E-17
 2.01280E+06
 1.00000E+00
 3.96483E-17
 2.01280E+06
 1.00000E+00
 3.96483E-17
 2.01280E+06
 1.00000E+00
 3.96483E-17
 2.01280E+06
 1.00000E+00
 3.96483E-17
 2.01280E+06
 1.00000E+00
 3.96483E-17
 2.01280E+06
 1.00000E+00
 3.96483E-17
 2.01280E+06
 1.00000E+00
 3.96483E-17
 2.01280E+06
 1.00000E+00
 3.96483E-17
 2.01280E+06
 1.00000E+00
 3.96483E-17
 2.01280E+06
 1.00000E+00
 3.96483E-17
 2.01280E+06
 1.00000E+00
 3.96483E-17
 2.01280E+06
 1.00000E+00
 3.96483E-17
 2.01280E+06
 1.00000E+00
 3.96483E-17
 2.01280E+06
 1.00000E+00
 3.96483E-17
 2.01280E+06
 1.00000E+00
 3.96483E-17
 2.01280E+06
 1.00000E+00
 3.96483E-17
 2.01280E+06
 1.00000E+00
 3.96483E-17
 2.01280E+06
 1.00000E+00
 3.96483E-17
 2.01280E+06
 1.00000E+00
 3.96483E-17
 2.01280E+06
 1.00000E+00
 3.96483E-17
 2.01280E+06
 1.00000E+00
 3.96483E-17
 2.01280E+06
 1.00000E+00
 3.96483E-17
 2.01280E+06
 1.00000E+00
 3.96483E-17
 2.01280E+06
 1.00000E+00
 3.96483E-17
 2.01280E+06
 1.00000E+00
 3.96483E-17
 2.01280E+06
 1.00000E+00
 3.96483E-17
 2.01280E+06
 1.00000E+00
 3.96483E-17
 2.01280E+06
 1.00000E+00
 3.96483E-17
 2.01280E+06
 1.00000E+00
 3.96483E-17
 2.01280E+06
 1.00000E+00
 3.96483E-17
 2.01280E+06
 1.00000E+00
 3.96483E-17
 2.01280E+06
 1.00000E+00
 3.96483E-17
 2.01280E+06
 1.00000E+00
 3.96483E-17
 2.01280E+06
 1.00000E+00
 3.96483E-17
 2.01280E+06
 1.00000E+00
 3.96483E-17
 2.01280E+06
 1.00000E+00
 3.96483E-17
 2.01280E+06
 1.00000E+00
 3.96483E-17
 2.01280E+06
 1.00000E+00
 3.96483E-17
 2.01280E+06
 1.00000E+00
 3.96483E-17
 2.01280E+06
 1.00000E+00
 3.96483E-17
 2.01280E+06
 1.00000E+00
 3.96483E-17
 2.01280E+06
 1.00000E+00
 3.96483E-17
 2.01280E+06
 1.00000E+00
 3.96483E-17
 2.01280E+06
 1.00000E+00
 3.96483E-17
 2.01280E+06
 1.00000E+00
 3.96483E-17
 2.01280E+06
 1.00000E+00
 3.96483E-17
 2.01280E+06
 1.00000E+00
 3.96483E-17
 2.01280E+06
 1.00000E+00
 3.96483E-17
 2.01280E+06
 1.00000E+00
 3.96483E-17
 2.01280E+06
 1.00000E+00
 3.96483E-17
 2.01280E+06
 1.00000E+00
 3.96483E-17
 2.01280E+06
 1.00000E+00
 3.96483E-17
 2.01280E+06
 1.00000E+00
 3.96483E-17
 2.01280E+06
 1.00000E+00
 3.96483E-17
 2.01280E+06
 1.00000E+00
 3.96483E-17
 2.01280E+06
 1.00000E+00
 3.96483E-17
 2.01280E+06
 1.00000E+00
 3.96483E-17
 2.01280E+06
 1.00000E+00
 3.96483E-17
 2.01280E+06
 1.00000E+00
 3.96483E-17
 2.01280E+06
 1.00000E+00
 3.96483E-17
 2.01280E+06
 1.00000E+00
 3.96483E-17
 2.01280E+06
 1.00000E+00
 3.96483E-17
 2.01280E+06
 1.00000E+00
 3.96483E-17
 2.01280E+06
 1.00000E+00
 3.96483E-17
 2.01280E+06
 1.00000E+00
 3.96483E-17
 2.01280E+06
 1.00000E+00
 3.96483E-17
 2.01280E+06
 1.00000E+00
 3.96483E-17
 2.01280E+06
 1.00000E+00
 3.96483E-17
 2.01280E+06
 1.00000E+00
 3.96483E-17
 2.01280E+06
 1.00000E+00
 3.96483E-17
 2.01280E+06
 1.00000E+00
 3.96483E-17
 2.01280E+06
 1.00000E+00
 3.96483E-17
 2.01280E+06
 1.00000E+00
 3.96483E-17
 2.01280E+06
 1.00000E+00
 3.96483E-17
 2.01280E+06
 1.00000E+00
 3.96483E-17
 2.01280E+06
 1.00000E+00
 3.96483E-17
 2.01280E+06
 1.00000E+00
 3.96483E-17
 2.01280E+06
 1.00000E+00
 3.96483E-17
 2.01280E+06
 1.00000E+00
 3.96483E-17
 2.01280E+06
 1.00000E+00
 3.96483E-17
 2.01280E+06
 1.00000E+00
 3.96483E-17
 2.01280E+06
 1.00000E+00
 3.96483E-17
 2.01280E+06
 1.00000E+00
 3.96483E-17
 2.01280E+06
 1.00000E+00
 3.96483E-17
 2.01280E+06
 1.00000E+00
 3.96483E-17
 2.01280E+06
 1.00000E+00
 3.96483E-17
 2.01280E+06
 1.00000E+00
 3.96483E-17
 2.01280E+06
 1.00000E+00
 3.96483E-17
 2.01280E+06
 1.00000E+00
 3.96483E-17
 2.01280E+06
 1.00000E+00
 3.96483E-17
 2.01280E+06
 1.00000E+00
 3.96483E-17
 2.01280E+06
 1.00000E+00
 3.96483E-17
 2.01280E+06
 1.00000E+00
 3.96483E-17
 2.01280E+06
 1.00000E+00
 3.96483E-17
 2.01280E+06
 1.00000E+00
 3.96483E-17
 2.01280E+06
 1.00000E+00
 3.96483E-17
 2.01280E+06
 1.00000E+00
 3.96483E-17
 2.01280E+06
 1.00000E+00
 3.96483E-17
 2.01280E+06
 1.00000E+00
 3.96483E-17
 2.01280E+06
 1.00000E+00
 3.96483E-17
 2.01280E+06
 1.00000E+00
 3.96483E-17
 2.01280E+06
 1.00000E+00
 3.96483E-17
 2.01280E+06
 1.00000E+00
 3.96483E-17
 2.01280E+06
 1.00000E+00
 3.96483E-17
 2.01280E+06
 1.00000E+00
 3.96483E-17
 2.01280E+06
 1.00000E+00
 3.96483E-17
 2.01280E+06
 1.00000E+00
 3.96483E-17
 2.01280E+06
 1.00000E+00
 3.96483E-17
 2.01280E+06
 1.00000E+00
 3.96483E-17
 2.01280E+06
 1.00000E+00
 3.96483E-17
 2.01279E+06
 1.00000E+00
 3.96484E-17
 2.01279E+06
 1.00000E+00
 3.96484E-17
 2.01279E+06
 1.00000E+00
 3.96484E-17
 2.01279E+06
 1.00000E+00
 3.96484E-17
 2.01279E+06
 1.00000E+00
 3.96484E-17
 2.01279E+06
 1.00000E+00
 3.96484E-17
 2.01279E+06
 1.00000E+00
 3.96484E-17
 2.01279E+06
 1.00000E+00
 3.96484E-17
 2.01279E+06
 1.00000E+00
 3.96484E-17
 2.01279E+06
 1.00000E+00
 3.96484E-17
 2.01279E+06
 1.00000E+00
 3.96484E-17
 2.01279E+06
 1.00000E+00
 3.96484E-17
 2.01279E+06
 1.00000E+00
 3.96484E-17
 2.01279E+06
 1.00000E+00
 3.96484E-17
 2.01279E+06
 1.00000E+00
 3.96484E-17
 2.01279E+06
 1.00000E+00
 3.96484E-17
 2.01279E+06
 1.00000E+00
 3.96483E-17
 2.01279E+06
 1.00000E+00
 3.96484E-17
 2.01279E+06
 1.00000E+00
 3.96483E-17
 2.01279E+06
 1.00000E+00
 3.96483E-17
 2.01279E+06
 1.00000E+00
 3.96483E-17
 2.01279E+06
 1.00000E+00
 3.96483E-17
 2.01279E+06
 1.00000E+00
 3.96483E-17
 2.01279E+06
 1.00000E+00
 3.96483E-17
 2.01279E+06
 1.00000E+00
 3.96483E-17
 2.01279E+06
 1.00000E+00
 3.96483E-17
 2.01280E+06
 1.00000E+00
 3.96483E-17
 2.01279E+06
 1.00000E+00
 3.96483E-17
 2.01280E+06
 1.00000E+00
 3.96483E-17
 2.01280E+06
 1.00000E+00
 3.96483E-17
 2.01280E+06
 1.00000E+00
 3.96483E-17
 2.01280E+06
 1.00000E+00
 3.96483E-17
 2.01280E+06
 1.00000E+00
 3.96483E-17
 2.01280E+06
 1.00000E+00
 3.96483E-17
 2.01280E+06
 1.00000E+00
 3.96483E-17
 2.01280E+06
 1.00000E+00
 3.96483E-17
 2.01280E+06
 1.00000E+00
 3.96483E-17
 2.01280E+06
 1.00000E+00
 3.96483E-17
 2.01280E+06
 1.00000E+00
 3.96483E-17
 2.01280E+06
 1.00000E+00
 3.96483E-17
 2.01280E+06
 1.00000E+00
 3.96483E-17
 2.01280E+06
 1.00000E+00
 3.96483E-17
 2.01280E+06
 1.00000E+00
 3.96483E-17
 2.01280E+06
 1.00000E+00
 3.96483E-17
 2.01280E+06
 1.00000E+00
 3.96483E-17
 2.01280E+06
 1.00000E+00
 3.96483E-17
 2.01280E+06
 1.00000E+00
 3.96483E-17
 2.01280E+06
 1.00000E+00
 3.96483E-17
 2.01280E+06
 1.00000E+00
 3.96483E-17
 2.01280E+06
 1.00000E+00
 3.96483E-17
 2.01280E+06
 1.00000E+00
 3.96483E-17
 2.01280E+06
 1.00000E+00
 3.96483E-17
 2.01280E+06
 1.00000E+00
 3.96483E-17
 2.01280E+06
 1.00000E+00
 3.96483E-17
 2.01280E+06
 1.00000E+00
 3.96483E-17
 2.01280E+06
 1.00000E+00
 3.96483E-17
 2.01280E+06
 1.00000E+00
 3.96483E-17
 2.01280E+06
 1.00000E+00
 3.96483E-17
 2.01280E+06
 1.00000E+00
 3.96483E-17
 2.01279E+06
 1.00000E+00
 3.96483E-17
 2.01280E+06
 1.00000E+00
 3.96483E-17
 2.01279E+06
 1.00000E+00
 3.96483E-17
 2.01280E+06
 1.00000E+00
 3.96483E-17
 2.01279E+06
 1.00000E+00
 3.96483E-17
 2.01280E+06
 1.00000E+00
 3.96483E-17
 2.01279E+06
 1.00000E+00
 3.96484E-17
 2.01279E+06
 1.00000E+00
 3.96484E-17
 2.01279E+06
 1.00000E+00
 3.96484E-17
 2.01279E+06
 1.00000E+00
 3.96484E-17
 2.01279E+06
 1.00000E+00
 3.96484E-17
 2.01279E+06
 1.00000E+00
 3.96484E-17
 2.01279E+06
 1.00000E+00
 3.96484E-17
 2.01279E+06
 1.00000E+00
 3.96484E-17
 2.01279E+06
 1.00000E+00
 3.96484E-17
 2.01279E+06
 1.00000E+00
 3.96484E-17
 2.01279E+06
 1.00000E+00
 3.96484E-17
 2.01279E+06
 1.00000E+00
 3.96484E-17
 2.01279E+06
 1.00000E+00
 3.96484E-17
 2.01279E+06
 1.00000E+00
 3.96485E-17
 2.01279E+06
 1.00000E+00
 3.96485E-17
 2.01279E+06
 1.00000E+00
 3.96485E-17
 2.01279E+06
 1.00000E+00
 3.96485E-17
 2.01279E+06
 1.00000E+00
 3.96485E-17
 2.01279E+06
 1.00000E+00
 3.96484E-17
 2.01279E+06
 1.00000E+00
 3.96484E-17
 2.01279E+06
 1.00000E+00
 3.96484E-17
 2.01279E+06
 1.00000E+00
 3.96484E-17
 2.01279E+06
 1.00000E+00
 3.96484E-17
 2.01279E+06
 1.00000E+00
 3.96484E-17
 2.01279E+06
 1.00000E+00
 3.96484E-17
 2.01279E+06
 1.00000E+00
 3.96484E-17
 2.01279E+06
 1.00000E+00
 3.96484E-17
 2.01279E+06
 1.00000E+00
 3.96484E-17
 2.01279E+06
 1.00000E+00
 3.96484E-17
 2.01279E+06
 1.00000E+00
 3.96484E-17
 2.01279E+06
 1.00000E+00
 3.96484E-17
 2.01279E+06
 1.00000E+00
 3.96484E-17
 2.01279E+06
 1.00000E+00
 3.96484E-17
 2.01279E+06
 1.00000E+00
 3.96484E-17
 2.01279E+06
 1.00000E+00
 3.96484E-17
 2.01279E+06
 1.00000E+00
 3.96484E-17
 2.01279E+06
 1.00000E+00
 3.96484E-17
 2.01279E+06
 1.00000E+00
 3.96484E-17
 2.01279E+06
 1.00000E+00
 3.96484E-17
 2.01279E+06
 1.00000E+00
 3.96484E-17
 2.01279E+06
 1.00000E+00
 3.96484E-17
 2.01279E+06
 1.00000E+00
 3.96484E-17
 2.01279E+06
 1.00000E+00
 3.96484E-17
 2.01279E+06
 1.00000E+00
 3.96484E-17
 2.01279E+06
 1.00000E+00
 3.96484E-17
 2.01279E+06
 1.00000E+00
 3.96484E-17
 2.01279E+06
 1.00000E+00
 3.96484E-17
 2.01279E+06
 1.00000E+00
 3.96484E-17
 2.01279E+06
 1.00000E+00
 3.96484E-17
 2.01279E+06
 1.00000E+00
 3.96484E-17
 2.01279E+06
 1.00000E+00
 3.96484E-17
 2.01279E+06
 1.00000E+00
 3.96484E-17
 2.01279E+06
 1.00000E+00
 3.96484E-17
 2.01279E+06
 1.00000E+00
 3.96484E-17
 2.01279E+06
 1.00000E+00
 3.96484E-17
 2.01279E+06
 1.00000E+00
 3.96484E-17
 2.01279E+06
 1.00000E+00
 3.96484E-17
 2.01279E+06
 1.00000E+00
 3.96484E-17
 2.01279E+06
 1.00000E+00
 3.96484E-17
 2.01279E+06
 1.00000E+00
 3.96484E-17
 2.01279E+06
 1.00000E+00
 3.96484E-17
 2.01279E+06
 1.00000E+00
 3.96484E-17
 2.01279E+06
 1.00000E+00
 3.96484E-17
 2.01279E+06
 1.00000E+00
 3.96484E-17
 2.01279E+06
 1.00000E+00
 3.96484E-17
 2.01279E+06
 1.00000E+00
 3.96484E-17
 2.01279E+06
 1.00000E+00
 3.96484E-17
 2.01279E+06
 1.00000E+00
 3.96484E-17
 2.01279E+06
 1.00000E+00
 3.96484E-17
 2.01279E+06
 1.00000E+00
 3.96484E-17
 2.01279E+06
 1.00000E+00
 3.96484E-17
 2.01279E+06
 1.00000E+00
 3.96484E-17
 2.01279E+06
 1.00000E+00
 3.96484E-17
 2.01279E+06
 1.00000E+00
 3.96484E-17
 2.01279E+06
 1.00000E+00
 3.96483E-17
 2.01279E+06
 1.00000E+00
 3.96484E-17
 2.01279E+06
 1.00000E+00
 3.96483E-17
 2.01279E+06
 1.00000E+00
 3.96484E-17
 2.01279E+06
 1.00000E+00
 3.96483E-17
 2.01279E+06
 1.00000E+00
 3.96483E-17
 2.01279E+06
 1.00000E+00
 3.96483E-17
 2.01279E+06
 1.00000E+00
 3.96483E-17
 2.01279E+06
 1.00000E+00
 3.96483E-17
 2.01279E+06
 1.00000E+00
 3.96483E-17
 2.01279E+06
 1.00000E+00
 3.96483E-17
 2.01279E+06
 1.00000E+00
 3.96483E-17
 2.01279E+06
 1.00000E+00
 3.96483E-17
 2.01279E+06
 1.00000E+00
 3.96483E-17
 2.01279E+06
 1.00000E+00
 3.96483E-17
 2.01279E+06
 1.00000E+00
 3.96483E-17
 2.01279E+06
 1.00000E+00
 3.96483E-17
 2.01279E+06
 1.00000E+00
 3.96483E-17
 2.01279E+06
 1.00000E+00
 3.96483E-17
 2.01279E+06
 1.00000E+00
 3.96483E-17
 2.01279E+06
 1.00000E+00
 3.96483E-17
 2.01279E+06
 1.00000E+00
 3.96483E-17
 2.01279E+06
 1.00000E+00
 3.96483E-17
 2.01279E+06
 1.00000E+00
 3.96483E-17
 2.01279E+06
 1.00000E+00
 3.96483E-17
 2.01279E+06
 1.00000E+00
 3.96483E-17
 2.01279E+06
 1.00000E+00
 3.96483E-17
 2.01279E+06
 1.00000E+00
 3.96483E-17
 2.01279E+06
 1.00000E+00
 3.96483E-17
 2.01279E+06
 1.00000E+00
 3.96483E-17
 2.01279E+06
 1.00000E+00
 3.96483E-17
 2.01279E+06
 1.00000E+00
 3.96483E-17
 2.01279E+06
 1.00000E+00
 3.96483E-17
 2.01279E+06
 1.00000E+00
 3.96483E-17
 2.01279E+06
 1.00000E+00
 3.96483E-17
 2.01279E+06
 1.00000E+00
 3.96483E-17
 2.01279E+06
 1.00000E+00
 3.96483E-17
 2.01279E+06
 1.00000E+00
 3.96483E-17
 2.01279E+06
 1.00000E+00
 3.96483E-17
 2.01279E+06
 1.00000E+00
 3.96483E-17
 2.01279E+06
 1.00000E+00
 3.96483E-17
 2.01279E+06
 1.00000E+00
 3.96483E-17
 2.01279E+06
 1.00000E+00
 3.96483E-17
 2.01279E+06
 1.00000E+00
 3.96483E-17
 2.01279E+06
 1.00000E+00
 3.96483E-17
 2.01279E+06
 1.00000E+00
 3.96483E-17
 2.01279E+06
 1.00000E+00
 3.96483E-17
 2.01279E+06
 1.00000E+00
 3.96483E-17
 2.01279E+06
 1.00000E+00
 3.96483E-17
 2.01279E+06
 1.00000E+00
 3.96483E-17
 2.01279E+06
 1.00000E+00
 3.96483E-17
 2.01279E+06
 1.00000E+00
 3.96483E-17
 2.01279E+06
 1.00000E+00
 3.96483E-17
 2.01279E+06
 1.00000E+00
 3.96483E-17
 2.01279E+06
 1.00000E+00
 3.96483E-17
 2.01279E+06
 1.00000E+00
 3.96483E-17
 2.01279E+06
 1.00000E+00
 3.96483E-17
 2.01279E+06
 1.00000E+00
 3.96484E-17
 2.01279E+06
 1.00000E+00
 3.96483E-17
 2.01279E+06
 1.00000E+00
 3.96484E-17
 2.01279E+06
 1.00000E+00
 3.96483E-17
 2.01279E+06
 1.00000E+00
 3.96484E-17
 2.01279E+06
 1.00000E+00
 3.96483E-17
 2.01279E+06
 1.00000E+00
 3.96484E-17
 2.01279E+06
 1.00000E+00
 3.96483E-17
 2.01279E+06
 1.00000E+00
 3.96484E-17
 2.01279E+06
 1.00000E+00
 3.96483E-17
 2.01279E+06
 1.00000E+00
 3.96484E-17
 2.01279E+06
 1.00000E+00
 3.96483E-17
 2.01279E+06
 1.00000E+00
 3.96484E-17
 2.01279E+06
 1.00000E+00
 3.96483E-17
 2.01279E+06
 1.00000E+00
 3.96484E-17
 2.01279E+06
 1.00000E+00
 3.96483E-17
 2.01279E+06
 1.00000E+00
 3.96484E-17
 2.01279E+06
 1.00000E+00
 3.96483E-17
 2.01279E+06
 1.00000E+00
 3.96484E-17
 2.01279E+06
 1.00000E+00
 3.96483E-17
 2.01279E+06
 1.00000E+00
 3.96484E-17
 2.01279E+06
 1.00000E+00
 3.96484E-17
 2.01279E+06
 1.00000E+00
 3.96484E-17
 2.01279E+06
 1.00000E+00
 3.96484E-17
 2.01279E+06
 1.00000E+00
 3.96484E-17
 2.01279E+06
 1.00000E+00
 3.96484E-17
 2.01279E+06
 1.00000E+00
 3.96484E-17
 2.01279E+06
 1.00000E+00
 3.96483E-17
 2.01279E+06
 1.00000E+00
 3.96484E-17
 2.01279E+06
 1.00000E+00
 3.96483E-17
 2.01279E+06
 1.00000E+00
 3.96484E-17
 2.01279E+06
 1.00000E+00
 3.96483E-17
 2.01279E+06
 1.00000E+00
 3.96484E-17
 2.01279E+06
 1.00000E+00
 3.96483E-17
 2.01279E+06
 1.00000E+00
 3.96484E-17
 2.01279E+06
 1.00000E+00
 3.96483E-17
 2.01279E+06
 1.00000E+00
 3.96484E-17
 2.01279E+06
 1.00000E+00
 3.96483E-17
 2.01279E+06
 1.00000E+00
 3.96483E-17
 2.01279E+06
 1.00000E+00
 3.96483E-17
 2.01279E+06
 1.00000E+00
 3.96484E-17
 2.01279E+06
 1.00000E+00
 3.96483E-17
 2.01279E+06
 1.00000E+00
 3.96484E-17
 2.01279E+06
 1.00000E+00
 3.96483E-17
 2.01279E+06
 1.00000E+00
 3.96484E-17
 2.01279E+06
 1.00000E+00
 3.96483E-17
 2.01279E+06
 1.00000E+00
 3.96484E-17
 2.01279E+06
 1.00000E+00
 3.96483E-17
 2.01279E+06
 1.00000E+00
 3.96484E-17
 2.01279E+06
 1.00000E+00
 3.96483E-17
 2.01279E+06
 1.00000E+00
 3.96484E-17
 2.01279E+06
 1.00000E+00
 3.96483E-17
 2.01279E+06
 1.00000E+00
 3.96484E-17
 2.01279E+06
 1.00000E+00
 3.96483E-17
 2.01279E+06
 1.00000E+00
 3.96484E-17
 2.01279E+06
 1.00000E+00
 3.96483E-17
 2.01279E+06
 1.00000E+00
 3.96484E-17
 2.01279E+06
 1.00000E+00
 3.96483E-17
 2.01279E+06
 1.00000E+00
 3.96484E-17
 2.01279E+06
 1.00000E+00
 3.96483E-17
 2.01279E+06
 1.00000E+00
 3.96484E-17
 2.01279E+06
 1.00000E+00
 3.96483E-17
 2.01279E+06
 1.00000E+00
 3.96484E-17
 2.01279E+06
 1.00000E+00
 3.96484E-17
 2.01279E+06
 1.00000E+00
 3.96484E-17
 2.01279E+06
 1.00000E+00
 3.96484E-17
 2.01279E+06
 1.00000E+00
 3.96484E-17
 2.01279E+06
 1.00000E+00
 3.96484E-17
 2.01279E+06
 1.00000E+00
 3.96484E-17
 2.01279E+06
 1.00000E+00
 3.96484E-17
 2.01279E+06
 1.00000E+00
 3.96484E-17
 2.01279E+06
 1.00000E+00
 3.96484E-17
 2.01279E+06
 1.00000E+00
 3.96484E-17
 2.01279E+06
 1.00000E+00
 3.96484E-17
 2.01279E+06
 1.00000E+00
 3.96484E-17
 2.01279E+06
 1.00000E+00
 3.96484E-17
 2.01279E+06
 1.00000E+00
 3.96484E-17
 2.01279E+06
 1.00000E+00
 3.96484E-17
 2.01279E+06
 1.00000E+00
 3.96484E-17
 2.01279E+06
 1.00000E+00
 3.96484E-17
 2.01279E+06
 1.00000E+00
 3.96484E-17
 2.01279E+06
 1.00000E+00
 3.96484E-17
 2.01279E+06
 1.00000E+00
 3.96484E-17
 2.01279E+06
 1.00000E+00
 3.96484E-17
 2.01279E+06
 1.00000E+00
 3.96484E-17
 2.01279E+06
 1.00000E+00
 3.96484E-17
 2.01279E+06
 1.00000E+00
 3.96484E-17
 2.01279E+06
 1.00000E+00
 3.96484E-17
 2.01279E+06
 1.00000E+00
 3.96484E-17
 2.01279E+06
 1.00000E+00
 3.96484E-17
 2.01279E+06
 1.00000E+00
 3.96484E-17
 2.01279E+06
 1.00000E+00
 3.96484E-17
 2.01279E+06
 1.00000E+00
 3.96484E-17
 2.01279E+06
 1.00000E+00
 3.96484E-17
 2.01279E+06
 1.00000E+00
 3.96484E-17
 2.01279E+06
 1.00000E+00
 3.96484E-17
 2.01279E+06
 1.00000E+00
 3.96484E-17
 2.01279E+06
 1.00000E+00
 3.96484E-17
 2.01279E+06
 1.00000E+00
 3.96484E-17
 2.01279E+06
 1.00000E+00
 3.96484E-17
 2.01279E+06
 1.00000E+00
 3.96484E-17
 2.01279E+06
 1.00000E+00
 3.96484E-17
 2.01279E+06
 1.00000E+00
 3.96484E-17
 2.01279E+06
 1.00000E+00
 3.96484E-17
 2.01279E+06
 1.00000E+00
 3.96484E-17
 2.01279E+06
 1.00000E+00
 3.96484E-17
 2.01279E+06
 1.00000E+00
 3.96484E-17
 2.01279E+06
 1.00000E+00
 3.96484E-17
 2.01279E+06
 1.00000E+00
 3.96484E-17
 2.01279E+06
 1.00000E+00
 3.96484E-17
 2.01279E+06
 1.00000E+00
 3.96484E-17
 2.01279E+06
 1.00000E+00
 3.96484E-17
 2.01279E+06
 1.00000E+00
 3.96484E-17
 2.01279E+06
 1.00000E+00
 3.96484E-17
 2.01279E+06
 1.00000E+00
 3.96484E-17
 2.01279E+06
 1.00000E+00
 3.96484E-17
 2.01279E+06
 1.00000E+00
 3.96484E-17
 2.01279E+06
 1.00000E+00
 3.96484E-17
 2.01279E+06
 1.00000E+00
 3.96484E-17
 2.01279E+06
 1.00000E+00
 3.96484E-17
 2.01279E+06
 1.00000E+00
 3.96484E-17
 2.01279E+06
 1.00000E+00
 3.96484E-17
 2.01279E+06
 1.00000E+00
 3.96484E-17
 2.01279E+06
 1.00000E+00
 3.96484E-17
 2.01279E+06
 1.00000E+00
 3.96484E-17
 2.01279E+06
 1.00000E+00
 3.96484E-17
 2.01279E+06
 1.00000E+00
 3.96484E-17
 2.01279E+06
 1.00000E+00
 3.96484E-17
 2.01279E+06
 1.00000E+00
 3.96484E-17
 2.01279E+06
 1.00000E+00
 3.96484E-17
 2.01279E+06
 1.00000E+00
 3.96484E-17
 2.01279E+06
 1.00000E+00
 3.96484E-17
 2.01279E+06
 1.00000E+00
 3.96484E-17
 2.01279E+06
 1.00000E+00
 3.96484E-17
 2.01279E+06
 1.00000E+00
 3.96484E-17
 2.01279E+06
 1.00000E+00
 3.96484E-17
 2.01279E+06
 1.00000E+00
 3.96484E-17
 2.01279E+06
 1.00000E+00
 3.96484E-17
 2.01279E+06
 1.00000E+00
 3.96484E-17
 2.01279E+06
 1.00000E+00
 3.96484E-17
 2.01279E+06
 1.00000E+00
 3.96484E-17
 2.01279E+06
 1.00000E+00
 3.96484E-17
 2.01279E+06
 1.00000E+00
 3.96484E-17
 2.01279E+06
 1.00000E+00
 3.96484E-17
 2.01279E+06
 1.00000E+00
 3.96484E-17
 2.01279E+06
 1.00000E+00
 3.96484E-17
 2.01279E+06
 1.00000E+00
 3.96484E-17
 2.01279E+06
 1.00000E+00
 3.96484E-17
 2.01279E+06
 1.00000E+00
 3.96484E-17
 2.01279E+06
 1.00000E+00
 3.96484E-17
 2.01279E+06
 1.00000E+00
 3.96484E-17
 2.01279E+06
 1.00000E+00
 3.96484E-17
 2.01279E+06
 1.00000E+00
 3.96484E-17
 2.01279E+06
 1.00000E+00
 3.96484E-17
 2.01279E+06
 1.00000E+00
 3.96484E-17
 2.01279E+06
 1.00000E+00
 3.96484E-17
 2.01279E+06
 1.00000E+00
 3.96484E-17
 2.01279E+06
 1.00000E+00
 3.96484E-17
 2.01279E+06
 1.00000E+00
 3.96484E-17
 2.01279E+06
 1.00000E+00
 3.96484E-17
 2.01279E+06
 1.00000E+00
 3.96484E-17
 2.01279E+06
 1.00000E+00
 3.96484E-17
 2.01279E+06
 1.00000E+00
 3.96484E-17
 2.01279E+06
 1.00000E+00
 3.96484E-17
 2.01279E+06
 1.00000E+00
 3.96484E-17
 2.01279E+06
 1.00000E+00
 3.96484E-17
 2.01279E+06
 1.00000E+00
 3.96484E-17
 2.01279E+06
 1.00000E+00
 3.96484E-17
 2.01279E+06
 1.00000E+00
 3.96484E-17
 2.01279E+06
 1.00000E+00
 3.96484E-17
 2.01279E+06
 1.00000E+00
 3.96484E-17
 2.01279E+06
 1.00000E+00
 3.96484E-17
 2.01279E+06
 1.00000E+00
 3.96484E-17
 2.01279E+06
 1.00000E+00
 3.96484E-17
 2.01279E+06
 1.00000E+00
 3.96484E-17
 2.01279E+06
 1.00000E+00
 3.96484E-17
 2.01279E+06
 1.00000E+00
 3.96484E-17
 2.01279E+06
 1.00000E+00
 3.96484E-17
 2.01279E+06
 1.00000E+00
 3.96484E-17
 2.01279E+06
 1.00000E+00
 3.96484E-17
 2.01279E+06
 1.00000E+00
 3.96484E-17
 2.01279E+06
 1.00000E+00
 3.96484E-17
 2.01279E+06
 1.00000E+00
 3.96484E-17
 2.01279E+06
 1.00000E+00
 3.96484E-17
 2.01279E+06
 1.00000E+00
 3.96484E-17
 2.01279E+06
 1.00000E+00
 3.96484E-17
 2.01279E+06
 1.00000E+00
 3.96484E-17
 2.01279E+06
 1.00000E+00
 3.96484E-17
 2.01279E+06
 1.00000E+00
 3.96484E-17
 2.01279E+06
 1.00000E+00
 3.96484E-17
 2.01279E+06
 1.00000E+00
 3.96484E-17
 2.01279E+06
 1.00000E+00
 3.96484E-17
 2.01279E+06
 1.00000E+00
 3.96484E-17
 2.01279E+06
 1.00000E+00
 3.96484E-17
 2.01279E+06
 1.00000E+00
 3.96484E-17
 2.01279E+06
 1.00000E+00
 3.96484E-17
 2.01279E+06
 1.00000E+00
 3.96484E-17
 2.01279E+06
 1.00000E+00
 3.96484E-17
 2.01279E+06
 1.00000E+00
 3.96484E-17
 2.01279E+06
 1.00000E+00
 3.96484E-17
 2.01279E+06
 1.00000E+00
 3.96484E-17
 2.01279E+06
 1.00000E+00
 3.96484E-17
 2.01279E+06
 1.00000E+00
 3.96484E-17
 2.01279E+06
 1.00000E+00
 3.96484E-17
 2.01279E+06
 1.00000E+00
 3.96484E-17
 2.01279E+06
 1.00000E+00
 3.96484E-17
 2.01279E+06
 1.00000E+00
 3.96484E-17
 2.01279E+06
 1.00000E+00
 3.96484E-17
 2.01279E+06
 1.00000E+00
 3.96484E-17
 2.01279E+06
 1.00000E+00
 3.96484E-17
 2.01279E+06
 1.00000E+00
 3.96484E-17
 2.01279E+06
 1.00000E+00
 3.96484E-17
 2.01279E+06
 1.00000E+00
 3.96484E-17
 2.01279E+06
 1.00000E+00
 3.96484E-17
 2.01279E+06
 1.00000E+00
 3.96485E-17
 2.01279E+06
 1.00000E+00
 3.96485E-17
 2.01279E+06
 1.00000E+00
 3.96485E-17
 2.01279E+06
 1.00000E+00
 3.96485E-17
 2.01279E+06
 1.00000E+00
 3.96485E-17
 2.01279E+06
 1.00000E+00
 3.96485E-17
 2.01279E+06
 1.00000E+00
 3.96485E-17
 2.01279E+06
 1.00000E+00
 3.96485E-17
 2.01279E+06
 1.00000E+00
 3.96485E-17
 2.01279E+06
 1.00000E+00
 3.96485E-17
 2.01279E+06
 1.00000E+00
 3.96485E-17
 2.01279E+06
 1.00000E+00
 3.96485E-17
 2.01279E+06
 1.00000E+00
 3.96485E-17
 2.01279E+06
 1.00000E+00
 3.96485E-17
 2.01279E+06
 1.00000E+00
 3.96485E-17
 2.01279E+06
 1.00000E+00
 3.96485E-17
 2.01279E+06
 1.00000E+00
 3.96485E-17
 2.01279E+06
 1.00000E+00
 3.96485E-17
 2.01279E+06
 1.00000E+00
 3.96485E-17
 2.01279E+06
 1.00000E+00
 3.96485E-17
 2.01279E+06
 1.00000E+00
 3.96485E-17
 2.01279E+06
 1.00000E+00
 3.96485E-17
 2.01279E+06
 1.00000E+00
 3.96485E-17
 2.01279E+06
 1.00000E+00
 3.96485E-17
 2.01279E+06
 1.00000E+00
 3.96485E-17
 2.01279E+06
 1.00000E+00
 3.96485E-17
 2.01279E+06
 1.00000E+00
 3.96485E-17
 2.01279E+06
 1.00000E+00
 3.96485E-17
 2.01279E+06
 1.00000E+00
 3.96485E-17
 2.01279E+06
 1.00000E+00
 3.96485E-17
 2.01279E+06
 1.00000E+00
 3.96485E-17
 2.01279E+06
 1.00000E+00
 3.96484E-17
 2.01279E+06
 1.00000E+00
 3.96485E-17
 2.01279E+06
 1.00000E+00
 3.96484E-17
 2.01279E+06
 1.00000E+00
 3.96484E-17
 2.01279E+06
 1.00000E+00
 3.96484E-17
 2.01279E+06
 1.00000E+00
 3.96484E-17
 2.01279E+06
 1.00000E+00
 3.96484E-17
 2.01279E+06
 1.00000E+00
 3.96484E-17
 2.01279E+06
 1.00000E+00
 3.96484E-17
 2.01279E+06
 1.00000E+00
 3.96484E-17
 2.01279E+06
 1.00000E+00
 3.96484E-17
 2.01279E+06
 1.00000E+00
 3.96484E-17
 2.01279E+06
 1.00000E+00
 3.96484E-17
 2.01279E+06
 1.00000E+00
 3.96484E-17
 2.01279E+06
 1.00000E+00
 3.96484E-17
 2.01279E+06
 1.00000E+00
 3.96484E-17
 2.01279E+06
 1.00000E+00
 3.96484E-17
 2.01279E+06
 1.00000E+00
 3.96484E-17
 2.01279E+06
 1.00000E+00
 3.96484E-17
 2.01279E+06
 1.00000E+00
 3.96484E-17
 2.01279E+06
 1.00000E+00
 3.96484E-17
 2.01279E+06
 1.00000E+00
 3.96484E-17
 2.01279E+06
 1.00000E+00
 3.96484E-17
 2.01279E+06
 1.00000E+00
 3.96484E-17
 2.01279E+06
 1.00000E+00
 3.96484E-17
 2.01279E+06
 1.00000E+00
 3.96484E-17
 2.01279E+06
 1.00000E+00
 3.96484E-17
 2.01279E+06
 1.00000E+00
 3.96484E-17
 2.01279E+06
 1.00000E+00
 3.96484E-17
 2.01279E+06
 1.00000E+00
 3.96484E-17
 2.01279E+06
 1.00000E+00
 3.96484E-17
 2.01279E+06
 1.00000E+00
 3.96484E-17
 2.01279E+06
 1.00000E+00
 3.96484E-17
 2.01279E+06
 1.00000E+00
 3.96484E-17
 2.01279E+06
 1.00000E+00
 3.96484E-17
 2.01279E+06
 1.00000E+00
 3.96484E-17
 2.01279E+06
 1.00000E+00
 3.96484E-17
 2.01279E+06
 1.00000E+00
 3.96484E-17
 2.01279E+06
 1.00000E+00
 3.96484E-17
 2.01279E+06
 1.00000E+00
 3.96484E-17
 2.01279E+06
 1.00000E+00
 3.96484E-17
 2.01279E+06
 1.00000E+00
 3.96484E-17
 2.01279E+06
 1.00000E+00
 3.96484E-17
 2.01279E+06
 1.00000E+00
 3.96484E-17
 2.01279E+06
 1.00000E+00
 3.96484E-17
 2.01279E+06
 1.00000E+00
 3.96484E-17
 2.01279E+06
 1.00000E+00
 3.96484E-17
 2.01279E+06
 1.00000E+00
 3.96484E-17
 2.01279E+06
 1.00000E+00
 3.96484E-17
 2.01279E+06
 1.00000E+00
 3.96484E-17
 2.01279E+06
 1.00000E+00
 3.96484E-17
 2.01279E+06
 1.00000E+00
 3.96484E-17
 2.01279E+06
 1.00000E+00
 3.96484E-17
 2.01279E+06
 1.00000E+00
 3.96484E-17
 2.01279E+06
 1.00000E+00
 3.96484E-17
 2.01279E+06
 1.00000E+00
 3.96484E-17
 2.01279E+06
 1.00000E+00
 3.96484E-17
 2.01279E+06
 1.00000E+00
 3.96484E-17
 2.01279E+06
 1.00000E+00
 3.96484E-17
 2.01279E+06
 1.00000E+00
 3.96484E-17
 2.01279E+06
 1.00000E+00
 3.96484E-17
 2.01279E+06
 1.00000E+00
 3.96484E-17
 2.01279E+06
 1.00000E+00
 3.96484E-17
 2.01279E+06
 1.00000E+00
 3.96484E-17
 2.01279E+06
 1.00000E+00
 3.96484E-17
 2.01279E+06
 1.00000E+00
 3.96484E-17
 2.01279E+06
 1.00000E+00
 3.96484E-17
 2.01279E+06
 1.00000E+00
 3.96484E-17
 2.01279E+06
 1.00000E+00
 3.96484E-17
 2.01279E+06
 1.00000E+00
 3.96484E-17
 2.01279E+06
 1.00000E+00
 3.96484E-17
 2.01279E+06
 1.00000E+00
 3.96484E-17
 2.01279E+06
 1.00000E+00
 3.96484E-17
 2.01279E+06
 1.00000E+00
 3.96484E-17
 2.01279E+06
 1.00000E+00
 3.96484E-17
 2.01279E+06
 1.00000E+00
 3.96484E-17
 2.01279E+06
 1.00000E+00
 3.96484E-17
 2.01279E+06
 1.00000E+00
 3.96484E-17
 2.01279E+06
 1.00000E+00
 3.96484E-17
 2.01279E+06
 1.00000E+00
 3.96484E-17
 2.01279E+06
 1.00000E+00
 3.96484E-17
 2.01279E+06
 1.00000E+00
 3.96484E-17
 2.01279E+06
 1.00000E+00
 3.96484E-17
 2.01279E+06
 1.00000E+00
 3.96484E-17
 2.01279E+06
 1.00000E+00
 3.96484E-17
 2.01279E+06
 1.00000E+00
 3.96484E-17
 2.01279E+06
 1.00000E+00
 3.96484E-17
 2.01279E+06
 1.00000E+00
 3.96484E-17
 2.01279E+06
 1.00000E+00
 3.96484E-17
 2.01279E+06
 1.00000E+00
 3.96484E-17
 2.01279E+06
 1.00000E+00
 3.96484E-17
 2.01279E+06
 1.00000E+00
 3.96484E-17
 2.01279E+06
 1.00000E+00
 3.96484E-17
 2.01279E+06
 1.00000E+00
 3.96484E-17
 2.01279E+06
 1.00000E+00
 3.96484E-17
 2.01279E+06
 1.00000E+00
 3.96484E-17
 2.01279E+06
 1.00000E+00
 3.96484E-17
 2.01279E+06
 1.00000E+00
 3.96484E-17
 2.01279E+06
 1.00000E+00
 3.96484E-17
 2.01279E+06
 1.00000E+00
 3.96484E-17
 2.01279E+06
 1.00000E+00
 3.96484E-17
 2.01279E+06
 1.00000E+00
 3.96484E-17
 2.01279E+06
 1.00000E+00
 3.96484E-17
 2.01279E+06
 1.00000E+00
 3.96484E-17
 2.01279E+06
 1.00000E+00
 3.96484E-17
 2.01279E+06
 1.00000E+00
 3.96484E-17
 2.01279E+06
 1.00000E+00
 3.96484E-17
 2.01279E+06
 1.00000E+00
 3.96484E-17
 2.01279E+06
 1.00000E+00
 3.96484E-17
 2.01279E+06
 1.00000E+00
 3.96485E-17
 2.01279E+06
 1.00000E+00
 3.96485E-17
 2.01279E+06
 1.00000E+00
 3.96485E-17
 2.01279E+06
 1.00000E+00
 3.96485E-17
 2.01279E+06
 1.00000E+00
 3.96485E-17
 2.01279E+06
 1.00000E+00
 3.96485E-17
 2.01279E+06
 1.00000E+00
 3.96485E-17
 2.01279E+06
 1.00000E+00
 3.96485E-17
 2.01279E+06
 1.00000E+00
 3.96485E-17
 2.01279E+06
 1.00000E+00
 3.96485E-17
 2.01279E+06
 1.00000E+00
 3.96485E-17
 2.01279E+06
 1.00000E+00
 3.96485E-17
 2.01279E+06
 1.00000E+00
 3.96485E-17
 2.01279E+06
 1.00000E+00
 3.96485E-17
 2.01279E+06
 1.00000E+00
 3.96485E-17
 2.01279E+06
 1.00000E+00
 3.96485E-17
 2.01279E+06
 1.00000E+00
 3.96485E-17
 2.01279E+06
 1.00000E+00
 3.96485E-17
 2.01279E+06
 1.00000E+00
 3.96485E-17
 2.01279E+06
 1.00000E+00
 3.96485E-17
 2.01279E+06
 1.00000E+00
 3.96485E-17
 2.01279E+06
 1.00000E+00
 3.96485E-17
 2.01279E+06
 1.00000E+00
 3.96485E-17
 2.01279E+06
 1.00000E+00
 3.96485E-17
 2.01279E+06
 1.00000E+00
 3.96485E-17
 2.01279E+06
 1.00000E+00
 3.96485E-17
 2.01279E+06
 1.00000E+00
 3.96485E-17
 2.01279E+06
 1.00000E+00
 3.96485E-17
 2.01279E+06
 1.00000E+00
 3.96485E-17
 2.01279E+06
 1.00000E+00
 3.96485E-17
 2.01279E+06
 1.00000E+00
 3.96484E-17
 2.01279E+06
 1.00000E+00
 3.96484E-17
 2.01279E+06
 1.00000E+00
 3.96484E-17
 2.01279E+06
 1.00000E+00
 3.96485E-17
 2.01279E+06
 1.00000E+00
 3.96485E-17
 2.01279E+06
 1.00000E+00
 3.96485E-17
 2.01279E+06
 1.00000E+00
 3.96485E-17
 2.01279E+06
 1.00000E+00
 3.96485E-17
 2.01279E+06
 1.00000E+00
 3.96485E-17
 2.01279E+06
 1.00000E+00
 3.96485E-17
 2.01279E+06
 1.00000E+00
 3.96485E-17
 2.01279E+06
 1.00000E+00
 3.96485E-17
 2.01279E+06
 1.00000E+00
 3.96485E-17
 2.01279E+06
 1.00000E+00
 3.96485E-17
 2.01279E+06
 1.00000E+00
 3.96485E-17
 2.01279E+06
 1.00000E+00
 3.96485E-17
 2.01279E+06
 1.00000E+00
 3.96485E-17
 2.01279E+06
 1.00000E+00
 3.96485E-17
 2.01279E+06
 1.00000E+00
 3.96485E-17
 2.01279E+06
 1.00000E+00
 3.96485E-17
 2.01279E+06
 1.00000E+00
 3.96485E-17
 2.01279E+06
 1.00000E+00
 3.96485E-17
 2.01279E+06
 1.00000E+00
 3.96485E-17
 2.01279E+06
 1.00000E+00
 3.96485E-17
 2.01279E+06
 1.00000E+00
 3.96485E-17
 2.01279E+06
 1.00000E+00
 3.96485E-17
 2.01279E+06
 1.00000E+00
 3.96485E-17
 2.01279E+06
 1.00000E+00
 3.96485E-17
 2.01279E+06
 1.00000E+00
 3.96485E-17
 2.01279E+06
 1.00000E+00
 3.96485E-17
 2.01279E+06
 1.00000E+00
 3.96485E-17
 2.01279E+06
 1.00000E+00
 3.96485E-17
 2.01279E+06
 1.00000E+00
 3.96485E-17
 2.01279E+06
 1.00000E+00
 3.96485E-17
 2.01279E+06
 1.00000E+00
 3.96485E-17
 2.01279E+06
 1.00000E+00
 3.96485E-17
 2.01279E+06
 1.00000E+00
 3.96485E-17
 2.01279E+06
 1.00000E+00
 3.96484E-17
 2.01279E+06
 1.00000E+00
 3.96484E-17
 2.01279E+06
 1.00000E+00
 3.96484E-17
 2.01279E+06
 1.00000E+00
 3.96484E-17
 2.01279E+06
 1.00000E+00
 3.96484E-17
 2.01279E+06
 1.00000E+00
 3.96484E-17
 2.01279E+06
 1.00000E+00
 3.96484E-17
 2.01279E+06
 1.00000E+00
 3.96484E-17
 2.01279E+06
 1.00000E+00
 3.96484E-17
 2.01279E+06
 1.00000E+00
 3.96484E-17
 2.01279E+06
 1.00000E+00
 3.96484E-17
 2.01279E+06
 1.00000E+00
 3.96484E-17
 2.01279E+06
 1.00000E+00
 3.96484E-17
 2.01279E+06
 1.00000E+00
 3.96484E-17
 2.01279E+06
 1.00000E+00
 3.96484E-17
 2.01279E+06
 1.00000E+00
 3.96484E-17
 2.01279E+06
 1.00000E+00
 3.96484E-17
 2.01279E+06
 1.00000E+00
 3.96484E-17
 2.01279E+06
 1.00000E+00
 3.96484E-17
 2.01279E+06
 1.00000E+00
 3.96484E-17
 2.01279E+06
 1.00000E+00
 3.96484E-17
 2.01279E+06
 1.00000E+00
 3.96484E-17
 2.01279E+06
 1.00000E+00
 3.96484E-17
 2.01279E+06
 1.00000E+00
 3.96484E-17
 2.01279E+06
 1.00000E+00
 3.96484E-17
 2.01279E+06
 1.00000E+00
 3.96484E-17
 2.01279E+06
 1.00000E+00
 3.96484E-17
 2.01279E+06
 1.00000E+00
 3.96484E-17
 2.01279E+06
 1.00000E+00
 3.96484E-17
 2.01279E+06
 1.00000E+00
 3.96484E-17
 2.01279E+06
 1.00000E+00
 3.96484E-17
 2.01279E+06
 1.00000E+00
 3.96484E-17
 2.01279E+06
 1.00000E+00
 3.96484E-17
 2.01279E+06
 1.00000E+00
 3.96484E-17
 2.01279E+06
 1.00000E+00
 3.96484E-17
 2.01279E+06
 1.00000E+00
 3.96484E-17
 2.01279E+06
 1.00000E+00
 3.96484E-17
 2.01279E+06
 1.00000E+00
 3.96484E-17
 2.01279E+06
 1.00000E+00
 3.96484E-17
 2.01279E+06
 1.00000E+00
 3.96484E-17
 2.01279E+06
 1.00000E+00
 3.96484E-17
 2.01279E+06
 1.00000E+00
 3.96484E-17
 2.01279E+06
 1.00000E+00
 3.96484E-17
 2.01279E+06
 1.00000E+00
 3.96484E-17
 2.01279E+06
 1.00000E+00
 3.96484E-17
 2.01279E+06
 1.00000E+00
 3.96484E-17
 2.01279E+06
 1.00000E+00
 3.96484E-17
 2.01279E+06
 1.00000E+00
 3.96484E-17
 2.01279E+06
 1.00000E+00
 3.96484E-17
 2.01279E+06
 1.00000E+00
 3.96484E-17
 2.01279E+06
 1.00000E+00
 3.96484E-17
 2.01279E+06
 1.00000E+00
 3.96484E-17
 2.01279E+06
 1.00000E+00
 3.96484E-17
 2.01279E+06
 1.00000E+00
 3.96484E-17
 2.01279E+06
 1.00000E+00
 3.96484E-17
 2.01279E+06
 1.00000E+00
 3.96484E-17
 2.01279E+06
 1.00000E+00
 3.96484E-17
 2.01279E+06
 1.00000E+00
 3.96484E-17
 2.01279E+06
 1.00000E+00
 3.96484E-17
 2.01279E+06
 1.00000E+00
 3.96484E-17
 2.01279E+06
 1.00000E+00
 3.96484E-17
 2.01279E+06
 1.00000E+00
 3.96484E-17
 2.01279E+06
 1.00000E+00
 3.96484E-17
 2.01279E+06
 1.00000E+00
 3.96484E-17
 2.01279E+06
 1.00000E+00
 3.96484E-17
 2.01279E+06
 1.00000E+00
 3.96484E-17
 2.01279E+06
 1.00000E+00
 3.96484E-17
 2.01279E+06
 1.00000E+00
 3.96484E-17
 2.01279E+06
 1.00000E+00
 3.96484E-17
 2.01279E+06
 1.00000E+00
 3.96484E-17
 2.01279E+06
 1.00000E+00
 3.96484E-17
 2.01279E+06
 1.00000E+00
 3.96484E-17
 2.01279E+06
 1.00000E+00
 3.96484E-17
 2.01279E+06
 1.00000E+00
 3.96484E-17
 2.01279E+06
 1.00000E+00
 3.96484E-17
 2.01279E+06
 1.00000E+00
 3.96484E-17
 2.01279E+06
 1.00000E+00
 3.96484E-17
 2.01279E+06
 1.00000E+00
 3.96484E-17
 2.01279E+06
 1.00000E+00
 3.96484E-17
 2.01279E+06
 1.00000E+00
 3.96484E-17
 2.01279E+06
 1.00000E+00
 3.96484E-17
 2.01279E+06
 1.00000E+00
 3.96484E-17
 2.01279E+06
 1.00000E+00
 3.96484E-17
 2.01279E+06
 1.00000E+00
 3.96484E-17
 2.01279E+06
 1.00000E+00
 3.96484E-17
