 2.01202E+06
 5.00000E-01
 5.00000E-01
 2.01255E+06
 5.02920E-01
 4.97080E-01
 2.01266E+06
 5.05806E-01
 4.94194E-01
 2.01273E+06
 5.08716E-01
 4.91284E-01
 2.01277E+06
 5.11653E-01
 4.88347E-01
 2.01280E+06
 5.14620E-01
 4.85380E-01
 2.01281E+06
 5.17617E-01
 4.82383E-01
 2.01282E+06
 5.20647E-01
 4.79353E-01
 2.01283E+06
 5.23710E-01
 4.76290E-01
 2.01283E+06
 5.26808E-01
 4.73192E-01
 2.01284E+06
 5.29942E-01
 4.70058E-01
 2.01284E+06
 5.33112E-01
 4.66888E-01
 2.01284E+06
 5.36320E-01
 4.63680E-01
 2.01284E+06
 5.39566E-01
 4.60434E-01
 2.01284E+06
 5.42852E-01
 4.57148E-01
 2.01284E+06
 5.46179E-01
 4.53821E-01
 2.01284E+06
 5.49547E-01
 4.50453E-01
 2.01284E+06
 5.52957E-01
 4.47043E-01
 2.01284E+06
 5.56412E-01
 4.43588E-01
 2.01284E+06
 5.59911E-01
 4.40089E-01
 2.01284E+06
 5.63457E-01
 4.36543E-01
 2.01284E+06
 5.67049E-01
 4.32951E-01
 2.01284E+06
 5.70690E-01
 4.29310E-01
 2.01284E+06
 5.74381E-01
 4.25619E-01
 2.01284E+06
 5.78138E-01
 4.21862E-01
 2.01284E+06
 5.81911E-01
 4.18089E-01
 2.01284E+06
 5.85717E-01
 4.14283E-01
 2.01284E+06
 5.89562E-01
 4.10438E-01
 2.01283E+06
 5.93517E-01
 4.06483E-01
 2.01283E+06
 5.97523E-01
 4.02477E-01
 2.01284E+06
 6.01468E-01
 3.98532E-01
 2.01284E+06
 6.05419E-01
 3.94581E-01
 2.01284E+06
 6.09382E-01
 3.90618E-01
 2.01284E+06
 6.13524E-01
 3.86476E-01
 2.01283E+06
 6.17723E-01
 3.82277E-01
 2.01283E+06
 6.21982E-01
 3.78018E-01
 2.01283E+06
 6.26304E-01
 3.73696E-01
 2.01283E+06
 6.30690E-01
 3.69310E-01
 2.01283E+06
 6.35143E-01
 3.64857E-01
 2.01283E+06
 6.39665E-01
 3.60335E-01
 2.01283E+06
 6.44258E-01
 3.55742E-01
 2.01283E+06
 6.48926E-01
 3.51074E-01
 2.01283E+06
 6.53669E-01
 3.46331E-01
 2.01283E+06
 6.58491E-01
 3.41509E-01
 2.01283E+06
 6.63395E-01
 3.36605E-01
 2.01283E+06
 6.68382E-01
 3.31618E-01
 2.01283E+06
 6.73456E-01
 3.26544E-01
 2.01283E+06
 6.78620E-01
 3.21380E-01
 2.01283E+06
 6.83877E-01
 3.16123E-01
 2.01283E+06
 6.89230E-01
 3.10770E-01
 2.01283E+06
 6.94681E-01
 3.05319E-01
 2.01283E+06
 7.00235E-01
 2.99765E-01
 2.01283E+06
 7.05894E-01
 2.94106E-01
 2.01283E+06
 7.11662E-01
 2.88338E-01
 2.01283E+06
 7.17544E-01
 2.82456E-01
 2.01283E+06
 7.23543E-01
 2.76457E-01
 2.01283E+06
 7.29662E-01
 2.70338E-01
 2.01283E+06
 7.35907E-01
 2.64093E-01
 2.01283E+06
 7.42281E-01
 2.57719E-01
 2.01283E+06
 7.48789E-01
 2.51211E-01
 2.01283E+06
 7.55436E-01
 2.44564E-01
 2.01283E+06
 7.62228E-01
 2.37772E-01
 2.01283E+06
 7.69168E-01
 2.30832E-01
 2.01283E+06
 7.76263E-01
 2.23737E-01
 2.01283E+06
 7.83518E-01
 2.16482E-01
 2.01283E+06
 7.90940E-01
 2.09060E-01
 2.01283E+06
 7.98534E-01
 2.01466E-01
 2.01283E+06
 8.06307E-01
 1.93693E-01
 2.01283E+06
 8.14267E-01
 1.85733E-01
 2.01283E+06
 8.22420E-01
 1.77580E-01
 2.01283E+06
 8.30773E-01
 1.69227E-01
 2.01283E+06
 8.39336E-01
 1.60664E-01
 2.01283E+06
 8.48115E-01
 1.51885E-01
 2.01283E+06
 8.57121E-01
 1.42879E-01
 2.01283E+06
 8.66362E-01
 1.33638E-01
 2.01283E+06
 8.75847E-01
 1.24153E-01
 2.01283E+06
 8.85588E-01
 1.14412E-01
 2.01283E+06
 8.95594E-01
 1.04406E-01
 2.01283E+06
 9.05877E-01
 9.41232E-02
 2.01283E+06
 9.16448E-01
 8.35519E-02
 2.01282E+06
 9.27320E-01
 7.26800E-02
 2.01282E+06
 9.38505E-01
 6.14951E-02
 2.01282E+06
 9.50016E-01
 4.99841E-02
 2.01282E+06
 9.61866E-01
 3.81338E-02
 2.01281E+06
 9.72777E-01
 2.72225E-02
 2.01281E+06
 9.80583E-01
 1.94167E-02
 2.01281E+06
 9.86173E-01
 1.38269E-02
 2.01281E+06
 9.90155E-01
 9.84513E-03
 2.01281E+06
 9.92998E-01
 7.00227E-03
 2.01281E+06
 9.95019E-01
 4.98145E-03
 2.01282E+06
 9.96459E-01
 3.54084E-03
 2.01282E+06
 9.97482E-01
 2.51784E-03
 2.01282E+06
 9.98211E-01
 1.78914E-03
 2.01282E+06
 9.98728E-01
 1.27193E-03
 2.01282E+06
 9.99096E-01
 9.03673E-04
 2.01282E+06
 9.99358E-01
 6.42358E-04
 2.01282E+06
 9.99544E-01
 4.56342E-04
 2.01282E+06
 9.99676E-01
 3.24358E-04
 2.01282E+06
 9.99770E-01
 2.30420E-04
 2.01282E+06
 9.99836E-01
 1.63771E-04
 2.01282E+06
 9.99884E-01
 1.16339E-04
 2.01282E+06
 9.99917E-01
 8.26848E-05
 2.01282E+06
 9.99941E-01
 5.87366E-05
 2.01282E+06
 9.99958E-01
 4.17447E-05
 2.01282E+06
 9.99970E-01
 2.96539E-05
 2.01282E+06
 9.99979E-01
 2.10749E-05
 2.01282E+06
 9.99985E-01
 1.49708E-05
 2.01282E+06
 9.99989E-01
 1.06395E-05
 2.01282E+06
 9.99992E-01
 7.55791E-06
 2.01282E+06
 9.99995E-01
 5.37121E-06
 2.01282E+06
 9.99996E-01
 3.81549E-06
 2.01282E+06
 9.99997E-01
 2.71153E-06
 2.01282E+06
 9.99998E-01
 1.92616E-06
 2.01282E+06
 9.99999E-01
 1.36883E-06
 2.01282E+06
 9.99999E-01
 9.72365E-07
 2.01282E+06
 9.99999E-01
 6.91004E-07
 2.01282E+06
 1.00000E+00
 4.90862E-07
 2.01282E+06
 1.00000E+00
 3.48823E-07
 2.01282E+06
 1.00000E+00
 2.47790E-07
 2.01282E+06
 1.00000E+00
 1.76085E-07
 2.01282E+06
 1.00000E+00
 1.25084E-07
 2.01282E+06
 1.00000E+00
 8.88864E-08
 2.01282E+06
 1.00000E+00
 6.31413E-08
 2.01282E+06
 1.00000E+00
 4.48686E-08
 2.01282E+06
 1.00000E+00
 3.18728E-08
 2.01282E+06
 1.00000E+00
 2.26487E-08
 2.01282E+06
 1.00000E+00
 1.60887E-08
 2.01282E+06
 1.00000E+00
 1.14325E-08
 2.01282E+06
 1.00000E+00
 8.12117E-09
 2.01282E+06
 1.00000E+00
 5.77074E-09
 2.01282E+06
 1.00000E+00
 4.09930E-09
 2.01282E+06
 1.00000E+00
 2.91285E-09
 2.01282E+06
 1.00000E+00
 2.06917E-09
 2.01282E+06
 1.00000E+00
 1.47028E-09
 2.01282E+06
 1.00000E+00
 1.04442E-09
 2.01282E+06
 1.00000E+00
 7.42122E-10
 2.01282E+06
 1.00000E+00
 5.27173E-10
 2.01282E+06
 1.00000E+00
 3.74582E-10
 2.01282E+06
 1.00000E+00
 2.66088E-10
 2.01282E+06
 1.00000E+00
 1.89067E-10
 2.01282E+06
 1.00000E+00
 1.34305E-10
 2.01282E+06
 1.00000E+00
 9.54285E-11
 2.01282E+06
 1.00000E+00
 6.77886E-11
 2.01282E+06
 1.00000E+00
 4.81656E-11
 2.01282E+06
 1.00000E+00
 3.42149E-11
 2.01282E+06
 1.00000E+00
 2.43104E-11
 2.01282E+06
 1.00000E+00
 1.72691E-11
 2.01282E+06
 1.00000E+00
 1.22699E-11
 2.01282E+06
 1.00000E+00
 8.71607E-12
 2.01282E+06
 1.00000E+00
 6.19283E-12
 2.01282E+06
 1.00000E+00
 4.39913E-12
 2.01282E+06
 1.00000E+00
 3.12559E-12
 2.01282E+06
 1.00000E+00
 2.22029E-12
 2.01282E+06
 1.00000E+00
 1.57750E-12
 2.01282E+06
 1.00000E+00
 1.12059E-12
 2.01282E+06
 1.00000E+00
 7.96169E-13
 2.01282E+06
 1.00000E+00
 5.65566E-13
 2.01282E+06
 1.00000E+00
 4.01777E-13
 2.01282E+06
 1.00000E+00
 2.85406E-13
 2.01282E+06
 1.00000E+00
 2.02751E-13
 2.01282E+06
 1.00000E+00
 1.44026E-13
 2.01282E+06
 1.00000E+00
 1.02316E-13
 2.01282E+06
 1.00000E+00
 7.26807E-14
 2.01282E+06
 1.00000E+00
 5.16319E-14
 2.01282E+06
 1.00000E+00
 3.66772E-14
 2.01282E+06
 1.00000E+00
 2.60552E-14
 2.01282E+06
 1.00000E+00
 1.85085E-14
 2.01282E+06
 1.00000E+00
 1.31483E-14
 2.01282E+06
 1.00000E+00
 9.33998E-15
 2.01282E+06
 1.00000E+00
 6.63501E-15
 2.01282E+06
 1.00000E+00
 4.71324E-15
 2.01282E+06
 1.00000E+00
 3.34822E-15
 2.01282E+06
 1.00000E+00
 2.37844E-15
 2.01282E+06
 1.00000E+00
 1.68961E-15
 2.01282E+06
 1.00000E+00
 1.20023E-15
 2.01282E+06
 1.00000E+00
 8.52620E-16
 2.01282E+06
 1.00000E+00
 6.05666E-16
 2.01282E+06
 1.00000E+00
 4.30254E-16
 2.01282E+06
 1.00000E+00
 3.05635E-16
 2.01282E+06
 1.00000E+00
 2.17117E-16
 2.01282E+06
 1.00000E+00
 1.54231E-16
 2.01282E+06
 1.00000E+00
 1.09562E-16
 2.01282E+06
 1.00000E+00
 7.78286E-17
 2.01282E+06
 1.00000E+00
 5.52877E-17
 2.01282E+06
 1.00000E+00
 3.92741E-17
 2.01282E+06
 1.00000E+00
 2.78994E-17
 2.01282E+06
 1.00000E+00
 1.98186E-17
 2.01282E+06
 1.00000E+00
 1.40786E-17
 2.01282E+06
 1.00000E+00
 1.00009E-17
 2.01282E+06
 1.00000E+00
 7.10436E-18
 2.01282E+06
 1.00000E+00
 5.04664E-18
 2.01282E+06
 1.00000E+00
 3.58500E-18
 2.01282E+06
 1.00000E+00
 2.54664E-18
 2.01282E+06
 1.00000E+00
 1.80906E-18
 2.01282E+06
 1.00000E+00
 1.28508E-18
 2.01282E+06
 1.00000E+00
 9.12883E-19
 2.01282E+06
 1.00000E+00
 6.48474E-19
 2.01282E+06
 1.00000E+00
 4.60656E-19
 2.01282E+06
 1.00000E+00
 3.27231E-19
 2.01282E+06
 1.00000E+00
 2.32455E-19
 2.01282E+06
 1.00000E+00
 1.65126E-19
 2.01282E+06
 1.00000E+00
 1.17300E-19
 2.01282E+06
 1.00000E+00
 8.33253E-20
 2.01282E+06
 1.00000E+00
 5.91915E-20
 2.01282E+06
 1.00000E+00
 4.20472E-20
 2.01282E+06
 1.00000E+00
 2.98689E-20
 2.01282E+06
 1.00000E+00
 2.12176E-20
 2.01282E+06
 1.00000E+00
 1.50723E-20
 2.01282E+06
 1.00000E+00
 1.07067E-20
 2.01282E+06
 1.00000E+00
 7.60566E-21
 2.01282E+06
 1.00000E+00
 5.40274E-21
 2.01282E+06
 1.00000E+00
 3.83791E-21
 2.01282E+06
 1.00000E+00
 2.72629E-21
 2.01282E+06
 1.00000E+00
 1.93666E-21
 2.01282E+06
 1.00000E+00
 1.37572E-21
 2.01282E+06
 1.00000E+00
 9.77261E-22
 2.01282E+06
 1.00000E+00
 6.94205E-22
 2.01281E+06
 1.00000E+00
 4.93137E-22
 2.01281E+06
 1.00000E+00
 3.50304E-22
 2.01281E+06
 1.00000E+00
 2.48842E-22
 2.01281E+06
 1.00000E+00
 1.76767E-22
 2.01281E+06
 1.00000E+00
 1.25568E-22
 2.01281E+06
 1.00000E+00
 8.91986E-23
 2.01281E+06
 1.00000E+00
 6.33631E-23
 2.01281E+06
 1.00000E+00
 4.50105E-23
 2.01281E+06
 1.00000E+00
 3.19737E-23
 2.01281E+06
 1.00000E+00
 2.27127E-23
 2.01281E+06
 1.00000E+00
 1.61342E-23
 2.01281E+06
 1.00000E+00
 1.14611E-23
 2.01281E+06
 1.00000E+00
 8.14147E-24
 2.01281E+06
 1.00000E+00
 5.78336E-24
 2.01281E+06
 1.00000E+00
 4.10826E-24
 2.01281E+06
 1.00000E+00
 2.91834E-24
 2.01281E+06
 1.00000E+00
 2.07306E-24
 2.01281E+06
 1.00000E+00
 1.47262E-24
 2.01281E+06
 1.00000E+00
 1.04609E-24
 2.01281E+06
 1.00000E+00
 7.43096E-25
 2.01281E+06
 1.00000E+00
 5.27864E-25
 2.01281E+06
 1.00000E+00
 3.74972E-25
 2.01281E+06
 1.00000E+00
 2.66365E-25
 2.01281E+06
 1.00000E+00
 1.89214E-25
 2.01281E+06
 1.00000E+00
 1.34410E-25
 2.01281E+06
 1.00000E+00
 9.54791E-26
 2.01281E+06
 1.00000E+00
 6.78242E-26
 2.01280E+06
 1.00000E+00
 4.81793E-26
 2.01280E+06
 1.00000E+00
 3.42244E-26
 2.01280E+06
 1.00000E+00
 2.43115E-26
 2.01280E+06
 1.00000E+00
 1.72698E-26
 2.01280E+06
 1.00000E+00
 1.22677E-26
 2.01280E+06
 1.00000E+00
 8.71444E-27
 2.01280E+06
 1.00000E+00
 6.19035E-27
 2.01280E+06
 1.00000E+00
 4.39736E-27
 2.01280E+06
 1.00000E+00
 3.12369E-27
 2.01280E+06
 1.00000E+00
 2.21893E-27
 2.01280E+06
 1.00000E+00
 1.57623E-27
 2.01281E+06
 1.00000E+00
 1.11969E-27
 2.01281E+06
 1.00000E+00
 7.95378E-28
 2.01281E+06
 1.00000E+00
 5.65002E-28
 2.01281E+06
 1.00000E+00
 4.01353E-28
 2.01281E+06
 1.00000E+00
 2.85104E-28
 2.01281E+06
 1.00000E+00
 2.02526E-28
 2.01281E+06
 1.00000E+00
 1.43865E-28
 2.01281E+06
 1.00000E+00
 1.02196E-28
 2.01281E+06
 1.00000E+00
 7.25955E-29
 2.01281E+06
 1.00000E+00
 5.15688E-29
 2.01281E+06
 1.00000E+00
 3.66322E-29
 2.01281E+06
 1.00000E+00
 2.60220E-29
 2.01281E+06
 1.00000E+00
 1.84849E-29
 2.01281E+06
 1.00000E+00
 1.31309E-29
 2.01281E+06
 1.00000E+00
 9.32761E-30
 2.01281E+06
 1.00000E+00
 6.62594E-30
 2.01281E+06
 1.00000E+00
 4.70678E-30
 2.01281E+06
 1.00000E+00
 3.34350E-30
 2.01281E+06
 1.00000E+00
 2.37508E-30
 2.01281E+06
 1.00000E+00
 1.68715E-30
 2.01281E+06
 1.00000E+00
 1.19848E-30
 2.01281E+06
 1.00000E+00
 8.51350E-31
 2.01281E+06
 1.00000E+00
 6.04763E-31
 2.01281E+06
 1.00000E+00
 4.29597E-31
 2.01281E+06
 1.00000E+00
 3.05168E-31
 2.01281E+06
 1.00000E+00
 2.16778E-31
 2.01281E+06
 1.00000E+00
 1.53990E-31
 2.01281E+06
 1.00000E+00
 1.09388E-31
 2.01281E+06
 1.00000E+00
 7.77044E-32
 2.01281E+06
 1.00000E+00
 5.51979E-32
 2.01281E+06
 1.00000E+00
 3.92102E-32
 2.01281E+06
 1.00000E+00
 2.78533E-32
 2.01281E+06
 1.00000E+00
 1.97858E-32
 2.01281E+06
 1.00000E+00
 1.40550E-32
 2.01281E+06
 1.00000E+00
 9.98404E-33
 2.01281E+06
 1.00000E+00
 7.09223E-33
 2.01281E+06
 1.00000E+00
 5.03802E-33
 2.01281E+06
 1.00000E+00
 3.57879E-33
 2.01281E+06
 1.00000E+00
 2.54222E-33
 2.01281E+06
 1.00000E+00
 1.80588E-33
 2.01281E+06
 1.00000E+00
 1.28282E-33
 2.01281E+06
 1.00000E+00
 9.11263E-34
 2.01281E+06
 1.00000E+00
 6.47322E-34
 2.01281E+06
 1.00000E+00
 4.59830E-34
 2.01281E+06
 1.00000E+00
 3.26643E-34
 2.01281E+06
 1.00000E+00
 2.32033E-34
 2.01281E+06
 1.00000E+00
 1.64827E-34
 2.01281E+06
 1.00000E+00
 1.17086E-34
 2.01281E+06
 1.00000E+00
 8.31727E-35
 2.01281E+06
 1.00000E+00
 5.90823E-35
 2.01281E+06
 1.00000E+00
 4.19696E-35
 2.01281E+06
 1.00000E+00
 2.98134E-35
 2.01281E+06
 1.00000E+00
 2.11781E-35
 2.01281E+06
 1.00000E+00
 1.50440E-35
 2.01281E+06
 1.00000E+00
 1.06866E-35
 2.01281E+06
 1.00000E+00
 7.59134E-36
 2.01281E+06
 1.00000E+00
 5.39256E-36
 2.01281E+06
 1.00000E+00
 3.83065E-36
 2.01281E+06
 1.00000E+00
 2.72113E-36
 2.01281E+06
 1.00000E+00
 1.93297E-36
 2.01281E+06
 1.00000E+00
 1.37310E-36
 2.01281E+06
 1.00000E+00
 9.75392E-37
 2.01281E+06
 1.00000E+00
 6.92876E-37
 2.01281E+06
 1.00000E+00
 4.92190E-37
 2.01281E+06
 1.00000E+00
 3.49631E-37
 2.01281E+06
 1.00000E+00
 2.48363E-37
 2.01281E+06
 1.00000E+00
 1.76426E-37
 2.01281E+06
 1.00000E+00
 1.25326E-37
 2.01281E+06
 1.00000E+00
 8.90259E-38
 2.01281E+06
 1.00000E+00
 6.32402E-38
 2.01281E+06
 1.00000E+00
 4.49231E-38
 2.01281E+06
 1.00000E+00
 3.19115E-38
 2.01281E+06
 1.00000E+00
 2.26686E-38
 2.01281E+06
 1.00000E+00
 1.61028E-38
 2.01281E+06
 1.00000E+00
 1.14387E-38
 2.01281E+06
 1.00000E+00
 8.12558E-39
 2.01281E+06
 1.00000E+00
 5.77206E-39
 2.01281E+06
 1.00000E+00
 4.10023E-39
 2.01281E+06
 1.00000E+00
 2.91263E-39
 2.01281E+06
 1.00000E+00
 2.06901E-39
 2.01281E+06
 1.00000E+00
 1.46973E-39
 2.01281E+06
 1.00000E+00
 1.04404E-39
 2.01281E+06
 1.00000E+00
 7.41638E-40
 2.01281E+06
 1.00000E+00
 5.26828E-40
 2.01281E+06
 1.00000E+00
 3.74236E-40
 2.01281E+06
 1.00000E+00
 2.65841E-40
 2.01281E+06
 1.00000E+00
 1.88842E-40
 2.01281E+06
 1.00000E+00
 1.34145E-40
 2.01281E+06
 1.00000E+00
 9.52912E-41
 2.01281E+06
 1.00000E+00
 6.76908E-41
 2.01281E+06
 1.00000E+00
 4.80846E-41
 2.01281E+06
 1.00000E+00
 3.41573E-41
 2.01281E+06
 1.00000E+00
 2.42639E-41
 2.01281E+06
 1.00000E+00
 1.72360E-41
 2.01281E+06
 1.00000E+00
 1.22437E-41
 2.01281E+06
 1.00000E+00
 8.69742E-42
 2.01281E+06
 1.00000E+00
 6.17827E-42
 2.01281E+06
 1.00000E+00
 4.38878E-42
 2.01281E+06
 1.00000E+00
 3.11760E-42
 2.01281E+06
 1.00000E+00
 2.21461E-42
 2.01281E+06
 1.00000E+00
 1.57316E-42
 2.01281E+06
 1.00000E+00
 1.11751E-42
 2.01281E+06
 1.00000E+00
 7.93830E-43
 2.01281E+06
 1.00000E+00
 5.63903E-43
 2.01281E+06
 1.00000E+00
 4.00573E-43
 2.01281E+06
 1.00000E+00
 2.84550E-43
 2.01281E+06
 1.00000E+00
 2.02132E-43
 2.01281E+06
 1.00000E+00
 1.43586E-43
 2.01281E+06
 1.00000E+00
 1.01997E-43
 2.01281E+06
 1.00000E+00
 7.24545E-44
 2.01281E+06
 1.00000E+00
 5.14685E-44
 2.01281E+06
 1.00000E+00
 3.65611E-44
 2.01281E+06
 1.00000E+00
 2.59714E-44
 2.01281E+06
 1.00000E+00
 1.84490E-44
 2.01281E+06
 1.00000E+00
 1.31054E-44
 2.01281E+06
 1.00000E+00
 9.30949E-45
 2.01281E+06
 1.00000E+00
 6.61306E-45
 2.01281E+06
 1.00000E+00
 4.69763E-45
 2.01281E+06
 1.00000E+00
 3.33700E-45
 2.01281E+06
 1.00000E+00
 2.37046E-45
 2.01281E+06
 1.00000E+00
 1.68387E-45
 2.01281E+06
 1.00000E+00
 1.19615E-45
 2.01281E+06
 1.00000E+00
 8.49695E-46
 2.01281E+06
 1.00000E+00
 6.03587E-46
 2.01281E+06
 1.00000E+00
 4.28762E-46
 2.01281E+06
 1.00000E+00
 3.04574E-46
 2.01281E+06
 1.00000E+00
 2.16356E-46
 2.01281E+06
 1.00000E+00
 1.53690E-46
 2.01281E+06
 1.00000E+00
 1.09175E-46
 2.01281E+06
 1.00000E+00
 7.75533E-47
 2.01281E+06
 1.00000E+00
 5.50905E-47
 2.01281E+06
 1.00000E+00
 3.91339E-47
 2.01281E+06
 1.00000E+00
 2.77991E-47
 2.01281E+06
 1.00000E+00
 1.97473E-47
 2.01281E+06
 1.00000E+00
 1.40276E-47
 2.01281E+06
 1.00000E+00
 9.96461E-48
 2.01281E+06
 1.00000E+00
 7.07843E-48
 2.01281E+06
 1.00000E+00
 5.02822E-48
 2.01281E+06
 1.00000E+00
 3.57183E-48
 2.01281E+06
 1.00000E+00
 2.53727E-48
 2.01281E+06
 1.00000E+00
 1.80237E-48
 2.01281E+06
 1.00000E+00
 1.28033E-48
 2.01281E+06
 1.00000E+00
 9.09489E-49
 2.01281E+06
 1.00000E+00
 6.46062E-49
 2.01281E+06
 1.00000E+00
 4.58935E-49
 2.01281E+06
 1.00000E+00
 3.26007E-49
 2.01281E+06
 1.00000E+00
 2.31582E-49
 2.01281E+06
 1.00000E+00
 1.64506E-49
 2.01281E+06
 1.00000E+00
 1.16858E-49
 2.01281E+06
 1.00000E+00
 8.30108E-50
 2.01281E+06
 1.00000E+00
 5.89673E-50
 2.01281E+06
 1.00000E+00
 4.18878E-50
 2.01281E+06
 1.00000E+00
 2.97553E-50
 2.01281E+06
 1.00000E+00
 2.11369E-50
 2.01281E+06
 1.00000E+00
 1.50147E-50
 2.01281E+06
 1.00000E+00
 1.06658E-50
 2.01281E+06
 1.00000E+00
 7.57654E-51
 2.01281E+06
 1.00000E+00
 5.38205E-51
 2.01281E+06
 1.00000E+00
 3.82318E-51
 2.01281E+06
 1.00000E+00
 2.71582E-51
 2.01281E+06
 1.00000E+00
 1.92920E-51
 2.01281E+06
 1.00000E+00
 1.37042E-51
 2.01281E+06
 1.00000E+00
 9.73489E-52
 2.01281E+06
 1.00000E+00
 6.91525E-52
 2.01281E+06
 1.00000E+00
 4.91230E-52
 2.01281E+06
 1.00000E+00
 3.48948E-52
 2.01281E+06
 1.00000E+00
 2.47878E-52
 2.01281E+06
 1.00000E+00
 1.76082E-52
 2.01281E+06
 1.00000E+00
 1.25081E-52
 2.01281E+06
 1.00000E+00
 8.88521E-53
 2.01281E+06
 1.00000E+00
 6.31167E-53
 2.01281E+06
 1.00000E+00
 4.48354E-53
 2.01281E+06
 1.00000E+00
 3.18491E-53
 2.01281E+06
 1.00000E+00
 2.26243E-53
 2.01281E+06
 1.00000E+00
 1.60713E-53
 2.01281E+06
 1.00000E+00
 1.14164E-53
 2.01281E+06
 1.00000E+00
 8.10969E-54
 2.01281E+06
 1.00000E+00
 5.76077E-54
 2.01281E+06
 1.00000E+00
 4.09220E-54
 2.01281E+06
 1.00000E+00
 2.90693E-54
 2.01281E+06
 1.00000E+00
 2.06495E-54
 2.01281E+06
 1.00000E+00
 1.46685E-54
 2.01281E+06
 1.00000E+00
 1.04199E-54
 2.01281E+06
 1.00000E+00
 7.40185E-55
 2.01281E+06
 1.00000E+00
 5.25795E-55
 2.01281E+06
 1.00000E+00
 3.73502E-55
 2.01281E+06
 1.00000E+00
 2.65320E-55
 2.01281E+06
 1.00000E+00
 1.88472E-55
 2.01281E+06
 1.00000E+00
 1.33882E-55
 2.01281E+06
 1.00000E+00
 9.51042E-56
 2.01280E+06
 1.00000E+00
 6.75578E-56
 2.01280E+06
 1.00000E+00
 4.79901E-56
 2.01280E+06
 1.00000E+00
 3.40901E-56
 2.01280E+06
 1.00000E+00
 2.42161E-56
 2.01280E+06
 1.00000E+00
 1.72020E-56
 2.01280E+06
 1.00000E+00
 1.22196E-56
 2.01280E+06
 1.00000E+00
 8.68024E-57
 2.01280E+06
 1.00000E+00
 6.16606E-57
 2.01280E+06
 1.00000E+00
 4.38010E-57
 2.01280E+06
 1.00000E+00
 3.11143E-57
 2.01280E+06
 1.00000E+00
 2.21022E-57
 2.01280E+06
 1.00000E+00
 1.57005E-57
 2.01280E+06
 1.00000E+00
 1.11529E-57
 2.01280E+06
 1.00000E+00
 7.92255E-58
 2.01280E+06
 1.00000E+00
 5.62783E-58
 2.01280E+06
 1.00000E+00
 3.99777E-58
 2.01280E+06
 1.00000E+00
 2.83984E-58
 2.01280E+06
 1.00000E+00
 2.01730E-58
 2.01280E+06
 1.00000E+00
 1.43300E-58
 2.01280E+06
 1.00000E+00
 1.01794E-58
 2.01280E+06
 1.00000E+00
 7.23101E-59
 2.01280E+06
 1.00000E+00
 5.13660E-59
 2.01280E+06
 1.00000E+00
 3.64881E-59
 2.01280E+06
 1.00000E+00
 2.59196E-59
 2.01280E+06
 1.00000E+00
 1.84121E-59
 2.01280E+06
 1.00000E+00
 1.30792E-59
 2.01280E+06
 1.00000E+00
 9.29089E-60
 2.01280E+06
 1.00000E+00
 6.59984E-60
 2.01280E+06
 1.00000E+00
 4.68824E-60
 2.01280E+06
 1.00000E+00
 3.33032E-60
 2.01280E+06
 1.00000E+00
 2.36572E-60
 2.01280E+06
 1.00000E+00
 1.68050E-60
 2.01280E+06
 1.00000E+00
 1.19376E-60
 2.01280E+06
 1.00000E+00
 8.47992E-61
 2.01280E+06
 1.00000E+00
 6.02376E-61
 2.01280E+06
 1.00000E+00
 4.27902E-61
 2.01280E+06
 1.00000E+00
 3.03963E-61
 2.01280E+06
 1.00000E+00
 2.15922E-61
 2.01280E+06
 1.00000E+00
 1.53382E-61
 2.01280E+06
 1.00000E+00
 1.08956E-61
 2.01280E+06
 1.00000E+00
 7.73973E-62
 2.01280E+06
 1.00000E+00
 5.49797E-62
 2.01280E+06
 1.00000E+00
 3.90552E-62
 2.01280E+06
 1.00000E+00
 2.77431E-62
 2.01280E+06
 1.00000E+00
 1.97075E-62
 2.01280E+06
 1.00000E+00
 1.39993E-62
 2.01280E+06
 1.00000E+00
 9.94452E-63
 2.01280E+06
 1.00000E+00
 7.06415E-63
 2.01280E+06
 1.00000E+00
 5.01807E-63
 2.01280E+06
 1.00000E+00
 3.56462E-63
 2.01280E+06
 1.00000E+00
 2.53215E-63
 2.01280E+06
 1.00000E+00
 1.79873E-63
 2.01280E+06
 1.00000E+00
 1.27774E-63
 2.01280E+06
 1.00000E+00
 9.07649E-64
 2.01280E+06
 1.00000E+00
 6.44754E-64
 2.01280E+06
 1.00000E+00
 4.58005E-64
 2.01280E+06
 1.00000E+00
 3.25346E-64
 2.01280E+06
 1.00000E+00
 2.31112E-64
 2.01280E+06
 1.00000E+00
 1.64171E-64
 2.01279E+06
 1.00000E+00
 1.16620E-64
 2.01279E+06
 1.00000E+00
 8.28415E-65
 2.01279E+06
 1.00000E+00
 5.88469E-65
 2.01280E+06
 1.00000E+00
 4.18022E-65
 2.01280E+06
 1.00000E+00
 2.96944E-65
 2.01280E+06
 1.00000E+00
 2.10936E-65
 2.01280E+06
 1.00000E+00
 1.49839E-65
 2.01280E+06
 1.00000E+00
 1.06439E-65
 2.01280E+06
 1.00000E+00
 7.56095E-66
 2.01280E+06
 1.00000E+00
 5.37096E-66
 2.01280E+06
 1.00000E+00
 3.81529E-66
 2.01280E+06
 1.00000E+00
 2.71021E-66
 2.01280E+06
 1.00000E+00
 1.92522E-66
 2.01280E+06
 1.00000E+00
 1.36759E-66
 2.01280E+06
 1.00000E+00
 9.71473E-67
 2.01280E+06
 1.00000E+00
 6.90092E-67
 2.01280E+06
 1.00000E+00
 4.90210E-67
 2.01280E+06
 1.00000E+00
 3.48224E-67
 2.01280E+06
 1.00000E+00
 2.47363E-67
 2.01280E+06
 1.00000E+00
 1.75716E-67
 2.01280E+06
 1.00000E+00
 1.24821E-67
 2.01280E+06
 1.00000E+00
 8.86670E-68
 2.01280E+06
 1.00000E+00
 6.29851E-68
 2.01280E+06
 1.00000E+00
 4.47419E-68
 2.01280E+06
 1.00000E+00
 3.17826E-68
 2.01280E+06
 1.00000E+00
 2.25770E-68
 2.01280E+06
 1.00000E+00
 1.60377E-68
 2.01280E+06
 1.00000E+00
 1.13925E-68
 2.01280E+06
 1.00000E+00
 8.09271E-69
 2.01280E+06
 1.00000E+00
 5.74871E-69
 2.01280E+06
 1.00000E+00
 4.08363E-69
 2.01280E+06
 1.00000E+00
 2.90083E-69
 2.01280E+06
 1.00000E+00
 2.06062E-69
 2.01280E+06
 1.00000E+00
 1.46378E-69
 2.01280E+06
 1.00000E+00
 1.03980E-69
 2.01280E+06
 1.00000E+00
 7.38629E-70
 2.01280E+06
 1.00000E+00
 5.24690E-70
 2.01280E+06
 1.00000E+00
 3.72716E-70
 2.01280E+06
 1.00000E+00
 2.64761E-70
 2.01280E+06
 1.00000E+00
 1.88075E-70
 2.01280E+06
 1.00000E+00
 1.33600E-70
 2.01280E+06
 1.00000E+00
 9.49037E-71
 2.01280E+06
 1.00000E+00
 6.74154E-71
 2.01280E+06
 1.00000E+00
 4.78889E-71
 2.01280E+06
 1.00000E+00
 3.40182E-71
 2.01280E+06
 1.00000E+00
 2.41650E-71
 2.01280E+06
 1.00000E+00
 1.71658E-71
 2.01280E+06
 1.00000E+00
 1.21938E-71
 2.01280E+06
 1.00000E+00
 8.66196E-72
 2.01280E+06
 1.00000E+00
 6.15307E-72
 2.01280E+06
 1.00000E+00
 4.37087E-72
 2.01280E+06
 1.00000E+00
 3.10488E-72
 2.01280E+06
 1.00000E+00
 2.20557E-72
 2.01280E+06
 1.00000E+00
 1.56674E-72
 2.01280E+06
 1.00000E+00
 1.11294E-72
 2.01280E+06
 1.00000E+00
 7.90586E-73
 2.01280E+06
 1.00000E+00
 5.61597E-73
 2.01280E+06
 1.00000E+00
 3.98934E-73
 2.01280E+06
 1.00000E+00
 2.83385E-73
 2.01280E+06
 1.00000E+00
 2.01304E-73
 2.01280E+06
 1.00000E+00
 1.42998E-73
 2.01280E+06
 1.00000E+00
 1.01579E-73
 2.01280E+06
 1.00000E+00
 7.21576E-74
 2.01280E+06
 1.00000E+00
 5.12576E-74
 2.01280E+06
 1.00000E+00
 3.64111E-74
 2.01280E+06
 1.00000E+00
 2.58649E-74
 2.01280E+06
 1.00000E+00
 1.83733E-74
 2.01280E+06
 1.00000E+00
 1.30516E-74
 2.01280E+06
 1.00000E+00
 9.27125E-75
 2.01280E+06
 1.00000E+00
 6.58589E-75
 2.01280E+06
 1.00000E+00
 4.67833E-75
 2.01280E+06
 1.00000E+00
 3.32328E-75
 2.01280E+06
 1.00000E+00
 2.36071E-75
 2.01280E+06
 1.00000E+00
 1.67695E-75
 2.01280E+06
 1.00000E+00
 1.19123E-75
 2.01280E+06
 1.00000E+00
 8.46197E-76
 2.01280E+06
 1.00000E+00
 6.01101E-76
 2.01280E+06
 1.00000E+00
 4.26996E-76
 2.01280E+06
 1.00000E+00
 3.03319E-76
 2.01280E+06
 1.00000E+00
 2.15465E-76
 2.01280E+06
 1.00000E+00
 1.53057E-76
 2.01280E+06
 1.00000E+00
 1.08725E-76
 2.01280E+06
 1.00000E+00
 7.72332E-77
 2.01280E+06
 1.00000E+00
 5.48631E-77
 2.01280E+06
 1.00000E+00
 3.89723E-77
 2.01280E+06
 1.00000E+00
 2.76842E-77
 2.01280E+06
 1.00000E+00
 1.96657E-77
 2.01280E+06
 1.00000E+00
 1.39696E-77
 2.01280E+06
 1.00000E+00
 9.92341E-78
 2.01280E+06
 1.00000E+00
 7.04915E-78
 2.01280E+06
 1.00000E+00
 5.00741E-78
 2.01280E+06
 1.00000E+00
 3.55704E-78
 2.01280E+06
 1.00000E+00
 2.52677E-78
 2.01280E+06
 1.00000E+00
 1.79490E-78
 2.01280E+06
 1.00000E+00
 1.27502E-78
 2.01280E+06
 1.00000E+00
 9.05719E-79
 2.01280E+06
 1.00000E+00
 6.43383E-79
 2.01280E+06
 1.00000E+00
 4.57031E-79
 2.01280E+06
 1.00000E+00
 3.24655E-79
 2.01280E+06
 1.00000E+00
 2.30621E-79
 2.01280E+06
 1.00000E+00
 1.63823E-79
 2.01280E+06
 1.00000E+00
 1.16372E-79
 2.01280E+06
 1.00000E+00
 8.26659E-80
 2.01280E+06
 1.00000E+00
 5.87222E-80
 2.01280E+06
 1.00000E+00
 4.17137E-80
 2.01280E+06
 1.00000E+00
 2.96316E-80
 2.01280E+06
 1.00000E+00
 2.10490E-80
 2.01280E+06
 1.00000E+00
 1.49523E-80
 2.01280E+06
 1.00000E+00
 1.06214E-80
 2.01280E+06
 1.00000E+00
 7.54500E-81
 2.01280E+06
 1.00000E+00
 5.35963E-81
 2.01280E+06
 1.00000E+00
 3.80725E-81
 2.01280E+06
 1.00000E+00
 2.70450E-81
 2.01280E+06
 1.00000E+00
 1.92116E-81
 2.01280E+06
 1.00000E+00
 1.36471E-81
 2.01280E+06
 1.00000E+00
 9.69429E-82
 2.01280E+06
 1.00000E+00
 6.88640E-82
 2.01280E+06
 1.00000E+00
 4.89179E-82
 2.01280E+06
 1.00000E+00
 3.47492E-82
 2.01280E+06
 1.00000E+00
 2.46843E-82
 2.01280E+06
 1.00000E+00
 1.75346E-82
 2.01280E+06
 1.00000E+00
 1.24558E-82
 2.01280E+06
 1.00000E+00
 8.84808E-83
 2.01280E+06
 1.00000E+00
 6.28529E-83
 2.01280E+06
 1.00000E+00
 4.46479E-83
 2.01280E+06
 1.00000E+00
 3.17159E-83
 2.01280E+06
 1.00000E+00
 2.25296E-83
 2.01280E+06
 1.00000E+00
 1.60040E-83
 2.01280E+06
 1.00000E+00
 1.13686E-83
 2.01280E+06
 1.00000E+00
 8.07573E-84
 2.01280E+06
 1.00000E+00
 5.73664E-84
 2.01280E+06
 1.00000E+00
 4.07506E-84
 2.01280E+06
 1.00000E+00
 2.89474E-84
 2.01280E+06
 1.00000E+00
 2.05630E-84
 2.01280E+06
 1.00000E+00
 1.46070E-84
 2.01280E+06
 1.00000E+00
 1.03762E-84
 2.01280E+06
 1.00000E+00
 7.37080E-85
 2.01280E+06
 1.00000E+00
 5.23589E-85
 2.01280E+06
 1.00000E+00
 3.71935E-85
 2.01280E+06
 1.00000E+00
 2.64206E-85
 2.01280E+06
 1.00000E+00
 1.87680E-85
 2.01280E+06
 1.00000E+00
 1.33320E-85
 2.01280E+06
 1.00000E+00
 9.47046E-86
 2.01280E+06
 1.00000E+00
 6.72740E-86
 2.01280E+06
 1.00000E+00
 4.77885E-86
 2.01280E+06
 1.00000E+00
 3.39469E-86
 2.01280E+06
 1.00000E+00
 2.41144E-86
 2.01280E+06
 1.00000E+00
 1.71298E-86
 2.01280E+06
 1.00000E+00
 1.21682E-86
 2.01280E+06
 1.00000E+00
 8.64379E-87
 2.01280E+06
 1.00000E+00
 6.14017E-87
 2.01280E+06
 1.00000E+00
 4.36170E-87
 2.01280E+06
 1.00000E+00
 3.09836E-87
 2.01280E+06
 1.00000E+00
 2.20094E-87
 2.01280E+06
 1.00000E+00
 1.56345E-87
 2.01280E+06
 1.00000E+00
 1.11061E-87
 2.01280E+06
 1.00000E+00
 7.88927E-88
 2.01280E+06
 1.00000E+00
 5.60419E-88
 2.01280E+06
 1.00000E+00
 3.98097E-88
 2.01280E+06
 1.00000E+00
 2.82791E-88
 2.01280E+06
 1.00000E+00
 2.00882E-88
 2.01280E+06
 1.00000E+00
 1.42698E-88
 2.01280E+06
 1.00000E+00
 1.01366E-88
 2.01280E+06
 1.00000E+00
 7.20061E-89
 2.01280E+06
 1.00000E+00
 5.11500E-89
 2.01280E+06
 1.00000E+00
 3.63347E-89
 2.01280E+06
 1.00000E+00
 2.58106E-89
 2.01280E+06
 1.00000E+00
 1.83347E-89
 2.01280E+06
 1.00000E+00
 1.30242E-89
 2.01280E+06
 1.00000E+00
 9.25179E-90
 2.01280E+06
 1.00000E+00
 6.57207E-90
 2.01280E+06
 1.00000E+00
 4.66851E-90
 2.01280E+06
 1.00000E+00
 3.31630E-90
 2.01280E+06
 1.00000E+00
 2.35576E-90
 2.01280E+06
 1.00000E+00
 1.67342E-90
 2.01280E+06
 1.00000E+00
 1.18873E-90
 2.01280E+06
 1.00000E+00
 8.44420E-91
 2.01280E+06
 1.00000E+00
 5.99839E-91
 2.01280E+06
 1.00000E+00
 4.26099E-91
 2.01280E+06
 1.00000E+00
 3.02682E-91
 2.01280E+06
 1.00000E+00
 2.15012E-91
 2.01280E+06
 1.00000E+00
 1.52735E-91
 2.01280E+06
 1.00000E+00
 1.08496E-91
 2.01280E+06
 1.00000E+00
 7.70710E-92
 2.01280E+06
 1.00000E+00
 5.47478E-92
 2.01280E+06
 1.00000E+00
 3.88904E-92
 2.01280E+06
 1.00000E+00
 2.76261E-92
 2.01280E+06
 1.00000E+00
 1.96243E-92
 2.01280E+06
 1.00000E+00
 1.39403E-92
 2.01280E+06
 1.00000E+00
 9.90255E-93
 2.01280E+06
 1.00000E+00
 7.03434E-93
 2.01280E+06
 1.00000E+00
 4.99688E-93
 2.01280E+06
 1.00000E+00
 3.54957E-93
 2.01280E+06
 1.00000E+00
 2.52146E-93
 2.01280E+06
 1.00000E+00
 1.79113E-93
 2.01280E+06
 1.00000E+00
 1.27234E-93
 2.01280E+06
 1.00000E+00
 9.03815E-94
 2.01280E+06
 1.00000E+00
 6.42030E-94
 2.01280E+06
 1.00000E+00
 4.56070E-94
 2.01280E+06
 1.00000E+00
 3.23972E-94
 2.01280E+06
 1.00000E+00
 2.30135E-94
 2.01280E+06
 1.00000E+00
 1.63478E-94
 2.01280E+06
 1.00000E+00
 1.16128E-94
 2.01280E+06
 1.00000E+00
 8.24920E-95
 2.01280E+06
 1.00000E+00
 5.85987E-95
 2.01280E+06
 1.00000E+00
 4.16259E-95
 2.01280E+06
 1.00000E+00
 2.95692E-95
 2.01280E+06
 1.00000E+00
 2.10047E-95
 2.01280E+06
 1.00000E+00
 1.49208E-95
 2.01280E+06
 1.00000E+00
 1.05991E-95
 2.01280E+06
 1.00000E+00
 7.52911E-96
 2.01280E+06
 1.00000E+00
 5.34835E-96
 2.01280E+06
 1.00000E+00
 3.79923E-96
 2.01280E+06
 1.00000E+00
 2.69881E-96
 2.01280E+06
 1.00000E+00
 1.91711E-96
 2.01280E+06
 1.00000E+00
 1.36183E-96
 2.01280E+06
 1.00000E+00
 9.67386E-97
 2.01280E+06
 1.00000E+00
 6.87188E-97
 2.01280E+06
 1.00000E+00
 4.88148E-97
 2.01280E+06
 1.00000E+00
 3.46759E-97
 2.01280E+06
 1.00000E+00
 2.46322E-97
 2.01280E+06
 1.00000E+00
 1.74976E-97
 2.01280E+06
 1.00000E+00
 1.24296E-97
 2.01280E+06
 1.00000E+00
 8.82941E-98
 2.01280E+06
 1.00000E+00
 6.27202E-98
 2.01280E+06
 1.00000E+00
 4.45537E-98
 2.01280E+06
 1.00000E+00
 3.16490E-98
 2.01280E+06
 1.00000E+00
 2.24820E-98
 2.01280E+06
 1.00000E+00
 1.59702E-98
 2.01280E+06
 1.00000E+00
 1.13445E-98
 2.01280E+06
 1.00000E+00
 8.05864E-99
 2.01280E+06
 1.00000E+00
 5.72450E-99
 2.01279E+06
 1.00000E+00
 4.06642E-99
 2.01279E+06
 1.00000E+00
 2.88860E-99
 2.01279E+06
 1.00000E+00
 2.05193E-99
 2.01279E+06
 1.00000E+00
 1.45760E-99
 2.01279E+06
 1.00000E+00
 1.03541E-99
 2.01279E+06
 1.00000E+00
 0.00000E+00
 2.01279E+06
 1.00000E+00
 0.00000E+00
 2.01279E+06
 1.00000E+00
 0.00000E+00
 2.01279E+06
 1.00000E+00
 0.00000E+00
 2.01279E+06
 1.00000E+00
 0.00000E+00
 2.01280E+06
 1.00000E+00
 0.00000E+00
 2.01279E+06
 1.00000E+00
 0.00000E+00
 2.01280E+06
 1.00000E+00
 0.00000E+00
 2.01280E+06
 1.00000E+00
 0.00000E+00
 2.01280E+06
 1.00000E+00
 0.00000E+00
 2.01280E+06
 1.00000E+00
 0.00000E+00
 2.01280E+06
 1.00000E+00
 0.00000E+00
 2.01280E+06
 1.00000E+00
 0.00000E+00
 2.01280E+06
 1.00000E+00
 0.00000E+00
 2.01280E+06
 1.00000E+00
 0.00000E+00
 2.01280E+06
 1.00000E+00
 0.00000E+00
 2.01280E+06
 1.00000E+00
 0.00000E+00
 2.01280E+06
 1.00000E+00
 0.00000E+00
 2.01280E+06
 1.00000E+00
 0.00000E+00
 2.01280E+06
 1.00000E+00
 0.00000E+00
 2.01280E+06
 1.00000E+00
 0.00000E+00
 2.01280E+06
 1.00000E+00
 0.00000E+00
 2.01280E+06
 1.00000E+00
 0.00000E+00
 2.01280E+06
 1.00000E+00
 0.00000E+00
 2.01280E+06
 1.00000E+00
 0.00000E+00
 2.01280E+06
 1.00000E+00
 0.00000E+00
 2.01280E+06
 1.00000E+00
 0.00000E+00
 2.01280E+06
 1.00000E+00
 0.00000E+00
 2.01280E+06
 1.00000E+00
 0.00000E+00
 2.01280E+06
 1.00000E+00
 0.00000E+00
 2.01280E+06
 1.00000E+00
 0.00000E+00
 2.01280E+06
 1.00000E+00
 0.00000E+00
 2.01280E+06
 1.00000E+00
 0.00000E+00
 2.01280E+06
 1.00000E+00
 0.00000E+00
 2.01280E+06
 1.00000E+00
 0.00000E+00
 2.01280E+06
 1.00000E+00
 0.00000E+00
 2.01280E+06
 1.00000E+00
 0.00000E+00
 2.01280E+06
 1.00000E+00
 0.00000E+00
 2.01280E+06
 1.00000E+00
 0.00000E+00
 2.01280E+06
 1.00000E+00
 0.00000E+00
 2.01280E+06
 1.00000E+00
 0.00000E+00
 2.01280E+06
 1.00000E+00
 0.00000E+00
 2.01280E+06
 1.00000E+00
 0.00000E+00
 2.01280E+06
 1.00000E+00
 0.00000E+00
 2.01280E+06
 1.00000E+00
 0.00000E+00
 2.01280E+06
 1.00000E+00
 0.00000E+00
 2.01280E+06
 1.00000E+00
 0.00000E+00
 2.01280E+06
 1.00000E+00
 0.00000E+00
 2.01280E+06
 1.00000E+00
 0.00000E+00
 2.01280E+06
 1.00000E+00
 0.00000E+00
 2.01280E+06
 1.00000E+00
 0.00000E+00
 2.01280E+06
 1.00000E+00
 0.00000E+00
 2.01280E+06
 1.00000E+00
 0.00000E+00
 2.01280E+06
 1.00000E+00
 0.00000E+00
 2.01280E+06
 1.00000E+00
 0.00000E+00
 2.01280E+06
 1.00000E+00
 0.00000E+00
 2.01280E+06
 1.00000E+00
 0.00000E+00
 2.01280E+06
 1.00000E+00
 0.00000E+00
 2.01280E+06
 1.00000E+00
 0.00000E+00
 2.01280E+06
 1.00000E+00
 0.00000E+00
 2.01280E+06
 1.00000E+00
 0.00000E+00
 2.01280E+06
 1.00000E+00
 0.00000E+00
 2.01280E+06
 1.00000E+00
 0.00000E+00
 2.01280E+06
 1.00000E+00
 0.00000E+00
 2.01280E+06
 1.00000E+00
 0.00000E+00
 2.01280E+06
 1.00000E+00
 0.00000E+00
 2.01280E+06
 1.00000E+00
 0.00000E+00
 2.01280E+06
 1.00000E+00
 0.00000E+00
 2.01280E+06
 1.00000E+00
 0.00000E+00
 2.01280E+06
 1.00000E+00
 0.00000E+00
 2.01280E+06
 1.00000E+00
 0.00000E+00
 2.01280E+06
 1.00000E+00
 0.00000E+00
 2.01280E+06
 1.00000E+00
 0.00000E+00
 2.01280E+06
 1.00000E+00
 0.00000E+00
 2.01280E+06
 1.00000E+00
 0.00000E+00
 2.01280E+06
 1.00000E+00
 0.00000E+00
 2.01280E+06
 1.00000E+00
 0.00000E+00
 2.01280E+06
 1.00000E+00
 0.00000E+00
 2.01280E+06
 1.00000E+00
 0.00000E+00
 2.01280E+06
 1.00000E+00
 0.00000E+00
 2.01280E+06
 1.00000E+00
 0.00000E+00
 2.01280E+06
 1.00000E+00
 0.00000E+00
 2.01280E+06
 1.00000E+00
 0.00000E+00
 2.01280E+06
 1.00000E+00
 0.00000E+00
 2.01280E+06
 1.00000E+00
 0.00000E+00
 2.01280E+06
 1.00000E+00
 0.00000E+00
 2.01280E+06
 1.00000E+00
 0.00000E+00
 2.01280E+06
 1.00000E+00
 0.00000E+00
 2.01280E+06
 1.00000E+00
 0.00000E+00
 2.01280E+06
 1.00000E+00
 0.00000E+00
 2.01280E+06
 1.00000E+00
 0.00000E+00
 2.01280E+06
 1.00000E+00
 0.00000E+00
 2.01280E+06
 1.00000E+00
 0.00000E+00
 2.01280E+06
 1.00000E+00
 0.00000E+00
 2.01280E+06
 1.00000E+00
 0.00000E+00
 2.01280E+06
 1.00000E+00
 0.00000E+00
 2.01280E+06
 1.00000E+00
 0.00000E+00
 2.01280E+06
 1.00000E+00
 0.00000E+00
 2.01280E+06
 1.00000E+00
 0.00000E+00
 2.01280E+06
 1.00000E+00
 0.00000E+00
 2.01280E+06
 1.00000E+00
 0.00000E+00
 2.01280E+06
 1.00000E+00
 0.00000E+00
 2.01280E+06
 1.00000E+00
 0.00000E+00
 2.01280E+06
 1.00000E+00
 0.00000E+00
 2.01280E+06
 1.00000E+00
 0.00000E+00
 2.01280E+06
 1.00000E+00
 0.00000E+00
 2.01280E+06
 1.00000E+00
 0.00000E+00
 2.01280E+06
 1.00000E+00
 0.00000E+00
 2.01280E+06
 1.00000E+00
 0.00000E+00
 2.01280E+06
 1.00000E+00
 0.00000E+00
 2.01280E+06
 1.00000E+00
 0.00000E+00
 2.01280E+06
 1.00000E+00
 0.00000E+00
 2.01280E+06
 1.00000E+00
 0.00000E+00
 2.01280E+06
 1.00000E+00
 0.00000E+00
 2.01280E+06
 1.00000E+00
 0.00000E+00
 2.01280E+06
 1.00000E+00
 0.00000E+00
 2.01280E+06
 1.00000E+00
 0.00000E+00
 2.01280E+06
 1.00000E+00
 0.00000E+00
 2.01280E+06
 1.00000E+00
 0.00000E+00
 2.01280E+06
 1.00000E+00
 0.00000E+00
 2.01280E+06
 1.00000E+00
 0.00000E+00
 2.01280E+06
 1.00000E+00
 0.00000E+00
 2.01280E+06
 1.00000E+00
 0.00000E+00
 2.01280E+06
 1.00000E+00
 0.00000E+00
 2.01279E+06
 1.00000E+00
 0.00000E+00
 2.01279E+06
 1.00000E+00
 0.00000E+00
 2.01279E+06
 1.00000E+00
 0.00000E+00
 2.01279E+06
 1.00000E+00
 0.00000E+00
 2.01279E+06
 1.00000E+00
 0.00000E+00
 2.01280E+06
 1.00000E+00
 0.00000E+00
 2.01280E+06
 1.00000E+00
 0.00000E+00
 2.01280E+06
 1.00000E+00
 0.00000E+00
 2.01280E+06
 1.00000E+00
 0.00000E+00
 2.01280E+06
 1.00000E+00
 0.00000E+00
 2.01279E+06
 1.00000E+00
 0.00000E+00
 2.01279E+06
 1.00000E+00
 0.00000E+00
 2.01279E+06
 1.00000E+00
 0.00000E+00
 2.01279E+06
 1.00000E+00
 0.00000E+00
 2.01279E+06
 1.00000E+00
 0.00000E+00
 2.01279E+06
 1.00000E+00
 0.00000E+00
 2.01279E+06
 1.00000E+00
 0.00000E+00
 2.01279E+06
 1.00000E+00
 0.00000E+00
 2.01279E+06
 1.00000E+00
 0.00000E+00
 2.01279E+06
 1.00000E+00
 0.00000E+00
 2.01279E+06
 1.00000E+00
 0.00000E+00
 2.01279E+06
 1.00000E+00
 0.00000E+00
 2.01279E+06
 1.00000E+00
 0.00000E+00
 2.01279E+06
 1.00000E+00
 0.00000E+00
 2.01279E+06
 1.00000E+00
 0.00000E+00
 2.01279E+06
 1.00000E+00
 0.00000E+00
 2.01279E+06
 1.00000E+00
 0.00000E+00
 2.01279E+06
 1.00000E+00
 0.00000E+00
 2.01280E+06
 1.00000E+00
 0.00000E+00
 2.01280E+06
 1.00000E+00
 0.00000E+00
 2.01280E+06
 1.00000E+00
 0.00000E+00
 2.01280E+06
 1.00000E+00
 0.00000E+00
 2.01280E+06
 1.00000E+00
 0.00000E+00
 2.01280E+06
 1.00000E+00
 0.00000E+00
 2.01280E+06
 1.00000E+00
 0.00000E+00
 2.01280E+06
 1.00000E+00
 0.00000E+00
 2.01280E+06
 1.00000E+00
 0.00000E+00
 2.01280E+06
 1.00000E+00
 0.00000E+00
 2.01280E+06
 1.00000E+00
 0.00000E+00
 2.01280E+06
 1.00000E+00
 0.00000E+00
 2.01280E+06
 1.00000E+00
 0.00000E+00
 2.01280E+06
 1.00000E+00
 0.00000E+00
 2.01280E+06
 1.00000E+00
 0.00000E+00
 2.01280E+06
 1.00000E+00
 0.00000E+00
 2.01280E+06
 1.00000E+00
 0.00000E+00
 2.01280E+06
 1.00000E+00
 0.00000E+00
 2.01280E+06
 1.00000E+00
 0.00000E+00
 2.01280E+06
 1.00000E+00
 0.00000E+00
 2.01280E+06
 1.00000E+00
 0.00000E+00
 2.01280E+06
 1.00000E+00
 0.00000E+00
 2.01280E+06
 1.00000E+00
 0.00000E+00
 2.01280E+06
 1.00000E+00
 0.00000E+00
 2.01280E+06
 1.00000E+00
 0.00000E+00
 2.01280E+06
 1.00000E+00
 0.00000E+00
 2.01280E+06
 1.00000E+00
 0.00000E+00
 2.01280E+06
 1.00000E+00
 0.00000E+00
 2.01280E+06
 1.00000E+00
 0.00000E+00
 2.01280E+06
 1.00000E+00
 0.00000E+00
 2.01280E+06
 1.00000E+00
 0.00000E+00
 2.01280E+06
 1.00000E+00
 0.00000E+00
 2.01280E+06
 1.00000E+00
 0.00000E+00
 2.01280E+06
 1.00000E+00
 0.00000E+00
 2.01280E+06
 1.00000E+00
 0.00000E+00
 2.01280E+06
 1.00000E+00
 0.00000E+00
 2.01280E+06
 1.00000E+00
 0.00000E+00
 2.01280E+06
 1.00000E+00
 0.00000E+00
 2.01280E+06
 1.00000E+00
 0.00000E+00
 2.01280E+06
 1.00000E+00
 0.00000E+00
 2.01280E+06
 1.00000E+00
 0.00000E+00
 2.01280E+06
 1.00000E+00
 0.00000E+00
 2.01280E+06
 1.00000E+00
 0.00000E+00
 2.01280E+06
 1.00000E+00
 0.00000E+00
 2.01280E+06
 1.00000E+00
 0.00000E+00
 2.01280E+06
 1.00000E+00
 0.00000E+00
 2.01280E+06
 1.00000E+00
 0.00000E+00
 2.01280E+06
 1.00000E+00
 0.00000E+00
 2.01280E+06
 1.00000E+00
 0.00000E+00
 2.01280E+06
 1.00000E+00
 0.00000E+00
 2.01280E+06
 1.00000E+00
 0.00000E+00
 2.01280E+06
 1.00000E+00
 0.00000E+00
 2.01280E+06
 1.00000E+00
 0.00000E+00
 2.01280E+06
 1.00000E+00
 0.00000E+00
 2.01280E+06
 1.00000E+00
 0.00000E+00
 2.01280E+06
 1.00000E+00
 0.00000E+00
 2.01280E+06
 1.00000E+00
 0.00000E+00
 2.01280E+06
 1.00000E+00
 0.00000E+00
 2.01280E+06
 1.00000E+00
 0.00000E+00
 2.01280E+06
 1.00000E+00
 0.00000E+00
 2.01280E+06
 1.00000E+00
 0.00000E+00
 2.01280E+06
 1.00000E+00
 0.00000E+00
 2.01280E+06
 1.00000E+00
 0.00000E+00
 2.01280E+06
 1.00000E+00
 0.00000E+00
 2.01280E+06
 1.00000E+00
 0.00000E+00
 2.01280E+06
 1.00000E+00
 0.00000E+00
 2.01280E+06
 1.00000E+00
 0.00000E+00
 2.01280E+06
 1.00000E+00
 0.00000E+00
 2.01280E+06
 1.00000E+00
 0.00000E+00
 2.01280E+06
 1.00000E+00
 0.00000E+00
 2.01280E+06
 1.00000E+00
 0.00000E+00
 2.01280E+06
 1.00000E+00
 0.00000E+00
 2.01280E+06
 1.00000E+00
 0.00000E+00
 2.01280E+06
 1.00000E+00
 0.00000E+00
 2.01280E+06
 1.00000E+00
 0.00000E+00
 2.01280E+06
 1.00000E+00
 0.00000E+00
 2.01280E+06
 1.00000E+00
 0.00000E+00
 2.01280E+06
 1.00000E+00
 0.00000E+00
 2.01280E+06
 1.00000E+00
 0.00000E+00
 2.01280E+06
 1.00000E+00
 0.00000E+00
 2.01280E+06
 1.00000E+00
 0.00000E+00
 2.01280E+06
 1.00000E+00
 0.00000E+00
 2.01280E+06
 1.00000E+00
 0.00000E+00
 2.01280E+06
 1.00000E+00
 0.00000E+00
 2.01280E+06
 1.00000E+00
 0.00000E+00
 2.01280E+06
 1.00000E+00
 0.00000E+00
 2.01280E+06
 1.00000E+00
 0.00000E+00
 2.01280E+06
 1.00000E+00
 0.00000E+00
 2.01280E+06
 1.00000E+00
 0.00000E+00
 2.01280E+06
 1.00000E+00
 0.00000E+00
 2.01280E+06
 1.00000E+00
 0.00000E+00
 2.01280E+06
 1.00000E+00
 0.00000E+00
 2.01280E+06
 1.00000E+00
 0.00000E+00
 2.01280E+06
 1.00000E+00
 0.00000E+00
 2.01280E+06
 1.00000E+00
 0.00000E+00
 2.01280E+06
 1.00000E+00
 0.00000E+00
 2.01280E+06
 1.00000E+00
 0.00000E+00
 2.01280E+06
 1.00000E+00
 0.00000E+00
 2.01280E+06
 1.00000E+00
 0.00000E+00
 2.01280E+06
 1.00000E+00
 0.00000E+00
 2.01280E+06
 1.00000E+00
 0.00000E+00
 2.01280E+06
 1.00000E+00
 0.00000E+00
 2.01280E+06
 1.00000E+00
 0.00000E+00
 2.01280E+06
 1.00000E+00
 0.00000E+00
 2.01280E+06
 1.00000E+00
 0.00000E+00
 2.01280E+06
 1.00000E+00
 0.00000E+00
 2.01280E+06
 1.00000E+00
 0.00000E+00
 2.01280E+06
 1.00000E+00
 0.00000E+00
 2.01280E+06
 1.00000E+00
 0.00000E+00
 2.01280E+06
 1.00000E+00
 0.00000E+00
 2.01280E+06
 1.00000E+00
 0.00000E+00
 2.01280E+06
 1.00000E+00
 0.00000E+00
 2.01280E+06
 1.00000E+00
 0.00000E+00
 2.01280E+06
 1.00000E+00
 0.00000E+00
 2.01280E+06
 1.00000E+00
 0.00000E+00
 2.01280E+06
 1.00000E+00
 0.00000E+00
 2.01280E+06
 1.00000E+00
 0.00000E+00
 2.01280E+06
 1.00000E+00
 0.00000E+00
 2.01280E+06
 1.00000E+00
 0.00000E+00
 2.01280E+06
 1.00000E+00
 0.00000E+00
 2.01280E+06
 1.00000E+00
 0.00000E+00
 2.01280E+06
 1.00000E+00
 0.00000E+00
 2.01280E+06
 1.00000E+00
 0.00000E+00
 2.01280E+06
 1.00000E+00
 0.00000E+00
 2.01280E+06
 1.00000E+00
 0.00000E+00
 2.01280E+06
 1.00000E+00
 0.00000E+00
 2.01280E+06
 1.00000E+00
 0.00000E+00
 2.01280E+06
 1.00000E+00
 0.00000E+00
 2.01280E+06
 1.00000E+00
 0.00000E+00
 2.01280E+06
 1.00000E+00
 0.00000E+00
 2.01280E+06
 1.00000E+00
 0.00000E+00
 2.01280E+06
 1.00000E+00
 0.00000E+00
 2.01280E+06
 1.00000E+00
 0.00000E+00
 2.01280E+06
 1.00000E+00
 0.00000E+00
 2.01280E+06
 1.00000E+00
 0.00000E+00
 2.01280E+06
 1.00000E+00
 0.00000E+00
 2.01280E+06
 1.00000E+00
 0.00000E+00
 2.01280E+06
 1.00000E+00
 0.00000E+00
 2.01280E+06
 1.00000E+00
 0.00000E+00
 2.01280E+06
 1.00000E+00
 0.00000E+00
 2.01280E+06
 1.00000E+00
 0.00000E+00
 2.01280E+06
 1.00000E+00
 0.00000E+00
 2.01280E+06
 1.00000E+00
 0.00000E+00
 2.01280E+06
 1.00000E+00
 0.00000E+00
 2.01280E+06
 1.00000E+00
 0.00000E+00
 2.01280E+06
 1.00000E+00
 0.00000E+00
 2.01280E+06
 1.00000E+00
 0.00000E+00
 2.01280E+06
 1.00000E+00
 0.00000E+00
 2.01280E+06
 1.00000E+00
 0.00000E+00
 2.01280E+06
 1.00000E+00
 0.00000E+00
 2.01280E+06
 1.00000E+00
 0.00000E+00
 2.01280E+06
 1.00000E+00
 0.00000E+00
 2.01280E+06
 1.00000E+00
 0.00000E+00
 2.01280E+06
 1.00000E+00
 0.00000E+00
 2.01280E+06
 1.00000E+00
 0.00000E+00
 2.01280E+06
 1.00000E+00
 0.00000E+00
 2.01280E+06
 1.00000E+00
 0.00000E+00
 2.01280E+06
 1.00000E+00
 0.00000E+00
 2.01280E+06
 1.00000E+00
 0.00000E+00
 2.01280E+06
 1.00000E+00
 0.00000E+00
 2.01279E+06
 1.00000E+00
 0.00000E+00
 2.01279E+06
 1.00000E+00
 0.00000E+00
 2.01279E+06
 1.00000E+00
 0.00000E+00
 2.01279E+06
 1.00000E+00
 0.00000E+00
 2.01279E+06
 1.00000E+00
 0.00000E+00
 2.01279E+06
 1.00000E+00
 0.00000E+00
 2.01279E+06
 1.00000E+00
 0.00000E+00
 2.01279E+06
 1.00000E+00
 0.00000E+00
 2.01279E+06
 1.00000E+00
 0.00000E+00
 2.01279E+06
 1.00000E+00
 0.00000E+00
 2.01279E+06
 1.00000E+00
 0.00000E+00
 2.01279E+06
 1.00000E+00
 0.00000E+00
 2.01279E+06
 1.00000E+00
 0.00000E+00
 2.01279E+06
 1.00000E+00
 0.00000E+00
 2.01279E+06
 1.00000E+00
 0.00000E+00
 2.01279E+06
 1.00000E+00
 0.00000E+00
 2.01279E+06
 1.00000E+00
 0.00000E+00
 2.01279E+06
 1.00000E+00
 0.00000E+00
 2.01279E+06
 1.00000E+00
 0.00000E+00
 2.01279E+06
 1.00000E+00
 0.00000E+00
 2.01279E+06
 1.00000E+00
 0.00000E+00
 2.01279E+06
 1.00000E+00
 0.00000E+00
 2.01279E+06
 1.00000E+00
 0.00000E+00
 2.01279E+06
 1.00000E+00
 0.00000E+00
 2.01279E+06
 1.00000E+00
 0.00000E+00
 2.01279E+06
 1.00000E+00
 0.00000E+00
 2.01279E+06
 1.00000E+00
 0.00000E+00
 2.01279E+06
 1.00000E+00
 0.00000E+00
 2.01279E+06
 1.00000E+00
 0.00000E+00
 2.01279E+06
 1.00000E+00
 0.00000E+00
 2.01280E+06
 1.00000E+00
 0.00000E+00
 2.01279E+06
 1.00000E+00
 0.00000E+00
 2.01280E+06
 1.00000E+00
 0.00000E+00
 2.01279E+06
 1.00000E+00
 0.00000E+00
 2.01280E+06
 1.00000E+00
 0.00000E+00
 2.01279E+06
 1.00000E+00
 0.00000E+00
 2.01280E+06
 1.00000E+00
 0.00000E+00
 2.01279E+06
 1.00000E+00
 0.00000E+00
 2.01280E+06
 1.00000E+00
 0.00000E+00
 2.01279E+06
 1.00000E+00
 0.00000E+00
 2.01280E+06
 1.00000E+00
 0.00000E+00
 2.01279E+06
 1.00000E+00
 0.00000E+00
 2.01280E+06
 1.00000E+00
 0.00000E+00
 2.01279E+06
 1.00000E+00
 0.00000E+00
 2.01280E+06
 1.00000E+00
 0.00000E+00
 2.01279E+06
 1.00000E+00
 0.00000E+00
 2.01280E+06
 1.00000E+00
 0.00000E+00
 2.01279E+06
 1.00000E+00
 0.00000E+00
 2.01280E+06
 1.00000E+00
 0.00000E+00
 2.01279E+06
 1.00000E+00
 0.00000E+00
 2.01280E+06
 1.00000E+00
 0.00000E+00
 2.01279E+06
 1.00000E+00
 0.00000E+00
 2.01280E+06
 1.00000E+00
 0.00000E+00
 2.01279E+06
 1.00000E+00
 0.00000E+00
 2.01280E+06
 1.00000E+00
 0.00000E+00
 2.01279E+06
 1.00000E+00
 0.00000E+00
 2.01280E+06
 1.00000E+00
 0.00000E+00
 2.01279E+06
 1.00000E+00
 0.00000E+00
 2.01280E+06
 1.00000E+00
 0.00000E+00
 2.01279E+06
 1.00000E+00
 0.00000E+00
 2.01279E+06
 1.00000E+00
 0.00000E+00
 2.01279E+06
 1.00000E+00
 0.00000E+00
 2.01279E+06
 1.00000E+00
 0.00000E+00
 2.01279E+06
 1.00000E+00
 0.00000E+00
 2.01279E+06
 1.00000E+00
 0.00000E+00
 2.01279E+06
 1.00000E+00
 0.00000E+00
 2.01279E+06
 1.00000E+00
 0.00000E+00
 2.01279E+06
 1.00000E+00
 0.00000E+00
 2.01279E+06
 1.00000E+00
 0.00000E+00
 2.01279E+06
 1.00000E+00
 0.00000E+00
 2.01279E+06
 1.00000E+00
 0.00000E+00
 2.01279E+06
 1.00000E+00
 0.00000E+00
 2.01279E+06
 1.00000E+00
 0.00000E+00
 2.01279E+06
 1.00000E+00
 0.00000E+00
 2.01279E+06
 1.00000E+00
 0.00000E+00
 2.01279E+06
 1.00000E+00
 0.00000E+00
 2.01279E+06
 1.00000E+00
 0.00000E+00
 2.01279E+06
 1.00000E+00
 0.00000E+00
 2.01279E+06
 1.00000E+00
 0.00000E+00
 2.01279E+06
 1.00000E+00
 0.00000E+00
 2.01279E+06
 1.00000E+00
 0.00000E+00
 2.01279E+06
 1.00000E+00
 0.00000E+00
 2.01279E+06
 1.00000E+00
 0.00000E+00
 2.01279E+06
 1.00000E+00
 0.00000E+00
 2.01279E+06
 1.00000E+00
 0.00000E+00
 2.01279E+06
 1.00000E+00
 0.00000E+00
 2.01279E+06
 1.00000E+00
 0.00000E+00
 2.01279E+06
 1.00000E+00
 0.00000E+00
 2.01279E+06
 1.00000E+00
 0.00000E+00
 2.01279E+06
 1.00000E+00
 0.00000E+00
 2.01279E+06
 1.00000E+00
 0.00000E+00
 2.01279E+06
 1.00000E+00
 0.00000E+00
 2.01279E+06
 1.00000E+00
 0.00000E+00
 2.01279E+06
 1.00000E+00
 0.00000E+00
 2.01279E+06
 1.00000E+00
 0.00000E+00
 2.01279E+06
 1.00000E+00
 0.00000E+00
 2.01279E+06
 1.00000E+00
 0.00000E+00
 2.01279E+06
 1.00000E+00
 0.00000E+00
 2.01279E+06
 1.00000E+00
 0.00000E+00
 2.01279E+06
 1.00000E+00
 0.00000E+00
 2.01279E+06
 1.00000E+00
 0.00000E+00
 2.01279E+06
 1.00000E+00
 0.00000E+00
 2.01279E+06
 1.00000E+00
 0.00000E+00
 2.01279E+06
 1.00000E+00
 0.00000E+00
 2.01279E+06
 1.00000E+00
 0.00000E+00
 2.01279E+06
 1.00000E+00
 0.00000E+00
 2.01279E+06
 1.00000E+00
 0.00000E+00
 2.01279E+06
 1.00000E+00
 0.00000E+00
 2.01279E+06
 1.00000E+00
 0.00000E+00
 2.01279E+06
 1.00000E+00
 0.00000E+00
 2.01279E+06
 1.00000E+00
 0.00000E+00
 2.01279E+06
 1.00000E+00
 0.00000E+00
 2.01279E+06
 1.00000E+00
 0.00000E+00
 2.01279E+06
 1.00000E+00
 0.00000E+00
 2.01279E+06
 1.00000E+00
 0.00000E+00
 2.01279E+06
 1.00000E+00
 0.00000E+00
 2.01279E+06
 1.00000E+00
 0.00000E+00
 2.01279E+06
 1.00000E+00
 0.00000E+00
 2.01279E+06
 1.00000E+00
 0.00000E+00
 2.01279E+06
 1.00000E+00
 0.00000E+00
 2.01279E+06
 1.00000E+00
 0.00000E+00
 2.01279E+06
 1.00000E+00
 0.00000E+00
 2.01279E+06
 1.00000E+00
 0.00000E+00
 2.01279E+06
 1.00000E+00
 0.00000E+00
 2.01279E+06
 1.00000E+00
 0.00000E+00
 2.01279E+06
 1.00000E+00
 0.00000E+00
 2.01279E+06
 1.00000E+00
 0.00000E+00
 2.01279E+06
 1.00000E+00
 0.00000E+00
 2.01279E+06
 1.00000E+00
 0.00000E+00
 2.01279E+06
 1.00000E+00
 0.00000E+00
 2.01279E+06
 1.00000E+00
 0.00000E+00
 2.01279E+06
 1.00000E+00
 0.00000E+00
 2.01279E+06
 1.00000E+00
 0.00000E+00
 2.01279E+06
 1.00000E+00
 0.00000E+00
 2.01279E+06
 1.00000E+00
 0.00000E+00
 2.01279E+06
 1.00000E+00
 0.00000E+00
 2.01279E+06
 1.00000E+00
 0.00000E+00
 2.01279E+06
 1.00000E+00
 0.00000E+00
 2.01279E+06
 1.00000E+00
 0.00000E+00
 2.01279E+06
 1.00000E+00
 0.00000E+00
 2.01279E+06
 1.00000E+00
 0.00000E+00
 2.01279E+06
 1.00000E+00
 0.00000E+00
 2.01279E+06
 1.00000E+00
 0.00000E+00
 2.01279E+06
 1.00000E+00
 0.00000E+00
 2.01279E+06
 1.00000E+00
 0.00000E+00
 2.01279E+06
 1.00000E+00
 0.00000E+00
 2.01279E+06
 1.00000E+00
 0.00000E+00
 2.01279E+06
 1.00000E+00
 0.00000E+00
 2.01279E+06
 1.00000E+00
 0.00000E+00
 2.01279E+06
 1.00000E+00
 0.00000E+00
 2.01279E+06
 1.00000E+00
 0.00000E+00
 2.01279E+06
 1.00000E+00
 0.00000E+00
 2.01279E+06
 1.00000E+00
 0.00000E+00
 2.01279E+06
 1.00000E+00
 0.00000E+00
 2.01279E+06
 1.00000E+00
 0.00000E+00
 2.01279E+06
 1.00000E+00
 0.00000E+00
 2.01279E+06
 1.00000E+00
 0.00000E+00
 2.01279E+06
 1.00000E+00
 0.00000E+00
 2.01279E+06
 1.00000E+00
 0.00000E+00
 2.01279E+06
 1.00000E+00
 0.00000E+00
 2.01279E+06
 1.00000E+00
 0.00000E+00
 2.01279E+06
 1.00000E+00
 0.00000E+00
 2.01279E+06
 1.00000E+00
 0.00000E+00
 2.01279E+06
 1.00000E+00
 0.00000E+00
 2.01279E+06
 1.00000E+00
 0.00000E+00
 2.01279E+06
 1.00000E+00
 0.00000E+00
 2.01279E+06
 1.00000E+00
 0.00000E+00
 2.01279E+06
 1.00000E+00
 0.00000E+00
 2.01279E+06
 1.00000E+00
 0.00000E+00
 2.01279E+06
 1.00000E+00
 0.00000E+00
 2.01279E+06
 1.00000E+00
 0.00000E+00
 2.01279E+06
 1.00000E+00
 0.00000E+00
 2.01279E+06
 1.00000E+00
 0.00000E+00
 2.01279E+06
 1.00000E+00
 0.00000E+00
 2.01279E+06
 1.00000E+00
 0.00000E+00
 2.01279E+06
 1.00000E+00
 0.00000E+00
 2.01279E+06
 1.00000E+00
 0.00000E+00
 2.01279E+06
 1.00000E+00
 0.00000E+00
 2.01279E+06
 1.00000E+00
 0.00000E+00
 2.01279E+06
 1.00000E+00
 0.00000E+00
 2.01279E+06
 1.00000E+00
 0.00000E+00
 2.01279E+06
 1.00000E+00
 0.00000E+00
 2.01279E+06
 1.00000E+00
 0.00000E+00
 2.01279E+06
 1.00000E+00
 0.00000E+00
 2.01279E+06
 1.00000E+00
 0.00000E+00
 2.01279E+06
 1.00000E+00
 0.00000E+00
 2.01279E+06
 1.00000E+00
 0.00000E+00
 2.01279E+06
 1.00000E+00
 0.00000E+00
 2.01279E+06
 1.00000E+00
 0.00000E+00
 2.01279E+06
 1.00000E+00
 0.00000E+00
 2.01279E+06
 1.00000E+00
 0.00000E+00
 2.01279E+06
 1.00000E+00
 0.00000E+00
 2.01279E+06
 1.00000E+00
 0.00000E+00
 2.01279E+06
 1.00000E+00
 0.00000E+00
 2.01279E+06
 1.00000E+00
 0.00000E+00
 2.01279E+06
 1.00000E+00
 0.00000E+00
 2.01279E+06
 1.00000E+00
 0.00000E+00
 2.01279E+06
 1.00000E+00
 0.00000E+00
 2.01279E+06
 1.00000E+00
 0.00000E+00
 2.01279E+06
 1.00000E+00
 0.00000E+00
 2.01279E+06
 1.00000E+00
 0.00000E+00
 2.01279E+06
 1.00000E+00
 0.00000E+00
 2.01279E+06
 1.00000E+00
 0.00000E+00
 2.01279E+06
 1.00000E+00
 0.00000E+00
 2.01279E+06
 1.00000E+00
 0.00000E+00
 2.01279E+06
 1.00000E+00
 0.00000E+00
 2.01279E+06
 1.00000E+00
 0.00000E+00
 2.01279E+06
 1.00000E+00
 0.00000E+00
 2.01279E+06
 1.00000E+00
 0.00000E+00
 2.01279E+06
 1.00000E+00
 0.00000E+00
 2.01279E+06
 1.00000E+00
 0.00000E+00
 2.01279E+06
 1.00000E+00
 0.00000E+00
 2.01279E+06
 1.00000E+00
 0.00000E+00
 2.01279E+06
 1.00000E+00
 0.00000E+00
 2.01279E+06
 1.00000E+00
 0.00000E+00
 2.01279E+06
 1.00000E+00
 0.00000E+00
 2.01279E+06
 1.00000E+00
 0.00000E+00
 2.01279E+06
 1.00000E+00
 0.00000E+00
 2.01279E+06
 1.00000E+00
 0.00000E+00
 2.01279E+06
 1.00000E+00
 0.00000E+00
 2.01279E+06
 1.00000E+00
 0.00000E+00
 2.01279E+06
 1.00000E+00
 0.00000E+00
 2.01279E+06
 1.00000E+00
 0.00000E+00
 2.01279E+06
 1.00000E+00
 0.00000E+00
 2.01279E+06
 1.00000E+00
 0.00000E+00
 2.01279E+06
 1.00000E+00
 0.00000E+00
 2.01279E+06
 1.00000E+00
 0.00000E+00
 2.01279E+06
 1.00000E+00
 0.00000E+00
 2.01279E+06
 1.00000E+00
 0.00000E+00
 2.01279E+06
 1.00000E+00
 0.00000E+00
 2.01279E+06
 1.00000E+00
 0.00000E+00
 2.01279E+06
 1.00000E+00
 0.00000E+00
 2.01279E+06
 1.00000E+00
 0.00000E+00
 2.01279E+06
 1.00000E+00
 0.00000E+00
 2.01279E+06
 1.00000E+00
 0.00000E+00
 2.01279E+06
 1.00000E+00
 0.00000E+00
 2.01279E+06
 1.00000E+00
 0.00000E+00
 2.01279E+06
 1.00000E+00
 0.00000E+00
 2.01279E+06
 1.00000E+00
 0.00000E+00
 2.01279E+06
 1.00000E+00
 0.00000E+00
 2.01279E+06
 1.00000E+00
 0.00000E+00
 2.01279E+06
 1.00000E+00
 0.00000E+00
 2.01279E+06
 1.00000E+00
 0.00000E+00
 2.01279E+06
 1.00000E+00
 0.00000E+00
 2.01279E+06
 1.00000E+00
 0.00000E+00
 2.01279E+06
 1.00000E+00
 0.00000E+00
 2.01279E+06
 1.00000E+00
 0.00000E+00
 2.01279E+06
 1.00000E+00
 0.00000E+00
 2.01279E+06
 1.00000E+00
 0.00000E+00
 2.01279E+06
 1.00000E+00
 0.00000E+00
 2.01279E+06
 1.00000E+00
 0.00000E+00
 2.01279E+06
 1.00000E+00
 0.00000E+00
 2.01279E+06
 1.00000E+00
 0.00000E+00
 2.01279E+06
 1.00000E+00
 0.00000E+00
 2.01279E+06
 1.00000E+00
 0.00000E+00
 2.01279E+06
 1.00000E+00
 0.00000E+00
 2.01279E+06
 1.00000E+00
 0.00000E+00
 2.01279E+06
 1.00000E+00
 0.00000E+00
 2.01279E+06
 1.00000E+00
 0.00000E+00
 2.01279E+06
 1.00000E+00
 0.00000E+00
 2.01279E+06
 1.00000E+00
 0.00000E+00
 2.01279E+06
 1.00000E+00
 0.00000E+00
 2.01279E+06
 1.00000E+00
 0.00000E+00
 2.01279E+06
 1.00000E+00
 0.00000E+00
 2.01279E+06
 1.00000E+00
 0.00000E+00
 2.01279E+06
 1.00000E+00
 0.00000E+00
 2.01279E+06
 1.00000E+00
 0.00000E+00
 2.01279E+06
 1.00000E+00
 0.00000E+00
 2.01279E+06
 1.00000E+00
 0.00000E+00
 2.01279E+06
 1.00000E+00
 0.00000E+00
 2.01279E+06
 1.00000E+00
 0.00000E+00
 2.01279E+06
 1.00000E+00
 0.00000E+00
 2.01279E+06
 1.00000E+00
 0.00000E+00
 2.01279E+06
 1.00000E+00
 0.00000E+00
 2.01279E+06
 1.00000E+00
 0.00000E+00
 2.01279E+06
 1.00000E+00
 0.00000E+00
 2.01279E+06
 1.00000E+00
 0.00000E+00
 2.01279E+06
 1.00000E+00
 0.00000E+00
 2.01279E+06
 1.00000E+00
 0.00000E+00
 2.01279E+06
 1.00000E+00
 0.00000E+00
 2.01279E+06
 1.00000E+00
 0.00000E+00
 2.01279E+06
 1.00000E+00
 0.00000E+00
 2.01279E+06
 1.00000E+00
 0.00000E+00
 2.01279E+06
 1.00000E+00
 0.00000E+00
 2.01279E+06
 1.00000E+00
 0.00000E+00
 2.01279E+06
 1.00000E+00
 0.00000E+00
 2.01279E+06
 1.00000E+00
 0.00000E+00
 2.01279E+06
 1.00000E+00
 0.00000E+00
 2.01279E+06
 1.00000E+00
 0.00000E+00
 2.01279E+06
 1.00000E+00
 0.00000E+00
 2.01279E+06
 1.00000E+00
 0.00000E+00
 2.01279E+06
 1.00000E+00
 0.00000E+00
 2.01279E+06
 1.00000E+00
 0.00000E+00
 2.01279E+06
 1.00000E+00
 0.00000E+00
 2.01279E+06
 1.00000E+00
 0.00000E+00
 2.01279E+06
 1.00000E+00
 0.00000E+00
 2.01279E+06
 1.00000E+00
 0.00000E+00
 2.01279E+06
 1.00000E+00
 0.00000E+00
 2.01279E+06
 1.00000E+00
 0.00000E+00
 2.01279E+06
 1.00000E+00
 0.00000E+00
 2.01279E+06
 1.00000E+00
 0.00000E+00
 2.01279E+06
 1.00000E+00
 0.00000E+00
 2.01279E+06
 1.00000E+00
 0.00000E+00
 2.01279E+06
 1.00000E+00
 0.00000E+00
 2.01279E+06
 1.00000E+00
 0.00000E+00
 2.01279E+06
 1.00000E+00
 0.00000E+00
 2.01279E+06
 1.00000E+00
 0.00000E+00
 2.01279E+06
 1.00000E+00
 0.00000E+00
 2.01279E+06
 1.00000E+00
 0.00000E+00
 2.01279E+06
 1.00000E+00
 0.00000E+00
 2.01279E+06
 1.00000E+00
 0.00000E+00
 2.01279E+06
 1.00000E+00
 0.00000E+00
 2.01279E+06
 1.00000E+00
 0.00000E+00
 2.01279E+06
 1.00000E+00
 0.00000E+00
 2.01279E+06
 1.00000E+00
 0.00000E+00
 2.01279E+06
 1.00000E+00
 0.00000E+00
 2.01279E+06
 1.00000E+00
 0.00000E+00
 2.01279E+06
 1.00000E+00
 0.00000E+00
 2.01279E+06
 1.00000E+00
 0.00000E+00
 2.01279E+06
 1.00000E+00
 0.00000E+00
 2.01279E+06
 1.00000E+00
 0.00000E+00
 2.01279E+06
 1.00000E+00
 0.00000E+00
 2.01279E+06
 1.00000E+00
 0.00000E+00
 2.01279E+06
 1.00000E+00
 0.00000E+00
 2.01279E+06
 1.00000E+00
 0.00000E+00
 2.01279E+06
 1.00000E+00
 0.00000E+00
 2.01279E+06
 1.00000E+00
 0.00000E+00
 2.01279E+06
 1.00000E+00
 0.00000E+00
 2.01279E+06
 1.00000E+00
 0.00000E+00
 2.01279E+06
 1.00000E+00
 0.00000E+00
 2.01279E+06
 1.00000E+00
 0.00000E+00
 2.01279E+06
 1.00000E+00
 0.00000E+00
 2.01279E+06
 1.00000E+00
 0.00000E+00
 2.01279E+06
 1.00000E+00
 0.00000E+00
 2.01279E+06
 1.00000E+00
 0.00000E+00
 2.01279E+06
 1.00000E+00
 0.00000E+00
 2.01279E+06
 1.00000E+00
 0.00000E+00
 2.01279E+06
 1.00000E+00
 0.00000E+00
 2.01279E+06
 1.00000E+00
 0.00000E+00
 2.01279E+06
 1.00000E+00
 0.00000E+00
 2.01279E+06
 1.00000E+00
 0.00000E+00
 2.01279E+06
 1.00000E+00
 0.00000E+00
 2.01279E+06
 1.00000E+00
 0.00000E+00
 2.01279E+06
 1.00000E+00
 0.00000E+00
 2.01279E+06
 1.00000E+00
 0.00000E+00
 2.01279E+06
 1.00000E+00
 0.00000E+00
 2.01279E+06
 1.00000E+00
 0.00000E+00
 2.01279E+06
 1.00000E+00
 0.00000E+00
 2.01279E+06
 1.00000E+00
 0.00000E+00
 2.01279E+06
 1.00000E+00
 0.00000E+00
 2.01279E+06
 1.00000E+00
 0.00000E+00
 2.01279E+06
 1.00000E+00
 0.00000E+00
 2.01279E+06
 1.00000E+00
 0.00000E+00
 2.01279E+06
 1.00000E+00
 0.00000E+00
 2.01279E+06
 1.00000E+00
 0.00000E+00
 2.01279E+06
 1.00000E+00
 0.00000E+00
 2.01279E+06
 1.00000E+00
 0.00000E+00
 2.01279E+06
 1.00000E+00
 0.00000E+00
 2.01279E+06
 1.00000E+00
 0.00000E+00
 2.01279E+06
 1.00000E+00
 0.00000E+00
 2.01279E+06
 1.00000E+00
 0.00000E+00
 2.01279E+06
 1.00000E+00
 0.00000E+00
 2.01279E+06
 1.00000E+00
 0.00000E+00
 2.01279E+06
 1.00000E+00
 0.00000E+00
 2.01279E+06
 1.00000E+00
 0.00000E+00
 2.01279E+06
 1.00000E+00
 0.00000E+00
 2.01279E+06
 1.00000E+00
 0.00000E+00
 2.01279E+06
 1.00000E+00
 0.00000E+00
 2.01279E+06
 1.00000E+00
 0.00000E+00
 2.01279E+06
 1.00000E+00
 0.00000E+00
 2.01279E+06
 1.00000E+00
 0.00000E+00
 2.01279E+06
 1.00000E+00
 0.00000E+00
 2.01279E+06
 1.00000E+00
 0.00000E+00
 2.01279E+06
 1.00000E+00
 0.00000E+00
 2.01279E+06
 1.00000E+00
 0.00000E+00
 2.01279E+06
 1.00000E+00
 0.00000E+00
 2.01279E+06
 1.00000E+00
 0.00000E+00
 2.01279E+06
 1.00000E+00
 0.00000E+00
 2.01279E+06
 1.00000E+00
 0.00000E+00
 2.01279E+06
 1.00000E+00
 0.00000E+00
 2.01279E+06
 1.00000E+00
 0.00000E+00
 2.01279E+06
 1.00000E+00
 0.00000E+00
 2.01279E+06
 1.00000E+00
 0.00000E+00
 2.01279E+06
 1.00000E+00
 0.00000E+00
 2.01279E+06
 1.00000E+00
 0.00000E+00
 2.01279E+06
 1.00000E+00
 0.00000E+00
 2.01279E+06
 1.00000E+00
 0.00000E+00
 2.01279E+06
 1.00000E+00
 0.00000E+00
 2.01279E+06
 1.00000E+00
 0.00000E+00
 2.01279E+06
 1.00000E+00
 0.00000E+00
 2.01279E+06
 1.00000E+00
 0.00000E+00
 2.01279E+06
 1.00000E+00
 0.00000E+00
 2.01279E+06
 1.00000E+00
 0.00000E+00
 2.01279E+06
 1.00000E+00
 0.00000E+00
 2.01279E+06
 1.00000E+00
 0.00000E+00
 2.01279E+06
 1.00000E+00
 0.00000E+00
 2.01279E+06
 1.00000E+00
 0.00000E+00
 2.01279E+06
 1.00000E+00
 0.00000E+00
 2.01279E+06
 1.00000E+00
 0.00000E+00
 2.01279E+06
 1.00000E+00
 0.00000E+00
 2.01279E+06
 1.00000E+00
 0.00000E+00
 2.01279E+06
 1.00000E+00
 0.00000E+00
 2.01279E+06
 1.00000E+00
 0.00000E+00
 2.01279E+06
 1.00000E+00
 0.00000E+00
 2.01279E+06
 1.00000E+00
 0.00000E+00
 2.01279E+06
 1.00000E+00
 0.00000E+00
 2.01279E+06
 1.00000E+00
 0.00000E+00
 2.01279E+06
 1.00000E+00
 0.00000E+00
 2.01279E+06
 1.00000E+00
 0.00000E+00
 2.01279E+06
 1.00000E+00
 0.00000E+00
 2.01279E+06
 1.00000E+00
 0.00000E+00
 2.01279E+06
 1.00000E+00
 0.00000E+00
 2.01279E+06
 1.00000E+00
 0.00000E+00
 2.01279E+06
 1.00000E+00
 0.00000E+00
 2.01279E+06
 1.00000E+00
 0.00000E+00
 2.01279E+06
 1.00000E+00
 0.00000E+00
 2.01279E+06
 1.00000E+00
 0.00000E+00
 2.01279E+06
 1.00000E+00
 0.00000E+00
 2.01279E+06
 1.00000E+00
 0.00000E+00
 2.01279E+06
 1.00000E+00
 0.00000E+00
 2.01279E+06
 1.00000E+00
 0.00000E+00
 2.01279E+06
 1.00000E+00
 0.00000E+00
 2.01279E+06
 1.00000E+00
 0.00000E+00
 2.01279E+06
 1.00000E+00
 0.00000E+00
 2.01279E+06
 1.00000E+00
 0.00000E+00
 2.01279E+06
 1.00000E+00
 0.00000E+00
 2.01279E+06
 1.00000E+00
 0.00000E+00
 2.01279E+06
 1.00000E+00
 0.00000E+00
 2.01279E+06
 1.00000E+00
 0.00000E+00
 2.01279E+06
 1.00000E+00
 0.00000E+00
 2.01279E+06
 1.00000E+00
 0.00000E+00
 2.01279E+06
 1.00000E+00
 0.00000E+00
 2.01279E+06
 1.00000E+00
 0.00000E+00
 2.01279E+06
 1.00000E+00
 0.00000E+00
 2.01279E+06
 1.00000E+00
 0.00000E+00
 2.01279E+06
 1.00000E+00
 0.00000E+00
 2.01279E+06
 1.00000E+00
 0.00000E+00
 2.01279E+06
 1.00000E+00
 0.00000E+00
 2.01279E+06
 1.00000E+00
 0.00000E+00
 2.01279E+06
 1.00000E+00
 0.00000E+00
 2.01279E+06
 1.00000E+00
 0.00000E+00
 2.01279E+06
 1.00000E+00
 0.00000E+00
 2.01279E+06
 1.00000E+00
 0.00000E+00
 2.01279E+06
 1.00000E+00
 0.00000E+00
 2.01279E+06
 1.00000E+00
 0.00000E+00
 2.01279E+06
 1.00000E+00
 0.00000E+00
 2.01279E+06
 1.00000E+00
 0.00000E+00
 2.01279E+06
 1.00000E+00
 0.00000E+00
 2.01279E+06
 1.00000E+00
 0.00000E+00
 2.01279E+06
 1.00000E+00
 0.00000E+00
 2.01279E+06
 1.00000E+00
 0.00000E+00
 2.01279E+06
 1.00000E+00
 0.00000E+00
 2.01279E+06
 1.00000E+00
 0.00000E+00
 2.01279E+06
 1.00000E+00
 0.00000E+00
 2.01279E+06
 1.00000E+00
 0.00000E+00
 2.01279E+06
 1.00000E+00
 0.00000E+00
 2.01279E+06
 1.00000E+00
 0.00000E+00
 2.01279E+06
 1.00000E+00
 0.00000E+00
 2.01279E+06
 1.00000E+00
 0.00000E+00
 2.01279E+06
 1.00000E+00
 0.00000E+00
 2.01279E+06
 1.00000E+00
 0.00000E+00
 2.01279E+06
 1.00000E+00
 0.00000E+00
 2.01279E+06
 1.00000E+00
 0.00000E+00
 2.01279E+06
 1.00000E+00
 0.00000E+00
 2.01279E+06
 1.00000E+00
 0.00000E+00
 2.01279E+06
 1.00000E+00
 0.00000E+00
 2.01279E+06
 1.00000E+00
 0.00000E+00
 2.01279E+06
 1.00000E+00
 0.00000E+00
 2.01279E+06
 1.00000E+00
 0.00000E+00
 2.01279E+06
 1.00000E+00
 0.00000E+00
 2.01279E+06
 1.00000E+00
 0.00000E+00
 2.01279E+06
 1.00000E+00
 0.00000E+00
 2.01279E+06
 1.00000E+00
 0.00000E+00
 2.01279E+06
 1.00000E+00
 0.00000E+00
 2.01279E+06
 1.00000E+00
 0.00000E+00
 2.01279E+06
 1.00000E+00
 0.00000E+00
 2.01279E+06
 1.00000E+00
 0.00000E+00
 2.01279E+06
 1.00000E+00
 0.00000E+00
 2.01279E+06
 1.00000E+00
 0.00000E+00
 2.01279E+06
 1.00000E+00
 0.00000E+00
 2.01279E+06
 1.00000E+00
 0.00000E+00
 2.01279E+06
 1.00000E+00
 0.00000E+00
 2.01279E+06
 1.00000E+00
 0.00000E+00
 2.01279E+06
 1.00000E+00
 0.00000E+00
 2.01279E+06
 1.00000E+00
 0.00000E+00
 2.01279E+06
 1.00000E+00
 0.00000E+00
 2.01279E+06
 1.00000E+00
 0.00000E+00
 2.01279E+06
 1.00000E+00
 0.00000E+00
 2.01279E+06
 1.00000E+00
 0.00000E+00
 2.01279E+06
 1.00000E+00
 0.00000E+00
 2.01279E+06
 1.00000E+00
 0.00000E+00
 2.01279E+06
 1.00000E+00
 0.00000E+00
 2.01279E+06
 1.00000E+00
 0.00000E+00
 2.01279E+06
 1.00000E+00
 0.00000E+00
 2.01279E+06
 1.00000E+00
 0.00000E+00
 2.01279E+06
 1.00000E+00
 0.00000E+00
 2.01279E+06
 1.00000E+00
 0.00000E+00
 2.01279E+06
 1.00000E+00
 0.00000E+00
 2.01279E+06
 1.00000E+00
 0.00000E+00
 2.01279E+06
 1.00000E+00
 0.00000E+00
 2.01279E+06
 1.00000E+00
 0.00000E+00
 2.01279E+06
 1.00000E+00
 0.00000E+00
 2.01279E+06
 1.00000E+00
 0.00000E+00
 2.01279E+06
 1.00000E+00
 0.00000E+00
 2.01279E+06
 1.00000E+00
 0.00000E+00
 2.01279E+06
 1.00000E+00
 0.00000E+00
 2.01279E+06
 1.00000E+00
 0.00000E+00
 2.01279E+06
 1.00000E+00
 0.00000E+00
 2.01279E+06
 1.00000E+00
 0.00000E+00
 2.01279E+06
 1.00000E+00
 0.00000E+00
 2.01279E+06
 1.00000E+00
 0.00000E+00
 2.01279E+06
 1.00000E+00
 0.00000E+00
 2.01279E+06
 1.00000E+00
 0.00000E+00
 2.01279E+06
 1.00000E+00
 0.00000E+00
 2.01279E+06
 1.00000E+00
 0.00000E+00
 2.01279E+06
 1.00000E+00
 0.00000E+00
 2.01279E+06
 1.00000E+00
 0.00000E+00
 2.01279E+06
 1.00000E+00
 0.00000E+00
 2.01279E+06
 1.00000E+00
 0.00000E+00
 2.01279E+06
 1.00000E+00
 0.00000E+00
 2.01279E+06
 1.00000E+00
 0.00000E+00
 2.01279E+06
 1.00000E+00
 0.00000E+00
 2.01279E+06
 1.00000E+00
 0.00000E+00
 2.01279E+06
 1.00000E+00
 0.00000E+00
 2.01279E+06
 1.00000E+00
 0.00000E+00
 2.01279E+06
 1.00000E+00
 0.00000E+00
 2.01279E+06
 1.00000E+00
 0.00000E+00
 2.01279E+06
 1.00000E+00
 0.00000E+00
 2.01279E+06
 1.00000E+00
 0.00000E+00
 2.01279E+06
 1.00000E+00
 0.00000E+00
 2.01279E+06
 1.00000E+00
 0.00000E+00
 2.01279E+06
 1.00000E+00
 0.00000E+00
 2.01279E+06
 1.00000E+00
 0.00000E+00
 2.01279E+06
 1.00000E+00
 0.00000E+00
 2.01279E+06
 1.00000E+00
 0.00000E+00
 2.01279E+06
 1.00000E+00
 0.00000E+00
 2.01279E+06
 1.00000E+00
 0.00000E+00
 2.01279E+06
 1.00000E+00
 0.00000E+00
 2.01279E+06
 1.00000E+00
 0.00000E+00
 2.01279E+06
 1.00000E+00
 0.00000E+00
 2.01279E+06
 1.00000E+00
 0.00000E+00
 2.01279E+06
 1.00000E+00
 0.00000E+00
 2.01279E+06
 1.00000E+00
 0.00000E+00
 2.01279E+06
 1.00000E+00
 0.00000E+00
 2.01279E+06
 1.00000E+00
 0.00000E+00
 2.01279E+06
 1.00000E+00
 0.00000E+00
 2.01279E+06
 1.00000E+00
 0.00000E+00
 2.01279E+06
 1.00000E+00
 0.00000E+00
 2.01279E+06
 1.00000E+00
 0.00000E+00
 2.01279E+06
 1.00000E+00
 0.00000E+00
 2.01279E+06
 1.00000E+00
 0.00000E+00
 2.01279E+06
 1.00000E+00
 0.00000E+00
 2.01279E+06
 1.00000E+00
 0.00000E+00
 2.01279E+06
 1.00000E+00
 0.00000E+00
 2.01279E+06
 1.00000E+00
 0.00000E+00
 2.01279E+06
 1.00000E+00
 0.00000E+00
 2.01279E+06
 1.00000E+00
 0.00000E+00
 2.01279E+06
 1.00000E+00
 0.00000E+00
 2.01279E+06
 1.00000E+00
 0.00000E+00
 2.01279E+06
 1.00000E+00
 0.00000E+00
 2.01279E+06
 1.00000E+00
 0.00000E+00
 2.01279E+06
 1.00000E+00
 0.00000E+00
 2.01279E+06
 1.00000E+00
 0.00000E+00
 2.01279E+06
 1.00000E+00
 0.00000E+00
 2.01279E+06
 1.00000E+00
 0.00000E+00
 2.01279E+06
 1.00000E+00
 0.00000E+00
 2.01279E+06
 1.00000E+00
 0.00000E+00
 2.01279E+06
 1.00000E+00
 0.00000E+00
 2.01279E+06
 1.00000E+00
 0.00000E+00
 2.01279E+06
 1.00000E+00
 0.00000E+00
 2.01279E+06
 1.00000E+00
 0.00000E+00
 2.01279E+06
 1.00000E+00
 0.00000E+00
 2.01279E+06
 1.00000E+00
 0.00000E+00
 2.01279E+06
 1.00000E+00
 0.00000E+00
 2.01279E+06
 1.00000E+00
 0.00000E+00
 2.01279E+06
 1.00000E+00
 0.00000E+00
 2.01279E+06
 1.00000E+00
 0.00000E+00
 2.01279E+06
 1.00000E+00
 0.00000E+00
 2.01279E+06
 1.00000E+00
 0.00000E+00
 2.01279E+06
 1.00000E+00
 0.00000E+00
 2.01279E+06
 1.00000E+00
 0.00000E+00
 2.01279E+06
 1.00000E+00
 0.00000E+00
 2.01279E+06
 1.00000E+00
 0.00000E+00
 2.01279E+06
 1.00000E+00
 0.00000E+00
 2.01279E+06
 1.00000E+00
 0.00000E+00
 2.01279E+06
 1.00000E+00
 0.00000E+00
 2.01279E+06
 1.00000E+00
 0.00000E+00
 2.01279E+06
 1.00000E+00
 0.00000E+00
 2.01279E+06
 1.00000E+00
 0.00000E+00
 2.01279E+06
 1.00000E+00
 0.00000E+00
 2.01279E+06
 1.00000E+00
 0.00000E+00
 2.01279E+06
 1.00000E+00
 0.00000E+00
 2.01279E+06
 1.00000E+00
 0.00000E+00
 2.01279E+06
 1.00000E+00
 0.00000E+00
 2.01279E+06
 1.00000E+00
 0.00000E+00
 2.01279E+06
 1.00000E+00
 0.00000E+00
 2.01279E+06
 1.00000E+00
 0.00000E+00
 2.01279E+06
 1.00000E+00
 0.00000E+00
 2.01279E+06
 1.00000E+00
 0.00000E+00
 2.01279E+06
 1.00000E+00
 0.00000E+00
 2.01279E+06
 1.00000E+00
 0.00000E+00
 2.01279E+06
 1.00000E+00
 0.00000E+00
 2.01279E+06
 1.00000E+00
 0.00000E+00
 2.01279E+06
 1.00000E+00
 0.00000E+00
 2.01279E+06
 1.00000E+00
 0.00000E+00
 2.01279E+06
 1.00000E+00
 0.00000E+00
 2.01279E+06
 1.00000E+00
 0.00000E+00
 2.01279E+06
 1.00000E+00
 0.00000E+00
 2.01279E+06
 1.00000E+00
 0.00000E+00
 2.01279E+06
 1.00000E+00
 0.00000E+00
 2.01279E+06
 1.00000E+00
 0.00000E+00
 2.01279E+06
 1.00000E+00
 0.00000E+00
 2.01279E+06
 1.00000E+00
 0.00000E+00
 2.01279E+06
 1.00000E+00
 0.00000E+00
 2.01279E+06
 1.00000E+00
 0.00000E+00
 2.01279E+06
 1.00000E+00
 0.00000E+00
 2.01279E+06
 1.00000E+00
 0.00000E+00
 2.01279E+06
 1.00000E+00
 0.00000E+00
 2.01279E+06
 1.00000E+00
 0.00000E+00
 2.01279E+06
 1.00000E+00
 0.00000E+00
 2.01279E+06
 1.00000E+00
 0.00000E+00
 2.01279E+06
 1.00000E+00
 0.00000E+00
 2.01279E+06
 1.00000E+00
 0.00000E+00
 2.01279E+06
 1.00000E+00
 0.00000E+00
 2.01279E+06
 1.00000E+00
 0.00000E+00
 2.01279E+06
 1.00000E+00
 0.00000E+00
 2.01279E+06
 1.00000E+00
 0.00000E+00
 2.01279E+06
 1.00000E+00
 0.00000E+00
 2.01279E+06
 1.00000E+00
 0.00000E+00
 2.01279E+06
 1.00000E+00
 0.00000E+00
 2.01279E+06
 1.00000E+00
 0.00000E+00
 2.01279E+06
 1.00000E+00
 0.00000E+00
 2.01279E+06
 1.00000E+00
 0.00000E+00
 2.01279E+06
 1.00000E+00
 0.00000E+00
 2.01279E+06
 1.00000E+00
 0.00000E+00
 2.01279E+06
 1.00000E+00
 0.00000E+00
 2.01279E+06
 1.00000E+00
 0.00000E+00
 2.01279E+06
 1.00000E+00
 0.00000E+00
 2.01279E+06
 1.00000E+00
 0.00000E+00
 2.01279E+06
 1.00000E+00
 0.00000E+00
 2.01279E+06
 1.00000E+00
 0.00000E+00
 2.01279E+06
 1.00000E+00
 0.00000E+00
 2.01279E+06
 1.00000E+00
 0.00000E+00
 2.01279E+06
 1.00000E+00
 0.00000E+00
 2.01279E+06
 1.00000E+00
 0.00000E+00
 2.01279E+06
 1.00000E+00
 0.00000E+00
 2.01279E+06
 1.00000E+00
 0.00000E+00
 2.01279E+06
 1.00000E+00
 0.00000E+00
 2.01279E+06
 1.00000E+00
 0.00000E+00
 2.01279E+06
 1.00000E+00
 0.00000E+00
 2.01279E+06
 1.00000E+00
 0.00000E+00
 2.01279E+06
 1.00000E+00
 0.00000E+00
 2.01279E+06
 1.00000E+00
 0.00000E+00
 2.01279E+06
 1.00000E+00
 0.00000E+00
 2.01279E+06
 1.00000E+00
 0.00000E+00
 2.01279E+06
 1.00000E+00
 0.00000E+00
 2.01279E+06
 1.00000E+00
 0.00000E+00
 2.01279E+06
 1.00000E+00
 0.00000E+00
 2.01279E+06
 1.00000E+00
 0.00000E+00
 2.01279E+06
 1.00000E+00
 0.00000E+00
 2.01279E+06
 1.00000E+00
 0.00000E+00
 2.01279E+06
 1.00000E+00
 0.00000E+00
 2.01279E+06
 1.00000E+00
 0.00000E+00
 2.01279E+06
 1.00000E+00
 0.00000E+00
 2.01279E+06
 1.00000E+00
 0.00000E+00
 2.01279E+06
 1.00000E+00
 0.00000E+00
 2.01279E+06
 1.00000E+00
 0.00000E+00
 2.01279E+06
 1.00000E+00
 0.00000E+00
 2.01279E+06
 1.00000E+00
 0.00000E+00
 2.01279E+06
 1.00000E+00
 0.00000E+00
 2.01279E+06
 1.00000E+00
 0.00000E+00
 2.01279E+06
 1.00000E+00
 0.00000E+00
 2.01279E+06
 1.00000E+00
 0.00000E+00
 2.01279E+06
 1.00000E+00
 0.00000E+00
 2.01279E+06
 1.00000E+00
 0.00000E+00
 2.01279E+06
 1.00000E+00
 0.00000E+00
 2.01279E+06
 1.00000E+00
 0.00000E+00
 2.01279E+06
 1.00000E+00
 0.00000E+00
 2.01279E+06
 1.00000E+00
 0.00000E+00
 2.01279E+06
 1.00000E+00
 0.00000E+00
 2.01279E+06
 1.00000E+00
 0.00000E+00
 2.01279E+06
 1.00000E+00
 0.00000E+00
 2.01279E+06
 1.00000E+00
 0.00000E+00
 2.01279E+06
 1.00000E+00
 0.00000E+00
 2.01279E+06
 1.00000E+00
 0.00000E+00
 2.01279E+06
 1.00000E+00
 0.00000E+00
 2.01279E+06
 1.00000E+00
 0.00000E+00
 2.01279E+06
 1.00000E+00
 0.00000E+00
 2.01279E+06
 1.00000E+00
 0.00000E+00
 2.01279E+06
 1.00000E+00
 0.00000E+00
 2.01279E+06
 1.00000E+00
 0.00000E+00
 2.01279E+06
 1.00000E+00
 0.00000E+00
 2.01279E+06
 1.00000E+00
 0.00000E+00
 2.01279E+06
 1.00000E+00
 0.00000E+00
 2.01279E+06
 1.00000E+00
 0.00000E+00
 2.01279E+06
 1.00000E+00
 0.00000E+00
 2.01279E+06
 1.00000E+00
 0.00000E+00
 2.01279E+06
 1.00000E+00
 0.00000E+00
 2.01279E+06
 1.00000E+00
 0.00000E+00
