 0.00000E+00
 8.30437E-06
 1.67372E-05
 2.52114E-05
 3.36351E-05
 4.21440E-05
 5.06034E-05
 5.90741E-05
 6.76039E-05
 7.60365E-05
 8.45417E-05
 9.30145E-05
 1.01485E-04
 1.09999E-04
 1.18441E-04
 1.26952E-04
 1.35403E-04
 1.43888E-04
 1.52365E-04
 1.60831E-04
 1.69324E-04
 1.77775E-04
 1.86278E-04
 1.94718E-04
 2.03202E-04
 2.11597E-04
 2.20039E-04
 2.28409E-04
 2.36838E-04
 2.45219E-04
 2.53524E-04
 2.61640E-04
 2.69870E-04
 2.78113E-04
 2.86392E-04
 2.94631E-04
 3.02888E-04
 3.11127E-04
 3.19366E-04
 3.27611E-04
 3.35834E-04
 3.44080E-04
 3.52300E-04
 3.60532E-04
 3.68771E-04
 3.76990E-04
 3.85226E-04
 3.93461E-04
 4.01687E-04
 4.09927E-04
 4.18169E-04
 4.26401E-04
 4.34643E-04
 4.42895E-04
 4.51141E-04
 4.59388E-04
 4.67643E-04
 4.75874E-04
 4.84110E-04
 4.92342E-04
 5.00579E-04
 5.08821E-04
 5.17069E-04
 5.25321E-04
 5.33579E-04
 5.41840E-04
 5.50107E-04
 5.58378E-04
 5.66654E-04
 5.74935E-04
 5.83220E-04
 5.91511E-04
 5.99807E-04
 6.08108E-04
 6.16415E-04
 6.24726E-04
 6.33040E-04
 6.41359E-04
 6.49684E-04
 6.58011E-04
 6.66342E-04
 6.74676E-04
 6.83012E-04
 6.91289E-04
 6.99424E-04
 7.07527E-04
 7.15856E-04
 7.23992E-04
 7.32344E-04
 7.40612E-04
 7.49073E-04
 7.57431E-04
 7.65958E-04
 7.74223E-04
 7.82663E-04
 7.91006E-04
 7.99520E-04
 8.07940E-04
 8.16361E-04
 8.24681E-04
 8.33161E-04
 8.41556E-04
 8.50102E-04
 8.58406E-04
 8.66856E-04
 8.75231E-04
 8.83751E-04
 8.92159E-04
 9.00585E-04
 9.08944E-04
 9.17438E-04
 9.25869E-04
 9.34333E-04
 9.42681E-04
 9.51155E-04
 9.59573E-04
 9.68092E-04
 9.76434E-04
 9.84893E-04
 9.93304E-04
 1.00183E-03
 1.01020E-03
 1.01864E-03
 1.02703E-03
 1.03551E-03
 1.04388E-03
 1.05228E-03
 1.06064E-03
 1.06910E-03
 1.07747E-03
 1.08586E-03
 1.09422E-03
 1.10266E-03
 1.11103E-03
 1.11938E-03
 1.12764E-03
 1.13592E-03
 1.14407E-03
 1.15219E-03
 1.16035E-03
 1.16860E-03
 1.17682E-03
 1.18507E-03
 1.19331E-03
 1.20160E-03
 1.20981E-03
 1.21805E-03
 1.22629E-03
 1.23457E-03
 1.24276E-03
 1.25101E-03
 1.25925E-03
 1.26749E-03
 1.27569E-03
 1.28394E-03
 1.29219E-03
 1.30040E-03
 1.30862E-03
 1.31687E-03
 1.32507E-03
 1.33328E-03
 1.34151E-03
 1.34974E-03
 1.35794E-03
 1.36617E-03
 1.37440E-03
 1.38261E-03
 1.39083E-03
 1.39907E-03
 1.40727E-03
 1.41550E-03
 1.42373E-03
 1.43193E-03
 1.44013E-03
 1.44837E-03
 1.45656E-03
 1.46478E-03
 1.47300E-03
 1.48120E-03
 1.48942E-03
 1.49765E-03
 1.50585E-03
 1.51409E-03
 1.52231E-03
 1.53053E-03
 1.53877E-03
 1.54699E-03
 1.55522E-03
 1.56346E-03
 1.57168E-03
 1.57993E-03
 1.58816E-03
 1.59641E-03
 1.60465E-03
 1.61289E-03
 1.62115E-03
 1.62939E-03
 1.63765E-03
 1.64590E-03
 1.65416E-03
 1.66242E-03
 1.67068E-03
 1.67895E-03
 1.68721E-03
 1.69548E-03
 1.70375E-03
 1.71203E-03
 1.72029E-03
 1.72857E-03
 1.73683E-03
 1.74511E-03
 1.75338E-03
 1.76167E-03
 1.76994E-03
 1.77823E-03
 1.78652E-03
 1.79481E-03
 1.80310E-03
 1.81140E-03
 1.81969E-03
 1.82799E-03
 1.83630E-03
 1.84460E-03
 1.85291E-03
 1.86122E-03
 1.86953E-03
 1.87785E-03
 1.88617E-03
 1.89449E-03
 1.90280E-03
 1.91112E-03
 1.91943E-03
 1.92774E-03
 1.93605E-03
 1.94437E-03
 1.95268E-03
 1.96100E-03
 1.96933E-03
 1.97765E-03
 1.98597E-03
 1.99430E-03
 2.00275E-03
 2.01097E-03
 2.01897E-03
 2.02704E-03
 2.03516E-03
 2.04333E-03
 2.05152E-03
 2.05973E-03
 2.06797E-03
 2.07625E-03
 2.08455E-03
 2.09290E-03
 2.10127E-03
 2.10962E-03
 2.11797E-03
 2.12632E-03
 2.13466E-03
 2.14303E-03
 2.15143E-03
 2.15985E-03
 2.16830E-03
 2.17677E-03
 2.18516E-03
 2.19351E-03
 2.20189E-03
 2.21030E-03
 2.21872E-03
 2.22718E-03
 2.23564E-03
 2.24407E-03
 2.25248E-03
 2.26087E-03
 2.26928E-03
 2.27771E-03
 2.28615E-03
 2.29458E-03
 2.30302E-03
 2.31148E-03
 2.31991E-03
 2.32832E-03
 2.33674E-03
 2.34515E-03
 2.35358E-03
 2.36204E-03
 2.37051E-03
 2.37897E-03
 2.38738E-03
 2.39577E-03
 2.40419E-03
 2.41262E-03
 2.42108E-03
 2.42955E-03
 2.43796E-03
 2.44637E-03
 2.45476E-03
 2.46318E-03
 2.47163E-03
 2.48005E-03
 2.48849E-03
 2.49692E-03
 2.50534E-03
 2.51375E-03
 2.52215E-03
 2.53053E-03
 2.53892E-03
 2.54730E-03
 2.55565E-03
 2.56395E-03
 2.57222E-03
 2.58051E-03
 2.58884E-03
 2.59720E-03
 2.60557E-03
 2.61391E-03
 2.62224E-03
 2.63057E-03
 2.63891E-03
 2.64726E-03
 2.65560E-03
 2.66394E-03
 2.67228E-03
 2.68058E-03
 2.68885E-03
 2.69710E-03
 2.70535E-03
 2.71359E-03
 2.72178E-03
 2.72994E-03
 2.73811E-03
 2.74630E-03
 2.75453E-03
 2.76275E-03
 2.77097E-03
 2.77920E-03
 2.78742E-03
 2.79565E-03
 2.80387E-03
 2.81211E-03
 2.82035E-03
 2.82860E-03
 2.83679E-03
 2.84501E-03
 2.85324E-03
 2.86149E-03
 2.86971E-03
 2.87793E-03
 2.88614E-03
 2.89436E-03
 2.90258E-03
 2.91081E-03
 2.91904E-03
 2.92727E-03
 2.93547E-03
 2.94368E-03
 2.95192E-03
 2.96016E-03
 2.96837E-03
 2.97659E-03
 2.98480E-03
 2.99303E-03
 3.00125E-03
 3.00948E-03
 3.01771E-03
 3.02592E-03
 3.03413E-03
 3.04236E-03
 3.05058E-03
 3.05879E-03
 3.06700E-03
 3.07522E-03
 3.08343E-03
 3.09166E-03
 3.09988E-03
 3.10810E-03
 3.11631E-03
 3.12453E-03
 3.13276E-03
 3.14098E-03
 3.14921E-03
 3.15743E-03
 3.16565E-03
 3.17388E-03
 3.18211E-03
 3.19034E-03
 3.19857E-03
 3.20680E-03
 3.21503E-03
 3.22327E-03
 3.23151E-03
 3.23974E-03
 3.24798E-03
 3.25622E-03
 3.26446E-03
 3.27270E-03
 3.28094E-03
 3.28919E-03
 3.29743E-03
 3.30568E-03
 3.31393E-03
 3.32218E-03
 3.33042E-03
 3.33866E-03
 3.34690E-03
 3.35514E-03
 3.36339E-03
 3.37162E-03
 3.37988E-03
 3.38812E-03
 3.39637E-03
 3.40462E-03
 3.41287E-03
 3.42113E-03
 3.42938E-03
 3.43763E-03
 3.44589E-03
 3.45415E-03
 3.46242E-03
 3.47067E-03
 3.47894E-03
 3.48721E-03
 3.49548E-03
 3.50374E-03
 3.51201E-03
 3.52029E-03
 3.52857E-03
 3.53683E-03
 3.54512E-03
 3.55340E-03
 3.56168E-03
 3.56996E-03
 3.57825E-03
 3.58653E-03
 3.59482E-03
 3.60310E-03
 3.61140E-03
 3.61969E-03
 3.62798E-03
 3.63627E-03
 3.64457E-03
 3.65287E-03
 3.66116E-03
 3.66960E-03
 3.67778E-03
 3.68593E-03
 3.69416E-03
 3.70235E-03
 3.71061E-03
 3.71883E-03
 3.72713E-03
 3.73538E-03
 3.74369E-03
 3.75194E-03
 3.76023E-03
 3.76846E-03
 3.77676E-03
 3.78501E-03
 3.79332E-03
 3.80160E-03
 3.80994E-03
 3.81824E-03
 3.82659E-03
 3.83491E-03
 3.84327E-03
 3.85160E-03
 3.85999E-03
 3.86831E-03
 3.87665E-03
 3.88494E-03
 3.89328E-03
 3.90159E-03
 3.90995E-03
 3.91827E-03
 3.92664E-03
 3.93497E-03
 3.94336E-03
 3.95171E-03
 3.96012E-03
 3.96847E-03
 3.97682E-03
 3.98513E-03
 3.99349E-03
 4.00181E-03
 4.01019E-03
 4.01853E-03
 4.02691E-03
 4.03527E-03
 4.04367E-03
 4.05203E-03
 4.06045E-03
 4.06879E-03
 4.07715E-03
 4.08548E-03
 4.09385E-03
 4.10219E-03
 4.11057E-03
 4.11893E-03
 4.12746E-03
 4.13572E-03
 4.14400E-03
 4.15231E-03
 4.16069E-03
 4.16889E-03
 4.17707E-03
 4.18532E-03
 4.19356E-03
 4.20185E-03
 4.21014E-03
 4.21848E-03
 4.22681E-03
 4.23516E-03
 4.24346E-03
 4.25180E-03
 4.26011E-03
 4.26846E-03
 4.27678E-03
 4.28516E-03
 4.29352E-03
 4.30194E-03
 4.31031E-03
 4.31872E-03
 4.32708E-03
 4.33550E-03
 4.34390E-03
 4.35232E-03
 4.36071E-03
 4.36914E-03
 4.37753E-03
 4.38593E-03
 4.39428E-03
 4.40268E-03
 4.41106E-03
 4.41950E-03
 4.42792E-03
 4.43635E-03
 4.44477E-03
 4.45316E-03
 4.46154E-03
 4.46997E-03
 4.47837E-03
 4.48681E-03
 4.49518E-03
 4.50359E-03
 4.51193E-03
 4.52030E-03
 4.52863E-03
 4.53700E-03
 4.54529E-03
 4.55358E-03
 4.56184E-03
 4.57012E-03
 4.57838E-03
 4.58668E-03
 4.59496E-03
 4.60331E-03
 4.61161E-03
 4.61996E-03
 4.62827E-03
 4.63659E-03
 4.64490E-03
 4.65326E-03
 4.66158E-03
 4.66993E-03
 4.67822E-03
 4.68654E-03
 4.69485E-03
 4.70320E-03
 4.71153E-03
 4.71985E-03
 4.72816E-03
 4.73648E-03
 4.74478E-03
 4.75313E-03
 4.76145E-03
 4.76977E-03
 4.77807E-03
 4.78640E-03
 4.79470E-03
 4.80302E-03
 4.81131E-03
 4.81963E-03
 4.82793E-03
 4.83625E-03
 4.84454E-03
 4.85285E-03
 4.86115E-03
 4.86946E-03
 4.87775E-03
 4.88605E-03
 4.89432E-03
 4.90262E-03
 4.91092E-03
 4.91923E-03
 4.92752E-03
 4.93582E-03
 4.94409E-03
 4.95241E-03
 4.96069E-03
 4.96899E-03
 4.97727E-03
 4.98557E-03
 4.99386E-03
 5.00218E-03
 5.01046E-03
 5.01877E-03
 5.02705E-03
 5.03535E-03
 5.04362E-03
 5.05190E-03
 5.06016E-03
 5.06845E-03
 5.07671E-03
 5.08499E-03
 5.09322E-03
 5.10147E-03
 5.10969E-03
 5.11789E-03
 5.12610E-03
 5.13431E-03
 5.14252E-03
 5.15074E-03
 5.15895E-03
 5.16716E-03
 5.17536E-03
 5.18358E-03
 5.19179E-03
 5.20001E-03
 5.20823E-03
 5.21646E-03
 5.22470E-03
 5.23296E-03
 5.24120E-03
 5.24945E-03
 5.25768E-03
 5.26592E-03
 5.27414E-03
 5.28239E-03
 5.29063E-03
 5.29889E-03
 5.30714E-03
 5.31540E-03
 5.32364E-03
 5.33186E-03
 5.34009E-03
 5.34833E-03
 5.35657E-03
 5.36481E-03
 5.37306E-03
 5.38132E-03
 5.38956E-03
 5.39779E-03
 5.40601E-03
 5.41425E-03
 5.42248E-03
 5.43073E-03
 5.43897E-03
 5.44723E-03
 5.45548E-03
 5.46371E-03
 5.47194E-03
 5.48018E-03
 5.48841E-03
 5.49665E-03
 5.50490E-03
 5.51316E-03
 5.52141E-03
 5.52965E-03
 5.53788E-03
 5.54612E-03
 5.55436E-03
 5.56260E-03
 5.57085E-03
 5.57911E-03
 5.58736E-03
 5.59559E-03
 5.60382E-03
 5.61206E-03
 5.62029E-03
 5.62855E-03
 5.63680E-03
 5.64505E-03
 5.65329E-03
 5.66154E-03
 5.66977E-03
 5.67802E-03
 5.68627E-03
 5.69453E-03
 5.70278E-03
 5.71105E-03
 5.71929E-03
 5.72753E-03
 5.73578E-03
 5.74405E-03
 5.75230E-03
 5.76057E-03
 5.76884E-03
 5.77710E-03
 5.78535E-03
 5.79361E-03
 5.80187E-03
 5.81014E-03
 5.81842E-03
 5.82669E-03
 5.83495E-03
 5.84322E-03
 5.85148E-03
 5.85975E-03
 5.86803E-03
 5.87631E-03
 5.88459E-03
 5.89286E-03
 5.90113E-03
 5.90941E-03
 5.91769E-03
 5.92597E-03
 5.93426E-03
 5.94254E-03
 5.95082E-03
 5.95910E-03
 5.96737E-03
 5.97566E-03
 5.98394E-03
 5.99223E-03
 6.00051E-03
 6.00879E-03
 6.01707E-03
 6.02536E-03
 6.03365E-03
 6.04193E-03
 6.05022E-03
 6.05858E-03
 6.06677E-03
 6.07495E-03
 6.08327E-03
 6.09138E-03
 6.09951E-03
 6.10768E-03
 6.11586E-03
 6.12405E-03
 6.13226E-03
 6.14048E-03
 6.14870E-03
 6.15694E-03
 6.16518E-03
 6.17344E-03
 6.18169E-03
 6.18995E-03
 6.19822E-03
 6.20650E-03
 6.21478E-03
 6.22305E-03
 6.23134E-03
 6.23963E-03
 6.24794E-03
 6.25626E-03
 6.26460E-03
 6.27294E-03
 6.28129E-03
 6.28963E-03
 6.29798E-03
 6.30633E-03
 6.31467E-03
 6.32300E-03
 6.33131E-03
 6.33963E-03
 6.34797E-03
 6.35631E-03
 6.36466E-03
 6.37301E-03
 6.38137E-03
 6.38974E-03
 6.39812E-03
 6.40648E-03
 6.41480E-03
 6.42314E-03
 6.43149E-03
 6.43986E-03
 6.44822E-03
 6.45656E-03
 6.46492E-03
 6.47328E-03
 6.48165E-03
 6.48999E-03
 6.49834E-03
 6.50670E-03
 6.51507E-03
 6.52344E-03
 6.53180E-03
 6.54016E-03
 6.54854E-03
 6.55692E-03
 6.56528E-03
 6.57362E-03
 6.58196E-03
 6.59032E-03
 6.59868E-03
 6.60706E-03
 6.61544E-03
 6.62383E-03
 6.63222E-03
 6.64058E-03
 6.64893E-03
 6.65730E-03
 6.66566E-03
 6.67404E-03
 6.68240E-03
 6.69077E-03
 6.69914E-03
 6.70752E-03
 6.71588E-03
 6.72424E-03
 6.73261E-03
 6.74099E-03
 6.74935E-03
 6.75772E-03
 6.76610E-03
 6.77449E-03
 6.78288E-03
 6.79123E-03
 6.79959E-03
 6.80796E-03
 6.81633E-03
 6.82470E-03
 6.83309E-03
 6.84149E-03
 6.84986E-03
 6.85822E-03
 6.86657E-03
 6.87492E-03
 6.88327E-03
 6.89162E-03
 6.89996E-03
 6.90829E-03
 6.91661E-03
 6.92492E-03
 6.93322E-03
 6.94154E-03
 6.94985E-03
 6.95816E-03
 6.96649E-03
 6.97482E-03
 6.98317E-03
 6.99151E-03
 6.99984E-03
 7.00817E-03
 7.01650E-03
 7.02484E-03
 7.03318E-03
 7.04153E-03
 7.04987E-03
 7.05819E-03
 7.06651E-03
 7.07484E-03
 7.08317E-03
 7.09151E-03
 7.09985E-03
 7.10818E-03
 7.11651E-03
 7.12483E-03
 7.13329E-03
 7.14154E-03
 7.14977E-03
 7.15802E-03
 7.16627E-03
 7.17455E-03
 7.18280E-03
 7.19107E-03
 7.19931E-03
 7.20756E-03
 7.21579E-03
 7.22404E-03
 7.23226E-03
 7.24058E-03
 7.24871E-03
 7.25685E-03
 7.26501E-03
 7.27320E-03
 7.28139E-03
 7.28960E-03
 7.29780E-03
 7.30599E-03
 7.31419E-03
 7.32239E-03
 7.33059E-03
 7.33881E-03
 7.34705E-03
 7.35529E-03
 7.36353E-03
 7.37180E-03
 7.38007E-03
 7.38831E-03
 7.39655E-03
 7.40480E-03
 7.41304E-03
 7.42129E-03
 7.42956E-03
 7.43783E-03
 7.44611E-03
 7.45441E-03
 7.46268E-03
 7.47094E-03
 7.47921E-03
 7.48750E-03
 7.49580E-03
 7.50409E-03
 7.51238E-03
 7.52065E-03
 7.52892E-03
 7.53716E-03
 7.54542E-03
 7.55368E-03
 7.56196E-03
 7.57023E-03
 7.57851E-03
 7.58681E-03
 7.59511E-03
 7.60340E-03
 7.61169E-03
 7.61997E-03
 7.62827E-03
 7.63657E-03
 7.64484E-03
 7.65312E-03
 7.66140E-03
 7.66966E-03
 7.67792E-03
 7.68619E-03
 7.69448E-03
 7.70277E-03
 7.71107E-03
 7.71937E-03
 7.72767E-03
 7.73597E-03
 7.74427E-03
 7.75258E-03
 7.76086E-03
 7.76913E-03
 7.77742E-03
 7.78570E-03
 7.79399E-03
 7.80226E-03
 7.81054E-03
 7.81883E-03
 7.82713E-03
 7.83544E-03
 7.84375E-03
 7.85205E-03
 7.86037E-03
 7.86866E-03
 7.87696E-03
 7.88525E-03
 7.89354E-03
 7.90182E-03
 7.91011E-03
 7.91841E-03
 7.92670E-03
 7.93499E-03
 7.94329E-03
 7.95160E-03
 7.95992E-03
 7.96822E-03
 7.97652E-03
 7.98481E-03
 7.99310E-03
 8.00140E-03
 8.00968E-03
 8.01796E-03
 8.02624E-03
 8.03454E-03
 8.04283E-03
 8.05112E-03
 8.05943E-03
 8.06773E-03
 8.07604E-03
 8.08433E-03
 8.09263E-03
 8.10092E-03
 8.10923E-03
 8.11752E-03
 8.12580E-03
 8.13409E-03
 8.14239E-03
 8.15070E-03
 8.15900E-03
 8.16731E-03
 8.17561E-03
 8.18392E-03
 8.19221E-03
 8.20052E-03
 8.20883E-03
 8.21713E-03
 8.22543E-03
 8.23372E-03
 8.24202E-03
 8.25032E-03
 8.25862E-03
 8.26693E-03
 8.27524E-03
 8.28354E-03
 8.29184E-03
 8.30014E-03
 8.30844E-03
 8.31673E-03
 8.32503E-03
 8.33332E-03
 8.34160E-03
 8.34988E-03
 8.35817E-03
 8.36644E-03
 8.37472E-03
 8.38299E-03
 8.39125E-03
 8.39953E-03
 8.40780E-03
 8.41607E-03
 8.42435E-03
 8.43264E-03
 8.44093E-03
 8.44921E-03
 8.45749E-03
 8.46576E-03
 8.47404E-03
 8.48232E-03
 8.49059E-03
 8.49885E-03
 8.50712E-03
 8.51538E-03
 8.52365E-03
 8.53192E-03
 8.54019E-03
 8.54843E-03
 8.55669E-03
 8.56495E-03
 8.57322E-03
 8.58148E-03
 8.58973E-03
 8.59799E-03
 8.60626E-03
 8.61453E-03
 8.62280E-03
 8.63108E-03
 8.63937E-03
 8.64764E-03
 8.65592E-03
 8.66419E-03
 8.67246E-03
 8.68073E-03
 8.68900E-03
 8.69728E-03
 8.70570E-03
 8.71390E-03
 8.72208E-03
 8.73029E-03
 8.73850E-03
 8.74672E-03
 8.75491E-03
 8.76313E-03
 8.77133E-03
 8.77957E-03
 8.78778E-03
 8.79603E-03
 8.80425E-03
 8.81252E-03
 8.82076E-03
 8.82904E-03
 8.83728E-03
 8.84554E-03
 8.85378E-03
 8.86205E-03
 8.87030E-03
 8.87859E-03
 8.88685E-03
 8.89516E-03
 8.90343E-03
 8.91174E-03
 8.92004E-03
 8.92836E-03
 8.93663E-03
 8.94495E-03
 8.95323E-03
 8.96154E-03
 8.96981E-03
 8.97810E-03
 8.98638E-03
 8.99469E-03
 9.00297E-03
 9.01128E-03
 9.01956E-03
 9.02786E-03
 9.03614E-03
 9.04445E-03
 9.05274E-03
 9.06107E-03
 9.06937E-03
 9.07770E-03
 9.08602E-03
 9.09435E-03
 9.10267E-03
 9.11100E-03
 9.11929E-03
 9.12761E-03
 9.13590E-03
 9.14421E-03
 9.15250E-03
 9.16082E-03
 9.16911E-03
 9.17743E-03
 9.18573E-03
 9.19406E-03
 9.20236E-03
 9.21068E-03
 9.21899E-03
 9.22733E-03
 9.23565E-03
 9.24409E-03
 9.25234E-03
 9.26060E-03
 9.26885E-03
 9.27712E-03
 9.28538E-03
 9.29364E-03
 9.30191E-03
 9.31018E-03
 9.31845E-03
 9.32672E-03
 9.33500E-03
 9.34343E-03
 9.35165E-03
 9.35986E-03
 9.36811E-03
 9.37635E-03
 9.38463E-03
 9.39286E-03
 9.40114E-03
 9.40939E-03
 9.41769E-03
 9.42597E-03
 9.43428E-03
 9.44255E-03
 9.45085E-03
 9.45913E-03
 9.46745E-03
 9.47575E-03
 9.48409E-03
 9.49240E-03
 9.50074E-03
 9.50905E-03
 9.51739E-03
 9.52570E-03
 9.53405E-03
 9.54236E-03
 9.55069E-03
 9.55901E-03
 9.56737E-03
 9.57571E-03
 9.58409E-03
 9.59243E-03
 9.60080E-03
 9.60914E-03
 9.61752E-03
 9.62588E-03
 9.63427E-03
 9.64261E-03
 9.65098E-03
 9.65933E-03
 9.66769E-03
 9.67601E-03
 9.68434E-03
 9.69267E-03
 9.70102E-03
 9.70937E-03
 9.71775E-03
 9.72611E-03
 9.73449E-03
 9.74284E-03
 9.75121E-03
 9.75957E-03
 9.76795E-03
 9.77631E-03
 9.78470E-03
 9.79305E-03
 9.80141E-03
 9.80975E-03
 9.81813E-03
 9.82646E-03
 9.83482E-03
 9.84316E-03
 9.85152E-03
 9.85985E-03
 9.86820E-03
 9.87653E-03
 9.88489E-03
 9.89322E-03
 9.90158E-03
 9.90990E-03
 9.91824E-03
 9.92654E-03
 9.93481E-03
 9.94306E-03
 9.95133E-03
 9.95959E-03
 9.96787E-03
 9.97613E-03
 9.98443E-03
 9.99269E-03
 1.00010E-02
 1.00093E-02
 1.00175E-02
 1.00258E-02
 1.00341E-02
 1.00424E-02
 1.00508E-02
 1.00591E-02
 1.00674E-02
 1.00757E-02
 1.00840E-02
 1.00922E-02
 1.01005E-02
 1.01088E-02
 1.01171E-02
 1.01254E-02
 1.01337E-02
 1.01420E-02
 1.01503E-02
 1.01586E-02
 1.01669E-02
 1.01752E-02
 1.01835E-02
 1.01918E-02
 1.02001E-02
 1.02084E-02
 1.02167E-02
 1.02250E-02
 1.02333E-02
 1.02415E-02
 1.02498E-02
 1.02581E-02
 1.02664E-02
 1.02747E-02
 1.02830E-02
 1.02913E-02
 1.02996E-02
 1.03079E-02
 1.03162E-02
 1.03245E-02
 1.03328E-02
 1.03410E-02
 1.03493E-02
 1.03576E-02
 1.03659E-02
 1.03742E-02
 1.03825E-02
 1.03908E-02
 1.03991E-02
 1.04074E-02
 1.04157E-02
 1.04240E-02
 1.04323E-02
 1.04406E-02
 1.04489E-02
 1.04571E-02
 1.04654E-02
 1.04737E-02
 1.04820E-02
 1.04902E-02
 1.04985E-02
 1.05068E-02
 1.05152E-02
 1.05234E-02
 1.05317E-02
 1.05400E-02
 1.05483E-02
 1.05566E-02
 1.05649E-02
 1.05732E-02
 1.05815E-02
 1.05897E-02
 1.05980E-02
 1.06062E-02
 1.06145E-02
 1.06228E-02
 1.06310E-02
 1.06393E-02
 1.06476E-02
 1.06558E-02
 1.06641E-02
 1.06723E-02
 1.06806E-02
 1.06889E-02
 1.06971E-02
 1.07054E-02
 1.07137E-02
 1.07219E-02
 1.07302E-02
 1.07384E-02
 1.07467E-02
 1.07550E-02
 1.07632E-02
 1.07715E-02
 1.07797E-02
 1.07880E-02
 1.07962E-02
 1.08045E-02
 1.08128E-02
 1.08210E-02
 1.08292E-02
 1.08375E-02
 1.08457E-02
 1.08540E-02
 1.08622E-02
 1.08705E-02
 1.08787E-02
 1.08870E-02
 1.08953E-02
 1.09035E-02
 1.09118E-02
 1.09200E-02
 1.09283E-02
 1.09366E-02
 1.09448E-02
 1.09531E-02
 1.09614E-02
 1.09696E-02
 1.09779E-02
 1.09861E-02
 1.09944E-02
 1.10026E-02
 1.10109E-02
 1.10192E-02
 1.10275E-02
 1.10358E-02
 1.10440E-02
 1.10522E-02
 1.10604E-02
 1.10686E-02
 1.10768E-02
 1.10850E-02
 1.10932E-02
 1.11015E-02
 1.11097E-02
 1.11179E-02
 1.11262E-02
 1.11344E-02
 1.11427E-02
 1.11509E-02
 1.11592E-02
 1.11674E-02
 1.11756E-02
 1.11839E-02
 1.11921E-02
 1.12004E-02
 1.12086E-02
 1.12169E-02
 1.12251E-02
 1.12334E-02
 1.12417E-02
 1.12499E-02
 1.12582E-02
 1.12664E-02
 1.12747E-02
 1.12830E-02
 1.12914E-02
 1.12996E-02
 1.13078E-02
 1.13160E-02
 1.13242E-02
 1.13324E-02
 1.13406E-02
 1.13488E-02
 1.13570E-02
 1.13653E-02
 1.13735E-02
 1.13817E-02
 1.13900E-02
 1.13982E-02
 1.14065E-02
 1.14147E-02
 1.14230E-02
 1.14312E-02
 1.14395E-02
 1.14478E-02
 1.14560E-02
 1.14643E-02
 1.14725E-02
 1.14808E-02
 1.14891E-02
 1.14973E-02
 1.15056E-02
 1.15139E-02
 1.15221E-02
 1.15304E-02
 1.15387E-02
 1.15470E-02
 1.15553E-02
 1.15636E-02
 1.15718E-02
 1.15801E-02
 1.15884E-02
 1.15967E-02
 1.16050E-02
 1.16133E-02
 1.16216E-02
 1.16299E-02
 1.16381E-02
 1.16464E-02
 1.16547E-02
 1.16630E-02
 1.16713E-02
 1.16796E-02
 1.16879E-02
 1.16962E-02
 1.17045E-02
 1.17128E-02
 1.17211E-02
 1.17294E-02
 1.17377E-02
 1.17461E-02
 1.17544E-02
 1.17627E-02
 1.17710E-02
 1.17793E-02
 1.17876E-02
 1.17959E-02
 1.18042E-02
 1.18125E-02
 1.18208E-02
 1.18291E-02
 1.18374E-02
 1.18458E-02
 1.18541E-02
 1.18624E-02
 1.18707E-02
 1.18790E-02
 1.18873E-02
 1.18957E-02
 1.19040E-02
 1.19123E-02
 1.19206E-02
 1.19290E-02
 1.19373E-02
 1.19456E-02
 1.19539E-02
 1.19622E-02
 1.19705E-02
 1.19789E-02
 1.19872E-02
 1.19955E-02
 1.20038E-02
 1.20122E-02
 1.20205E-02
 1.20288E-02
 1.20371E-02
 1.20455E-02
 1.20538E-02
 1.20621E-02
 1.20705E-02
 1.20788E-02
 1.20871E-02
 1.20956E-02
 1.21038E-02
 1.21121E-02
 1.21203E-02
 1.21286E-02
 1.21369E-02
 1.21451E-02
 1.21534E-02
 1.21617E-02
 1.21700E-02
 1.21783E-02
 1.21866E-02
 1.21948E-02
 1.22030E-02
 1.22113E-02
 1.22195E-02
 1.22278E-02
 1.22361E-02
 1.22443E-02
 1.22526E-02
 1.22609E-02
 1.22692E-02
 1.22775E-02
 1.22858E-02
 1.22941E-02
 1.23024E-02
 1.23107E-02
 1.23190E-02
 1.23273E-02
 1.23356E-02
 1.23439E-02
 1.23523E-02
 1.23606E-02
 1.23690E-02
 1.23773E-02
 1.23856E-02
 1.23940E-02
 1.24023E-02
 1.24106E-02
 1.24190E-02
 1.24273E-02
 1.24357E-02
 1.24440E-02
 1.24524E-02
 1.24607E-02
 1.24690E-02
 1.24773E-02
 1.24857E-02
 1.24940E-02
 1.25023E-02
 1.25107E-02
 1.25190E-02
 1.25273E-02
 1.25357E-02
 1.25440E-02
 1.25523E-02
 1.25606E-02
 1.25690E-02
 1.25773E-02
 1.25856E-02
 1.25939E-02
 1.26022E-02
 1.26106E-02
 1.26189E-02
 1.26273E-02
 1.26356E-02
 1.26440E-02
 1.26524E-02
 1.26607E-02
 1.26691E-02
 1.26774E-02
 1.26858E-02
 1.26941E-02
 1.27025E-02
 1.27108E-02
 1.27192E-02
 1.27275E-02
 1.27358E-02
 1.27442E-02
 1.27525E-02
 1.27609E-02
 1.27693E-02
 1.27776E-02
 1.27860E-02
 1.27943E-02
 1.28027E-02
 1.28110E-02
 1.28194E-02
 1.28277E-02
 1.28360E-02
 1.28444E-02
 1.28527E-02
 1.28611E-02
 1.28694E-02
 1.28778E-02
 1.28861E-02
 1.28944E-02
 1.29028E-02
 1.29111E-02
 1.29194E-02
 1.29277E-02
 1.29360E-02
 1.29443E-02
 1.29526E-02
 1.29610E-02
 1.29693E-02
 1.29776E-02
 1.29860E-02
 1.29943E-02
 1.30027E-02
 1.30110E-02
 1.30194E-02
 1.30277E-02
 1.30360E-02
 1.30443E-02
 1.30527E-02
 1.30610E-02
 1.30693E-02
 1.30777E-02
 1.30860E-02
 1.30944E-02
 1.31027E-02
 1.31111E-02
 1.31194E-02
 1.31277E-02
 1.31361E-02
 1.31444E-02
 1.31528E-02
 1.31611E-02
 1.31695E-02
 1.31778E-02
 1.31862E-02
 1.31945E-02
 1.32028E-02
 1.32112E-02
 1.32195E-02
 1.32278E-02
 1.32361E-02
 1.32444E-02
 1.32527E-02
 1.32610E-02
 1.32695E-02
 1.32777E-02
 1.32859E-02
 1.32942E-02
 1.33024E-02
 1.33107E-02
 1.33189E-02
 1.33272E-02
 1.33354E-02
 1.33436E-02
 1.33519E-02
 1.33602E-02
 1.33684E-02
 1.33767E-02
 1.33850E-02
 1.33933E-02
 1.34015E-02
 1.34098E-02
 1.34181E-02
 1.34264E-02
 1.34347E-02
 1.34430E-02
 1.34513E-02
 1.34596E-02
 1.34679E-02
 1.34762E-02
 1.34845E-02
 1.34928E-02
 1.35011E-02
 1.35094E-02
 1.35177E-02
 1.35260E-02
 1.35343E-02
 1.35427E-02
 1.35510E-02
 1.35592E-02
 1.35674E-02
 1.35757E-02
 1.35839E-02
 1.35922E-02
 1.36004E-02
 1.36086E-02
 1.36169E-02
 1.36252E-02
 1.36334E-02
 1.36417E-02
 1.36499E-02
 1.36581E-02
 1.36664E-02
 1.36746E-02
 1.36828E-02
 1.36911E-02
 1.36993E-02
 1.37076E-02
 1.37159E-02
 1.37241E-02
 1.37324E-02
 1.37407E-02
 1.37490E-02
 1.37572E-02
 1.37655E-02
 1.37737E-02
 1.37820E-02
 1.37903E-02
 1.37985E-02
 1.38068E-02
 1.38150E-02
 1.38233E-02
 1.38316E-02
 1.38398E-02
 1.38481E-02
 1.38564E-02
 1.38647E-02
 1.38729E-02
 1.38811E-02
 1.38894E-02
 1.38976E-02
 1.39059E-02
 1.39141E-02
 1.39224E-02
 1.39306E-02
 1.39389E-02
 1.39472E-02
 1.39555E-02
 1.39637E-02
 1.39720E-02
 1.39802E-02
 1.39885E-02
 1.39968E-02
 1.40050E-02
 1.40133E-02
 1.40216E-02
 1.40299E-02
 1.40382E-02
 1.40465E-02
 1.40548E-02
 1.40630E-02
 1.40713E-02
 1.40795E-02
 1.40878E-02
 1.40961E-02
 1.41043E-02
 1.41126E-02
 1.41209E-02
 1.41291E-02
 1.41374E-02
 1.41457E-02
 1.41540E-02
 1.41622E-02
 1.41705E-02
 1.41788E-02
 1.41871E-02
 1.41954E-02
 1.42036E-02
 1.42119E-02
 1.42202E-02
 1.42285E-02
 1.42367E-02
 1.42450E-02
 1.42533E-02
 1.42615E-02
 1.42698E-02
 1.42780E-02
 1.42863E-02
 1.42946E-02
 1.43029E-02
 1.43112E-02
 1.43194E-02
 1.43277E-02
 1.43360E-02
 1.43443E-02
 1.43526E-02
 1.43608E-02
 1.43691E-02
 1.43774E-02
 1.43857E-02
 1.43939E-02
 1.44022E-02
 1.44105E-02
 1.44188E-02
 1.44271E-02
 1.44353E-02
 1.44436E-02
 1.44519E-02
 1.44601E-02
 1.44684E-02
 1.44767E-02
 1.44850E-02
 1.44933E-02
 1.45016E-02
 1.45098E-02
 1.45181E-02
 1.45264E-02
