 0.00000E+00
 8.74152E-06
 1.73898E-05
 2.59791E-05
 3.45314E-05
 4.30603E-05
 5.15742E-05
 6.00786E-05
 6.85767E-05
 7.70707E-05
 8.55617E-05
 9.40507E-05
 1.02538E-04
 1.11024E-04
 1.19509E-04
 1.27994E-04
 1.36477E-04
 1.44959E-04
 1.53441E-04
 1.61922E-04
 1.70401E-04
 1.78880E-04
 1.87359E-04
 1.95836E-04
 2.04342E-04
 2.12777E-04
 2.21171E-04
 2.29535E-04
 2.38001E-04
 2.46455E-04
 2.54689E-04
 2.62833E-04
 2.70899E-04
 2.79171E-04
 2.87434E-04
 2.95690E-04
 3.03939E-04
 3.12184E-04
 3.20424E-04
 3.28660E-04
 3.36893E-04
 3.45124E-04
 3.53352E-04
 3.61580E-04
 3.69806E-04
 3.78032E-04
 3.86257E-04
 3.94483E-04
 4.02710E-04
 4.10937E-04
 4.19166E-04
 4.27396E-04
 4.35628E-04
 4.43862E-04
 4.52098E-04
 4.60336E-04
 4.68577E-04
 4.76821E-04
 4.85068E-04
 4.93317E-04
 5.01571E-04
 5.09827E-04
 5.18087E-04
 5.26351E-04
 5.34618E-04
 5.42890E-04
 5.51165E-04
 5.59444E-04
 5.67727E-04
 5.76015E-04
 5.84306E-04
 5.92601E-04
 6.00901E-04
 6.09205E-04
 6.17512E-04
 6.25824E-04
 6.34139E-04
 6.42457E-04
 6.50779E-04
 6.59104E-04
 6.67432E-04
 6.75761E-04
 6.84091E-04
 6.92364E-04
 7.00477E-04
 7.08543E-04
 7.16844E-04
 7.25038E-04
 7.33434E-04
 7.41695E-04
 7.50138E-04
 7.58435E-04
 7.66901E-04
 7.75220E-04
 7.83697E-04
 7.92028E-04
 8.00511E-04
 8.08852E-04
 8.17337E-04
 8.25684E-04
 8.34171E-04
 8.42524E-04
 8.51010E-04
 8.59368E-04
 8.67854E-04
 8.76217E-04
 8.84702E-04
 8.93070E-04
 9.01554E-04
 9.09926E-04
 9.18410E-04
 9.26786E-04
 9.35269E-04
 9.43648E-04
 9.52130E-04
 9.60514E-04
 9.68995E-04
 9.77382E-04
 9.85862E-04
 9.94253E-04
 1.00273E-03
 1.01113E-03
 1.01960E-03
 1.02803E-03
 1.03651E-03
 1.04488E-03
 1.05331E-03
 1.06164E-03
 1.07003E-03
 1.07834E-03
 1.08691E-03
 1.09534E-03
 1.10378E-03
 1.11209E-03
 1.12037E-03
 1.12858E-03
 1.13679E-03
 1.14492E-03
 1.15304E-03
 1.16109E-03
 1.16926E-03
 1.17749E-03
 1.18576E-03
 1.19399E-03
 1.20225E-03
 1.21047E-03
 1.21872E-03
 1.22694E-03
 1.23519E-03
 1.24340E-03
 1.25164E-03
 1.25985E-03
 1.26809E-03
 1.27630E-03
 1.28453E-03
 1.29274E-03
 1.30097E-03
 1.30918E-03
 1.31741E-03
 1.32563E-03
 1.33385E-03
 1.34207E-03
 1.35029E-03
 1.35850E-03
 1.36673E-03
 1.37494E-03
 1.38317E-03
 1.39138E-03
 1.39960E-03
 1.40782E-03
 1.41604E-03
 1.42426E-03
 1.43248E-03
 1.44070E-03
 1.44893E-03
 1.45715E-03
 1.46537E-03
 1.47359E-03
 1.48182E-03
 1.49004E-03
 1.49828E-03
 1.50650E-03
 1.51473E-03
 1.52296E-03
 1.53120E-03
 1.53943E-03
 1.54766E-03
 1.55590E-03
 1.56414E-03
 1.57237E-03
 1.58062E-03
 1.58886E-03
 1.59710E-03
 1.60535E-03
 1.61359E-03
 1.62184E-03
 1.63009E-03
 1.63834E-03
 1.64660E-03
 1.65485E-03
 1.66311E-03
 1.67137E-03
 1.67963E-03
 1.68790E-03
 1.69616E-03
 1.70443E-03
 1.71270E-03
 1.72097E-03
 1.72924E-03
 1.73752E-03
 1.74580E-03
 1.75408E-03
 1.76236E-03
 1.77064E-03
 1.77893E-03
 1.78722E-03
 1.79551E-03
 1.80380E-03
 1.81209E-03
 1.82039E-03
 1.82869E-03
 1.83699E-03
 1.84529E-03
 1.85359E-03
 1.86190E-03
 1.87021E-03
 1.87852E-03
 1.88683E-03
 1.89515E-03
 1.90346E-03
 1.91178E-03
 1.92010E-03
 1.92842E-03
 1.93674E-03
 1.94507E-03
 1.95339E-03
 1.96172E-03
 1.97005E-03
 1.97838E-03
 1.98671E-03
 1.99504E-03
 2.00337E-03
 2.01167E-03
 2.01982E-03
 2.02788E-03
 2.03600E-03
 2.04416E-03
 2.05235E-03
 2.06058E-03
 2.06884E-03
 2.07711E-03
 2.08541E-03
 2.09372E-03
 2.10205E-03
 2.11039E-03
 2.11875E-03
 2.12711E-03
 2.13548E-03
 2.14386E-03
 2.15224E-03
 2.16063E-03
 2.16902E-03
 2.17742E-03
 2.18583E-03
 2.19423E-03
 2.20264E-03
 2.21105E-03
 2.21946E-03
 2.22788E-03
 2.23629E-03
 2.24471E-03
 2.25313E-03
 2.26155E-03
 2.26997E-03
 2.27840E-03
 2.28682E-03
 2.29525E-03
 2.30367E-03
 2.31210E-03
 2.32053E-03
 2.32896E-03
 2.33738E-03
 2.34581E-03
 2.35424E-03
 2.36268E-03
 2.37111E-03
 2.37954E-03
 2.38797E-03
 2.39641E-03
 2.40484E-03
 2.41329E-03
 2.42173E-03
 2.43015E-03
 2.43857E-03
 2.44699E-03
 2.45539E-03
 2.46380E-03
 2.47220E-03
 2.48059E-03
 2.48907E-03
 2.49752E-03
 2.50595E-03
 2.51436E-03
 2.52275E-03
 2.53113E-03
 2.53951E-03
 2.54786E-03
 2.55618E-03
 2.56448E-03
 2.57276E-03
 2.58103E-03
 2.58927E-03
 2.59759E-03
 2.60590E-03
 2.61420E-03
 2.62256E-03
 2.63097E-03
 2.63935E-03
 2.64771E-03
 2.65604E-03
 2.66435E-03
 2.67264E-03
 2.68088E-03
 2.68909E-03
 2.69732E-03
 2.70553E-03
 2.71372E-03
 2.72189E-03
 2.73005E-03
 2.73819E-03
 2.74632E-03
 2.75450E-03
 2.76268E-03
 2.77092E-03
 2.77916E-03
 2.78739E-03
 2.79563E-03
 2.80386E-03
 2.81209E-03
 2.82032E-03
 2.82855E-03
 2.83678E-03
 2.84501E-03
 2.85323E-03
 2.86146E-03
 2.86968E-03
 2.87791E-03
 2.88613E-03
 2.89435E-03
 2.90257E-03
 2.91080E-03
 2.91902E-03
 2.92724E-03
 2.93546E-03
 2.94368E-03
 2.95190E-03
 2.96012E-03
 2.96833E-03
 2.97655E-03
 2.98477E-03
 2.99299E-03
 3.00121E-03
 3.00943E-03
 3.01765E-03
 3.02587E-03
 3.03409E-03
 3.04231E-03
 3.05053E-03
 3.05875E-03
 3.06697E-03
 3.07519E-03
 3.08341E-03
 3.09163E-03
 3.09985E-03
 3.10808E-03
 3.11630E-03
 3.12453E-03
 3.13275E-03
 3.14097E-03
 3.14920E-03
 3.15743E-03
 3.16565E-03
 3.17388E-03
 3.18211E-03
 3.19034E-03
 3.19857E-03
 3.20680E-03
 3.21503E-03
 3.22327E-03
 3.23150E-03
 3.23973E-03
 3.24797E-03
 3.25621E-03
 3.26444E-03
 3.27268E-03
 3.28092E-03
 3.28916E-03
 3.29740E-03
 3.30565E-03
 3.31389E-03
 3.32214E-03
 3.33038E-03
 3.33863E-03
 3.34688E-03
 3.35513E-03
 3.36338E-03
 3.37164E-03
 3.37989E-03
 3.38815E-03
 3.39640E-03
 3.40466E-03
 3.41292E-03
 3.42118E-03
 3.42944E-03
 3.43770E-03
 3.44596E-03
 3.45423E-03
 3.46249E-03
 3.47076E-03
 3.47903E-03
 3.48730E-03
 3.49557E-03
 3.50384E-03
 3.51212E-03
 3.52039E-03
 3.52867E-03
 3.53694E-03
 3.54522E-03
 3.55350E-03
 3.56178E-03
 3.57006E-03
 3.57835E-03
 3.58663E-03
 3.59492E-03
 3.60320E-03
 3.61149E-03
 3.61978E-03
 3.62807E-03
 3.63636E-03
 3.64465E-03
 3.65294E-03
 3.66124E-03
 3.66953E-03
 3.67783E-03
 3.68606E-03
 3.69427E-03
 3.70245E-03
 3.71069E-03
 3.71890E-03
 3.72717E-03
 3.73540E-03
 3.74370E-03
 3.75194E-03
 3.76025E-03
 3.76851E-03
 3.77684E-03
 3.78511E-03
 3.79344E-03
 3.80173E-03
 3.81007E-03
 3.81836E-03
 3.82671E-03
 3.83501E-03
 3.84336E-03
 3.85167E-03
 3.86003E-03
 3.86834E-03
 3.87670E-03
 3.88502E-03
 3.89339E-03
 3.90170E-03
 3.91007E-03
 3.91840E-03
 3.92677E-03
 3.93509E-03
 3.94347E-03
 3.95180E-03
 3.96018E-03
 3.96851E-03
 3.97689E-03
 3.98522E-03
 3.99360E-03
 4.00194E-03
 4.01032E-03
 4.01866E-03
 4.02705E-03
 4.03538E-03
 4.04377E-03
 4.05211E-03
 4.06050E-03
 4.06884E-03
 4.07723E-03
 4.08558E-03
 4.09396E-03
 4.10231E-03
 4.11070E-03
 4.11905E-03
 4.12744E-03
 4.13578E-03
 4.14414E-03
 4.15241E-03
 4.16071E-03
 4.16899E-03
 4.17723E-03
 4.18545E-03
 4.19372E-03
 4.20197E-03
 4.21027E-03
 4.21855E-03
 4.22687E-03
 4.23517E-03
 4.24352E-03
 4.25183E-03
 4.26020E-03
 4.26853E-03
 4.27690E-03
 4.28525E-03
 4.29364E-03
 4.30200E-03
 4.31039E-03
 4.31876E-03
 4.32717E-03
 4.33554E-03
 4.34396E-03
 4.35237E-03
 4.36079E-03
 4.36917E-03
 4.37758E-03
 4.38595E-03
 4.39435E-03
 4.40271E-03
 4.41110E-03
 4.41945E-03
 4.42783E-03
 4.43618E-03
 4.44462E-03
 4.45301E-03
 4.46148E-03
 4.46989E-03
 4.47832E-03
 4.48670E-03
 4.49512E-03
 4.50345E-03
 4.51177E-03
 4.52007E-03
 4.52833E-03
 4.53662E-03
 4.54491E-03
 4.55317E-03
 4.56143E-03
 4.56966E-03
 4.57790E-03
 4.58611E-03
 4.59440E-03
 4.60266E-03
 4.61099E-03
 4.61931E-03
 4.62764E-03
 4.63596E-03
 4.64429E-03
 4.65261E-03
 4.66094E-03
 4.66925E-03
 4.67758E-03
 4.68589E-03
 4.69422E-03
 4.70253E-03
 4.71085E-03
 4.71916E-03
 4.72749E-03
 4.73580E-03
 4.74412E-03
 4.75243E-03
 4.76075E-03
 4.76906E-03
 4.77738E-03
 4.78569E-03
 4.79400E-03
 4.80231E-03
 4.81063E-03
 4.81894E-03
 4.82725E-03
 4.83556E-03
 4.84389E-03
 4.85220E-03
 4.86051E-03
 4.86882E-03
 4.87713E-03
 4.88544E-03
 4.89375E-03
 4.90205E-03
 4.91035E-03
 4.91863E-03
 4.92692E-03
 4.93520E-03
 4.94349E-03
 4.95176E-03
 4.96004E-03
 4.96835E-03
 4.97667E-03
 4.98497E-03
 4.99327E-03
 5.00155E-03
 5.00984E-03
 5.01816E-03
 5.02647E-03
 5.03480E-03
 5.04311E-03
 5.05136E-03
 5.05959E-03
 5.06784E-03
 5.07609E-03
 5.08432E-03
 5.09257E-03
 5.10078E-03
 5.10895E-03
 5.11715E-03
 5.12535E-03
 5.13354E-03
 5.14172E-03
 5.14989E-03
 5.15806E-03
 5.16627E-03
 5.17448E-03
 5.18268E-03
 5.19088E-03
 5.19907E-03
 5.20727E-03
 5.21546E-03
 5.22370E-03
 5.23193E-03
 5.24017E-03
 5.24840E-03
 5.25664E-03
 5.26488E-03
 5.27311E-03
 5.28135E-03
 5.28959E-03
 5.29782E-03
 5.30606E-03
 5.31429E-03
 5.32253E-03
 5.33076E-03
 5.33900E-03
 5.34724E-03
 5.35547E-03
 5.36371E-03
 5.37195E-03
 5.38018E-03
 5.38842E-03
 5.39666E-03
 5.40490E-03
 5.41313E-03
 5.42137E-03
 5.42961E-03
 5.43785E-03
 5.44609E-03
 5.45433E-03
 5.46257E-03
 5.47081E-03
 5.47905E-03
 5.48730E-03
 5.49554E-03
 5.50378E-03
 5.51202E-03
 5.52027E-03
 5.52851E-03
 5.53676E-03
 5.54500E-03
 5.55325E-03
 5.56149E-03
 5.56974E-03
 5.57799E-03
 5.58624E-03
 5.59449E-03
 5.60273E-03
 5.61099E-03
 5.61924E-03
 5.62749E-03
 5.63574E-03
 5.64399E-03
 5.65225E-03
 5.66050E-03
 5.66875E-03
 5.67701E-03
 5.68527E-03
 5.69352E-03
 5.70178E-03
 5.71004E-03
 5.71830E-03
 5.72656E-03
 5.73482E-03
 5.74308E-03
 5.75134E-03
 5.75960E-03
 5.76787E-03
 5.77613E-03
 5.78440E-03
 5.79266E-03
 5.80093E-03
 5.80920E-03
 5.81747E-03
 5.82574E-03
 5.83401E-03
 5.84228E-03
 5.85055E-03
 5.85882E-03
 5.86709E-03
 5.87537E-03
 5.88364E-03
 5.89192E-03
 5.90019E-03
 5.90847E-03
 5.91675E-03
 5.92503E-03
 5.93331E-03
 5.94159E-03
 5.94987E-03
 5.95815E-03
 5.96643E-03
 5.97471E-03
 5.98300E-03
 5.99128E-03
 5.99957E-03
 6.00785E-03
 6.01614E-03
 6.02442E-03
 6.03271E-03
 6.04100E-03
 6.04928E-03
 6.05757E-03
 6.06585E-03
 6.07407E-03
 6.08226E-03
 6.09049E-03
 6.09865E-03
 6.10684E-03
 6.11497E-03
 6.12319E-03
 6.13134E-03
 6.13959E-03
 6.14777E-03
 6.15604E-03
 6.16424E-03
 6.17253E-03
 6.18075E-03
 6.18905E-03
 6.19728E-03
 6.20560E-03
 6.21384E-03
 6.22217E-03
 6.23042E-03
 6.23876E-03
 6.24702E-03
 6.25537E-03
 6.26364E-03
 6.27199E-03
 6.28027E-03
 6.28863E-03
 6.29691E-03
 6.30528E-03
 6.31357E-03
 6.32194E-03
 6.33023E-03
 6.33860E-03
 6.34690E-03
 6.35528E-03
 6.36358E-03
 6.37196E-03
 6.38027E-03
 6.38865E-03
 6.39696E-03
 6.40534E-03
 6.41365E-03
 6.42204E-03
 6.43035E-03
 6.43874E-03
 6.44706E-03
 6.45545E-03
 6.46377E-03
 6.47216E-03
 6.48048E-03
 6.48887E-03
 6.49720E-03
 6.50559E-03
 6.51391E-03
 6.52231E-03
 6.53064E-03
 6.53903E-03
 6.54736E-03
 6.55576E-03
 6.56409E-03
 6.57248E-03
 6.58082E-03
 6.58921E-03
 6.59755E-03
 6.60595E-03
 6.61429E-03
 6.62268E-03
 6.63103E-03
 6.63942E-03
 6.64777E-03
 6.65616E-03
 6.66451E-03
 6.67291E-03
 6.68126E-03
 6.68966E-03
 6.69801E-03
 6.70640E-03
 6.71474E-03
 6.72313E-03
 6.73147E-03
 6.73986E-03
 6.74819E-03
 6.75657E-03
 6.76491E-03
 6.77328E-03
 6.78162E-03
 6.78999E-03
 6.79837E-03
 6.80679E-03
 6.81515E-03
 6.82355E-03
 6.83190E-03
 6.84029E-03
 6.84863E-03
 6.85704E-03
 6.86536E-03
 6.87368E-03
 6.88200E-03
 6.89035E-03
 6.89866E-03
 6.90701E-03
 6.91531E-03
 6.92364E-03
 6.93193E-03
 6.94024E-03
 6.94853E-03
 6.95684E-03
 6.96511E-03
 6.97346E-03
 6.98177E-03
 6.99012E-03
 6.99842E-03
 7.00676E-03
 7.01507E-03
 7.02340E-03
 7.03170E-03
 7.04003E-03
 7.04833E-03
 7.05669E-03
 7.06502E-03
 7.07337E-03
 7.08169E-03
 7.09003E-03
 7.09834E-03
 7.10667E-03
 7.11501E-03
 7.12337E-03
 7.13169E-03
 7.14006E-03
 7.14838E-03
 7.15666E-03
 7.16488E-03
 7.17308E-03
 7.18132E-03
 7.18956E-03
 7.19780E-03
 7.20604E-03
 7.21427E-03
 7.22247E-03
 7.23066E-03
 7.23888E-03
 7.24710E-03
 7.25529E-03
 7.26345E-03
 7.27158E-03
 7.27974E-03
 7.28788E-03
 7.29608E-03
 7.30427E-03
 7.31248E-03
 7.32066E-03
 7.32888E-03
 7.33706E-03
 7.34528E-03
 7.35347E-03
 7.36173E-03
 7.36996E-03
 7.37823E-03
 7.38646E-03
 7.39474E-03
 7.40298E-03
 7.41125E-03
 7.41950E-03
 7.42777E-03
 7.43602E-03
 7.44430E-03
 7.45255E-03
 7.46084E-03
 7.46909E-03
 7.47737E-03
 7.48563E-03
 7.49391E-03
 7.50217E-03
 7.51046E-03
 7.51872E-03
 7.52701E-03
 7.53527E-03
 7.54356E-03
 7.55182E-03
 7.56011E-03
 7.56837E-03
 7.57667E-03
 7.58493E-03
 7.59322E-03
 7.60149E-03
 7.60978E-03
 7.61805E-03
 7.62634E-03
 7.63461E-03
 7.64291E-03
 7.65117E-03
 7.65947E-03
 7.66774E-03
 7.67604E-03
 7.68431E-03
 7.69260E-03
 7.70087E-03
 7.70917E-03
 7.71744E-03
 7.72574E-03
 7.73401E-03
 7.74232E-03
 7.75059E-03
 7.75889E-03
 7.76716E-03
 7.77546E-03
 7.78374E-03
 7.79204E-03
 7.80031E-03
 7.80862E-03
 7.81689E-03
 7.82520E-03
 7.83347E-03
 7.84178E-03
 7.85005E-03
 7.85836E-03
 7.86664E-03
 7.87494E-03
 7.88322E-03
 7.89153E-03
 7.89981E-03
 7.90811E-03
 7.91639E-03
 7.92470E-03
 7.93298E-03
 7.94129E-03
 7.94957E-03
 7.95788E-03
 7.96617E-03
 7.97448E-03
 7.98276E-03
 7.99107E-03
 7.99936E-03
 8.00767E-03
 8.01595E-03
 8.02428E-03
 8.03257E-03
 8.04089E-03
 8.04918E-03
 8.05749E-03
 8.06578E-03
 8.07409E-03
 8.08237E-03
 8.09068E-03
 8.09897E-03
 8.10727E-03
 8.11556E-03
 8.12386E-03
 8.13214E-03
 8.14045E-03
 8.14873E-03
 8.15703E-03
 8.16531E-03
 8.17362E-03
 8.18191E-03
 8.19025E-03
 8.19857E-03
 8.20690E-03
 8.21521E-03
 8.22353E-03
 8.23183E-03
 8.24014E-03
 8.24843E-03
 8.25673E-03
 8.26501E-03
 8.27331E-03
 8.28161E-03
 8.28992E-03
 8.29818E-03
 8.30644E-03
 8.31467E-03
 8.32295E-03
 8.33120E-03
 8.33948E-03
 8.34776E-03
 8.35606E-03
 8.36434E-03
 8.37262E-03
 8.38089E-03
 8.38917E-03
 8.39742E-03
 8.40569E-03
 8.41394E-03
 8.42219E-03
 8.43043E-03
 8.43870E-03
 8.44694E-03
 8.45521E-03
 8.46345E-03
 8.47169E-03
 8.47994E-03
 8.48822E-03
 8.49647E-03
 8.50474E-03
 8.51299E-03
 8.52125E-03
 8.52950E-03
 8.53776E-03
 8.54600E-03
 8.55426E-03
 8.56250E-03
 8.57075E-03
 8.57899E-03
 8.58724E-03
 8.59547E-03
 8.60372E-03
 8.61199E-03
 8.62027E-03
 8.62854E-03
 8.63682E-03
 8.64509E-03
 8.65337E-03
 8.66164E-03
 8.66992E-03
 8.67819E-03
 8.68647E-03
 8.69474E-03
 8.70303E-03
 8.71130E-03
 8.71958E-03
 8.72781E-03
 8.73604E-03
 8.74423E-03
 8.75247E-03
 8.76067E-03
 8.76892E-03
 8.77714E-03
 8.78540E-03
 8.79362E-03
 8.80189E-03
 8.81012E-03
 8.81840E-03
 8.82664E-03
 8.83492E-03
 8.84317E-03
 8.85146E-03
 8.85971E-03
 8.86800E-03
 8.87626E-03
 8.88455E-03
 8.89281E-03
 8.90112E-03
 8.90938E-03
 8.91768E-03
 8.92595E-03
 8.93426E-03
 8.94253E-03
 8.95084E-03
 8.95911E-03
 8.96743E-03
 8.97570E-03
 8.98402E-03
 8.99229E-03
 9.00061E-03
 9.00889E-03
 9.01721E-03
 9.02549E-03
 9.03381E-03
 9.04209E-03
 9.05042E-03
 9.05870E-03
 9.06703E-03
 9.07531E-03
 9.08364E-03
 9.09193E-03
 9.10025E-03
 9.10854E-03
 9.11687E-03
 9.12516E-03
 9.13349E-03
 9.14178E-03
 9.15011E-03
 9.15840E-03
 9.16673E-03
 9.17502E-03
 9.18335E-03
 9.19165E-03
 9.19998E-03
 9.20828E-03
 9.21661E-03
 9.22490E-03
 9.23324E-03
 9.24153E-03
 9.24986E-03
 9.25815E-03
 9.26643E-03
 9.27465E-03
 9.28294E-03
 9.29118E-03
 9.29948E-03
 9.30773E-03
 9.31603E-03
 9.32429E-03
 9.33260E-03
 9.34086E-03
 9.34919E-03
 9.35745E-03
 9.36575E-03
 9.37397E-03
 9.38223E-03
 9.39047E-03
 9.39875E-03
 9.40700E-03
 9.41529E-03
 9.42355E-03
 9.43185E-03
 9.44012E-03
 9.44843E-03
 9.45671E-03
 9.46503E-03
 9.47332E-03
 9.48164E-03
 9.48994E-03
 9.49827E-03
 9.50658E-03
 9.51491E-03
 9.52322E-03
 9.53157E-03
 9.53988E-03
 9.54823E-03
 9.55655E-03
 9.56490E-03
 9.57322E-03
 9.58157E-03
 9.58990E-03
 9.59826E-03
 9.60659E-03
 9.61495E-03
 9.62329E-03
 9.63166E-03
 9.64000E-03
 9.64837E-03
 9.65671E-03
 9.66507E-03
 9.67341E-03
 9.68177E-03
 9.69012E-03
 9.69848E-03
 9.70681E-03
 9.71517E-03
 9.72350E-03
 9.73185E-03
 9.74018E-03
 9.74852E-03
 9.75684E-03
 9.76518E-03
 9.77355E-03
 9.78192E-03
 9.79027E-03
 9.79864E-03
 9.80698E-03
 9.81533E-03
 9.82366E-03
 9.83205E-03
 9.84041E-03
 9.84880E-03
 9.85715E-03
 9.86549E-03
 9.87377E-03
 9.88210E-03
 9.89041E-03
 9.89872E-03
 9.90702E-03
 9.91533E-03
 9.92359E-03
 9.93184E-03
 9.94011E-03
 9.94838E-03
 9.95663E-03
 9.96489E-03
 9.97313E-03
 9.98137E-03
 9.98965E-03
 9.99793E-03
 1.00062E-02
 1.00145E-02
 1.00227E-02
 1.00310E-02
 1.00393E-02
 1.00475E-02
 1.00558E-02
 1.00641E-02
 1.00724E-02
 1.00807E-02
 1.00890E-02
 1.00973E-02
 1.01056E-02
 1.01139E-02
 1.01222E-02
 1.01305E-02
 1.01388E-02
 1.01471E-02
 1.01554E-02
 1.01637E-02
 1.01720E-02
 1.01803E-02
 1.01886E-02
 1.01969E-02
 1.02052E-02
 1.02135E-02
 1.02218E-02
 1.02301E-02
 1.02384E-02
 1.02467E-02
 1.02550E-02
 1.02633E-02
 1.02716E-02
 1.02799E-02
 1.02882E-02
 1.02965E-02
 1.03048E-02
 1.03131E-02
 1.03214E-02
 1.03297E-02
 1.03380E-02
 1.03463E-02
 1.03545E-02
 1.03628E-02
 1.03711E-02
 1.03794E-02
 1.03877E-02
 1.03960E-02
 1.04043E-02
 1.04126E-02
 1.04208E-02
 1.04292E-02
 1.04375E-02
 1.04458E-02
 1.04541E-02
 1.04624E-02
 1.04707E-02
 1.04790E-02
 1.04873E-02
 1.04955E-02
 1.05038E-02
 1.05121E-02
 1.05204E-02
 1.05287E-02
 1.05369E-02
 1.05452E-02
 1.05535E-02
 1.05617E-02
 1.05700E-02
 1.05782E-02
 1.05865E-02
 1.05948E-02
 1.06031E-02
 1.06113E-02
 1.06196E-02
 1.06279E-02
 1.06361E-02
 1.06444E-02
 1.06527E-02
 1.06609E-02
 1.06692E-02
 1.06774E-02
 1.06856E-02
 1.06939E-02
 1.07021E-02
 1.07104E-02
 1.07186E-02
 1.07268E-02
 1.07351E-02
 1.07433E-02
 1.07516E-02
 1.07598E-02
 1.07681E-02
 1.07763E-02
 1.07846E-02
 1.07928E-02
 1.08010E-02
 1.08093E-02
 1.08175E-02
 1.08258E-02
 1.08340E-02
 1.08422E-02
 1.08505E-02
 1.08587E-02
 1.08669E-02
 1.08752E-02
 1.08834E-02
 1.08917E-02
 1.08999E-02
 1.09082E-02
 1.09164E-02
 1.09247E-02
 1.09330E-02
 1.09412E-02
 1.09495E-02
 1.09577E-02
 1.09660E-02
 1.09743E-02
 1.09825E-02
 1.09908E-02
 1.09991E-02
 1.10073E-02
 1.10156E-02
 1.10238E-02
 1.10321E-02
 1.10404E-02
 1.10486E-02
 1.10568E-02
 1.10650E-02
 1.10733E-02
 1.10815E-02
 1.10897E-02
 1.10979E-02
 1.11062E-02
 1.11144E-02
 1.11226E-02
 1.11309E-02
 1.11391E-02
 1.11474E-02
 1.11556E-02
 1.11638E-02
 1.11721E-02
 1.11803E-02
 1.11886E-02
 1.11968E-02
 1.12051E-02
 1.12133E-02
 1.12216E-02
 1.12299E-02
 1.12381E-02
 1.12464E-02
 1.12546E-02
 1.12629E-02
 1.12712E-02
 1.12794E-02
 1.12877E-02
 1.12959E-02
 1.13042E-02
 1.13125E-02
 1.13207E-02
 1.13289E-02
 1.13372E-02
 1.13454E-02
 1.13536E-02
 1.13619E-02
 1.13701E-02
 1.13783E-02
 1.13866E-02
 1.13948E-02
 1.14031E-02
 1.14113E-02
 1.14196E-02
 1.14278E-02
 1.14361E-02
 1.14444E-02
 1.14526E-02
 1.14609E-02
 1.14691E-02
 1.14774E-02
 1.14857E-02
 1.14939E-02
 1.15022E-02
 1.15105E-02
 1.15188E-02
 1.15270E-02
 1.15353E-02
 1.15436E-02
 1.15519E-02
 1.15601E-02
 1.15684E-02
 1.15767E-02
 1.15850E-02
 1.15933E-02
 1.16016E-02
 1.16098E-02
 1.16181E-02
 1.16264E-02
 1.16347E-02
 1.16430E-02
 1.16513E-02
 1.16596E-02
 1.16679E-02
 1.16762E-02
 1.16845E-02
 1.16928E-02
 1.17011E-02
 1.17094E-02
 1.17177E-02
 1.17260E-02
 1.17343E-02
 1.17426E-02
 1.17509E-02
 1.17592E-02
 1.17675E-02
 1.17758E-02
 1.17841E-02
 1.17924E-02
 1.18007E-02
 1.18090E-02
 1.18173E-02
 1.18256E-02
 1.18339E-02
 1.18422E-02
 1.18505E-02
 1.18589E-02
 1.18672E-02
 1.18755E-02
 1.18838E-02
 1.18921E-02
 1.19004E-02
 1.19087E-02
 1.19170E-02
 1.19254E-02
 1.19337E-02
 1.19420E-02
 1.19503E-02
 1.19586E-02
 1.19669E-02
 1.19753E-02
 1.19836E-02
 1.19919E-02
 1.20002E-02
 1.20085E-02
 1.20169E-02
 1.20252E-02
 1.20335E-02
 1.20418E-02
 1.20502E-02
 1.20585E-02
 1.20668E-02
 1.20751E-02
 1.20835E-02
 1.20918E-02
 1.21001E-02
 1.21084E-02
 1.21167E-02
 1.21250E-02
 1.21333E-02
 1.21416E-02
 1.21498E-02
 1.21581E-02
 1.21664E-02
 1.21747E-02
 1.21830E-02
 1.21913E-02
 1.21995E-02
 1.22077E-02
 1.22160E-02
 1.22242E-02
 1.22325E-02
 1.22407E-02
 1.22490E-02
 1.22573E-02
 1.22655E-02
 1.22738E-02
 1.22821E-02
 1.22904E-02
 1.22987E-02
 1.23070E-02
 1.23153E-02
 1.23237E-02
 1.23320E-02
 1.23403E-02
 1.23486E-02
 1.23570E-02
 1.23653E-02
 1.23736E-02
 1.23820E-02
 1.23903E-02
 1.23986E-02
 1.24069E-02
 1.24153E-02
 1.24236E-02
 1.24320E-02
 1.24403E-02
 1.24486E-02
 1.24569E-02
 1.24652E-02
 1.24735E-02
 1.24819E-02
 1.24902E-02
 1.24985E-02
 1.25068E-02
 1.25152E-02
 1.25235E-02
 1.25318E-02
 1.25401E-02
 1.25484E-02
 1.25567E-02
 1.25651E-02
 1.25734E-02
 1.25817E-02
 1.25900E-02
 1.25983E-02
 1.26066E-02
 1.26149E-02
 1.26232E-02
 1.26316E-02
 1.26399E-02
 1.26483E-02
 1.26566E-02
 1.26649E-02
 1.26733E-02
 1.26817E-02
 1.26900E-02
 1.26984E-02
 1.27067E-02
 1.27151E-02
 1.27234E-02
 1.27318E-02
 1.27402E-02
 1.27485E-02
 1.27568E-02
 1.27652E-02
 1.27735E-02
 1.27819E-02
 1.27902E-02
 1.27986E-02
 1.28069E-02
 1.28152E-02
 1.28236E-02
 1.28319E-02
 1.28402E-02
 1.28485E-02
 1.28569E-02
 1.28652E-02
 1.28735E-02
 1.28818E-02
 1.28902E-02
 1.28985E-02
 1.29068E-02
 1.29151E-02
 1.29235E-02
 1.29318E-02
 1.29401E-02
 1.29484E-02
 1.29567E-02
 1.29651E-02
 1.29734E-02
 1.29817E-02
 1.29900E-02
 1.29983E-02
 1.30066E-02
 1.30150E-02
 1.30233E-02
 1.30316E-02
 1.30400E-02
 1.30483E-02
 1.30566E-02
 1.30649E-02
 1.30733E-02
 1.30816E-02
 1.30899E-02
 1.30982E-02
 1.31066E-02
 1.31149E-02
 1.31233E-02
 1.31316E-02
 1.31400E-02
 1.31483E-02
 1.31567E-02
 1.31650E-02
 1.31733E-02
 1.31817E-02
 1.31900E-02
 1.31983E-02
 1.32067E-02
 1.32150E-02
 1.32233E-02
 1.32315E-02
 1.32398E-02
 1.32481E-02
 1.32565E-02
 1.32648E-02
 1.32731E-02
 1.32814E-02
 1.32896E-02
 1.32979E-02
 1.33061E-02
 1.33144E-02
 1.33226E-02
 1.33308E-02
 1.33390E-02
 1.33473E-02
 1.33555E-02
 1.33638E-02
 1.33721E-02
 1.33804E-02
 1.33886E-02
 1.33969E-02
 1.34052E-02
 1.34135E-02
 1.34218E-02
 1.34301E-02
 1.34383E-02
 1.34466E-02
 1.34549E-02
 1.34632E-02
 1.34715E-02
 1.34799E-02
 1.34881E-02
 1.34965E-02
 1.35048E-02
 1.35131E-02
 1.35214E-02
 1.35297E-02
 1.35379E-02
 1.35462E-02
 1.35545E-02
 1.35628E-02
 1.35711E-02
 1.35793E-02
 1.35875E-02
 1.35957E-02
 1.36039E-02
 1.36122E-02
 1.36204E-02
 1.36287E-02
 1.36369E-02
 1.36451E-02
 1.36534E-02
 1.36617E-02
 1.36699E-02
 1.36782E-02
 1.36864E-02
 1.36947E-02
 1.37029E-02
 1.37111E-02
 1.37193E-02
 1.37276E-02
 1.37358E-02
 1.37441E-02
 1.37524E-02
 1.37607E-02
 1.37689E-02
 1.37772E-02
 1.37854E-02
 1.37937E-02
 1.38019E-02
 1.38102E-02
 1.38184E-02
 1.38267E-02
 1.38349E-02
 1.38432E-02
 1.38514E-02
 1.38597E-02
 1.38679E-02
 1.38762E-02
 1.38844E-02
 1.38926E-02
 1.39009E-02
 1.39091E-02
 1.39173E-02
 1.39256E-02
 1.39338E-02
 1.39421E-02
 1.39504E-02
 1.39587E-02
 1.39669E-02
 1.39752E-02
 1.39835E-02
 1.39917E-02
 1.40000E-02
 1.40083E-02
 1.40165E-02
 1.40248E-02
 1.40331E-02
 1.40414E-02
 1.40496E-02
 1.40579E-02
 1.40661E-02
 1.40744E-02
 1.40827E-02
 1.40910E-02
 1.40992E-02
 1.41075E-02
 1.41158E-02
 1.41240E-02
 1.41323E-02
 1.41406E-02
 1.41488E-02
 1.41571E-02
 1.41654E-02
 1.41737E-02
 1.41819E-02
 1.41902E-02
 1.41985E-02
 1.42068E-02
 1.42150E-02
 1.42233E-02
 1.42316E-02
 1.42398E-02
 1.42481E-02
 1.42564E-02
 1.42646E-02
 1.42729E-02
 1.42812E-02
 1.42895E-02
 1.42977E-02
 1.43060E-02
 1.43143E-02
 1.43226E-02
 1.43308E-02
 1.43391E-02
 1.43474E-02
 1.43557E-02
 1.43639E-02
 1.43722E-02
 1.43805E-02
 1.43888E-02
 1.43970E-02
 1.44053E-02
 1.44136E-02
 1.44219E-02
 1.44301E-02
 1.44384E-02
 1.44467E-02
 1.44550E-02
 1.44633E-02
 1.44715E-02
 1.44798E-02
 1.44881E-02
 1.44963E-02
 1.45046E-02
 1.45129E-02
 1.45212E-02
