 0.00000E+00
 1.90112E-08
 3.14726E-08
 4.71942E-08
 6.02227E-08
 7.24202E-08
 8.37064E-08
 9.43258E-08
 1.04493E-07
 1.14356E-07
 1.24017E-07
 1.33544E-07
 1.42982E-07
 1.52362E-07
 1.61705E-07
 1.71025E-07
 1.80329E-07
 1.89625E-07
 1.98916E-07
 2.08204E-07
 2.17489E-07
 2.26773E-07
 2.36057E-07
 2.45339E-07
 2.54620E-07
 2.63900E-07
 2.73177E-07
 2.82453E-07
 2.91726E-07
 3.00997E-07
 3.10265E-07
 3.19529E-07
 3.28790E-07
 3.38047E-07
 3.47300E-07
 3.56550E-07
 3.65795E-07
 3.75035E-07
 3.84271E-07
 3.93503E-07
 4.02730E-07
 4.11952E-07
 4.21170E-07
 4.30382E-07
 4.39590E-07
 4.48793E-07
 4.57990E-07
 4.67183E-07
 4.76371E-07
 4.85554E-07
 4.94732E-07
 5.03905E-07
 5.13073E-07
 5.22236E-07
 5.31394E-07
 5.40547E-07
 5.49695E-07
 5.58838E-07
 5.67977E-07
 5.77110E-07
 5.86239E-07
 5.95363E-07
 6.04482E-07
 6.13597E-07
 6.22707E-07
 6.31812E-07
 6.40912E-07
 6.50008E-07
 6.59100E-07
 6.68187E-07
 6.77269E-07
 6.86347E-07
 6.95421E-07
 7.04490E-07
 7.13555E-07
 7.22615E-07
 7.31672E-07
 7.40724E-07
 7.49772E-07
 7.58816E-07
 7.67855E-07
 7.76891E-07
 7.85923E-07
 7.94950E-07
 8.03974E-07
 8.12993E-07
 8.22009E-07
 8.31021E-07
 8.40029E-07
 8.49033E-07
 8.58034E-07
 8.67031E-07
 8.76024E-07
 8.85013E-07
 8.93999E-07
 9.02981E-07
 9.11960E-07
 9.20935E-07
 9.29907E-07
 9.38875E-07
 9.47839E-07
 9.56801E-07
 9.65759E-07
 9.74713E-07
 9.83664E-07
 9.92612E-07
 1.00156E-06
 1.01050E-06
 1.01944E-06
 1.02837E-06
 1.03730E-06
 1.04623E-06
 1.05516E-06
 1.06408E-06
 1.07300E-06
 1.08192E-06
 1.09083E-06
 1.09974E-06
 1.10865E-06
 1.11755E-06
 1.12645E-06
 1.13535E-06
 1.14425E-06
 1.15314E-06
 1.16203E-06
 1.17092E-06
 1.17980E-06
 1.18869E-06
 1.19756E-06
 1.20644E-06
 1.21531E-06
 1.22419E-06
 1.23305E-06
 1.24192E-06
 1.25078E-06
 1.25964E-06
 1.26850E-06
 1.27736E-06
 1.28621E-06
 1.29506E-06
 1.30391E-06
 1.31275E-06
 2.52136E-06
 2.53020E-06
 2.53904E-06
 3.14780E-06
 3.15663E-06
 3.16546E-06
 3.24929E-06
 3.70807E-06
 3.86689E-06
 3.87571E-06
 3.88453E-06
 4.11834E-06
 4.42713E-06
 4.51094E-06
 4.74475E-06
 4.75355E-06
 4.91236E-06
 4.92116E-06
 5.22995E-06
 5.38875E-06
 5.54755E-06
 5.70634E-06
 5.71513E-06
 5.87393E-06
 5.88271E-06
 5.96650E-06
 6.20029E-06
 6.50907E-06
 6.59285E-06
 6.67663E-06
 6.76041E-06
 6.76918E-06
 7.00296E-06
 7.08674E-06
 7.09550E-06
 7.10427E-06
 7.33804E-06
 7.42181E-06
 7.50557E-06
 7.73934E-06
 7.82310E-06
 8.05686E-06
 8.14062E-06
 8.14937E-06
 8.23312E-06
 8.31687E-06
 8.32562E-06
 8.40937E-06
 8.56812E-06
 8.65186E-06
 8.66060E-06
 8.74434E-06
 8.82808E-06
 8.91182E-06
 8.99555E-06
 9.15429E-06
 9.31303E-06
 9.39676E-06
 9.48049E-06
 9.48921E-06
 9.72295E-06
 9.80667E-06
 9.81539E-06
 9.89911E-06
 9.98283E-06
 9.99154E-06
 1.00003E-05
 1.00840E-05
 1.00927E-05
 1.02514E-05
 1.03351E-05
 1.04188E-05
 1.05775E-05
 1.05862E-05
 1.06699E-05
 1.06786E-05
 1.08373E-05
 1.09210E-05
 1.10047E-05
 1.11634E-05
 1.12471E-05
 1.13308E-05
 1.14145E-05
 1.14232E-05
 1.15819E-05
 1.16656E-05
 1.16743E-05
 1.17580E-05
 1.17666E-05
 1.19253E-05
 1.19340E-05
 1.19427E-05
 1.19514E-05
 1.19600E-05
 1.21187E-05
 1.22774E-05
 1.24361E-05
 1.25197E-05
 1.25284E-05
 1.26121E-05
 1.26207E-05
 1.27044E-05
 1.28631E-05
 1.29467E-05
 1.31054E-05
 1.31141E-05
 1.31977E-05
 1.32814E-05
 1.33650E-05
 1.33737E-05
 1.34573E-05
 1.36160E-05
 1.36247E-05
 1.36333E-05
 1.37920E-05
 1.38006E-05
 1.38092E-05
 1.38179E-05
 1.40515E-05
 1.42102E-05
 1.42188E-05
 1.43025E-05
 1.43111E-05
 1.43947E-05
 1.44034E-05
 1.44870E-05
 1.45706E-05
 1.47293E-05
 1.48129E-05
 1.48966E-05
 1.49802E-05
 1.51388E-05
 1.52225E-05
 1.53061E-05
 1.53147E-05
 1.53983E-05
 1.54819E-05
 1.55656E-05
 1.55742E-05
 1.55828E-05
 1.56664E-05
 1.57500E-05
 1.58337E-05
 1.58423E-05
 1.60009E-05
 1.61595E-05
 1.61681E-05
 1.63267E-05
 1.63353E-05
 1.64940E-05
 1.65026E-05
 1.65862E-05
 1.66698E-05
 1.67534E-05
 1.67620E-05
 1.67706E-05
 1.68542E-05
 1.69378E-05
 1.71714E-05
 1.72550E-05
 1.72636E-05
 1.72722E-05
 1.75058E-05
 1.75144E-05
 1.75230E-05
 1.76816E-05
 1.77652E-05
 1.77737E-05
 1.79323E-05
 1.80159E-05
 1.80245E-05
 1.81081E-05
 1.81917E-05
 1.82753E-05
 1.83589E-05
 1.84424E-05
 1.86010E-05
 1.86096E-05
 1.86182E-05
 1.87018E-05
 1.88604E-05
 1.88689E-05
 1.88775E-05
 1.90361E-05
 1.91197E-05
 1.92032E-05
 1.92868E-05
 1.93704E-05
 1.95290E-05
 1.96125E-05
 1.96211E-05
 1.97047E-05
 1.97132E-05
 1.98718E-05
 2.00304E-05
 2.00389E-05
 2.00475E-05
 2.00560E-05
 2.01396E-05
 2.02982E-05
 2.03817E-05
 2.04653E-05
 2.07739E-05
 2.07824E-05
 2.07910E-05
 2.08745E-05
 2.09581E-05
 2.09666E-05
 2.11252E-05
 2.12088E-05
 2.12173E-05
 2.12258E-05
 2.13094E-05
 2.13929E-05
 2.14765E-05
 2.14850E-05
 2.15686E-05
 2.16521E-05
 2.18107E-05
 2.19692E-05
 2.20528E-05
 2.20613E-05
 2.22949E-05
 2.23034E-05
 2.23870E-05
 2.23955E-05
 2.24790E-05
 2.24875E-05
 2.25711E-05
 2.27296E-05
 2.29632E-05
 2.30467E-05
 2.30553E-05
 2.31388E-05
 2.32223E-05
 2.32308E-05
 2.32394E-05
 2.33979E-05
 2.35565E-05
 2.35650E-05
 2.36485E-05
 2.38070E-05
 2.38156E-05
 2.38241E-05
 2.39826E-05
 2.39911E-05
 2.41497E-05
 2.41582E-05
 2.42417E-05
 2.42502E-05
 2.43337E-05
 2.45673E-05
 2.46508E-05
 2.47343E-05
 2.47428E-05
 2.47513E-05
 2.48348E-05
 2.49183E-05
 2.50769E-05
 2.51604E-05
 2.54689E-05
 2.54774E-05
 2.55610E-05
 2.55695E-05
 2.57280E-05
 2.58115E-05
 2.58950E-05
 2.59785E-05
 2.59870E-05
 2.62205E-05
 2.62290E-05
 2.63125E-05
 2.63210E-05
 2.63295E-05
 2.64130E-05
 2.64965E-05
 2.65800E-05
 2.65885E-05
 2.66720E-05
 2.66805E-05
 2.67640E-05
 2.69225E-05
 2.71560E-05
 2.71645E-05
 2.73230E-05
 2.74065E-05
 2.74900E-05
 2.74985E-05
 2.75820E-05
 2.76655E-05
 2.78240E-05
 2.79075E-05
 2.79160E-05
 2.81495E-05
 2.81580E-05
 2.83165E-05
 2.84000E-05
 2.84835E-05
 2.85669E-05
 2.85754E-05
 2.87339E-05
 2.88174E-05
 2.89759E-05
 2.89844E-05
 2.90679E-05
 2.90763E-05
 2.90848E-05
 2.91683E-05
 2.93268E-05
 2.93352E-05
 2.94937E-05
 2.95022E-05
 2.95857E-05
 2.95942E-05
 2.97526E-05
 2.97611E-05
 2.98446E-05
 2.99281E-05
 3.00865E-05
 3.00950E-05
 3.01785E-05
 3.02620E-05
 3.04955E-05
 3.06539E-05
 3.07374E-05
 3.08959E-05
 3.11294E-05
 3.12129E-05
 3.12213E-05
 3.12298E-05
 3.13133E-05
 3.14717E-05
 3.14802E-05
 3.14886E-05
 3.16471E-05
 3.16556E-05
 3.18141E-05
 3.18225E-05
 3.19810E-05
 3.19894E-05
 3.19979E-05
 3.21564E-05
 3.21648E-05
 3.21732E-05
 3.24818E-05
 3.24902E-05
 3.24986E-05
 3.25071E-05
 3.25905E-05
 3.25990E-05
 3.26824E-05
 3.28409E-05
 3.29994E-05
 3.31578E-05
 3.31663E-05
 3.34748E-05
 3.35582E-05
 3.36417E-05
 3.38002E-05
 3.38086E-05
 3.38921E-05
 3.39755E-05
 3.39839E-05
 3.40674E-05
 3.41508E-05
 3.44593E-05
 3.44678E-05
 3.46262E-05
 3.46347E-05
 3.47181E-05
 3.48766E-05
 3.49600E-05
 3.49684E-05
 3.50519E-05
 3.50603E-05
 3.51438E-05
 3.52272E-05
 3.53106E-05
 3.53191E-05
 3.53275E-05
 3.54109E-05
 3.54944E-05
 3.55778E-05
 3.56613E-05
 3.57447E-05
 3.58281E-05
 3.58366E-05
 3.59200E-05
 3.60034E-05
 3.63119E-05
 3.65454E-05
 3.66288E-05
 3.67122E-05
 3.67207E-05
 3.68791E-05
 3.68875E-05
 3.69710E-05
 3.73545E-05
 3.75129E-05
 3.75213E-05
 3.75297E-05
 3.76882E-05
 3.76966E-05
 3.77050E-05
 3.77134E-05
 3.77968E-05
 3.78803E-05
 3.80387E-05
 3.80471E-05
 3.80555E-05
 3.82140E-05
 3.83724E-05
 3.84558E-05
 3.84643E-05
 3.84727E-05
 3.86311E-05
 3.87145E-05
 3.87979E-05
 3.89564E-05
 3.89648E-05
 3.89732E-05
 3.89816E-05
 3.89900E-05
 3.91484E-05
 3.92318E-05
 3.94653E-05
 3.96988E-05
 3.97822E-05
 3.97906E-05
 4.00990E-05
 4.01074E-05
 4.02659E-05
 4.03493E-05
 4.04327E-05
 4.05161E-05
 4.07496E-05
 4.07580E-05
 4.07663E-05
 4.08498E-05
 4.08582E-05
 4.10166E-05
 4.10250E-05
 4.12584E-05
 4.14919E-05
 4.15003E-05
 4.15837E-05
 4.15921E-05
 4.16005E-05
 4.16839E-05
 4.16922E-05
 4.17757E-05
 4.18591E-05
 4.19425E-05
 4.19509E-05
 4.20343E-05
 4.20426E-05
 4.21261E-05
 4.22095E-05
 4.23679E-05
 4.24513E-05
 4.25347E-05
 4.26931E-05
 4.30016E-05
 4.31600E-05
 4.32434E-05
 4.33268E-05
 4.34102E-05
 4.35686E-05
 4.35770E-05
 4.37354E-05
 4.37438E-05
 4.38272E-05
 4.39106E-05
 4.40690E-05
 4.42274E-05
 4.43108E-05
 4.44692E-05
 4.44776E-05
 4.45610E-05
 4.45693E-05
 4.46527E-05
 4.47361E-05
 4.47445E-05
 4.47529E-05
 4.49863E-05
 4.49947E-05
 4.51531E-05
 4.51615E-05
 4.53199E-05
 4.53282E-05
 4.54116E-05
 4.55700E-05
 4.56534E-05
 4.57368E-05
 4.57452E-05
 4.58286E-05
 4.59120E-05
 4.59954E-05
 4.61538E-05
 4.62371E-05
 4.62455E-05
 4.64039E-05
 4.64873E-05
 4.66457E-05
 4.68041E-05
 4.68875E-05
 4.70459E-05
 4.72793E-05
 4.72877E-05
 4.74461E-05
 4.74544E-05
 4.76879E-05
 4.78463E-05
 4.78546E-05
 4.78630E-05
 4.80214E-05
 4.80297E-05
 4.81131E-05
 4.81215E-05
 4.82048E-05
 4.82882E-05
 4.84466E-05
 4.85300E-05
 4.86134E-05
 4.87718E-05
 4.88551E-05
 4.88635E-05
 4.88719E-05
 4.88802E-05
 4.89636E-05
 4.90470E-05
 4.91303E-05
 4.91387E-05
 4.92971E-05
 4.94555E-05
 4.95388E-05
 4.96972E-05
 4.98556E-05
 4.99390E-05
 5.00224E-05
 5.01057E-05
 5.03392E-05
 5.04225E-05
 5.05059E-05
 5.05893E-05
 5.08227E-05
 5.09060E-05
 5.09894E-05
 5.09977E-05
 5.11561E-05
 5.11645E-05
 5.11728E-05
 5.13312E-05
 5.14146E-05
 5.14979E-05
 5.18064E-05
 5.18147E-05
 5.18230E-05
 5.19064E-05
 5.19898E-05
 5.21481E-05
 5.22315E-05
 5.23899E-05
 5.23982E-05
 5.24066E-05
 5.25650E-05
 5.25733E-05
 5.26567E-05
 5.26650E-05
 5.27484E-05
 5.28317E-05
 5.29901E-05
 5.30735E-05
 5.33069E-05
 5.34652E-05
 5.34736E-05
 5.35569E-05
 5.37153E-05
 5.37236E-05
 5.38070E-05
 5.38153E-05
 5.38237E-05
 5.39070E-05
 5.40654E-05
 5.42988E-05
 5.45322E-05
 5.46155E-05
 5.47739E-05
 5.47822E-05
 5.48656E-05
 5.50240E-05
 5.51073E-05
 5.53407E-05
 5.54991E-05
 5.55074E-05
 5.55157E-05
 5.56741E-05
 5.56824E-05
 5.57658E-05
 5.57741E-05
 5.57824E-05
 5.59408E-05
 5.60241E-05
 5.61075E-05
 5.61908E-05
 5.62742E-05
 5.64326E-05
 5.64409E-05
 5.64492E-05
 5.64575E-05
 5.66909E-05
 5.68493E-05
 5.70077E-05
 5.72410E-05
 5.73244E-05
 5.73327E-05
 5.74161E-05
 5.74244E-05
 5.75827E-05
 5.76661E-05
 5.77494E-05
 5.77577E-05
 5.79911E-05
 5.79994E-05
 5.80078E-05
 5.82411E-05
 5.84745E-05
 5.85579E-05
 5.86412E-05
 5.87245E-05
 5.88079E-05
 5.88912E-05
 5.89745E-05
 5.90579E-05
 5.91412E-05
 5.92246E-05
 5.93079E-05
 5.94663E-05
 5.95496E-05
 5.97079E-05
 5.97913E-05
 5.99496E-05
 5.99580E-05
 6.01163E-05
 6.01996E-05
 6.02080E-05
 6.02913E-05
 6.04496E-05
 6.04580E-05
 6.04663E-05
 6.05496E-05
 6.07830E-05
 6.08663E-05
 6.10247E-05
 6.11080E-05
 6.11913E-05
 6.12747E-05
 6.12830E-05
 6.13663E-05
 6.15997E-05
 6.16080E-05
 6.16163E-05
 6.18496E-05
 6.19330E-05
 6.20163E-05
 6.20246E-05
 6.22580E-05
 6.22663E-05
 6.24246E-05
 6.25080E-05
 6.25913E-05
 6.28247E-05
 6.28330E-05
 6.29913E-05
 6.30746E-05
 6.32330E-05
 6.33163E-05
 6.34746E-05
 6.36330E-05
 6.37163E-05
 6.37246E-05
 6.38079E-05
 6.38913E-05
 6.39746E-05
 6.39829E-05
 6.39912E-05
 6.41495E-05
 6.41578E-05
 6.41661E-05
 6.43245E-05
 6.44078E-05
 6.46411E-05
 6.48745E-05
 6.49578E-05
 6.50411E-05
 6.51245E-05
 6.52828E-05
 6.53661E-05
 6.53744E-05
 6.55328E-05
 6.56911E-05
 6.57744E-05
 6.59328E-05
 6.60161E-05
 6.60244E-05
 6.60327E-05
 6.60410E-05
 6.61993E-05
 6.63576E-05
 6.64409E-05
 6.64492E-05
 6.64575E-05
 6.65408E-05
 6.67742E-05
 6.69325E-05
 6.70909E-05
 6.71742E-05
 6.73325E-05
 6.74158E-05
 6.75742E-05
 6.75824E-05
 6.75907E-05
 6.77491E-05
 6.78324E-05
 6.80657E-05
 6.81490E-05
 6.82323E-05
 6.82406E-05
 6.83990E-05
 6.84823E-05
 6.85656E-05
 6.86489E-05
 6.87322E-05
 6.88155E-05
 6.91239E-05
 6.91322E-05
 6.92155E-05
 6.92238E-05
 6.93071E-05
 6.95404E-05
 6.96237E-05
 6.97070E-05
 6.97153E-05
 6.97986E-05
 6.99569E-05
 7.01153E-05
 7.01236E-05
 7.01318E-05
 7.02902E-05
 7.04485E-05
 7.05318E-05
 7.05401E-05
 7.06234E-05
 7.07817E-05
 7.09400E-05
 7.10233E-05
 7.11066E-05
 7.11149E-05
 7.11982E-05
 7.15066E-05
 7.15899E-05
 7.16732E-05
 7.17565E-05
 7.17647E-05
 7.19231E-05
 7.19313E-05
 7.20146E-05
 7.23230E-05
 7.23313E-05
 7.24896E-05
 7.26479E-05
 7.26562E-05
 7.26645E-05
 7.27478E-05
 7.28311E-05
 7.28393E-05
 7.30727E-05
 7.31560E-05
 7.32393E-05
 7.34726E-05
 7.37060E-05
 7.38643E-05
 7.39476E-05
 7.39558E-05
 7.41142E-05
 7.41224E-05
 7.42808E-05
 7.44391E-05
 7.44473E-05
 7.44556E-05
 7.46139E-05
 7.47722E-05
 7.47805E-05
 7.48638E-05
 7.49471E-05
 7.49554E-05
 7.51137E-05
 7.51970E-05
 7.52052E-05
 7.54386E-05
 7.54468E-05
 7.54551E-05
 7.55384E-05
 7.56217E-05
 7.56300E-05
 7.58633E-05
 7.60966E-05
 7.61799E-05
 7.63382E-05
 7.64215E-05
 7.67299E-05
 7.68131E-05
 7.68214E-05
 7.69047E-05
 7.69880E-05
 7.70713E-05
 7.71546E-05
 7.72378E-05
 7.72461E-05
 7.73294E-05
 7.75627E-05
 7.77210E-05
 7.79544E-05
 7.80376E-05
 7.81960E-05
 7.82042E-05
 7.82875E-05
 7.84458E-05
 7.84541E-05
 7.85373E-05
 7.86206E-05
 7.87039E-05
 7.87872E-05
 7.87955E-05
 7.89538E-05
 7.91871E-05
 7.93454E-05
 7.93537E-05
 7.94369E-05
 7.95202E-05
 7.96785E-05
 7.98368E-05
 7.98451E-05
 7.98533E-05
 7.99366E-05
 8.00949E-05
 8.01032E-05
 8.01865E-05
 8.01947E-05
 8.03530E-05
 8.04363E-05
 8.04445E-05
 8.08279E-05
 8.09112E-05
 8.09194E-05
 8.10777E-05
 8.11610E-05
 8.13193E-05
 8.13276E-05
 8.14108E-05
 8.14941E-05
 8.15024E-05
 8.15856E-05
 8.17439E-05
 8.20523E-05
 8.22856E-05
 8.23689E-05
 8.26022E-05
 8.26105E-05
 8.27688E-05
 8.27770E-05
 8.28603E-05
 8.29435E-05
 8.30268E-05
 8.31851E-05
 8.33434E-05
 8.35017E-05
 8.35100E-05
 8.36683E-05
 8.38266E-05
 8.38348E-05
 8.39181E-05
 8.39263E-05
 8.39346E-05
 8.40929E-05
 8.43262E-05
 8.43344E-05
 8.43427E-05
 8.44259E-05
 8.45092E-05
 8.45925E-05
 8.46007E-05
 8.46840E-05
 8.46922E-05
 8.48505E-05
 8.50838E-05
 8.53172E-05
 8.53254E-05
 8.54087E-05
 8.54169E-05
 8.55752E-05
 8.56585E-05
 8.57417E-05
 8.61251E-05
 8.61333E-05
 8.62166E-05
 8.62999E-05
 8.63831E-05
 8.66164E-05
 8.66997E-05
 8.68580E-05
 8.70163E-05
 8.70995E-05
 8.71828E-05
 8.73411E-05
 8.73493E-05
 8.74326E-05
 8.75159E-05
 8.76741E-05
 8.78324E-05
 8.79907E-05
 8.80740E-05
 8.80822E-05
 8.81655E-05
 8.82487E-05
 8.84821E-05
 8.85653E-05
 8.85735E-05
 8.85818E-05
 8.88901E-05
 8.89734E-05
 8.90566E-05
 8.90649E-05
 8.92232E-05
 8.92314E-05
 8.94647E-05
 8.95480E-05
 8.95562E-05
 8.95644E-05
 8.97227E-05
 8.97309E-05
 8.98892E-05
 8.99725E-05
 8.99807E-05
 9.00640E-05
 9.00722E-05
 9.02305E-05
 9.02387E-05
 9.03220E-05
 9.05553E-05
 9.07136E-05
 9.07968E-05
 9.08801E-05
 9.10383E-05
 9.11966E-05
 9.12799E-05
 9.15882E-05
 9.17465E-05
 9.18297E-05
 9.19130E-05
 9.20713E-05
 9.21545E-05
 9.22378E-05
 9.24711E-05
 9.25543E-05
 9.26376E-05
 9.27959E-05
 9.30292E-05
 9.30374E-05
 9.30456E-05
 9.31289E-05
 9.32872E-05
 9.32954E-05
 9.33786E-05
 9.34619E-05
 9.35451E-05
 9.37034E-05
 9.39367E-05
 9.39449E-05
 9.40282E-05
 9.40364E-05
 9.41197E-05
 9.41279E-05
 9.42111E-05
 9.42944E-05
 9.44527E-05
 9.44609E-05
 9.46942E-05
 9.47774E-05
 9.49357E-05
 9.49439E-05
 9.50272E-05
 9.50354E-05
 9.51186E-05
 9.52769E-05
 9.55102E-05
 9.55184E-05
 9.56017E-05
 9.56849E-05
 9.58432E-05
 9.59264E-05
 9.60847E-05
 9.62430E-05
 9.64012E-05
 9.65595E-05
 9.67928E-05
 9.68010E-05
 9.69593E-05
 9.71176E-05
 9.71258E-05
 9.72841E-05
 9.74423E-05
 9.75256E-05
 9.75338E-05
 9.77671E-05
 9.77753E-05
 9.79336E-05
 9.79418E-05
 9.81000E-05
 9.81083E-05
 9.84166E-05
 9.84998E-05
 9.85080E-05
 9.87413E-05
 9.87495E-05
 9.89078E-05
 9.89911E-05
 9.90743E-05
 9.92326E-05
 9.92408E-05
 9.93240E-05
 9.93322E-05
 9.94905E-05
 9.95737E-05
 9.98070E-05
 9.98152E-05
 9.98235E-05
 9.99067E-05
 9.99899E-05
 1.00148E-04
 1.00231E-04
 1.00315E-04
 1.00323E-04
 1.00331E-04
 1.00339E-04
 1.00498E-04
 1.00581E-04
 1.00664E-04
 1.00747E-04
 1.00981E-04
 1.01139E-04
 1.01297E-04
 1.01530E-04
 1.01764E-04
 1.01772E-04
 1.02005E-04
 1.02238E-04
 1.02397E-04
 1.02480E-04
 1.02638E-04
 1.02646E-04
 1.02655E-04
 1.02888E-04
 1.02896E-04
 1.03054E-04
 1.03138E-04
 1.03446E-04
 1.03454E-04
 1.03462E-04
 1.03471E-04
 1.03479E-04
 1.03862E-04
 1.03945E-04
 1.03954E-04
 1.03962E-04
 1.03970E-04
 1.04278E-04
 1.04286E-04
 1.04295E-04
 1.04453E-04
 1.04461E-04
 1.04619E-04
 1.04778E-04
 1.04861E-04
 1.04944E-04
 1.05027E-04
 1.05036E-04
 1.05194E-04
 1.05352E-04
 1.05435E-04
 1.05518E-04
 1.05602E-04
 1.05610E-04
 1.05768E-04
 1.05776E-04
 1.05860E-04
 1.05943E-04
 1.06101E-04
 1.06109E-04
 1.06343E-04
 1.06576E-04
 1.06659E-04
 1.06817E-04
 1.07051E-04
 1.07134E-04
 1.07367E-04
 1.07375E-04
 1.07534E-04
 1.07542E-04
 1.07700E-04
 1.07783E-04
 1.08092E-04
 1.08100E-04
 1.08183E-04
 1.08266E-04
 1.08349E-04
 1.08433E-04
 1.08666E-04
 1.08749E-04
 1.08982E-04
 1.09141E-04
 1.09224E-04
 1.09232E-04
 1.09240E-04
 1.09399E-04
 1.09557E-04
 1.09715E-04
 1.09723E-04
 1.09731E-04
 1.09815E-04
 1.09973E-04
 1.10056E-04
 1.10214E-04
 1.10223E-04
 1.10306E-04
 1.10389E-04
 1.10472E-04
 1.10480E-04
 1.10639E-04
 1.10797E-04
 1.10805E-04
 1.10888E-04
 1.10896E-04
 1.10980E-04
 1.11063E-04
 1.11221E-04
 1.11304E-04
 1.11388E-04
 1.11396E-04
 1.11554E-04
 1.11712E-04
 1.11720E-04
 1.11879E-04
 1.12337E-04
 1.12570E-04
 1.12729E-04
 1.12737E-04
 1.12970E-04
 1.12978E-04
 1.13136E-04
 1.13220E-04
 1.13378E-04
 1.13536E-04
 1.13769E-04
 1.13853E-04
 1.13936E-04
 1.14019E-04
 1.14027E-04
 1.14035E-04
 1.14269E-04
 1.14352E-04
 1.14435E-04
 1.14518E-04
 1.14752E-04
 1.14760E-04
 1.14843E-04
 1.14926E-04
 1.14934E-04
 1.15018E-04
 1.15101E-04
 1.15259E-04
 1.15342E-04
 1.15426E-04
 1.15734E-04
 1.15742E-04
 1.15825E-04
 1.15833E-04
 1.15992E-04
 1.16075E-04
 1.16233E-04
 1.16316E-04
 1.16400E-04
 1.16408E-04
 1.16416E-04
 1.16499E-04
 1.16732E-04
 1.16891E-04
 1.16899E-04
 1.16982E-04
 1.16990E-04
 1.17073E-04
 1.17157E-04
 1.17465E-04
 1.17548E-04
 1.17631E-04
 1.17790E-04
 1.17948E-04
 1.18106E-04
 1.18339E-04
 1.18348E-04
 1.18581E-04
 1.18664E-04
 1.18897E-04
 1.18905E-04
 1.18989E-04
 1.19147E-04
 1.19230E-04
 1.19238E-04
 1.19622E-04
 1.19630E-04
 1.19863E-04
 1.20021E-04
 1.20104E-04
 1.20113E-04
 1.20196E-04
 1.20354E-04
 1.20437E-04
 1.20445E-04
 1.20679E-04
 1.20762E-04
 1.20920E-04
 1.21003E-04
 1.21012E-04
 1.21095E-04
 1.21103E-04
 1.21186E-04
 1.21419E-04
 1.21428E-04
 1.21511E-04
 1.21594E-04
 1.21602E-04
 1.21685E-04
 1.21844E-04
 1.21927E-04
 1.22085E-04
 1.22093E-04
 1.22176E-04
 1.22185E-04
 1.22268E-04
 1.22351E-04
 1.22434E-04
 1.22592E-04
 1.22901E-04
 1.22909E-04
 1.23142E-04
 1.23225E-04
 1.23384E-04
 1.23467E-04
 1.23625E-04
 1.23708E-04
 1.23866E-04
 1.23950E-04
 1.24108E-04
 1.24416E-04
 1.24649E-04
 1.24733E-04
 1.24816E-04
 1.24899E-04
 1.24982E-04
 1.25065E-04
 1.25149E-04
 1.25307E-04
 1.25465E-04
 1.25548E-04
 1.25706E-04
 1.25790E-04
 1.25798E-04
 1.25956E-04
 1.26039E-04
 1.26122E-04
 1.26131E-04
 1.26139E-04
 1.26222E-04
 1.26530E-04
 1.26689E-04
 1.26772E-04
 1.26855E-04
 1.26938E-04
 1.26946E-04
 1.27104E-04
 1.27188E-04
 1.27271E-04
 1.27429E-04
 1.27512E-04
 1.27595E-04
 1.27829E-04
 1.27837E-04
 1.27920E-04
 1.28003E-04
 1.28087E-04
 1.28095E-04
 1.28253E-04
 1.28261E-04
 1.28344E-04
 1.28427E-04
 1.28661E-04
 1.28819E-04
 1.28977E-04
 1.29060E-04
 1.29144E-04
 1.29227E-04
 1.29310E-04
 1.29393E-04
 1.29401E-04
 1.29635E-04
 1.29943E-04
 1.30101E-04
 1.30184E-04
 1.30267E-04
 1.30351E-04
 1.30659E-04
 1.30817E-04
 1.30900E-04
 1.30983E-04
 1.31292E-04
 1.31375E-04
 1.31383E-04
 1.31466E-04
 1.31550E-04
 1.31708E-04
 1.31791E-04
 1.31874E-04
 1.31957E-04
 1.32116E-04
 1.32274E-04
 1.32357E-04
 1.32440E-04
 1.32523E-04
 1.32531E-04
 1.32615E-04
 1.32773E-04
 1.32856E-04
 1.33089E-04
 1.33097E-04
 1.33181E-04
 1.33189E-04
 1.33272E-04
 1.33355E-04
 1.33438E-04
 1.33522E-04
 1.33680E-04
 1.33688E-04
 1.33771E-04
 1.33779E-04
 1.33862E-04
 1.34096E-04
 1.34179E-04
 1.34337E-04
 1.34645E-04
 1.34729E-04
 1.34812E-04
 1.34895E-04
 1.34978E-04
 1.35061E-04
 1.35145E-04
 1.35378E-04
 1.35461E-04
 1.35544E-04
 1.35627E-04
 1.35861E-04
 1.36094E-04
 1.36252E-04
 1.36335E-04
 1.36493E-04
 1.36502E-04
 1.36735E-04
 1.36743E-04
 1.36901E-04
 1.37134E-04
 1.37218E-04
 1.37301E-04
 1.37459E-04
 1.37467E-04
 1.37625E-04
 1.37634E-04
 1.37717E-04
 1.37800E-04
 1.38033E-04
 1.38041E-04
 1.38275E-04
 1.38283E-04
 1.38441E-04
 1.38674E-04
 1.38682E-04
 1.38690E-04
 1.38699E-04
 1.38932E-04
 1.39015E-04
 1.39173E-04
 1.39406E-04
 1.39490E-04
 1.39498E-04
 1.39581E-04
 1.39664E-04
 1.39672E-04
 1.39756E-04
 1.39764E-04
 1.39997E-04
 1.40005E-04
 1.40163E-04
 1.40321E-04
 1.40480E-04
 1.40563E-04
 1.40646E-04
 1.40654E-04
 1.40812E-04
 1.40896E-04
 1.40979E-04
 1.41137E-04
 1.41220E-04
 1.41378E-04
 1.41462E-04
 1.41545E-04
 1.41778E-04
 1.41786E-04
 1.41869E-04
 1.42178E-04
 1.42411E-04
 1.42419E-04
 1.42577E-04
 1.42660E-04
 1.42969E-04
 1.43127E-04
 1.43285E-04
 1.43293E-04
 1.43301E-04
 1.43535E-04
 1.43693E-04
 1.43776E-04
 1.44009E-04
 1.44167E-04
 1.44175E-04
 1.44184E-04
 1.44342E-04
 1.44425E-04
 1.44508E-04
 1.44516E-04
 1.44750E-04
 1.44758E-04
 1.44766E-04
 1.44999E-04
 1.45082E-04
 1.45316E-04
 1.45324E-04
 1.45332E-04
 1.45340E-04
 1.45348E-04
 1.45506E-04
 1.45740E-04
 1.45823E-04
 1.45906E-04
 1.45914E-04
 1.45922E-04
 1.46080E-04
 1.46239E-04
 1.46322E-04
 1.46405E-04
 1.46563E-04
 1.46796E-04
 1.46880E-04
 1.47113E-04
 1.47196E-04
 1.47354E-04
 1.47362E-04
 1.47445E-04
 1.47679E-04
 1.47762E-04
 1.47770E-04
 1.47928E-04
 1.48011E-04
 1.48020E-04
 1.48178E-04
 1.48261E-04
 1.48569E-04
 1.48877E-04
 1.48961E-04
 1.49044E-04
 1.49202E-04
 1.49285E-04
 1.49368E-04
 1.49526E-04
 1.49685E-04
 1.49768E-04
 1.49851E-04
 1.49859E-04
 1.50167E-04
 1.50176E-04
 1.50334E-04
 1.50342E-04
 1.50500E-04
 1.50508E-04
 1.50666E-04
 1.50675E-04
 1.50833E-04
 1.51066E-04
 1.51149E-04
 1.51307E-04
 1.51391E-04
 1.51549E-04
 1.51632E-04
 1.51715E-04
 1.51798E-04
 1.51881E-04
 1.52040E-04
 1.52123E-04
 1.52131E-04
 1.52214E-04
 1.52297E-04
 1.52380E-04
 1.52464E-04
 1.52622E-04
 1.52780E-04
 1.52788E-04
 1.52796E-04
 1.52879E-04
 1.53038E-04
 1.53421E-04
 1.53429E-04
 1.53437E-04
 1.53520E-04
 1.53754E-04
 1.53912E-04
 1.53920E-04
 1.54003E-04
 1.54011E-04
 1.54094E-04
 1.54253E-04
 1.54336E-04
 1.54344E-04
 1.54802E-04
 1.54960E-04
 1.55194E-04
 1.55352E-04
 1.55510E-04
 1.55743E-04
 1.55901E-04
 1.55985E-04
 1.55993E-04
 1.56001E-04
 1.56159E-04
 1.56392E-04
 1.56400E-04
 1.56559E-04
 1.56567E-04
 1.56725E-04
 1.56883E-04
 1.57041E-04
 1.57049E-04
 1.57133E-04
 1.57291E-04
 1.57449E-04
 1.57532E-04
 1.57615E-04
 1.57698E-04
 1.57782E-04
 1.57940E-04
 1.58023E-04
 1.58031E-04
 1.58039E-04
 1.58197E-04
 1.58356E-04
 1.58364E-04
 1.58447E-04
 1.58530E-04
 1.58613E-04
 1.58621E-04
 1.58780E-04
 1.58938E-04
 1.59096E-04
 1.59254E-04
 1.59337E-04
 1.59495E-04
 1.59654E-04
 1.59737E-04
 1.59820E-04
 1.59978E-04
 1.60136E-04
 1.60220E-04
 1.60303E-04
 1.60536E-04
 1.60619E-04
 1.60702E-04
 1.60860E-04
 1.60869E-04
 1.60952E-04
 1.60960E-04
 1.61268E-04
 1.61351E-04
 1.61509E-04
 1.61818E-04
 1.61826E-04
 1.61984E-04
 1.62067E-04
 1.62075E-04
 1.62384E-04
 1.62467E-04
 1.62625E-04
 1.62783E-04
 1.62791E-04
 1.62799E-04
 1.62882E-04
 1.62966E-04
 1.63274E-04
 1.63432E-04
 1.63440E-04
 1.63673E-04
 1.63832E-04
 1.63990E-04
 1.64073E-04
 1.64231E-04
 1.64314E-04
 1.64322E-04
 1.64406E-04
 1.64414E-04
 1.64422E-04
 1.64580E-04
 1.64588E-04
 1.64746E-04
 1.64905E-04
 1.65138E-04
 1.65221E-04
 1.65304E-04
 1.65387E-04
 1.65545E-04
 1.65554E-04
 1.65712E-04
 1.65720E-04
 1.65803E-04
 1.65886E-04
 1.66044E-04
 1.66127E-04
 1.66136E-04
 1.66369E-04
 1.66452E-04
 1.66535E-04
 1.66768E-04
 1.66851E-04
 1.67010E-04
 1.67168E-04
 1.67176E-04
 1.67184E-04
 1.67267E-04
 1.67275E-04
 1.67509E-04
 1.67592E-04
 1.67900E-04
 1.67983E-04
 1.68216E-04
 1.68300E-04
 1.68608E-04
 1.68616E-04
 1.68774E-04
 1.69007E-04
 1.69316E-04
 1.69399E-04
 1.69632E-04
 1.69640E-04
 1.69648E-04
 1.69806E-04
 1.69889E-04
 1.69898E-04
 1.70131E-04
 1.70214E-04
 1.70297E-04
 1.70380E-04
 1.70538E-04
 1.70547E-04
 1.70630E-04
 1.70638E-04
 1.70721E-04
 1.70954E-04
 1.71112E-04
 1.71120E-04
 1.71129E-04
 1.71212E-04
 1.71370E-04
 1.71603E-04
 1.71686E-04
 1.71769E-04
 1.71853E-04
 1.71936E-04
 1.72094E-04
 1.72252E-04
 1.72335E-04
 1.72343E-04
 1.72351E-04
 1.72360E-04
 1.72593E-04
 1.72676E-04
 1.72834E-04
 1.72992E-04
 1.73150E-04
 1.73309E-04
 1.73467E-04
 1.73625E-04
 1.73633E-04
 1.73791E-04
 1.73874E-04
 1.74033E-04
 1.74041E-04
 1.74124E-04
 1.74282E-04
 1.74515E-04
 1.74523E-04
 1.74607E-04
 1.74690E-04
 1.74773E-04
 1.75081E-04
 1.75239E-04
 1.75548E-04
 1.75706E-04
 1.75864E-04
 1.75947E-04
 1.75955E-04
 1.76113E-04
 1.76121E-04
 1.76205E-04
 1.76288E-04
 1.76446E-04
 1.76454E-04
 1.76687E-04
 1.76770E-04
 1.76929E-04
 1.77087E-04
 1.77170E-04
 1.77328E-04
 1.77411E-04
 1.77569E-04
 1.77728E-04
 1.77811E-04
 1.78044E-04
 1.78202E-04
 1.78285E-04
 1.78368E-04
 1.78527E-04
 1.78535E-04
 1.78543E-04
 1.78551E-04
 1.78634E-04
 1.78717E-04
 1.78725E-04
 1.78733E-04
 1.78967E-04
 1.79050E-04
 1.79133E-04
 1.79216E-04
 1.79299E-04
 1.79532E-04
 1.79616E-04
 1.79774E-04
 1.79857E-04
 1.80090E-04
 1.80248E-04
 1.80331E-04
 1.80415E-04
 1.80423E-04
 1.80431E-04
 1.80589E-04
 1.80672E-04
 1.80755E-04
 1.80988E-04
 1.81222E-04
 1.81230E-04
 1.81388E-04
 1.81621E-04
 1.81629E-04
 1.81862E-04
 1.82171E-04
 1.82254E-04
 1.82337E-04
 1.82420E-04
 1.82578E-04
 1.82661E-04
 1.82669E-04
 1.82978E-04
 1.83211E-04
 1.83519E-04
 1.83527E-04
 1.83610E-04
 1.83694E-04
 1.83852E-04
 1.83860E-04
 1.84018E-04
 1.84176E-04
 1.84184E-04
 1.84342E-04
 1.84351E-04
 1.84509E-04
 1.84667E-04
 1.84825E-04
 1.84833E-04
 1.84841E-04
 1.84924E-04
 1.85008E-04
 1.85091E-04
 1.85174E-04
 1.85182E-04
 1.85265E-04
 1.85348E-04
 1.85506E-04
 1.85515E-04
 1.85748E-04
 1.85906E-04
 1.86064E-04
 1.86147E-04
 1.86305E-04
 1.86614E-04
 1.86697E-04
 1.86705E-04
 1.86713E-04
 1.86946E-04
 1.87179E-04
 1.87187E-04
 1.87271E-04
 1.87279E-04
 1.87362E-04
 1.87370E-04
 1.87528E-04
 1.87761E-04
 1.87844E-04
 1.87928E-04
 1.88161E-04
 1.88319E-04
 1.88327E-04
 1.88335E-04
 1.88493E-04
 1.88577E-04
 1.88885E-04
 1.89193E-04
 1.89201E-04
 1.89434E-04
 1.89667E-04
 1.89676E-04
 1.89759E-04
 1.89917E-04
 1.90000E-04
 1.90233E-04
 1.90391E-04
 1.90399E-04
 1.90483E-04
 1.90566E-04
 1.90649E-04
 1.90957E-04
 1.91115E-04
 1.91198E-04
 1.91207E-04
 1.91290E-04
 1.91448E-04
 1.91606E-04
 1.91614E-04
 1.91622E-04
 1.91630E-04
 1.91864E-04
 1.92022E-04
 1.92180E-04
 1.92263E-04
 1.92496E-04
 1.92654E-04
 1.92813E-04
 1.92896E-04
 1.92904E-04
 1.92912E-04
 1.92920E-04
 1.93078E-04
 1.93311E-04
 1.93319E-04
 1.93403E-04
 1.93411E-04
 1.93494E-04
 1.93577E-04
 1.93660E-04
 1.93743E-04
 1.93901E-04
 1.93984E-04
 1.94068E-04
 1.94151E-04
 1.94309E-04
 1.94392E-04
 1.94475E-04
 1.94783E-04
 1.94867E-04
 1.95025E-04
 1.95183E-04
 1.95191E-04
 1.95424E-04
 1.95582E-04
 1.95665E-04
 1.95749E-04
 1.96207E-04
 1.96290E-04
 1.96448E-04
 1.96606E-04
 1.96840E-04
 1.97073E-04
 1.97156E-04
 1.97164E-04
 1.97172E-04
 1.97255E-04
 1.97488E-04
 1.97497E-04
 1.97580E-04
 1.97738E-04
 1.97821E-04
 1.97979E-04
 1.98137E-04
 1.98295E-04
 1.98379E-04
 1.98462E-04
 1.98695E-04
 1.98778E-04
 1.98786E-04
 1.98869E-04
 1.99102E-04
 1.99111E-04
 1.99119E-04
 1.99202E-04
 1.99360E-04
 1.99518E-04
 1.99601E-04
 1.99609E-04
 1.99767E-04
 1.99776E-04
 1.99859E-04
 1.99942E-04
 2.00100E-04
 2.00183E-04
 2.00341E-04
 2.00424E-04
 2.00508E-04
 2.00591E-04
 2.00674E-04
 2.00832E-04
 2.00840E-04
 2.00923E-04
 2.01081E-04
 2.01315E-04
 2.01623E-04
 2.01706E-04
 2.01789E-04
 2.01947E-04
 2.02030E-04
 2.02189E-04
 2.02272E-04
 2.02280E-04
 2.02513E-04
 2.02521E-04
 2.02679E-04
 2.02837E-04
 2.02845E-04
 2.02929E-04
 2.03237E-04
 2.03395E-04
 2.03553E-04
 2.03711E-04
 2.03869E-04
 2.03953E-04
 2.04036E-04
 2.04194E-04
 2.04427E-04
 2.04510E-04
 2.04593E-04
 2.04826E-04
 2.04910E-04
 2.04918E-04
 2.05076E-04
 2.05234E-04
 2.05392E-04
 2.05625E-04
 2.05709E-04
 2.05867E-04
 2.05950E-04
 2.06033E-04
 2.06041E-04
 2.06274E-04
 2.06357E-04
 2.06365E-04
 2.06449E-04
 2.06607E-04
 2.06765E-04
 2.06773E-04
 2.06781E-04
 2.06939E-04
 2.06947E-04
 2.07256E-04
 2.07264E-04
 2.07347E-04
 2.07430E-04
 2.07438E-04
 2.07671E-04
 2.07979E-04
 2.07987E-04
 2.08146E-04
 2.08229E-04
 2.08237E-04
 2.08245E-04
 2.08253E-04
 2.08411E-04
 2.08494E-04
 2.08577E-04
 2.08586E-04
 2.08744E-04
 2.08827E-04
 2.08985E-04
 2.09218E-04
 2.09376E-04
 2.09535E-04
 2.09543E-04
 2.09551E-04
 2.09784E-04
 2.09867E-04
 2.09950E-04
 2.10108E-04
 2.10642E-04
 2.10650E-04
 2.10808E-04
 2.10891E-04
 2.11199E-04
 2.11432E-04
 2.11591E-04
 2.11824E-04
 2.11907E-04
 2.12065E-04
 2.12148E-04
 2.12306E-04
 2.12464E-04
 2.12548E-04
 2.12631E-04
 2.12639E-04
 2.12647E-04
 2.12805E-04
 2.12888E-04
 2.13121E-04
 2.13204E-04
 2.13213E-04
 2.13296E-04
 2.13304E-04
 2.13312E-04
 2.13545E-04
 2.13853E-04
 2.13936E-04
 2.14020E-04
 2.14103E-04
 2.14111E-04
 2.14194E-04
 2.14352E-04
 2.14360E-04
 2.14593E-04
 2.14751E-04
 2.14835E-04
 2.14843E-04
 2.15001E-04
 2.15084E-04
 2.15167E-04
 2.15250E-04
 2.15408E-04
 2.15491E-04
 2.15500E-04
 2.15733E-04
 2.15816E-04
 2.15824E-04
 2.15907E-04
 2.15990E-04
 2.16073E-04
 2.16231E-04
 2.16465E-04
 2.16548E-04
 2.16631E-04
 2.16939E-04
 2.17022E-04
 2.17030E-04
 2.17038E-04
 2.17122E-04
 2.17355E-04
 2.17513E-04
 2.17821E-04
 2.17979E-04
 2.18137E-04
 2.18446E-04
 2.18454E-04
 2.18687E-04
 2.18845E-04
 2.19153E-04
 2.19236E-04
 2.19320E-04
 2.19403E-04
 2.19411E-04
 2.19494E-04
 2.19577E-04
 2.19585E-04
 2.19668E-04
 2.19826E-04
 2.20060E-04
 2.20143E-04
 2.20301E-04
 2.20309E-04
 2.20542E-04
 2.20625E-04
 2.20783E-04
 2.20941E-04
 2.21025E-04
 2.21258E-04
 2.21491E-04
 2.21499E-04
 2.21507E-04
 2.21665E-04
 2.21899E-04
 2.21907E-04
 2.21990E-04
 2.22073E-04
 2.22081E-04
 2.22239E-04
 2.22397E-04
 2.22480E-04
 2.22488E-04
 2.22497E-04
 2.22580E-04
 2.22663E-04
 2.22821E-04
 2.22979E-04
 2.23062E-04
 2.23220E-04
 2.23303E-04
 2.23312E-04
 2.23470E-04
 2.23553E-04
 2.23636E-04
 2.23644E-04
 2.23727E-04
 2.23885E-04
 2.23893E-04
 2.23976E-04
 2.24135E-04
 2.24218E-04
 2.24451E-04
 2.24459E-04
 2.24542E-04
 2.24700E-04
 2.25384E-04
 2.25617E-04
 2.25625E-04
 2.25783E-04
 2.25941E-04
 2.26099E-04
 2.26333E-04
 2.26641E-04
 2.26649E-04
 2.26732E-04
 2.26815E-04
 2.26973E-04
 2.27131E-04
 2.27290E-04
 2.27373E-04
 2.27531E-04
 2.27614E-04
 2.27622E-04
 2.27705E-04
 2.27713E-04
 2.27946E-04
 2.28030E-04
 2.28338E-04
 2.28346E-04
 2.28504E-04
 2.28662E-04
 2.28745E-04
 2.28903E-04
 2.28987E-04
 2.28995E-04
 2.29153E-04
 2.29161E-04
 2.29169E-04
 2.29327E-04
 2.29335E-04
 2.29493E-04
 2.29651E-04
 2.29735E-04
 2.29818E-04
 2.29901E-04
 2.29909E-04
 2.29992E-04
 2.30150E-04
 2.30233E-04
 2.30466E-04
 2.30625E-04
 2.30783E-04
 2.30866E-04
 2.30874E-04
 2.30957E-04
 2.31115E-04
 2.31273E-04
 2.31281E-04
 2.31365E-04
 2.31448E-04
 2.31531E-04
 2.31614E-04
 2.31697E-04
 2.31780E-04
 2.32088E-04
 2.32096E-04
 2.32180E-04
 2.32338E-04
 2.32646E-04
 2.33029E-04
 2.33112E-04
 2.33421E-04
 2.33654E-04
 2.33737E-04
 2.33820E-04
 2.33828E-04
 2.33986E-04
 2.34069E-04
 2.34227E-04
 2.34311E-04
 2.34544E-04
 2.34552E-04
 2.34785E-04
 2.35018E-04
 2.35101E-04
 2.35109E-04
 2.35117E-04
 2.35351E-04
 2.35434E-04
 2.35442E-04
 2.35600E-04
 2.35608E-04
 2.35841E-04
 2.36149E-04
 2.36233E-04
 2.36316E-04
 2.36474E-04
 2.36632E-04
 2.36790E-04
 2.36873E-04
 2.36956E-04
 2.37039E-04
 2.37048E-04
 2.37206E-04
 2.37214E-04
 2.37447E-04
 2.37530E-04
 2.37688E-04
 2.37771E-04
 2.37854E-04
 2.37863E-04
 2.37871E-04
 2.38029E-04
 2.38262E-04
 2.38345E-04
 2.38353E-04
 2.38436E-04
 2.38519E-04
 2.38602E-04
 2.38761E-04
 2.38844E-04
 2.38927E-04
 2.39010E-04
 2.39093E-04
 2.39326E-04
 2.39484E-04
 2.39492E-04
 2.39501E-04
 2.39584E-04
 2.39592E-04
 2.39750E-04
 2.39758E-04
 2.40216E-04
 2.40374E-04
 2.40533E-04
 2.40691E-04
 2.40849E-04
 2.41007E-04
 2.41165E-04
 2.41248E-04
 2.41631E-04
 2.41865E-04
 2.42023E-04
 2.42106E-04
 2.42339E-04
 2.42347E-04
 2.42580E-04
 2.42663E-04
 2.42747E-04
 2.42755E-04
 2.42988E-04
 2.43071E-04
 2.43229E-04
 2.43387E-04
 2.43470E-04
 2.43553E-04
 2.43787E-04
 2.43870E-04
 2.43878E-04
 2.44186E-04
 2.44269E-04
 2.44352E-04
 2.44585E-04
 2.44594E-04
 2.44602E-04
 2.44685E-04
 2.44693E-04
 2.44776E-04
 2.44859E-04
 2.44867E-04
 2.44950E-04
 2.45033E-04
 2.45267E-04
 2.45275E-04
 2.45433E-04
 2.45591E-04
 2.45749E-04
 2.45757E-04
 2.45840E-04
 2.46073E-04
 2.46157E-04
 2.46165E-04
 2.46248E-04
 2.46406E-04
 2.46564E-04
 2.46647E-04
 2.46880E-04
 2.46963E-04
 2.47122E-04
 2.47205E-04
 2.47288E-04
 2.47371E-04
 2.47379E-04
 2.47387E-04
 2.47395E-04
 2.47703E-04
 2.48012E-04
 2.48170E-04
 2.48328E-04
 2.48711E-04
 2.48719E-04
 2.48877E-04
 2.48885E-04
 2.49119E-04
 2.49202E-04
 2.49210E-04
 2.49443E-04
 2.49601E-04
 2.49759E-04
 2.50067E-04
 2.50226E-04
 2.50384E-04
 2.50467E-04
 2.50700E-04
 2.50783E-04
 2.50791E-04
 2.50799E-04
 2.50807E-04
 2.50965E-04
 2.51199E-04
 2.51207E-04
 2.51290E-04
 2.51448E-04
 2.51606E-04
 2.51689E-04
 2.51772E-04
 2.52006E-04
 2.52014E-04
 2.52247E-04
 2.52330E-04
 2.52413E-04
 2.52496E-04
 2.52654E-04
 2.52662E-04
 2.52745E-04
 2.52979E-04
 2.53212E-04
 2.53295E-04
 2.53453E-04
 2.53461E-04
 2.53469E-04
 2.53702E-04
 2.53785E-04
 2.53869E-04
 2.54027E-04
 2.54260E-04
 2.54343E-04
 2.54501E-04
 2.54584E-04
 2.54667E-04
 2.54675E-04
 2.54684E-04
 2.54767E-04
 2.54850E-04
 2.54858E-04
 2.54866E-04
 2.54874E-04
 2.54957E-04
 2.55040E-04
 2.55273E-04
 2.55732E-04
 2.55965E-04
 2.56048E-04
 2.56356E-04
 2.56439E-04
 2.56597E-04
 2.56756E-04
 2.56914E-04
 2.57072E-04
 2.57155E-04
 2.57238E-04
 2.57246E-04
 2.57254E-04
 2.57412E-04
 2.57495E-04
 2.57729E-04
 2.57812E-04
 2.58045E-04
 2.58278E-04
 2.58361E-04
 2.58669E-04
 2.58828E-04
 2.58911E-04
 2.58919E-04
 2.58927E-04
 2.59085E-04
 2.59318E-04
 2.59401E-04
 2.59559E-04
 2.59717E-04
 2.59726E-04
 2.59809E-04
 2.59892E-04
 2.60050E-04
 2.60283E-04
 2.60366E-04
 2.60374E-04
 2.60682E-04
 2.60841E-04
 2.60924E-04
 2.61007E-04
 2.61090E-04
 2.61173E-04
 2.61331E-04
 2.61414E-04
 2.61497E-04
 2.61505E-04
 2.61589E-04
 2.61597E-04
 2.61755E-04
 2.61763E-04
 2.61921E-04
 2.62229E-04
 2.62237E-04
 2.62245E-04
 2.62253E-04
 2.62336E-04
 2.62345E-04
 2.62503E-04
 2.62511E-04
 2.62594E-04
 2.62752E-04
 2.63060E-04
 2.63218E-04
 2.63602E-04
 2.63910E-04
 2.63918E-04
 2.64376E-04
 2.64384E-04
 2.64617E-04
 2.64625E-04
 2.64934E-04
 2.65017E-04
 2.65100E-04
 2.65108E-04
 2.65116E-04
 2.65274E-04
 2.65507E-04
 2.65665E-04
 2.65674E-04
 2.65982E-04
 2.65990E-04
 2.66073E-04
 2.66081E-04
 2.66164E-04
 2.66247E-04
 2.66255E-04
 2.66263E-04
 2.66346E-04
 2.66655E-04
 2.66888E-04
 2.66971E-04
 2.67129E-04
 2.67287E-04
 2.67445E-04
 2.67603E-04
 2.67762E-04
 2.67845E-04
 2.67853E-04
 2.67936E-04
 2.68094E-04
 2.68327E-04
 2.68485E-04
 2.68493E-04
 2.68576E-04
 2.68735E-04
 2.68743E-04
 2.68976E-04
 2.69059E-04
 2.69217E-04
 2.69300E-04
 2.69383E-04
 2.69466E-04
 2.69474E-04
 2.69633E-04
 2.69866E-04
 2.69874E-04
 2.69957E-04
 2.70040E-04
 2.70273E-04
 2.70356E-04
 2.70514E-04
 2.70598E-04
 2.70831E-04
 2.70839E-04
 2.70922E-04
 2.71080E-04
 2.71163E-04
 2.71471E-04
 2.71780E-04
 2.71938E-04
 2.72021E-04
 2.72179E-04
 2.72262E-04
 2.72345E-04
 2.72503E-04
 2.72661E-04
 2.72895E-04
 2.72978E-04
 2.72986E-04
 2.73144E-04
 2.73377E-04
 2.73385E-04
 2.73618E-04
 2.73701E-04
 2.73709E-04
 2.73717E-04
 2.73876E-04
 2.73959E-04
 2.73967E-04
 2.74050E-04
 2.74208E-04
 2.74291E-04
 2.74524E-04
 2.74607E-04
 2.74690E-04
 2.74774E-04
 2.74782E-04
 2.74940E-04
 2.75023E-04
 2.75256E-04
 2.75489E-04
 2.75872E-04
 2.76031E-04
 2.76114E-04
 2.76197E-04
 2.76280E-04
 2.76363E-04
 2.76371E-04
 2.76604E-04
 2.76687E-04
 2.76770E-04
 2.76928E-04
 2.77012E-04
 2.77170E-04
 2.77178E-04
 2.77261E-04
 2.77419E-04
 2.77652E-04
 2.77660E-04
 2.77743E-04
 2.77751E-04
 2.77834E-04
 2.78143E-04
 2.78226E-04
 2.78309E-04
 2.78467E-04
 2.78550E-04
 2.78633E-04
 2.78641E-04
 2.78799E-04
 2.78957E-04
 2.79041E-04
 2.79199E-04
 2.79657E-04
 2.79815E-04
 2.79898E-04
 2.80131E-04
 2.80214E-04
 2.80297E-04
 2.80306E-04
 2.80539E-04
 2.80622E-04
 2.80780E-04
 2.80863E-04
 2.81096E-04
 2.81254E-04
 2.81337E-04
 2.81646E-04
 2.81654E-04
 2.81887E-04
 2.82045E-04
 2.82203E-04
 2.82211E-04
 2.82219E-04
 2.82377E-04
 2.82385E-04
 2.82618E-04
 2.82627E-04
 2.82635E-04
 2.82793E-04
 2.82876E-04
 2.83109E-04
 2.83267E-04
 2.83275E-04
 2.83508E-04
 2.83591E-04
 2.83599E-04
 2.83758E-04
 2.83766E-04
 2.83774E-04
 2.83932E-04
 2.83940E-04
 2.84098E-04
 2.84181E-04
 2.84414E-04
 2.84647E-04
 2.84730E-04
 2.84889E-04
 2.84972E-04
 2.85055E-04
 2.85063E-04
 2.85296E-04
 2.85379E-04
 2.85387E-04
 2.85545E-04
 2.85553E-04
 2.85636E-04
 2.85869E-04
 2.85877E-04
 2.86111E-04
 2.86119E-04
 2.86427E-04
 2.86585E-04
 2.86668E-04
 2.86751E-04
 2.86984E-04
 2.87067E-04
 2.87451E-04
 2.87684E-04
 2.87842E-04
 2.87925E-04
 2.88008E-04
 2.88241E-04
 2.88624E-04
 2.88783E-04
 2.88941E-04
 2.88949E-04
 2.89107E-04
 2.89265E-04
 2.89348E-04
 2.89356E-04
 2.89439E-04
 2.89522E-04
 2.89680E-04
 2.89838E-04
 2.89921E-04
 2.90005E-04
 2.90238E-04
 2.90246E-04
 2.90404E-04
 2.90562E-04
 2.90570E-04
 2.90653E-04
 2.90736E-04
 2.90819E-04
 2.91052E-04
 2.91060E-04
 2.91068E-04
 2.91151E-04
 2.91235E-04
 2.91393E-04
 2.91551E-04
 2.91634E-04
 2.91867E-04
 2.91875E-04
 2.91883E-04
 2.91966E-04
 2.92199E-04
 2.92282E-04
 2.92440E-04
 2.92524E-04
 2.92757E-04
 2.92765E-04
 2.92923E-04
 2.92931E-04
 2.93014E-04
 2.93097E-04
 2.93330E-04
 2.93488E-04
 2.93646E-04
 2.93654E-04
 2.93737E-04
 2.93896E-04
 2.93979E-04
 2.94137E-04
 2.94145E-04
 2.94228E-04
 2.94461E-04
 2.94469E-04
 2.94627E-04
 2.94710E-04
 2.95018E-04
 2.95326E-04
 2.95560E-04
 2.95943E-04
 2.96101E-04
 2.96184E-04
 2.96417E-04
 2.96425E-04
 2.96508E-04
 2.96891E-04
 2.97049E-04
 2.97208E-04
 2.97366E-04
 2.97374E-04
 2.97382E-04
 2.97540E-04
 2.97623E-04
 2.97631E-04
 2.97639E-04
 2.97797E-04
 2.97955E-04
 2.97963E-04
 2.98046E-04
 2.98129E-04
 2.98287E-04
 2.98520E-04
 2.98528E-04
 2.98611E-04
 2.98770E-04
 2.99003E-04
 2.99086E-04
 2.99394E-04
 2.99552E-04
 2.99635E-04
 2.99793E-04
 2.99951E-04
 2.99959E-04
 3.00117E-04
 3.00200E-04
 3.00283E-04
 3.00366E-04
 3.00450E-04
 3.00533E-04
 3.00541E-04
 3.00624E-04
 3.00782E-04
 3.00865E-04
 3.01023E-04
 3.01256E-04
 3.01264E-04
 3.01347E-04
 3.01505E-04
 3.01663E-04
 3.01671E-04
 3.01754E-04
 3.01837E-04
 3.01920E-04
 3.01928E-04
 3.01936E-04
 3.01944E-04
 3.02027E-04
 3.02035E-04
 3.02118E-04
 3.02352E-04
 3.02585E-04
 3.02668E-04
 3.02976E-04
 3.03284E-04
 3.03667E-04
 3.03975E-04
 3.04058E-04
 3.04291E-04
 3.04450E-04
 3.04683E-04
 3.04841E-04
 3.04924E-04
 3.05007E-04
 3.05090E-04
 3.05173E-04
 3.05331E-04
 3.05489E-04
 3.05497E-04
 3.05580E-04
 3.05738E-04
 3.06046E-04
 3.06129E-04
 3.06212E-04
 3.06445E-04
 3.06603E-04
 3.06611E-04
 3.06694E-04
 3.06702E-04
 3.06710E-04
 3.07019E-04
 3.07102E-04
 3.07335E-04
 3.07568E-04
 3.07576E-04
 3.07884E-04
 3.08042E-04
 3.08050E-04
 3.08058E-04
 3.08066E-04
 3.08074E-04
 3.08157E-04
 3.08390E-04
 3.08623E-04
 3.08781E-04
 3.08864E-04
 3.08947E-04
 3.09105E-04
 3.09113E-04
 3.09196E-04
 3.09279E-04
 3.09287E-04
 3.09370E-04
 3.09378E-04
 3.09386E-04
 3.09394E-04
 3.09552E-04
 3.09635E-04
 3.09793E-04
 3.09951E-04
 3.10109E-04
 3.10117E-04
 3.10200E-04
 3.10283E-04
 3.10291E-04
 3.10599E-04
 3.10908E-04
 3.10991E-04
 3.11149E-04
 3.11607E-04
 3.11840E-04
 3.11923E-04
 3.12231E-04
 3.12389E-04
 3.12472E-04
 3.12630E-04
 3.12638E-04
 3.12796E-04
 3.12954E-04
 3.13037E-04
 3.13120E-04
 3.13203E-04
 3.13286E-04
 3.13444E-04
 3.13527E-04
 3.13910E-04
 3.13993E-04
 3.14301E-04
 3.14384E-04
 3.14392E-04
 3.14550E-04
 3.14708E-04
 3.14791E-04
 3.14799E-04
 3.14882E-04
 3.14965E-04
 3.15048E-04
 3.15206E-04
 3.15364E-04
 3.15597E-04
 3.15755E-04
 3.15838E-04
 3.15846E-04
 3.16079E-04
 3.16087E-04
 3.16170E-04
 3.16253E-04
 3.16486E-04
 3.16644E-04
 3.16652E-04
 3.16885E-04
 3.16893E-04
 3.16901E-04
 3.16909E-04
 3.17142E-04
 3.17225E-04
 3.17533E-04
 3.17541E-04
 3.17624E-04
 3.17707E-04
 3.17790E-04
 3.18023E-04
 3.18181E-04
 3.18189E-04
 3.18197E-04
 3.18430E-04
 3.18513E-04
 3.18521E-04
 3.18604E-04
 3.18837E-04
 3.18920E-04
 3.19003E-04
 3.19011E-04
 3.19169E-04
 3.19627E-04
 3.19935E-04
 3.20318E-04
 3.20626E-04
 3.20709E-04
 3.20792E-04
 3.20875E-04
 3.20958E-04
 3.20966E-04
 3.21124E-04
 3.21132E-04
 3.21139E-04
 3.21297E-04
 3.21305E-04
 3.21388E-04
 3.21621E-04
 3.21854E-04
 3.21862E-04
 3.21945E-04
 3.22178E-04
 3.22336E-04
 3.22419E-04
 3.22502E-04
 3.22510E-04
 3.22668E-04
 3.22751E-04
 3.22984E-04
 3.23067E-04
 3.23150E-04
 3.23233E-04
 3.23391E-04
 3.23549E-04
 3.23632E-04
 3.23790E-04
 3.24023E-04
 3.24180E-04
 3.24188E-04
 3.24346E-04
 3.24504E-04
 3.24737E-04
 3.24895E-04
 3.25053E-04
 3.25136E-04
 3.25219E-04
 3.25377E-04
 3.25385E-04
 3.25618E-04
 3.25626E-04
 3.25784E-04
 3.25867E-04
 3.25874E-04
 3.26032E-04
 3.26265E-04
 3.26423E-04
 3.26506E-04
 3.26589E-04
 3.26597E-04
 3.26605E-04
 3.26763E-04
 3.26771E-04
 3.26929E-04
 3.27012E-04
 3.27170E-04
 3.27252E-04
 3.27485E-04
 3.27793E-04
 3.28026E-04
 3.28334E-04
 3.28342E-04
 3.28575E-04
 3.28808E-04
 3.28966E-04
 3.28974E-04
 3.28982E-04
 3.29140E-04
 3.29148E-04
 3.29155E-04
 3.29313E-04
 3.29471E-04
 3.29629E-04
 3.30012E-04
 3.30170E-04
 3.30403E-04
 3.30411E-04
 3.30419E-04
 3.30652E-04
 3.30735E-04
 3.30742E-04
 3.30825E-04
 3.30983E-04
 3.31066E-04
 3.31224E-04
 3.31232E-04
 3.31315E-04
 3.31473E-04
 3.31555E-04
 3.31788E-04
 3.31946E-04
 3.31954E-04
 3.31962E-04
 3.32120E-04
 3.32278E-04
 3.32436E-04
 3.32669E-04
 3.32676E-04
 3.32684E-04
 3.32767E-04
 3.33000E-04
 3.33083E-04
 3.33241E-04
 3.33399E-04
 3.33631E-04
 3.33639E-04
 3.33797E-04
 3.33805E-04
 3.33888E-04
 3.34121E-04
 3.34204E-04
 3.34286E-04
 3.34444E-04
 3.34452E-04
 3.34535E-04
 3.34918E-04
 3.34926E-04
 3.35084E-04
 3.35241E-04
 3.35249E-04
 3.35332E-04
 3.35490E-04
 3.35573E-04
 3.35806E-04
 3.35963E-04
 3.36121E-04
 3.36204E-04
 3.36512E-04
 3.36670E-04
 3.36753E-04
 3.36911E-04
 3.37143E-04
 3.37376E-04
 3.37534E-04
 3.37542E-04
 3.37700E-04
 3.37858E-04
 3.38166E-04
 3.38549E-04
 3.38706E-04
 3.38789E-04
 3.38872E-04
 3.38880E-04
 3.38963E-04
 3.38970E-04
 3.38978E-04
 3.39211E-04
 3.39294E-04
 3.39527E-04
 3.39609E-04
 3.39692E-04
 3.39700E-04
 3.39858E-04
 3.40091E-04
 3.40098E-04
 3.40106E-04
 3.40189E-04
 3.40197E-04
 3.40279E-04
 3.40437E-04
 3.40670E-04
 3.40678E-04
 3.40761E-04
 3.40768E-04
 3.40926E-04
 3.41009E-04
 3.41092E-04
 3.41324E-04
 3.41632E-04
 3.41640E-04
 3.41723E-04
 3.41731E-04
 3.41738E-04
 3.41896E-04
 3.42054E-04
 3.42137E-04
 3.42219E-04
 3.42377E-04
 3.42460E-04
 3.42468E-04
 3.42550E-04
 3.42633E-04
 3.42716E-04
 3.43024E-04
 3.43031E-04
 3.43264E-04
 3.43422E-04
 3.43730E-04
 3.44038E-04
 3.44195E-04
 3.44353E-04
 3.44511E-04
 3.44894E-04
 3.45052E-04
 3.45209E-04
 3.45292E-04
 3.45525E-04
 3.45608E-04
 3.45690E-04
 3.45773E-04
 3.45931E-04
 3.46164E-04
 3.46321E-04
 3.46629E-04
 3.46712E-04
 3.46720E-04
 3.46952E-04
 3.47035E-04
 3.47193E-04
 3.47275E-04
 3.47358E-04
 3.47366E-04
 3.47373E-04
 3.47681E-04
 3.47764E-04
 3.47922E-04
 3.47929E-04
 3.48087E-04
 3.48170E-04
 3.48252E-04
 3.48335E-04
 3.48493E-04
 3.48576E-04
 3.48583E-04
 3.48666E-04
 3.48899E-04
 3.48906E-04
 3.48989E-04
 3.48997E-04
 3.49004E-04
 3.49162E-04
 3.49320E-04
 3.49402E-04
 3.49560E-04
 3.49643E-04
 3.49725E-04
 3.49808E-04
 3.50041E-04
 3.50348E-04
 3.50581E-04
 3.50739E-04
 3.50746E-04
 3.50829E-04
 3.50837E-04
 3.50919E-04
 3.51077E-04
 3.51085E-04
 3.51242E-04
 3.51475E-04
 3.51558E-04
 3.51640E-04
 3.51798E-04
 3.51881E-04
 3.52188E-04
 3.52421E-04
 3.52579E-04
 3.52811E-04
 3.52894E-04
 3.52977E-04
 3.53059E-04
 3.53067E-04
 3.53299E-04
 3.53457E-04
 3.53465E-04
 3.53622E-04
 3.53855E-04
 3.54013E-04
 3.54395E-04
 3.54628E-04
 3.54711E-04
 3.54793E-04
 3.54951E-04
 3.55034E-04
 3.55116E-04
 3.55199E-04
 3.55356E-04
 3.55514E-04
 3.55747E-04
 3.55904E-04
 3.55912E-04
 3.55919E-04
 3.55927E-04
 3.56160E-04
 3.56242E-04
 3.56325E-04
 3.56332E-04
 3.56490E-04
 3.56572E-04
 3.56580E-04
 3.56737E-04
 3.57195E-04
 3.57203E-04
 3.57360E-04
 3.57443E-04
 3.57600E-04
 3.57833E-04
 3.57991E-04
 3.57998E-04
 3.58231E-04
 3.58238E-04
 3.58246E-04
 3.58328E-04
 3.58486E-04
 3.58644E-04
 3.58801E-04
 3.58884E-04
 3.58891E-04
 3.59124E-04
 3.59206E-04
 3.59214E-04
 3.59296E-04
 3.59379E-04
 3.59386E-04
 3.59544E-04
 3.59776E-04
 3.60009E-04
 3.60092E-04
 3.60324E-04
 3.60557E-04
 3.60714E-04
 3.60872E-04
 3.61104E-04
 3.61262E-04
 3.61419E-04
 3.61427E-04
 3.61434E-04
 3.61667E-04
 3.61674E-04
 3.61832E-04
 3.62139E-04
 3.62372E-04
 3.62454E-04
 3.62612E-04
 3.62694E-04
 3.62702E-04
 3.62784E-04
 3.62792E-04
 3.62949E-04
 3.62957E-04
 3.63039E-04
 3.63197E-04
 3.63204E-04
 3.63362E-04
 3.63519E-04
 3.63752E-04
 3.63909E-04
 3.63917E-04
 3.64149E-04
 3.64307E-04
 3.64464E-04
 3.64697E-04
 3.64779E-04
 3.64786E-04
 3.64869E-04
 3.65176E-04
 3.65409E-04
 3.65566E-04
 3.65649E-04
 3.65731E-04
 3.65814E-04
 3.65971E-04
 3.66128E-04
 3.66211E-04
 3.66218E-04
 3.66376E-04
 3.66458E-04
 3.66541E-04
 3.66773E-04
 3.66930E-04
 3.67013E-04
 3.67020E-04
 3.67178E-04
 3.67185E-04
 3.67417E-04
 3.67425E-04
 3.67507E-04
 3.67590E-04
 3.67822E-04
 3.67904E-04
 3.67987E-04
 3.68069E-04
 3.68302E-04
 3.68384E-04
 3.68767E-04
 3.68999E-04
 3.69081E-04
 3.69239E-04
 3.69396E-04
 3.69554E-04
 3.69711E-04
 3.69868E-04
 3.69951E-04
 3.69958E-04
 3.70115E-04
 3.70198E-04
 3.70430E-04
 3.70512E-04
 3.70895E-04
 3.71052E-04
 3.71210E-04
 3.71367E-04
 3.71449E-04
 3.71607E-04
 3.71689E-04
 3.71696E-04
 3.71779E-04
 3.72011E-04
 3.72093E-04
 3.72101E-04
 3.72258E-04
 3.72265E-04
 3.72348E-04
 3.72430E-04
 3.72587E-04
 3.72670E-04
 3.72902E-04
 3.72984E-04
 3.73067E-04
 3.73149E-04
 3.73231E-04
 3.73313E-04
 3.73471E-04
 3.73628E-04
 3.73710E-04
 3.73943E-04
 3.74025E-04
 3.74182E-04
 3.74264E-04
 3.74347E-04
 3.74504E-04
 3.74586E-04
 3.74669E-04
 3.74676E-04
 3.74758E-04
 3.74990E-04
 3.75073E-04
 3.75155E-04
 3.75237E-04
 3.75244E-04
 3.75402E-04
 3.75409E-04
 3.75641E-04
 3.75798E-04
 3.75956E-04
 3.76038E-04
 3.76045E-04
 3.76202E-04
 3.76285E-04
 3.76817E-04
 3.77049E-04
 3.77207E-04
 3.77289E-04
 3.77596E-04
 3.77678E-04
 3.77836E-04
 3.78068E-04
 3.78300E-04
 3.78382E-04
 3.78765E-04
 3.78772E-04
 3.78929E-04
 3.79086E-04
 3.79243E-04
 3.79401E-04
 3.79483E-04
 3.79640E-04
 3.80022E-04
 3.80030E-04
 3.80037E-04
 3.80119E-04
 3.80276E-04
 3.80358E-04
 3.80440E-04
 3.80447E-04
 3.80605E-04
 3.80687E-04
 3.80844E-04
 3.81001E-04
 3.81158E-04
 3.81165E-04
 3.81173E-04
 3.81330E-04
 3.81337E-04
 3.81569E-04
 3.81651E-04
 3.81658E-04
 3.81815E-04
 3.81898E-04
 3.81980E-04
 3.82062E-04
 3.82219E-04
 3.82526E-04
 3.82608E-04
 3.82615E-04
 3.82697E-04
 3.82855E-04
 3.82937E-04
 3.82944E-04
 3.83026E-04
 3.83333E-04
 3.83340E-04
 3.83422E-04
 3.83504E-04
 3.83586E-04
 3.83668E-04
 3.83751E-04
 3.83758E-04
 3.83915E-04
 3.83997E-04
 3.84079E-04
 3.84161E-04
 3.84243E-04
 3.84775E-04
 3.85383E-04
 3.85390E-04
 3.85547E-04
 3.85704E-04
 3.85861E-04
 3.85943E-04
 3.86100E-04
 3.86107E-04
 3.86189E-04
 3.86346E-04
 3.86503E-04
 3.86660E-04
 3.86742E-04
 3.86899E-04
 3.87056E-04
 3.87514E-04
 3.87671E-04
 3.87753E-04
 3.88060E-04
 3.88217E-04
 3.88374E-04
 3.88381E-04
 3.88463E-04
 3.88695E-04
 3.88777E-04
 3.88859E-04
 3.89091E-04
 3.89098E-04
 3.89180E-04
 3.89187E-04
 3.89194E-04
 3.89501E-04
 3.89658E-04
 3.89665E-04
 3.89672E-04
 3.89754E-04
 3.89761E-04
 3.89918E-04
 3.90000E-04
 3.90082E-04
 3.90163E-04
 3.90320E-04
 3.90628E-04
 3.90709E-04
 3.90866E-04
 3.90873E-04
 3.90955E-04
 3.91037E-04
 3.91194E-04
 3.91276E-04
 3.91433E-04
 3.91440E-04
 3.91672E-04
 3.91679E-04
 3.91836E-04
 3.91993E-04
 3.92075E-04
 3.92307E-04
 3.92389E-04
 3.92545E-04
 3.92552E-04
 3.92634E-04
 3.92791E-04
 3.93023E-04
 3.93330E-04
 3.93412E-04
 3.93944E-04
 3.94101E-04
 3.94258E-04
 3.94340E-04
 3.94572E-04
 3.94654E-04
 3.94811E-04
 3.94892E-04
 3.94974E-04
 3.95056E-04
 3.95213E-04
 3.95370E-04
 3.95452E-04
 3.95459E-04
 3.95540E-04
 3.95697E-04
 3.95779E-04
 3.95861E-04
 3.96093E-04
 3.96250E-04
 3.96482E-04
 3.96563E-04
 3.96570E-04
 3.96577E-04
 3.96584E-04
 3.96816E-04
 3.96973E-04
 3.97054E-04
 3.97061E-04
 3.97143E-04
 3.97150E-04
 3.97382E-04
 3.97613E-04
 3.97770E-04
 3.97927E-04
 3.98084E-04
 3.98091E-04
 3.98097E-04
 3.98254E-04
 3.98336E-04
 3.98418E-04
 3.98800E-04
 3.98806E-04
 3.98888E-04
 3.99120E-04
 3.99352E-04
 3.99509E-04
 3.99515E-04
 3.99672E-04
 3.99829E-04
 3.99911E-04
 3.99992E-04
 4.00224E-04
 4.00306E-04
 4.00463E-04
 4.00469E-04
 4.00551E-04
 4.00633E-04
 4.00715E-04
 4.00796E-04
 4.00953E-04
 4.01185E-04
 4.01492E-04
 4.01723E-04
 4.01955E-04
 4.02262E-04
 4.02494E-04
 4.02726E-04
 4.02957E-04
 4.03114E-04
 4.03121E-04
 4.03202E-04
 4.03209E-04
 4.03441E-04
 4.03447E-04
 4.03529E-04
 4.03611E-04
 4.03843E-04
 4.03849E-04
 4.04006E-04
 4.04088E-04
 4.04394E-04
 4.04476E-04
 4.04558E-04
 4.04564E-04
 4.04721E-04
 4.04803E-04
 4.04959E-04
 4.04966E-04
 4.05123E-04
 4.05279E-04
 4.05361E-04
 4.05367E-04
 4.05674E-04
 4.05681E-04
 4.05687E-04
 4.05694E-04
 4.05851E-04
 4.06082E-04
 4.06089E-04
 4.06095E-04
 4.06177E-04
 4.06184E-04
 4.06490E-04
 4.06572E-04
 4.06804E-04
 4.06885E-04
 4.06967E-04
 4.07123E-04
 4.07280E-04
 4.07437E-04
 4.07518E-04
 4.07675E-04
 4.07756E-04
 4.07838E-04
 4.07994E-04
 4.08076E-04
 4.08383E-04
 4.08464E-04
 4.08546E-04
 4.08552E-04
 4.08634E-04
 4.08790E-04
 4.08947E-04
 4.09029E-04
 4.09335E-04
 4.09717E-04
 4.09873E-04
 4.10105E-04
 4.10262E-04
 4.10493E-04
 4.10650E-04
 4.10731E-04
 4.10963E-04
 4.11044E-04
 4.11276E-04
 4.11282E-04
 4.11289E-04
 4.11295E-04
 4.11527E-04
 4.11758E-04
 4.11765E-04
 4.11846E-04
 4.12003E-04
 4.12385E-04
 4.12541E-04
 4.12698E-04
 4.12779E-04
 4.12861E-04
 4.12942E-04
 4.13249E-04
 4.13255E-04
 4.13336E-04
 4.13418E-04
 4.13499E-04
 4.13581E-04
 4.13737E-04
 4.13819E-04
 4.13900E-04
 4.13907E-04
 4.13913E-04
 4.14220E-04
 4.14451E-04
 4.14683E-04
 4.14689E-04
 4.14845E-04
 4.14852E-04
 4.14858E-04
 4.15090E-04
 4.15096E-04
 4.15252E-04
 4.15409E-04
 4.15490E-04
 4.15497E-04
 4.15578E-04
 4.15734E-04
 4.15891E-04
 4.15972E-04
 4.16129E-04
 4.16210E-04
 4.16366E-04
 4.16673E-04
 4.16979E-04
 4.17061E-04
 4.17067E-04
 4.17073E-04
 4.17080E-04
 4.17161E-04
 4.17393E-04
 4.17774E-04
 4.17930E-04
 4.18087E-04
 4.18243E-04
 4.18325E-04
 4.18556E-04
 4.18712E-04
 4.18794E-04
 4.19025E-04
 4.19181E-04
 4.19338E-04
 4.19419E-04
 4.19500E-04
 4.19582E-04
 4.19663E-04
 4.19669E-04
 4.19751E-04
 4.19757E-04
 4.19913E-04
 4.19995E-04
 4.20151E-04
 4.20232E-04
 4.20313E-04
 4.20545E-04
 4.20776E-04
 4.20933E-04
 4.21014E-04
 4.21020E-04
 4.21101E-04
 4.21333E-04
 4.21564E-04
 4.21870E-04
 4.22027E-04
 4.22108E-04
 4.22264E-04
 4.22270E-04
 4.22277E-04
 4.22508E-04
 4.22664E-04
 4.22896E-04
 4.23052E-04
 4.23208E-04
 4.23364E-04
 4.23446E-04
 4.23452E-04
 4.23758E-04
 4.23914E-04
 4.23996E-04
 4.24077E-04
 4.24083E-04
 4.24089E-04
 4.24170E-04
 4.24252E-04
 4.24408E-04
 4.24414E-04
 4.24495E-04
 4.24726E-04
 4.24808E-04
 4.24889E-04
 4.25270E-04
 4.25351E-04
 4.25358E-04
 4.25439E-04
 4.25820E-04
 4.25826E-04
 4.25982E-04
 4.26214E-04
 4.26445E-04
 4.26676E-04
 4.26832E-04
 4.27139E-04
 4.27220E-04
 4.27226E-04
 4.27457E-04
 4.27838E-04
 4.27919E-04
 4.27926E-04
 4.28082E-04
 4.28163E-04
 4.28169E-04
 4.28175E-04
 4.28256E-04
 4.28412E-04
 4.28568E-04
 4.28575E-04
 4.28731E-04
 4.28812E-04
 4.28893E-04
 4.28899E-04
 4.28980E-04
 4.29061E-04
 4.29367E-04
 4.29599E-04
 4.29680E-04
 4.29836E-04
 4.29992E-04
 4.29998E-04
 4.30229E-04
 4.30460E-04
 4.30616E-04
 4.30622E-04
 4.30779E-04
 4.30935E-04
 4.30941E-04
 4.30947E-04
 4.31028E-04
 4.31034E-04
 4.31115E-04
 4.31346E-04
 4.31502E-04
 4.31583E-04
 4.31739E-04
 4.31970E-04
 4.31976E-04
 4.32207E-04
 4.32213E-04
 4.32219E-04
 4.32300E-04
 4.32381E-04
 4.32537E-04
 4.32694E-04
 4.32775E-04
 4.32856E-04
 4.33012E-04
 4.33168E-04
 4.33699E-04
 4.33930E-04
 4.34161E-04
 4.34467E-04
 4.34548E-04
 4.34629E-04
 4.34785E-04
 4.34941E-04
 4.34947E-04
 4.35028E-04
 4.35409E-04
 4.35715E-04
 4.35721E-04
 4.35802E-04
 4.35883E-04
 4.36114E-04
 4.36120E-04
 4.36201E-04
 4.36282E-04
 4.36288E-04
 4.36444E-04
 4.36525E-04
 4.36531E-04
 4.36762E-04
 4.36993E-04
 4.37074E-04
 4.37230E-04
 4.37386E-04
 4.37617E-04
 4.37623E-04
 4.37704E-04
 4.38085E-04
 4.38166E-04
 4.38171E-04
 4.38327E-04
 4.38408E-04
 4.38639E-04
 4.38720E-04
 4.38801E-04
 4.38957E-04
 4.39038E-04
 4.39344E-04
 4.39425E-04
 4.39581E-04
 4.39662E-04
 4.39668E-04
 4.39673E-04
 4.39754E-04
 4.39910E-04
 4.39991E-04
 4.40222E-04
 4.40303E-04
 4.40384E-04
 4.40465E-04
 4.40470E-04
 4.40551E-04
 4.40632E-04
 4.40713E-04
 4.40719E-04
 4.40725E-04
 4.40881E-04
 4.40961E-04
 4.41192E-04
 4.41573E-04
 4.41729E-04
 4.42110E-04
 4.42266E-04
 4.42497E-04
 4.42578E-04
 4.42734E-04
 4.42964E-04
 4.43045E-04
 4.43276E-04
 4.43357E-04
 4.43438E-04
 4.43444E-04
 4.43524E-04
 4.43680E-04
 4.43836E-04
 4.43842E-04
 4.44148E-04
 4.44304E-04
 4.44309E-04
 4.44390E-04
 4.44396E-04
 4.44477E-04
 4.44557E-04
 4.44713E-04
 4.44944E-04
 4.45325E-04
 4.45406E-04
 4.45562E-04
 4.45642E-04
 4.45798E-04
 4.45954E-04
 4.46185E-04
 4.46266E-04
 4.46346E-04
 4.46427E-04
 4.46508E-04
 4.46664E-04
 4.46744E-04
 4.46900E-04
 4.47056E-04
 4.47137E-04
 4.47367E-04
 4.47448E-04
 4.47454E-04
 4.47610E-04
 4.47690E-04
 4.47996E-04
 4.48077E-04
 4.48158E-04
 4.48238E-04
 4.48319E-04
 4.48475E-04
 4.48856E-04
 4.48936E-04
 4.48942E-04
 4.49023E-04
 4.49179E-04
 4.49259E-04
 4.49415E-04
 4.49421E-04
 4.49426E-04
 4.49732E-04
 4.49963E-04
 4.50194E-04
 4.50199E-04
 4.50505E-04
 4.50811E-04
 4.50816E-04
 4.50972E-04
 4.51053E-04
 4.51209E-04
 4.51289E-04
 4.51370E-04
 4.51450E-04
 4.51531E-04
 4.51687E-04
 4.51767E-04
 4.51848E-04
 4.52079E-04
 4.52084E-04
 4.52315E-04
 4.52621E-04
 4.52777E-04
 4.52782E-04
 4.52938E-04
 4.53019E-04
 4.53174E-04
 4.53480E-04
 4.53711E-04
 4.53866E-04
 4.53947E-04
 4.54028E-04
 4.54033E-04
 4.54114E-04
 4.54269E-04
 4.54350E-04
 4.54356E-04
 4.54361E-04
 4.54442E-04
 4.54672E-04
 4.54903E-04
 4.54909E-04
 4.55064E-04
 4.55295E-04
 4.55376E-04
 4.55381E-04
 4.55387E-04
 4.55392E-04
 4.55473E-04
 4.55478E-04
 4.55559E-04
 4.56015E-04
 4.56020E-04
 4.56026E-04
 4.56181E-04
 4.56187E-04
 4.56493E-04
 4.56573E-04
 4.56729E-04
 4.56734E-04
 4.56890E-04
 4.57045E-04
 4.57426E-04
 4.57732E-04
 4.57812E-04
 4.58043E-04
 4.58199E-04
 4.58429E-04
 4.58585E-04
 4.58815E-04
 4.58971E-04
 4.59051E-04
 4.59282E-04
 4.59363E-04
 4.59593E-04
 4.59749E-04
 4.59754E-04
 4.59910E-04
 4.59990E-04
 4.59996E-04
 4.60076E-04
 4.60232E-04
 4.60387E-04
 4.60468E-04
 4.60548E-04
 4.60704E-04
 4.60784E-04
 4.60940E-04
 4.61396E-04
 4.61401E-04
 4.61632E-04
 4.61787E-04
 4.61943E-04
 4.62023E-04
 4.62179E-04
 4.62259E-04
 4.62340E-04
 4.62495E-04
 4.62576E-04
 4.62581E-04
 4.62662E-04
 4.62817E-04
 4.62898E-04
 4.63053E-04
 4.63134E-04
 4.63214E-04
 4.63295E-04
 4.63450E-04
 4.63530E-04
 4.63686E-04
 4.63841E-04
 4.63922E-04
 4.64077E-04
 4.64308E-04
 4.64388E-04
 4.64469E-04
 4.64474E-04
 4.64480E-04
 4.64560E-04
 4.64716E-04
 4.64721E-04
 4.64951E-04
 4.65107E-04
 4.65488E-04
 4.65718E-04
 4.65798E-04
 4.66104E-04
 4.66334E-04
 4.66490E-04
 4.66495E-04
 4.66651E-04
 4.66806E-04
 4.66812E-04
 4.66817E-04
 4.66972E-04
 4.67128E-04
 4.67208E-04
 4.67364E-04
 4.67444E-04
 4.67525E-04
 4.67755E-04
 4.67760E-04
 4.67916E-04
 4.67921E-04
 4.68002E-04
 4.68382E-04
 4.68613E-04
 4.68618E-04
 4.68698E-04
 4.68929E-04
 4.68934E-04
 4.69014E-04
 4.69170E-04
 4.69250E-04
 4.69406E-04
 4.69486E-04
 4.69566E-04
 4.69722E-04
 4.69877E-04
 4.70333E-04
 4.70413E-04
 4.70493E-04
 4.70574E-04
 4.70729E-04
 4.70810E-04
 4.70965E-04
 4.71195E-04
 4.71426E-04
 4.71506E-04
 4.71587E-04
 4.71667E-04
 4.71822E-04
 4.71978E-04
 4.72058E-04
 4.72063E-04
 4.72144E-04
 4.72224E-04
 4.72304E-04
 4.72460E-04
 4.72465E-04
 4.72695E-04
 4.72776E-04
 4.72781E-04
 4.72861E-04
 4.73242E-04
 4.73472E-04
 4.73628E-04
 4.74008E-04
 4.74013E-04
 4.74169E-04
 4.74399E-04
 4.74479E-04
 4.74935E-04
 4.75015E-04
 4.75020E-04
 4.75101E-04
 4.75181E-04
 4.75336E-04
 4.75492E-04
 4.75722E-04
 4.75877E-04
 4.76033E-04
 4.76113E-04
 4.76268E-04
 4.76274E-04
 4.76279E-04
 4.76359E-04
 4.76590E-04
 4.76670E-04
 4.76825E-04
 4.76905E-04
 4.77061E-04
 4.77216E-04
 4.77371E-04
 4.77527E-04
 4.77532E-04
 4.77612E-04
 4.77692E-04
 4.77923E-04
 4.78003E-04
 4.78158E-04
 4.78239E-04
 4.78319E-04
 4.78324E-04
 4.78404E-04
 4.78485E-04
 4.78565E-04
 4.78720E-04
 4.78875E-04
 4.78956E-04
 4.79261E-04
 4.79341E-04
 4.79497E-04
 4.79502E-04
 4.79582E-04
 4.79812E-04
 4.80043E-04
 4.80123E-04
 4.80353E-04
 4.80509E-04
 4.80589E-04
 4.80594E-04
 4.80674E-04
 4.80754E-04
 4.80910E-04
 4.81065E-04
 4.81370E-04
 4.81526E-04
 4.81606E-04
 4.81836E-04
 4.81991E-04
 4.81997E-04
 4.82227E-04
 4.82307E-04
 4.82387E-04
 4.82543E-04
 4.82623E-04
 4.82928E-04
 4.83008E-04
 4.83089E-04
 4.83244E-04
 4.83474E-04
 4.83629E-04
 4.83710E-04
 4.83865E-04
 4.83870E-04
 4.84025E-04
 4.84030E-04
 4.84336E-04
 4.84416E-04
 4.84646E-04
 4.84651E-04
 4.84807E-04
 4.84887E-04
 4.85042E-04
 4.85197E-04
 4.85427E-04
 4.85583E-04
 4.85738E-04
 4.85968E-04
 4.86123E-04
 4.86279E-04
 4.86509E-04
 4.86514E-04
 4.86594E-04
 4.86599E-04
 4.86830E-04
 4.86910E-04
 4.87065E-04
 4.87070E-04
 4.87075E-04
 4.87155E-04
 4.87311E-04
 4.87316E-04
 4.87396E-04
 4.87551E-04
 4.87706E-04
 4.87786E-04
 4.87942E-04
 4.88097E-04
 4.88252E-04
 4.88482E-04
 4.88562E-04
 4.88718E-04
 4.89173E-04
 4.89403E-04
 4.89408E-04
 4.89714E-04
 4.89719E-04
 4.89874E-04
 4.89879E-04
 4.90109E-04
 4.90189E-04
 4.90345E-04
 4.90425E-04
 4.90505E-04
 4.90810E-04
 4.91040E-04
 4.91045E-04
 4.91125E-04
 4.91281E-04
 4.91286E-04
 4.91366E-04
 4.91521E-04
 4.91676E-04
 4.91906E-04
 4.92062E-04
 4.92142E-04
 4.92147E-04
 4.92302E-04
 4.92457E-04
 4.92462E-04
 4.92617E-04
 4.92698E-04
 4.92703E-04
 4.92858E-04
 4.93088E-04
 4.93168E-04
 4.93173E-04
 4.93253E-04
 4.93333E-04
 4.93413E-04
 4.93569E-04
 4.93649E-04
 4.93879E-04
 4.94034E-04
 4.94114E-04
 4.94269E-04
 4.94349E-04
 4.94354E-04
 4.94735E-04
 4.94890E-04
 4.94895E-04
 4.94975E-04
 4.95055E-04
 4.95135E-04
 4.95215E-04
 4.95295E-04
 4.95526E-04
 4.95756E-04
 4.95986E-04
 4.96066E-04
 4.96146E-04
 4.96451E-04
 4.96681E-04
 4.96912E-04
 4.97067E-04
 4.97072E-04
 4.97227E-04
 4.97382E-04
 4.97612E-04
 4.97917E-04
 4.98072E-04
 4.98378E-04
 4.98458E-04
 4.98613E-04
 4.98843E-04
 4.99073E-04
 4.99153E-04
 4.99233E-04
 4.99238E-04
 4.99393E-04
 4.99473E-04
 4.99554E-04
 4.99634E-04
 4.99639E-04
 4.99794E-04
 5.00099E-04
 5.00104E-04
 5.00259E-04
 5.00264E-04
 5.00419E-04
 5.00424E-04
 5.00504E-04
 5.00659E-04
 5.00739E-04
 5.00894E-04
 5.00899E-04
 5.01055E-04
 5.01210E-04
 5.01365E-04
 5.01595E-04
 5.01600E-04
 5.01680E-04
 5.01835E-04
 5.01990E-04
 5.01995E-04
 5.02075E-04
 5.02305E-04
 5.02385E-04
 5.02465E-04
 5.02620E-04
 5.02625E-04
 5.02931E-04
 5.03161E-04
 5.03241E-04
 5.03396E-04
 5.03626E-04
 5.03706E-04
 5.03786E-04
 5.04016E-04
 5.04096E-04
 5.04326E-04
 5.04556E-04
 5.04636E-04
 5.04791E-04
 5.04871E-04
 5.05177E-04
 5.05332E-04
 5.05562E-04
 5.05717E-04
 5.05872E-04
 5.05952E-04
 5.05957E-04
 5.06112E-04
 5.06117E-04
 5.06347E-04
 5.06502E-04
 5.06507E-04
 5.06512E-04
 5.06517E-04
 5.06522E-04
 5.06677E-04
 5.06907E-04
 5.06987E-04
 5.07292E-04
 5.07447E-04
 5.07452E-04
 5.07682E-04
 5.07837E-04
 5.08067E-04
 5.08072E-04
 5.08152E-04
 5.08157E-04
 5.08312E-04
 5.08392E-04
 5.08547E-04
 5.08552E-04
 5.08857E-04
 5.09012E-04
 5.09092E-04
 5.09097E-04
 5.09327E-04
 5.09483E-04
 5.09562E-04
 5.09718E-04
 5.09798E-04
 5.09802E-04
 5.09957E-04
 5.09962E-04
 5.10042E-04
 5.10197E-04
 5.10277E-04
 5.10507E-04
 5.10512E-04
 5.10742E-04
 5.10897E-04
 5.11128E-04
 5.11132E-04
 5.11287E-04
 5.11518E-04
 5.11898E-04
 5.11978E-04
 5.12433E-04
 5.12663E-04
 5.12893E-04
 5.13048E-04
 5.13053E-04
 5.13208E-04
 5.13288E-04
 5.13743E-04
 5.13823E-04
 5.13978E-04
 5.14058E-04
 5.14063E-04
 5.14368E-04
 5.14373E-04
 5.14528E-04
 5.14683E-04
 5.14913E-04
 5.14918E-04
 5.15148E-04
 5.15153E-04
 5.15233E-04
 5.15388E-04
 5.15468E-04
 5.15548E-04
 5.15628E-04
 5.15707E-04
 5.15712E-04
 5.15792E-04
 5.15872E-04
 5.16102E-04
 5.16182E-04
 5.16337E-04
 5.16492E-04
 5.16572E-04
 5.16652E-04
 5.16807E-04
 5.16887E-04
 5.16892E-04
 5.17047E-04
 5.17202E-04
 5.17282E-04
 5.17362E-04
 5.17592E-04
 5.17672E-04
 5.17677E-04
 5.17757E-04
 5.17912E-04
 5.18066E-04
 5.18146E-04
 5.18226E-04
 5.18306E-04
 5.18461E-04
 5.18541E-04
 5.18696E-04
 5.18926E-04
 5.19006E-04
 5.19086E-04
 5.19466E-04
 5.19771E-04
 5.19851E-04
 5.19931E-04
 5.20086E-04
 5.20166E-04
 5.20396E-04
 5.20776E-04
 5.21081E-04
 5.21161E-04
 5.21241E-04
 5.21321E-04
 5.21401E-04
 5.21405E-04
 5.21560E-04
 5.21865E-04
 5.21945E-04
 5.22025E-04
 5.22105E-04
 5.22185E-04
 5.22265E-04
 5.22495E-04
 5.22650E-04
 5.22730E-04
 5.22810E-04
 5.22890E-04
 5.23045E-04
 5.23199E-04
 5.23279E-04
 5.23434E-04
 5.23589E-04
 5.23594E-04
 5.23749E-04
 5.23979E-04
 5.23984E-04
 5.24214E-04
 5.24369E-04
 5.24449E-04
 5.24604E-04
 5.24759E-04
 5.24838E-04
 5.24918E-04
 5.24998E-04
 5.25153E-04
 5.25308E-04
 5.25388E-04
 5.25468E-04
 5.25548E-04
 5.25778E-04
 5.25858E-04
 5.25862E-04
 5.25867E-04
 5.26097E-04
 5.26327E-04
 5.26557E-04
 5.26787E-04
 5.26942E-04
 5.27247E-04
 5.27477E-04
 5.27707E-04
 5.27787E-04
 5.27867E-04
 5.28097E-04
 5.28251E-04
 5.28331E-04
 5.28336E-04
 5.28416E-04
 5.28571E-04
 5.28726E-04
 5.28881E-04
 5.29036E-04
 5.29191E-04
 5.29270E-04
 5.29350E-04
 5.29430E-04
 5.29585E-04
 5.29815E-04
 5.29970E-04
 5.30050E-04
 5.30205E-04
 5.30435E-04
 5.30439E-04
 5.30519E-04
 5.30824E-04
 5.30979E-04
 5.31059E-04
 5.31214E-04
 5.31219E-04
 5.31298E-04
 5.31453E-04
 5.31533E-04
 5.31538E-04
 5.31693E-04
 5.31848E-04
 5.32078E-04
 5.32158E-04
 5.32237E-04
 5.32317E-04
 5.32322E-04
 5.32477E-04
 5.32632E-04
 5.32637E-04
 5.32866E-04
 5.32871E-04
 5.33251E-04
 5.33256E-04
 5.33411E-04
 5.33416E-04
 5.33646E-04
 5.33725E-04
 5.33955E-04
 5.34035E-04
 5.34190E-04
 5.34420E-04
 5.34425E-04
 5.34580E-04
 5.34810E-04
 5.34814E-04
 5.35044E-04
 5.35274E-04
 5.35279E-04
 5.35284E-04
 5.35364E-04
 5.35518E-04
 5.35523E-04
 5.35603E-04
 5.35758E-04
 5.35913E-04
 5.36293E-04
 5.36372E-04
 5.36527E-04
 5.36607E-04
 5.36687E-04
 5.36767E-04
 5.36997E-04
 5.37151E-04
 5.37306E-04
 5.37461E-04
 5.37541E-04
 5.37996E-04
 5.38226E-04
 5.38306E-04
 5.38385E-04
 5.38765E-04
 5.39070E-04
 5.39075E-04
 5.39155E-04
 5.39235E-04
 5.39239E-04
 5.39244E-04
 5.39249E-04
 5.39329E-04
 5.39409E-04
 5.39563E-04
 5.39793E-04
 5.39873E-04
 5.40028E-04
 5.40033E-04
 5.40037E-04
 5.40267E-04
 5.40272E-04
 5.40502E-04
 5.40732E-04
 5.40812E-04
 5.41041E-04
 5.41271E-04
 5.41426E-04
 5.41656E-04
 5.41961E-04
 5.42116E-04
 5.42195E-04
 5.42275E-04
 5.42430E-04
 5.42435E-04
 5.42815E-04
 5.42969E-04
 5.43124E-04
 5.43129E-04
 5.43134E-04
 5.43289E-04
 5.43518E-04
 5.43823E-04
 5.43903E-04
 5.43983E-04
 5.44138E-04
 5.44142E-04
 5.44522E-04
 5.44527E-04
 5.44607E-04
 5.44762E-04
 5.44766E-04
 5.44771E-04
 5.44776E-04
 5.45006E-04
 5.45010E-04
 5.45090E-04
 5.45170E-04
 5.45325E-04
 5.45404E-04
 5.45409E-04
 5.45414E-04
 5.45569E-04
 5.45873E-04
 5.46103E-04
 5.46183E-04
 5.46188E-04
 5.46418E-04
 5.46647E-04
 5.46727E-04
 5.46732E-04
 5.46887E-04
 5.47116E-04
 5.47271E-04
 5.47351E-04
 5.47581E-04
 5.47736E-04
 5.47740E-04
 5.47745E-04
 5.47900E-04
 5.48130E-04
 5.48284E-04
 5.48514E-04
 5.48744E-04
 5.48974E-04
 5.49129E-04
 5.49208E-04
 5.49288E-04
 5.49293E-04
 5.49372E-04
 5.49752E-04
 5.49832E-04
 5.49987E-04
 5.49991E-04
 5.50071E-04
 5.50151E-04
 5.50606E-04
 5.50761E-04
 5.50840E-04
 5.50995E-04
 5.51075E-04
 5.51079E-04
 5.51234E-04
 5.51464E-04
 5.51619E-04
 5.51849E-04
 5.51853E-04
 5.52008E-04
 5.52088E-04
 5.52392E-04
 5.52472E-04
 5.52552E-04
 5.52632E-04
 5.52711E-04
 5.52941E-04
 5.53021E-04
 5.53101E-04
 5.53255E-04
 5.53260E-04
 5.53340E-04
 5.53494E-04
 5.53574E-04
 5.53654E-04
 5.53733E-04
 5.53813E-04
 5.53818E-04
 5.53898E-04
 5.54127E-04
 5.54357E-04
 5.54437E-04
 5.54516E-04
 5.54521E-04
 5.54751E-04
 5.54906E-04
 5.55135E-04
 5.55290E-04
 5.55595E-04
 5.55975E-04
 5.56054E-04
 5.56134E-04
 5.56589E-04
 5.56744E-04
 5.56898E-04
 5.56978E-04
 5.57133E-04
 5.57212E-04
 5.57517E-04
 5.57597E-04
 5.57752E-04
 5.57831E-04
 5.57911E-04
 5.58141E-04
 5.58220E-04
 5.58300E-04
 5.58530E-04
 5.58685E-04
 5.58764E-04
 5.58844E-04
 5.58924E-04
 5.59078E-04
 5.59083E-04
 5.59088E-04
 5.59092E-04
 5.59397E-04
 5.59402E-04
 5.59556E-04
 5.59636E-04
 5.59791E-04
 5.60020E-04
 5.60100E-04
 5.60105E-04
 5.60184E-04
 5.60189E-04
 5.60344E-04
 5.60573E-04
 5.60653E-04
 5.60883E-04
 5.61112E-04
 5.61267E-04
 5.61347E-04
 5.61426E-04
 5.61431E-04
 5.61736E-04
 5.61890E-04
 5.61895E-04
 5.61975E-04
 5.61979E-04
 5.62059E-04
 5.62289E-04
 5.62593E-04
 5.62598E-04
 5.62753E-04
 5.62907E-04
 5.62912E-04
 5.63142E-04
 5.63146E-04
 5.63376E-04
 5.63756E-04
 5.63835E-04
 5.63915E-04
 5.64070E-04
 5.64299E-04
 5.64454E-04
 5.64459E-04
 5.64463E-04
 5.64468E-04
 5.64623E-04
 5.64777E-04
 5.64857E-04
 5.65012E-04
 5.65166E-04
 5.65321E-04
 5.65400E-04
 5.65555E-04
 5.65935E-04
 5.65939E-04
 5.66019E-04
 5.66174E-04
 5.66403E-04
 5.66558E-04
 5.66788E-04
 5.66942E-04
 5.67097E-04
 5.67402E-04
 5.67481E-04
 5.67561E-04
 5.67641E-04
 5.67870E-04
 5.67875E-04
 5.68029E-04
 5.68109E-04
 5.68264E-04
 5.68343E-04
 5.68573E-04
 5.68803E-04
 5.68807E-04
 5.68887E-04
 5.69041E-04
 5.69196E-04
 5.69201E-04
 5.69280E-04
 5.69585E-04
 5.69740E-04
 5.69894E-04
 5.69899E-04
 5.70128E-04
 5.70358E-04
 5.70438E-04
 5.70517E-04
 5.70672E-04
 5.70977E-04
 5.71131E-04
 5.71136E-04
 5.71290E-04
 5.71520E-04
 5.71825E-04
 5.71829E-04
 5.71984E-04
 5.72064E-04
 5.72143E-04
 5.72298E-04
 5.72377E-04
 5.72457E-04
 5.72536E-04
 5.72691E-04
 5.72696E-04
 5.72775E-04
 5.72930E-04
 5.73159E-04
 5.73239E-04
 5.73244E-04
 5.73473E-04
 5.73478E-04
 5.73632E-04
 5.73712E-04
 5.73866E-04
 5.74171E-04
 5.74176E-04
 5.74180E-04
 5.74335E-04
 5.74489E-04
 5.74494E-04
 5.74649E-04
 5.74803E-04
 5.75033E-04
 5.75187E-04
 5.75267E-04
 5.75271E-04
 5.75426E-04
 5.75656E-04
 5.75960E-04
 5.75965E-04
 5.76194E-04
 5.76424E-04
 5.76579E-04
 5.76808E-04
 5.76813E-04
 5.77042E-04
 5.77047E-04
 5.77277E-04
 5.77356E-04
 5.77511E-04
 5.77665E-04
 5.77670E-04
 5.77824E-04
 5.77979E-04
 5.78209E-04
 5.78363E-04
 5.78518E-04
 5.78822E-04
 5.78902E-04
 5.78906E-04
 5.79061E-04
 5.79065E-04
 5.79070E-04
 5.79224E-04
 5.79379E-04
 5.79534E-04
 5.79613E-04
 5.79693E-04
 5.79772E-04
 5.79852E-04
 5.79856E-04
 5.79861E-04
 5.79940E-04
 5.80095E-04
 5.80174E-04
 5.80629E-04
 5.80784E-04
 5.80863E-04
 5.80943E-04
 5.81097E-04
 5.81252E-04
 5.81556E-04
 5.81861E-04
 5.81940E-04
 5.82095E-04
 5.82100E-04
 5.82104E-04
 5.82183E-04
 5.82413E-04
 5.82418E-04
 5.82572E-04
 5.82802E-04
 5.82881E-04
 5.83036E-04
 5.83415E-04
 5.83420E-04
 5.83499E-04
 5.83729E-04
 5.83958E-04
 5.84113E-04
 5.84193E-04
 5.84347E-04
 5.84427E-04
 5.84506E-04
 5.84661E-04
 5.84965E-04
 5.84970E-04
 5.85049E-04
 5.85204E-04
 5.85283E-04
 5.85363E-04
 5.85742E-04
 5.85822E-04
 5.85976E-04
 5.86281E-04
 5.86285E-04
 5.86740E-04
 5.86820E-04
 5.86899E-04
 5.86978E-04
 5.87208E-04
 5.87363E-04
 5.87592E-04
 5.87597E-04
 5.87601E-04
 5.87680E-04
 5.87835E-04
 5.87990E-04
 5.87994E-04
 5.88073E-04
 5.88153E-04
 5.88232E-04
 5.88312E-04
 5.88391E-04
 5.88471E-04
 5.88550E-04
 5.88705E-04
 5.88859E-04
 5.89014E-04
 5.89168E-04
 5.89323E-04
 5.89552E-04
 5.89707E-04
 5.89786E-04
 5.89941E-04
 5.90095E-04
 5.90250E-04
 5.90254E-04
 5.90334E-04
 5.90488E-04
 5.90643E-04
 5.90722E-04
 5.90952E-04
 5.91031E-04
 5.91186E-04
 5.91340E-04
 5.91420E-04
 5.91574E-04
 5.91804E-04
 5.92033E-04
 5.92037E-04
 5.92267E-04
 5.92346E-04
 5.92351E-04
 5.92580E-04
 5.92585E-04
 5.92814E-04
 5.93044E-04
 5.93048E-04
 5.93278E-04
 5.93357E-04
 5.93362E-04
 5.93366E-04
 5.93370E-04
 5.93450E-04
 5.93529E-04
 5.93609E-04
 5.93763E-04
 5.93843E-04
 5.94297E-04
 5.94452E-04
 5.94681E-04
 5.94686E-04
 5.94690E-04
 5.94694E-04
 5.94774E-04
 5.94928E-04
 5.95158E-04
 5.95312E-04
 5.95392E-04
 5.95621E-04
 5.95926E-04
 5.96155E-04
 5.96235E-04
 5.96464E-04
 5.96769E-04
 5.96848E-04
 5.96927E-04
 5.97157E-04
 5.97461E-04
 5.97616E-04
 5.97695E-04
 5.97925E-04
 5.98004E-04
 5.98084E-04
 5.98313E-04
 5.98393E-04
 5.98547E-04
 5.98701E-04
 5.98781E-04
 5.98785E-04
 5.99015E-04
 5.99169E-04
 5.99249E-04
 5.99328E-04
 5.99407E-04
 5.99412E-04
 5.99491E-04
 5.99646E-04
 5.99725E-04
 5.99879E-04
 6.00034E-04
 6.00338E-04
 6.00343E-04
 6.00572E-04
 6.00727E-04
 6.00806E-04
 6.01035E-04
 6.01115E-04
 6.01194E-04
 6.01349E-04
 6.01353E-04
 6.01357E-04
 6.01512E-04
 6.01666E-04
 6.01746E-04
 6.01825E-04
 6.01904E-04
 6.02059E-04
 6.02288E-04
 6.02368E-04
 6.02522E-04
 6.02677E-04
 6.02831E-04
 6.03060E-04
 6.03065E-04
 6.03369E-04
 6.03524E-04
 6.03603E-04
 6.03983E-04
 6.03987E-04
 6.04141E-04
 6.04221E-04
 6.04375E-04
 6.04379E-04
 6.04459E-04
 6.04613E-04
 6.04843E-04
 6.04922E-04
 6.05001E-04
 6.05231E-04
 6.05535E-04
 6.05615E-04
 6.05769E-04
 6.05773E-04
 6.06003E-04
 6.06157E-04
 6.06462E-04
 6.06541E-04
 6.06620E-04
 6.06625E-04
 6.06779E-04
 6.06783E-04
 6.06938E-04
 6.07167E-04
 6.07247E-04
 6.07326E-04
 6.07630E-04
 6.07710E-04
 6.07714E-04
 6.07718E-04
 6.07873E-04
 6.08027E-04
 6.08107E-04
 6.08186E-04
 6.08190E-04
 6.08345E-04
 6.08499E-04
 6.08578E-04
 6.08733E-04
 6.08812E-04
 6.09042E-04
 6.09346E-04
 6.09425E-04
 6.09580E-04
 6.09734E-04
 6.09813E-04
 6.09818E-04
 6.09972E-04
 6.09976E-04
 6.10131E-04
 6.10360E-04
 6.10515E-04
 6.10519E-04
 6.10598E-04
 6.10753E-04
 6.11132E-04
 6.11211E-04
 6.11441E-04
 6.11520E-04
 6.11674E-04
 6.11829E-04
 6.11983E-04
 6.12138E-04
 6.12292E-04
 6.12371E-04
 6.12451E-04
 6.12530E-04
 6.12684E-04
 6.12839E-04
 6.12918E-04
 6.12997E-04
 6.13002E-04
 6.13081E-04
 6.13310E-04
 6.13615E-04
 6.13769E-04
 6.13773E-04
 6.14003E-04
 6.14457E-04
 6.14536E-04
 6.14616E-04
 6.14620E-04
 6.14774E-04
 6.15004E-04
 6.15083E-04
 6.15312E-04
 6.15542E-04
 6.15771E-04
 6.15851E-04
 6.15930E-04
 6.16009E-04
 6.16088E-04
 6.16318E-04
 6.16397E-04
 6.16401E-04
 6.16631E-04
 6.16785E-04
 6.16939E-04
 6.17094E-04
 6.17098E-04
 6.17252E-04
 6.17407E-04
 6.17786E-04
 6.18016E-04
 6.18020E-04
 6.18024E-04
 6.18103E-04
 6.18333E-04
 6.18487E-04
 6.18641E-04
 6.18796E-04
 6.18800E-04
 6.18954E-04
 6.19109E-04
 6.19338E-04
 6.19342E-04
 6.19346E-04
 6.19576E-04
 6.19730E-04
 6.19734E-04
 6.19814E-04
 6.19893E-04
 6.19972E-04
 6.19976E-04
 6.19981E-04
 6.20210E-04
 6.20289E-04
 6.20369E-04
 6.20448E-04
 6.20752E-04
 6.20982E-04
 6.20986E-04
 6.21215E-04
 6.21294E-04
 6.21299E-04
 6.21453E-04
 6.21682E-04
 6.21987E-04
 6.22216E-04
 6.22370E-04
 6.22450E-04
 6.22529E-04
 6.22533E-04
 6.22838E-04
 6.22917E-04
 6.22921E-04
 6.22925E-04
 6.23004E-04
 6.23234E-04
 6.23388E-04
 6.23542E-04
 6.23622E-04
 6.23776E-04
 6.24080E-04
 6.24160E-04
 6.24164E-04
 6.24393E-04
 6.24472E-04
 6.24627E-04
 6.24706E-04
 6.24935E-04
 6.25165E-04
 6.25319E-04
 6.25473E-04
 6.25477E-04
 6.25557E-04
 6.25711E-04
 6.25940E-04
 6.25944E-04
 6.25949E-04
 6.25953E-04
 6.25957E-04
 6.25961E-04
 6.26116E-04
 6.26270E-04
 6.26574E-04
 6.26879E-04
 6.27183E-04
 6.27562E-04
 6.27641E-04
 6.27796E-04
 6.27800E-04
 6.27954E-04
 6.28033E-04
 6.28188E-04
 6.28267E-04
 6.28571E-04
 6.28726E-04
 6.28955E-04
 6.28959E-04
 6.29188E-04
 6.29268E-04
 6.29497E-04
 6.29651E-04
 6.29730E-04
 6.29885E-04
 6.29964E-04
 6.30118E-04
 6.30197E-04
 6.30352E-04
 6.30506E-04
 6.30585E-04
 6.30589E-04
 6.30668E-04
 6.30823E-04
 6.30977E-04
 6.31056E-04
 6.31060E-04
 6.31065E-04
 6.31144E-04
 6.31298E-04
 6.31452E-04
 6.31456E-04
 6.31611E-04
 6.31690E-04
 6.31769E-04
 6.31848E-04
 6.31928E-04
 6.32157E-04
 6.32461E-04
 6.32690E-04
 6.33070E-04
 6.33224E-04
 6.33303E-04
 6.33533E-04
 6.33687E-04
 6.33766E-04
 6.33995E-04
 6.34300E-04
 6.34454E-04
 6.34608E-04
 6.34687E-04
 6.34992E-04
 6.35146E-04
 6.35150E-04
 6.35229E-04
 6.35233E-04
 6.35388E-04
 6.35392E-04
 6.35546E-04
 6.35700E-04
 6.35779E-04
 6.35783E-04
 6.35788E-04
 6.35942E-04
 6.36021E-04
 6.36175E-04
 6.36254E-04
 6.36634E-04
 6.36713E-04
 6.36867E-04
 6.36871E-04
 6.36876E-04
 6.36955E-04
 6.37109E-04
 6.37113E-04
 6.37267E-04
 6.37346E-04
 6.37501E-04
 6.37505E-04
 6.37659E-04
 6.37963E-04
 6.38343E-04
 6.38647E-04
 6.38876E-04
 6.38955E-04
 6.39185E-04
 6.39264E-04
 6.39343E-04
 6.39647E-04
 6.39651E-04
 6.39731E-04
 6.39810E-04
 6.39889E-04
 6.40118E-04
 6.40272E-04
 6.40276E-04
 6.40356E-04
 6.40510E-04
 6.40514E-04
 6.40668E-04
 6.40897E-04
 6.40977E-04
 6.40981E-04
 6.41210E-04
 6.41289E-04
 6.41293E-04
 6.41372E-04
 6.41452E-04
 6.41456E-04
 6.41535E-04
 6.41539E-04
 6.41618E-04
 6.41622E-04
 6.41701E-04
 6.41856E-04
 6.41935E-04
 6.42089E-04
 6.42168E-04
 6.42247E-04
 6.42326E-04
 6.42330E-04
 6.42710E-04
 6.43014E-04
 6.43543E-04
 6.43848E-04
 6.44152E-04
 6.44231E-04
 6.44535E-04
 6.44840E-04
 6.44844E-04
 6.45073E-04
 6.45302E-04
 6.45531E-04
 6.45761E-04
 6.45765E-04
 6.45919E-04
 6.45998E-04
 6.46002E-04
 6.46156E-04
 6.46235E-04
 6.46390E-04
 6.46544E-04
 6.46698E-04
 6.46702E-04
 6.46706E-04
 6.46860E-04
 6.46864E-04
 6.47018E-04
 6.47098E-04
 6.47177E-04
 6.47331E-04
 6.47485E-04
 6.47639E-04
 6.47643E-04
 6.47873E-04
 6.48027E-04
 6.48031E-04
 6.48035E-04
 6.48039E-04
 6.48268E-04
 6.48497E-04
 6.48727E-04
 6.48956E-04
 6.49185E-04
 6.49339E-04
 6.49493E-04
 6.49722E-04
 6.49877E-04
 6.49956E-04
 6.50260E-04
 6.50339E-04
 6.50493E-04
 6.50497E-04
 6.50501E-04
 6.50655E-04
 6.50735E-04
 6.50739E-04
 6.50893E-04
 6.50972E-04
 6.51201E-04
 6.51355E-04
 6.51509E-04
 6.51588E-04
 6.51593E-04
 6.51672E-04
 6.51676E-04
 6.51755E-04
 6.52059E-04
 6.52138E-04
 6.52292E-04
 6.52371E-04
 6.52375E-04
 6.52680E-04
 6.52759E-04
 6.52988E-04
 6.53142E-04
 6.53221E-04
 6.53300E-04
 6.53304E-04
 6.53458E-04
 6.53538E-04
 6.53542E-04
 6.53696E-04
 6.53775E-04
 6.53929E-04
 6.54233E-04
 6.54387E-04
 6.54541E-04
 6.54696E-04
 6.54925E-04
 6.55229E-04
 6.55308E-04
 6.55537E-04
 6.55616E-04
 6.55695E-04
 6.55774E-04
 6.55853E-04
 6.56083E-04
 6.56162E-04
 6.56166E-04
 6.56245E-04
 6.56249E-04
 6.56478E-04
 6.56707E-04
 6.56786E-04
 6.56865E-04
 6.57095E-04
 6.57174E-04
 6.57403E-04
 6.57557E-04
 6.57711E-04
 6.57715E-04
 6.57794E-04
 6.57948E-04
 6.58027E-04
 6.58181E-04
 6.58260E-04
 6.58339E-04
 6.58419E-04
 6.58498E-04
 6.58652E-04
 6.58806E-04
 6.59035E-04
 6.59264E-04
 6.59493E-04
 6.59572E-04
 6.59801E-04
 6.59805E-04
 6.59885E-04
 6.60114E-04
 6.60268E-04
 6.60422E-04
 6.60501E-04
 6.60730E-04
 6.60809E-04
 6.60888E-04
 6.61042E-04
 6.61346E-04
 6.61501E-04
 6.61505E-04
 6.61734E-04
 6.61738E-04
 6.61817E-04
 6.61971E-04
 6.62200E-04
 6.62279E-04
 6.62433E-04
 6.62437E-04
 6.62441E-04
 6.62520E-04
 6.62749E-04
 6.62828E-04
 6.62907E-04
 6.62986E-04
 6.62990E-04
 6.63069E-04
 6.63299E-04
 6.63378E-04
 6.63532E-04
 6.63911E-04
 6.63915E-04
 6.64069E-04
 6.64223E-04
 6.64452E-04
 6.64606E-04
 6.64910E-04
 6.65064E-04
 6.65294E-04
 6.65373E-04
 6.65452E-04
 6.65456E-04
 6.65685E-04
 6.65764E-04
 6.65843E-04
 6.65997E-04
 6.66076E-04
 6.66305E-04
 6.66309E-04
 6.66463E-04
 6.66542E-04
 6.66921E-04
 6.67000E-04
 6.67079E-04
 6.67308E-04
 6.67538E-04
 6.67842E-04
 6.67846E-04
 6.67925E-04
 6.67929E-04
 6.68158E-04
 6.68237E-04
 6.68391E-04
 6.68470E-04
 6.68624E-04
 6.68703E-04
 6.68707E-04
 6.68711E-04
 6.68865E-04
 6.68944E-04
 6.68948E-04
 6.69027E-04
 6.69106E-04
 6.69260E-04
 6.69264E-04
 6.69493E-04
 6.69647E-04
 6.69801E-04
 6.70030E-04
 6.70109E-04
 6.70263E-04
 6.70567E-04
 6.70721E-04
 6.70725E-04
 6.70880E-04
 6.71184E-04
 6.71413E-04
 6.71417E-04
 6.71571E-04
 6.71650E-04
 6.71729E-04
 6.71733E-04
 6.71812E-04
 6.71816E-04
 6.71895E-04
 6.72199E-04
 6.72278E-04
 6.72357E-04
 6.72436E-04
 6.72665E-04
 6.72744E-04
 6.72898E-04
 6.72902E-04
 6.72906E-04
 6.72910E-04
 6.73064E-04
 6.73143E-04
 6.73297E-04
 6.73376E-04
 6.73530E-04
 6.73759E-04
 6.73913E-04
 6.73992E-04
 6.74296E-04
 6.74450E-04
 6.74454E-04
 6.74608E-04
 6.74687E-04
 6.74841E-04
 6.74920E-04
 6.75224E-04
 6.75603E-04
 6.75682E-04
 6.75911E-04
 6.75915E-04
 6.75994E-04
 6.76223E-04
 6.76302E-04
 6.76381E-04
 6.76610E-04
 6.76764E-04
 6.76768E-04
 6.76772E-04
 6.77076E-04
 6.77230E-04
 6.77384E-04
 6.77538E-04
 6.77617E-04
 6.77696E-04
 6.77925E-04
 6.78079E-04
 6.78233E-04
 6.78237E-04
 6.78316E-04
 6.78695E-04
 6.78924E-04
 6.79153E-04
 6.79157E-04
 6.79236E-04
 6.79315E-04
 6.79544E-04
 6.79698E-04
 6.79852E-04
 6.79856E-04
 6.80085E-04
 6.80164E-04
 6.80243E-04
 6.80547E-04
 6.80701E-04
 6.80705E-04
 6.80784E-04
 6.80938E-04
 6.80942E-04
 6.80946E-04
 6.80950E-04
 6.81029E-04
 6.81258E-04
 6.81487E-04
 6.81641E-04
 6.81645E-04
 6.81724E-04
 6.81803E-04
 6.81807E-04
 6.82036E-04
 6.82114E-04
 6.82268E-04
 6.82422E-04
 6.82726E-04
 6.82805E-04
 6.82884E-04
 6.83113E-04
 6.83267E-04
 6.83346E-04
 6.83350E-04
 6.83579E-04
 6.83583E-04
 6.83662E-04
 6.83891E-04
 6.83970E-04
 6.84049E-04
 6.84053E-04
 6.84282E-04
 6.84436E-04
 6.84515E-04
 6.84519E-04
 6.84673E-04
 6.84677E-04
 6.84756E-04
 6.84985E-04
 6.85364E-04
 6.85368E-04
 6.85522E-04
 6.85600E-04
 6.85754E-04
 6.85908E-04
 6.86212E-04
 6.86366E-04
 6.86445E-04
 6.86824E-04
 6.86828E-04
 6.86832E-04
 6.86836E-04
 6.86990E-04
 6.86994E-04
 6.87448E-04
 6.87527E-04
 6.87756E-04
 6.87985E-04
 6.87989E-04
 6.88068E-04
 6.88147E-04
 6.88151E-04
 6.88154E-04
 6.88308E-04
 6.88462E-04
 6.88616E-04
 6.88770E-04
 6.88774E-04
 6.88778E-04
 6.89082E-04
 6.89236E-04
 6.89315E-04
 6.89394E-04
 6.89473E-04
 6.89477E-04
 6.89480E-04
 6.89709E-04
 6.89788E-04
 6.90017E-04
 6.90096E-04
 6.90250E-04
 6.90329E-04
 6.90408E-04
 6.90712E-04
 6.90716E-04
 6.90945E-04
 6.90949E-04
 6.91178E-04
 6.91257E-04
 6.91336E-04
 6.91715E-04
 6.91869E-04
 6.91872E-04
 6.92176E-04
 6.92180E-04
 6.92259E-04
 6.92488E-04
 6.92642E-04
 6.92646E-04
 6.92800E-04
 6.93104E-04
 6.93183E-04
 6.93262E-04
 6.93491E-04
 6.93570E-04
 6.93573E-04
 6.93577E-04
 6.93731E-04
 6.93960E-04
 6.93964E-04
 6.94193E-04
 6.94197E-04
 6.94276E-04
 6.94355E-04
 6.94508E-04
 6.94587E-04
 6.94741E-04
 6.94895E-04
 6.94899E-04
 6.94978E-04
 6.95132E-04
 6.95136E-04
 6.95440E-04
 6.95669E-04
 6.96123E-04
 6.96202E-04
 6.96205E-04
 6.96509E-04
 6.96663E-04
 6.96742E-04
 6.96821E-04
 6.96825E-04
 6.96904E-04
 6.97133E-04
 6.97137E-04
 6.97441E-04
 6.97595E-04
 6.97673E-04
 6.97752E-04
 6.97756E-04
 6.97985E-04
 6.98139E-04
 6.98368E-04
 6.98522E-04
 6.98601E-04
 6.98830E-04
 6.98909E-04
 6.98987E-04
 6.98991E-04
 6.99220E-04
 6.99224E-04
 6.99378E-04
 6.99532E-04
 6.99761E-04
 6.99765E-04
 6.99843E-04
 6.99922E-04
 7.00226E-04
 7.00305E-04
 7.00384E-04
 7.00613E-04
 7.00617E-04
 7.00771E-04
 7.00774E-04
 7.00853E-04
 7.00932E-04
 7.01011E-04
 7.01315E-04
 7.01319E-04
 7.01323E-04
 7.01477E-04
 7.01555E-04
 7.01709E-04
 7.01938E-04
 7.01942E-04
 7.02021E-04
 7.02025E-04
 7.02179E-04
 7.02483E-04
 7.02561E-04
 7.02640E-04
 7.02719E-04
 7.02873E-04
 7.03027E-04
 7.03106E-04
 7.03185E-04
 7.03263E-04
 7.03342E-04
 7.03421E-04
 7.03500E-04
 7.03579E-04
 7.03883E-04
 7.04037E-04
 7.04115E-04
 7.04194E-04
 7.04348E-04
 7.04427E-04
 7.04506E-04
 7.04510E-04
 7.04588E-04
 7.04742E-04
 7.04896E-04
 7.04975E-04
 7.05129E-04
 7.05133E-04
 7.05287E-04
 7.05440E-04
 7.05744E-04
 7.05748E-04
 7.05977E-04
 7.06281E-04
 7.06285E-04
 7.06364E-04
 7.06518E-04
 7.06671E-04
 7.06750E-04
 7.06979E-04
 7.07058E-04
 7.07212E-04
 7.07216E-04
 7.07445E-04
 7.07448E-04
 7.07527E-04
 7.07756E-04
 7.07985E-04
 7.08289E-04
 7.08368E-04
 7.08446E-04
 7.08450E-04
 7.08604E-04
 7.08683E-04
 7.08687E-04
 7.08841E-04
 7.08844E-04
 7.08848E-04
 7.09002E-04
 7.09081E-04
 7.09310E-04
 7.09389E-04
 7.09392E-04
 7.09771E-04
 7.09850E-04
 7.10004E-04
 7.10308E-04
 7.10387E-04
 7.10465E-04
 7.10769E-04
 7.11073E-04
 7.11152E-04
 7.11231E-04
 7.11310E-04
 7.11464E-04
 7.11467E-04
 7.11771E-04
 7.11925E-04
 7.12004E-04
 7.12008E-04
 7.12086E-04
 7.12315E-04
 7.12394E-04
 7.12473E-04
 7.12552E-04
 7.12631E-04
 7.12784E-04
 7.12788E-04
 7.12792E-04
 7.12946E-04
 7.13025E-04
 7.13253E-04
 7.13407E-04
 7.13486E-04
 7.13565E-04
 7.13569E-04
 7.13722E-04
 7.13801E-04
 7.13805E-04
 7.14184E-04
 7.14263E-04
 7.14342E-04
 7.14495E-04
 7.14499E-04
 7.14803E-04
 7.14807E-04
 7.14811E-04
 7.14889E-04
 7.15043E-04
 7.15122E-04
 7.15126E-04
 7.15129E-04
 7.15133E-04
 7.15212E-04
 7.15366E-04
 7.15445E-04
 7.15899E-04
 7.15902E-04
 7.16131E-04
 7.16285E-04
 7.16439E-04
 7.16593E-04
 7.16746E-04
 7.16750E-04
 7.16829E-04
 7.16833E-04
 7.16986E-04
 7.17065E-04
 7.17294E-04
 7.17448E-04
 7.17602E-04
 7.17605E-04
 7.17834E-04
 7.17988E-04
 7.18142E-04
 7.18221E-04
 7.18299E-04
 7.18303E-04
 7.18382E-04
 7.18611E-04
 7.18765E-04
 7.18918E-04
 7.18997E-04
 7.19151E-04
 7.19230E-04
 7.19609E-04
 7.19687E-04
 7.19841E-04
 7.19920E-04
 7.19924E-04
 7.20003E-04
 7.20156E-04
 7.20310E-04
 7.20464E-04
 7.20543E-04
 7.20546E-04
 7.20625E-04
 7.20629E-04
 7.20708E-04
 7.20786E-04
 7.20865E-04
 7.20944E-04
 7.21098E-04
 7.21101E-04
 7.21255E-04
 7.21259E-04
 7.21413E-04
 7.21416E-04
 7.21570E-04
 7.21724E-04
 7.21878E-04
 7.21882E-04
 7.22185E-04
 7.22264E-04
 7.22268E-04
 7.22497E-04
 7.22575E-04
 7.22654E-04
 7.22658E-04
 7.22887E-04
 7.22965E-04
 7.23119E-04
 7.23198E-04
 7.23352E-04
 7.23431E-04
 7.23509E-04
 7.23588E-04
 7.23742E-04
 7.23821E-04
 7.23824E-04
 7.24053E-04
 7.24207E-04
 7.24361E-04
 7.24364E-04
 7.24518E-04
 7.24672E-04
 7.24826E-04
 7.24904E-04
 7.24983E-04
 7.24987E-04
 7.25216E-04
 7.25219E-04
 7.25448E-04
 7.25602E-04
 7.25681E-04
 7.25984E-04
 7.26138E-04
 7.26142E-04
 7.26146E-04
 7.26449E-04
 7.26453E-04
 7.26607E-04
 7.26761E-04
 7.26914E-04
 7.26918E-04
 7.27147E-04
 7.27226E-04
 7.27379E-04
 7.27458E-04
 7.27537E-04
 7.27691E-04
 7.27694E-04
 7.27698E-04
 7.27777E-04
 7.27931E-04
 7.28009E-04
 7.28088E-04
 7.28242E-04
 7.28471E-04
 7.28474E-04
 7.28553E-04
 7.28632E-04
 7.28710E-04
 7.28789E-04
 7.29018E-04
 7.29247E-04
 7.29250E-04
 7.29329E-04
 7.29558E-04
 7.29637E-04
 7.29940E-04
 7.30019E-04
 7.30173E-04
 7.30177E-04
 7.30255E-04
 7.30334E-04
 7.30563E-04
 7.30566E-04
 7.30645E-04
 7.30649E-04
 7.30878E-04
 7.31031E-04
 7.31185E-04
 7.31264E-04
 7.31342E-04
 7.31421E-04
 7.31425E-04
 7.31579E-04
 7.31657E-04
 7.31661E-04
 7.31815E-04
 7.31893E-04
 7.31972E-04
 7.32051E-04
 7.32054E-04
 7.32283E-04
 7.32437E-04
 7.32441E-04
 7.32519E-04
 7.32673E-04
 7.32752E-04
 7.32830E-04
 7.32834E-04
 7.33138E-04
 7.33142E-04
 7.33220E-04
 7.33374E-04
 7.33378E-04
 7.33456E-04
 7.33535E-04
 7.33689E-04
 7.33692E-04
 7.33696E-04
 7.33700E-04
 7.33778E-04
 7.33782E-04
 7.33861E-04
 7.33939E-04
 7.34093E-04
 7.34472E-04
 7.34626E-04
 7.34704E-04
 7.34783E-04
 7.34862E-04
 7.34940E-04
 7.35019E-04
 7.35023E-04
 7.35177E-04
 7.35555E-04
 7.35634E-04
 7.35713E-04
 7.35866E-04
 7.36095E-04
 7.36324E-04
 7.36328E-04
 7.36406E-04
 7.36485E-04
 7.36489E-04
 7.36492E-04
 7.36646E-04
 7.36725E-04
 7.36728E-04
 7.36882E-04
 7.37186E-04
 7.37189E-04
 7.37268E-04
 7.37347E-04
 7.37350E-04
 7.37429E-04
 7.37433E-04
 7.37586E-04
 7.37665E-04
 7.37819E-04
 7.38048E-04
 7.38126E-04
 7.38130E-04
 7.38208E-04
 7.38437E-04
 7.38516E-04
 7.38595E-04
 7.38748E-04
 7.38752E-04
 7.38906E-04
 7.38984E-04
 7.39138E-04
 7.39142E-04
 7.39295E-04
 7.39374E-04
 7.39378E-04
 7.39531E-04
 7.39685E-04
 7.39764E-04
 7.39917E-04
 7.39996E-04
 7.40150E-04
 7.40228E-04
 7.40532E-04
 7.40611E-04
 7.40689E-04
 7.40768E-04
 7.40847E-04
 7.40925E-04
 7.41079E-04
 7.41083E-04
 7.41161E-04
 7.41240E-04
 7.41319E-04
 7.41397E-04
 7.41476E-04
 7.41480E-04
 7.41558E-04
 7.41712E-04
 7.41866E-04
 7.41944E-04
 7.42023E-04
 7.42026E-04
 7.42255E-04
 7.42334E-04
 7.42412E-04
 7.42416E-04
 7.42420E-04
 7.42573E-04
 7.42802E-04
 7.42881E-04
 7.42959E-04
 7.43038E-04
 7.43117E-04
 7.43270E-04
 7.43424E-04
 7.43578E-04
 7.43731E-04
 7.43885E-04
 7.43964E-04
 7.44192E-04
 7.44196E-04
 7.44200E-04
 7.44203E-04
 7.44432E-04
 7.44661E-04
 7.44814E-04
 7.44818E-04
 7.44896E-04
 7.44975E-04
 7.45054E-04
 7.45132E-04
 7.45286E-04
 7.45515E-04
 7.45668E-04
 7.45672E-04
 7.45751E-04
 7.45829E-04
 7.45983E-04
 7.46062E-04
 7.46065E-04
 7.46294E-04
 7.46448E-04
 7.46526E-04
 7.46605E-04
 7.46833E-04
 7.46912E-04
 7.46916E-04
 7.46919E-04
 7.46923E-04
 7.46926E-04
 7.47230E-04
 7.47309E-04
 7.47462E-04
 7.47541E-04
 7.47620E-04
 7.47623E-04
 7.47627E-04
 7.47780E-04
 7.47784E-04
 7.47938E-04
 7.48091E-04
 7.48095E-04
 7.48099E-04
 7.48177E-04
 7.48331E-04
 7.48409E-04
 7.48413E-04
 7.48492E-04
 7.48645E-04
 7.48799E-04
 7.48953E-04
 7.49031E-04
 7.49035E-04
 7.49038E-04
 7.49117E-04
 7.49196E-04
 7.49274E-04
 7.49353E-04
 7.49431E-04
 7.49510E-04
 7.49589E-04
 7.49667E-04
 7.49821E-04
 7.49899E-04
 7.49903E-04
 7.49982E-04
 7.50060E-04
 7.50064E-04
 7.50142E-04
 7.50221E-04
 7.50225E-04
 7.50453E-04
 7.50457E-04
 7.50610E-04
 7.50689E-04
 7.50843E-04
 7.50846E-04
 7.50925E-04
 7.51078E-04
 7.51232E-04
 7.51461E-04
 7.51689E-04
 7.51768E-04
 7.51847E-04
 7.52000E-04
 7.52229E-04
 7.52382E-04
 7.52536E-04
 7.52615E-04
 7.52693E-04
 7.52847E-04
 7.53001E-04
 7.53229E-04
 7.53458E-04
 7.53461E-04
 7.53465E-04
 7.53469E-04
 7.53697E-04
 7.53701E-04
 7.53779E-04
 7.53858E-04
 7.53936E-04
 7.53940E-04
 7.54019E-04
 7.54172E-04
 7.54326E-04
 7.54479E-04
 7.54558E-04
 7.54637E-04
 7.54790E-04
 7.55019E-04
 7.55097E-04
 7.55176E-04
 7.55180E-04
 7.55258E-04
 7.55262E-04
 7.55340E-04
 7.55419E-04
 7.55497E-04
 7.55576E-04
 7.55580E-04
 7.55733E-04
 7.55737E-04
 7.55815E-04
 7.55894E-04
 7.55897E-04
 7.55976E-04
 7.55979E-04
 7.56058E-04
 7.56137E-04
 7.56365E-04
 7.56444E-04
 7.56672E-04
 7.56976E-04
 7.57055E-04
 7.57133E-04
 7.57437E-04
 7.57591E-04
 7.57744E-04
 7.57823E-04
 7.57826E-04
 7.57830E-04
 7.57983E-04
 7.58062E-04
 7.58065E-04
 7.58069E-04
 7.58073E-04
 7.58226E-04
 7.58230E-04
 7.58308E-04
 7.58387E-04
 7.58390E-04
 7.58619E-04
 7.58697E-04
 7.58776E-04
 7.58855E-04
 7.58858E-04
 7.58862E-04
 7.59015E-04
 7.59094E-04
 7.59247E-04
 7.59251E-04
 7.59329E-04
 7.59483E-04
 7.59487E-04
 7.59565E-04
 7.59644E-04
 7.59647E-04
 7.59801E-04
 7.59954E-04
 7.60033E-04
 7.60187E-04
 7.60340E-04
 7.60344E-04
 7.60422E-04
 7.60726E-04
 7.60729E-04
 7.60808E-04
 7.60886E-04
 7.60965E-04
 7.60968E-04
 7.61122E-04
 7.61201E-04
 7.61354E-04
 7.61808E-04
 7.61886E-04
 7.62040E-04
 7.62119E-04
 7.62122E-04
 7.62276E-04
 7.62429E-04
 7.62433E-04
 7.62586E-04
 7.62740E-04
 7.62743E-04
 7.62822E-04
 7.62900E-04
 7.62904E-04
 7.62982E-04
 7.62986E-04
 7.63140E-04
 7.63143E-04
 7.63147E-04
 7.63150E-04
 7.63304E-04
 7.63382E-04
 7.63461E-04
 7.63614E-04
 7.63768E-04
 7.63771E-04
 7.63925E-04
 7.64003E-04
 7.64007E-04
 7.64386E-04
 7.64539E-04
 7.64618E-04
 7.64696E-04
 7.64775E-04
 7.64853E-04
 7.64932E-04
 7.64935E-04
 7.65014E-04
 7.65092E-04
 7.65246E-04
 7.65249E-04
 7.65328E-04
 7.65406E-04
 7.65485E-04
 7.65638E-04
 7.65642E-04
 7.65720E-04
 7.65799E-04
 7.65802E-04
 7.65956E-04
 7.66035E-04
 7.66188E-04
 7.66267E-04
 7.66270E-04
 7.66724E-04
 7.66727E-04
 7.66806E-04
 7.66809E-04
 7.66888E-04
 7.67041E-04
 7.67195E-04
 7.67273E-04
 7.67352E-04
 7.67430E-04
 7.67509E-04
 7.67512E-04
 7.67591E-04
 7.67820E-04
 7.67898E-04
 7.68052E-04
 7.68055E-04
 7.68284E-04
 7.68287E-04
 7.68291E-04
 7.68294E-04
 7.68373E-04
 7.68451E-04
 7.68605E-04
 7.68758E-04
 7.68987E-04
 7.68990E-04
 7.69144E-04
 7.69147E-04
 7.69226E-04
 7.69304E-04
 7.69383E-04
 7.69461E-04
 7.69540E-04
 7.69693E-04
 7.69697E-04
 7.69850E-04
 7.69854E-04
 7.70007E-04
 7.70086E-04
 7.70164E-04
 7.70318E-04
 7.70321E-04
 7.70550E-04
 7.70853E-04
 7.70857E-04
 7.71010E-04
 7.71089E-04
 7.71092E-04
 7.71171E-04
 7.71249E-04
 7.71403E-04
 7.71406E-04
 7.71485E-04
 7.71563E-04
 7.71567E-04
 7.71645E-04
 7.71799E-04
 7.71877E-04
 7.71956E-04
 7.72034E-04
 7.72113E-04
 7.72191E-04
 7.72345E-04
 7.72423E-04
 7.72577E-04
 7.72655E-04
 7.72734E-04
 7.72737E-04
 7.72891E-04
 7.73044E-04
 7.73273E-04
 7.73276E-04
 7.73280E-04
 7.73358E-04
 7.73512E-04
 7.73515E-04
 7.73518E-04
 7.73672E-04
 7.73750E-04
 7.73754E-04
 7.73982E-04
 7.74286E-04
 7.74365E-04
 7.74368E-04
 7.74446E-04
 7.74525E-04
 7.74528E-04
 7.74757E-04
 7.74835E-04
 7.74839E-04
 7.74842E-04
 7.74846E-04
 7.74849E-04
 7.74928E-04
 7.75081E-04
 7.75160E-04
 7.75163E-04
 7.75166E-04
 7.75245E-04
 7.75248E-04
 7.75477E-04
 7.75480E-04
 7.75559E-04
 7.75637E-04
 7.75791E-04
 7.75869E-04
 7.75948E-04
 7.76101E-04
 7.76180E-04
 7.76183E-04
 7.76262E-04
 7.76490E-04
 7.76569E-04
 7.76572E-04
 7.76650E-04
 7.76804E-04
 7.76807E-04
 7.77036E-04
 7.77114E-04
 7.77118E-04
 7.77196E-04
 7.77275E-04
 7.77503E-04
 7.77582E-04
 7.77735E-04
 7.77814E-04
 7.77892E-04
 7.77971E-04
 7.78049E-04
 7.78127E-04
 7.78131E-04
 7.78134E-04
 7.78288E-04
 7.78366E-04
 7.78520E-04
 7.78823E-04
 7.78977E-04
 7.79205E-04
 7.79284E-04
 7.79512E-04
 7.79591E-04
 7.79744E-04
 7.79748E-04
 7.79901E-04
 7.79904E-04
 7.79908E-04
 7.80136E-04
 7.80140E-04
 7.80293E-04
 7.80372E-04
 7.80525E-04
 7.80754E-04
 7.80757E-04
 7.81136E-04
 7.81289E-04
 7.81293E-04
 7.81296E-04
 7.81374E-04
 7.81453E-04
 7.81531E-04
 7.81535E-04
 7.81538E-04
 7.81542E-04
 7.81695E-04
 7.81773E-04
 7.82077E-04
 7.82080E-04
 7.82234E-04
 7.82387E-04
 7.82391E-04
 7.82394E-04
 7.82398E-04
 7.82551E-04
 7.82554E-04
 7.82633E-04
 7.82711E-04
 7.82790E-04
 7.82868E-04
 7.82872E-04
 7.82875E-04
 7.83254E-04
 7.83332E-04
 7.83410E-04
 7.83414E-04
 7.83642E-04
 7.83646E-04
 7.83649E-04
 7.83652E-04
 7.83806E-04
 7.84109E-04
 7.84113E-04
 7.84116E-04
 7.84120E-04
 7.84273E-04
 7.84351E-04
 7.84355E-04
 7.84433E-04
 7.84512E-04
 7.84590E-04
 7.84594E-04
 7.84822E-04
 7.84900E-04
 7.85054E-04
 7.85132E-04
 7.85286E-04
 7.85289E-04
 7.85293E-04
 7.85521E-04
 7.85599E-04
 7.85603E-04
 7.85606E-04
 7.85610E-04
 7.85763E-04
 7.85766E-04
 7.85845E-04
 7.85923E-04
 7.86002E-04
 7.86230E-04
 7.86309E-04
 7.86537E-04
 7.86615E-04
 7.86694E-04
 7.86847E-04
 7.86926E-04
 7.87079E-04
 7.87083E-04
 7.87086E-04
 7.87164E-04
 7.87243E-04
 7.87396E-04
 7.87475E-04
 7.87553E-04
 7.87631E-04
 7.87635E-04
 7.87713E-04
 7.87792E-04
 7.87795E-04
 7.87948E-04
 7.87952E-04
 7.88030E-04
 7.88184E-04
 7.88262E-04
 7.88265E-04
 7.88494E-04
 7.88572E-04
 7.88726E-04
 7.88804E-04
 7.88958E-04
 7.89111E-04
 7.89114E-04
 7.89268E-04
 7.89346E-04
 7.89500E-04
 7.89578E-04
 7.89806E-04
 7.89810E-04
 7.89963E-04
 7.90117E-04
 7.90120E-04
 7.90123E-04
 7.90127E-04
 7.90205E-04
 7.90208E-04
 7.90212E-04
 7.90215E-04
 7.90219E-04
 7.90372E-04
 7.90375E-04
 7.90454E-04
 7.90457E-04
 7.90610E-04
 7.90689E-04
 7.90767E-04
 7.90921E-04
 7.90924E-04
 7.90927E-04
 7.91006E-04
 7.91009E-04
 7.91088E-04
 7.91166E-04
 7.91244E-04
 7.91398E-04
 7.91476E-04
 7.91705E-04
 7.91708E-04
 7.91786E-04
 7.91940E-04
 7.92018E-04
 7.92096E-04
 7.92325E-04
 7.92478E-04
 7.92557E-04
 7.92635E-04
 7.92864E-04
 7.92867E-04
 7.93020E-04
 7.93099E-04
 7.93102E-04
 7.93180E-04
 7.93184E-04
 7.93262E-04
 7.93491E-04
 7.93494E-04
 7.93497E-04
 7.93576E-04
 7.93654E-04
 7.93807E-04
 7.93961E-04
 7.94114E-04
 7.94193E-04
 7.94271E-04
 7.94424E-04
 7.94578E-04
 7.94731E-04
 7.94734E-04
 7.94813E-04
 7.94816E-04
 7.95045E-04
 7.95273E-04
 7.95276E-04
 7.95280E-04
 7.95358E-04
 7.95361E-04
 7.95440E-04
 7.95743E-04
 7.95822E-04
 7.95900E-04
 7.96053E-04
 7.96057E-04
 7.96135E-04
 7.96288E-04
 7.96367E-04
 7.96370E-04
 7.96448E-04
 7.96752E-04
 7.96755E-04
 7.96984E-04
 7.97062E-04
 7.97140E-04
 7.97144E-04
 7.97147E-04
 7.97225E-04
 7.97304E-04
 7.97307E-04
 7.97310E-04
 7.97314E-04
 7.97392E-04
 7.97546E-04
 7.97624E-04
