 1.83722E-03
 1.83625E-03
 1.83586E-03
 1.83519E-03
 1.83445E-03
 1.83366E-03
 1.83281E-03
 1.83192E-03
 1.83097E-03
 1.82997E-03
 1.82891E-03
 1.82779E-03
 1.82681E-03
 1.82595E-03
 1.82510E-03
 1.82381E-03
 1.82246E-03
 1.82137E-03
 1.82033E-03
 1.81943E-03
 1.81871E-03
 1.81774E-03
 1.81715E-03
 1.81631E-03
 1.81547E-03
 1.81463E-03
 1.81403E-03
 1.81295E-03
 1.81260E-03
 1.81152E-03
 1.81093E-03
 1.81028E-03
 1.80944E-03
 1.80879E-03
 1.80820E-03
 1.80748E-03
 1.80664E-03
 1.80618E-03
 1.80559E-03
 1.80463E-03
 1.80404E-03
 1.80370E-03
 1.80274E-03
 1.80209E-03
 1.80168E-03
 1.80091E-03
 1.80026E-03
 1.79967E-03
 1.79889E-03
 1.79837E-03
 1.79790E-03
 1.79706E-03
 1.79641E-03
 1.79601E-03
 1.79536E-03
 1.79452E-03
 1.79393E-03
 1.79359E-03
 1.79288E-03
 1.79229E-03
 1.79170E-03
 1.79118E-03
 1.79034E-03
 1.78994E-03
 1.78928E-03
 1.78888E-03
 1.78804E-03
 1.78746E-03
 1.78705E-03
 1.78659E-03
 1.78575E-03
 1.78510E-03
 1.78470E-03
 1.78430E-03
 1.78352E-03
 1.78293E-03
 1.78234E-03
 1.78188E-03
 1.78117E-03
 1.78070E-03
 1.78011E-03
 1.77965E-03
 1.77912E-03
 1.77835E-03
 1.77788E-03
 1.77748E-03
 1.77695E-03
 1.77624E-03
 1.77547E-03
 1.77513E-03
 1.77454E-03
 1.77426E-03
 1.77342E-03
 1.77296E-03
 1.77224E-03
 1.77203E-03
 1.77163E-03
 1.77085E-03
 1.77020E-03
 1.76980E-03
 1.76933E-03
 1.76881E-03
 1.76809E-03
 1.76757E-03
 1.76704E-03
 1.76676E-03
 1.76611E-03
 1.76552E-03
 1.76487E-03
 1.76441E-03
 1.76382E-03
 1.76360E-03
 1.76314E-03
 1.76224E-03
 1.76184E-03
 1.76131E-03
 1.76085E-03
 1.76038E-03
 1.75980E-03
 1.75927E-03
 1.75856E-03
 1.75809E-03
 1.75794E-03
 1.75741E-03
 1.75657E-03
 1.75623E-03
 1.75571E-03
 1.75524E-03
 1.75459E-03
 1.75438E-03
 1.75373E-03
 1.75295E-03
 1.75261E-03
 1.75215E-03
 1.75181E-03
 1.75134E-03
 1.75051E-03
 1.75010E-03
 1.74958E-03
 1.74905E-03
 1.74871E-03
 1.74843E-03
 1.74772E-03
 1.74701E-03
 1.74654E-03
 1.74614E-03
 1.74586E-03
 1.74521E-03
 1.74481E-03
 1.74422E-03
 1.74363E-03
 1.74311E-03
 1.74271E-03
 1.74230E-03
 1.74196E-03
 1.74113E-03
 1.74066E-03
 1.74026E-03
 1.73973E-03
 1.73927E-03
 1.73887E-03
 1.73840E-03
 1.73763E-03
 1.73723E-03
 1.73676E-03
 1.73642E-03
 1.73602E-03
 1.73556E-03
 1.73497E-03
 1.73432E-03
 1.73373E-03
 1.73339E-03
 1.73292E-03
 1.73258E-03
 1.73212E-03
 1.73166E-03
 1.73113E-03
 1.73060E-03
 1.72989E-03
 1.72955E-03
 1.72921E-03
 1.72881E-03
 1.72841E-03
 1.72769E-03
 1.72711E-03
 1.72695E-03
 1.72636E-03
 1.72571E-03
 1.72544E-03
 1.72497E-03
 1.72438E-03
 1.72392E-03
 1.72333E-03
 1.72287E-03
 1.72265E-03
 1.72225E-03
 1.72185E-03
 1.72107E-03
 1.72055E-03
 1.72008E-03
 1.71968E-03
 1.71903E-03
 1.71869E-03
 1.71841E-03
 1.71807E-03
 1.71761E-03
 1.71689E-03
 1.71637E-03
 1.71584E-03
 1.71544E-03
 1.71510E-03
 1.71457E-03
 1.71423E-03
 1.71365E-03
 1.71324E-03
 1.71278E-03
 1.71207E-03
 1.71173E-03
 1.71139E-03
 1.71099E-03
 1.71065E-03
 1.70993E-03
 1.70928E-03
 1.70888E-03
 1.70860E-03
 1.70820E-03
 1.70767E-03
 1.70721E-03
 1.70693E-03
 1.70647E-03
 1.70576E-03
 1.70523E-03
 1.70477E-03
 1.70443E-03
 1.70402E-03
 1.70368E-03
 1.70334E-03
 1.70288E-03
 1.70211E-03
 1.70170E-03
 1.70118E-03
 1.70071E-03
 1.70044E-03
 1.69997E-03
 1.69945E-03
 1.69917E-03
 1.69870E-03
 1.69812E-03
 1.69759E-03
 1.69712E-03
 1.69666E-03
 1.69620E-03
 1.69592E-03
 1.69564E-03
 1.69505E-03
 1.69453E-03
 1.69400E-03
 1.69354E-03
 1.69313E-03
 1.69286E-03
 1.69221E-03
 1.69174E-03
 1.69134E-03
 1.69125E-03
 1.69047E-03
 1.69007E-03
 1.68948E-03
 1.68908E-03
 1.68868E-03
 1.68822E-03
 1.68806E-03
 1.68754E-03
 1.68701E-03
 1.68642E-03
 1.68590E-03
 1.68549E-03
 1.68522E-03
 1.68469E-03
 1.68423E-03
 1.68395E-03
 1.68361E-03
 1.68327E-03
 1.68293E-03
 1.68197E-03
 1.68144E-03
 1.68092E-03
 1.68051E-03
 1.68030E-03
 1.67984E-03
 1.67950E-03
 1.67909E-03
 1.67875E-03
 1.67817E-03
 1.67783E-03
 1.67724E-03
 1.67665E-03
 1.67606E-03
 1.67578E-03
 1.67557E-03
 1.67504E-03
 1.67470E-03
 1.67449E-03
 1.67359E-03
 1.67312E-03
 1.67278E-03
 1.67244E-03
 1.67217E-03
 1.67164E-03
 1.67105E-03
 1.67065E-03
 1.67044E-03
 1.66985E-03
 1.66932E-03
 1.66886E-03
 1.66845E-03
 1.66805E-03
 1.66759E-03
 1.66731E-03
 1.66691E-03
 1.66663E-03
 1.66623E-03
 1.66583E-03
 1.66487E-03
 1.66440E-03
 1.66400E-03
 1.66366E-03
 1.66320E-03
 1.66286E-03
 1.66264E-03
 1.66212E-03
 1.66178E-03
 1.66138E-03
 1.66085E-03
 1.66032E-03
 1.65992E-03
 1.65933E-03
 1.65887E-03
 1.65847E-03
 1.65813E-03
 1.65791E-03
 1.65751E-03
 1.65711E-03
 1.65640E-03
 1.65599E-03
 1.65572E-03
 1.65500E-03
 1.65479E-03
 1.65432E-03
 1.65392E-03
 1.65340E-03
 1.65312E-03
 1.65278E-03
 1.65250E-03
 1.65185E-03
 1.65145E-03
 1.65067E-03
 1.65046E-03
 1.65000E-03
 1.64966E-03
 1.64932E-03
 1.64879E-03
 1.64851E-03
 1.64799E-03
 1.64771E-03
 1.64725E-03
 1.64659E-03
 1.64626E-03
 1.64585E-03
 1.64533E-03
 1.64493E-03
 1.64452E-03
 1.64418E-03
 1.64391E-03
 1.64344E-03
 1.64310E-03
 1.64233E-03
 1.64193E-03
 1.64152E-03
 1.64119E-03
 1.64066E-03
 1.64032E-03
 1.64010E-03
 1.63964E-03
 1.63930E-03
 1.63890E-03
 1.63862E-03
 1.63760E-03
 1.63720E-03
 1.63686E-03
 1.63652E-03
 1.63605E-03
 1.63559E-03
 1.63519E-03
 1.63485E-03
 1.63457E-03
 1.63417E-03
 1.63395E-03
 1.63361E-03
 1.63309E-03
 1.63231E-03
 1.63179E-03
 1.63145E-03
 1.63092E-03
 1.63058E-03
 1.63043E-03
 1.63003E-03
 1.62938E-03
 1.62916E-03
 1.62870E-03
 1.62829E-03
 1.62796E-03
 1.62749E-03
 1.62703E-03
 1.62650E-03
 1.62604E-03
 1.62576E-03
 1.62523E-03
 1.62496E-03
 1.62468E-03
 1.62428E-03
 1.62388E-03
 1.62316E-03
 1.62270E-03
 1.62242E-03
 1.62196E-03
 1.62162E-03
 1.62128E-03
 1.62088E-03
 1.62048E-03
 1.62001E-03
 1.61967E-03
 1.61927E-03
 1.61912E-03
 1.61847E-03
 1.61769E-03
 1.61723E-03
 1.61714E-03
 1.61667E-03
 1.61615E-03
 1.61587E-03
 1.61534E-03
 1.61507E-03
 1.61479E-03
 1.61451E-03
 1.61398E-03
 1.61333E-03
 1.61299E-03
 1.61241E-03
 1.61207E-03
 1.61160E-03
 1.61120E-03
 1.61099E-03
 1.61071E-03
 1.61018E-03
 1.60966E-03
 1.60932E-03
 1.60916E-03
 1.60845E-03
 1.60793E-03
 1.60752E-03
 1.60731E-03
 1.60660E-03
 1.60638E-03
 1.60585E-03
 1.60545E-03
 1.60536E-03
 1.60490E-03
 1.60468E-03
 1.60434E-03
 1.60382E-03
 1.60323E-03
 1.60283E-03
 1.60230E-03
 1.60178E-03
 1.60144E-03
 1.60091E-03
 1.60063E-03
 1.60029E-03
 1.59989E-03
 1.59955E-03
 1.59915E-03
 1.59881E-03
 1.59866E-03
 1.59813E-03
 1.59767E-03
 1.59708E-03
 1.59662E-03
 1.59628E-03
 1.59575E-03
 1.59529E-03
 1.59495E-03
 1.59461E-03
 1.59420E-03
 1.59393E-03
 1.59359E-03
 1.59319E-03
 1.59266E-03
 1.59213E-03
 1.59179E-03
 1.59121E-03
 1.59093E-03
 1.59071E-03
 1.59037E-03
 1.58985E-03
 1.58938E-03
 1.58892E-03
 1.58871E-03
 1.58830E-03
 1.58790E-03
 1.58744E-03
 1.58704E-03
 1.58670E-03
 1.58592E-03
 1.58571E-03
 1.58524E-03
 1.58490E-03
 1.58469E-03
 1.58410E-03
 1.58388E-03
 1.58348E-03
 1.58327E-03
 1.58280E-03
 1.58228E-03
 1.58169E-03
 1.58123E-03
 1.58101E-03
 1.58061E-03
 1.58033E-03
 1.57962E-03
 1.57922E-03
 1.57894E-03
 1.57879E-03
 1.57832E-03
 1.57786E-03
 1.57746E-03
 1.57706E-03
 1.57665E-03
 1.57625E-03
 1.57560E-03
 1.57514E-03
 1.57480E-03
 1.57458E-03
 1.57424E-03
 1.57372E-03
 1.57344E-03
 1.57316E-03
 1.57282E-03
 1.57248E-03
 1.57208E-03
 1.57149E-03
 1.57097E-03
 1.57044E-03
 1.56998E-03
 1.56964E-03
 1.56924E-03
 1.56896E-03
 1.56862E-03
 1.56828E-03
 1.56788E-03
 1.56748E-03
 1.56714E-03
 1.56680E-03
 1.56646E-03
 1.56643E-03
 1.56578E-03
 1.56532E-03
 1.56460E-03
 1.56402E-03
 1.56368E-03
 1.56340E-03
 1.56281E-03
 1.56260E-03
 1.56238E-03
 1.56192E-03
 1.56145E-03
 1.56130E-03
 1.56071E-03
 1.56056E-03
 1.56028E-03
 1.55969E-03
 1.55904E-03
 1.55852E-03
 1.55824E-03
 1.55790E-03
 1.55768E-03
 1.55710E-03
 1.55669E-03
 1.55636E-03
 1.55620E-03
 1.55561E-03
 1.55521E-03
 1.55493E-03
 1.55460E-03
 1.55419E-03
 1.55373E-03
 1.55327E-03
 1.55274E-03
 1.55221E-03
 1.55181E-03
 1.55160E-03
 1.55120E-03
 1.55086E-03
 1.55039E-03
 1.55018E-03
 1.54990E-03
 1.54962E-03
 1.54916E-03
 1.54888E-03
 1.54811E-03
 1.54771E-03
 1.54730E-03
 1.54709E-03
 1.54675E-03
 1.54610E-03
 1.54557E-03
 1.54505E-03
 1.54483E-03
 1.54449E-03
 1.54409E-03
 1.54387E-03
 1.54366E-03
 1.54338E-03
 1.54286E-03
 1.54233E-03
 1.54187E-03
 1.54153E-03
 1.54106E-03
 1.54085E-03
 1.54051E-03
 1.53986E-03
 1.53952E-03
 1.53912E-03
 1.53884E-03
 1.53838E-03
 1.53791E-03
 1.53757E-03
 1.53730E-03
 1.53714E-03
 1.53643E-03
 1.53584E-03
 1.53556E-03
 1.53523E-03
 1.53489E-03
 1.53461E-03
 1.53414E-03
 1.53362E-03
 1.53315E-03
 1.53288E-03
 1.53260E-03
 1.53226E-03
 1.53186E-03
 1.53146E-03
 1.53130E-03
 1.53103E-03
 1.53038E-03
 1.52966E-03
 1.52932E-03
 1.52880E-03
 1.52846E-03
 1.52818E-03
 1.52790E-03
 1.52763E-03
 1.52723E-03
 1.52682E-03
 1.52624E-03
 1.52583E-03
 1.52562E-03
 1.52522E-03
 1.52494E-03
 1.52454E-03
 1.52420E-03
 1.52380E-03
 1.52315E-03
 1.52293E-03
 1.52241E-03
 1.52207E-03
 1.52179E-03
 1.52151E-03
 1.52099E-03
 1.52046E-03
 1.52006E-03
 1.51984E-03
 1.51944E-03
 1.51910E-03
 1.51882E-03
 1.51824E-03
 1.51784E-03
 1.51750E-03
 1.51697E-03
 1.51638E-03
 1.51617E-03
 1.51583E-03
 1.51543E-03
 1.51533E-03
 1.51506E-03
 1.51466E-03
 1.51401E-03
 1.51354E-03
 1.51339E-03
 1.51311E-03
 1.51259E-03
 1.51206E-03
 1.51153E-03
 1.51119E-03
 1.51085E-03
 1.51058E-03
 1.51005E-03
 1.50971E-03
 1.50912E-03
 1.50878E-03
 1.50869E-03
 1.50835E-03
 1.50789E-03
 1.50755E-03
 1.50727E-03
 1.50693E-03
 1.50666E-03
 1.50613E-03
 1.50536E-03
 1.50514E-03
 1.50480E-03
 1.50446E-03
 1.50406E-03
 1.50353E-03
 1.50332E-03
 1.50267E-03
 1.50239E-03
 1.50230E-03
 1.50190E-03
 1.50150E-03
 1.50091E-03
 1.50045E-03
 1.50023E-03
 1.50002E-03
 1.49949E-03
 1.49896E-03
 1.49856E-03
 1.49822E-03
 1.49795E-03
 1.49761E-03
 1.49689E-03
 1.49668E-03
 1.49628E-03
 1.49606E-03
 1.49572E-03
 1.49557E-03
 1.49517E-03
 1.49477E-03
 1.49430E-03
 1.49384E-03
 1.49337E-03
 1.49304E-03
 1.49232E-03
 1.49198E-03
 1.49164E-03
 1.49137E-03
 1.49090E-03
 1.49050E-03
 1.49016E-03
 1.48982E-03
 1.48948E-03
 1.48927E-03
 1.48899E-03
 1.48865E-03
 1.48800E-03
 1.48766E-03
 1.48738E-03
 1.48704E-03
 1.48689E-03
 1.48630E-03
 1.48578E-03
 1.48544E-03
 1.48504E-03
 1.48457E-03
 1.48405E-03
 1.48377E-03
 1.48331E-03
 1.48290E-03
 1.48281E-03
 1.48235E-03
 1.48201E-03
 1.48173E-03
 1.48133E-03
 1.48112E-03
 1.48053E-03
 1.48013E-03
 1.47966E-03
 1.47908E-03
 1.47874E-03
 1.47833E-03
 1.47818E-03
 1.47772E-03
 1.47738E-03
 1.47716E-03
 1.47670E-03
 1.47630E-03
 1.47602E-03
 1.47581E-03
 1.47534E-03
 1.47488E-03
 1.47435E-03
 1.47414E-03
 1.47373E-03
 1.47346E-03
 1.47287E-03
 1.47228E-03
 1.47207E-03
 1.47154E-03
 1.47120E-03
 1.47099E-03
 1.47052E-03
 1.47018E-03
 1.46966E-03
 1.46944E-03
 1.46929E-03
 1.46889E-03
 1.46830E-03
 1.46815E-03
 1.46793E-03
 1.46741E-03
 1.46694E-03
 1.46654E-03
 1.46601E-03
 1.46580E-03
 1.46534E-03
 1.46481E-03
 1.46447E-03
 1.46432E-03
 1.46379E-03
 1.46345E-03
 1.46299E-03
 1.46265E-03
 1.46225E-03
 1.46197E-03
 1.46163E-03
 1.46123E-03
 1.46089E-03
 1.46030E-03
 1.46015E-03
 1.45987E-03
 1.45934E-03
 1.45901E-03
 1.45860E-03
 1.45808E-03
 1.45774E-03
 1.45740E-03
 1.45706E-03
 1.45660E-03
 1.45632E-03
 1.45604E-03
 1.45564E-03
 1.45518E-03
 1.45490E-03
 1.45462E-03
 1.45428E-03
 1.45376E-03
 1.45335E-03
 1.45302E-03
 1.45249E-03
 1.45203E-03
 1.45175E-03
 1.45147E-03
 1.45095E-03
 1.45054E-03
 1.45033E-03
 1.44993E-03
 1.44965E-03
 1.44931E-03
 1.44866E-03
 1.44826E-03
 1.44811E-03
 1.44777E-03
 1.44743E-03
 1.44690E-03
 1.44675E-03
 1.44635E-03
 1.44613E-03
 1.44573E-03
 1.44527E-03
 1.44480E-03
 1.44434E-03
 1.44381E-03
 1.44329E-03
 1.44307E-03
 1.44286E-03
 1.44227E-03
 1.44193E-03
 1.44153E-03
 1.44119E-03
 1.44110E-03
 1.44070E-03
 1.44023E-03
 1.43977E-03
 1.43949E-03
 1.43940E-03
 1.43900E-03
 1.43841E-03
 1.43801E-03
 1.43761E-03
 1.43739E-03
 1.43687E-03
 1.43647E-03
 1.43631E-03
 1.43585E-03
 1.43538E-03
 1.43486E-03
 1.43446E-03
 1.43412E-03
 1.43384E-03
 1.43344E-03
 1.43316E-03
 1.43264E-03
 1.43242E-03
 1.43221E-03
 1.43193E-03
 1.43153E-03
 1.43113E-03
 1.43054E-03
 1.43007E-03
 1.42967E-03
 1.42915E-03
 1.42874E-03
 1.42847E-03
 1.42813E-03
 1.42779E-03
 1.42751E-03
 1.42717E-03
 1.42671E-03
 1.42668E-03
 1.42615E-03
 1.42575E-03
 1.42548E-03
 1.42526E-03
 1.42492E-03
 1.42458E-03
 1.42418E-03
 1.42347E-03
 1.42294E-03
 1.42248E-03
 1.42208E-03
 1.42180E-03
 1.42152E-03
 1.42131E-03
 1.42072E-03
 1.42013E-03
 1.41979E-03
 1.41970E-03
 1.41924E-03
 1.41902E-03
 1.41874E-03
 1.41847E-03
 1.41794E-03
 1.41785E-03
 1.41764E-03
 1.41723E-03
 1.41671E-03
 1.41600E-03
 1.41553E-03
 1.41501E-03
 1.41485E-03
 1.41439E-03
 1.41411E-03
 1.41383E-03
 1.41343E-03
 1.41297E-03
 1.41263E-03
 1.41235E-03
 1.41201E-03
 1.41167E-03
 1.41121E-03
 1.41093E-03
 1.41066E-03
 1.41032E-03
 1.40985E-03
 1.40951E-03
 1.40886E-03
 1.40846E-03
 1.40812E-03
 1.40785E-03
 1.40738E-03
 1.40704E-03
 1.40670E-03
 1.40636E-03
 1.40578E-03
 1.40550E-03
 1.40522E-03
 1.40494E-03
 1.40467E-03
 1.40445E-03
 1.40386E-03
 1.40365E-03
 1.40325E-03
 1.40291E-03
 1.40257E-03
 1.40217E-03
 1.40176E-03
 1.40118E-03
 1.40078E-03
 1.40050E-03
 1.39991E-03
 1.39957E-03
 1.39904E-03
 1.39883E-03
 1.39843E-03
 1.39809E-03
 1.39794E-03
 1.39766E-03
 1.39726E-03
 1.39679E-03
 1.39621E-03
 1.39593E-03
 1.39565E-03
 1.39531E-03
 1.39510E-03
 1.39488E-03
 1.39442E-03
 1.39414E-03
 1.39368E-03
 1.39321E-03
 1.39287E-03
 1.39235E-03
 1.39207E-03
 1.39167E-03
 1.39114E-03
 1.39062E-03
 1.39040E-03
 1.39006E-03
 1.38954E-03
 1.38907E-03
 1.38892E-03
 1.38858E-03
 1.38824E-03
 1.38803E-03
 1.38763E-03
 1.38741E-03
 1.38732E-03
 1.38692E-03
 1.38645E-03
 1.38562E-03
 1.38522E-03
 1.38475E-03
 1.38448E-03
 1.38395E-03
 1.38373E-03
 1.38339E-03
 1.38312E-03
 1.38265E-03
 1.38231E-03
 1.38198E-03
 1.38176E-03
 1.38136E-03
 1.38102E-03
 1.38074E-03
 1.38040E-03
 1.38013E-03
 1.37972E-03
 1.37932E-03
 1.37886E-03
 1.37864E-03
 1.37799E-03
 1.37747E-03
 1.37700E-03
 1.37660E-03
 1.37639E-03
 1.37599E-03
 1.37565E-03
 1.37518E-03
 1.37491E-03
 1.37438E-03
 1.37398E-03
 1.37383E-03
 1.37367E-03
 1.37352E-03
 1.37306E-03
 1.37265E-03
 1.37219E-03
 1.37198E-03
 1.37170E-03
 1.37136E-03
 1.37102E-03
 1.37043E-03
 1.36984E-03
 1.36957E-03
 1.36935E-03
 1.36883E-03
 1.36824E-03
 1.36771E-03
 1.36743E-03
 1.36734E-03
 1.36707E-03
 1.36667E-03
 1.36633E-03
 1.36555E-03
 1.36552E-03
 1.36487E-03
 1.36466E-03
 1.36432E-03
 1.36417E-03
 1.36383E-03
 1.36342E-03
 1.36315E-03
 1.36306E-03
 1.36228E-03
 1.36182E-03
 1.36160E-03
 1.36120E-03
 1.36061E-03
 1.36015E-03
 1.35975E-03
 1.35941E-03
 1.35913E-03
 1.35867E-03
 1.35839E-03
 1.35799E-03
 1.35777E-03
 1.35744E-03
 1.35722E-03
 1.35701E-03
 1.35654E-03
 1.35626E-03
 1.35586E-03
 1.35546E-03
 1.35525E-03
 1.35491E-03
 1.35419E-03
 1.35354E-03
 1.35308E-03
 1.35268E-03
 1.35240E-03
 1.35225E-03
 1.35160E-03
 1.35126E-03
 1.35086E-03
 1.35071E-03
 1.35049E-03
 1.35021E-03
 1.34994E-03
 1.34929E-03
 1.34907E-03
 1.34879E-03
 1.34814E-03
 1.34787E-03
 1.34771E-03
 1.34762E-03
 1.34716E-03
 1.34676E-03
 1.34636E-03
 1.34583E-03
 1.34530E-03
 1.34503E-03
 1.34463E-03
 1.34391E-03
 1.34364E-03
 1.34323E-03
 1.34308E-03
 1.34274E-03
 1.34240E-03
 1.34181E-03
 1.34129E-03
 1.34101E-03
 1.34092E-03
 1.34077E-03
 1.34030E-03
 1.33997E-03
 1.33969E-03
 1.33941E-03
 1.33907E-03
 1.33867E-03
 1.33845E-03
 1.33793E-03
 1.33728E-03
 1.33688E-03
 1.33635E-03
 1.33595E-03
 1.33567E-03
 1.33540E-03
 1.33512E-03
 1.33459E-03
 1.33432E-03
 1.33404E-03
 1.33370E-03
 1.33324E-03
 1.33290E-03
 1.33249E-03
 1.33216E-03
 1.33206E-03
 1.33160E-03
 1.33132E-03
 1.33111E-03
 1.33052E-03
 1.33024E-03
 1.32972E-03
 1.32913E-03
 1.32879E-03
 1.32839E-03
 1.32793E-03
 1.32759E-03
 1.32712E-03
 1.32672E-03
 1.32644E-03
 1.32617E-03
 1.32595E-03
 1.32555E-03
 1.32509E-03
 1.32468E-03
 1.32453E-03
 1.32407E-03
 1.32385E-03
 1.32364E-03
 1.32324E-03
 1.32290E-03
 1.32268E-03
 1.32247E-03
 1.32200E-03
 1.32148E-03
 1.32077E-03
 1.32043E-03
 1.32021E-03
 1.31962E-03
 1.31928E-03
 1.31894E-03
 1.31854E-03
 1.31814E-03
 1.31768E-03
 1.31734E-03
 1.31700E-03
 1.31654E-03
 1.31632E-03
 1.31604E-03
 1.31558E-03
 1.31543E-03
 1.31527E-03
 1.31481E-03
 1.31447E-03
 1.31401E-03
 1.31373E-03
 1.31345E-03
 1.31305E-03
 1.31253E-03
 1.31206E-03
 1.31160E-03
 1.31126E-03
 1.31092E-03
 1.31064E-03
 1.31005E-03
 1.30990E-03
 1.30925E-03
 1.30910E-03
 1.30882E-03
 1.30861E-03
 1.30814E-03
 1.30774E-03
 1.30715E-03
 1.30706E-03
 1.30672E-03
 1.30651E-03
 1.30611E-03
 1.30558E-03
 1.30530E-03
 1.30503E-03
 1.30462E-03
 1.30397E-03
 1.30370E-03
 1.30323E-03
 1.30283E-03
 1.30243E-03
 1.30178E-03
 1.30163E-03
 1.30135E-03
 1.30095E-03
 1.30055E-03
 1.30021E-03
 1.30012E-03
 1.29953E-03
 1.29913E-03
 1.29891E-03
 1.29857E-03
 1.29848E-03
 1.29796E-03
 1.29774E-03
 1.29728E-03
 1.29700E-03
 1.29672E-03
 1.29639E-03
 1.29580E-03
 1.29546E-03
 1.29493E-03
 1.29459E-03
 1.29419E-03
 1.29367E-03
 1.29320E-03
 1.29268E-03
 1.29246E-03
 1.29218E-03
 1.29184E-03
 1.29132E-03
 1.29104E-03
 1.29070E-03
 1.29049E-03
 1.29002E-03
 1.28975E-03
 1.28941E-03
 1.28925E-03
 1.28904E-03
 1.28851E-03
 1.28817E-03
 1.28783E-03
 1.28750E-03
 1.28709E-03
 1.28657E-03
 1.28617E-03
 1.28564E-03
 1.28511E-03
 1.28478E-03
 1.28444E-03
 1.28428E-03
 1.28394E-03
 1.28342E-03
 1.28333E-03
 1.28311E-03
 1.28277E-03
 1.28219E-03
 1.28178E-03
 1.28138E-03
 1.28086E-03
 1.28058E-03
 1.28018E-03
 1.28009E-03
 1.27975E-03
 1.27941E-03
 1.27913E-03
 1.27879E-03
 1.27827E-03
 1.27768E-03
 1.27740E-03
 1.27694E-03
 1.27654E-03
 1.27613E-03
 1.27567E-03
 1.27533E-03
 1.27468E-03
 1.27459E-03
 1.27425E-03
 1.27397E-03
 1.27376E-03
 1.27330E-03
 1.27289E-03
 1.27274E-03
 1.27234E-03
 1.27219E-03
 1.27185E-03
 1.27132E-03
 1.27111E-03
 1.27077E-03
 1.27037E-03
 1.27015E-03
 1.26956E-03
 1.26898E-03
 1.26864E-03
 1.26805E-03
 1.26777E-03
 1.26737E-03
 1.26684E-03
 1.26657E-03
 1.26629E-03
 1.26583E-03
 1.26542E-03
 1.26527E-03
 1.26481E-03
 1.26453E-03
 1.26419E-03
 1.26373E-03
 1.26339E-03
 1.26311E-03
 1.26296E-03
 1.26231E-03
 1.26209E-03
 1.26188E-03
 1.26154E-03
 1.26126E-03
 1.26098E-03
 1.26015E-03
 1.25968E-03
 1.25934E-03
 1.25907E-03
 1.25867E-03
 1.25833E-03
 1.25768E-03
 1.25759E-03
 1.25725E-03
 1.25691E-03
 1.25651E-03
 1.25610E-03
 1.25570E-03
 1.25536E-03
 1.25484E-03
 1.25468E-03
 1.25435E-03
 1.25413E-03
 1.25367E-03
 1.25339E-03
 1.25324E-03
 1.25296E-03
 1.25237E-03
 1.25203E-03
 1.25151E-03
 1.25086E-03
 1.25039E-03
 1.24993E-03
 1.24965E-03
 1.24938E-03
 1.24910E-03
 1.24876E-03
 1.24829E-03
 1.24789E-03
 1.24743E-03
 1.24709E-03
 1.24688E-03
 1.24660E-03
 1.24626E-03
 1.24598E-03
 1.24539E-03
 1.24518E-03
 1.24496E-03
 1.24444E-03
 1.24435E-03
 1.24388E-03
 1.24367E-03
 1.24333E-03
 1.24299E-03
 1.24253E-03
 1.24188E-03
 1.24154E-03
 1.24120E-03
 1.24067E-03
 1.24027E-03
 1.24006E-03
 1.23953E-03
 1.23907E-03
 1.23866E-03
 1.23808E-03
 1.23792E-03
 1.23758E-03
 1.23712E-03
 1.23691E-03
 1.23657E-03
 1.23617E-03
 1.23589E-03
 1.23567E-03
 1.23540E-03
 1.23512E-03
 1.23472E-03
 1.23438E-03
 1.23391E-03
 1.23382E-03
 1.23355E-03
 1.23277E-03
 1.23218E-03
 1.23178E-03
 1.23132E-03
 1.23098E-03
 1.23058E-03
 1.23030E-03
 1.23009E-03
 1.22956E-03
 1.22928E-03
 1.22882E-03
 1.22860E-03
 1.22839E-03
 1.22786E-03
 1.22771E-03
 1.22712E-03
 1.22685E-03
 1.22657E-03
 1.22617E-03
 1.22583E-03
 1.22536E-03
 1.22509E-03
 1.22475E-03
 1.22422E-03
 1.22394E-03
 1.22354E-03
 1.22296E-03
 1.22249E-03
 1.22221E-03
 1.22181E-03
 1.22141E-03
 1.22126E-03
 1.22086E-03
 1.22052E-03
 1.21999E-03
 1.21959E-03
 1.21913E-03
 1.21885E-03
 1.21851E-03
 1.21805E-03
 1.21765E-03
 1.21724E-03
 1.21715E-03
 1.21675E-03
 1.21648E-03
 1.21607E-03
 1.21592E-03
 1.21564E-03
 1.21549E-03
 1.21528E-03
 1.21494E-03
 1.21441E-03
 1.21382E-03
 1.21355E-03
 1.21308E-03
 1.21212E-03
 1.21147E-03
 1.21107E-03
 1.21073E-03
 1.21027E-03
 1.20999E-03
 1.20977E-03
 1.20956E-03
 1.20922E-03
 1.20913E-03
 1.20873E-03
 1.20845E-03
 1.20811E-03
 1.20777E-03
 1.20725E-03
 1.20684E-03
 1.20651E-03
 1.20623E-03
 1.20583E-03
 1.20536E-03
 1.20490E-03
 1.20456E-03
 1.20441E-03
 1.20357E-03
 1.20311E-03
 1.20283E-03
 1.20249E-03
 1.20215E-03
 1.20187E-03
 1.20154E-03
 1.20113E-03
 1.20104E-03
 1.20064E-03
 1.20036E-03
 1.19965E-03
 1.19925E-03
 1.19891E-03
 1.19863E-03
 1.19823E-03
 1.19808E-03
 1.19768E-03
 1.19703E-03
 1.19669E-03
 1.19623E-03
 1.19589E-03
 1.19567E-03
 1.19533E-03
 1.19512E-03
 1.19484E-03
 1.19444E-03
 1.19397E-03
 1.19339E-03
 1.19311E-03
 1.19252E-03
 1.19218E-03
 1.19172E-03
 1.19157E-03
 1.19098E-03
 1.19058E-03
 1.19036E-03
 1.18965E-03
 1.18943E-03
 1.18910E-03
 1.18857E-03
 1.18811E-03
 1.18801E-03
 1.18768E-03
 1.18740E-03
 1.18706E-03
 1.18678E-03
 1.18632E-03
 1.18617E-03
 1.18576E-03
 1.18536E-03
 1.18515E-03
 1.18499E-03
 1.18434E-03
 1.18388E-03
 1.18342E-03
 1.18302E-03
 1.18261E-03
 1.18221E-03
 1.18169E-03
 1.18129E-03
 1.18082E-03
 1.18023E-03
 1.17983E-03
 1.17937E-03
 1.17909E-03
 1.17881E-03
 1.17854E-03
 1.17820E-03
 1.17786E-03
 1.17764E-03
 1.17718E-03
 1.17690E-03
 1.17644E-03
 1.17622E-03
 1.17607E-03
 1.17586E-03
 1.17564E-03
 1.17524E-03
 1.17496E-03
 1.17425E-03
 1.17366E-03
 1.17326E-03
 1.17292E-03
 1.17240E-03
 1.17181E-03
 1.17128E-03
 1.17101E-03
 1.17054E-03
 1.17033E-03
 1.16986E-03
 1.16940E-03
 1.16937E-03
 1.16916E-03
 1.16894E-03
 1.16842E-03
 1.16833E-03
 1.16817E-03
 1.16783E-03
 1.16762E-03
 1.16722E-03
 1.16650E-03
 1.16616E-03
 1.16589E-03
 1.16561E-03
 1.16533E-03
 1.16506E-03
 1.16447E-03
 1.16394E-03
 1.16348E-03
 1.16283E-03
 1.16230E-03
 1.16203E-03
 1.16150E-03
 1.16116E-03
 1.16095E-03
 1.16067E-03
 1.16045E-03
 1.16024E-03
 1.15996E-03
 1.15962E-03
 1.15928E-03
 1.15919E-03
 1.15879E-03
 1.15820E-03
 1.15786E-03
 1.15765E-03
 1.15737E-03
 1.15697E-03
 1.15669E-03
 1.15642E-03
 1.15608E-03
 1.15592E-03
 1.15552E-03
 1.15518E-03
 1.15453E-03
 1.15413E-03
 1.15367E-03
 1.15327E-03
 1.15293E-03
 1.15253E-03
 1.15206E-03
 1.15166E-03
 1.15126E-03
 1.15111E-03
 1.15077E-03
 1.15049E-03
 1.15034E-03
 1.14987E-03
 1.14966E-03
 1.14913E-03
 1.14879E-03
 1.14864E-03
 1.14836E-03
 1.14809E-03
 1.14775E-03
 1.14735E-03
 1.14707E-03
 1.14673E-03
 1.14620E-03
 1.14599E-03
 1.14534E-03
 1.14500E-03
 1.14472E-03
 1.14426E-03
 1.14392E-03
 1.14364E-03
 1.14305E-03
 1.14278E-03
 1.14256E-03
 1.14235E-03
 1.14207E-03
 1.14179E-03
 1.14145E-03
 1.14111E-03
 1.14065E-03
 1.14050E-03
 1.14041E-03
 1.13982E-03
 1.13948E-03
 1.13920E-03
 1.13905E-03
 1.13865E-03
 1.13850E-03
 1.13791E-03
 1.13744E-03
 1.13717E-03
 1.13652E-03
 1.13643E-03
 1.13627E-03
 1.13587E-03
 1.13578E-03
 1.13526E-03
 1.13479E-03
 1.13433E-03
 1.13405E-03
 1.13359E-03
 1.13325E-03
 1.13285E-03
 1.13257E-03
 1.13229E-03
 1.13208E-03
 1.13155E-03
 1.13134E-03
 1.13112E-03
 1.13091E-03
 1.13057E-03
 1.13029E-03
 1.12989E-03
 1.12955E-03
 1.12915E-03
 1.12893E-03
 1.12866E-03
 1.12838E-03
 1.12792E-03
 1.12758E-03
 1.12742E-03
 1.12696E-03
 1.12681E-03
 1.12672E-03
 1.12644E-03
 1.12585E-03
 1.12539E-03
 1.12492E-03
 1.12465E-03
 1.12425E-03
 1.12397E-03
 1.12375E-03
 1.12360E-03
 1.12326E-03
 1.12286E-03
 1.12258E-03
 1.12224E-03
 1.12209E-03
 1.12181E-03
 1.12129E-03
 1.12101E-03
 1.12055E-03
 1.12021E-03
 1.11981E-03
 1.11947E-03
 1.11907E-03
 1.11866E-03
 1.11864E-03
 1.11823E-03
 1.11802E-03
 1.11780E-03
 1.11747E-03
 1.11725E-03
 1.11704E-03
 1.11663E-03
 1.11630E-03
 1.11583E-03
 1.11562E-03
 1.11515E-03
 1.11488E-03
 1.11460E-03
 1.11432E-03
 1.11398E-03
 1.11364E-03
 1.11330E-03
 1.11296E-03
 1.11269E-03
 1.11235E-03
 1.11207E-03
 1.11179E-03
 1.11145E-03
 1.11124E-03
 1.11102E-03
 1.11056E-03
 1.10997E-03
 1.10970E-03
 1.10936E-03
 1.10927E-03
 1.10918E-03
 1.10902E-03
 1.10881E-03
 1.10828E-03
 1.10807E-03
 1.10785E-03
 1.10720E-03
 1.10674E-03
 1.10640E-03
 1.10606E-03
 1.10578E-03
 1.10557E-03
 1.10510E-03
 1.10489E-03
 1.10455E-03
 1.10434E-03
 1.10400E-03
 1.10372E-03
 1.10338E-03
 1.10304E-03
 1.10283E-03
 1.10255E-03
 1.10221E-03
 1.10175E-03
 1.10147E-03
 1.10088E-03
 1.10073E-03
 1.10039E-03
 1.10024E-03
 1.10002E-03
 1.09981E-03
 1.09959E-03
 1.09938E-03
 1.09916E-03
 1.09895E-03
 1.09879E-03
 1.09814E-03
 1.09780E-03
 1.09753E-03
 1.09731E-03
 1.09703E-03
 1.09676E-03
 1.09623E-03
 1.09589E-03
 1.09549E-03
 1.09540E-03
 1.09500E-03
 1.09454E-03
 1.09420E-03
 1.09398E-03
 1.09370E-03
 1.09324E-03
 1.09271E-03
 1.09256E-03
 1.09197E-03
 1.09176E-03
 1.09161E-03
 1.09139E-03
 1.09124E-03
 1.09115E-03
 1.09081E-03
 1.09053E-03
 1.09013E-03
 1.09004E-03
 1.08976E-03
 1.08961E-03
 1.08902E-03
 1.08868E-03
 1.08834E-03
 1.08800E-03
 1.08766E-03
 1.08745E-03
 1.08692E-03
 1.08671E-03
 1.08656E-03
 1.08628E-03
 1.08588E-03
 1.08560E-03
 1.08507E-03
 1.08498E-03
 1.08477E-03
 1.08443E-03
 1.08422E-03
 1.08394E-03
 1.08354E-03
 1.08307E-03
 1.08280E-03
 1.08252E-03
 1.08243E-03
 1.08215E-03
 1.08175E-03
 1.08160E-03
 1.08132E-03
 1.08123E-03
 1.08101E-03
 1.08086E-03
 1.08071E-03
 1.08006E-03
 1.07947E-03
 1.07919E-03
 1.07885E-03
 1.07864E-03
 1.07830E-03
 1.07815E-03
 1.07781E-03
 1.07766E-03
 1.07701E-03
 1.07673E-03
 1.07626E-03
 1.07605E-03
 1.07571E-03
 1.07531E-03
 1.07516E-03
 1.07475E-03
 1.07460E-03
 1.07401E-03
 1.07380E-03
 1.07346E-03
 1.07331E-03
 1.07309E-03
 1.07294E-03
 1.07266E-03
 1.07257E-03
 1.07248E-03
 1.07220E-03
 1.07193E-03
 1.07171E-03
 1.07150E-03
 1.07097E-03
 1.07051E-03
 1.07011E-03
 1.06989E-03
 1.06955E-03
 1.06927E-03
 1.06906E-03
 1.06885E-03
 1.06857E-03
 1.06810E-03
 1.06783E-03
 1.06749E-03
 1.06715E-03
 1.06693E-03
 1.06678E-03
 1.06644E-03
 1.06616E-03
 1.06564E-03
 1.06518E-03
 1.06484E-03
 1.06468E-03
 1.06447E-03
 1.06432E-03
 1.06398E-03
 1.06370E-03
 1.06355E-03
 1.06333E-03
 1.06305E-03
 1.06253E-03
 1.06250E-03
 1.06235E-03
 1.06226E-03
 1.06186E-03
 1.06152E-03
 1.06111E-03
 1.06078E-03
 1.06062E-03
 1.06022E-03
 1.05982E-03
 1.05954E-03
 1.05933E-03
 1.05905E-03
 1.05877E-03
 1.05837E-03
 1.05803E-03
 1.05782E-03
 1.05760E-03
 1.05726E-03
 1.05692E-03
 1.05659E-03
 1.05618E-03
 1.05578E-03
 1.05557E-03
 1.05529E-03
 1.05508E-03
 1.05486E-03
 1.05471E-03
 1.05456E-03
 1.05440E-03
 1.05419E-03
 1.05410E-03
 1.05394E-03
 1.05361E-03
 1.05333E-03
 1.05255E-03
 1.05221E-03
 1.05181E-03
 1.05160E-03
 1.05126E-03
 1.05086E-03
 1.05070E-03
 1.05049E-03
 1.05015E-03
 1.04987E-03
 1.04953E-03
 1.04926E-03
 1.04892E-03
 1.04876E-03
 1.04836E-03
 1.04821E-03
 1.04793E-03
 1.04766E-03
 1.04738E-03
 1.04716E-03
 1.04658E-03
 1.04618E-03
 1.04596E-03
 1.04593E-03
 1.04565E-03
 1.04544E-03
 1.04522E-03
 1.04501E-03
 1.04473E-03
 1.04470E-03
 1.04449E-03
 1.04421E-03
 1.04394E-03
 1.04353E-03
 1.04332E-03
 1.04298E-03
 1.04270E-03
 1.04224E-03
 1.04202E-03
 1.04193E-03
 1.04166E-03
 1.04144E-03
 1.04116E-03
 1.04064E-03
 1.04055E-03
 1.04008E-03
 1.03975E-03
 1.03947E-03
 1.03925E-03
 1.03885E-03
 1.03864E-03
 1.03805E-03
 1.03777E-03
 1.03743E-03
 1.03716E-03
 1.03688E-03
 1.03666E-03
 1.03664E-03
 1.03630E-03
 1.03608E-03
 1.03580E-03
 1.03571E-03
 1.03537E-03
 1.03528E-03
 1.03526E-03
 1.03492E-03
 1.03458E-03
 1.03399E-03
 1.03353E-03
 1.03319E-03
 1.03297E-03
 1.03276E-03
 1.03229E-03
 1.03214E-03
 1.03186E-03
 1.03171E-03
 1.03143E-03
 1.03122E-03
 1.03094E-03
 1.03079E-03
 1.03051E-03
 1.03023E-03
 1.02989E-03
 1.02956E-03
 1.02940E-03
 1.02919E-03
 1.02891E-03
 1.02845E-03
 1.02798E-03
 1.02789E-03
 1.02755E-03
 1.02740E-03
 1.02731E-03
 1.02710E-03
 1.02688E-03
 1.02679E-03
 1.02651E-03
 1.02642E-03
 1.02596E-03
 1.02543E-03
 1.02497E-03
 1.02463E-03
 1.02448E-03
 1.02426E-03
 1.02417E-03
 1.02377E-03
 1.02362E-03
 1.02334E-03
 1.02294E-03
 1.02279E-03
 1.02232E-03
 1.02211E-03
 1.02183E-03
 1.02149E-03
 1.02121E-03
 1.02081E-03
 1.02072E-03
 1.02038E-03
 1.02011E-03
 1.01983E-03
 1.01949E-03
 1.01934E-03
 1.01900E-03
 1.01847E-03
 1.01838E-03
 1.01810E-03
 1.01783E-03
 1.01774E-03
 1.01771E-03
 1.01762E-03
 1.01746E-03
 1.01700E-03
 1.01666E-03
 1.01632E-03
 1.01605E-03
 1.01558E-03
 1.01537E-03
 1.01490E-03
 1.01469E-03
 1.01454E-03
 1.01420E-03
 1.01411E-03
 1.01370E-03
 1.01343E-03
 1.01334E-03
 1.01318E-03
 1.01291E-03
 1.01263E-03
 1.01248E-03
 1.01208E-03
 1.01186E-03
 1.01140E-03
 1.01124E-03
 1.01109E-03
 1.01082E-03
 1.01060E-03
 1.01026E-03
 1.00992E-03
 1.00952E-03
 1.00918E-03
 1.00890E-03
 1.00875E-03
 1.00854E-03
 1.00832E-03
 1.00804E-03
 1.00795E-03
 1.00793E-03
 1.00734E-03
 1.00687E-03
 1.00660E-03
 1.00626E-03
 1.00610E-03
 1.00583E-03
 1.00567E-03
 1.00552E-03
 1.00525E-03
 1.00503E-03
 1.00488E-03
 1.00454E-03
 1.00426E-03
 1.00374E-03
 1.00352E-03
 1.00324E-03
 1.00315E-03
 1.00275E-03
 1.00254E-03
 1.00232E-03
 1.00198E-03
 1.00177E-03
 1.00155E-03
 1.00146E-03
 1.00131E-03
 1.00103E-03
 1.00088E-03
 1.00035E-03
 1.00020E-03
 9.99675E-04
 9.99460E-04
 9.99245E-04
 9.99093E-04
 9.99002E-04
 9.98663E-04
 9.98075E-04
 9.97673E-04
 9.97272E-04
 9.97057E-04
 9.96904E-04
 9.96565E-04
 9.96412E-04
 9.96073E-04
 9.95734E-04
 9.95643E-04
 9.95242E-04
 9.95151E-04
 9.94812E-04
 9.94535E-04
 9.94382E-04
 9.94292E-04
 9.94077E-04
 9.93800E-04
 9.93647E-04
 9.93246E-04
 9.93155E-04
 9.92816E-04
 9.92725E-04
 9.92448E-04
 9.92233E-04
 9.91894E-04
 9.91679E-04
 9.91340E-04
 9.91063E-04
 9.90972E-04
 9.90819E-04
 9.90418E-04
 9.90079E-04
 9.89553E-04
 9.89462E-04
 9.89061E-04
 9.88846E-04
 9.88507E-04
 9.88168E-04
 9.88077E-04
 9.87924E-04
 9.87523E-04
 9.87495E-04
 9.87217E-04
 9.86816E-04
 9.86539E-04
 9.86262E-04
 9.86109E-04
 9.85894E-04
 9.85617E-04
 9.85278E-04
 9.85001E-04
 9.84786E-04
 9.84509E-04
 9.84232E-04
 9.84079E-04
 9.83802E-04
 9.83587E-04
 9.83434E-04
 9.83157E-04
 9.83005E-04
 9.82665E-04
 9.82575E-04
 9.82298E-04
 9.82021E-04
 9.81681E-04
 9.81529E-04
 9.81314E-04
 9.81099E-04
 9.80946E-04
 9.80234E-04
 9.79895E-04
 9.79369E-04
 9.78967E-04
 9.78628E-04
 9.78475E-04
 9.78198E-04
 9.78046E-04
 9.77893E-04
 9.77554E-04
 9.77401E-04
 9.77186E-04
 9.76847E-04
 9.76632E-04
 9.76417E-04
 9.76140E-04
 9.75987E-04
 9.75834E-04
 9.75806E-04
 9.75778E-04
 9.75314E-04
 9.75099E-04
 9.75009E-04
 9.74918E-04
 9.74703E-04
 9.74302E-04
 9.74087E-04
 9.73996E-04
 9.73595E-04
 9.73380E-04
 9.73103E-04
 9.72950E-04
 9.72735E-04
 9.72458E-04
 9.72430E-04
 9.72277E-04
 9.72124E-04
 9.71474E-04
 9.71135E-04
 9.70734E-04
 9.70456E-04
 9.69931E-04
 9.69529E-04
 9.69190E-04
 9.68851E-04
 9.68449E-04
 9.68234E-04
 9.68082E-04
 9.67680E-04
 9.67465E-04
 9.67375E-04
 9.67036E-04
 9.67007E-04
 9.66792E-04
 9.66267E-04
 9.65927E-04
 9.65837E-04
 9.65808E-04
 9.65593E-04
 9.65254E-04
 9.65101E-04
 9.64949E-04
 9.64734E-04
 9.64581E-04
 9.64304E-04
 9.64213E-04
 9.64123E-04
 9.63784E-04
 9.63693E-04
 9.63540E-04
 9.63201E-04
 9.63111E-04
 9.62896E-04
 9.62370E-04
 9.61969E-04
 9.61629E-04
 9.61477E-04
 9.61075E-04
 9.60798E-04
 9.60521E-04
 9.60306E-04
 9.60029E-04
 9.59690E-04
 9.59413E-04
 9.59198E-04
 9.58921E-04
 9.58519E-04
 9.58304E-04
 9.57903E-04
 9.57875E-04
 9.57722E-04
 9.57631E-04
 9.57416E-04
 9.57139E-04
 9.56862E-04
 9.56647E-04
 9.56433E-04
 9.56218E-04
 9.55941E-04
 9.55850E-04
 9.55573E-04
 9.55358E-04
 9.55081E-04
 9.54928E-04
 9.54838E-04
 9.54561E-04
 9.54470E-04
 9.54193E-04
 9.54040E-04
 9.53825E-04
 9.53486E-04
 9.53085E-04
 9.52683E-04
 9.52468E-04
 9.52005E-04
 9.51728E-04
 9.51637E-04
 9.51236E-04
 9.51145E-04
 9.50930E-04
 9.50591E-04
 9.50438E-04
 9.49788E-04
 9.49635E-04
 9.49483E-04
 9.49144E-04
 9.48991E-04
 9.48776E-04
 9.48499E-04
 9.48222E-04
 9.47883E-04
 9.47543E-04
 9.47328E-04
 9.46927E-04
 9.46588E-04
 9.46497E-04
 9.46344E-04
 9.46005E-04
 9.45977E-04
 9.45948E-04
 9.45671E-04
 9.45519E-04
 9.45428E-04
 9.45275E-04
 9.45247E-04
 9.45156E-04
 9.44755E-04
 9.44478E-04
 9.43952E-04
 9.43799E-04
 9.43336E-04
 9.42997E-04
 9.42720E-04
 9.42567E-04
 9.42352E-04
 9.42075E-04
 9.41860E-04
 9.41583E-04
 9.41368E-04
 9.41277E-04
 9.41063E-04
 9.40848E-04
 9.40571E-04
 9.40231E-04
 9.40016E-04
 9.39802E-04
 9.39587E-04
 9.39496E-04
 9.39281E-04
 9.39128E-04
 9.38914E-04
 9.38574E-04
 9.38359E-04
 9.38269E-04
 9.38054E-04
 9.37715E-04
 9.37251E-04
 9.36850E-04
 9.36635E-04
 9.36358E-04
 9.36019E-04
 9.35617E-04
 9.35402E-04
 9.35187E-04
 9.35097E-04
 9.35006E-04
 9.34418E-04
 9.34141E-04
 9.33989E-04
 9.33836E-04
 9.33372E-04
 9.33219E-04
 9.32942E-04
 9.32852E-04
 9.32637E-04
 9.32422E-04
 9.32332E-04
 9.31806E-04
 9.31591E-04
 9.31438E-04
 9.31285E-04
 9.31133E-04
 9.30918E-04
 9.30703E-04
 9.30488E-04
 9.30211E-04
 9.30058E-04
 9.29905E-04
 9.29504E-04
 9.29289E-04
 9.29136E-04
 9.28922E-04
 9.28769E-04
 9.28616E-04
 9.28463E-04
 9.28186E-04
 9.28034E-04
 9.27694E-04
 9.27542E-04
 9.27389E-04
 9.27174E-04
 9.26959E-04
 9.26744E-04
 9.26405E-04
 9.25941E-04
 9.25664E-04
 9.25263E-04
 9.25172E-04
 9.24771E-04
 9.24432E-04
 9.24279E-04
 9.24064E-04
 9.23787E-04
 9.23386E-04
 9.23109E-04
 9.22832E-04
 9.22741E-04
 9.22526E-04
 9.22249E-04
 9.21848E-04
 9.21633E-04
 9.21293E-04
 9.21079E-04
 9.20988E-04
 9.20835E-04
 9.20745E-04
 9.20468E-04
 9.20377E-04
 9.19976E-04
 9.19636E-04
 9.19359E-04
 9.19331E-04
 9.19178E-04
 9.19026E-04
 9.18811E-04
 9.18658E-04
 9.18381E-04
 9.18166E-04
 9.18075E-04
 9.17861E-04
 9.17583E-04
 9.17369E-04
 9.17154E-04
 9.16877E-04
 9.16475E-04
 9.16385E-04
 9.16045E-04
 9.15768E-04
 9.15554E-04
 9.15276E-04
 9.15062E-04
 9.14971E-04
 9.14694E-04
 9.14417E-04
 9.14078E-04
 9.13614E-04
 9.13399E-04
 9.13184E-04
 9.12907E-04
 9.12692E-04
 9.12477E-04
 9.12387E-04
 9.12048E-04
 9.11833E-04
 9.11494E-04
 9.11341E-04
 9.11312E-04
 9.11098E-04
 9.10883E-04
 9.10543E-04
 9.10391E-04
 9.10176E-04
 9.10023E-04
 9.09746E-04
 9.09655E-04
 9.09441E-04
 9.09101E-04
 9.09011E-04
 9.08796E-04
 9.08705E-04
 9.08428E-04
 9.08213E-04
 9.07998E-04
 9.07411E-04
 9.07071E-04
 9.06732E-04
 9.06517E-04
 9.06365E-04
 9.06087E-04
 9.05873E-04
 9.05533E-04
 9.05318E-04
 9.05166E-04
 9.04889E-04
 9.04798E-04
 9.04583E-04
 9.04306E-04
 9.04216E-04
 9.03876E-04
 9.03599E-04
 9.03322E-04
 9.03170E-04
 9.03141E-04
 9.02926E-04
 9.02711E-04
 9.02434E-04
 9.02282E-04
 9.02005E-04
 9.01728E-04
 9.01513E-04
 9.01484E-04
 9.01083E-04
 9.00681E-04
 9.00467E-04
 9.00376E-04
 9.00348E-04
 9.00071E-04
 8.99607E-04
 8.99516E-04
 8.99302E-04
 8.99087E-04
 8.98872E-04
 8.98595E-04
 8.98318E-04
 8.98165E-04
 8.97701E-04
 8.97549E-04
 8.97272E-04
 8.96932E-04
 8.96842E-04
 8.96627E-04
 8.96412E-04
 8.96073E-04
 8.95734E-04
 8.95394E-04
 8.95304E-04
 8.94965E-04
 8.94688E-04
 8.94597E-04
 8.94320E-04
 8.94229E-04
 8.94015E-04
 8.93675E-04
 8.93336E-04
 8.93246E-04
 8.93155E-04
 8.93064E-04
 8.92787E-04
 8.92697E-04
 8.92358E-04
 8.92143E-04
 8.91928E-04
 8.91775E-04
 8.91498E-04
 8.91283E-04
 8.91193E-04
 8.91102E-04
 8.90949E-04
 8.90735E-04
 8.90333E-04
 8.90243E-04
 8.89903E-04
 8.89813E-04
 8.89598E-04
 8.89383E-04
 8.88857E-04
 8.88518E-04
 8.88428E-04
 8.88275E-04
 8.88184E-04
 8.87659E-04
 8.87195E-04
 8.86856E-04
 8.86703E-04
 8.86488E-04
 8.86273E-04
 8.86058E-04
 8.85968E-04
 8.85753E-04
 8.85414E-04
 8.85323E-04
 8.85233E-04
 8.85080E-04
 8.84617E-04
 8.84339E-04
 8.84249E-04
 8.83972E-04
 8.83633E-04
 8.83480E-04
 8.83265E-04
 8.83050E-04
 8.82897E-04
 8.82558E-04
 8.82406E-04
 8.82191E-04
 8.82100E-04
 8.81947E-04
 8.81670E-04
 8.81456E-04
 8.81303E-04
 8.81150E-04
 8.81060E-04
 8.80720E-04
 8.80505E-04
 8.80228E-04
 8.79951E-04
 8.79612E-04
 8.79211E-04
 8.79058E-04
 8.78905E-04
 8.78504E-04
 8.78351E-04
 8.78261E-04
 8.77922E-04
 8.77831E-04
 8.77616E-04
 8.77277E-04
 8.77062E-04
 8.76723E-04
 8.76446E-04
 8.76231E-04
 8.76016E-04
 8.75801E-04
 8.75649E-04
 8.75434E-04
 8.75405E-04
 8.75190E-04
 8.74913E-04
 8.74823E-04
 8.74670E-04
 8.74331E-04
 8.74116E-04
 8.73839E-04
 8.73624E-04
 8.73471E-04
 8.73194E-04
 8.72980E-04
 8.72827E-04
 8.72674E-04
 8.72459E-04
 8.72182E-04
 8.72092E-04
 8.71753E-04
 8.71538E-04
 8.71447E-04
 8.71357E-04
 8.70831E-04
 8.70430E-04
 8.70090E-04
 8.69938E-04
 8.69723E-04
 8.69632E-04
 8.69231E-04
 8.68830E-04
 8.68490E-04
 8.68338E-04
 8.68123E-04
 8.67908E-04
 8.67880E-04
 8.67789E-04
 8.67761E-04
 8.67421E-04
 8.67082E-04
 8.66867E-04
 8.66777E-04
 8.66624E-04
 8.66347E-04
 8.66008E-04
 8.65731E-04
 8.65392E-04
 8.65115E-04
 8.64962E-04
 8.64809E-04
 8.64719E-04
 8.64504E-04
 8.64351E-04
 8.64261E-04
 8.64108E-04
 8.63955E-04
 8.63554E-04
 8.63277E-04
 8.63186E-04
 8.63158E-04
 8.62881E-04
 8.62791E-04
 8.62514E-04
 8.62299E-04
 8.62146E-04
 8.61931E-04
 8.61654E-04
 8.61377E-04
 8.60851E-04
 8.60637E-04
 8.60608E-04
 8.60207E-04
 8.60054E-04
 8.59902E-04
 8.59562E-04
 8.59348E-04
 8.59071E-04
 8.58856E-04
 8.58641E-04
 8.58488E-04
 8.58149E-04
 8.57810E-04
 8.57657E-04
 8.57504E-04
 8.57103E-04
 8.56950E-04
 8.56860E-04
 8.56707E-04
 8.56368E-04
 8.56153E-04
 8.56001E-04
 8.55910E-04
 8.55695E-04
 8.55232E-04
 8.55141E-04
 8.55051E-04
 8.54836E-04
 8.54683E-04
 8.54344E-04
 8.54253E-04
 8.54039E-04
 8.53886E-04
 8.53733E-04
 8.53456E-04
 8.53117E-04
 8.52902E-04
 8.52625E-04
 8.52597E-04
 8.52071E-04
 8.51856E-04
 8.51704E-04
 8.51365E-04
 8.51212E-04
 8.50748E-04
 8.50720E-04
 8.50443E-04
 8.50415E-04
 8.50138E-04
 8.49923E-04
 8.49646E-04
 8.49431E-04
 8.49279E-04
 8.49002E-04
 8.48911E-04
 8.48696E-04
 8.48481E-04
 8.48391E-04
 8.48176E-04
 8.48023E-04
 8.47746E-04
 8.47283E-04
 8.47130E-04
 8.47040E-04
 8.46887E-04
 8.46548E-04
 8.46271E-04
 8.46118E-04
 8.46090E-04
 8.46000E-04
 8.45785E-04
 8.45446E-04
 8.45355E-04
 8.45078E-04
 8.44801E-04
 8.44773E-04
 8.44558E-04
 8.44343E-04
 8.44128E-04
 8.43914E-04
 8.43637E-04
 8.43484E-04
 8.43020E-04
 8.42743E-04
 8.42467E-04
 8.42314E-04
 8.42099E-04
 8.41946E-04
 8.41483E-04
 8.41268E-04
 8.40929E-04
 8.40776E-04
 8.40624E-04
 8.40409E-04
 8.40318E-04
 8.40041E-04
 8.39827E-04
 8.39488E-04
 8.39273E-04
 8.39058E-04
 8.38905E-04
 8.38691E-04
 8.38476E-04
 8.38261E-04
 8.37984E-04
 8.37956E-04
 8.37803E-04
 8.37713E-04
 8.37622E-04
 8.37283E-04
 8.37130E-04
 8.36978E-04
 8.36763E-04
 8.36610E-04
 8.36396E-04
 8.36181E-04
 8.35842E-04
 8.35565E-04
 8.35474E-04
 8.35322E-04
 8.35107E-04
 8.34954E-04
 8.34739E-04
 8.34463E-04
 8.34372E-04
 8.34095E-04
 8.33756E-04
 8.33603E-04
 8.33326E-04
 8.33050E-04
 8.32835E-04
 8.32682E-04
 8.32343E-04
 8.32190E-04
 8.31913E-04
 8.31637E-04
 8.31422E-04
 8.31394E-04
 8.30992E-04
 8.30902E-04
 8.30687E-04
 8.30472E-04
 8.30071E-04
 8.29856E-04
 8.29766E-04
 8.29675E-04
 8.29461E-04
 8.29122E-04
 8.28782E-04
 8.28568E-04
 8.28229E-04
 8.28014E-04
 8.27923E-04
 8.27771E-04
 8.27556E-04
 8.27466E-04
 8.27375E-04
 8.27223E-04
 8.27070E-04
 8.26793E-04
 8.26578E-04
 8.26426E-04
 8.26149E-04
 8.25934E-04
 8.25595E-04
 8.25505E-04
 8.25352E-04
 8.25013E-04
 8.24923E-04
 8.24708E-04
 8.24431E-04
 8.24154E-04
 8.24001E-04
 8.23911E-04
 8.23448E-04
 8.23109E-04
 8.22832E-04
 8.22617E-04
 8.22340E-04
 8.22250E-04
 8.22159E-04
 8.21882E-04
 8.21730E-04
 8.21515E-04
 8.21363E-04
 8.21148E-04
 8.20871E-04
 8.20532E-04
 8.20193E-04
 8.20040E-04
 8.19950E-04
 8.19797E-04
 8.19645E-04
 8.19554E-04
 8.19526E-04
 8.19374E-04
 8.19159E-04
 8.19006E-04
 8.18667E-04
 8.18515E-04
 8.18362E-04
 8.18023E-04
 8.17933E-04
 8.17780E-04
 8.17503E-04
 8.17351E-04
 8.17198E-04
 8.17046E-04
 8.16769E-04
 8.16554E-04
 8.16464E-04
 8.16249E-04
 8.15910E-04
 8.15758E-04
 8.15419E-04
 8.15080E-04
 8.14678E-04
 8.14464E-04
 8.14373E-04
 8.14221E-04
 8.14006E-04
 8.13854E-04
 8.13577E-04
 8.13114E-04
 8.12899E-04
 8.12684E-04
 8.12469E-04
 8.12317E-04
 8.12289E-04
 8.12012E-04
 8.11735E-04
 8.11583E-04
 8.11430E-04
 8.11340E-04
 8.11001E-04
 8.10786E-04
 8.10509E-04
 8.10481E-04
 8.10080E-04
 8.09865E-04
 8.09588E-04
 8.09498E-04
 8.09346E-04
 8.09255E-04
 8.09103E-04
 8.08764E-04
 8.08549E-04
 8.08459E-04
 8.08244E-04
 8.08092E-04
 8.07753E-04
 8.07663E-04
 8.07510E-04
 8.07358E-04
 8.07143E-04
 8.06928E-04
 8.06838E-04
 8.06686E-04
 8.06595E-04
 8.06318E-04
 8.06104E-04
 8.05889E-04
 8.05364E-04
 8.05211E-04
 8.04810E-04
 8.04596E-04
 8.04194E-04
 8.03980E-04
 8.03890E-04
 8.03675E-04
 8.03398E-04
 8.03184E-04
 8.03155E-04
 8.03065E-04
 8.02788E-04
 8.02574E-04
 8.02421E-04
 8.02145E-04
 8.01868E-04
 8.01715E-04
 8.01563E-04
 8.01411E-04
 8.01382E-04
 8.01230E-04
 8.00891E-04
 8.00801E-04
 8.00462E-04
 8.00309E-04
 8.00157E-04
 7.99880E-04
 7.99604E-04
 7.99575E-04
 7.99237E-04
 7.98898E-04
 7.98745E-04
 7.98655E-04
 7.98565E-04
 7.98288E-04
 7.98073E-04
 7.97859E-04
 7.97644E-04
 7.97492E-04
 7.97340E-04
 7.97187E-04
 7.96848E-04
 7.96509E-04
 7.96295E-04
 7.96080E-04
 7.95928E-04
 7.95838E-04
 7.95623E-04
 7.95346E-04
 7.95008E-04
 7.94544E-04
 7.94330E-04
 7.94240E-04
 7.93963E-04
 7.93935E-04
 7.93783E-04
 7.93568E-04
 7.93416E-04
 7.93201E-04
 7.92987E-04
 7.92896E-04
 7.92620E-04
 7.92530E-04
 7.92377E-04
 7.92038E-04
 7.91948E-04
 7.91671E-04
 7.91457E-04
 7.91180E-04
 7.91090E-04
 7.90938E-04
 7.90599E-04
 7.90509E-04
 7.90294E-04
 7.90204E-04
 7.90052E-04
 7.89899E-04
 7.89623E-04
 7.89533E-04
 7.89318E-04
 7.89290E-04
 7.89200E-04
 7.88923E-04
 7.88709E-04
 7.88681E-04
 7.88467E-04
 7.88190E-04
 7.87975E-04
 7.87885E-04
 7.87298E-04
 7.87021E-04
 7.86745E-04
 7.86592E-04
 7.86191E-04
 7.85977E-04
 7.85762E-04
 7.85672E-04
 7.85396E-04
 7.85119E-04
 7.84967E-04
 7.84752E-04
 7.84600E-04
 7.84386E-04
 7.83985E-04
 7.83646E-04
 7.83556E-04
 7.83341E-04
 7.83127E-04
 7.83099E-04
 7.82885E-04
 7.82857E-04
 7.82642E-04
 7.82428E-04
 7.82089E-04
 7.81999E-04
 7.81847E-04
 7.81695E-04
 7.81418E-04
 7.81328E-04
 7.81114E-04
 7.80899E-04
 7.80623E-04
 7.80470E-04
 7.80194E-04
 7.79979E-04
 7.79641E-04
 7.79551E-04
 7.79461E-04
 7.79246E-04
 7.79094E-04
 7.79066E-04
 7.78852E-04
 7.78513E-04
 7.78423E-04
 7.78333E-04
 7.78057E-04
 7.77780E-04
 7.77441E-04
 7.77289E-04
 7.77075E-04
 7.76798E-04
 7.76460E-04
 7.76245E-04
 7.76093E-04
 7.75879E-04
 7.75664E-04
 7.75512E-04
 7.75422E-04
 7.75332E-04
 7.75118E-04
 7.75090E-04
 7.74689E-04
 7.74537E-04
 7.74261E-04
 7.74046E-04
 7.73957E-04
 7.73742E-04
 7.73590E-04
 7.73314E-04
 7.73037E-04
 7.72947E-04
 7.72733E-04
 7.72581E-04
 7.72429E-04
 7.72214E-04
 7.72062E-04
 7.71910E-04
 7.71758E-04
 7.71419E-04
 7.71205E-04
 7.71053E-04
 7.70901E-04
 7.70687E-04
 7.70535E-04
 7.70383E-04
 7.70044E-04
 7.69954E-04
 7.69926E-04
 7.69774E-04
 7.69622E-04
 7.69532E-04
 7.69256E-04
 7.68979E-04
 7.68579E-04
 7.68116E-04
 7.67839E-04
 7.67625E-04
 7.67349E-04
 7.67135E-04
 7.67045E-04
 7.66955E-04
 7.66741E-04
 7.66464E-04
 7.66312E-04
 7.66098E-04
 7.65884E-04
 7.65732E-04
 7.65518E-04
 7.65366E-04
 7.65338E-04
 7.64937E-04
 7.64661E-04
 7.64571E-04
 7.64481E-04
 7.64267E-04
 7.63991E-04
 7.63590E-04
 7.63500E-04
 7.63224E-04
 7.63134E-04
 7.62982E-04
 7.62830E-04
 7.62678E-04
 7.62526E-04
 7.62312E-04
 7.62160E-04
 7.62008E-04
 7.61794E-04
 7.61455E-04
 7.61304E-04
 7.61152E-04
 7.60937E-04
 7.60910E-04
 7.60758E-04
 7.60606E-04
 7.60330E-04
 7.60240E-04
 7.60150E-04
 7.59874E-04
 7.59784E-04
 7.59694E-04
 7.59294E-04
 7.59018E-04
 7.58803E-04
 7.58465E-04
 7.58251E-04
 7.57913E-04
 7.57823E-04
 7.57671E-04
 7.57457E-04
 7.57119E-04
 7.57029E-04
 7.56939E-04
 7.56787E-04
 7.56635E-04
 7.56421E-04
 7.56083E-04
 7.55869E-04
 7.55468E-04
 7.55379E-04
 7.55103E-04
 7.55013E-04
 7.54799E-04
 7.54398E-04
 7.54371E-04
 7.54157E-04
 7.53818E-04
 7.53791E-04
 7.53639E-04
 7.53425E-04
 7.53211E-04
 7.52997E-04
 7.52845E-04
 7.52818E-04
 7.52666E-04
 7.52390E-04
 7.52176E-04
 7.52086E-04
 7.51935E-04
 7.51907E-04
 7.51693E-04
 7.51479E-04
 7.51452E-04
 7.51238E-04
 7.50962E-04
 7.50686E-04
 7.50410E-04
 7.50133E-04
 7.49982E-04
 7.49830E-04
 7.49616E-04
 7.49340E-04
 7.49064E-04
 7.48726E-04
 7.48636E-04
 7.48298E-04
 7.48146E-04
 7.47994E-04
 7.47718E-04
 7.47567E-04
 7.47228E-04
 7.47139E-04
 7.47049E-04
 7.46960E-04
 7.46932E-04
 7.46719E-04
 7.46443E-04
 7.46353E-04
 7.46139E-04
 7.45863E-04
 7.45712E-04
 7.45498E-04
 7.45284E-04
 7.45257E-04
 7.45043E-04
 7.44891E-04
 7.44615E-04
 7.44277E-04
 7.44063E-04
 7.43974E-04
 7.43822E-04
 7.43670E-04
 7.43457E-04
 7.43305E-04
 7.43278E-04
 7.43002E-04
 7.42788E-04
 7.42574E-04
 7.42423E-04
 7.42271E-04
 7.41995E-04
 7.41781E-04
 7.41505E-04
 7.41416E-04
 7.41327E-04
 7.41299E-04
 7.41210E-04
 7.40934E-04
 7.40472E-04
 7.40196E-04
 7.39982E-04
 7.39830E-04
 7.39555E-04
 7.39527E-04
 7.39376E-04
 7.39100E-04
 7.38700E-04
 7.38610E-04
 7.38272E-04
 7.38059E-04
 7.37845E-04
 7.37693E-04
 7.37480E-04
 7.37142E-04
 7.36990E-04
 7.36777E-04
 7.36687E-04
 7.36474E-04
 7.36322E-04
 7.35922E-04
 7.35771E-04
 7.35619E-04
 7.35468E-04
 7.35441E-04
 7.35227E-04
 7.35138E-04
 7.34800E-04
 7.34710E-04
 7.34497E-04
 7.34408E-04
 7.34194E-04
 7.33918E-04
 7.33829E-04
 7.33740E-04
 7.33650E-04
 7.33499E-04
 7.33348E-04
 7.33134E-04
 7.32921E-04
 7.32707E-04
 7.32493E-04
 7.32280E-04
 7.32066E-04
 7.31915E-04
 7.31701E-04
 7.31612E-04
 7.31337E-04
 7.31247E-04
 7.30909E-04
 7.30572E-04
 7.30420E-04
 7.30082E-04
 7.30055E-04
 7.29842E-04
 7.29753E-04
 7.29477E-04
 7.29077E-04
 7.28926E-04
 7.28837E-04
 7.28748E-04
 7.28721E-04
 7.28632E-04
 7.28480E-04
 7.28142E-04
 7.27991E-04
 7.27778E-04
 7.27564E-04
 7.27164E-04
 7.27013E-04
 7.26738E-04
 7.26648E-04
 7.26497E-04
 7.26408E-04
 7.26195E-04
 7.26044E-04
 7.25954E-04
 7.25741E-04
 7.25652E-04
 7.25439E-04
 7.25163E-04
 7.24950E-04
 7.24861E-04
 7.24710E-04
 7.24621E-04
 7.24283E-04
 7.24007E-04
 7.23856E-04
 7.23643E-04
 7.23305E-04
 7.23154E-04
 7.23003E-04
 7.22852E-04
 7.22701E-04
 7.22549E-04
 7.22274E-04
 7.22123E-04
 7.21972E-04
 7.21758E-04
 7.21483E-04
 7.21207E-04
 7.21056E-04
 7.20719E-04
 7.20630E-04
 7.20541E-04
 7.20203E-04
 7.19990E-04
 7.19901E-04
 7.19626E-04
 7.19475E-04
 7.19137E-04
 7.19048E-04
 7.18897E-04
 7.18684E-04
 7.18471E-04
 7.18320E-04
 7.18044E-04
 7.17831E-04
 7.17742E-04
 7.17529E-04
 7.17378E-04
 7.17165E-04
 7.17076E-04
 7.16925E-04
 7.16588E-04
 7.16375E-04
 7.16286E-04
 7.16135E-04
 7.15797E-04
 7.15584E-04
 7.15495E-04
 7.15469E-04
 7.15318E-04
 7.15167E-04
 7.15140E-04
 7.15051E-04
 7.14963E-04
 7.14812E-04
 7.14474E-04
 7.14261E-04
 7.13986E-04
 7.13773E-04
 7.13746E-04
 7.13596E-04
 7.13445E-04
 7.13356E-04
 7.13205E-04
 7.13054E-04
 7.12903E-04
 7.12566E-04
 7.12166E-04
 7.11953E-04
 7.11678E-04
 7.11465E-04
 7.11314E-04
 7.10915E-04
 7.10702E-04
 7.10675E-04
 7.10587E-04
 7.10436E-04
 7.10347E-04
 7.10197E-04
 7.10046E-04
 7.09771E-04
 7.09620E-04
 7.09345E-04
 7.09070E-04
 7.08857E-04
 7.08519E-04
 7.08493E-04
 7.08156E-04
 7.08005E-04
 7.07979E-04
 7.07704E-04
 7.07615E-04
 7.07589E-04
 7.07314E-04
 7.07101E-04
 7.07012E-04
 7.06613E-04
 7.06400E-04
 7.06249E-04
 7.06099E-04
 7.05824E-04
 7.05611E-04
 7.05522E-04
 7.05247E-04
 7.05034E-04
 7.04822E-04
 7.04733E-04
 7.04645E-04
 7.04432E-04
 7.04343E-04
 7.04068E-04
 7.03980E-04
 7.03767E-04
 7.03617E-04
 7.03342E-04
 7.03315E-04
 7.03289E-04
 7.03201E-04
 7.02926E-04
 7.02651E-04
 7.02376E-04
 7.02163E-04
 7.01826E-04
 7.01676E-04
 7.01587E-04
 7.01188E-04
 7.00975E-04
 7.00825E-04
 7.00674E-04
 7.00462E-04
 7.00249E-04
 7.00036E-04
 6.99762E-04
 6.99611E-04
 6.99461E-04
 6.99248E-04
 6.99222E-04
 6.99071E-04
 6.98797E-04
 6.98708E-04
 6.98496E-04
 6.98407E-04
 6.98381E-04
 6.98044E-04
 6.97832E-04
 6.97744E-04
 6.97469E-04
 6.97381E-04
 6.97106E-04
 6.97018E-04
 6.96867E-04
 6.96841E-04
 6.96753E-04
 6.96540E-04
 6.96266E-04
 6.96115E-04
 6.95903E-04
 6.95753E-04
 6.95602E-04
 6.95514E-04
 6.95426E-04
 6.95338E-04
 6.95250E-04
 6.95037E-04
 6.94887E-04
 6.94612E-04
 6.94462E-04
 6.94125E-04
 6.94037E-04
 6.93824E-04
 6.93612E-04
 6.93275E-04
 6.93063E-04
 6.92788E-04
 6.92389E-04
 6.92239E-04
 6.92151E-04
 6.92063E-04
 6.91851E-04
 6.91700E-04
 6.91488E-04
 6.91276E-04
 6.90939E-04
 6.90851E-04
 6.90639E-04
 6.90426E-04
 6.90152E-04
 6.89877E-04
 6.89603E-04
 6.89515E-04
 6.89427E-04
 6.89214E-04
 6.89002E-04
 6.88914E-04
 6.88888E-04
 6.88863E-04
 6.88588E-04
 6.88189E-04
 6.88039E-04
 6.87703E-04
 6.87615E-04
 6.87527E-04
 6.87377E-04
 6.87227E-04
 6.86952E-04
 6.86927E-04
 6.86590E-04
 6.86440E-04
 6.86352E-04
 6.86264E-04
 6.85928E-04
 6.85653E-04
 6.85503E-04
 6.85416E-04
 6.85203E-04
 6.84991E-04
 6.84966E-04
 6.84940E-04
 6.84790E-04
 6.84764E-04
 6.84677E-04
 6.84589E-04
 6.84190E-04
 6.83978E-04
 6.83704E-04
 6.83492E-04
 6.83218E-04
 6.83068E-04
 6.82793E-04
 6.82706E-04
 6.82494E-04
 6.82157E-04
 6.82007E-04
 6.81795E-04
 6.81521E-04
 6.81309E-04
 6.81159E-04
 6.81134E-04
 6.80922E-04
 6.80710E-04
 6.80560E-04
 6.80348E-04
 6.80260E-04
 6.80173E-04
 6.80023E-04
 6.79811E-04
 6.79661E-04
 6.79573E-04
 6.79424E-04
 6.79336E-04
 6.79124E-04
 6.78850E-04
 6.78762E-04
 6.78613E-04
 6.78525E-04
 6.78375E-04
 6.78163E-04
 6.77952E-04
 6.77740E-04
 6.77652E-04
 6.77502E-04
 6.77353E-04
 6.77017E-04
 6.76991E-04
 6.76904E-04
 6.76568E-04
 6.76480E-04
 6.76268E-04
 6.75808E-04
 6.75658E-04
 6.75446E-04
 6.75359E-04
 6.75147E-04
 6.74935E-04
 6.74848E-04
 6.74698E-04
 6.74362E-04
 6.74088E-04
 6.73877E-04
 6.73727E-04
 6.73640E-04
 6.73552E-04
 6.73278E-04
 6.73004E-04
 6.72731E-04
 6.72581E-04
 6.72307E-04
 6.72220E-04
 6.71946E-04
 6.71859E-04
 6.71523E-04
 6.71311E-04
 6.71099E-04
 6.71012E-04
 6.70925E-04
 6.70837E-04
 6.70750E-04
 6.70601E-04
 6.70576E-04
 6.70302E-04
 6.70028E-04
 6.69754E-04
 6.69667E-04
 6.69518E-04
 6.69368E-04
 6.69219E-04
 6.69007E-04
 6.68982E-04
 6.68646E-04
 6.68621E-04
 6.68410E-04
 6.68198E-04
 6.67987E-04
 6.67713E-04
 6.67502E-04
 6.67352E-04
 6.67203E-04
 6.67054E-04
 6.66966E-04
 6.66755E-04
 6.66730E-04
 6.66643E-04
 6.66494E-04
 6.66469E-04
 6.66319E-04
 6.66232E-04
 6.66021E-04
 6.65810E-04
 6.65660E-04
 6.65325E-04
 6.65175E-04
 6.65026E-04
 6.64815E-04
 6.64666E-04
 6.64392E-04
 6.64243E-04
 6.63969E-04
 6.63758E-04
 6.63609E-04
 6.63460E-04
 6.63186E-04
 6.62975E-04
 6.62764E-04
 6.62490E-04
 6.62341E-04
 6.62316E-04
 6.61981E-04
 6.61769E-04
 6.61682E-04
 6.61533E-04
 6.61446E-04
 6.61297E-04
 6.61210E-04
 6.60999E-04
 6.60850E-04
 6.60515E-04
 6.60241E-04
 6.60154E-04
 6.59881E-04
 6.59794E-04
 6.59707E-04
 6.59620E-04
 6.59347E-04
 6.59136E-04
 6.59049E-04
 6.58776E-04
 6.58751E-04
 6.58602E-04
 6.58267E-04
 6.58118E-04
 6.58031E-04
 6.57944E-04
 6.57609E-04
 6.57460E-04
 6.57373E-04
 6.57287E-04
 6.57138E-04
 6.56616E-04
 6.56529E-04
 6.56442E-04
 6.56231E-04
 6.56207E-04
 6.56058E-04
 6.55847E-04
 6.55574E-04
 6.55363E-04
 6.55090E-04
 6.55065E-04
 6.54916E-04
 6.54768E-04
 6.54557E-04
 6.54159E-04
 6.53886E-04
 6.53799E-04
 6.53775E-04
 6.53502E-04
 6.53415E-04
 6.53267E-04
 6.52993E-04
 6.52907E-04
 6.52634E-04
 6.52609E-04
 6.52523E-04
 6.52312E-04
 6.52163E-04
 6.51953E-04
 6.51804E-04
 6.51593E-04
 6.51507E-04
 6.51358E-04
 6.51209E-04
 6.51061E-04
 6.50912E-04
 6.50888E-04
 6.50801E-04
 6.50653E-04
 6.50442E-04
 6.49982E-04
 6.49834E-04
 6.49561E-04
 6.49412E-04
 6.49264E-04
 6.49053E-04
 6.48904E-04
 6.48632E-04
 6.48483E-04
 6.48210E-04
 6.48124E-04
 6.48037E-04
 6.48013E-04
 6.47865E-04
 6.47778E-04
 6.47630E-04
 6.47482E-04
 6.47395E-04
 6.47185E-04
 6.47036E-04
 6.46950E-04
 6.46739E-04
 6.46529E-04
 6.46380E-04
 6.46107E-04
 6.46021E-04
 6.45624E-04
 6.45414E-04
 6.45203E-04
 6.45055E-04
 6.44720E-04
 6.44447E-04
 6.44361E-04
 6.44150E-04
 6.43878E-04
 6.43729E-04
 6.43519E-04
 6.43433E-04
 6.43347E-04
 6.43136E-04
 6.43050E-04
 6.43026E-04
 6.42691E-04
 6.42543E-04
 6.42519E-04
 6.42246E-04
 6.41912E-04
 6.41701E-04
 6.41553E-04
 6.41405E-04
 6.41319E-04
 6.41233E-04
 6.41147E-04
 6.41061E-04
 6.40912E-04
 6.40578E-04
 6.40492E-04
 6.40343E-04
 6.40133E-04
 6.39923E-04
 6.39837E-04
 6.39813E-04
 6.39727E-04
 6.39579E-04
 6.39120E-04
 6.39096E-04
 6.38948E-04
 6.38676E-04
 6.38590E-04
 6.38317E-04
 6.38107E-04
 6.38021E-04
 6.37873E-04
 6.37663E-04
 6.37453E-04
 6.37429E-04
 6.37343E-04
 6.37009E-04
 6.36923E-04
 6.36713E-04
 6.36565E-04
 6.36230E-04
 6.36020E-04
 6.35810E-04
 6.35662E-04
 6.35452E-04
 6.35304E-04
 6.35031E-04
 6.34884E-04
 6.34611E-04
 6.34463E-04
 6.34315E-04
 6.34168E-04
 6.34020E-04
 6.33934E-04
 6.33848E-04
 6.33576E-04
 6.33552E-04
 6.33467E-04
 6.33319E-04
 6.33171E-04
 6.32899E-04
 6.32751E-04
 6.32541E-04
 6.32393E-04
 6.32245E-04
 6.32098E-04
 6.32012E-04
 6.31678E-04
 6.31592E-04
 6.31258E-04
 6.31172E-04
 6.30900E-04
 6.30815E-04
 6.30791E-04
 6.30706E-04
 6.30620E-04
 6.30224E-04
 6.30138E-04
 6.29928E-04
 6.29781E-04
 6.29757E-04
 6.29734E-04
 6.29648E-04
 6.29439E-04
 6.29353E-04
 6.29205E-04
 6.29058E-04
 6.28910E-04
 6.28825E-04
 6.28801E-04
 6.28778E-04
 6.28693E-04
 6.28110E-04
 6.27962E-04
 6.27753E-04
 6.27481E-04
 6.27084E-04
 6.26937E-04
 6.26541E-04
 6.26331E-04
 6.26121E-04
 6.25912E-04
 6.25515E-04
 6.25368E-04
 6.25220E-04
 6.25197E-04
 6.25174E-04
 6.24840E-04
 6.24755E-04
 6.24607E-04
 6.24522E-04
 6.24250E-04
 6.24041E-04
 6.23831E-04
 6.23808E-04
 6.23598E-04
 6.23327E-04
 6.23179E-04
 6.23032E-04
 6.22884E-04
 6.22799E-04
 6.22776E-04
 6.22629E-04
 6.22419E-04
 6.22210E-04
 6.22000E-04
 6.21915E-04
 6.21768E-04
 6.21620E-04
 6.21535E-04
 6.21450E-04
 6.21241E-04
 6.21156E-04
 6.21008E-04
 6.20799E-04
 6.20652E-04
 6.20442E-04
 6.20419E-04
 6.20085E-04
 6.19690E-04
 6.19667E-04
 6.19333E-04
 6.19310E-04
 6.19287E-04
 6.19264E-04
 6.19117E-04
 6.18970E-04
 6.18823E-04
 6.18738E-04
 6.18591E-04
 6.18381E-04
 6.18296E-04
 6.18025E-04
 6.17816E-04
 6.17731E-04
 6.17459E-04
 6.17188E-04
 6.16916E-04
 6.16645E-04
 6.16374E-04
 6.16164E-04
 6.16142E-04
 6.16119E-04
 6.15972E-04
 6.15887E-04
 6.15553E-04
 6.15469E-04
 6.15321E-04
 6.15299E-04
 6.15214E-04
 6.14943E-04
 6.14671E-04
 6.14587E-04
 6.14315E-04
 6.14168E-04
 6.14146E-04
 6.13999E-04
 6.13790E-04
 6.13518E-04
 6.13247E-04
 6.13100E-04
 6.13015E-04
 6.12806E-04
 6.12597E-04
 6.12388E-04
 6.12241E-04
 6.12219E-04
 6.12134E-04
 6.11863E-04
 6.11778E-04
 6.11756E-04
 6.11609E-04
 6.11338E-04
 6.11191E-04
 6.11044E-04
 6.11022E-04
 6.10999E-04
 6.10852E-04
 6.10830E-04
 6.10683E-04
 6.10288E-04
 6.10017E-04
 6.09994E-04
 6.09847E-04
 6.09701E-04
 6.09678E-04
 6.09345E-04
 6.09136E-04
 6.08803E-04
 6.08656E-04
 6.08510E-04
 6.08239E-04
 6.07905E-04
 6.07883E-04
 6.07674E-04
 6.07465E-04
 6.07132E-04
 6.07048E-04
 6.06901E-04
 6.06755E-04
 6.06608E-04
 6.06461E-04
 6.06377E-04
 6.06106E-04
 6.05959E-04
 6.05937E-04
 6.05791E-04
 6.05644E-04
 6.05560E-04
 6.05227E-04
 6.05142E-04
 6.04933E-04
 6.04725E-04
 6.04516E-04
 6.04494E-04
 6.04285E-04
 6.04014E-04
 6.03992E-04
 6.03970E-04
 6.03637E-04
 6.03615E-04
 6.03531E-04
 6.03384E-04
 6.03300E-04
 6.03091E-04
 6.02883E-04
 6.02799E-04
 6.02466E-04
 6.02133E-04
 6.02111E-04
 6.01964E-04
 6.01818E-04
 6.01609E-04
 6.01401E-04
 6.01130E-04
 6.00984E-04
 6.00962E-04
 6.00940E-04
 6.00856E-04
 6.00834E-04
 6.00687E-04
 6.00541E-04
 6.00395E-04
 6.00249E-04
 5.99916E-04
 5.99769E-04
 5.99623E-04
 5.99290E-04
 5.99269E-04
 5.98998E-04
 5.98790E-04
 5.98643E-04
 5.98373E-04
 5.98102E-04
 5.97956E-04
 5.97872E-04
 5.97788E-04
 5.97517E-04
 5.97371E-04
 5.97349E-04
 5.97141E-04
 5.97119E-04
 5.96973E-04
 5.96889E-04
 5.96867E-04
 5.96597E-04
 5.96451E-04
 5.96367E-04
 5.96283E-04
 5.96075E-04
 5.95929E-04
 5.95658E-04
 5.95512E-04
 5.95366E-04
 5.95158E-04
 5.94950E-04
 5.94679E-04
 5.94471E-04
 5.94387E-04
 5.94365E-04
 5.94157E-04
 5.93949E-04
 5.93865E-04
 5.93657E-04
 5.93635E-04
 5.93552E-04
 5.93406E-04
 5.93135E-04
 5.92989E-04
 5.92906E-04
 5.92698E-04
 5.92427E-04
 5.92281E-04
 5.92260E-04
 5.92052E-04
 5.91968E-04
 5.91884E-04
 5.91801E-04
 5.91655E-04
 5.91509E-04
 5.91425E-04
 5.91093E-04
 5.90698E-04
 5.90490E-04
 5.90282E-04
 5.90136E-04
 5.90053E-04
 5.89907E-04
 5.89699E-04
 5.89491E-04
 5.89345E-04
 5.89013E-04
 5.88805E-04
 5.88784E-04
 5.88576E-04
 5.88306E-04
 5.88160E-04
 5.88076E-04
 5.87993E-04
 5.87847E-04
 5.87701E-04
 5.87555E-04
 5.87285E-04
 5.87078E-04
 5.87056E-04
 5.86911E-04
 5.86765E-04
 5.86619E-04
 5.86536E-04
 5.86390E-04
 5.86244E-04
 5.86161E-04
 5.86077E-04
 5.85932E-04
 5.85786E-04
 5.85703E-04
 5.85495E-04
 5.85287E-04
 5.85142E-04
 5.84996E-04
 5.84726E-04
 5.84705E-04
 5.84559E-04
 5.84414E-04
 5.83957E-04
 5.83812E-04
 5.83729E-04
 5.83645E-04
 5.83500E-04
 5.83354E-04
 5.83333E-04
 5.83250E-04
 5.83042E-04
 5.82772E-04
 5.82627E-04
 5.82481E-04
 5.82460E-04
 5.82315E-04
 5.82107E-04
 5.81962E-04
 5.81692E-04
 5.81484E-04
 5.81152E-04
 5.81069E-04
 5.81048E-04
 5.80841E-04
 5.80695E-04
 5.80674E-04
 5.80467E-04
 5.80383E-04
 5.80114E-04
 5.79906E-04
 5.79512E-04
 5.79367E-04
 5.79346E-04
 5.79138E-04
 5.79055E-04
 5.78972E-04
 5.78951E-04
 5.78930E-04
 5.78847E-04
 5.78515E-04
 5.78370E-04
 5.78225E-04
 5.78017E-04
 5.77810E-04
 5.77727E-04
 5.77519E-04
 5.77374E-04
 5.77291E-04
 5.77146E-04
 5.76939E-04
 5.76856E-04
 5.76835E-04
 5.76689E-04
 5.76606E-04
 5.76461E-04
 5.76254E-04
 5.76233E-04
 5.76026E-04
 5.75819E-04
 5.75798E-04
 5.75528E-04
 5.75445E-04
 5.75238E-04
 5.74969E-04
 5.74823E-04
 5.74554E-04
 5.74347E-04
 5.74202E-04
 5.74119E-04
 5.73912E-04
 5.73766E-04
 5.73621E-04
 5.73539E-04
 5.73518E-04
 5.73373E-04
 5.73290E-04
 5.73145E-04
 5.73062E-04
 5.72855E-04
 5.72461E-04
 5.72130E-04
 5.71860E-04
 5.71715E-04
 5.71446E-04
 5.71426E-04
 5.71156E-04
 5.71073E-04
 5.70929E-04
 5.70784E-04
 5.70576E-04
 5.70307E-04
 5.70287E-04
 5.70017E-04
 5.69810E-04
 5.69603E-04
 5.69583E-04
 5.69438E-04
 5.69355E-04
 5.69148E-04
 5.69003E-04
 5.68858E-04
 5.68838E-04
 5.68693E-04
 5.68610E-04
 5.68528E-04
 5.68321E-04
 5.68300E-04
 5.68031E-04
 5.67762E-04
 5.67555E-04
 5.67535E-04
 5.67452E-04
 5.67431E-04
 5.67349E-04
 5.67080E-04
 5.66935E-04
 5.66728E-04
 5.66646E-04
 5.66563E-04
 5.66356E-04
 5.66211E-04
 5.66129E-04
 5.65984E-04
 5.65902E-04
 5.65757E-04
 5.65488E-04
 5.65467E-04
 5.65261E-04
 5.65178E-04
 5.64971E-04
 5.64764E-04
 5.64682E-04
 5.64600E-04
 5.64455E-04
 5.64310E-04
 5.63979E-04
 5.63835E-04
 5.63566E-04
 5.63421E-04
 5.63214E-04
 5.63070E-04
 5.62987E-04
 5.62843E-04
 5.62636E-04
 5.62429E-04
 5.62409E-04
 5.62264E-04
 5.62120E-04
 5.61975E-04
 5.61893E-04
 5.61748E-04
 5.61666E-04
 5.61459E-04
 5.61377E-04
 5.61233E-04
 5.60902E-04
 5.60695E-04
 5.60364E-04
 5.60282E-04
 5.60137E-04
 5.59993E-04
 5.59911E-04
 5.59766E-04
 5.59622E-04
 5.59539E-04
 5.59333E-04
 5.59251E-04
 5.59044E-04
 5.59024E-04
 5.58942E-04
 5.58859E-04
 5.58653E-04
 5.58509E-04
 5.58240E-04
 5.58220E-04
 5.58138E-04
 5.58055E-04
 5.57911E-04
 5.57642E-04
 5.57498E-04
 5.57416E-04
 5.57272E-04
 5.57003E-04
 5.56921E-04
 5.56714E-04
 5.56632E-04
 5.56612E-04
 5.56406E-04
 5.56261E-04
 5.56179E-04
 5.56159E-04
 5.55891E-04
 5.55747E-04
 5.55602E-04
 5.55520E-04
 5.55376E-04
 5.55107E-04
 5.54963E-04
 5.54943E-04
 5.54737E-04
 5.54344E-04
 5.54138E-04
 5.53994E-04
 5.53725E-04
 5.53519E-04
 5.53375E-04
 5.53230E-04
 5.53024E-04
 5.52818E-04
 5.52611E-04
 5.52343E-04
 5.52261E-04
 5.52179E-04
 5.51973E-04
 5.51829E-04
 5.51809E-04
 5.51727E-04
 5.51583E-04
 5.51563E-04
 5.51419E-04
 5.51275E-04
 5.50882E-04
 5.50614E-04
 5.50594E-04
 5.50326E-04
 5.50244E-04
 5.50162E-04
 5.50080E-04
 5.49936E-04
 5.49792E-04
 5.49772E-04
 5.49691E-04
 5.49547E-04
 5.49340E-04
 5.49259E-04
 5.49115E-04
 5.49095E-04
 5.48889E-04
 5.48683E-04
 5.48539E-04
 5.48457E-04
 5.48313E-04
 5.48293E-04
 5.48149E-04
 5.47881E-04
 5.47799E-04
 5.47469E-04
 5.47449E-04
 5.47368E-04
 5.47162E-04
 5.46893E-04
 5.46812E-04
 5.46792E-04
 5.46710E-04
 5.46629E-04
 5.46423E-04
 5.46217E-04
 5.45948E-04
 5.45742E-04
 5.45661E-04
 5.45641E-04
 5.45311E-04
 5.45167E-04
 5.45023E-04
 5.44880E-04
 5.44860E-04
 5.44716E-04
 5.44510E-04
 5.44242E-04
 5.44161E-04
 5.43955E-04
 5.43749E-04
 5.43543E-04
 5.43461E-04
 5.43380E-04
 5.43298E-04
 5.43092E-04
 5.43011E-04
 5.42929E-04
 5.42785E-04
 5.42517E-04
 5.42436E-04
 5.42292E-04
 5.42086E-04
 5.41942E-04
 5.41861E-04
 5.41779E-04
 5.41574E-04
 5.41492E-04
 5.41224E-04
 5.41205E-04
 5.40875E-04
 5.40793E-04
 5.40649E-04
 5.40506E-04
 5.40362E-04
 5.40219E-04
 5.40075E-04
 5.39994E-04
 5.39850E-04
 5.39831E-04
 5.39811E-04
 5.39730E-04
 5.39649E-04
 5.39505E-04
 5.39424E-04
 5.39342E-04
 5.39261E-04
 5.39117E-04
 5.38974E-04
 5.38768E-04
 5.38562E-04
 5.38357E-04
 5.38337E-04
 5.38132E-04
 5.37988E-04
 5.37783E-04
 5.37639E-04
 5.37371E-04
 5.37228E-04
 5.37146E-04
 5.37065E-04
 5.36984E-04
 5.36529E-04
 5.36324E-04
 5.36118E-04
 5.35788E-04
 5.35645E-04
 5.35564E-04
 5.35358E-04
 5.35215E-04
 5.35071E-04
 5.34928E-04
 5.34784E-04
 5.34517E-04
 5.34435E-04
 5.34354E-04
 5.34149E-04
 5.34130E-04
 5.33924E-04
 5.33718E-04
 5.33451E-04
 5.33370E-04
 5.33226E-04
 5.33021E-04
 5.32877E-04
 5.32796E-04
 5.32591E-04
 5.32323E-04
 5.32242E-04
 5.32161E-04
 5.32142E-04
 5.32061E-04
 5.31979E-04
 5.31960E-04
 5.31755E-04
 5.31550E-04
 5.31406E-04
 5.31325E-04
 5.31244E-04
 5.31101E-04
 5.30958E-04
 5.30876E-04
 5.30671E-04
 5.30528E-04
 5.30385E-04
 5.30117E-04
 5.29974E-04
 5.29955E-04
 5.29812E-04
 5.29731E-04
 5.29712E-04
 5.29631E-04
 5.29550E-04
 5.29220E-04
 5.29077E-04
 5.29058E-04
 5.28853E-04
 5.28647E-04
 5.28566E-04
 5.28423E-04
 5.28404E-04
 5.28386E-04
 5.28367E-04
 5.28099E-04
 5.27956E-04
 5.27689E-04
 5.27483E-04
 5.27340E-04
 5.27073E-04
 5.26930E-04
 5.26787E-04
 5.26581E-04
 5.26500E-04
 5.26295E-04
 5.26090E-04
 5.26009E-04
 5.25866E-04
 5.25847E-04
 5.25704E-04
 5.25623E-04
 5.25542E-04
 5.25399E-04
 5.25194E-04
 5.24989E-04
 5.24846E-04
 5.24703E-04
 5.24622E-04
 5.24417E-04
 5.24150E-04
 5.23882E-04
 5.23739E-04
 5.23659E-04
 5.23516E-04
 5.23248E-04
 5.23230E-04
 5.23211E-04
 5.23068E-04
 5.22925E-04
 5.22782E-04
 5.22639E-04
 5.22434E-04
 5.22353E-04
 5.22210E-04
 5.22067E-04
 5.21924E-04
 5.21906E-04
 5.21701E-04
 5.21620E-04
 5.21539E-04
 5.21521E-04
 5.21502E-04
 5.21421E-04
 5.21216E-04
 5.21136E-04
 5.20869E-04
 5.20850E-04
 5.20769E-04
 5.20626E-04
 5.20421E-04
 5.20279E-04
 5.20198E-04
 5.20055E-04
 5.19912E-04
 5.19707E-04
 5.19627E-04
 5.19422E-04
 5.19341E-04
 5.19323E-04
 5.18869E-04
 5.18726E-04
 5.18583E-04
 5.18378E-04
 5.18236E-04
 5.17968E-04
 5.17826E-04
 5.17683E-04
 5.17478E-04
 5.17273E-04
 5.17006E-04
 5.16925E-04
 5.16845E-04
 5.16764E-04
 5.16497E-04
 5.16354E-04
 5.16336E-04
 5.16256E-04
 5.15988E-04
 5.15908E-04
 5.15703E-04
 5.15685E-04
 5.15542E-04
 5.15337E-04
 5.15132E-04
 5.14865E-04
 5.14847E-04
 5.14704E-04
 5.14686E-04
 5.14605E-04
 5.14525E-04
 5.14320E-04
 5.14178E-04
 5.13973E-04
 5.13830E-04
 5.13563E-04
 5.13545E-04
 5.13402E-04
 5.13260E-04
 5.13241E-04
 5.13099E-04
 5.12956E-04
 5.12814E-04
 5.12609E-04
 5.12466E-04
 5.12448E-04
 5.12243E-04
 5.12101E-04
 5.12082E-04
 5.12064E-04
 5.12046E-04
 5.11903E-04
 5.11885E-04
 5.11680E-04
 5.11476E-04
 5.11271E-04
 5.11129E-04
 5.10986E-04
 5.10719E-04
 5.10514E-04
 5.10496E-04
 5.10292E-04
 5.10211E-04
 5.10069E-04
 5.09864E-04
 5.09784E-04
 5.09330E-04
 5.09312E-04
 5.09170E-04
 5.09090E-04
 5.09009E-04
 5.08929E-04
 5.08786E-04
 5.08582E-04
 5.08315E-04
 5.08235E-04
 5.08217E-04
 5.08074E-04
 5.07994E-04
 5.07789E-04
 5.07585E-04
 5.07505E-04
 5.07300E-04
 5.07158E-04
 5.07077E-04
 5.06873E-04
 5.06730E-04
 5.06588E-04
 5.06508E-04
 5.06428E-04
 5.06161E-04
 5.06081E-04
 5.06001E-04
 5.05672E-04
 5.05467E-04
 5.05325E-04
 5.05307E-04
 5.05164E-04
 5.04960E-04
 5.04942E-04
 5.04862E-04
 5.04782E-04
 5.04639E-04
 5.04559E-04
 5.04479E-04
 5.04399E-04
 5.04194E-04
 5.03990E-04
 5.03848E-04
 5.03768E-04
 5.03750E-04
 5.03732E-04
 5.03589E-04
 5.03385E-04
 5.03367E-04
 5.03349E-04
 5.03269E-04
 5.03065E-04
 5.02922E-04
 5.02904E-04
 5.02762E-04
 5.02682E-04
 5.02602E-04
 5.02522E-04
 5.02442E-04
 5.02175E-04
 5.02095E-04
 5.01953E-04
 5.01562E-04
 5.01296E-04
 5.01091E-04
 5.01011E-04
 5.00869E-04
 5.00603E-04
 5.00585E-04
 5.00505E-04
 5.00487E-04
 5.00220E-04
 5.00016E-04
 4.99812E-04
 4.99732E-04
 4.99527E-04
 4.99385E-04
 4.99057E-04
 4.98977E-04
 4.98710E-04
 4.98506E-04
 4.98488E-04
 4.98284E-04
 4.98204E-04
 4.98000E-04
 4.97982E-04
 4.97840E-04
 4.97698E-04
 4.97618E-04
 4.97476E-04
 4.97396E-04
 4.97378E-04
 4.97236E-04
 4.96970E-04
 4.96765E-04
 4.96623E-04
 4.96419E-04
 4.96339E-04
 4.96135E-04
 4.96055E-04
 4.95913E-04
 4.95771E-04
 4.95629E-04
 4.95611E-04
 4.95469E-04
 4.95389E-04
 4.95185E-04
 4.95105E-04
 4.94963E-04
 4.94946E-04
 4.94679E-04
 4.94475E-04
 4.94395E-04
 4.94378E-04
 4.94111E-04
 4.93969E-04
 4.93952E-04
 4.93810E-04
 4.93668E-04
 4.93588E-04
 4.93322E-04
 4.93242E-04
 4.93162E-04
 4.93145E-04
 4.93127E-04
 4.93109E-04
 4.92967E-04
 4.92763E-04
 4.92497E-04
 4.92169E-04
 4.92027E-04
 4.91947E-04
 4.91867E-04
 4.91725E-04
 4.91708E-04
 4.91379E-04
 4.91238E-04
 4.91158E-04
 4.91140E-04
 4.90998E-04
 4.90856E-04
 4.90590E-04
 4.90448E-04
 4.90244E-04
 4.90165E-04
 4.90085E-04
 4.90005E-04
 4.89988E-04
 4.89659E-04
 4.89455E-04
 4.89314E-04
 4.89172E-04
 4.89030E-04
 4.88888E-04
 4.88809E-04
 4.88729E-04
 4.88525E-04
 4.88445E-04
 4.88428E-04
 4.88162E-04
 4.87833E-04
 4.87754E-04
 4.87612E-04
 4.87408E-04
 4.87391E-04
 4.87249E-04
 4.87169E-04
 4.86965E-04
 4.86823E-04
 4.86806E-04
 4.86726E-04
 4.86709E-04
 4.86443E-04
 4.86426E-04
 4.86408E-04
 4.86266E-04
 4.86187E-04
 4.86169E-04
 4.86028E-04
 4.85886E-04
 4.85806E-04
 4.85727E-04
 4.85585E-04
 4.85506E-04
 4.85302E-04
 4.85036E-04
 4.85018E-04
 4.84877E-04
 4.84797E-04
 4.84531E-04
 4.84452E-04
 4.84434E-04
 4.84231E-04
 4.84151E-04
 4.84009E-04
 4.83992E-04
 4.83726E-04
 4.83522E-04
 4.83381E-04
 4.83115E-04
 4.82973E-04
 4.82894E-04
 4.82628E-04
 4.82610E-04
 4.82469E-04
 4.82389E-04
 4.82310E-04
 4.82230E-04
 4.82089E-04
 4.81947E-04
 4.81805E-04
 4.81602E-04
 4.81584E-04
 4.81256E-04
 4.81177E-04
 4.81035E-04
 4.80832E-04
 4.80628E-04
 4.80611E-04
 4.80531E-04
 4.80452E-04
 4.80372E-04
 4.80231E-04
 4.80089E-04
 4.79886E-04
 4.79744E-04
 4.79603E-04
 4.79523E-04
 4.79382E-04
 4.79302E-04
 4.79223E-04
 4.79081E-04
 4.79002E-04
 4.78674E-04
 4.78533E-04
 4.78453E-04
 4.78312E-04
 4.78046E-04
 4.77904E-04
 4.77763E-04
 4.77621E-04
 4.77604E-04
 4.77401E-04
 4.77321E-04
 4.77180E-04
 4.77101E-04
 4.77021E-04
 4.76818E-04
 4.76738E-04
 4.76659E-04
 4.76455E-04
 4.76376E-04
 4.76235E-04
 4.76093E-04
 4.76014E-04
 4.75810E-04
 4.75731E-04
 4.75590E-04
 4.75386E-04
 4.75245E-04
 4.75041E-04
 4.74838E-04
 4.74696E-04
 4.74679E-04
 4.74662E-04
 4.74459E-04
 4.74317E-04
 4.74238E-04
 4.74034E-04
 4.73893E-04
 4.73814E-04
 4.73672E-04
 4.73469E-04
 4.73452E-04
 4.73373E-04
 4.73356E-04
 4.73214E-04
 4.73011E-04
 4.72869E-04
 4.72728E-04
 4.72649E-04
 4.72570E-04
 4.72428E-04
 4.72349E-04
 4.71959E-04
 4.71756E-04
 4.71615E-04
 4.71473E-04
 4.71332E-04
 4.71191E-04
 4.71111E-04
 4.70908E-04
 4.70767E-04
 4.70688E-04
 4.70484E-04
 4.70405E-04
 4.70264E-04
 4.70185E-04
 4.70168E-04
 4.70089E-04
 4.70072E-04
 4.69993E-04
 4.69913E-04
 4.69834E-04
 4.69817E-04
 4.69490E-04
 4.69348E-04
 4.69207E-04
 4.69066E-04
 4.68863E-04
 4.68783E-04
 4.68456E-04
 4.68315E-04
 4.68298E-04
 4.68219E-04
 4.68140E-04
 4.67936E-04
 4.67733E-04
 4.67716E-04
 4.67699E-04
 4.67682E-04
 4.67603E-04
 4.67338E-04
 4.67259E-04
 4.67242E-04
 4.67038E-04
 4.66959E-04
 4.66694E-04
 4.66553E-04
 4.66412E-04
 4.66333E-04
 4.66129E-04
 4.65988E-04
 4.65909E-04
 4.65706E-04
 4.65627E-04
 4.65486E-04
 4.65469E-04
 4.65141E-04
 4.65000E-04
 4.64859E-04
 4.64656E-04
 4.64515E-04
 4.64374E-04
 4.64108E-04
 4.64029E-04
 4.64012E-04
 4.63933E-04
 4.63917E-04
 4.63900E-04
 4.63697E-04
 4.63680E-04
 4.63539E-04
 4.63273E-04
 4.63257E-04
 4.63116E-04
 4.62912E-04
 4.62709E-04
 4.62630E-04
 4.62551E-04
 4.62472E-04
 4.62394E-04
 4.62253E-04
 4.62049E-04
 4.62033E-04
 4.62016E-04
 4.61937E-04
 4.61734E-04
 4.61717E-04
 4.61514E-04
 4.61373E-04
 4.61356E-04
 4.61340E-04
 4.61261E-04
 4.61182E-04
 4.60917E-04
 4.60776E-04
 4.60572E-04
 4.60556E-04
 4.60477E-04
 4.60336E-04
 4.60195E-04
 4.60054E-04
 4.59851E-04
 4.59586E-04
 4.59445E-04
 4.59428E-04
 4.59411E-04
 4.59332E-04
 4.59192E-04
 4.59175E-04
 4.58972E-04
 4.58707E-04
 4.58503E-04
 4.58425E-04
 4.58159E-04
 4.58081E-04
 4.57877E-04
 4.57861E-04
 4.57658E-04
 4.57579E-04
 4.57376E-04
 4.57297E-04
 4.57218E-04
 4.56953E-04
 4.56875E-04
 4.56796E-04
 4.56717E-04
 4.56576E-04
 4.56497E-04
 4.56294E-04
 4.56029E-04
 4.55888E-04
 4.55747E-04
 4.55731E-04
 4.55590E-04
 4.55511E-04
 4.55370E-04
 4.55167E-04
 4.55027E-04
 4.54886E-04
 4.54558E-04
 4.54418E-04
 4.54277E-04
 4.54198E-04
 4.54119E-04
 4.54041E-04
 4.53962E-04
 4.53697E-04
 4.53432E-04
 4.53353E-04
 4.53337E-04
 4.53196E-04
 4.53117E-04
 4.53038E-04
 4.52960E-04
 4.52881E-04
 4.52740E-04
 4.52600E-04
 4.52459E-04
 4.52318E-04
 4.52115E-04
 4.52099E-04
 4.52020E-04
 4.51817E-04
 4.51801E-04
 4.51784E-04
 4.51643E-04
 4.51440E-04
 4.51424E-04
 4.51159E-04
 4.51143E-04
 4.51064E-04
 4.50923E-04
 4.50845E-04
 4.50704E-04
 4.50687E-04
 4.50609E-04
 4.50468E-04
 4.50452E-04
 4.50125E-04
 4.49984E-04
 4.49781E-04
 4.49640E-04
 4.49624E-04
 4.49483E-04
 4.49280E-04
 4.49140E-04
 4.48999E-04
 4.48796E-04
 4.48593E-04
 4.48328E-04
 4.48312E-04
 4.48233E-04
 4.48217E-04
 4.48076E-04
 4.48060E-04
 4.48044E-04
 4.47779E-04
 4.47638E-04
 4.47559E-04
 4.47543E-04
 4.47340E-04
 4.47137E-04
 4.47059E-04
 4.46918E-04
 4.46778E-04
 4.46699E-04
 4.46559E-04
 4.46294E-04
 4.46153E-04
 4.46137E-04
 4.45996E-04
 4.45731E-04
 4.45653E-04
 4.45574E-04
 4.45434E-04
 4.45355E-04
 4.45152E-04
 4.45012E-04
 4.44996E-04
 4.44855E-04
 4.44777E-04
 4.44760E-04
 4.44682E-04
 4.44666E-04
 4.44587E-04
 4.44571E-04
 4.44244E-04
 4.44103E-04
 4.43963E-04
 4.43822E-04
 4.43619E-04
 4.43603E-04
 4.43525E-04
 4.43384E-04
 4.43368E-04
 4.43290E-04
 4.43211E-04
 4.43009E-04
 4.42806E-04
 4.42665E-04
 4.42463E-04
 4.42447E-04
 4.42368E-04
 4.42165E-04
 4.42025E-04
 4.42009E-04
 4.41744E-04
 4.41728E-04
 4.41525E-04
 4.41509E-04
 4.41431E-04
 4.41228E-04
 4.40901E-04
 4.40760E-04
 4.40558E-04
 4.40479E-04
 4.40339E-04
 4.40136E-04
 4.40120E-04
 4.40104E-04
 4.39964E-04
 4.39947E-04
 4.39869E-04
 4.39791E-04
 4.39650E-04
 4.39572E-04
 4.39494E-04
 4.39416E-04
 4.39337E-04
 4.39259E-04
 4.39181E-04
 4.39165E-04
 4.39024E-04
 4.38822E-04
 4.38806E-04
 4.38665E-04
 4.38587E-04
 4.38446E-04
 4.38306E-04
 4.38041E-04
 4.37963E-04
 4.37823E-04
 4.37496E-04
 4.37355E-04
 4.37277E-04
 4.37137E-04
 4.36996E-04
 4.36918E-04
 4.36840E-04
 4.36762E-04
 4.36684E-04
 4.36605E-04
 4.36589E-04
 4.36387E-04
 4.36184E-04
 4.36044E-04
 4.35779E-04
 4.35514E-04
 4.35498E-04
 4.35358E-04
 4.35280E-04
 4.35202E-04
 4.35124E-04
 4.35045E-04
 4.34843E-04
 4.34765E-04
 4.34749E-04
 4.34484E-04
 4.34406E-04
 4.34203E-04
 4.34187E-04
 4.34047E-04
 4.33969E-04
 4.33829E-04
 4.33751E-04
 4.33610E-04
 4.33532E-04
 4.33268E-04
 4.33127E-04
 4.33111E-04
 4.32909E-04
 4.32769E-04
 4.32628E-04
 4.32426E-04
 4.32410E-04
 4.32145E-04
 4.31943E-04
 4.31865E-04
 4.31787E-04
 4.31646E-04
 4.31382E-04
 4.31304E-04
 4.31101E-04
 4.30961E-04
 4.30883E-04
 4.30805E-04
 4.30665E-04
 4.30649E-04
 4.30509E-04
 4.30368E-04
 4.30166E-04
 4.30026E-04
 4.29948E-04
 4.29932E-04
 4.29916E-04
 4.29900E-04
 4.29760E-04
 4.29682E-04
 4.29479E-04
 4.29401E-04
 4.29323E-04
 4.29245E-04
 4.29167E-04
 4.29027E-04
 4.28887E-04
 4.28809E-04
 4.28544E-04
 4.28342E-04
 4.28202E-04
 4.28186E-04
 4.28170E-04
 4.27968E-04
 4.27828E-04
 4.27750E-04
 4.27672E-04
 4.27469E-04
 4.27454E-04
 4.27251E-04
 4.27111E-04
 4.26971E-04
 4.26955E-04
 4.26877E-04
 4.26737E-04
 4.26659E-04
 4.26643E-04
 4.26379E-04
 4.26239E-04
 4.26099E-04
 4.25958E-04
 4.25943E-04
 4.25803E-04
 4.25662E-04
 4.25522E-04
 4.25444E-04
 4.25056E-04
 4.24978E-04
 4.24713E-04
 4.24573E-04
 4.24495E-04
 4.24417E-04
 4.24402E-04
 4.24261E-04
 4.24246E-04
 4.24230E-04
 4.24028E-04
 4.23950E-04
 4.23810E-04
 4.23732E-04
 4.23530E-04
 4.23390E-04
 4.23312E-04
 4.23110E-04
 4.22969E-04
 4.22829E-04
 4.22752E-04
 4.22674E-04
 4.22596E-04
 4.22580E-04
 4.22378E-04
 4.22238E-04
 4.22036E-04
 4.21896E-04
 4.21756E-04
 4.21678E-04
 4.21662E-04
 4.21646E-04
 4.21569E-04
 4.21366E-04
 4.21289E-04
 4.21149E-04
 4.21071E-04
 4.21055E-04
 4.20915E-04
 4.20775E-04
 4.20635E-04
 4.20557E-04
 4.20542E-04
 4.20402E-04
 4.20324E-04
 4.20184E-04
 4.20044E-04
 4.20028E-04
 4.19888E-04
 4.19811E-04
 4.19546E-04
 4.19468E-04
 4.19266E-04
 4.19064E-04
 4.18986E-04
 4.18909E-04
 4.18831E-04
 4.18753E-04
 4.18489E-04
 4.18287E-04
 4.18209E-04
 4.18193E-04
 4.18178E-04
 4.18162E-04
 4.18022E-04
 4.17945E-04
 4.17929E-04
 4.17913E-04
 4.17711E-04
 4.17385E-04
 4.17369E-04
 4.17229E-04
 4.17214E-04
 4.17136E-04
 4.16934E-04
 4.16732E-04
 4.16592E-04
 4.16514E-04
 4.16499E-04
 4.16421E-04
 4.16219E-04
 4.16141E-04
 4.16002E-04
 4.15613E-04
 4.15473E-04
 4.15333E-04
 4.15256E-04
 4.15116E-04
 4.15100E-04
 4.15085E-04
 4.14883E-04
 4.14681E-04
 4.14665E-04
 4.14525E-04
 4.14323E-04
 4.14308E-04
 4.14292E-04
 4.14152E-04
 4.13888E-04
 4.13873E-04
 4.13671E-04
 4.13593E-04
 4.13453E-04
 4.13189E-04
 4.13174E-04
 4.13158E-04
 4.13143E-04
 4.13003E-04
 4.12988E-04
 4.12972E-04
 4.12957E-04
 4.12941E-04
 4.12863E-04
 4.12662E-04
 4.12397E-04
 4.12258E-04
 4.12118E-04
 4.12040E-04
 4.11838E-04
 4.11761E-04
 4.11683E-04
 4.11668E-04
 4.11466E-04
 4.11326E-04
 4.11186E-04
 4.11171E-04
 4.11093E-04
 4.10891E-04
 4.10689E-04
 4.10488E-04
 4.10410E-04
 4.10146E-04
 4.10006E-04
 4.09866E-04
 4.09727E-04
 4.09649E-04
 4.09634E-04
 4.09432E-04
 4.09354E-04
 4.09152E-04
 4.09137E-04
 4.08997E-04
 4.08795E-04
 4.08780E-04
 4.08578E-04
 4.08439E-04
 4.08361E-04
 4.08159E-04
 4.07957E-04
 4.07880E-04
 4.07864E-04
 4.07849E-04
 4.07647E-04
 4.07508E-04
 4.07306E-04
 4.07228E-04
 4.06964E-04
 4.06825E-04
 4.06747E-04
 4.06732E-04
 4.06654E-04
 4.06577E-04
 4.06561E-04
 4.06297E-04
 4.06220E-04
 4.06205E-04
 4.06127E-04
 4.06050E-04
 4.05910E-04
 4.05833E-04
 4.05569E-04
 4.05491E-04
 4.05351E-04
 4.05212E-04
 4.05134E-04
 4.05119E-04
 4.05104E-04
 4.05026E-04
 4.04949E-04
 4.04685E-04
 4.04545E-04
 4.04406E-04
 4.04328E-04
 4.04251E-04
 4.04049E-04
 4.03847E-04
 4.03832E-04
 4.03755E-04
 4.03491E-04
 4.03351E-04
 4.03212E-04
 4.03072E-04
 4.02995E-04
 4.02855E-04
 4.02778E-04
 4.02700E-04
 4.02685E-04
 4.02545E-04
 4.02406E-04
 4.02391E-04
 4.02375E-04
 4.02298E-04
 4.02221E-04
 4.02205E-04
 4.02066E-04
 4.01926E-04
 4.01725E-04
 4.01523E-04
 4.01446E-04
 4.01306E-04
 4.01167E-04
 4.01027E-04
 4.00888E-04
 4.00810E-04
 4.00608E-04
 4.00469E-04
 4.00329E-04
 4.00252E-04
 4.00113E-04
 4.00097E-04
 3.99958E-04
 3.99881E-04
 3.99865E-04
 3.99602E-04
 3.99524E-04
 3.99447E-04
 3.99307E-04
 3.99168E-04
 3.99028E-04
 3.98951E-04
 3.98874E-04
 3.98672E-04
 3.98408E-04
 3.98331E-04
 3.98192E-04
 3.98114E-04
 3.97975E-04
 3.97960E-04
 3.97882E-04
 3.97805E-04
 3.97728E-04
 3.97651E-04
 3.97511E-04
 3.97372E-04
 3.97232E-04
 3.97155E-04
 3.97078E-04
 3.96876E-04
 3.96799E-04
 3.96784E-04
 3.96769E-04
 3.96691E-04
 3.96614E-04
 3.96475E-04
 3.96335E-04
 3.96258E-04
 3.96243E-04
 3.96041E-04
 3.95964E-04
 3.95700E-04
 3.95623E-04
 3.95546E-04
 3.95531E-04
 3.95329E-04
 3.95252E-04
 3.95175E-04
 3.94911E-04
 3.94772E-04
 3.94570E-04
 3.94555E-04
 3.94540E-04
 3.94525E-04
 3.94448E-04
 3.94433E-04
 3.94356E-04
 3.94216E-04
 3.93953E-04
 3.93875E-04
 3.93860E-04
 3.93783E-04
 3.93706E-04
 3.93505E-04
 3.93365E-04
 3.93288E-04
 3.93087E-04
 3.93009E-04
 3.92808E-04
 3.92731E-04
 3.92591E-04
 3.92390E-04
 3.92251E-04
 3.92236E-04
 3.92096E-04
 3.91957E-04
 3.91818E-04
 3.91678E-04
 3.91601E-04
 3.91524E-04
 3.91323E-04
 3.91245E-04
 3.91168E-04
 3.91091E-04
 3.90890E-04
 3.90688E-04
 3.90673E-04
 3.90534E-04
 3.90457E-04
 3.90442E-04
 3.90365E-04
 3.90350E-04
 3.90335E-04
 3.90196E-04
 3.90118E-04
 3.90041E-04
 3.89964E-04
 3.89825E-04
 3.89748E-04
 3.89671E-04
 3.89594E-04
 3.89579E-04
 3.89564E-04
 3.89425E-04
 3.89285E-04
 3.89146E-04
 3.88883E-04
 3.88743E-04
 3.88666E-04
 3.88589E-04
 3.88326E-04
 3.88311E-04
 3.88109E-04
 3.88032E-04
 3.87831E-04
 3.87754E-04
 3.87615E-04
 3.87600E-04
 3.87585E-04
 3.87384E-04
 3.87058E-04
 3.86981E-04
 3.86904E-04
 3.86765E-04
 3.86688E-04
 3.86673E-04
 3.86596E-04
 3.86519E-04
 3.86442E-04
 3.86427E-04
 3.86350E-04
 3.86148E-04
 3.86071E-04
 3.85932E-04
 3.85793E-04
 3.85529E-04
 3.85390E-04
 3.85189E-04
 3.85174E-04
 3.85159E-04
 3.84958E-04
 3.84881E-04
 3.84804E-04
 3.84789E-04
 3.84650E-04
 3.84573E-04
 3.84496E-04
 3.84108E-04
 3.84031E-04
 3.83892E-04
 3.83753E-04
 3.83738E-04
 3.83599E-04
 3.83460E-04
 3.83010E-04
 3.82871E-04
 3.82856E-04
 3.82841E-04
 3.82640E-04
 3.82563E-04
 3.82486E-04
 3.82347E-04
 3.82270E-04
 3.82193E-04
 3.82054E-04
 3.81915E-04
 3.81900E-04
 3.81761E-04
 3.81746E-04
 3.81669E-04
 3.81655E-04
 3.81516E-04
 3.81501E-04
 3.81424E-04
 3.81223E-04
 3.81084E-04
 3.81007E-04
 3.80992E-04
 3.80915E-04
 3.80900E-04
 3.80761E-04
 3.80747E-04
 3.80545E-04
 3.80282E-04
 3.80267E-04
 3.80128E-04
 3.80051E-04
 3.79850E-04
 3.79773E-04
 3.79634E-04
 3.79557E-04
 3.79480E-04
 3.79341E-04
 3.79265E-04
 3.79063E-04
 3.79049E-04
 3.78972E-04
 3.78833E-04
 3.78694E-04
 3.78555E-04
 3.78416E-04
 3.78339E-04
 3.78200E-04
 3.77999E-04
 3.77922E-04
 3.77845E-04
 3.77582E-04
 3.77381E-04
 3.77179E-04
 3.77103E-04
 3.77026E-04
 3.76887E-04
 3.76810E-04
 3.76733E-04
 3.76594E-04
 3.76455E-04
 3.76316E-04
 3.76302E-04
 3.76163E-04
 3.75961E-04
 3.75822E-04
 3.75746E-04
 3.75669E-04
 3.75530E-04
 3.75453E-04
 3.75376E-04
 3.75300E-04
 3.75161E-04
 3.75022E-04
 3.74945E-04
 3.74868E-04
 3.74791E-04
 3.74777E-04
 3.74700E-04
 3.74623E-04
 3.74360E-04
 3.74221E-04
 3.74206E-04
 3.74130E-04
 3.73991E-04
 3.73790E-04
 3.73775E-04
 3.73760E-04
 3.73746E-04
 3.73731E-04
 3.73530E-04
 3.73516E-04
 3.73439E-04
 3.73424E-04
 3.73410E-04
 3.73209E-04
 3.73132E-04
 3.72931E-04
 3.72854E-04
 3.72715E-04
 3.72639E-04
 3.72438E-04
 3.72236E-04
 3.72222E-04
 3.72145E-04
 3.72006E-04
 3.71805E-04
 3.71791E-04
 3.71652E-04
 3.71575E-04
 3.71436E-04
 3.71422E-04
 3.71345E-04
 3.71268E-04
 3.71005E-04
 3.70991E-04
 3.70976E-04
 3.70962E-04
 3.70823E-04
 3.70746E-04
 3.70545E-04
 3.70468E-04
 3.70392E-04
 3.70377E-04
 3.70176E-04
 3.70038E-04
 3.69899E-04
 3.69822E-04
 3.69559E-04
 3.69358E-04
 3.69219E-04
 3.69018E-04
 3.68879E-04
 3.68865E-04
 3.68788E-04
 3.68587E-04
 3.68573E-04
 3.68558E-04
 3.68419E-04
 3.68405E-04
 3.68204E-04
 3.68065E-04
 3.68051E-04
 3.67912E-04
 3.67773E-04
 3.67759E-04
 3.67558E-04
 3.67295E-04
 3.67280E-04
 3.67266E-04
 3.67189E-04
 3.67113E-04
 3.66912E-04
 3.66773E-04
 3.66758E-04
 3.66433E-04
 3.66419E-04
 3.66342E-04
 3.66203E-04
 3.66189E-04
 3.66175E-04
 3.66036E-04
 3.65835E-04
 3.65821E-04
 3.65682E-04
 3.65481E-04
 3.65467E-04
 3.65390E-04
 3.65313E-04
 3.65237E-04
 3.65098E-04
 3.65084E-04
 3.65069E-04
 3.64993E-04
 3.64978E-04
 3.64902E-04
 3.64887E-04
 3.64749E-04
 3.64734E-04
 3.64533E-04
 3.64395E-04
 3.64256E-04
 3.64117E-04
 3.64041E-04
 3.63964E-04
 3.63701E-04
 3.63563E-04
 3.63548E-04
 3.63534E-04
 3.63457E-04
 3.63381E-04
 3.63367E-04
 3.63228E-04
 3.63027E-04
 3.63013E-04
 3.62874E-04
 3.62735E-04
 3.62721E-04
 3.62520E-04
 3.62444E-04
 3.62367E-04
 3.62166E-04
 3.62028E-04
 3.61951E-04
 3.61937E-04
 3.61798E-04
 3.61722E-04
 3.61397E-04
 3.61258E-04
 3.61119E-04
 3.60981E-04
 3.60842E-04
 3.60703E-04
 3.60503E-04
 3.60426E-04
 3.60350E-04
 3.60335E-04
 3.60259E-04
 3.60120E-04
 3.60044E-04
 3.59843E-04
 3.59767E-04
 3.59752E-04
 3.59676E-04
 3.59537E-04
 3.59523E-04
 3.59509E-04
 3.59432E-04
 3.59418E-04
 3.59342E-04
 3.59265E-04
 3.59251E-04
 3.59050E-04
 3.59036E-04
 3.58960E-04
 3.58821E-04
 3.58745E-04
 3.58730E-04
 3.58654E-04
 3.58515E-04
 3.58439E-04
 3.58176E-04
 3.58038E-04
 3.58023E-04
 3.57885E-04
 3.57746E-04
 3.57732E-04
 3.57718E-04
 3.57641E-04
 3.57441E-04
 3.57178E-04
 3.57039E-04
 3.56963E-04
 3.56824E-04
 3.56810E-04
 3.56672E-04
 3.56533E-04
 3.56332E-04
 3.56318E-04
 3.56117E-04
 3.56041E-04
 3.56027E-04
 3.56013E-04
 3.55998E-04
 3.55673E-04
 3.55597E-04
 3.55459E-04
 3.55382E-04
 3.55306E-04
 3.55167E-04
 3.55029E-04
 3.54766E-04
 3.54628E-04
 3.54613E-04
 3.54413E-04
 3.54336E-04
 3.54322E-04
 3.54308E-04
 3.54170E-04
 3.54031E-04
 3.53830E-04
 3.53754E-04
 3.53616E-04
 3.53415E-04
 3.53401E-04
 3.53325E-04
 3.53248E-04
 3.52923E-04
 3.52909E-04
 3.52895E-04
 3.52757E-04
 3.52618E-04
 3.52418E-04
 3.52341E-04
 3.52265E-04
 3.52064E-04
 3.51988E-04
 3.51974E-04
 3.51898E-04
 3.51759E-04
 3.51496E-04
 3.51420E-04
 3.51406E-04
 3.51330E-04
 3.51191E-04
 3.51115E-04
 3.51101E-04
 3.50838E-04
 3.50824E-04
 3.50810E-04
 3.50609E-04
 3.50533E-04
 3.50333E-04
 3.50256E-04
 3.50242E-04
 3.50228E-04
 3.50214E-04
 3.50076E-04
 3.50062E-04
 3.49923E-04
 3.49847E-04
 3.49771E-04
 3.49570E-04
 3.49370E-04
 3.49294E-04
 3.49279E-04
 3.49203E-04
 3.49189E-04
 3.49113E-04
 3.49037E-04
 3.48898E-04
 3.48760E-04
 3.48746E-04
 3.48670E-04
 3.48531E-04
 3.48455E-04
 3.48379E-04
 3.48303E-04
 3.48227E-04
 3.47902E-04
 3.47826E-04
 3.47687E-04
 3.47673E-04
 3.47411E-04
 3.47210E-04
 3.47072E-04
 3.46933E-04
 3.46795E-04
 3.46719E-04
 3.46705E-04
 3.46629E-04
 3.46490E-04
 3.46290E-04
 3.46214E-04
 3.46138E-04
 3.45875E-04
 3.45737E-04
 3.45660E-04
 3.45584E-04
 3.45508E-04
 3.45308E-04
 3.45169E-04
 3.45031E-04
 3.45017E-04
 3.45003E-04
 3.44989E-04
 3.44975E-04
 3.44837E-04
 3.44761E-04
 3.44747E-04
 3.44733E-04
 3.44657E-04
 3.44518E-04
 3.44504E-04
 3.44304E-04
 3.44228E-04
 3.44152E-04
 3.44013E-04
 3.43937E-04
 3.43799E-04
 3.43661E-04
 3.43647E-04
 3.43384E-04
 3.43308E-04
 3.43170E-04
 3.43094E-04
 3.43080E-04
 3.43066E-04
 3.42866E-04
 3.42789E-04
 3.42651E-04
 3.42637E-04
 3.42561E-04
 3.42361E-04
 3.42223E-04
 3.42084E-04
 3.41946E-04
 3.41870E-04
 3.41856E-04
 3.41780E-04
 3.41704E-04
 3.41566E-04
 3.41490E-04
 3.41351E-04
 3.41213E-04
 3.41137E-04
 3.41061E-04
 3.40985E-04
 3.40971E-04
 3.40895E-04
 3.40819E-04
 3.40805E-04
 3.40667E-04
 3.40653E-04
 3.40639E-04
 3.40439E-04
 3.40363E-04
 3.40100E-04
 3.39900E-04
 3.39886E-04
 3.39748E-04
 3.39672E-04
 3.39472E-04
 3.39396E-04
 3.39382E-04
 3.39119E-04
 3.38919E-04
 3.38843E-04
 3.38829E-04
 3.38815E-04
 3.38801E-04
 3.38477E-04
 3.38339E-04
 3.38325E-04
 3.38249E-04
 3.38111E-04
 3.38097E-04
 3.38021E-04
 3.37883E-04
 3.37682E-04
 3.37668E-04
 3.37468E-04
 3.37454E-04
 3.37378E-04
 3.37116E-04
 3.37102E-04
 3.37088E-04
 3.37012E-04
 3.36936E-04
 3.36923E-04
 3.36784E-04
 3.36708E-04
 3.36570E-04
 3.36494E-04
 3.36418E-04
 3.36343E-04
 3.36204E-04
 3.36066E-04
 3.35866E-04
 3.35852E-04
 3.35838E-04
 3.35825E-04
 3.35687E-04
 3.35673E-04
 3.35473E-04
 3.35334E-04
 3.35196E-04
 3.35120E-04
 3.35045E-04
 3.35031E-04
 3.35017E-04
 3.34941E-04
 3.34865E-04
 3.34665E-04
 3.34651E-04
 3.34575E-04
 3.34437E-04
 3.34299E-04
 3.34285E-04
 3.34147E-04
 3.34071E-04
 3.33996E-04
 3.33857E-04
 3.33844E-04
 3.33830E-04
 3.33692E-04
 3.33616E-04
 3.33416E-04
 3.33340E-04
 3.33140E-04
 3.33126E-04
 3.32926E-04
 3.32726E-04
 3.32712E-04
 3.32636E-04
 3.32436E-04
 3.32360E-04
 3.32222E-04
 3.32146E-04
 3.31884E-04
 3.31684E-04
 3.31546E-04
 3.31470E-04
 3.31456E-04
 3.31380E-04
 3.31304E-04
 3.31228E-04
 3.31215E-04
 3.31201E-04
 3.31187E-04
 3.31112E-04
 3.30974E-04
 3.30836E-04
 3.30760E-04
 3.30560E-04
 3.30484E-04
 3.30408E-04
 3.30270E-04
 3.30132E-04
 3.30118E-04
 3.29980E-04
 3.29967E-04
 3.29891E-04
 3.29815E-04
 3.29553E-04
 3.29477E-04
 3.29401E-04
 3.29387E-04
 3.29249E-04
 3.29236E-04
 3.29222E-04
 3.29209E-04
 3.29071E-04
 3.29057E-04
 3.28981E-04
 3.28968E-04
 3.28892E-04
 3.28692E-04
 3.28616E-04
 3.28540E-04
 3.28278E-04
 3.28140E-04
 3.28126E-04
 3.28050E-04
 3.27975E-04
 3.27899E-04
 3.27823E-04
 3.27810E-04
 3.27734E-04
 3.27534E-04
 3.27520E-04
 3.27382E-04
 3.27306E-04
 3.27231E-04
 3.27031E-04
 3.26955E-04
 3.26879E-04
 3.26741E-04
 3.26728E-04
 3.26528E-04
 3.26452E-04
 3.26376E-04
 3.26238E-04
 3.26225E-04
 3.26087E-04
 3.26011E-04
 3.25749E-04
 3.25611E-04
 3.25535E-04
 3.25459E-04
 3.25446E-04
 3.25246E-04
 3.24984E-04
 3.24846E-04
 3.24832E-04
 3.24819E-04
 3.24681E-04
 3.24667E-04
 3.24654E-04
 3.24516E-04
 3.24378E-04
 3.24364E-04
 3.24351E-04
 3.24275E-04
 3.24262E-04
 3.24186E-04
 3.24172E-04
 3.23910E-04
 3.23897E-04
 3.23883E-04
 3.23745E-04
 3.23483E-04
 3.23407E-04
 3.23207E-04
 3.23194E-04
 3.23180E-04
 3.23105E-04
 3.22967E-04
 3.22767E-04
 3.22567E-04
 3.22553E-04
 3.22478E-04
 3.22402E-04
 3.22326E-04
 3.22251E-04
 3.22175E-04
 3.22162E-04
 3.22148E-04
 3.22010E-04
 3.21873E-04
 3.21797E-04
 3.21659E-04
 3.21646E-04
 3.21570E-04
 3.21432E-04
 3.21357E-04
 3.21281E-04
 3.21143E-04
 3.21005E-04
 3.20992E-04
 3.20916E-04
 3.20841E-04
 3.20703E-04
 3.20689E-04
 3.20552E-04
 3.20352E-04
 3.20276E-04
 3.20138E-04
 3.20001E-04
 3.19863E-04
 3.19849E-04
 3.19774E-04
 3.19636E-04
 3.19560E-04
 3.19485E-04
 3.19409E-04
 3.19334E-04
 3.19134E-04
 3.19120E-04
 3.18982E-04
 3.18845E-04
 3.18707E-04
 3.18569E-04
 3.18307E-04
 3.18107E-04
 3.17907E-04
 3.17894E-04
 3.17694E-04
 3.17681E-04
 3.17605E-04
 3.17592E-04
 3.17454E-04
 3.17192E-04
 3.17116E-04
 3.17103E-04
 3.17090E-04
 3.17014E-04
 3.16938E-04
 3.16863E-04
 3.16849E-04
 3.16463E-04
 3.16388E-04
 3.16250E-04
 3.16174E-04
 3.16037E-04
 3.15961E-04
 3.15948E-04
 3.15934E-04
 3.15859E-04
 3.15721E-04
 3.15708E-04
 3.15694E-04
 3.15557E-04
 3.15357E-04
 3.15157E-04
 3.15081E-04
 3.15068E-04
 3.15055E-04
 3.15041E-04
 3.14904E-04
 3.14828E-04
 3.14815E-04
 3.14802E-04
 3.14788E-04
 3.14713E-04
 3.14637E-04
 3.14562E-04
 3.14424E-04
 3.14349E-04
 3.14087E-04
 3.14011E-04
 3.13998E-04
 3.13860E-04
 3.13785E-04
 3.13709E-04
 3.13634E-04
 3.13434E-04
 3.13420E-04
 3.13283E-04
 3.13145E-04
 3.12945E-04
 3.12808E-04
 3.12794E-04
 3.12781E-04
 3.12768E-04
 3.12630E-04
 3.12368E-04
 3.12231E-04
 3.12217E-04
 3.12204E-04
 3.12191E-04
 3.12178E-04
 3.12040E-04
 3.11778E-04
 3.11765E-04
 3.11627E-04
 3.11365E-04
 3.11290E-04
 3.11028E-04
 3.10890E-04
 3.10877E-04
 3.10677E-04
 3.10602E-04
 3.10402E-04
 3.10327E-04
 3.10313E-04
 3.10300E-04
 3.10225E-04
 3.10211E-04
 3.10074E-04
 3.09998E-04
 3.09985E-04
 3.09972E-04
 3.09959E-04
 3.09945E-04
 3.09870E-04
 3.09670E-04
 3.09470E-04
 3.09395E-04
 3.09133E-04
 3.08996E-04
 3.08796E-04
 3.08721E-04
 3.08707E-04
 3.08632E-04
 3.08370E-04
 3.08232E-04
 3.08157E-04
 3.08144E-04
 3.08006E-04
 3.07993E-04
 3.07980E-04
 3.07967E-04
 3.07891E-04
 3.07816E-04
 3.07741E-04
 3.07665E-04
 3.07652E-04
 3.07514E-04
 3.07315E-04
 3.07239E-04
 3.07226E-04
 3.07089E-04
 3.07075E-04
 3.07062E-04
 3.06863E-04
 3.06849E-04
 3.06774E-04
 3.06761E-04
 3.06748E-04
 3.06672E-04
 3.06597E-04
 3.06460E-04
 3.06260E-04
 3.06122E-04
 3.06109E-04
 3.06034E-04
 3.06021E-04
 3.06008E-04
 3.05994E-04
 3.05795E-04
 3.05782E-04
 3.05644E-04
 3.05631E-04
 3.05493E-04
 3.05480E-04
 3.05405E-04
 3.05330E-04
 3.05192E-04
 3.04868E-04
 3.04669E-04
 3.04593E-04
 3.04456E-04
 3.04318E-04
 3.04181E-04
 3.03981E-04
 3.03844E-04
 3.03644E-04
 3.03631E-04
 3.03556E-04
 3.03418E-04
 3.03405E-04
 3.03330E-04
 3.03255E-04
 3.02993E-04
 3.02918E-04
 3.02904E-04
 3.02767E-04
 3.02754E-04
 3.02679E-04
 3.02603E-04
 3.02590E-04
 3.02453E-04
 3.02378E-04
 3.02302E-04
 3.02227E-04
 3.02214E-04
 3.02139E-04
 3.01939E-04
 3.01740E-04
 3.01664E-04
 3.01589E-04
 3.01514E-04
 3.01501E-04
 3.01488E-04
 3.01412E-04
 3.01337E-04
 3.01324E-04
 3.01249E-04
 3.01111E-04
 3.00974E-04
 3.00961E-04
 3.00824E-04
 3.00811E-04
 3.00735E-04
 3.00598E-04
 3.00585E-04
 3.00447E-04
 3.00372E-04
 3.00111E-04
 3.00098E-04
 3.00084E-04
 2.99947E-04
 2.99872E-04
 2.99734E-04
 2.99721E-04
 2.99708E-04
 2.99633E-04
 2.99496E-04
 2.99421E-04
 2.99345E-04
 2.99208E-04
 2.99071E-04
 2.98996E-04
 2.98858E-04
 2.98783E-04
 2.98770E-04
 2.98695E-04
 2.98682E-04
 2.98607E-04
 2.98407E-04
 2.98332E-04
 2.98257E-04
 2.98244E-04
 2.98106E-04
 2.98031E-04
 2.97956E-04
 2.97819E-04
 2.97619E-04
 2.97482E-04
 2.97469E-04
 2.97332E-04
 2.97194E-04
 2.97181E-04
 2.97168E-04
 2.97031E-04
 2.96956E-04
 2.96818E-04
 2.96681E-04
 2.96668E-04
 2.96655E-04
 2.96642E-04
 2.96505E-04
 2.96430E-04
 2.96293E-04
 2.96093E-04
 2.95956E-04
 2.95943E-04
 2.95868E-04
 2.95730E-04
 2.95344E-04
 2.95331E-04
 2.95256E-04
 2.95243E-04
 2.94920E-04
 2.94844E-04
 2.94769E-04
 2.94756E-04
 2.94681E-04
 2.94606E-04
 2.94593E-04
 2.94518E-04
 2.94443E-04
 2.94368E-04
 2.94355E-04
 2.94156E-04
 2.94080E-04
 2.94068E-04
 2.93992E-04
 2.93917E-04
 2.93904E-04
 2.93892E-04
 2.93879E-04
 2.93866E-04
 2.93728E-04
 2.93653E-04
 2.93516E-04
 2.93379E-04
 2.93242E-04
 2.93167E-04
 2.93154E-04
 2.93016E-04
 2.92941E-04
 2.92866E-04
 2.92853E-04
 2.92840E-04
 2.92641E-04
 2.92628E-04
 2.92491E-04
 2.92478E-04
 2.92341E-04
 2.92266E-04
 2.92066E-04
 2.91991E-04
 2.91916E-04
 2.91841E-04
 2.91828E-04
 2.91753E-04
 2.91616E-04
 2.91541E-04
 2.91528E-04
 2.91391E-04
 2.91378E-04
 2.91365E-04
 2.91104E-04
 2.91029E-04
 2.90892E-04
 2.90692E-04
 2.90679E-04
 2.90604E-04
 2.90405E-04
 2.90330E-04
 2.90255E-04
 2.90118E-04
 2.90105E-04
 2.90030E-04
 2.89831E-04
 2.89756E-04
 2.89681E-04
 2.89543E-04
 2.89468E-04
 2.89456E-04
 2.89443E-04
 2.89306E-04
 2.89293E-04
 2.89156E-04
 2.89143E-04
 2.89068E-04
 2.88744E-04
 2.88669E-04
 2.88656E-04
 2.88643E-04
 2.88444E-04
 2.88307E-04
 2.88232E-04
 2.88095E-04
 2.88082E-04
 2.87945E-04
 2.87870E-04
 2.87857E-04
 2.87658E-04
 2.87645E-04
 2.87570E-04
 2.87495E-04
 2.87482E-04
 2.87345E-04
 2.87270E-04
 2.87257E-04
 2.87182E-04
 2.87170E-04
 2.87157E-04
 2.87144E-04
 2.87069E-04
 2.86994E-04
 2.86981E-04
 2.86782E-04
 2.86645E-04
 2.86570E-04
 2.86557E-04
 2.86358E-04
 2.86283E-04
 2.86208E-04
 2.86133E-04
 2.85934E-04
 2.85921E-04
 2.85846E-04
 2.85647E-04
 2.85572E-04
 2.85373E-04
 2.85298E-04
 2.85285E-04
 2.85210E-04
 2.85135E-04
 2.84998E-04
 2.84923E-04
 2.84786E-04
 2.84711E-04
 2.84699E-04
 2.84686E-04
 2.84673E-04
 2.84661E-04
 2.84461E-04
 2.84386E-04
 2.84187E-04
 2.84112E-04
 2.84100E-04
 2.84087E-04
 2.84074E-04
 2.83937E-04
 2.83862E-04
 2.83787E-04
 2.83775E-04
 2.83513E-04
 2.83500E-04
 2.83301E-04
 2.83226E-04
 2.83089E-04
 2.83014E-04
 2.82940E-04
 2.82865E-04
 2.82852E-04
 2.82777E-04
 2.82764E-04
 2.82565E-04
 2.82490E-04
 2.82478E-04
 2.82279E-04
 2.82204E-04
 2.82191E-04
 2.82054E-04
 2.82041E-04
 2.81904E-04
 2.81705E-04
 2.81630E-04
 2.81555E-04
 2.81418E-04
 2.81344E-04
 2.81269E-04
 2.81194E-04
 2.81181E-04
 2.81169E-04
 2.81156E-04
 2.81081E-04
 2.81006E-04
 2.80745E-04
 2.80732E-04
 2.80657E-04
 2.80645E-04
 2.80570E-04
 2.80433E-04
 2.80358E-04
 2.80346E-04
 2.80146E-04
 2.80072E-04
 2.80059E-04
 2.79922E-04
 2.79909E-04
 2.79897E-04
 2.79760E-04
 2.79685E-04
 2.79610E-04
 2.79473E-04
 2.79274E-04
 2.79199E-04
 2.79187E-04
 2.79174E-04
 2.78975E-04
 2.78900E-04
 2.78888E-04
 2.78875E-04
 2.78800E-04
 2.78601E-04
 2.78526E-04
 2.78514E-04
 2.78501E-04
 2.78426E-04
 2.78289E-04
 2.78215E-04
 2.78015E-04
 2.77879E-04
 2.77804E-04
 2.77667E-04
 2.77654E-04
 2.77455E-04
 2.77380E-04
 2.77368E-04
 2.77169E-04
 2.77156E-04
 2.77144E-04
 2.77131E-04
 2.76994E-04
 2.76981E-04
 2.76845E-04
 2.76770E-04
 2.76695E-04
 2.76558E-04
 2.76546E-04
 2.76409E-04
 2.76210E-04
 2.76073E-04
 2.76060E-04
 2.75923E-04
 2.75786E-04
 2.75712E-04
 2.75699E-04
 2.75624E-04
 2.75550E-04
 2.75537E-04
 2.75525E-04
 2.75450E-04
 2.75313E-04
 2.75238E-04
 2.75226E-04
 2.75151E-04
 2.75014E-04
 2.74815E-04
 2.74740E-04
 2.74728E-04
 2.74715E-04
 2.74703E-04
 2.74690E-04
 2.74678E-04
 2.74665E-04
 2.74653E-04
 2.74578E-04
 2.74441E-04
 2.74429E-04
 2.74167E-04
 2.74031E-04
 2.73956E-04
 2.73881E-04
 2.73806E-04
 2.73607E-04
 2.73533E-04
 2.73520E-04
 2.73446E-04
 2.73309E-04
 2.73296E-04
 2.73222E-04
 2.73209E-04
 2.72948E-04
 2.72873E-04
 2.72736E-04
 2.72600E-04
 2.72525E-04
 2.72512E-04
 2.72438E-04
 2.72425E-04
 2.72413E-04
 2.72400E-04
 2.72326E-04
 2.72313E-04
 2.72301E-04
 2.72226E-04
 2.72151E-04
