-0.00000E+00
-0.00000E+00
-0.00000E+00
-0.00000E+00
-0.00000E+00
-0.00000E+00
-0.00000E+00
-0.00000E+00
-0.00000E+00
-0.00000E+00
-0.00000E+00
-0.00000E+00
-0.00000E+00
-0.00000E+00
-0.00000E+00
-0.00000E+00
-0.00000E+00
-0.00000E+00
-0.00000E+00
-0.00000E+00
-0.00000E+00
-0.00000E+00
-0.00000E+00
-0.00000E+00
-0.00000E+00
-0.00000E+00
-0.00000E+00
-0.00000E+00
-0.00000E+00
-0.00000E+00
-0.00000E+00
-0.00000E+00
-0.00000E+00
-0.00000E+00
-0.00000E+00
-0.00000E+00
-0.00000E+00
-0.00000E+00
-0.00000E+00
-0.00000E+00
-0.00000E+00
-0.00000E+00
-0.00000E+00
-0.00000E+00
-0.00000E+00
-0.00000E+00
-0.00000E+00
-0.00000E+00
-0.00000E+00
-0.00000E+00
-0.00000E+00
-0.00000E+00
-0.00000E+00
-0.00000E+00
-0.00000E+00
-0.00000E+00
-0.00000E+00
-0.00000E+00
-0.00000E+00
-0.00000E+00
-0.00000E+00
-0.00000E+00
-0.00000E+00
-0.00000E+00
-0.00000E+00
-0.00000E+00
-0.00000E+00
-0.00000E+00
-0.00000E+00
-0.00000E+00
-0.00000E+00
-0.00000E+00
-0.00000E+00
-0.00000E+00
-0.00000E+00
-0.00000E+00
-0.00000E+00
-0.00000E+00
-0.00000E+00
-0.00000E+00
 4.03574E-07
 3.57650E-07
 2.19895E-07
 1.43189E-07
 9.64482E-08
 6.76573E-08
 4.95281E-08
 3.76584E-08
 2.95577E-08
 2.38155E-08
 1.96090E-08
 1.64396E-08
 1.39939E-08
 1.20674E-08
 1.05230E-08
 9.26554E-09
 8.22788E-09
 7.36129E-09
 6.62980E-09
 6.00644E-09
 5.47062E-09
 5.00643E-09
 4.60142E-09
 4.24572E-09
 3.93146E-09
 3.65228E-09
 3.40297E-09
 3.17930E-09
 2.97774E-09
 2.79537E-09
 2.62974E-09
 2.47877E-09
 2.34071E-09
 2.21409E-09
 2.09761E-09
 1.99019E-09
 1.89087E-09
 1.79885E-09
 1.71340E-09
 1.63390E-09
 1.55981E-09
 1.49065E-09
 1.42599E-09
 1.36546E-09
 1.30874E-09
 1.25552E-09
 1.20554E-09
 1.15857E-09
 1.11441E-09
 1.07285E-09
 1.03373E-09
 9.96901E-10
 9.62221E-10
 9.29566E-10
 8.98823E-10
 8.69889E-10
 8.42671E-10
 8.17084E-10
 7.93050E-10
 7.70500E-10
 7.49370E-10
 7.29600E-10
 7.11137E-10
 6.93933E-10
 6.77944E-10
 6.63129E-10
 6.49451E-10
 6.36878E-10
 6.25380E-10
 6.14928E-10
 6.05500E-10
 5.97074E-10
 5.89630E-10
 5.83151E-10
 5.77625E-10
 5.73038E-10
 5.69380E-10
 5.66643E-10
 5.64822E-10
 5.63913E-10
 8.53085E-07
 7.61228E-07
 4.18448E-07
 2.60239E-07
 1.74968E-07
 1.24637E-07
 9.27951E-08
 7.15475E-08
 5.67569E-08
 4.60955E-08
 3.81808E-08
 3.21557E-08
 2.74684E-08
 2.37529E-08
 2.07589E-08
 1.83113E-08
 1.62847E-08
 1.45875E-08
 1.31515E-08
 1.19253E-08
 1.08696E-08
 9.95369E-09
 9.15352E-09
 8.45002E-09
 7.82786E-09
 7.27467E-09
 6.78031E-09
 6.33649E-09
 5.93630E-09
 5.57401E-09
 5.24481E-09
 4.94462E-09
 4.67000E-09
 4.41803E-09
 4.18617E-09
 3.97227E-09
 3.77446E-09
 3.59112E-09
 3.42085E-09
 3.26239E-09
 3.11469E-09
 2.97679E-09
 2.84785E-09
 2.72713E-09
 2.61397E-09
 2.50779E-09
 2.40807E-09
 2.31435E-09
 2.22620E-09
 2.14325E-09
 2.06517E-09
 1.99165E-09
 1.92242E-09
 1.85722E-09
 1.79584E-09
 1.73806E-09
 1.68371E-09
 1.63261E-09
 1.58462E-09
 1.53958E-09
 1.49738E-09
 1.45789E-09
 1.42102E-09
 1.38665E-09
 1.35471E-09
 1.32512E-09
 1.29780E-09
 1.27268E-09
 1.24971E-09
 1.22883E-09
 1.21000E-09
 1.19316E-09
 1.17829E-09
 1.16535E-09
 1.15431E-09
 1.14515E-09
 1.13784E-09
 1.13237E-09
 1.12873E-09
 1.12692E-09
 6.56366E-07
 5.83435E-07
 4.19054E-07
 2.99233E-07
 2.17875E-07
 1.63071E-07
 1.25465E-07
 9.89796E-08
 7.98267E-08
 6.56286E-08
 5.48632E-08
 4.65338E-08
 3.99713E-08
 3.47168E-08
 3.04485E-08
 2.69362E-08
 2.40122E-08
 2.15524E-08
 1.94634E-08
 1.76739E-08
 1.61288E-08
 1.47852E-08
 1.36090E-08
 1.25730E-08
 1.16553E-08
 1.08382E-08
 1.01071E-08
 9.45005E-09
 8.85697E-09
 8.31958E-09
 7.83087E-09
 7.38490E-09
 6.97666E-09
 6.60185E-09
 6.25677E-09
 5.93827E-09
 5.64358E-09
 5.37034E-09
 5.11647E-09
 4.88014E-09
 4.65978E-09
 4.45397E-09
 4.26148E-09
 4.08123E-09
 3.91222E-09
 3.75361E-09
 3.60461E-09
 3.46455E-09
 3.33280E-09
 3.20880E-09
 3.09206E-09
 2.98212E-09
 2.87858E-09
 2.78106E-09
 2.68924E-09
 2.60281E-09
 2.52150E-09
 2.44504E-09
 2.37323E-09
 2.30583E-09
 2.24267E-09
 2.18358E-09
 2.12838E-09
 2.07695E-09
 2.02914E-09
 1.98484E-09
 1.94394E-09
 1.90634E-09
 1.87195E-09
 1.84070E-09
 1.81250E-09
 1.78729E-09
 1.76503E-09
 1.74565E-09
 1.72912E-09
 1.71540E-09
 1.70446E-09
 1.69627E-09
 1.69082E-09
 1.68810E-09
 5.14162E-07
 4.67381E-07
 3.81256E-07
 2.99824E-07
 2.34192E-07
 1.84305E-07
 1.47012E-07
 1.19079E-07
 9.79420E-08
 8.17288E-08
 6.91098E-08
 5.91449E-08
 5.11662E-08
 4.46946E-08
 3.93821E-08
 3.49727E-08
 3.12755E-08
 2.81466E-08
 2.54757E-08
 2.31779E-08
 2.11866E-08
 1.94493E-08
 1.79242E-08
 1.65776E-08
 1.53822E-08
 1.43158E-08
 1.33600E-08
 1.24996E-08
 1.17220E-08
 1.10165E-08
 1.03742E-08
 9.78747E-09
 9.24990E-09
 8.75593E-09
 8.30081E-09
 7.88044E-09
 7.49127E-09
 7.13020E-09
 6.79454E-09
 6.48194E-09
 6.19031E-09
 5.91783E-09
 5.66290E-09
 5.42407E-09
 5.20009E-09
 4.98981E-09
 4.79223E-09
 4.60644E-09
 4.43164E-09
 4.26709E-09
 4.11214E-09
 3.96619E-09
 3.82871E-09
 3.69921E-09
 3.57726E-09
 3.46245E-09
 3.35442E-09
 3.25284E-09
 3.15741E-09
 3.06785E-09
 2.98391E-09
 2.90536E-09
 2.83199E-09
 2.76361E-09
 2.70006E-09
 2.64116E-09
 2.58678E-09
 2.53679E-09
 2.49106E-09
 2.44950E-09
 2.41200E-09
 2.37849E-09
 2.34888E-09
 2.32311E-09
 2.30112E-09
 2.28287E-09
 2.26832E-09
 2.25743E-09
 2.25019E-09
 2.24657E-09
 4.18771E-07
 3.89936E-07
 3.39494E-07
 2.84659E-07
 2.34763E-07
 1.92944E-07
 1.59201E-07
 1.32383E-07
 1.11133E-07
 9.42350E-08
 8.07024E-08
 6.97699E-08
 6.08541E-08
 5.35134E-08
 4.74127E-08
 4.22970E-08
 3.79707E-08
 3.42826E-08
 3.11151E-08
 2.83755E-08
 2.59904E-08
 2.39013E-08
 2.20609E-08
 2.04310E-08
 1.89802E-08
 1.76827E-08
 1.65174E-08
 1.54664E-08
 1.45148E-08
 1.36502E-08
 1.28619E-08
 1.21409E-08
 1.14795E-08
 1.08712E-08
 1.03101E-08
 9.79143E-09
 9.31085E-09
 8.86465E-09
 8.44957E-09
 8.06276E-09
 7.70169E-09
 7.36416E-09
 7.04821E-09
 6.75208E-09
 6.47425E-09
 6.21331E-09
 5.96805E-09
 5.73735E-09
 5.52023E-09
 5.31578E-09
 5.12322E-09
 4.94179E-09
 4.77086E-09
 4.60982E-09
 4.45814E-09
 4.31531E-09
 4.18090E-09
 4.05449E-09
 3.93572E-09
 3.82424E-09
 3.71975E-09
 3.62196E-09
 3.53061E-09
 3.44547E-09
 3.36632E-09
 3.29297E-09
 3.22524E-09
 3.16297E-09
 3.10601E-09
 3.05424E-09
 3.00753E-09
 2.96577E-09
 2.92888E-09
 2.89678E-09
 2.86939E-09
 2.84665E-09
 2.82852E-09
 2.81495E-09
 2.80593E-09
 2.80142E-09
 3.52199E-07
 3.34054E-07
 3.02184E-07
 2.64559E-07
 2.27256E-07
 1.93509E-07
 1.64463E-07
 1.40119E-07
 1.19973E-07
 1.03376E-07
 8.96950E-08
 7.83781E-08
 6.89671E-08
 6.10921E-08
 5.44583E-08
 4.88319E-08
 4.40276E-08
 3.98983E-08
 3.63266E-08
 3.32186E-08
 3.04984E-08
 2.81046E-08
 2.59873E-08
 2.41053E-08
 2.24248E-08
 2.09177E-08
 1.95605E-08
 1.83337E-08
 1.72208E-08
 1.62076E-08
 1.52823E-08
 1.44348E-08
 1.36562E-08
 1.29391E-08
 1.22770E-08
 1.16643E-08
 1.10961E-08
 1.05680E-08
 1.00763E-08
 9.61783E-09
 9.18955E-09
 8.78892E-09
 8.41369E-09
 8.06182E-09
 7.73151E-09
 7.42115E-09
 7.12931E-09
 6.85469E-09
 6.59614E-09
 6.35261E-09
 6.12315E-09
 5.90691E-09
 5.70312E-09
 5.51108E-09
 5.33016E-09
 5.15976E-09
 4.99938E-09
 4.84852E-09
 4.70674E-09
 4.57366E-09
 4.44889E-09
 4.33211E-09
 4.22302E-09
 4.12132E-09
 4.02678E-09
 3.93916E-09
 3.85824E-09
 3.78384E-09
 3.71578E-09
 3.65391E-09
 3.59809E-09
 3.54819E-09
 3.50411E-09
 3.46574E-09
 3.43300E-09
 3.40582E-09
 3.38415E-09
 3.36794E-09
 3.35715E-09
 3.35176E-09
 3.03772E-07
 2.91894E-07
 2.70633E-07
 2.44136E-07
 2.16194E-07
 1.89371E-07
 1.65025E-07
 1.43656E-07
 1.25263E-07
 1.09600E-07
 9.63237E-08
 8.50806E-08
 7.55441E-08
 6.74297E-08
 6.04966E-08
 5.45447E-08
 4.94096E-08
 4.49563E-08
 4.10745E-08
 3.76738E-08
 3.46799E-08
 3.20315E-08
 2.96783E-08
 2.75781E-08
 2.56960E-08
 2.40026E-08
 2.24733E-08
 2.10873E-08
 1.98269E-08
 1.86771E-08
 1.76250E-08
 1.66596E-08
 1.57714E-08
 1.49521E-08
 1.41946E-08
 1.34928E-08
 1.28411E-08
 1.22349E-08
 1.16700E-08
 1.11427E-08
 1.06497E-08
 1.01883E-08
 9.75581E-09
 9.34999E-09
 8.96882E-09
 8.61048E-09
 8.27335E-09
 7.95598E-09
 7.65704E-09
 7.37536E-09
 7.10986E-09
 6.85958E-09
 6.62364E-09
 6.40123E-09
 6.19164E-09
 5.99421E-09
 5.80833E-09
 5.63345E-09
 5.46908E-09
 5.31475E-09
 5.17005E-09
 5.03459E-09
 4.90802E-09
 4.79004E-09
 4.68033E-09
 4.57864E-09
 4.48473E-09
 4.39837E-09
 4.31937E-09
 4.24755E-09
 4.18274E-09
 4.12480E-09
 4.07362E-09
 4.02906E-09
 3.99105E-09
 3.95949E-09
 3.93433E-09
 3.91550E-09
 3.90297E-09
 3.89671E-09
 2.67222E-07
 2.59116E-07
 2.44318E-07
 2.25157E-07
 2.04013E-07
 1.82758E-07
 1.62610E-07
 1.44216E-07
 1.27825E-07
 1.13438E-07
 1.00919E-07
 9.00763E-08
 8.06992E-08
 7.25861E-08
 6.55536E-08
 5.94409E-08
 5.41098E-08
 4.94430E-08
 4.53415E-08
 4.17223E-08
 3.85158E-08
 3.56634E-08
 3.31162E-08
 3.08329E-08
 2.87784E-08
 2.69235E-08
 2.52429E-08
 2.37153E-08
 2.23225E-08
 2.10490E-08
 1.98811E-08
 1.88073E-08
 1.78176E-08
 1.69032E-08
 1.60566E-08
 1.52710E-08
 1.45407E-08
 1.38605E-08
 1.32260E-08
 1.26332E-08
 1.20785E-08
 1.15587E-08
 1.10713E-08
 1.06135E-08
 1.01833E-08
 9.77860E-09
 9.39764E-09
 9.03883E-09
 8.70069E-09
 8.38193E-09
 8.08137E-09
 7.79792E-09
 7.53062E-09
 7.27857E-09
 7.04098E-09
 6.81711E-09
 6.60628E-09
 6.40789E-09
 6.22137E-09
 6.04622E-09
 5.88196E-09
 5.72817E-09
 5.58446E-09
 5.45046E-09
 5.32586E-09
 5.21035E-09
 5.10366E-09
 5.00554E-09
 4.91578E-09
 4.83416E-09
 4.76051E-09
 4.69467E-09
 4.63649E-09
 4.58585E-09
 4.54264E-09
 4.50677E-09
 4.47817E-09
 4.45677E-09
 4.44252E-09
 4.43541E-09
 2.38777E-07
 2.33032E-07
 2.22365E-07
 2.08161E-07
 1.91942E-07
 1.75040E-07
 1.58439E-07
 1.42773E-07
 1.28385E-07
 1.15407E-07
 1.03840E-07
 9.36063E-08
 8.45905E-08
 7.66619E-08
 6.96909E-08
 6.35556E-08
 5.81458E-08
 5.33643E-08
 4.91261E-08
 4.53582E-08
 4.19975E-08
 3.89902E-08
 3.62904E-08
 3.38587E-08
 3.16615E-08
 2.96700E-08
 2.78594E-08
 2.62085E-08
 2.46990E-08
 2.33151E-08
 2.20430E-08
 2.08710E-08
 1.97885E-08
 1.87867E-08
 1.78575E-08
 1.69940E-08
 1.61902E-08
 1.54405E-08
 1.47404E-08
 1.40855E-08
 1.34722E-08
 1.28970E-08
 1.23570E-08
 1.18495E-08
 1.13723E-08
 1.09230E-08
 1.04998E-08
 1.01010E-08
 9.72497E-09
 9.37032E-09
 9.03575E-09
 8.72012E-09
 8.42234E-09
 8.14146E-09
 7.87660E-09
 7.62696E-09
 7.39180E-09
 7.17045E-09
 6.96230E-09
 6.76679E-09
 6.58341E-09
 6.41168E-09
 6.25118E-09
 6.10151E-09
 5.96230E-09
 5.83324E-09
 5.71402E-09
 5.60437E-09
 5.50404E-09
 5.41281E-09
 5.33048E-09
 5.25687E-09
 5.19183E-09
 5.13521E-09
 5.08690E-09
 5.04679E-09
 5.01481E-09
 4.99087E-09
 4.97495E-09
 4.96699E-09
 2.16077E-07
 2.11869E-07
 2.03950E-07
 1.93180E-07
 1.80556E-07
 1.67019E-07
 1.53334E-07
 1.40054E-07
 1.27533E-07
 1.15965E-07
 1.05427E-07
 9.59189E-08
 8.73944E-08
 7.97804E-08
 7.29926E-08
 6.69448E-08
 6.15537E-08
 5.67423E-08
 5.24407E-08
 4.85868E-08
 4.51258E-08
 4.20096E-08
 3.91966E-08
 3.66502E-08
 3.43390E-08
 3.22356E-08
 3.03162E-08
 2.85603E-08
 2.69499E-08
 2.54694E-08
 2.41050E-08
 2.28450E-08
 2.16789E-08
 2.05975E-08
 1.95927E-08
 1.86574E-08
 1.77854E-08
 1.69711E-08
 1.62096E-08
 1.54964E-08
 1.48277E-08
 1.42000E-08
 1.36102E-08
 1.30554E-08
 1.25332E-08
 1.20413E-08
 1.15776E-08
 1.11404E-08
 1.07279E-08
 1.03386E-08
 9.97123E-09
 9.62445E-09
 9.29717E-09
 8.98833E-09
 8.69701E-09
 8.42233E-09
 8.16351E-09
 7.91982E-09
 7.69060E-09
 7.47525E-09
 7.27321E-09
 7.08397E-09
 6.90707E-09
 6.74208E-09
 6.58860E-09
 6.44629E-09
 6.31481E-09
 6.19387E-09
 6.08320E-09
 5.98256E-09
 5.89173E-09
 5.81052E-09
 5.73875E-09
 5.67627E-09
 5.62296E-09
 5.57869E-09
 5.54339E-09
 5.51698E-09
 5.49940E-09
 5.49062E-09
 1.97587E-07
 1.94416E-07
 1.88387E-07
 1.80053E-07
 1.70083E-07
 1.59145E-07
 1.47823E-07
 1.36576E-07
 1.25729E-07
 1.15492E-07
 1.05983E-07
 9.72483E-08
 8.92881E-08
 8.20727E-08
 7.55545E-08
 6.96772E-08
 6.43819E-08
 5.96104E-08
 5.53077E-08
 5.14227E-08
 4.79093E-08
 4.47260E-08
 4.18360E-08
 3.92065E-08
 3.68086E-08
 3.46171E-08
 3.26097E-08
 3.07667E-08
 2.90710E-08
 2.75074E-08
 2.60628E-08
 2.47252E-08
 2.34846E-08
 2.23316E-08
 2.12583E-08
 2.02576E-08
 1.93230E-08
 1.84489E-08
 1.76303E-08
 1.68628E-08
 1.61423E-08
 1.54652E-08
 1.48283E-08
 1.42287E-08
 1.36639E-08
 1.31313E-08
 1.26290E-08
 1.21550E-08
 1.17076E-08
 1.12851E-08
 1.08861E-08
 1.05093E-08
 1.01536E-08
 9.81771E-09
 9.50078E-09
 9.20185E-09
 8.92008E-09
 8.65471E-09
 8.40503E-09
 8.17040E-09
 7.95021E-09
 7.74393E-09
 7.55106E-09
 7.37114E-09
 7.20375E-09
 7.04851E-09
 6.90507E-09
 6.77311E-09
 6.65234E-09
 6.54250E-09
 6.44337E-09
 6.35472E-09
 6.27637E-09
 6.20817E-09
 6.14996E-09
 6.10164E-09
 6.06309E-09
 6.03425E-09
 6.01506E-09
 6.00547E-09
 1.82268E-07
 1.79820E-07
 1.75129E-07
 1.68562E-07
 1.60578E-07
 1.51656E-07
 1.42239E-07
 1.32697E-07
 1.23314E-07
 1.14293E-07
 1.05765E-07
 9.78031E-08
 9.04372E-08
 8.36679E-08
 7.74755E-08
 7.18278E-08
 6.66865E-08
 6.20100E-08
 5.77569E-08
 5.38870E-08
 5.03627E-08
 4.71493E-08
 4.42150E-08
 4.15311E-08
 3.90720E-08
 3.68147E-08
 3.47387E-08
 3.28258E-08
 3.10599E-08
 2.94267E-08
 2.79133E-08
 2.65086E-08
 2.52025E-08
 2.39861E-08
 2.28515E-08
 2.17916E-08
 2.08000E-08
 1.98712E-08
 1.90001E-08
 1.81822E-08
 1.74134E-08
 1.66902E-08
 1.60091E-08
 1.53674E-08
 1.47622E-08
 1.41912E-08
 1.36521E-08
 1.31431E-08
 1.26623E-08
 1.22080E-08
 1.17787E-08
 1.13732E-08
 1.09900E-08
 1.06282E-08
 1.02865E-08
 9.96421E-09
 9.66027E-09
 9.37392E-09
 9.10443E-09
 8.85109E-09
 8.61331E-09
 8.39048E-09
 8.18210E-09
 7.98767E-09
 7.80675E-09
 7.63893E-09
 7.48384E-09
 7.34115E-09
 7.21055E-09
 7.09175E-09
 6.98452E-09
 6.88862E-09
 6.80386E-09
 6.73007E-09
 6.66709E-09
 6.61480E-09
 6.57309E-09
 6.54188E-09
 6.52111E-09
 6.51073E-09
 1.69396E-07
 1.67468E-07
 1.63749E-07
 1.58489E-07
 1.52011E-07
 1.44663E-07
 1.36781E-07
 1.28658E-07
 1.20537E-07
 1.12602E-07
 1.04982E-07
 9.77618E-08
 9.09899E-08
 8.46864E-08
 7.88517E-08
 7.34723E-08
 6.85262E-08
 6.39863E-08
 5.98229E-08
 5.60058E-08
 5.25054E-08
 4.92935E-08
 4.63435E-08
 4.36310E-08
 4.11336E-08
 3.88309E-08
 3.67046E-08
 3.47380E-08
 3.29162E-08
 3.12260E-08
 2.96553E-08
 2.81934E-08
 2.68308E-08
 2.55589E-08
 2.43700E-08
 2.32572E-08
 2.22143E-08
 2.12358E-08
 2.03166E-08
 1.94524E-08
 1.86391E-08
 1.78729E-08
 1.71507E-08
 1.64694E-08
 1.58263E-08
 1.52190E-08
 1.46453E-08
 1.41030E-08
 1.35905E-08
 1.31059E-08
 1.26477E-08
 1.22146E-08
 1.18052E-08
 1.14184E-08
 1.10530E-08
 1.07082E-08
 1.03829E-08
 1.00763E-08
 9.78765E-09
 9.51626E-09
 9.26144E-09
 9.02260E-09
 8.79919E-09
 8.59069E-09
 8.39664E-09
 8.21662E-09
 8.05023E-09
 7.89711E-09
 7.75695E-09
 7.62944E-09
 7.51433E-09
 7.41139E-09
 7.32039E-09
 7.24115E-09
 7.17353E-09
 7.11738E-09
 7.07259E-09
 7.03908E-09
 7.01677E-09
 7.00563E-09
 1.58453E-07
 1.56906E-07
 1.53908E-07
 1.49634E-07
 1.44314E-07
 1.38205E-07
 1.31562E-07
 1.24618E-07
 1.17576E-07
 1.10595E-07
 1.03798E-07
 9.72724E-08
 9.10742E-08
 8.52363E-08
 7.97726E-08
 7.46835E-08
 6.99599E-08
 6.55861E-08
 6.15426E-08
 5.78079E-08
 5.43597E-08
 5.11758E-08
 4.82346E-08
 4.55159E-08
 4.30005E-08
 4.06709E-08
 3.85108E-08
 3.65053E-08
 3.46411E-08
 3.29058E-08
 3.12884E-08
 2.97790E-08
 2.83685E-08
 2.70487E-08
 2.58124E-08
 2.46529E-08
 2.35642E-08
 2.25410E-08
 2.15783E-08
 2.06718E-08
 1.98175E-08
 1.90118E-08
 1.82514E-08
 1.75332E-08
 1.68547E-08
 1.62134E-08
 1.56069E-08
 1.50333E-08
 1.44907E-08
 1.39773E-08
 1.34917E-08
 1.30323E-08
 1.25979E-08
 1.21871E-08
 1.17991E-08
 1.14326E-08
 1.10868E-08
 1.07607E-08
 1.04537E-08
 1.01648E-08
 9.89360E-09
 9.63930E-09
 9.40136E-09
 9.17927E-09
 8.97252E-09
 8.78068E-09
 8.60334E-09
 8.44013E-09
 8.29069E-09
 8.15474E-09
 8.03199E-09
 7.92220E-09
 7.82515E-09
 7.74063E-09
 7.66850E-09
 7.60860E-09
 7.56082E-09
 7.52506E-09
 7.50127E-09
 7.48938E-09
 1.49056E-07
 1.47796E-07
 1.45344E-07
 1.41825E-07
 1.37407E-07
 1.32281E-07
 1.26643E-07
 1.20678E-07
 1.14553E-07
 1.08404E-07
 1.02344E-07
 9.64555E-08
 9.07984E-08
 8.54119E-08
 8.03189E-08
 7.55294E-08
 7.10438E-08
 6.68556E-08
 6.29536E-08
 5.93236E-08
 5.59498E-08
 5.28153E-08
 4.99034E-08
 4.71975E-08
 4.46818E-08
 4.23414E-08
 4.01623E-08
 3.81315E-08
 3.62370E-08
 3.44677E-08
 3.28137E-08
 3.12657E-08
 2.98154E-08
 2.84551E-08
 2.71780E-08
 2.59778E-08
 2.48487E-08
 2.37856E-08
 2.27839E-08
 2.18391E-08
 2.09474E-08
 2.01054E-08
 1.93097E-08
 1.85575E-08
 1.78460E-08
 1.71728E-08
 1.65357E-08
 1.59326E-08
 1.53616E-08
 1.48211E-08
 1.43094E-08
 1.38250E-08
 1.33668E-08
 1.29333E-08
 1.25235E-08
 1.21363E-08
 1.17709E-08
 1.14262E-08
 1.11014E-08
 1.07959E-08
 1.05088E-08
 1.02396E-08
 9.98771E-09
 9.75250E-09
 9.53350E-09
 9.33025E-09
 9.14233E-09
 8.96935E-09
 8.81096E-09
 8.66684E-09
 8.53670E-09
 8.42029E-09
 8.31737E-09
 8.22774E-09
 8.15124E-09
 8.08771E-09
 8.03703E-09
 7.99910E-09
 7.97386E-09
 7.96125E-09
 1.40920E-07
 1.39879E-07
 1.37847E-07
 1.34915E-07
 1.31207E-07
 1.26869E-07
 1.22050E-07
 1.16899E-07
 1.11552E-07
 1.06126E-07
 1.00718E-07
 9.54073E-08
 9.02520E-08
 8.52942E-08
 8.05619E-08
 7.60715E-08
 7.18304E-08
 6.78390E-08
 6.40926E-08
 6.05833E-08
 5.73006E-08
 5.42324E-08
 5.13661E-08
 4.86888E-08
 4.61878E-08
 4.38507E-08
 4.16656E-08
 3.96214E-08
 3.77076E-08
 3.59145E-08
 3.42329E-08
 3.26548E-08
 3.11723E-08
 2.97784E-08
 2.84668E-08
 2.72315E-08
 2.60672E-08
 2.49690E-08
 2.39324E-08
 2.29532E-08
 2.20278E-08
 2.11526E-08
 2.03246E-08
 1.95410E-08
 1.87989E-08
 1.80962E-08
 1.74304E-08
 1.67997E-08
 1.62022E-08
 1.56360E-08
 1.50997E-08
 1.45918E-08
 1.41109E-08
 1.36558E-08
 1.32253E-08
 1.28184E-08
 1.24342E-08
 1.20716E-08
 1.17300E-08
 1.14084E-08
 1.11062E-08
 1.08227E-08
 1.05573E-08
 1.03095E-08
 1.00787E-08
 9.86450E-09
 9.66639E-09
 9.48400E-09
 9.31697E-09
 9.16496E-09
 9.02769E-09
 8.90488E-09
 8.79629E-09
 8.70173E-09
 8.62100E-09
 8.55396E-09
 8.50048E-09
 8.46046E-09
 8.43382E-09
 8.42051E-09
 1.33824E-07
 1.32954E-07
 1.31250E-07
 1.28781E-07
 1.25639E-07
 1.21936E-07
 1.17790E-07
 1.13318E-07
 1.08631E-07
 1.03828E-07
 9.89957E-08
 9.42038E-08
 8.95082E-08
 8.49512E-08
 8.05631E-08
 7.63645E-08
 7.23674E-08
 6.85773E-08
 6.49948E-08
 6.16166E-08
 5.84368E-08
 5.54475E-08
 5.26398E-08
 5.00040E-08
 4.75300E-08
 4.52080E-08
 4.30281E-08
 4.09810E-08
 3.90576E-08
 3.72496E-08
 3.55489E-08
 3.39482E-08
 3.24405E-08
 3.10195E-08
 2.96792E-08
 2.84143E-08
 2.72197E-08
 2.60908E-08
 2.50234E-08
 2.40136E-08
 2.30578E-08
 2.21527E-08
 2.12953E-08
 2.04828E-08
 1.97127E-08
 1.89825E-08
 1.82902E-08
 1.76338E-08
 1.70113E-08
 1.64211E-08
 1.58616E-08
 1.53314E-08
 1.48292E-08
 1.43536E-08
 1.39035E-08
 1.34779E-08
 1.30758E-08
 1.26963E-08
 1.23384E-08
 1.20015E-08
 1.16848E-08
 1.13877E-08
 1.11094E-08
 1.08495E-08
 1.06074E-08
 1.03826E-08
 1.01747E-08
 9.98329E-09
 9.80795E-09
 9.64836E-09
 9.50421E-09
 9.37525E-09
 9.26121E-09
 9.16188E-09
 9.07709E-09
 9.00666E-09
 8.95048E-09
 8.90843E-09
 8.88045E-09
 8.86646E-09
 1.27598E-07
 1.26863E-07
 1.25419E-07
 1.23319E-07
 1.20633E-07
 1.17448E-07
 1.13855E-07
 1.09951E-07
 1.05825E-07
 1.01561E-07
 9.72329E-08
 9.29041E-08
 8.86258E-08
 8.44391E-08
 8.03751E-08
 7.64560E-08
 7.26973E-08
 6.91081E-08
 6.56926E-08
 6.24515E-08
 5.93825E-08
 5.64812E-08
 5.37418E-08
 5.11573E-08
 4.87203E-08
 4.64231E-08
 4.42578E-08
 4.22168E-08
 4.02923E-08
 3.84774E-08
 3.67649E-08
 3.51485E-08
 3.36221E-08
 3.21798E-08
 3.08164E-08
 2.95268E-08
 2.83065E-08
 2.71512E-08
 2.60569E-08
 2.50200E-08
 2.40371E-08
 2.31051E-08
 2.22210E-08
 2.13823E-08
 2.05864E-08
 1.98310E-08
 1.91142E-08
 1.84338E-08
 1.77881E-08
 1.71755E-08
 1.65943E-08
 1.60432E-08
 1.55208E-08
 1.50259E-08
 1.45573E-08
 1.41140E-08
 1.36949E-08
 1.32992E-08
 1.29260E-08
 1.25745E-08
 1.22440E-08
 1.19337E-08
 1.16432E-08
 1.13717E-08
 1.11188E-08
 1.08839E-08
 1.06666E-08
 1.04665E-08
 1.02832E-08
 1.01163E-08
 9.96557E-09
 9.83069E-09
 9.71141E-09
 9.60751E-09
 9.51880E-09
 9.44513E-09
 9.38635E-09
 9.34236E-09
 9.31307E-09
 9.29844E-09
 1.22108E-07
 1.21480E-07
 1.20245E-07
 1.18442E-07
 1.16127E-07
 1.13366E-07
 1.10233E-07
 1.06805E-07
 1.03157E-07
 9.93574E-08
 9.54713E-08
 9.15538E-08
 8.76521E-08
 8.38046E-08
 8.00420E-08
 7.63874E-08
 7.28579E-08
 6.94651E-08
 6.62161E-08
 6.31144E-08
 6.01606E-08
 5.73532E-08
 5.46888E-08
 5.21632E-08
 4.97709E-08
 4.75064E-08
 4.53634E-08
 4.33359E-08
 4.14177E-08
 3.96026E-08
 3.78850E-08
 3.62590E-08
 3.47195E-08
 3.32613E-08
 3.18796E-08
 3.05701E-08
 2.93283E-08
 2.81506E-08
 2.70331E-08
 2.59725E-08
 2.49656E-08
 2.40095E-08
 2.31015E-08
 2.22389E-08
 2.14196E-08
 2.06411E-08
 1.99016E-08
 1.91991E-08
 1.85320E-08
 1.78984E-08
 1.72970E-08
 1.67263E-08
 1.61850E-08
 1.56719E-08
 1.51858E-08
 1.47257E-08
 1.42906E-08
 1.38796E-08
 1.34918E-08
 1.31265E-08
 1.27828E-08
 1.24601E-08
 1.21578E-08
 1.18753E-08
 1.16121E-08
 1.13676E-08
 1.11413E-08
 1.09329E-08
 1.07420E-08
 1.05681E-08
 1.04111E-08
 1.02705E-08
 1.01462E-08
 1.00379E-08
 9.94550E-09
 9.86870E-09
 9.80743E-09
 9.76157E-09
 9.73105E-09
 9.71580E-09
 1.17246E-07
 1.16705E-07
 1.15638E-07
 1.14078E-07
 1.12066E-07
 1.09656E-07
 1.06907E-07
 1.03881E-07
 1.00639E-07
 9.72410E-08
 9.37410E-08
 9.01880E-08
 8.66242E-08
 8.30854E-08
 7.96008E-08
 7.61937E-08
 7.28819E-08
 6.96785E-08
 6.65924E-08
 6.36295E-08
 6.07924E-08
 5.80820E-08
 5.54972E-08
 5.30356E-08
 5.06939E-08
 4.84681E-08
 4.63537E-08
 4.43459E-08
 4.24398E-08
 4.06306E-08
 3.89133E-08
 3.72832E-08
 3.57356E-08
 3.42663E-08
 3.28709E-08
 3.15455E-08
 3.02862E-08
 2.90896E-08
 2.79524E-08
 2.68712E-08
 2.58433E-08
 2.48659E-08
 2.39364E-08
 2.30525E-08
 2.22118E-08
 2.14123E-08
 2.06520E-08
 1.99292E-08
 1.92421E-08
 1.85892E-08
 1.79689E-08
 1.73800E-08
 1.68210E-08
 1.62908E-08
 1.57883E-08
 1.53125E-08
 1.48623E-08
 1.44368E-08
 1.40352E-08
 1.36567E-08
 1.33006E-08
 1.29662E-08
 1.26527E-08
 1.23598E-08
 1.20867E-08
 1.18330E-08
 1.15982E-08
 1.13819E-08
 1.11836E-08
 1.10032E-08
 1.08401E-08
 1.06941E-08
 1.05650E-08
 1.04526E-08
 1.03565E-08
 1.02768E-08
 1.02131E-08
 1.01655E-08
 1.01337E-08
 1.01179E-08
 1.12925E-07
 1.12454E-07
 1.11526E-07
 1.10165E-07
 1.08404E-07
 1.06286E-07
 1.03858E-07
 1.01172E-07
 9.82782E-08
 9.52266E-08
 9.20640E-08
 8.88330E-08
 8.55714E-08
 8.23120E-08
 7.90823E-08
 7.59048E-08
 7.27976E-08
 6.97745E-08
 6.68458E-08
 6.40186E-08
 6.12977E-08
 5.86854E-08
 5.61824E-08
 5.37882E-08
 5.15011E-08
 4.93184E-08
 4.72373E-08
 4.52541E-08
 4.33652E-08
 4.15666E-08
 3.98544E-08
 3.82247E-08
 3.66736E-08
 3.51973E-08
 3.37922E-08
 3.24547E-08
 3.11815E-08
 2.99694E-08
 2.88155E-08
 2.77168E-08
 2.66706E-08
 2.56744E-08
 2.47259E-08
 2.38227E-08
 2.29628E-08
 2.21442E-08
 2.13650E-08
 2.06236E-08
 1.99182E-08
 1.92473E-08
 1.86096E-08
 1.80036E-08
 1.74282E-08
 1.68821E-08
 1.63642E-08
 1.58736E-08
 1.54092E-08
 1.49701E-08
 1.45555E-08
 1.41647E-08
 1.37968E-08
 1.34512E-08
 1.31272E-08
 1.28243E-08
 1.25419E-08
 1.22795E-08
 1.20365E-08
 1.18127E-08
 1.16076E-08
 1.14208E-08
 1.12520E-08
 1.11009E-08
 1.09672E-08
 1.08508E-08
 1.07513E-08
 1.06687E-08
 1.06028E-08
 1.05534E-08
 1.05206E-08
 1.05042E-08
 1.09074E-07
 1.08662E-07
 1.07848E-07
 1.06651E-07
 1.05098E-07
 1.03225E-07
 1.01068E-07
 9.86708E-08
 9.60752E-08
 9.33233E-08
 9.04554E-08
 8.75086E-08
 8.45166E-08
 8.15091E-08
 7.85116E-08
 7.55458E-08
 7.26292E-08
 6.97762E-08
 6.69976E-08
 6.43017E-08
 6.16944E-08
 5.91794E-08
 5.67590E-08
 5.44339E-08
 5.22037E-08
 5.00673E-08
 4.80229E-08
 4.60681E-08
 4.42002E-08
 4.24162E-08
 4.07131E-08
 3.90877E-08
 3.75368E-08
 3.60572E-08
 3.46458E-08
 3.32996E-08
 3.20157E-08
 3.07912E-08
 2.96234E-08
 2.85098E-08
 2.74478E-08
 2.64353E-08
 2.54700E-08
 2.45497E-08
 2.36726E-08
 2.28367E-08
 2.20404E-08
 2.12819E-08
 2.05597E-08
 1.98724E-08
 1.92185E-08
 1.85968E-08
 1.80061E-08
 1.74452E-08
 1.69130E-08
 1.64085E-08
 1.59308E-08
 1.54789E-08
 1.50522E-08
 1.46496E-08
 1.42707E-08
 1.39145E-08
 1.35806E-08
 1.32683E-08
 1.29771E-08
 1.27064E-08
 1.24558E-08
 1.22249E-08
 1.20132E-08
 1.18204E-08
 1.16462E-08
 1.14902E-08
 1.13522E-08
 1.12319E-08
 1.11293E-08
 1.10439E-08
 1.09759E-08
 1.09249E-08
 1.08910E-08
 1.08740E-08
 1.05636E-07
 1.05272E-07
 1.04553E-07
 1.03493E-07
 1.02115E-07
 1.00446E-07
 9.85191E-08
 9.63680E-08
 9.40285E-08
 9.15362E-08
 8.89257E-08
 8.62295E-08
 8.34773E-08
 8.06961E-08
 7.79094E-08
 7.51375E-08
 7.23975E-08
 6.97034E-08
 6.70667E-08
 6.44962E-08
 6.19987E-08
 5.95790E-08
 5.72403E-08
 5.49845E-08
 5.28126E-08
 5.07244E-08
 4.87190E-08
 4.67953E-08
 4.49513E-08
 4.31851E-08
 4.14942E-08
 3.98763E-08
 3.83287E-08
 3.68489E-08
 3.54343E-08
 3.40823E-08
 3.27904E-08
 3.15562E-08
 3.03771E-08
 2.92511E-08
 2.81757E-08
 2.71490E-08
 2.61690E-08
 2.52336E-08
 2.43411E-08
 2.34897E-08
 2.26778E-08
 2.19039E-08
 2.11664E-08
 2.04639E-08
 1.97953E-08
 1.91590E-08
 1.85542E-08
 1.79795E-08
 1.74339E-08
 1.69166E-08
 1.64265E-08
 1.59627E-08
 1.55245E-08
 1.51111E-08
 1.47217E-08
 1.43557E-08
 1.40124E-08
 1.36913E-08
 1.33918E-08
 1.31133E-08
 1.28555E-08
 1.26178E-08
 1.24000E-08
 1.22015E-08
 1.20221E-08
 1.18615E-08
 1.17194E-08
 1.15956E-08
 1.14898E-08
 1.14020E-08
 1.13318E-08
 1.12793E-08
 1.12444E-08
 1.12269E-08
 1.02562E-07
 1.02238E-07
 1.01598E-07
 1.00653E-07
 9.94213E-08
 9.79265E-08
 9.61943E-08
 9.42537E-08
 9.21346E-08
 8.98674E-08
 8.74819E-08
 8.50063E-08
 8.24672E-08
 7.98888E-08
 7.72925E-08
 7.46974E-08
 7.21198E-08
 6.95734E-08
 6.70697E-08
 6.46179E-08
 6.22253E-08
 5.98975E-08
 5.76386E-08
 5.54515E-08
 5.33378E-08
 5.12985E-08
 4.93336E-08
 4.74427E-08
 4.56248E-08
 4.38785E-08
 4.22023E-08
 4.05944E-08
 3.90528E-08
 3.75755E-08
 3.61602E-08
 3.48050E-08
 3.35076E-08
 3.22660E-08
 3.10780E-08
 2.99417E-08
 2.88550E-08
 2.78162E-08
 2.68233E-08
 2.58746E-08
 2.49685E-08
 2.41032E-08
 2.32774E-08
 2.24894E-08
 2.17380E-08
 2.10218E-08
 2.03395E-08
 1.96900E-08
 1.90720E-08
 1.84847E-08
 1.79268E-08
 1.73975E-08
 1.68958E-08
 1.64210E-08
 1.59721E-08
 1.55485E-08
 1.51494E-08
 1.47741E-08
 1.44221E-08
 1.40927E-08
 1.37854E-08
 1.34996E-08
 1.32350E-08
 1.29910E-08
 1.27673E-08
 1.25635E-08
 1.23793E-08
 1.22143E-08
 1.20684E-08
 1.19412E-08
 1.18325E-08
 1.17422E-08
 1.16702E-08
 1.16163E-08
 1.15803E-08
 1.15624E-08
 9.98109E-08
 9.95212E-08
 9.89471E-08
 9.80990E-08
 9.69917E-08
 9.56441E-08
 9.40782E-08
 9.23180E-08
 9.03890E-08
 8.83171E-08
 8.61281E-08
 8.38468E-08
 8.14966E-08
 7.90993E-08
 7.66746E-08
 7.42400E-08
 7.18110E-08
 6.94008E-08
 6.70208E-08
 6.46804E-08
 6.23871E-08
 6.01472E-08
 5.79653E-08
 5.58450E-08
 5.37888E-08
 5.17982E-08
 4.98743E-08
 4.80171E-08
 4.62266E-08
 4.45019E-08
 4.28423E-08
 4.12464E-08
 3.97128E-08
 3.82399E-08
 3.68262E-08
 3.54698E-08
 3.41690E-08
 3.29221E-08
 3.17272E-08
 3.05826E-08
 2.94865E-08
 2.84374E-08
 2.74334E-08
 2.64731E-08
 2.55549E-08
 2.46774E-08
 2.38390E-08
 2.30385E-08
 2.22745E-08
 2.15457E-08
 2.08510E-08
 2.01893E-08
 1.95594E-08
 1.89603E-08
 1.83911E-08
 1.78507E-08
 1.73384E-08
 1.68532E-08
 1.63945E-08
 1.59614E-08
 1.55532E-08
 1.51693E-08
 1.48091E-08
 1.44720E-08
 1.41574E-08
 1.38648E-08
 1.35938E-08
 1.33439E-08
 1.31148E-08
 1.29060E-08
 1.27172E-08
 1.25482E-08
 1.23986E-08
 1.22682E-08
 1.21568E-08
 1.20643E-08
 1.19904E-08
 1.19351E-08
 1.18983E-08
 1.18799E-08
 9.73500E-08
 9.70888E-08
 9.65708E-08
 9.58045E-08
 9.48025E-08
 9.35803E-08
 9.21564E-08
 9.05511E-08
 8.87862E-08
 8.68840E-08
 8.48667E-08
 8.27562E-08
 8.05732E-08
 7.83373E-08
 7.60665E-08
 7.37770E-08
 7.14833E-08
 6.91981E-08
 6.69325E-08
 6.46957E-08
 6.24957E-08
 6.03389E-08
 5.82305E-08
 5.61745E-08
 5.41741E-08
 5.22314E-08
 5.03481E-08
 4.85250E-08
 4.67624E-08
 4.50604E-08
 4.34185E-08
 4.18360E-08
 4.03120E-08
 3.88453E-08
 3.74348E-08
 3.60790E-08
 3.47767E-08
 3.35262E-08
 3.23261E-08
 3.11749E-08
 3.00712E-08
 2.90133E-08
 2.79999E-08
 2.70296E-08
 2.61008E-08
 2.52123E-08
 2.43628E-08
 2.35510E-08
 2.27756E-08
 2.20356E-08
 2.13296E-08
 2.06568E-08
 2.00159E-08
 1.94061E-08
 1.88265E-08
 1.82759E-08
 1.77538E-08
 1.72591E-08
 1.67912E-08
 1.63493E-08
 1.59328E-08
 1.55409E-08
 1.51731E-08
 1.48287E-08
 1.45074E-08
 1.42084E-08
 1.39315E-08
 1.36761E-08
 1.34419E-08
 1.32284E-08
 1.30354E-08
 1.28625E-08
 1.27095E-08
 1.25762E-08
 1.24623E-08
 1.23676E-08
 1.22921E-08
 1.22355E-08
 1.21979E-08
 1.21791E-08
 9.51503E-08
 9.49133E-08
 9.44428E-08
 9.37460E-08
 9.28335E-08
 9.17183E-08
 9.04160E-08
 8.89440E-08
 8.73209E-08
 8.55660E-08
 8.36986E-08
 8.17381E-08
 7.97028E-08
 7.76104E-08
 7.54772E-08
 7.33183E-08
 7.11471E-08
 6.89759E-08
 6.68153E-08
 6.46744E-08
 6.25612E-08
 6.04823E-08
 5.84432E-08
 5.64485E-08
 5.45016E-08
 5.26054E-08
 5.07618E-08
 4.89723E-08
 4.72378E-08
 4.55588E-08
 4.39353E-08
 4.23672E-08
 4.08538E-08
 3.93946E-08
 3.79886E-08
 3.66349E-08
 3.53324E-08
 3.40799E-08
 3.28762E-08
 3.17199E-08
 3.06099E-08
 2.95448E-08
 2.85234E-08
 2.75444E-08
 2.66064E-08
 2.57084E-08
 2.48490E-08
 2.40271E-08
 2.32416E-08
 2.24913E-08
 2.17752E-08
 2.10922E-08
 2.04415E-08
 1.98219E-08
 1.92327E-08
 1.86728E-08
 1.81416E-08
 1.76383E-08
 1.71619E-08
 1.67120E-08
 1.62877E-08
 1.58884E-08
 1.55135E-08
 1.51626E-08
 1.48349E-08
 1.45301E-08
 1.42477E-08
 1.39871E-08
 1.37482E-08
 1.35304E-08
 1.33334E-08
 1.31570E-08
 1.30009E-08
 1.28648E-08
 1.27485E-08
 1.26519E-08
 1.25748E-08
 1.25171E-08
 1.24786E-08
 1.24594E-08
 9.31879E-08
 9.29712E-08
 9.25411E-08
 9.19035E-08
 9.10672E-08
 9.00434E-08
 8.88454E-08
 8.74881E-08
 8.59876E-08
 8.43604E-08
 8.26238E-08
 8.07947E-08
 7.88896E-08
 7.69243E-08
 7.49137E-08
 7.28718E-08
 7.08111E-08
 6.87432E-08
 6.66783E-08
 6.46254E-08
 6.25924E-08
 6.05859E-08
 5.86117E-08
 5.66747E-08
 5.47786E-08
 5.29267E-08
 5.11214E-08
 4.93647E-08
 4.76578E-08
 4.60017E-08
 4.43969E-08
 4.28435E-08
 4.13416E-08
 3.98906E-08
 3.84902E-08
 3.71397E-08
 3.58382E-08
 3.45849E-08
 3.33787E-08
 3.22187E-08
 3.11037E-08
 3.00327E-08
 2.90045E-08
 2.80181E-08
 2.70722E-08
 2.61657E-08
 2.52976E-08
 2.44668E-08
 2.36722E-08
 2.29128E-08
 2.21876E-08
 2.14955E-08
 2.08358E-08
 2.02074E-08
 1.96094E-08
 1.90411E-08
 1.85017E-08
 1.79903E-08
 1.75063E-08
 1.70489E-08
 1.66175E-08
 1.62115E-08
 1.58302E-08
 1.54731E-08
 1.51396E-08
 1.48294E-08
 1.45419E-08
 1.42766E-08
 1.40333E-08
 1.38115E-08
 1.36109E-08
 1.34313E-08
 1.32722E-08
 1.31336E-08
 1.30151E-08
 1.29167E-08
 1.28381E-08
 1.27793E-08
 1.27401E-08
 1.27205E-08
 9.14421E-08
 9.12428E-08
 9.08470E-08
 9.02597E-08
 8.94884E-08
 8.85428E-08
 8.74343E-08
 8.61756E-08
 8.47808E-08
 8.32645E-08
 8.16417E-08
 7.99274E-08
 7.81366E-08
 7.62835E-08
 7.43817E-08
 7.24441E-08
 7.04825E-08
 6.85076E-08
 6.65295E-08
 6.45567E-08
 6.25970E-08
 6.06572E-08
 5.87432E-08
 5.68599E-08
 5.50114E-08
 5.32014E-08
 5.14326E-08
 4.97072E-08
 4.80271E-08
 4.63934E-08
 4.48070E-08
 4.32686E-08
 4.17783E-08
 4.03362E-08
 3.89420E-08
 3.75954E-08
 3.62958E-08
 3.50427E-08
 3.38351E-08
 3.26724E-08
 3.15536E-08
 3.04778E-08
 2.94440E-08
 2.84512E-08
 2.74985E-08
 2.65847E-08
 2.57090E-08
 2.48704E-08
 2.40677E-08
 2.33002E-08
 2.25668E-08
 2.18666E-08
 2.11987E-08
 2.05623E-08
 1.99566E-08
 1.93806E-08
 1.88337E-08
 1.83151E-08
 1.78240E-08
 1.73599E-08
 1.69220E-08
 1.65098E-08
 1.61226E-08
 1.57599E-08
 1.54212E-08
 1.51060E-08
 1.48138E-08
 1.45443E-08
 1.42969E-08
 1.40715E-08
 1.38675E-08
 1.36849E-08
 1.35231E-08
 1.33822E-08
 1.32617E-08
 1.31616E-08
 1.30817E-08
 1.30218E-08
 1.29820E-08
 1.29621E-08
 8.98956E-08
 8.97111E-08
 8.93444E-08
 8.87999E-08
 8.80841E-08
 8.72053E-08
 8.61733E-08
 8.49993E-08
 8.36956E-08
 8.22750E-08
 8.07510E-08
 7.91368E-08
 7.74460E-08
 7.56914E-08
 7.38856E-08
 7.20405E-08
 7.01670E-08
 6.82755E-08
 6.63752E-08
 6.44748E-08
 6.25818E-08
 6.07028E-08
 5.88439E-08
 5.70102E-08
 5.52059E-08
 5.34350E-08
 5.17003E-08
 5.00046E-08
 4.83499E-08
 4.67377E-08
 4.51692E-08
 4.36455E-08
 4.21669E-08
 4.07338E-08
 3.93462E-08
 3.80041E-08
 3.67071E-08
 3.54549E-08
 3.42468E-08
 3.30823E-08
 3.19605E-08
 3.08809E-08
 2.98424E-08
 2.88444E-08
 2.78858E-08
 2.69658E-08
 2.60834E-08
 2.52379E-08
 2.44282E-08
 2.36534E-08
 2.29128E-08
 2.22053E-08
 2.15302E-08
 2.08867E-08
 2.02739E-08
 1.96910E-08
 1.91374E-08
 1.86123E-08
 1.81149E-08
 1.76447E-08
 1.72009E-08
 1.67831E-08
 1.63905E-08
 1.60228E-08
 1.56792E-08
 1.53595E-08
 1.50631E-08
 1.47896E-08
 1.45387E-08
 1.43099E-08
 1.41029E-08
 1.39175E-08
 1.37533E-08
 1.36102E-08
 1.34879E-08
 1.33863E-08
 1.33052E-08
 1.32444E-08
 1.32040E-08
 1.31838E-08
 8.85336E-08
 8.83617E-08
 8.80197E-08
 8.75116E-08
 8.68429E-08
 8.60209E-08
 8.50543E-08
 8.39528E-08
 8.27273E-08
 8.13892E-08
 7.99504E-08
 7.84230E-08
 7.68191E-08
 7.51506E-08
 7.34290E-08
 7.16652E-08
 6.98696E-08
 6.80520E-08
 6.62213E-08
 6.43856E-08
 6.25525E-08
 6.07285E-08
 5.89196E-08
 5.71310E-08
 5.53672E-08
 5.36322E-08
 5.19292E-08
 5.02611E-08
 4.86301E-08
 4.70382E-08
 4.54869E-08
 4.39772E-08
 4.25100E-08
 4.10858E-08
 3.97050E-08
 3.83677E-08
 3.70737E-08
 3.58229E-08
 3.46149E-08
 3.34493E-08
 3.23254E-08
 3.12427E-08
 3.02005E-08
 2.91980E-08
 2.82345E-08
 2.73091E-08
 2.64211E-08
 2.55695E-08
 2.47536E-08
 2.39726E-08
 2.32256E-08
 2.25117E-08
 2.18302E-08
 2.11803E-08
 2.05613E-08
 1.99723E-08
 1.94126E-08
 1.88816E-08
 1.83786E-08
 1.79029E-08
 1.74539E-08
 1.70310E-08
 1.66337E-08
 1.62614E-08
 1.59135E-08
 1.55897E-08
 1.52895E-08
 1.50125E-08
 1.47583E-08
 1.45265E-08
 1.43168E-08
 1.41289E-08
 1.39625E-08
 1.38175E-08
 1.36935E-08
 1.35905E-08
 1.35083E-08
 1.34467E-08
 1.34057E-08
 1.33852E-08
 8.73437E-08
 8.71823E-08
 8.68613E-08
 8.63839E-08
 8.57551E-08
 8.49813E-08
 8.40702E-08
 8.30305E-08
 8.18717E-08
 8.06041E-08
 7.92385E-08
 7.77858E-08
 7.62570E-08
 7.46630E-08
 7.30145E-08
 7.13217E-08
 6.95944E-08
 6.78417E-08
 6.60723E-08
 6.42940E-08
 6.25141E-08
 6.07391E-08
 5.89750E-08
 5.72271E-08
 5.54998E-08
 5.37974E-08
 5.21232E-08
 5.04804E-08
 4.88714E-08
 4.72983E-08
 4.57629E-08
 4.42665E-08
 4.28101E-08
 4.13945E-08
 4.00204E-08
 3.86879E-08
 3.73971E-08
 3.61482E-08
 3.49407E-08
 3.37745E-08
 3.26492E-08
 3.15642E-08
 3.05189E-08
 2.95128E-08
 2.85451E-08
 2.76151E-08
 2.67222E-08
 2.58655E-08
 2.50443E-08
 2.42578E-08
 2.35052E-08
 2.27857E-08
 2.20986E-08
 2.14432E-08
 2.08186E-08
 2.02242E-08
 1.96592E-08
 1.91231E-08
 1.86150E-08
 1.81345E-08
 1.76808E-08
 1.72535E-08
 1.68518E-08
 1.64755E-08
 1.61238E-08
 1.57964E-08
 1.54928E-08
 1.52126E-08
 1.49554E-08
 1.47209E-08
 1.45088E-08
 1.43187E-08
 1.41504E-08
 1.40036E-08
 1.38782E-08
 1.37740E-08
 1.36907E-08
 1.36284E-08
 1.35869E-08
 1.35662E-08
 8.63153E-08
 8.61627E-08
 8.58592E-08
 8.54076E-08
 8.48124E-08
 8.40792E-08
 8.32148E-08
 8.22272E-08
 8.11249E-08
 7.99171E-08
 7.86137E-08
 7.72247E-08
 7.57601E-08
 7.42300E-08
 7.26444E-08
 7.10128E-08
 6.93445E-08
 6.76483E-08
 6.59322E-08
 6.42040E-08
 6.24708E-08
 6.07389E-08
 5.90144E-08
 5.73024E-08
 5.56076E-08
 5.39343E-08
 5.22860E-08
 5.06659E-08
 4.90767E-08
 4.75208E-08
 4.59999E-08
 4.45157E-08
 4.30694E-08
 4.16619E-08
 4.02941E-08
 3.89663E-08
 3.76789E-08
 3.64319E-08
 3.52253E-08
 3.40590E-08
 3.29326E-08
 3.18458E-08
 3.07981E-08
 2.97890E-08
 2.88179E-08
 2.78842E-08
 2.69871E-08
 2.61261E-08
 2.53003E-08
 2.45091E-08
 2.37517E-08
 2.30273E-08
 2.23354E-08
 2.16751E-08
 2.10457E-08
 2.04466E-08
 1.98771E-08
 1.93364E-08
 1.88240E-08
 1.83392E-08
 1.78814E-08
 1.74501E-08
 1.70448E-08
 1.66648E-08
 1.63098E-08
 1.59792E-08
 1.56726E-08
 1.53897E-08
 1.51299E-08
 1.48931E-08
 1.46788E-08
 1.44867E-08
 1.43167E-08
 1.41684E-08
 1.40417E-08
 1.39364E-08
 1.38523E-08
 1.37893E-08
 1.37474E-08
 1.37265E-08
 8.54394E-08
 8.52942E-08
 8.50052E-08
 8.45750E-08
 8.40077E-08
 8.33082E-08
 8.24828E-08
 8.15387E-08
 8.04835E-08
 7.93259E-08
 7.80747E-08
 7.67391E-08
 7.53287E-08
 7.38526E-08
 7.23203E-08
 7.07408E-08
 6.91227E-08
 6.74746E-08
 6.58043E-08
 6.41191E-08
 6.24261E-08
 6.07315E-08
 5.90412E-08
 5.73605E-08
 5.56941E-08
 5.40462E-08
 5.24206E-08
 5.08206E-08
 4.92489E-08
 4.77082E-08
 4.62003E-08
 4.47270E-08
 4.32898E-08
 4.18898E-08
 4.05278E-08
 3.92044E-08
 3.79201E-08
 3.66752E-08
 3.54697E-08
 3.43035E-08
 3.31765E-08
 3.20884E-08
 3.10388E-08
 3.00274E-08
 2.90534E-08
 2.81165E-08
 2.72161E-08
 2.63513E-08
 2.55217E-08
 2.47265E-08
 2.39651E-08
 2.32366E-08
 2.25406E-08
 2.18761E-08
 2.12427E-08
 2.06395E-08
 2.00660E-08
 1.95214E-08
 1.90052E-08
 1.85168E-08
 1.80556E-08
 1.76209E-08
 1.72123E-08
 1.68293E-08
 1.64714E-08
 1.61380E-08
 1.58289E-08
 1.55435E-08
 1.52816E-08
 1.50427E-08
 1.48265E-08
 1.46328E-08
 1.44612E-08
 1.43117E-08
 1.41838E-08
 1.40776E-08
 1.39927E-08
 1.39292E-08
 1.38869E-08
 1.38658E-08
 8.47088E-08
 8.45696E-08
 8.42924E-08
 8.38797E-08
 8.33351E-08
 8.26632E-08
 8.18697E-08
 8.09611E-08
 7.99447E-08
 7.88282E-08
 7.76200E-08
 7.63286E-08
 7.49629E-08
 7.35316E-08
 7.20435E-08
 7.05072E-08
 6.89311E-08
 6.73232E-08
 6.56912E-08
 6.40422E-08
 6.23830E-08
 6.07199E-08
 5.90586E-08
 5.74044E-08
 5.57620E-08
 5.41359E-08
 5.25297E-08
 5.09468E-08
 4.93903E-08
 4.78626E-08
 4.63661E-08
 4.49024E-08
 4.34732E-08
 4.20796E-08
 4.07228E-08
 3.94035E-08
 3.81221E-08
 3.68791E-08
 3.56747E-08
 3.45088E-08
 3.33815E-08
 3.22925E-08
 3.12415E-08
 3.02281E-08
 2.92520E-08
 2.83125E-08
 2.74092E-08
 2.65415E-08
 2.57087E-08
 2.49102E-08
 2.41454E-08
 2.34136E-08
 2.27141E-08
 2.20462E-08
 2.14093E-08
 2.08028E-08
 2.02259E-08
 1.96781E-08
 1.91588E-08
 1.86673E-08
 1.82031E-08
 1.77656E-08
 1.73543E-08
 1.69687E-08
 1.66083E-08
 1.62727E-08
 1.59614E-08
 1.56740E-08
 1.54101E-08
 1.51695E-08
 1.49518E-08
 1.47566E-08
 1.45838E-08
 1.44332E-08
 1.43044E-08
 1.41973E-08
 1.41118E-08
 1.40478E-08
 1.40052E-08
 1.39839E-08
 8.41175E-08
 8.39830E-08
 8.37152E-08
 8.33164E-08
 8.27898E-08
 8.21399E-08
 8.13718E-08
 8.04915E-08
 7.95060E-08
 7.84224E-08
 7.72486E-08
 7.59926E-08
 7.46627E-08
 7.32673E-08
 7.18149E-08
 7.03135E-08
 6.87713E-08
 6.71960E-08
 6.55950E-08
 6.39754E-08
 6.23438E-08
 6.07064E-08
 5.90688E-08
 5.74364E-08
 5.58139E-08
 5.42056E-08
 5.26154E-08
 5.10468E-08
 4.95028E-08
 4.79861E-08
 4.64989E-08
 4.50433E-08
 4.36208E-08
 4.22328E-08
 4.08804E-08
 3.95645E-08
 3.82857E-08
 3.70445E-08
 3.58411E-08
 3.46757E-08
 3.35482E-08
 3.24585E-08
 3.14064E-08
 3.03917E-08
 2.94138E-08
 2.84724E-08
 2.75668E-08
 2.66967E-08
 2.58614E-08
 2.50603E-08
 2.42928E-08
 2.35582E-08
 2.28559E-08
 2.21853E-08
 2.15457E-08
 2.09364E-08
 2.03568E-08
 1.98064E-08
 1.92845E-08
 1.87905E-08
 1.83239E-08
 1.78841E-08
 1.74706E-08
 1.70829E-08
 1.67205E-08
 1.63830E-08
 1.60699E-08
 1.57809E-08
 1.55155E-08
 1.52735E-08
 1.50545E-08
 1.48582E-08
 1.46843E-08
 1.45328E-08
 1.44032E-08
 1.42955E-08
 1.42095E-08
 1.41451E-08
 1.41022E-08
 1.40808E-08
 8.36606E-08
 8.35298E-08
 8.32691E-08
 8.28809E-08
 8.23680E-08
 8.17347E-08
 8.09860E-08
 8.01274E-08
 7.91653E-08
 7.81069E-08
 7.69593E-08
 7.57304E-08
 7.44280E-08
 7.30603E-08
 7.16352E-08
 7.01607E-08
 6.86447E-08
 6.70945E-08
 6.55176E-08
 6.39208E-08
 6.23106E-08
 6.06931E-08
 5.90740E-08
 5.74585E-08
 5.58515E-08
 5.42572E-08
 5.26796E-08
 5.11222E-08
 4.95881E-08
 4.80800E-08
 4.66003E-08
 4.51511E-08
 4.37339E-08
 4.23504E-08
 4.10016E-08
 3.96885E-08
 3.84118E-08
 3.71721E-08
 3.59696E-08
 3.48046E-08
 3.36770E-08
 3.25870E-08
 3.15342E-08
 3.05184E-08
 2.95392E-08
 2.85963E-08
 2.76891E-08
 2.68172E-08
 2.59800E-08
 2.51769E-08
 2.44073E-08
 2.36706E-08
 2.29662E-08
 2.22934E-08
 2.16516E-08
 2.10402E-08
 2.04586E-08
 1.99062E-08
 1.93823E-08
 1.88864E-08
 1.84179E-08
 1.79763E-08
 1.75611E-08
 1.71718E-08
 1.68079E-08
 1.64689E-08
 1.61544E-08
 1.58641E-08
 1.55976E-08
 1.53544E-08
 1.51344E-08
 1.49372E-08
 1.47626E-08
 1.46103E-08
 1.44802E-08
 1.43720E-08
 1.42856E-08
 1.42209E-08
 1.41778E-08
 1.41563E-08
 8.33347E-08
 8.32064E-08
 8.29508E-08
 8.25699E-08
 8.20667E-08
 8.14452E-08
 8.07100E-08
 7.98666E-08
 7.89212E-08
 7.78805E-08
 7.67515E-08
 7.55417E-08
 7.42588E-08
 7.29106E-08
 7.15050E-08
 7.00496E-08
 6.85521E-08
 6.70199E-08
 6.54601E-08
 6.38795E-08
 6.22846E-08
 6.06814E-08
 5.90756E-08
 5.74723E-08
 5.58764E-08
 5.42922E-08
 5.27237E-08
 5.11744E-08
 4.96474E-08
 4.81456E-08
 4.66713E-08
 4.52267E-08
 4.38135E-08
 4.24332E-08
 4.10871E-08
 3.97761E-08
 3.85010E-08
 3.72624E-08
 3.60606E-08
 3.48960E-08
 3.37685E-08
 3.26782E-08
 3.16249E-08
 3.06084E-08
 2.96284E-08
 2.86844E-08
 2.77761E-08
 2.69029E-08
 2.60644E-08
 2.52599E-08
 2.44888E-08
 2.37507E-08
 2.30448E-08
 2.23705E-08
 2.17272E-08
 2.11143E-08
 2.05313E-08
 1.99774E-08
 1.94521E-08
 1.89548E-08
 1.84850E-08
 1.80422E-08
 1.76258E-08
 1.72353E-08
 1.68702E-08
 1.65302E-08
 1.62148E-08
 1.59236E-08
 1.56562E-08
 1.54123E-08
 1.51916E-08
 1.49938E-08
 1.48186E-08
 1.46658E-08
 1.45352E-08
 1.44266E-08
 1.43400E-08
 1.42751E-08
 1.42318E-08
 1.42102E-08
 8.31372E-08
 8.30104E-08
 8.27578E-08
 8.23813E-08
 8.18839E-08
 8.12693E-08
 8.05423E-08
 7.97080E-08
 7.87725E-08
 7.77424E-08
 7.66245E-08
 7.54262E-08
 7.41550E-08
 7.28185E-08
 7.14245E-08
 6.99806E-08
 6.84943E-08
 6.69729E-08
 6.54234E-08
 6.38527E-08
 6.22670E-08
 6.06724E-08
 5.90746E-08
 5.74787E-08
 5.58896E-08
 5.43115E-08
 5.27485E-08
 5.12042E-08
 4.96816E-08
 4.81836E-08
 4.67127E-08
 4.52710E-08
 4.38602E-08
 4.24820E-08
 4.11375E-08
 3.98278E-08
 3.85537E-08
 3.73158E-08
 3.61146E-08
 3.49502E-08
 3.38228E-08
 3.27324E-08
 3.16789E-08
 3.06620E-08
 2.96815E-08
 2.87370E-08
 2.78280E-08
 2.69541E-08
 2.61148E-08
 2.53094E-08
 2.45376E-08
 2.37985E-08
 2.30917E-08
 2.24166E-08
 2.17724E-08
 2.11587E-08
 2.05747E-08
 2.00200E-08
 1.94939E-08
 1.89958E-08
 1.85252E-08
 1.80816E-08
 1.76645E-08
 1.72733E-08
 1.69076E-08
 1.65670E-08
 1.62510E-08
 1.59592E-08
 1.56914E-08
 1.54470E-08
 1.52259E-08
 1.50276E-08
 1.48521E-08
 1.46990E-08
 1.45682E-08
 1.44594E-08
 1.43726E-08
 1.43075E-08
 1.42642E-08
 1.42426E-08
 8.30665E-08
 8.29402E-08
 8.26886E-08
 8.23137E-08
 8.18182E-08
 8.12061E-08
 8.04818E-08
 7.96506E-08
 7.87185E-08
 7.76920E-08
 7.65780E-08
 7.53836E-08
 7.41164E-08
 7.27840E-08
 7.13940E-08
 6.99541E-08
 6.84716E-08
 6.69539E-08
 6.54081E-08
 6.38407E-08
 6.22583E-08
 6.06668E-08
 5.90718E-08
 5.74785E-08
 5.58917E-08
 5.43158E-08
 5.27548E-08
 5.12122E-08
 4.96912E-08
 4.81947E-08
 4.67250E-08
 4.52843E-08
 4.38744E-08
 4.24969E-08
 4.11531E-08
 3.98439E-08
 3.85703E-08
 3.73327E-08
 3.61317E-08
 3.49675E-08
 3.38401E-08
 3.27498E-08
 3.16962E-08
 3.06793E-08
 2.96986E-08
 2.87539E-08
 2.78448E-08
 2.69707E-08
 2.61311E-08
 2.53256E-08
 2.45534E-08
 2.38141E-08
 2.31071E-08
 2.24316E-08
 2.17872E-08
 2.11732E-08
 2.05890E-08
 2.00340E-08
 1.95076E-08
 1.90093E-08
 1.85385E-08
 1.80946E-08
 1.76773E-08
 1.72859E-08
 1.69200E-08
 1.65791E-08
 1.62630E-08
 1.59710E-08
 1.57030E-08
 1.54585E-08
 1.52372E-08
 1.50389E-08
 1.48632E-08
 1.47100E-08
 1.45791E-08
 1.44703E-08
 1.43834E-08
 1.43183E-08
 1.42750E-08
 1.42533E-08
 8.31222E-08
 8.29954E-08
 8.27429E-08
 8.23666E-08
 8.18693E-08
 8.12550E-08
 8.05282E-08
 7.96942E-08
 7.87591E-08
 7.77293E-08
 7.66118E-08
 7.54139E-08
 7.41431E-08
 7.28071E-08
 7.14135E-08
 6.99701E-08
 6.84842E-08
 6.69632E-08
 6.54142E-08
 6.38439E-08
 6.22587E-08
 6.06646E-08
 5.90672E-08
 5.74717E-08
 5.58830E-08
 5.43053E-08
 5.27427E-08
 5.11987E-08
 4.96765E-08
 4.81788E-08
 4.67082E-08
 4.52668E-08
 4.38563E-08
 4.24783E-08
 4.11341E-08
 3.98246E-08
 3.85507E-08
 3.73131E-08
 3.61120E-08
 3.49478E-08
 3.38206E-08
 3.27303E-08
 3.16770E-08
 3.06602E-08
 2.96798E-08
 2.87354E-08
 2.78265E-08
 2.69528E-08
 2.61135E-08
 2.53083E-08
 2.45365E-08
 2.37975E-08
 2.30908E-08
 2.24157E-08
 2.17716E-08
 2.11579E-08
 2.05741E-08
 2.00194E-08
 1.94933E-08
 1.89953E-08
 1.85247E-08
 1.80812E-08
 1.76641E-08
 1.72729E-08
 1.69073E-08
 1.65666E-08
 1.62507E-08
 1.59589E-08
 1.56911E-08
 1.54467E-08
 1.52256E-08
 1.50274E-08
 1.48519E-08
 1.46988E-08
 1.45680E-08
 1.44592E-08
 1.43724E-08
 1.43073E-08
 1.42640E-08
 1.42424E-08
 8.33047E-08
 8.31764E-08
 8.29210E-08
 8.25404E-08
 8.20376E-08
 8.14165E-08
 8.06818E-08
 7.98390E-08
 7.88943E-08
 7.78543E-08
 7.67260E-08
 7.55171E-08
 7.42350E-08
 7.28877E-08
 7.14830E-08
 7.00285E-08
 6.85319E-08
 6.70006E-08
 6.54418E-08
 6.38621E-08
 6.22681E-08
 6.06657E-08
 5.90608E-08
 5.74583E-08
 5.58632E-08
 5.42798E-08
 5.27120E-08
 5.11634E-08
 4.96371E-08
 4.81360E-08
 4.66623E-08
 4.52183E-08
 4.38056E-08
 4.24259E-08
 4.10802E-08
 3.97697E-08
 3.84950E-08
 3.72568E-08
 3.60555E-08
 3.48912E-08
 3.37640E-08
 3.26741E-08
 3.16211E-08
 3.06048E-08
 2.96251E-08
 2.86813E-08
 2.77732E-08
 2.69003E-08
 2.60619E-08
 2.52576E-08
 2.44867E-08
 2.37487E-08
 2.30429E-08
 2.23688E-08
 2.17257E-08
 2.11129E-08
 2.05299E-08
 1.99761E-08
 1.94509E-08
 1.89538E-08
 1.84840E-08
 1.80413E-08
 1.76249E-08
 1.72345E-08
 1.68695E-08
 1.65295E-08
 1.62141E-08
 1.59230E-08
 1.56556E-08
 1.54117E-08
 1.51911E-08
 1.49933E-08
 1.48181E-08
 1.46653E-08
 1.45347E-08
 1.44262E-08
 1.43395E-08
 1.42746E-08
 1.42314E-08
 1.42098E-08
 8.36154E-08
 8.34847E-08
 8.32243E-08
 8.28365E-08
 8.23242E-08
 8.16916E-08
 8.09436E-08
 8.00859E-08
 7.91249E-08
 7.80675E-08
 7.69211E-08
 7.56934E-08
 7.43923E-08
 7.30259E-08
 7.16022E-08
 7.01291E-08
 6.86144E-08
 6.70656E-08
 6.54901E-08
 6.38946E-08
 6.22858E-08
 6.06696E-08
 5.90518E-08
 5.74376E-08
 5.58317E-08
 5.42386E-08
 5.26622E-08
 5.11058E-08
 4.95727E-08
 4.80656E-08
 4.65868E-08
 4.51385E-08
 4.37222E-08
 4.23394E-08
 4.09913E-08
 3.96790E-08
 3.84029E-08
 3.71638E-08
 3.59619E-08
 3.47974E-08
 3.36704E-08
 3.25808E-08
 3.15284E-08
 3.05130E-08
 2.95342E-08
 2.85917E-08
 2.76848E-08
 2.68132E-08
 2.59763E-08
 2.51735E-08
 2.44041E-08
 2.36677E-08
 2.29635E-08
 2.22909E-08
 2.16493E-08
 2.10381E-08
 2.04566E-08
 1.99043E-08
 1.93806E-08
 1.88848E-08
 1.84164E-08
 1.79749E-08
 1.75598E-08
 1.71706E-08
 1.68067E-08
 1.64678E-08
 1.61534E-08
 1.58632E-08
 1.55967E-08
 1.53536E-08
 1.51336E-08
 1.49365E-08
 1.47619E-08
 1.46096E-08
 1.44795E-08
 1.43713E-08
 1.42850E-08
 1.42203E-08
 1.41772E-08
 1.41557E-08
 8.40569E-08
 8.39227E-08
 8.36553E-08
 8.32570E-08
 8.27312E-08
 8.20821E-08
 8.13151E-08
 8.04361E-08
 7.94519E-08
 7.83697E-08
 7.71975E-08
 7.59431E-08
 7.46150E-08
 7.32214E-08
 7.17708E-08
 7.02713E-08
 6.87309E-08
 6.71575E-08
 6.55584E-08
 6.39406E-08
 6.23108E-08
 6.06751E-08
 5.90393E-08
 5.74085E-08
 5.57876E-08
 5.41809E-08
 5.25922E-08
 5.10250E-08
 4.94824E-08
 4.79670E-08
 4.64810E-08
 4.50265E-08
 4.36051E-08
 4.22182E-08
 4.08668E-08
 3.95518E-08
 3.82739E-08
 3.70335E-08
 3.58309E-08
 3.46661E-08
 3.35393E-08
 3.24503E-08
 3.13988E-08
 3.03846E-08
 2.94072E-08
 2.84663E-08
 2.75612E-08
 2.66915E-08
 2.58566E-08
 2.50558E-08
 2.42886E-08
 2.35544E-08
 2.28523E-08
 2.21820E-08
 2.15426E-08
 2.09335E-08
 2.03542E-08
 1.98039E-08
 1.92822E-08
 1.87884E-08
 1.83219E-08
 1.78823E-08
 1.74689E-08
 1.70813E-08
 1.67190E-08
 1.63816E-08
 1.60686E-08
 1.57796E-08
 1.55143E-08
 1.52724E-08
 1.50534E-08
 1.48572E-08
 1.46834E-08
 1.45318E-08
 1.44023E-08
 1.42946E-08
 1.42087E-08
 1.41443E-08
 1.41014E-08
 1.40800E-08
 8.46327E-08
 8.44938E-08
 8.42171E-08
 8.38051E-08
 8.32614E-08
 8.25907E-08
 8.17986E-08
 8.08915E-08
 7.98768E-08
 7.87622E-08
 7.75560E-08
 7.62667E-08
 7.49031E-08
 7.34741E-08
 7.19883E-08
 7.04544E-08
 6.88806E-08
 6.72751E-08
 6.56454E-08
 6.39987E-08
 6.23417E-08
 6.06808E-08
 5.90217E-08
 5.73696E-08
 5.57293E-08
 5.41051E-08
 5.25007E-08
 5.09197E-08
 4.93649E-08
 4.78388E-08
 4.63438E-08
 4.48816E-08
 4.34537E-08
 4.20615E-08
 4.07059E-08
 3.93877E-08
 3.81074E-08
 3.68655E-08
 3.56620E-08
 3.44970E-08
 3.33705E-08
 3.22823E-08
 3.12320E-08
 3.02193E-08
 2.92438E-08
 2.83050E-08
 2.74022E-08
 2.65350E-08
 2.57027E-08
 2.49047E-08
 2.41402E-08
 2.34088E-08
 2.27096E-08
 2.20421E-08
 2.14055E-08
 2.07992E-08
 2.02226E-08
 1.96751E-08
 1.91560E-08
 1.86647E-08
 1.82006E-08
 1.77633E-08
 1.73522E-08
 1.69667E-08
 1.66065E-08
 1.62709E-08
 1.59597E-08
 1.56724E-08
 1.54087E-08
 1.51681E-08
 1.49505E-08
 1.47554E-08
 1.45827E-08
 1.44320E-08
 1.43033E-08
 1.41963E-08
 1.41108E-08
 1.40468E-08
 1.40042E-08
 1.39829E-08
 8.53476E-08
 8.52027E-08
 8.49143E-08
 8.44850E-08
 8.39188E-08
 8.32207E-08
 8.23970E-08
 8.14547E-08
 8.04017E-08
 7.92463E-08
 7.79976E-08
 7.66646E-08
 7.52568E-08
 7.37835E-08
 7.22540E-08
 7.06773E-08
 6.90621E-08
 6.74168E-08
 6.57493E-08
 6.40670E-08
 6.23767E-08
 6.06848E-08
 5.89971E-08
 5.73189E-08
 5.56549E-08
 5.40094E-08
 5.23860E-08
 5.07881E-08
 4.92186E-08
 4.76797E-08
 4.61737E-08
 4.47022E-08
 4.32667E-08
 4.18682E-08
 4.05076E-08
 3.91856E-08
 3.79027E-08
 3.66589E-08
 3.54545E-08
 3.42894E-08
 3.31634E-08
 3.20763E-08
 3.10276E-08
 3.00169E-08
 2.90438E-08
 2.81076E-08
 2.72077E-08
 2.63436E-08
 2.55145E-08
 2.47199E-08
 2.39589E-08
 2.32309E-08
 2.25353E-08
 2.18712E-08
 2.12381E-08
 2.06353E-08
 2.00621E-08
 1.95178E-08
 1.90019E-08
 1.85137E-08
 1.80526E-08
 1.76182E-08
 1.72098E-08
 1.68269E-08
 1.64692E-08
 1.61360E-08
 1.58269E-08
 1.55417E-08
 1.52798E-08
 1.50410E-08
 1.48250E-08
 1.46313E-08
 1.44598E-08
 1.43103E-08
 1.41825E-08
 1.40763E-08
 1.39915E-08
 1.39280E-08
 1.38857E-08
 1.38646E-08
 8.62074E-08
 8.60552E-08
 8.57523E-08
 8.53018E-08
 8.47080E-08
 8.39765E-08
 8.31141E-08
 8.21287E-08
 8.10289E-08
 7.98239E-08
 7.85234E-08
 7.71374E-08
 7.56760E-08
 7.41492E-08
 7.25669E-08
 7.09387E-08
 6.92738E-08
 6.75809E-08
 6.58682E-08
 6.41433E-08
 6.24133E-08
 6.06846E-08
 5.89631E-08
 5.72541E-08
 5.55622E-08
 5.38916E-08
 5.22459E-08
 5.06283E-08
 4.90415E-08
 4.74878E-08
 4.59691E-08
 4.44869E-08
 4.30426E-08
 4.16369E-08
 4.02708E-08
 3.89446E-08
 3.76587E-08
 3.64131E-08
 3.52078E-08
 3.40428E-08
 3.29176E-08
 3.18318E-08
 3.07852E-08
 2.97770E-08
 2.88068E-08
 2.78738E-08
 2.69775E-08
 2.61172E-08
 2.52920E-08
 2.45014E-08
 2.37446E-08
 2.30208E-08
 2.23293E-08
 2.16695E-08
 2.10405E-08
 2.04418E-08
 1.98725E-08
 1.93322E-08
 1.88201E-08
 1.83356E-08
 1.78781E-08
 1.74470E-08
 1.70419E-08
 1.66621E-08
 1.63073E-08
 1.59768E-08
 1.56704E-08
 1.53876E-08
 1.51280E-08
 1.48912E-08
 1.46770E-08
 1.44850E-08
 1.43151E-08
 1.41669E-08
 1.40402E-08
 1.39349E-08
 1.38509E-08
 1.37879E-08
 1.37460E-08
 1.37251E-08
 8.72194E-08
 8.70584E-08
 8.67382E-08
 8.62620E-08
 8.56349E-08
 8.48631E-08
 8.39543E-08
 8.29172E-08
 8.17614E-08
 8.04970E-08
 7.91348E-08
 7.76856E-08
 7.61606E-08
 7.45704E-08
 7.29258E-08
 7.12369E-08
 6.95135E-08
 6.77648E-08
 6.59992E-08
 6.42247E-08
 6.24486E-08
 6.06772E-08
 5.89167E-08
 5.71721E-08
 5.54481E-08
 5.37488E-08
 5.20777E-08
 5.04378E-08
 4.88315E-08
 4.72610E-08
 4.57280E-08
 4.42339E-08
 4.27797E-08
 4.13663E-08
 3.99940E-08
 3.86633E-08
 3.73743E-08
 3.61269E-08
 3.49210E-08
 3.37562E-08
 3.26322E-08
 3.15484E-08
 3.05042E-08
 2.94992E-08
 2.85325E-08
 2.76035E-08
 2.67114E-08
 2.58555E-08
 2.50350E-08
 2.42492E-08
 2.34972E-08
 2.27783E-08
 2.20918E-08
 2.14368E-08
 2.08127E-08
 2.02187E-08
 1.96542E-08
 1.91184E-08
 1.86107E-08
 1.81304E-08
 1.76770E-08
 1.72499E-08
 1.68486E-08
 1.64724E-08
 1.61209E-08
 1.57937E-08
 1.54903E-08
 1.52102E-08
 1.49532E-08
 1.47188E-08
 1.45068E-08
 1.43168E-08
 1.41486E-08
 1.40019E-08
 1.38765E-08
 1.37723E-08
 1.36891E-08
 1.36269E-08
 1.35854E-08
 1.35647E-08
 8.83924E-08
 8.82209E-08
 8.78799E-08
 8.73732E-08
 8.67065E-08
 8.58868E-08
 8.49229E-08
 8.38245E-08
 8.26024E-08
 8.12680E-08
 7.98331E-08
 7.83099E-08
 7.67103E-08
 7.50461E-08
 7.33290E-08
 7.15697E-08
 6.97786E-08
 6.79655E-08
 6.61392E-08
 6.43079E-08
 6.24790E-08
 6.06592E-08
 5.88543E-08
 5.70695E-08
 5.53095E-08
 5.35780E-08
 5.18784E-08
 5.02135E-08
 4.85856E-08
 4.69967E-08
 4.54481E-08
 4.39410E-08
 4.24762E-08
 4.10544E-08
 3.96757E-08
 3.83404E-08
 3.70484E-08
 3.57994E-08
 3.45930E-08
 3.34290E-08
 3.23066E-08
 3.12252E-08
 3.01843E-08
 2.91830E-08
 2.82205E-08
 2.72962E-08
 2.64091E-08
 2.55584E-08
 2.47433E-08
 2.39631E-08
 2.32167E-08
 2.25035E-08
 2.18226E-08
 2.11733E-08
 2.05547E-08
 1.99662E-08
 1.94070E-08
 1.88764E-08
 1.83738E-08
 1.78984E-08
 1.74497E-08
 1.70271E-08
 1.66301E-08
 1.62580E-08
 1.59104E-08
 1.55868E-08
 1.52868E-08
 1.50099E-08
 1.47558E-08
 1.45241E-08
 1.43145E-08
 1.41268E-08
 1.39605E-08
 1.38155E-08
 1.36917E-08
 1.35887E-08
 1.35065E-08
 1.34450E-08
 1.34040E-08
 1.33835E-08
 8.97369E-08
 8.95530E-08
 8.91874E-08
 8.86446E-08
 8.79310E-08
 8.70548E-08
 8.60260E-08
 8.48555E-08
 8.35558E-08
 8.21394E-08
 8.06199E-08
 7.90105E-08
 7.73245E-08
 7.55750E-08
 7.37743E-08
 7.19342E-08
 7.00659E-08
 6.81794E-08
 6.62842E-08
 6.43887E-08
 6.25004E-08
 6.06262E-08
 5.87717E-08
 5.69423E-08
 5.51422E-08
 5.33752E-08
 5.16444E-08
 4.99523E-08
 4.83009E-08
 4.66920E-08
 4.51266E-08
 4.36057E-08
 4.21298E-08
 4.06993E-08
 3.93141E-08
 3.79742E-08
 3.66794E-08
 3.54291E-08
 3.42229E-08
 3.30600E-08
 3.19399E-08
 3.08617E-08
 2.98247E-08
 2.88279E-08
 2.78705E-08
 2.69516E-08
 2.60703E-08
 2.52257E-08
 2.44169E-08
 2.36430E-08
 2.29031E-08
 2.21964E-08
 2.15220E-08
 2.08790E-08
 2.02668E-08
 1.96844E-08
 1.91313E-08
 1.86066E-08
 1.81096E-08
 1.76398E-08
 1.71964E-08
 1.67788E-08
 1.63866E-08
 1.60191E-08
 1.56758E-08
 1.53563E-08
 1.50601E-08
 1.47868E-08
 1.45360E-08
 1.43073E-08
 1.41005E-08
 1.39152E-08
 1.37512E-08
 1.36081E-08
 1.34859E-08
 1.33843E-08
 1.33033E-08
 1.32425E-08
 1.32021E-08
 1.31819E-08
 9.12653E-08
 9.10668E-08
 9.06722E-08
 9.00869E-08
 8.93181E-08
 8.83756E-08
 8.72706E-08
 8.60160E-08
 8.46257E-08
 8.31142E-08
 8.14965E-08
 7.97877E-08
 7.80024E-08
 7.61550E-08
 7.42590E-08
 7.23271E-08
 7.03712E-08
 6.84021E-08
 6.64296E-08
 6.44622E-08
 6.25079E-08
 6.05733E-08
 5.86643E-08
 5.67858E-08
 5.49419E-08
 5.31363E-08
 5.13717E-08
 4.96503E-08
 4.79739E-08
 4.63437E-08
 4.47607E-08
 4.32254E-08
 4.17381E-08
 4.02988E-08
 3.89072E-08
 3.75631E-08
 3.62658E-08
 3.50148E-08
 3.38093E-08
 3.26484E-08
 3.15313E-08
 3.04571E-08
 2.94248E-08
 2.84335E-08
 2.74820E-08
 2.65695E-08
 2.56949E-08
 2.48573E-08
 2.40556E-08
 2.32890E-08
 2.25564E-08
 2.18570E-08
 2.11898E-08
 2.05541E-08
 1.99489E-08
 1.93735E-08
 1.88271E-08
 1.83090E-08
 1.78184E-08
 1.73546E-08
 1.69171E-08
 1.65052E-08
 1.61183E-08
 1.57559E-08
 1.54175E-08
 1.51025E-08
 1.48106E-08
 1.45412E-08
 1.42940E-08
 1.40687E-08
 1.38650E-08
 1.36824E-08
 1.35208E-08
 1.33799E-08
 1.32595E-08
 1.31595E-08
 1.30796E-08
 1.30198E-08
 1.29800E-08
 1.29601E-08
 9.29924E-08
 9.27766E-08
 9.23479E-08
 9.17125E-08
 9.08791E-08
 8.98588E-08
 8.86649E-08
 8.73123E-08
 8.58168E-08
 8.41952E-08
 8.24644E-08
 8.06414E-08
 7.87425E-08
 7.67836E-08
 7.47795E-08
 7.27441E-08
 7.06899E-08
 6.86283E-08
 6.65697E-08
 6.45228E-08
 6.24957E-08
 6.04950E-08
 5.85263E-08
 5.65945E-08
 5.47035E-08
 5.28564E-08
 5.10557E-08
 4.93033E-08
 4.76005E-08
 4.59483E-08
 4.43471E-08
 4.27972E-08
 4.12984E-08
 3.98505E-08
 3.84530E-08
 3.71051E-08
 3.58060E-08
 3.45550E-08
 3.33510E-08
 3.21930E-08
 3.10799E-08
 3.00106E-08
 2.89841E-08
 2.79991E-08
 2.70546E-08
 2.61495E-08
 2.52826E-08
 2.44529E-08
 2.36593E-08
 2.29008E-08
 2.21765E-08
 2.14853E-08
 2.08263E-08
 2.01985E-08
 1.96013E-08
 1.90336E-08
 1.84947E-08
 1.79838E-08
 1.75003E-08
 1.70433E-08
 1.66123E-08
 1.62066E-08
 1.58256E-08
 1.54688E-08
 1.51357E-08
 1.48257E-08
 1.45384E-08
 1.42734E-08
 1.40303E-08
 1.38086E-08
 1.36082E-08
 1.34286E-08
 1.32697E-08
 1.31312E-08
 1.30128E-08
 1.29144E-08
 1.28359E-08
 1.27771E-08
 1.27380E-08
 1.27184E-08
 9.49354E-08
 9.46992E-08
 9.42304E-08
 9.35362E-08
 9.26269E-08
 9.15157E-08
 9.02181E-08
 8.87514E-08
 8.71341E-08
 8.53853E-08
 8.35246E-08
 8.15709E-08
 7.95427E-08
 7.74575E-08
 7.53315E-08
 7.31798E-08
 7.10159E-08
 6.88517E-08
 6.66980E-08
 6.45638E-08
 6.24571E-08
 6.03845E-08
 5.83515E-08
 5.63625E-08
 5.44212E-08
 5.25302E-08
 5.06915E-08
 4.89068E-08
 4.71767E-08
 4.55019E-08
 4.38823E-08
 4.23178E-08
 4.08079E-08
 3.93520E-08
 3.79490E-08
 3.65982E-08
 3.52983E-08
 3.40482E-08
 3.28468E-08
 3.16927E-08
 3.05847E-08
 2.95215E-08
 2.85018E-08
 2.75243E-08
 2.65878E-08
 2.56912E-08
 2.48330E-08
 2.40123E-08
 2.32279E-08
 2.24786E-08
 2.17635E-08
 2.10814E-08
 2.04314E-08
 1.98126E-08
 1.92240E-08
 1.86649E-08
 1.81342E-08
 1.76314E-08
 1.71555E-08
 1.67060E-08
 1.62821E-08
 1.58833E-08
 1.55088E-08
 1.51581E-08
 1.48308E-08
 1.45262E-08
 1.42440E-08
 1.39837E-08
 1.37449E-08
 1.35273E-08
 1.33305E-08
 1.31543E-08
 1.29983E-08
 1.28623E-08
 1.27461E-08
 1.26495E-08
 1.25725E-08
 1.25148E-08
 1.24764E-08
 1.24572E-08
 9.71147E-08
 9.68545E-08
 9.63384E-08
 9.55750E-08
 9.45767E-08
 9.33591E-08
 9.19405E-08
 9.03412E-08
 8.85828E-08
 8.66876E-08
 8.46777E-08
 8.25749E-08
 8.03999E-08
 7.81721E-08
 7.59093E-08
 7.36278E-08
 7.13421E-08
 6.90647E-08
 6.68067E-08
 6.45773E-08
 6.23845E-08
 6.02345E-08
 5.81327E-08
 5.60830E-08
 5.40885E-08
 5.21515E-08
 5.02736E-08
 4.84555E-08
 4.66977E-08
 4.50002E-08
 4.33624E-08
 4.17839E-08
 4.02635E-08
 3.88003E-08
 3.73930E-08
 3.60403E-08
 3.47407E-08
 3.34929E-08
 3.22952E-08
 3.11463E-08
 3.00447E-08
 2.89888E-08
 2.79772E-08
 2.70085E-08
 2.60813E-08
 2.51943E-08
 2.43461E-08
 2.35355E-08
 2.27613E-08
 2.20223E-08
 2.13174E-08
 2.06454E-08
 2.00054E-08
 1.93964E-08
 1.88174E-08
 1.82676E-08
 1.77460E-08
 1.72519E-08
 1.67845E-08
 1.63431E-08
 1.59270E-08
 1.55355E-08
 1.51681E-08
 1.48241E-08
 1.45030E-08
 1.42044E-08
 1.39277E-08
 1.36725E-08
 1.34385E-08
 1.32252E-08
 1.30324E-08
 1.28596E-08
 1.27068E-08
 1.25736E-08
 1.24597E-08
 1.23652E-08
 1.22897E-08
 1.22332E-08
 1.21955E-08
 1.21767E-08
 9.95542E-08
 9.92656E-08
 9.86937E-08
 9.78488E-08
 9.67458E-08
 9.54035E-08
 9.38435E-08
 9.20901E-08
 9.01685E-08
 8.81045E-08
 8.59239E-08
 8.36512E-08
 8.13100E-08
 7.89216E-08
 7.65059E-08
 7.40802E-08
 7.16600E-08
 6.92584E-08
 6.68868E-08
 6.45544E-08
 6.22690E-08
 6.00365E-08
 5.78617E-08
 5.57482E-08
 5.36984E-08
 5.17139E-08
 4.97957E-08
 4.79439E-08
 4.61585E-08
 4.44386E-08
 4.27834E-08
 4.11917E-08
 3.96620E-08
 3.81928E-08
 3.67825E-08
 3.54293E-08
 3.41315E-08
 3.28873E-08
 3.16949E-08
 3.05527E-08
 2.94589E-08
 2.84118E-08
 2.74097E-08
 2.64512E-08
 2.55346E-08
 2.46586E-08
 2.38216E-08
 2.30224E-08
 2.22596E-08
 2.15319E-08
 2.08383E-08
 2.01775E-08
 1.95485E-08
 1.89502E-08
 1.83817E-08
 1.78420E-08
 1.73303E-08
 1.68458E-08
 1.63876E-08
 1.59549E-08
 1.55472E-08
 1.51638E-08
 1.48039E-08
 1.44671E-08
 1.41529E-08
 1.38606E-08
 1.35898E-08
 1.33402E-08
 1.31113E-08
 1.29027E-08
 1.27141E-08
 1.25452E-08
 1.23957E-08
 1.22654E-08
 1.21542E-08
 1.20617E-08
 1.19879E-08
 1.19327E-08
 1.18959E-08
 1.18775E-08
 1.02282E-07
 1.01960E-07
 1.01322E-07
 1.00381E-07
 9.91544E-08
 9.76654E-08
 9.59402E-08
 9.40072E-08
 9.18965E-08
 8.96382E-08
 8.72621E-08
 8.47963E-08
 8.22671E-08
 7.96986E-08
 7.71124E-08
 7.45271E-08
 7.19592E-08
 6.94222E-08
 6.69276E-08
 6.44846E-08
 6.21005E-08
 5.97808E-08
 5.75296E-08
 5.53497E-08
 5.32429E-08
 5.12101E-08
 4.92513E-08
 4.73662E-08
 4.55536E-08
 4.38124E-08
 4.21410E-08
 4.05375E-08
 3.90000E-08
 3.75265E-08
 3.61149E-08
 3.47629E-08
 3.34686E-08
 3.22299E-08
 3.10446E-08
 2.99107E-08
 2.88264E-08
 2.77897E-08
 2.67988E-08
 2.58519E-08
 2.49475E-08
 2.40838E-08
 2.32594E-08
 2.24728E-08
 2.17226E-08
 2.10076E-08
 2.03263E-08
 1.96778E-08
 1.90608E-08
 1.84742E-08
 1.79171E-08
 1.73885E-08
 1.68875E-08
 1.64133E-08
 1.59650E-08
 1.55419E-08
 1.51432E-08
 1.47684E-08
 1.44167E-08
 1.40877E-08
 1.37807E-08
 1.34953E-08
 1.32309E-08
 1.29872E-08
 1.27637E-08
 1.25601E-08
 1.23761E-08
 1.22112E-08
 1.20654E-08
 1.19383E-08
 1.18298E-08
 1.17396E-08
 1.16676E-08
 1.16137E-08
 1.15778E-08
 1.15599E-08
 1.05333E-07
 1.04971E-07
 1.04254E-07
 1.03198E-07
 1.01826E-07
 1.00164E-07
 9.82445E-08
 9.61021E-08
 9.37721E-08
 9.12899E-08
 8.86900E-08
 8.60046E-08
 8.32636E-08
 8.04935E-08
 7.77179E-08
 7.49568E-08
 7.22274E-08
 6.95437E-08
 6.69169E-08
 6.43560E-08
 6.18676E-08
 5.94565E-08
 5.71261E-08
 5.48782E-08
 5.27136E-08
 5.06322E-08
 4.86334E-08
 4.67157E-08
 4.48775E-08
 4.31165E-08
 4.14306E-08
 3.98173E-08
 3.82741E-08
 3.67983E-08
 3.53875E-08
 3.40390E-08
 3.27503E-08
 3.15190E-08
 3.03427E-08
 2.92192E-08
 2.81463E-08
 2.71218E-08
 2.61438E-08
 2.52103E-08
 2.43195E-08
 2.34698E-08
 2.26594E-08
 2.18868E-08
 2.11506E-08
 2.04493E-08
 1.97817E-08
 1.91466E-08
 1.85426E-08
 1.79688E-08
 1.74240E-08
 1.69074E-08
 1.64180E-08
 1.59548E-08
 1.55172E-08
 1.51043E-08
 1.47154E-08
 1.43498E-08
 1.40070E-08
 1.36862E-08
 1.33870E-08
 1.31089E-08
 1.28513E-08
 1.26139E-08
 1.23963E-08
 1.21980E-08
 1.20188E-08
 1.18584E-08
 1.17164E-08
 1.15927E-08
 1.14870E-08
 1.13993E-08
 1.13292E-08
 1.12768E-08
 1.12418E-08
 1.12244E-08
 1.08746E-07
 1.08335E-07
 1.07524E-07
 1.06332E-07
 1.04786E-07
 1.02920E-07
 1.00772E-07
 9.83847E-08
 9.57998E-08
 9.30594E-08
 9.02033E-08
 8.72688E-08
 8.42891E-08
 8.12940E-08
 7.83088E-08
 7.53549E-08
 7.24500E-08
 6.96082E-08
 6.68404E-08
 6.41549E-08
 6.15574E-08
 5.90518E-08
 5.66401E-08
 5.43233E-08
 5.21010E-08
 4.99719E-08
 4.79344E-08
 4.59859E-08
 4.41240E-08
 4.23456E-08
 4.06477E-08
 3.90271E-08
 3.74807E-08
 3.60053E-08
 3.45978E-08
 3.32551E-08
 3.19745E-08
 3.07531E-08
 2.95882E-08
 2.84772E-08
 2.74177E-08
 2.64075E-08
 2.54442E-08
 2.45259E-08
 2.36506E-08
 2.28164E-08
 2.20215E-08
 2.12645E-08
 2.05436E-08
 1.98575E-08
 1.92048E-08
 1.85841E-08
 1.79943E-08
 1.74343E-08
 1.69029E-08
 1.63991E-08
 1.59221E-08
 1.54709E-08
 1.50447E-08
 1.46427E-08
 1.42642E-08
 1.39086E-08
 1.35751E-08
 1.32631E-08
 1.29723E-08
 1.27019E-08
 1.24516E-08
 1.22209E-08
 1.20095E-08
 1.18169E-08
 1.16428E-08
 1.14870E-08
 1.13491E-08
 1.12290E-08
 1.11264E-08
 1.10412E-08
 1.09732E-08
 1.09223E-08
 1.08884E-08
 1.08714E-08
 1.12569E-07
 1.12101E-07
 1.11176E-07
 1.09820E-07
 1.08066E-07
 1.05957E-07
 1.03540E-07
 1.00865E-07
 9.79832E-08
 9.49445E-08
 9.17953E-08
 8.85780E-08
 8.53303E-08
 8.20846E-08
 7.88684E-08
 7.57041E-08
 7.26096E-08
 6.95987E-08
 6.66817E-08
 6.38657E-08
 6.11553E-08
 5.85530E-08
 5.60594E-08
 5.36740E-08
 5.13951E-08
 4.92201E-08
 4.71462E-08
 4.51697E-08
 4.32870E-08
 4.14942E-08
 3.97875E-08
 3.81628E-08
 3.66163E-08
 3.51443E-08
 3.37431E-08
 3.24094E-08
 3.11396E-08
 2.99307E-08
 2.87797E-08
 2.76837E-08
 2.66400E-08
 2.56462E-08
 2.46998E-08
 2.37986E-08
 2.29405E-08
 2.21236E-08
 2.13460E-08
 2.06060E-08
 1.99019E-08
 1.92323E-08
 1.85957E-08
 1.79908E-08
 1.74163E-08
 1.68711E-08
 1.63540E-08
 1.58641E-08
 1.54004E-08
 1.49620E-08
 1.45480E-08
 1.41577E-08
 1.37903E-08
 1.34451E-08
 1.31216E-08
 1.28191E-08
 1.25370E-08
 1.22749E-08
 1.20323E-08
 1.18087E-08
 1.16038E-08
 1.14172E-08
 1.12486E-08
 1.10976E-08
 1.09641E-08
 1.08478E-08
 1.07484E-08
 1.06659E-08
 1.06001E-08
 1.05508E-08
 1.05180E-08
 1.05016E-08
 1.16861E-07
 1.16322E-07
 1.15260E-07
 1.13706E-07
 1.11702E-07
 1.09302E-07
 1.06565E-07
 1.03552E-07
 1.00324E-07
 9.69402E-08
 9.34554E-08
 8.99177E-08
 8.63693E-08
 8.28458E-08
 7.93761E-08
 7.59835E-08
 7.26856E-08
 6.94954E-08
 6.64220E-08
 6.34710E-08
 6.06453E-08
 5.79454E-08
 5.53705E-08
 5.29182E-08
 5.05852E-08
 4.83674E-08
 4.62605E-08
 4.42597E-08
 4.23601E-08
 4.05569E-08
 3.88451E-08
 3.72202E-08
 3.56774E-08
 3.42125E-08
 3.28212E-08
 3.14996E-08
 3.02438E-08
 2.90505E-08
 2.79162E-08
 2.68378E-08
 2.58125E-08
 2.48374E-08
 2.39101E-08
 2.30281E-08
 2.21893E-08
 2.13915E-08
 2.06328E-08
 1.99115E-08
 1.92257E-08
 1.85740E-08
 1.79549E-08
 1.73670E-08
 1.68090E-08
 1.62797E-08
 1.57781E-08
 1.53030E-08
 1.48535E-08
 1.44286E-08
 1.40277E-08
 1.36497E-08
 1.32941E-08
 1.29601E-08
 1.26471E-08
 1.23545E-08
 1.20818E-08
 1.18284E-08
 1.15939E-08
 1.13778E-08
 1.11798E-08
 1.09996E-08
 1.08367E-08
 1.06909E-08
 1.05619E-08
 1.04496E-08
 1.03537E-08
 1.02740E-08
 1.02104E-08
 1.01628E-08
 1.01311E-08
 1.01153E-08
 1.21692E-07
 1.21067E-07
 1.19836E-07
 1.18041E-07
 1.15735E-07
 1.12985E-07
 1.09866E-07
 1.06453E-07
 1.02820E-07
 9.90373E-08
 9.51683E-08
 9.12682E-08
 8.73837E-08
 8.35531E-08
 7.98069E-08
 7.61682E-08
 7.26538E-08
 6.92754E-08
 6.60400E-08
 6.29511E-08
 6.00093E-08
 5.72130E-08
 5.45591E-08
 5.20432E-08
 4.96600E-08
 4.74039E-08
 4.52687E-08
 4.32484E-08
 4.13369E-08
 3.95280E-08
 3.78161E-08
 3.61954E-08
 3.46608E-08
 3.32071E-08
 3.18296E-08
 3.05238E-08
 2.92857E-08
 2.81112E-08
 2.69967E-08
 2.59389E-08
 2.49346E-08
 2.39809E-08
 2.30751E-08
 2.22145E-08
 2.13970E-08
 2.06203E-08
 1.98824E-08
 1.91814E-08
 1.85155E-08
 1.78832E-08
 1.72830E-08
 1.67133E-08
 1.61730E-08
 1.56608E-08
 1.51756E-08
 1.47162E-08
 1.42818E-08
 1.38715E-08
 1.34843E-08
 1.31194E-08
 1.27763E-08
 1.24541E-08
 1.21522E-08
 1.18701E-08
 1.16072E-08
 1.13630E-08
 1.11370E-08
 1.09289E-08
 1.07382E-08
 1.05645E-08
 1.04077E-08
 1.02673E-08
 1.01431E-08
 1.00350E-08
 9.94263E-09
 9.86592E-09
 9.80472E-09
 9.75892E-09
 9.72842E-09
 9.71319E-09
 1.27149E-07
 1.26416E-07
 1.24978E-07
 1.22886E-07
 1.20211E-07
 1.17039E-07
 1.13461E-07
 1.09574E-07
 1.05466E-07
 1.01221E-07
 9.69125E-08
 9.26031E-08
 8.83441E-08
 8.41762E-08
 8.01302E-08
 7.62285E-08
 7.24862E-08
 6.89124E-08
 6.55115E-08
 6.22840E-08
 5.92277E-08
 5.63383E-08
 5.36098E-08
 5.10354E-08
 4.86079E-08
 4.63194E-08
 4.41621E-08
 4.21285E-08
 4.02109E-08
 3.84023E-08
 3.66957E-08
 3.50847E-08
 3.35632E-08
 3.21255E-08
 3.07663E-08
 2.94806E-08
 2.82639E-08
 2.71119E-08
 2.60206E-08
 2.49865E-08
 2.40062E-08
 2.30766E-08
 2.21947E-08
 2.13580E-08
 2.05640E-08
 1.98103E-08
 1.90950E-08
 1.84161E-08
 1.77718E-08
 1.71604E-08
 1.65804E-08
 1.60304E-08
 1.55089E-08
 1.50149E-08
 1.45471E-08
 1.41045E-08
 1.36862E-08
 1.32911E-08
 1.29185E-08
 1.25675E-08
 1.22375E-08
 1.19277E-08
 1.16376E-08
 1.13665E-08
 1.11139E-08
 1.08793E-08
 1.06623E-08
 1.04625E-08
 1.02794E-08
 1.01127E-08
 9.96220E-09
 9.82748E-09
 9.70834E-09
 9.60457E-09
 9.51597E-09
 9.44238E-09
 9.38366E-09
 9.33972E-09
 9.31047E-09
 9.29586E-09
 1.33338E-07
 1.32472E-07
 1.30774E-07
 1.28314E-07
 1.25184E-07
 1.21497E-07
 1.17368E-07
 1.12915E-07
 1.08249E-07
 1.03468E-07
 9.86576E-08
 9.38877E-08
 8.92136E-08
 8.46773E-08
 8.03092E-08
 7.61294E-08
 7.21500E-08
 6.83766E-08
 6.48096E-08
 6.14458E-08
 5.82794E-08
 5.53025E-08
 5.25063E-08
 4.98810E-08
 4.74167E-08
 4.51036E-08
 4.29320E-08
 4.08925E-08
 3.89761E-08
 3.71745E-08
 3.54797E-08
 3.38845E-08
 3.23818E-08
 3.09654E-08
 2.96294E-08
 2.83684E-08
 2.71774E-08
 2.60518E-08
 2.49874E-08
 2.39804E-08
 2.30272E-08
 2.21244E-08
 2.12692E-08
 2.04588E-08
 1.96905E-08
 1.89620E-08
 1.82713E-08
 1.76163E-08
 1.69952E-08
 1.64062E-08
 1.58479E-08
 1.53187E-08
 1.48174E-08
 1.43427E-08
 1.38935E-08
 1.34686E-08
 1.30672E-08
 1.26883E-08
 1.23310E-08
 1.19947E-08
 1.16785E-08
 1.13818E-08
 1.11039E-08
 1.08444E-08
 1.06026E-08
 1.03782E-08
 1.01705E-08
 9.97935E-09
 9.80424E-09
 9.64485E-09
 9.50089E-09
 9.37209E-09
 9.25819E-09
 9.15899E-09
 9.07429E-09
 9.00395E-09
 8.94784E-09
 8.90584E-09
 8.87789E-09
 8.86392E-09
 1.40395E-07
 1.39358E-07
 1.37332E-07
 1.34411E-07
 1.30717E-07
 1.26396E-07
 1.21597E-07
 1.16469E-07
 1.11146E-07
 1.05745E-07
 1.00362E-07
 9.50765E-08
 8.99452E-08
 8.50104E-08
 8.03000E-08
 7.58300E-08
 7.16080E-08
 6.76343E-08
 6.39045E-08
 6.04104E-08
 5.71416E-08
 5.40862E-08
 5.12318E-08
 4.85654E-08
 4.60744E-08
 4.37464E-08
 4.15698E-08
 3.95333E-08
 3.76265E-08
 3.58399E-08
 3.41643E-08
 3.25916E-08
 3.11141E-08
 2.97249E-08
 2.84175E-08
 2.71862E-08
 2.60254E-08
 2.49305E-08
 2.38969E-08
 2.29205E-08
 2.19976E-08
 2.11248E-08
 2.02990E-08
 1.95173E-08
 1.87771E-08
 1.80761E-08
 1.74119E-08
 1.67826E-08
 1.61863E-08
 1.56214E-08
 1.50862E-08
 1.45793E-08
 1.40994E-08
 1.36451E-08
 1.32155E-08
 1.28093E-08
 1.24258E-08
 1.20638E-08
 1.17227E-08
 1.14017E-08
 1.11000E-08
 1.08169E-08
 1.05519E-08
 1.03045E-08
 1.00740E-08
 9.86012E-09
 9.66228E-09
 9.48014E-09
 9.31334E-09
 9.16153E-09
 9.02444E-09
 8.90179E-09
 8.79334E-09
 8.69889E-09
 8.61827E-09
 8.55131E-09
 8.49789E-09
 8.45792E-09
 8.43131E-09
 8.41802E-09
 1.48488E-07
 1.47232E-07
 1.44787E-07
 1.41279E-07
 1.36877E-07
 1.31771E-07
 1.26157E-07
 1.20219E-07
 1.14122E-07
 1.08003E-07
 1.01971E-07
 9.61106E-08
 9.04803E-08
 8.51193E-08
 8.00502E-08
 7.52828E-08
 7.08176E-08
 6.66483E-08
 6.27636E-08
 5.91496E-08
 5.57903E-08
 5.26691E-08
 4.97693E-08
 4.70745E-08
 4.45691E-08
 4.22380E-08
 4.00674E-08
 3.80443E-08
 3.61569E-08
 3.43942E-08
 3.27461E-08
 3.12036E-08
 2.97583E-08
 2.84026E-08
 2.71297E-08
 2.59333E-08
 2.48078E-08
 2.37479E-08
 2.27491E-08
 2.18071E-08
 2.09180E-08
 2.00782E-08
 1.92847E-08
 1.85344E-08
 1.78247E-08
 1.71532E-08
 1.65176E-08
 1.59159E-08
 1.53462E-08
 1.48069E-08
 1.42962E-08
 1.38129E-08
 1.33556E-08
 1.29229E-08
 1.25139E-08
 1.21275E-08
 1.17627E-08
 1.14186E-08
 1.10944E-08
 1.07893E-08
 1.05028E-08
 1.02340E-08
 9.98247E-09
 9.74761E-09
 9.52894E-09
 9.32599E-09
 9.13834E-09
 8.96561E-09
 8.80743E-09
 8.66351E-09
 8.53354E-09
 8.41728E-09
 8.31450E-09
 8.22499E-09
 8.14858E-09
 8.08513E-09
 8.03451E-09
 7.99664E-09
 7.97142E-09
 7.95883E-09
 1.57838E-07
 1.56295E-07
 1.53305E-07
 1.49043E-07
 1.43741E-07
 1.37656E-07
 1.31041E-07
 1.24129E-07
 1.17120E-07
 1.10172E-07
 1.03409E-07
 9.69146E-08
 9.07463E-08
 8.49364E-08
 7.94986E-08
 7.44334E-08
 6.97315E-08
 6.53776E-08
 6.13523E-08
 5.76341E-08
 5.42009E-08
 5.10306E-08
 4.81018E-08
 4.53944E-08
 4.28893E-08
 4.05690E-08
 3.84174E-08
 3.64198E-08
 3.45626E-08
 3.28338E-08
 3.12224E-08
 2.97183E-08
 2.83127E-08
 2.69975E-08
 2.57653E-08
 2.46096E-08
 2.35244E-08
 2.25043E-08
 2.15446E-08
 2.06408E-08
 1.97889E-08
 1.89855E-08
 1.82271E-08
 1.75109E-08
 1.68341E-08
 1.61944E-08
 1.55894E-08
 1.50171E-08
 1.44758E-08
 1.39636E-08
 1.34790E-08
 1.30206E-08
 1.25870E-08
 1.21771E-08
 1.17898E-08
 1.14240E-08
 1.10788E-08
 1.07534E-08
 1.04469E-08
 1.01585E-08
 9.88775E-09
 9.63386E-09
 9.39630E-09
 9.17455E-09
 8.96813E-09
 8.77657E-09
 8.59949E-09
 8.43651E-09
 8.28729E-09
 8.15153E-09
 8.02895E-09
 7.91930E-09
 7.82238E-09
 7.73798E-09
 7.66594E-09
 7.60611E-09
 7.55840E-09
 7.52269E-09
 7.49892E-09
 7.48705E-09
 1.68732E-07
 1.66806E-07
 1.63093E-07
 1.57847E-07
 1.51390E-07
 1.44070E-07
 1.36221E-07
 1.28137E-07
 1.20055E-07
 1.12159E-07
 1.04577E-07
 9.73927E-08
 9.06541E-08
 8.43813E-08
 7.85746E-08
 7.32206E-08
 6.82975E-08
 6.37784E-08
 5.96337E-08
 5.58336E-08
 5.23486E-08
 4.91505E-08
 4.62131E-08
 4.35119E-08
 4.10248E-08
 3.87315E-08
 3.66136E-08
 3.46547E-08
 3.28400E-08
 3.11561E-08
 2.95912E-08
 2.81347E-08
 2.67769E-08
 2.55094E-08
 2.43245E-08
 2.32154E-08
 2.21759E-08
 2.12004E-08
 2.02841E-08
 1.94225E-08
 1.86116E-08
 1.78476E-08
 1.71274E-08
 1.64479E-08
 1.58065E-08
 1.52008E-08
 1.46284E-08
 1.40875E-08
 1.35761E-08
 1.30927E-08
 1.26355E-08
 1.22033E-08
 1.17948E-08
 1.14088E-08
 1.10442E-08
 1.07000E-08
 1.03753E-08
 1.00693E-08
 9.78114E-09
 9.51022E-09
 9.25583E-09
 9.01739E-09
 8.79434E-09
 8.58618E-09
 8.39243E-09
 8.21268E-09
 8.04654E-09
 7.89365E-09
 7.75369E-09
 7.62637E-09
 7.51142E-09
 7.40861E-09
 7.31773E-09
 7.23861E-09
 7.17107E-09
 7.11500E-09
 7.07027E-09
 7.03680E-09
 7.01452E-09
 7.00339E-09
 1.81551E-07
 1.79103E-07
 1.74416E-07
 1.67861E-07
 1.59901E-07
 1.51013E-07
 1.41637E-07
 1.32141E-07
 1.22806E-07
 1.13831E-07
 1.05347E-07
 9.74253E-08
 9.00963E-08
 8.33603E-08
 7.71978E-08
 7.15770E-08
 6.64596E-08
 6.18046E-08
 5.75707E-08
 5.37181E-08
 5.02093E-08
 4.70098E-08
 4.40880E-08
 4.14155E-08
 3.89665E-08
 3.67184E-08
 3.46508E-08
 3.27455E-08
 3.09864E-08
 2.93594E-08
 2.78517E-08
 2.64522E-08
 2.51508E-08
 2.39387E-08
 2.28079E-08
 2.17515E-08
 2.07632E-08
 1.98374E-08
 1.89690E-08
 1.81536E-08
 1.73872E-08
 1.66660E-08
 1.59869E-08
 1.53469E-08
 1.47433E-08
 1.41738E-08
 1.36361E-08
 1.31283E-08
 1.26487E-08
 1.21954E-08
 1.17671E-08
 1.13625E-08
 1.09801E-08
 1.06190E-08
 1.02781E-08
 9.95641E-09
 9.65305E-09
 9.36724E-09
 9.09824E-09
 8.84536E-09
 8.60798E-09
 8.38553E-09
 8.17750E-09
 7.98338E-09
 7.80275E-09
 7.63519E-09
 7.48034E-09
 7.33786E-09
 7.20745E-09
 7.08883E-09
 6.98175E-09
 6.88599E-09
 6.80134E-09
 6.72765E-09
 6.66476E-09
 6.61254E-09
 6.57089E-09
 6.53972E-09
 6.51898E-09
 6.50862E-09
 1.96819E-07
 1.93640E-07
 1.87607E-07
 1.79282E-07
 1.69339E-07
 1.58444E-07
 1.47175E-07
 1.35985E-07
 1.25195E-07
 1.15014E-07
 1.05555E-07
 9.68652E-08
 8.89455E-08
 8.17659E-08
 7.52793E-08
 6.94300E-08
 6.41594E-08
 5.94098E-08
 5.51265E-08
 5.12588E-08
 4.77609E-08
 4.45914E-08
 4.17138E-08
 3.90953E-08
 3.67075E-08
 3.45250E-08
 3.25256E-08
 3.06900E-08
 2.90009E-08
 2.74434E-08
 2.60042E-08
 2.46716E-08
 2.34354E-08
 2.22866E-08
 2.12170E-08
 2.02197E-08
 1.92882E-08
 1.84169E-08
 1.76010E-08
 1.68358E-08
 1.61175E-08
 1.54424E-08
 1.48073E-08
 1.42094E-08
 1.36461E-08
 1.31149E-08
 1.26139E-08
 1.21411E-08
 1.16947E-08
 1.12732E-08
 1.08752E-08
 1.04992E-08
 1.01442E-08
 9.80911E-09
 9.49283E-09
 9.19450E-09
 8.91329E-09
 8.64842E-09
 8.39921E-09
 8.16500E-09
 7.94520E-09
 7.73927E-09
 7.54673E-09
 7.36710E-09
 7.19999E-09
 7.04499E-09
 6.90177E-09
 6.77001E-09
 6.64943E-09
 6.53976E-09
 6.44076E-09
 6.35224E-09
 6.27401E-09
 6.20590E-09
 6.14777E-09
 6.09951E-09
 6.06102E-09
 6.03222E-09
 6.01305E-09
 6.00348E-09
 2.15265E-07
 2.11031E-07
 2.03090E-07
 1.92321E-07
 1.79729E-07
 1.66249E-07
 1.52634E-07
 1.39427E-07
 1.26977E-07
 1.15474E-07
 1.04993E-07
 9.55355E-08
 8.70546E-08
 7.94784E-08
 7.27235E-08
 6.67043E-08
 6.13382E-08
 5.65488E-08
 5.22666E-08
 4.84298E-08
 4.49840E-08
 4.18813E-08
 3.90803E-08
 3.65447E-08
 3.42431E-08
 3.21484E-08
 3.02368E-08
 2.84879E-08
 2.68839E-08
 2.54091E-08
 2.40499E-08
 2.27946E-08
 2.16328E-08
 2.05552E-08
 1.95539E-08
 1.86219E-08
 1.77528E-08
 1.69412E-08
 1.61821E-08
 1.54712E-08
 1.48045E-08
 1.41787E-08
 1.35906E-08
 1.30374E-08
 1.25166E-08
 1.20260E-08
 1.15635E-08
 1.11274E-08
 1.07159E-08
 1.03276E-08
 9.96105E-09
 9.61506E-09
 9.28850E-09
 8.98033E-09
 8.68961E-09
 8.41549E-09
 8.15718E-09
 7.91396E-09
 7.68518E-09
 7.47022E-09
 7.26855E-09
 7.07964E-09
 6.90304E-09
 6.73833E-09
 6.58510E-09
 6.44302E-09
 6.31175E-09
 6.19099E-09
 6.08049E-09
 5.98000E-09
 5.88931E-09
 5.80821E-09
 5.73655E-09
 5.67416E-09
 5.62092E-09
 5.57672E-09
 5.54147E-09
 5.51509E-09
 5.49753E-09
 5.48877E-09
 2.37945E-07
 2.32131E-07
 2.21400E-07
 2.07184E-07
 1.91009E-07
 1.74188E-07
 1.57684E-07
 1.42114E-07
 1.27813E-07
 1.14910E-07
 1.03408E-07
 9.32291E-08
 8.42593E-08
 7.63698E-08
 6.94321E-08
 6.33254E-08
 5.79404E-08
 5.31805E-08
 4.89613E-08
 4.52099E-08
 4.18639E-08
 3.88696E-08
 3.61814E-08
 3.37599E-08
 3.15719E-08
 2.95886E-08
 2.77854E-08
 2.61411E-08
 2.46376E-08
 2.32591E-08
 2.19919E-08
 2.08242E-08
 1.97458E-08
 1.87475E-08
 1.78216E-08
 1.69612E-08
 1.61600E-08
 1.54129E-08
 1.47150E-08
 1.40622E-08
 1.34508E-08
 1.28773E-08
 1.23389E-08
 1.18329E-08
 1.13569E-08
 1.09089E-08
 1.04868E-08
 1.00890E-08
 9.71395E-09
 9.36016E-09
 9.02639E-09
 8.71147E-09
 8.41436E-09
 8.13409E-09
 7.86979E-09
 7.62067E-09
 7.38598E-09
 7.16507E-09
 6.95732E-09
 6.76217E-09
 6.57912E-09
 6.40770E-09
 6.24748E-09
 6.09806E-09
 5.95908E-09
 5.83023E-09
 5.71120E-09
 5.60172E-09
 5.50155E-09
 5.41046E-09
 5.32826E-09
 5.25476E-09
 5.18981E-09
 5.13327E-09
 5.08503E-09
 5.04498E-09
 5.01304E-09
 4.98914E-09
 4.97323E-09
 4.96529E-09
 2.66440E-07
 2.58149E-07
 2.43195E-07
 2.24004E-07
 2.02937E-07
 1.81811E-07
 1.61800E-07
 1.43533E-07
 1.27249E-07
 1.12948E-07
 1.00500E-07
 8.97139E-08
 8.03836E-08
 7.23094E-08
 6.53097E-08
 5.92249E-08
 5.39177E-08
 4.92716E-08
 4.51881E-08
 4.15847E-08
 3.83920E-08
 3.55519E-08
 3.30156E-08
 3.07419E-08
 2.86960E-08
 2.68487E-08
 2.51749E-08
 2.36535E-08
 2.22663E-08
 2.09977E-08
 1.98343E-08
 1.87646E-08
 1.77786E-08
 1.68675E-08
 1.60239E-08
 1.52411E-08
 1.45133E-08
 1.38354E-08
 1.32030E-08
 1.26120E-08
 1.20590E-08
 1.15409E-08
 1.10548E-08
 1.05984E-08
 1.01694E-08
 9.76581E-09
 9.38587E-09
 9.02798E-09
 8.69069E-09
 8.37272E-09
 8.07287E-09
 7.79008E-09
 7.52338E-09
 7.27189E-09
 7.03481E-09
 6.81140E-09
 6.60101E-09
 6.40301E-09
 6.21685E-09
 6.04203E-09
 5.87808E-09
 5.72457E-09
 5.58111E-09
 5.44734E-09
 5.32295E-09
 5.20763E-09
 5.10111E-09
 5.00315E-09
 4.91352E-09
 4.83203E-09
 4.75850E-09
 4.69275E-09
 4.63466E-09
 4.58410E-09
 4.54095E-09
 4.50513E-09
 4.47657E-09
 4.45519E-09
 4.44097E-09
 4.43387E-09
 3.03225E-07
 2.90830E-07
 2.69228E-07
 2.42703E-07
 2.14922E-07
 1.88318E-07
 1.64174E-07
 1.42968E-07
 1.24701E-07
 1.09133E-07
 9.59294E-08
 8.47429E-08
 7.52519E-08
 6.71746E-08
 6.02724E-08
 5.43467E-08
 4.92340E-08
 4.48000E-08
 4.09349E-08
 3.75487E-08
 3.45676E-08
 3.19306E-08
 2.95872E-08
 2.74959E-08
 2.56216E-08
 2.39352E-08
 2.24122E-08
 2.10318E-08
 1.97764E-08
 1.86311E-08
 1.75831E-08
 1.66214E-08
 1.57364E-08
 1.49201E-08
 1.41654E-08
 1.34660E-08
 1.28166E-08
 1.22124E-08
 1.16494E-08
 1.11238E-08
 1.06324E-08
 1.01724E-08
 9.74116E-09
 9.33652E-09
 8.95642E-09
 8.59908E-09
 8.26286E-09
 7.94631E-09
 7.64814E-09
 7.36715E-09
 7.10230E-09
 6.85260E-09
 6.61720E-09
 6.39529E-09
 6.18615E-09
 5.98914E-09
 5.80364E-09
 5.62911E-09
 5.46506E-09
 5.31102E-09
 5.16659E-09
 5.03138E-09
 4.90504E-09
 4.78726E-09
 4.67774E-09
 4.57622E-09
 4.48246E-09
 4.39624E-09
 4.31736E-09
 4.24565E-09
 4.18095E-09
 4.12310E-09
 4.07199E-09
 4.02750E-09
 3.98954E-09
 3.95803E-09
 3.93290E-09
 3.91410E-09
 3.90159E-09
 3.89534E-09
 3.52407E-07
 3.32719E-07
 3.00184E-07
 2.62657E-07
 2.25733E-07
 1.92365E-07
 1.63608E-07
 1.39465E-07
 1.19456E-07
 1.02954E-07
 8.93417E-08
 7.80767E-08
 6.87066E-08
 6.08648E-08
 5.42587E-08
 4.86557E-08
 4.38715E-08
 3.97595E-08
 3.62028E-08
 3.31078E-08
 3.03991E-08
 2.80154E-08
 2.59070E-08
 2.40328E-08
 2.23593E-08
 2.08584E-08
 1.95068E-08
 1.82850E-08
 1.71765E-08
 1.61673E-08
 1.52456E-08
 1.44013E-08
 1.36256E-08
 1.29112E-08
 1.22515E-08
 1.16410E-08
 1.10747E-08
 1.05484E-08
 1.00584E-08
 9.60134E-09
 9.17441E-09
 8.77503E-09
 8.40092E-09
 8.05008E-09
 7.72071E-09
 7.41122E-09
 7.12017E-09
 6.84628E-09
 6.58839E-09
 6.34547E-09
 6.11657E-09
 5.90084E-09
 5.69752E-09
 5.50591E-09
 5.32538E-09
 5.15535E-09
 4.99530E-09
 4.84474E-09
 4.70325E-09
 4.57042E-09
 4.44589E-09
 4.32932E-09
 4.22042E-09
 4.11891E-09
 4.02453E-09
 3.93705E-09
 3.85627E-09
 3.78199E-09
 3.71404E-09
 3.65227E-09
 3.59654E-09
 3.54671E-09
 3.50269E-09
 3.46438E-09
 3.43169E-09
 3.40455E-09
 3.38291E-09
 3.36672E-09
 3.35595E-09
 3.35057E-09
 4.21279E-07
 3.87455E-07
 3.36133E-07
 2.82007E-07
 2.32991E-07
 1.91799E-07
 1.58431E-07
 1.31828E-07
 1.10704E-07
 9.38847E-08
 8.04069E-08
 6.95157E-08
 6.06329E-08
 5.33194E-08
 4.72419E-08
 4.21460E-08
 3.78368E-08
 3.41636E-08
 3.10090E-08
 2.82807E-08
 2.59055E-08
 2.38251E-08
 2.19924E-08
 2.03692E-08
 1.89244E-08
 1.76323E-08
 1.64717E-08
 1.54250E-08
 1.44772E-08
 1.36160E-08
 1.28307E-08
 1.21125E-08
 1.14536E-08
 1.08475E-08
 1.02885E-08
 9.77165E-09
 9.29275E-09
 8.84807E-09
 8.43437E-09
 8.04882E-09
 7.68890E-09
 7.35242E-09
 7.03742E-09
 6.74217E-09
 6.46513E-09
 6.20493E-09
 5.96033E-09
 5.73025E-09
 5.51369E-09
 5.30976E-09
 5.11766E-09
 4.93667E-09
 4.76614E-09
 4.60546E-09
 4.45411E-09
 4.31159E-09
 4.17746E-09
 4.05131E-09
 3.93277E-09
 3.82151E-09
 3.71721E-09
 3.61960E-09
 3.52842E-09
 3.44343E-09
 3.36442E-09
 3.29120E-09
 3.22358E-09
 3.16141E-09
 3.10455E-09
 3.05285E-09
 3.00621E-09
 2.96452E-09
 2.92769E-09
 2.89563E-09
 2.86828E-09
 2.84558E-09
 2.82747E-09
 2.81393E-09
 2.80492E-09
 2.80041E-09
 5.23977E-07
 4.59692E-07
 3.74887E-07
 2.96249E-07
 2.32424E-07
 1.83410E-07
 1.46489E-07
 1.18712E-07
 9.76463E-08
 8.14745E-08
 6.88858E-08
 5.89462E-08
 5.09899E-08
 4.45382E-08
 3.92434E-08
 3.48496E-08
 3.11661E-08
 2.80492E-08
 2.53890E-08
 2.31004E-08
 2.11172E-08
 1.93871E-08
 1.78683E-08
 1.65272E-08
 1.53368E-08
 1.42747E-08
 1.33228E-08
 1.24659E-08
 1.16914E-08
 1.09887E-08
 1.03489E-08
 9.76443E-09
 9.22889E-09
 8.73675E-09
 8.28329E-09
 7.86442E-09
 7.47660E-09
 7.11677E-09
 6.78223E-09
 6.47065E-09
 6.17996E-09
 5.90833E-09
 5.65417E-09
 5.41605E-09
 5.19271E-09
 4.98303E-09
 4.78599E-09
 4.60070E-09
 4.42635E-09
 4.26222E-09
 4.10765E-09
 3.96205E-09
 3.82489E-09
 3.69569E-09
 3.57401E-09
 3.45945E-09
 3.35164E-09
 3.25027E-09
 3.15503E-09
 3.06564E-09
 2.98186E-09
 2.90346E-09
 2.83022E-09
 2.76197E-09
 2.69852E-09
 2.63973E-09
 2.58544E-09
 2.53553E-09
 2.48988E-09
 2.44838E-09
 2.41094E-09
 2.37748E-09
 2.34791E-09
 2.32218E-09
 2.30023E-09
 2.28201E-09
 2.26748E-09
 2.25661E-09
 2.24937E-09
 2.24576E-09
 6.90964E-07
 5.52451E-07
 4.07476E-07
 2.95679E-07
 2.17048E-07
 1.62928E-07
 1.25405E-07
 9.88834E-08
 7.96953E-08
 6.54815E-08
 5.47155E-08
 4.63935E-08
 3.98423E-08
 3.46001E-08
 3.03439E-08
 2.68428E-08
 2.39290E-08
 2.14782E-08
 1.93972E-08
 1.76148E-08
 1.60759E-08
 1.47378E-08
 1.35664E-08
 1.25346E-08
 1.16207E-08
 1.08070E-08
 1.00789E-08
 9.42445E-09
 8.83375E-09
 8.29848E-09
 7.81167E-09
 7.36743E-09
 6.96073E-09
 6.58731E-09
 6.24349E-09
 5.92612E-09
 5.63248E-09
 5.36017E-09
 5.10715E-09
 4.87160E-09
 4.65194E-09
 4.44678E-09
 4.25488E-09
 4.07516E-09
 3.90664E-09
 3.74848E-09
 3.59990E-09
 3.46021E-09
 3.32880E-09
 3.20511E-09
 3.08866E-09
 2.97899E-09
 2.87569E-09
 2.77840E-09
 2.68678E-09
 2.60054E-09
 2.51940E-09
 2.44310E-09
 2.37143E-09
 2.30416E-09
 2.24113E-09
 2.18214E-09
 2.12705E-09
 2.07570E-09
 2.02798E-09
 1.98376E-09
 1.94293E-09
 1.90539E-09
 1.87106E-09
 1.83985E-09
 1.81170E-09
 1.78653E-09
 1.76430E-09
 1.74495E-09
 1.72845E-09
 1.71475E-09
 1.70382E-09
 1.69565E-09
 1.69021E-09
 1.68749E-09
 9.96472E-07
 6.51680E-07
 4.06890E-07
 2.61945E-07
 1.77160E-07
 1.25849E-07
 9.33202E-08
 7.17216E-08
 5.67703E-08
 4.60409E-08
 3.81011E-08
 3.20702E-08
 2.73856E-08
 2.36761E-08
 2.06893E-08
 1.82487E-08
 1.62287E-08
 1.45375E-08
 1.31069E-08
 1.18855E-08
 1.08339E-08
 9.92172E-09
 9.12481E-09
 8.42418E-09
 7.80458E-09
 7.25365E-09
 6.76130E-09
 6.31927E-09
 5.92069E-09
 5.55983E-09
 5.23191E-09
 4.93287E-09
 4.65930E-09
 4.40826E-09
 4.17725E-09
 3.96412E-09
 3.76700E-09
 3.58430E-09
 3.41459E-09
 3.25666E-09
 3.10943E-09
 2.97196E-09
 2.84341E-09
 2.72305E-09
 2.61023E-09
 2.50435E-09
 2.40491E-09
 2.31144E-09
 2.22352E-09
 2.14078E-09
 2.06290E-09
 1.98955E-09
 1.92048E-09
 1.85543E-09
 1.79419E-09
 1.73654E-09
 1.68230E-09
 1.63131E-09
 1.58341E-09
 1.53846E-09
 1.49634E-09
 1.45693E-09
 1.42012E-09
 1.38582E-09
 1.35394E-09
 1.32439E-09
 1.29712E-09
 1.27204E-09
 1.24911E-09
 1.22827E-09
 1.20946E-09
 1.19265E-09
 1.17781E-09
 1.16488E-09
 1.15386E-09
 1.14471E-09
 1.13741E-09
 1.13195E-09
 1.12832E-09
 1.12651E-09
 4.11777E-07
 6.50916E-07
 3.06463E-07
 1.68052E-07
 1.03800E-07
 6.99886E-08
 5.03053E-08
 3.79125E-08
 2.96233E-08
 2.38106E-08
 1.95781E-08
 1.64006E-08
 1.39539E-08
 1.20296E-08
 1.04883E-08
 9.23419E-09
 8.19977E-09
 7.33616E-09
 6.60735E-09
 5.98638E-09
 5.45267E-09
 4.99034E-09
 4.58697E-09
 4.23273E-09
 3.91975E-09
 3.64170E-09
 3.39341E-09
 3.17064E-09
 2.96989E-09
 2.78824E-09
 2.62325E-09
 2.47287E-09
 2.33534E-09
 2.20918E-09
 2.09313E-09
 1.98609E-09
 1.88713E-09
 1.79542E-09
 1.71026E-09
 1.63102E-09
 1.55717E-09
 1.48822E-09
 1.42376E-09
 1.36342E-09
 1.30686E-09
 1.25379E-09
 1.20395E-09
 1.15711E-09
 1.11306E-09
 1.07161E-09
 1.03259E-09
 9.95848E-10
 9.61250E-10
 9.28670E-10
 8.97995E-10
 8.69125E-10
 8.41964E-10
 8.16430E-10
 7.92445E-10
 7.69940E-10
 7.48850E-10
 7.29117E-10
 7.10688E-10
 6.93515E-10
 6.77554E-10
 6.62765E-10
 6.49110E-10
 6.36558E-10
 6.25078E-10
 6.14644E-10
 6.05231E-10
 5.96817E-10
 5.89385E-10
 5.82917E-10
 5.77399E-10
 5.72818E-10
 5.69166E-10
 5.66433E-10
 5.64615E-10
 5.63707E-10
 0.00000E+00
 0.00000E+00
 0.00000E+00
 0.00000E+00
 0.00000E+00
 0.00000E+00
 0.00000E+00
 0.00000E+00
 0.00000E+00
 0.00000E+00
 0.00000E+00
 0.00000E+00
 0.00000E+00
 0.00000E+00
 0.00000E+00
 0.00000E+00
 0.00000E+00
 0.00000E+00
 0.00000E+00
 0.00000E+00
 0.00000E+00
 0.00000E+00
 0.00000E+00
 0.00000E+00
 0.00000E+00
 0.00000E+00
 0.00000E+00
 0.00000E+00
 0.00000E+00
 0.00000E+00
 0.00000E+00
 0.00000E+00
 0.00000E+00
 0.00000E+00
 0.00000E+00
 0.00000E+00
 0.00000E+00
 0.00000E+00
 0.00000E+00
 0.00000E+00
 0.00000E+00
 0.00000E+00
 0.00000E+00
 0.00000E+00
 0.00000E+00
 0.00000E+00
 0.00000E+00
 0.00000E+00
 0.00000E+00
 0.00000E+00
 0.00000E+00
 0.00000E+00
 0.00000E+00
 0.00000E+00
 0.00000E+00
 0.00000E+00
 0.00000E+00
 0.00000E+00
 0.00000E+00
 0.00000E+00
 0.00000E+00
 0.00000E+00
 0.00000E+00
 0.00000E+00
 0.00000E+00
 0.00000E+00
 0.00000E+00
 0.00000E+00
 0.00000E+00
 0.00000E+00
 0.00000E+00
 0.00000E+00
 0.00000E+00
 0.00000E+00
 0.00000E+00
 0.00000E+00
 0.00000E+00
 0.00000E+00
 0.00000E+00
 0.00000E+00
