 9.15599E-04
 9.15587E-04
 9.15575E-04
 9.15564E-04
 9.15553E-04
 9.15543E-04
 9.15534E-04
 9.15525E-04
 9.15517E-04
 9.15509E-04
 9.15502E-04
 9.15495E-04
 9.15489E-04
 9.15483E-04
 9.15477E-04
 9.15471E-04
 9.15466E-04
 9.15462E-04
 9.15457E-04
 9.15453E-04
 9.15449E-04
 9.15445E-04
 9.15442E-04
 9.15438E-04
 9.15435E-04
 9.15432E-04
 9.15430E-04
 9.15427E-04
 9.15425E-04
 9.15422E-04
 9.15420E-04
 9.15418E-04
 9.15416E-04
 9.15414E-04
 9.15413E-04
 9.15411E-04
 9.15410E-04
 9.15408E-04
 9.15407E-04
 9.15406E-04
 9.15404E-04
 9.15403E-04
 9.15402E-04
 9.15401E-04
 9.15400E-04
 9.15399E-04
 9.15399E-04
 9.15398E-04
 9.15397E-04
 9.15396E-04
 9.15396E-04
 9.15395E-04
 9.15395E-04
 9.15394E-04
 9.15394E-04
 9.15393E-04
 9.15393E-04
 9.15392E-04
 9.15392E-04
 9.15391E-04
 9.15391E-04
 9.15391E-04
 9.15390E-04
 9.15390E-04
 9.15390E-04
 9.15390E-04
 9.15389E-04
 9.15389E-04
 9.15389E-04
 9.15389E-04
 9.15388E-04
 9.15388E-04
 9.15388E-04
 9.15388E-04
 9.15388E-04
 9.15388E-04
 9.15387E-04
 9.15387E-04
 9.15387E-04
 9.15387E-04
 9.15387E-04
 9.15387E-04
 9.15387E-04
 9.15387E-04
 9.15387E-04
 9.15386E-04
 9.15386E-04
 9.15386E-04
 9.15386E-04
 9.15386E-04
 9.15386E-04
 9.15386E-04
 9.15386E-04
 9.15386E-04
 9.15386E-04
 9.15386E-04
 9.15386E-04
 9.15386E-04
 9.15386E-04
 9.15386E-04
 9.15386E-04
 9.15385E-04
 9.15385E-04
 9.15385E-04
 9.15385E-04
 9.15385E-04
 9.15385E-04
 9.15385E-04
 9.15385E-04
 9.15385E-04
 9.15385E-04
 9.15385E-04
 9.15385E-04
 9.15385E-04
 9.15385E-04
 9.15385E-04
 9.15385E-04
 9.15385E-04
 9.15385E-04
 9.15385E-04
 9.15385E-04
 9.15385E-04
 9.15385E-04
 9.15385E-04
 9.15385E-04
 9.15385E-04
 9.15385E-04
 9.15385E-04
 9.15385E-04
 9.15385E-04
 9.15385E-04
 9.15385E-04
 9.15385E-04
 9.15385E-04
 9.15385E-04
 9.15385E-04
 9.15384E-04
 9.15384E-04
 9.15384E-04
 9.15384E-04
 9.15384E-04
 9.15384E-04
 9.15384E-04
 9.15384E-04
 9.15384E-04
 9.15384E-04
 9.15384E-04
 9.15384E-04
 9.15384E-04
 9.15384E-04
 9.15384E-04
 9.15384E-04
 9.15384E-04
 9.15384E-04
 9.15384E-04
 9.15384E-04
 9.15384E-04
 9.15384E-04
 9.15384E-04
 9.15384E-04
 9.15384E-04
 9.15384E-04
 9.15384E-04
 9.15384E-04
 9.15384E-04
 9.15384E-04
 9.15384E-04
 9.15384E-04
 9.15384E-04
 9.15384E-04
 9.15384E-04
 9.15384E-04
 9.15384E-04
 9.15384E-04
 9.15384E-04
 9.15384E-04
 9.15384E-04
 9.15384E-04
 9.15384E-04
 9.15384E-04
 9.15384E-04
 9.15384E-04
 9.15384E-04
 9.15384E-04
 9.15384E-04
 9.15384E-04
 9.15384E-04
 9.15384E-04
 9.15384E-04
 9.15384E-04
 9.15383E-04
 9.15383E-04
 9.15383E-04
 9.15383E-04
 9.15383E-04
 9.15383E-04
 9.15383E-04
 9.15383E-04
 9.15383E-04
 9.15383E-04
 9.15383E-04
 9.15384E-04
 9.15384E-04
 9.15384E-04
 9.15384E-04
 9.15384E-04
 9.15384E-04
 9.15384E-04
 9.15385E-04
 9.15385E-04
 9.15385E-04
 9.15385E-04
 9.15385E-04
 9.15385E-04
 9.15385E-04
 9.15386E-04
 9.15386E-04
 9.15386E-04
 9.15386E-04
 9.15386E-04
 9.15386E-04
 9.15386E-04
 9.15387E-04
 9.15387E-04
 9.15387E-04
 9.15387E-04
 9.15387E-04
 9.15387E-04
 9.15387E-04
 9.15387E-04
 9.15387E-04
 9.15387E-04
 9.15387E-04
 9.15387E-04
 9.15387E-04
 9.15388E-04
 9.15388E-04
 9.15388E-04
 9.15388E-04
 9.15388E-04
 9.15388E-04
 9.15388E-04
 9.15388E-04
 9.15388E-04
 9.15388E-04
 9.15388E-04
 9.15388E-04
 9.15388E-04
 9.15388E-04
 9.15388E-04
 9.15388E-04
 9.15388E-04
 9.15388E-04
 9.15388E-04
 9.15388E-04
 9.15388E-04
 9.15388E-04
 9.15388E-04
 9.15388E-04
 9.15388E-04
 9.15388E-04
 9.15388E-04
 9.15389E-04
 9.15391E-04
 9.15392E-04
 9.15393E-04
 9.15394E-04
 9.15396E-04
 9.15397E-04
 9.15398E-04
 9.15400E-04
 9.15401E-04
 9.15402E-04
 9.15403E-04
 9.15405E-04
 9.15406E-04
 9.15407E-04
 9.15408E-04
 9.15409E-04
 9.15411E-04
 9.15412E-04
 9.15412E-04
 9.15411E-04
 9.15411E-04
 9.15410E-04
 9.15410E-04
 9.15409E-04
 9.15408E-04
 9.15408E-04
 9.15407E-04
 9.15407E-04
 9.15406E-04
 9.15405E-04
 9.15405E-04
 9.15404E-04
 9.15403E-04
 9.15403E-04
 9.15402E-04
 9.15402E-04
 9.15401E-04
 9.15401E-04
 9.15401E-04
 9.15401E-04
 9.15401E-04
 9.15401E-04
 9.15401E-04
 9.15401E-04
 9.15401E-04
 9.15401E-04
 9.15401E-04
 9.15401E-04
 9.15402E-04
 9.15402E-04
 9.15402E-04
 9.15402E-04
 9.15402E-04
 9.15402E-04
 9.15402E-04
 9.15402E-04
 9.15402E-04
 9.15402E-04
 9.15403E-04
 9.15403E-04
 9.15403E-04
 9.15403E-04
 9.15403E-04
 9.15403E-04
 9.15403E-04
 9.15403E-04
 9.15403E-04
 9.15403E-04
 9.15403E-04
 9.15403E-04
 9.15404E-04
 9.15404E-04
 9.15404E-04
 9.15404E-04
 9.15404E-04
 9.15404E-04
 9.15404E-04
 9.15404E-04
 9.15404E-04
 9.15404E-04
 9.15404E-04
 9.15404E-04
 9.15404E-04
 9.15405E-04
 9.15405E-04
 9.15405E-04
 9.15405E-04
 9.15405E-04
 9.15405E-04
 9.15405E-04
 9.15405E-04
 9.15405E-04
 9.15405E-04
 9.15405E-04
 9.15405E-04
 9.15405E-04
 9.15406E-04
 9.15406E-04
 9.15406E-04
 9.15406E-04
 9.15406E-04
 9.15406E-04
 9.15406E-04
 9.15406E-04
 9.15406E-04
 9.15406E-04
 9.15406E-04
 9.15406E-04
 9.15406E-04
 9.15406E-04
 9.15406E-04
 9.15406E-04
 9.15407E-04
 9.15407E-04
 9.15407E-04
 9.15407E-04
 9.15407E-04
 9.15407E-04
 9.15407E-04
 9.15407E-04
 9.15407E-04
 9.15407E-04
 9.15407E-04
 9.15407E-04
 9.15407E-04
 9.15407E-04
 9.15407E-04
 9.15407E-04
 9.15408E-04
 9.15408E-04
 9.15408E-04
 9.15408E-04
 9.15408E-04
 9.15408E-04
 9.15408E-04
 9.15408E-04
 9.15408E-04
 9.15408E-04
 9.15408E-04
 9.15408E-04
 9.15408E-04
 9.15408E-04
 9.15408E-04
 9.15408E-04
 9.15408E-04
 9.15408E-04
 9.15408E-04
 9.15409E-04
 9.15409E-04
 9.15409E-04
 9.15409E-04
 9.15409E-04
 9.15409E-04
 9.15409E-04
 9.15409E-04
 9.15409E-04
 9.15409E-04
 9.15409E-04
 9.15409E-04
 9.15409E-04
 9.15409E-04
 9.15409E-04
 9.15409E-04
 9.15409E-04
 9.15409E-04
 9.15409E-04
 9.15409E-04
 9.15409E-04
 9.15410E-04
 9.15410E-04
 9.15410E-04
 9.15410E-04
 9.15410E-04
 9.15410E-04
 9.15410E-04
 9.15410E-04
 9.15410E-04
 9.15410E-04
 9.15410E-04
 9.15410E-04
 9.15410E-04
 9.15410E-04
 9.15410E-04
 9.15410E-04
 9.15410E-04
 9.15410E-04
 9.15410E-04
 9.15410E-04
 9.15410E-04
 9.15410E-04
 9.15410E-04
 9.15410E-04
 9.15411E-04
 9.15411E-04
 9.15411E-04
 9.15411E-04
 9.15411E-04
 9.15411E-04
 9.15411E-04
 9.15411E-04
 9.15411E-04
 9.15411E-04
 9.15411E-04
 9.15411E-04
 9.15411E-04
 9.15411E-04
 9.15411E-04
 9.15411E-04
 9.15411E-04
 9.15411E-04
 9.15411E-04
 9.15411E-04
 9.15411E-04
 9.15411E-04
 9.15411E-04
 9.15411E-04
 9.15411E-04
 9.15411E-04
 9.15411E-04
 9.15411E-04
 9.15412E-04
 9.15412E-04
 9.15412E-04
 9.15412E-04
 9.15412E-04
 9.15412E-04
 9.15412E-04
 9.15412E-04
 9.15412E-04
 9.15412E-04
 9.15412E-04
 9.15412E-04
 9.15412E-04
 9.15412E-04
 9.15412E-04
 9.15412E-04
 9.15412E-04
 9.15412E-04
 9.15412E-04
 9.15412E-04
 9.15412E-04
 9.15412E-04
 9.15412E-04
 9.15412E-04
 9.15412E-04
 9.15412E-04
 9.15412E-04
 9.15412E-04
 9.15412E-04
 9.15412E-04
 9.15412E-04
 9.15412E-04
 9.15412E-04
 9.15412E-04
 9.15412E-04
 9.15412E-04
 9.15413E-04
 9.15413E-04
 9.15413E-04
 9.15413E-04
 9.15413E-04
 9.15413E-04
 9.15413E-04
 9.15413E-04
 9.15413E-04
 9.15413E-04
 9.15413E-04
 9.15413E-04
 9.15413E-04
 9.15413E-04
 9.15413E-04
 9.15413E-04
 9.15413E-04
 9.15413E-04
 9.15413E-04
 9.15413E-04
 9.15413E-04
 9.15413E-04
 9.15413E-04
 9.15413E-04
 9.15413E-04
 9.15413E-04
 9.15413E-04
 9.15413E-04
 9.15413E-04
 9.15413E-04
 9.15413E-04
 9.15413E-04
 9.15413E-04
 9.15413E-04
 9.15413E-04
 9.15413E-04
 9.15413E-04
 9.15413E-04
 9.15413E-04
 9.15413E-04
 9.15413E-04
 9.15413E-04
 9.15413E-04
 9.15413E-04
 9.15413E-04
 9.15413E-04
 9.15413E-04
 9.15413E-04
 9.15413E-04
 9.15413E-04
 9.15413E-04
 9.15413E-04
 9.15413E-04
 9.15413E-04
 9.15413E-04
 9.15413E-04
 9.15413E-04
 9.15413E-04
 9.15413E-04
 9.15413E-04
 9.15413E-04
 9.15413E-04
 9.15413E-04
 9.15413E-04
 9.15413E-04
 9.15413E-04
 9.15413E-04
 9.15413E-04
 9.15413E-04
 9.15413E-04
 9.15413E-04
 9.15413E-04
 9.15414E-04
 9.15414E-04
 9.15414E-04
 9.15414E-04
 9.15414E-04
 9.15414E-04
 9.15414E-04
 9.15414E-04
 9.15414E-04
 9.15414E-04
 9.15414E-04
 9.15414E-04
 9.15414E-04
 9.15414E-04
 9.15414E-04
 9.15414E-04
 9.15414E-04
 9.15414E-04
 9.15414E-04
 9.15414E-04
 9.15414E-04
 9.15413E-04
 9.15413E-04
 9.15413E-04
 9.15413E-04
 9.15413E-04
 9.15413E-04
 9.15413E-04
 9.15413E-04
 9.15413E-04
 9.15413E-04
 9.15413E-04
 9.15413E-04
 9.15413E-04
 9.15413E-04
 9.15413E-04
 9.15413E-04
 9.15413E-04
 9.15413E-04
 9.15413E-04
 9.15413E-04
 9.15413E-04
 9.15413E-04
 9.15413E-04
 9.15413E-04
 9.15413E-04
 9.15413E-04
 9.15413E-04
 9.15413E-04
 9.15413E-04
 9.15413E-04
 9.15413E-04
 9.15413E-04
 9.15413E-04
 9.15413E-04
 9.15413E-04
 9.15413E-04
 9.15413E-04
 9.15413E-04
 9.15413E-04
 9.15413E-04
 9.15413E-04
 9.15413E-04
 9.15413E-04
 9.15413E-04
 9.15413E-04
 9.15413E-04
 9.15413E-04
 9.15413E-04
 9.15413E-04
 9.15413E-04
 9.15413E-04
 9.15413E-04
 9.15413E-04
 9.15413E-04
 9.15413E-04
 9.15413E-04
 9.15413E-04
 9.15413E-04
 9.15413E-04
 9.15412E-04
 9.15412E-04
 9.15412E-04
 9.15412E-04
 9.15412E-04
 9.15412E-04
 9.15412E-04
 9.15412E-04
 9.15412E-04
 9.15412E-04
 9.15412E-04
 9.15412E-04
 9.15412E-04
 9.15412E-04
 9.15412E-04
 9.15412E-04
 9.15412E-04
 9.15412E-04
 9.15412E-04
 9.15412E-04
 9.15412E-04
 9.15412E-04
 9.15412E-04
 9.15411E-04
 9.15411E-04
 9.15411E-04
 9.15411E-04
 9.15411E-04
 9.15411E-04
 9.15411E-04
 9.15411E-04
 9.15411E-04
 9.15411E-04
 9.15411E-04
 9.15411E-04
 9.15411E-04
 9.15411E-04
 9.15411E-04
 9.15411E-04
 9.15411E-04
 9.15410E-04
 9.15410E-04
 9.15410E-04
 9.15410E-04
 9.15410E-04
 9.15410E-04
 9.15410E-04
 9.15410E-04
 9.15410E-04
 9.15410E-04
 9.15410E-04
 9.15410E-04
 9.15409E-04
 9.15409E-04
 9.15409E-04
 9.15409E-04
 9.15409E-04
 9.15409E-04
 9.15409E-04
 9.15409E-04
 9.15409E-04
 9.15409E-04
 9.15409E-04
 9.15408E-04
 9.15408E-04
 9.15408E-04
 9.15408E-04
 9.15408E-04
 9.15408E-04
 9.15408E-04
 9.15408E-04
 9.15407E-04
 9.15407E-04
 9.15407E-04
 9.15407E-04
 9.15407E-04
 9.15407E-04
 9.15407E-04
 9.15407E-04
 9.15406E-04
 9.15406E-04
 9.15406E-04
 9.15406E-04
 9.15406E-04
 9.15406E-04
 9.15406E-04
 9.15405E-04
 9.15405E-04
 9.15405E-04
 9.15405E-04
 9.15405E-04
 9.15405E-04
 9.15404E-04
 9.15404E-04
 9.15404E-04
 9.15404E-04
 9.15404E-04
 9.15403E-04
 9.15403E-04
 9.15403E-04
 9.15403E-04
 9.15403E-04
 9.15402E-04
 9.15402E-04
 9.15402E-04
 9.15402E-04
 9.15401E-04
 9.15401E-04
 9.15401E-04
 9.15401E-04
 9.15401E-04
 9.15400E-04
 9.15400E-04
 9.15400E-04
 9.15400E-04
 9.15399E-04
 9.15399E-04
 9.15399E-04
 9.15398E-04
 9.15398E-04
 9.15398E-04
 9.15398E-04
 9.15397E-04
 9.15397E-04
 9.15397E-04
 9.15397E-04
 9.15397E-04
 9.15397E-04
 9.15397E-04
 9.15397E-04
 9.15397E-04
 9.15397E-04
 9.15043E-04
 9.15044E-04
 9.15044E-04
 9.15045E-04
 9.15045E-04
 9.15046E-04
 9.15046E-04
 9.15044E-04
 9.15045E-04
 9.15045E-04
 9.15045E-04
 9.15046E-04
 9.15046E-04
 9.15047E-04
 9.15047E-04
 9.15043E-04
 9.15043E-04
 9.15043E-04
 9.15043E-04
 9.15044E-04
 9.15044E-04
 9.15044E-04
 9.15044E-04
 9.15045E-04
 9.15045E-04
 9.15040E-04
 9.15040E-04
 9.15041E-04
 9.15041E-04
 9.15041E-04
 9.15041E-04
 9.15041E-04
 9.15041E-04
 9.15041E-04
 9.15041E-04
 9.15041E-04
 9.15041E-04
 9.15041E-04
 9.15042E-04
 9.15037E-04
 9.15037E-04
 9.15037E-04
 9.15037E-04
 9.15037E-04
 9.15037E-04
 9.15037E-04
 9.15037E-04
 9.15037E-04
 9.15037E-04
 9.15037E-04
 9.15037E-04
 9.15037E-04
 9.15037E-04
 9.15037E-04
 9.15037E-04
 9.15037E-04
 9.15037E-04
 9.15037E-04
 9.15037E-04
 9.15037E-04
 9.15037E-04
 9.15037E-04
 9.15176E-04
 9.15176E-04
 9.15176E-04
 9.15176E-04
 9.15176E-04
 9.15175E-04
 9.15175E-04
 9.15175E-04
 9.15175E-04
 9.15175E-04
 9.15175E-04
