 0.00000E+00
 1.90112E-08
 3.14726E-08
 4.73708E-08
 6.08510E-08
 7.35431E-08
 8.53525E-08
 9.65360E-08
 1.07292E-07
 1.17755E-07
 1.28017E-07
 1.38142E-07
 1.48172E-07
 1.58136E-07
 1.68053E-07
 1.77936E-07
 1.87795E-07
 1.97634E-07
 2.07459E-07
 2.17271E-07
 2.27073E-07
 2.36865E-07
 2.46648E-07
 2.56422E-07
 2.66187E-07
 2.75945E-07
 2.85694E-07
 2.95434E-07
 3.05166E-07
 3.14890E-07
 3.24605E-07
 3.34312E-07
 3.44010E-07
 3.53700E-07
 3.63381E-07
 3.73054E-07
 3.82718E-07
 3.92374E-07
 4.02021E-07
 4.11660E-07
 4.21291E-07
 4.30914E-07
 4.40528E-07
 4.50134E-07
 4.59732E-07
 4.69322E-07
 4.78904E-07
 4.88478E-07
 4.98045E-07
 5.07604E-07
 5.17155E-07
 5.26699E-07
 5.36235E-07
 5.45764E-07
 5.55285E-07
 5.64800E-07
 5.74307E-07
 5.83807E-07
 5.93300E-07
 6.02787E-07
 6.12266E-07
 6.21739E-07
 6.31206E-07
 6.40665E-07
 6.50119E-07
 6.59566E-07
 6.69006E-07
 6.78440E-07
 6.87868E-07
 6.97290E-07
 7.06706E-07
 7.16116E-07
 7.25521E-07
 7.34919E-07
 7.44311E-07
 7.53698E-07
 7.63080E-07
 7.72455E-07
 7.81825E-07
 7.91190E-07
 8.00550E-07
 8.09904E-07
 8.19252E-07
 8.28596E-07
 8.37934E-07
 8.47268E-07
 8.56596E-07
 8.65920E-07
 8.75238E-07
 8.84552E-07
 8.93860E-07
 9.03164E-07
 9.12464E-07
 9.21758E-07
 9.31048E-07
 9.40334E-07
 9.49615E-07
 9.58891E-07
 9.68163E-07
 9.77431E-07
 9.86694E-07
 9.95953E-07
 1.00521E-06
 1.01446E-06
 1.02371E-06
 1.03295E-06
 1.04219E-06
 1.05142E-06
 1.06065E-06
 1.06988E-06
 1.07910E-06
 1.08832E-06
 1.09753E-06
 1.10674E-06
 1.11595E-06
 1.12515E-06
 1.13435E-06
 1.14355E-06
 1.15274E-06
 1.16193E-06
 1.17111E-06
 1.18029E-06
 1.18947E-06
 1.19864E-06
 1.20781E-06
 1.21698E-06
 1.22615E-06
 1.23531E-06
 1.24446E-06
 1.25362E-06
 1.26277E-06
 1.27192E-06
 1.28106E-06
 1.29020E-06
 1.29934E-06
 1.30847E-06
 1.31760E-06
 1.32673E-06
 1.33586E-06
 1.34498E-06
 1.35410E-06
 1.36321E-06
 2.57208E-06
 2.58119E-06
 2.59029E-06
 2.59940E-06
 2.87513E-06
 3.28418E-06
 3.42660E-06
 3.43569E-06
 3.44478E-06
 3.45387E-06
 3.59628E-06
 3.73868E-06
 4.14773E-06
 4.15680E-06
 4.43253E-06
 4.44160E-06
 4.45067E-06
 4.45973E-06
 4.73545E-06
 4.74451E-06
 4.75357E-06
 4.76263E-06
 4.77168E-06
 4.91406E-06
 5.18976E-06
 5.33213E-06
 5.47451E-06
 5.61688E-06
 5.75925E-06
 5.76828E-06
 5.77731E-06
 5.78634E-06
 5.92871E-06
 6.07106E-06
 6.08009E-06
 6.08911E-06
 6.09812E-06
 6.10714E-06
 6.11615E-06
 6.12517E-06
 6.40085E-06
 6.40985E-06
 6.41886E-06
 6.42786E-06
 6.43686E-06
 6.57919E-06
 6.58819E-06
 6.73052E-06
 6.87284E-06
 7.01516E-06
 7.15748E-06
 7.16647E-06
 7.17545E-06
 7.31777E-06
 7.46009E-06
 7.60240E-06
 7.61137E-06
 7.62035E-06
 7.76265E-06
 7.77162E-06
 7.78059E-06
 7.78955E-06
 7.79852E-06
 7.94082E-06
 7.94977E-06
 7.95873E-06
 8.10102E-06
 8.10998E-06
 8.11893E-06
 8.12788E-06
 8.13683E-06
 8.14577E-06
 8.15471E-06
 8.16366E-06
 8.17260E-06
 8.18153E-06
 8.45715E-06
 8.46608E-06
 8.74169E-06
 8.75062E-06
 8.75955E-06
 8.90182E-06
 9.04408E-06
 9.18634E-06
 9.19526E-06
 9.20418E-06
 9.21310E-06
 9.48870E-06
 9.49761E-06
 9.50652E-06
 9.51544E-06
 9.52435E-06
 9.66659E-06
 9.67550E-06
 9.68440E-06
 9.95999E-06
 9.96889E-06
 9.97779E-06
 9.98669E-06
 1.01289E-05
 1.01378E-05
 1.01467E-05
 1.01556E-05
 1.01645E-05
 1.01734E-05
 1.03156E-05
 1.03245E-05
 1.03334E-05
 1.03423E-05
 1.03511E-05
 1.04934E-05
 1.05022E-05
 1.06445E-05
 1.06533E-05
 1.07956E-05
 1.08044E-05
 1.08133E-05
 1.09555E-05
 1.09644E-05
 1.11066E-05
 1.11154E-05
 1.12577E-05
 1.13999E-05
 1.15421E-05
 1.16843E-05
 1.18265E-05
 1.18353E-05
 1.18442E-05
 1.18530E-05
 1.18619E-05
 1.21374E-05
 1.21463E-05
 1.21551E-05
 1.21639E-05
 1.21728E-05
 1.21816E-05
 1.21905E-05
 1.23327E-05
 1.23415E-05
 1.23503E-05
 1.24925E-05
 1.25014E-05
 1.25102E-05
 1.25190E-05
 1.26612E-05
 1.26700E-05
 1.28122E-05
 1.28210E-05
 1.28298E-05
 1.28387E-05
 1.29808E-05
 1.29897E-05
 1.31318E-05
 1.32740E-05
 1.32828E-05
 1.32916E-05
 1.34338E-05
 1.34426E-05
 1.34514E-05
 1.35936E-05
 1.37357E-05
 1.38779E-05
 1.38867E-05
 1.40288E-05
 1.40376E-05
 1.40464E-05
 1.41886E-05
 1.41974E-05
 1.43395E-05
 1.43483E-05
 1.43571E-05
 1.44993E-05
 1.46414E-05
 1.46502E-05
 1.46590E-05
 1.48012E-05
 1.48099E-05
 1.50854E-05
 1.50942E-05
 1.51030E-05
 1.51118E-05
 1.51206E-05
 1.51294E-05
 1.51381E-05
 1.51469E-05
 1.51557E-05
 1.52978E-05
 1.53066E-05
 1.53154E-05
 1.54575E-05
 1.54663E-05
 1.56084E-05
 1.56172E-05
 1.57593E-05
 1.57681E-05
 1.57768E-05
 1.59190E-05
 1.61944E-05
 1.62032E-05
 1.62120E-05
 1.62207E-05
 1.63628E-05
 1.63716E-05
 1.63804E-05
 1.65225E-05
 1.66646E-05
 1.68067E-05
 1.68154E-05
 1.69575E-05
 1.70996E-05
 1.71084E-05
 1.72505E-05
 1.72592E-05
 1.72680E-05
 1.74101E-05
 1.74188E-05
 1.74276E-05
 1.75697E-05
 1.75784E-05
 1.75872E-05
 1.77293E-05
 1.77380E-05
 1.77467E-05
 1.77555E-05
 1.77642E-05
 1.77730E-05
 1.79151E-05
 1.79238E-05
 1.80659E-05
 1.82080E-05
 1.83500E-05
 1.83588E-05
 1.83675E-05
 1.85096E-05
 1.85183E-05
 1.86604E-05
 1.86691E-05
 1.86779E-05
 1.86866E-05
 1.89620E-05
 1.89707E-05
 1.89795E-05
 1.91215E-05
 1.91303E-05
 1.92723E-05
 1.92810E-05
 1.92898E-05
 1.92985E-05
 1.93072E-05
 1.93159E-05
 1.95913E-05
 1.96000E-05
 1.98755E-05
 1.98842E-05
 2.00262E-05
 2.01683E-05
 2.01770E-05
 2.01857E-05
 2.03278E-05
 2.04698E-05
 2.06119E-05
 2.06206E-05
 2.06293E-05
 2.06380E-05
 2.06467E-05
 2.06554E-05
 2.07975E-05
 2.08062E-05
 2.09482E-05
 2.10903E-05
 2.10990E-05
 2.11077E-05
 2.11164E-05
 2.12584E-05
 2.12671E-05
 2.12758E-05
 2.12845E-05
 2.12932E-05
 2.14352E-05
 2.14439E-05
 2.15859E-05
 2.15946E-05
 2.17367E-05
 2.20121E-05
 2.21541E-05
 2.21628E-05
 2.21715E-05
 2.21802E-05
 2.24556E-05
 2.24642E-05
 2.24729E-05
 2.24816E-05
 2.24903E-05
 2.24989E-05
 2.26410E-05
 2.27830E-05
 2.27917E-05
 2.29337E-05
 2.30757E-05
 2.32178E-05
 2.32264E-05
 2.32351E-05
 2.33771E-05
 2.35192E-05
 2.35278E-05
 2.35365E-05
 2.35452E-05
 2.36872E-05
 2.36959E-05
 2.37045E-05
 2.38465E-05
 2.38552E-05
 2.39972E-05
 2.41392E-05
 2.42813E-05
 2.42899E-05
 2.42986E-05
 2.43072E-05
 2.43159E-05
 2.44579E-05
 2.45999E-05
 2.46086E-05
 2.46172E-05
 2.46259E-05
 2.49013E-05
 2.49099E-05
 2.50519E-05
 2.50606E-05
 2.52026E-05
 2.53446E-05
 2.54866E-05
 2.54952E-05
 2.55039E-05
 2.55125E-05
 2.56545E-05
 2.56632E-05
 2.56718E-05
 2.56805E-05
 2.56891E-05
 2.56978E-05
 2.59731E-05
 2.61151E-05
 2.61238E-05
 2.61324E-05
 2.61411E-05
 2.62831E-05
 2.62917E-05
 2.64337E-05
 2.65757E-05
 2.67177E-05
 2.68597E-05
 2.68683E-05
 2.70103E-05
 2.70189E-05
 2.71609E-05
 2.71695E-05
 2.71782E-05
 2.74535E-05
 2.75955E-05
 2.76041E-05
 2.76128E-05
 2.76214E-05
 2.77634E-05
 2.77720E-05
 2.77806E-05
 2.77893E-05
 2.77979E-05
 2.78065E-05
 2.78151E-05
 2.79571E-05
 2.80991E-05
 2.82411E-05
 2.83831E-05
 2.83917E-05
 2.85337E-05
 2.85423E-05
 2.85509E-05
 2.88262E-05
 2.89682E-05
 2.89768E-05
 2.89854E-05
 2.91274E-05
 2.92694E-05
 2.94114E-05
 2.94200E-05
 2.94286E-05
 2.94372E-05
 2.94458E-05
 2.95878E-05
 2.97297E-05
 2.98717E-05
 2.98803E-05
 2.98889E-05
 2.98975E-05
 2.99061E-05
 3.00481E-05
 3.00567E-05
 3.00653E-05
 3.00739E-05
 3.02159E-05
 3.03579E-05
 3.04998E-05
 3.06418E-05
 3.06504E-05
 3.07923E-05
 3.09343E-05
 3.09429E-05
 3.09515E-05
 3.10934E-05
 3.12354E-05
 3.12440E-05
 3.12526E-05
 3.12612E-05
 3.12698E-05
 3.15451E-05
 3.15537E-05
 3.16957E-05
 3.18376E-05
 3.18462E-05
 3.18548E-05
 3.18634E-05
 3.22721E-05
 3.22807E-05
 3.24226E-05
 3.24312E-05
 3.24398E-05
 3.24484E-05
 3.25903E-05
 3.25989E-05
 3.28742E-05
 3.28828E-05
 3.30247E-05
 3.30333E-05
 3.30419E-05
 3.30505E-05
 3.31924E-05
 3.32010E-05
 3.33430E-05
 3.33515E-05
 3.33601E-05
 3.35021E-05
 3.35106E-05
 3.35192E-05
 3.36612E-05
 3.38031E-05
 3.39450E-05
 3.40870E-05
 3.40956E-05
 3.41041E-05
 3.41127E-05
 3.41213E-05
 3.41299E-05
 3.42718E-05
 3.45471E-05
 3.45557E-05
 3.46976E-05
 3.48395E-05
 3.48481E-05
 3.49900E-05
 3.49986E-05
 3.50072E-05
 3.50157E-05
 3.51577E-05
 3.51662E-05
 3.53082E-05
 3.54501E-05
 3.55920E-05
 3.57339E-05
 3.57425E-05
 3.57511E-05
 3.57596E-05
 3.57682E-05
 3.59101E-05
 3.59187E-05
 3.61940E-05
 3.62025E-05
 3.63445E-05
 3.64864E-05
 3.66283E-05
 3.66369E-05
 3.66454E-05
 3.66540E-05
 3.70626E-05
 3.72045E-05
 3.72131E-05
 3.72217E-05
 3.72302E-05
 3.73721E-05
 3.75141E-05
 3.75226E-05
 3.75312E-05
 3.75397E-05
 3.76816E-05
 3.78235E-05
 3.78321E-05
 3.79740E-05
 3.79826E-05
 3.79911E-05
 3.79997E-05
 3.80082E-05
 3.80168E-05
 3.80253E-05
 3.81672E-05
 3.81758E-05
 3.84510E-05
 3.84596E-05
 3.84681E-05
 3.84767E-05
 3.86186E-05
 3.86271E-05
 3.87690E-05
 3.89109E-05
 3.90528E-05
 3.91947E-05
 3.92033E-05
 3.94786E-05
 3.94871E-05
 3.97624E-05
 3.97709E-05
 3.97794E-05
 3.97880E-05
 3.97965E-05
 3.98051E-05
 3.99470E-05
 3.99555E-05
 4.00974E-05
 4.02393E-05
 4.05146E-05
 4.05231E-05
 4.06650E-05
 4.06735E-05
 4.08154E-05
 4.09573E-05
 4.10992E-05
 4.11078E-05
 4.12497E-05
 4.12582E-05
 4.14001E-05
 4.14086E-05
 4.14171E-05
 4.14257E-05
 4.15676E-05
 4.17095E-05
 4.17180E-05
 4.17265E-05
 4.17350E-05
 4.17436E-05
 4.20188E-05
 4.21607E-05
 4.21692E-05
 4.21778E-05
 4.23197E-05
 4.23282E-05
 4.24701E-05
 4.24786E-05
 4.24871E-05
 4.24956E-05
 4.27709E-05
 4.29128E-05
 4.30547E-05
 4.30632E-05
 4.30717E-05
 4.30802E-05
 4.30887E-05
 4.30973E-05
 4.31058E-05
 4.32477E-05
 4.33895E-05
 4.35314E-05
 4.35399E-05
 4.35485E-05
 4.38237E-05
 4.38322E-05
 4.39741E-05
 4.39826E-05
 4.41245E-05
 4.41330E-05
 4.41415E-05
 4.41500E-05
 4.44253E-05
 4.47005E-05
 4.47090E-05
 4.48509E-05
 4.48594E-05
 4.50013E-05
 4.51432E-05
 4.55518E-05
 4.55603E-05
 4.55688E-05
 4.57107E-05
 4.57192E-05
 4.57277E-05
 4.57362E-05
 4.58781E-05
 4.60199E-05
 4.61618E-05
 4.61703E-05
 4.61788E-05
 4.63207E-05
 4.63292E-05
 4.63377E-05
 4.63462E-05
 4.66214E-05
 4.68967E-05
 4.69052E-05
 4.69137E-05
 4.69222E-05
 4.69307E-05
 4.69392E-05
 4.69477E-05
 4.70895E-05
 4.72314E-05
 4.72399E-05
 4.72484E-05
 4.73903E-05
 4.73988E-05
 4.74073E-05
 4.74157E-05
 4.74242E-05
 4.74327E-05
 4.75746E-05
 4.77165E-05
 4.77250E-05
 4.78668E-05
 4.78753E-05
 4.78838E-05
 4.81590E-05
 4.84343E-05
 4.84427E-05
 4.87180E-05
 4.88598E-05
 4.88683E-05
 4.88768E-05
 4.90187E-05
 4.91605E-05
 4.91690E-05
 4.93109E-05
 4.93194E-05
 4.94612E-05
 4.96031E-05
 4.96116E-05
 4.98868E-05
 4.98953E-05
 4.99037E-05
 4.99122E-05
 5.00541E-05
 5.03293E-05
 5.04712E-05
 5.04796E-05
 5.04881E-05
 5.04966E-05
 5.07718E-05
 5.07803E-05
 5.09222E-05
 5.09306E-05
 5.09391E-05
 5.09476E-05
 5.09561E-05
 5.12313E-05
 5.13732E-05
 5.15150E-05
 5.15235E-05
 5.17987E-05
 5.18072E-05
 5.18157E-05
 5.18241E-05
 5.18326E-05
 5.19745E-05
 5.19829E-05
 5.19914E-05
 5.19999E-05
 5.20084E-05
 5.22836E-05
 5.22920E-05
 5.23005E-05
 5.23090E-05
 5.25842E-05
 5.27261E-05
 5.27345E-05
 5.27430E-05
 5.27515E-05
 5.28933E-05
 5.29018E-05
 5.29103E-05
 5.30521E-05
 5.30606E-05
 5.30690E-05
 5.32109E-05
 5.33527E-05
 5.34945E-05
 5.35030E-05
 5.36448E-05
 5.36533E-05
 5.36618E-05
 5.38036E-05
 5.39454E-05
 5.42207E-05
 5.42291E-05
 5.45043E-05
 5.46462E-05
 5.47880E-05
 5.49298E-05
 5.50717E-05
 5.53469E-05
 5.53553E-05
 5.54972E-05
 5.56390E-05
 5.56475E-05
 5.56559E-05
 5.57977E-05
 5.58062E-05
 5.58147E-05
 5.58231E-05
 5.59650E-05
 5.61068E-05
 5.61152E-05
 5.62571E-05
 5.63989E-05
 5.64074E-05
 5.64158E-05
 5.64243E-05
 5.64327E-05
 5.67079E-05
 5.67164E-05
 5.68582E-05
 5.70001E-05
 5.70085E-05
 5.70170E-05
 5.70254E-05
 5.70339E-05
 5.70423E-05
 5.70508E-05
 5.73260E-05
 5.73344E-05
 5.74763E-05
 5.76181E-05
 5.76265E-05
 5.77684E-05
 5.79102E-05
 5.79186E-05
 5.79271E-05
 5.79355E-05
 5.79440E-05
 5.79524E-05
 5.80943E-05
 5.82361E-05
 5.82445E-05
 5.82530E-05
 5.82614E-05
 5.82699E-05
 5.85451E-05
 5.85535E-05
 5.89621E-05
 5.91039E-05
 5.92457E-05
 5.95209E-05
 5.95293E-05
 5.96711E-05
 6.00797E-05
 6.00881E-05
 6.00966E-05
 6.01050E-05
 6.01135E-05
 6.03887E-05
 6.03971E-05
 6.04055E-05
 6.04140E-05
 6.04224E-05
 6.05642E-05
 6.07060E-05
 6.07145E-05
 6.07229E-05
 6.07314E-05
 6.10066E-05
 6.10150E-05
 6.12902E-05
 6.15654E-05
 6.17072E-05
 6.17156E-05
 6.17240E-05
 6.17325E-05
 6.17409E-05
 6.18827E-05
 6.21579E-05
 6.22997E-05
 6.23082E-05
 6.23166E-05
 6.23250E-05
 6.23335E-05
 6.23419E-05
 6.26171E-05
 6.26255E-05
 6.26340E-05
 6.27758E-05
 6.29176E-05
 6.29260E-05
 6.29344E-05
 6.29429E-05
 6.29513E-05
 6.29597E-05
 6.29682E-05
 6.31100E-05
 6.31184E-05
 6.32602E-05
 6.34020E-05
 6.34104E-05
 6.35522E-05
 6.35607E-05
 6.35691E-05
 6.37109E-05
 6.38527E-05
 6.38611E-05
 6.38696E-05
 6.38780E-05
 6.40198E-05
 6.41616E-05
 6.44367E-05
 6.45785E-05
 6.48537E-05
 6.51289E-05
 6.52707E-05
 6.52791E-05
 6.52875E-05
 6.54293E-05
 6.55711E-05
 6.55795E-05
 6.55880E-05
 6.57298E-05
 6.57382E-05
 6.58800E-05
 6.58884E-05
 6.61636E-05
 6.65721E-05
 6.68473E-05
 6.68557E-05
 6.68641E-05
 6.70059E-05
 6.70143E-05
 6.70228E-05
 6.70312E-05
 6.71730E-05
 6.71814E-05
 6.71898E-05
 6.71982E-05
 6.73400E-05
 6.73484E-05
 6.73569E-05
 6.73653E-05
 6.76404E-05
 6.76489E-05
 6.77906E-05
 6.77991E-05
 6.78075E-05
 6.78159E-05
 6.79577E-05
 6.79661E-05
 6.82413E-05
 6.82497E-05
 6.85248E-05
 6.85333E-05
 6.85417E-05
 6.85501E-05
 6.85585E-05
 6.85669E-05
 6.87087E-05
 6.89839E-05
 6.89923E-05
 6.91341E-05
 6.92758E-05
 6.94176E-05
 6.94260E-05
 6.94345E-05
 6.94429E-05
 6.94513E-05
 6.94597E-05
 6.94681E-05
 6.94765E-05
 6.96183E-05
 6.97601E-05
 6.99019E-05
 6.99103E-05
 7.00520E-05
 7.03272E-05
 7.06023E-05
 7.07441E-05
 7.08859E-05
 7.08943E-05
 7.10361E-05
 7.11779E-05
 7.14530E-05
 7.14614E-05
 7.14698E-05
 7.17450E-05
 7.18868E-05
 7.18952E-05
 7.19036E-05
 7.20453E-05
 7.20538E-05
 7.20622E-05
 7.23373E-05
 7.23457E-05
 7.26209E-05
 7.26293E-05
 7.26377E-05
 7.26461E-05
 7.26545E-05
 7.27962E-05
 7.29380E-05
 7.30798E-05
 7.30882E-05
 7.30966E-05
 7.31050E-05
 7.35135E-05
 7.35219E-05
 7.39304E-05
 7.39388E-05
 7.40806E-05
 7.40890E-05
 7.40974E-05
 7.41058E-05
 7.41142E-05
 7.41226E-05
 7.41310E-05
 7.42728E-05
 7.42812E-05
 7.42896E-05
 7.44313E-05
 7.45731E-05
 7.45815E-05
 7.45899E-05
 7.47317E-05
 7.47401E-05
 7.47485E-05
 7.47569E-05
 7.48986E-05
 7.49070E-05
 7.49154E-05
 7.49238E-05
 7.50656E-05
 7.52073E-05
 7.53491E-05
 7.53575E-05
 7.56326E-05
 7.56410E-05
 7.57828E-05
 7.57912E-05
 7.59330E-05
 7.62081E-05
 7.62165E-05
 7.64916E-05
 7.67668E-05
 7.70419E-05
 7.70503E-05
 7.71921E-05
 7.73338E-05
 7.73422E-05
 7.74840E-05
 7.76257E-05
 7.76341E-05
 7.76425E-05
 7.77843E-05
 7.79260E-05
 7.79344E-05
 7.80762E-05
 7.80846E-05
 7.80929E-05
 7.81013E-05
 7.83765E-05
 7.85182E-05
 7.86600E-05
 7.88018E-05
 7.89435E-05
 7.90853E-05
 7.90937E-05
 7.92354E-05
 7.92438E-05
 7.93856E-05
 7.93939E-05
 7.94023E-05
 7.94107E-05
 7.95525E-05
 7.95608E-05
 7.97026E-05
 7.97110E-05
 7.97194E-05
 7.97277E-05
 7.97361E-05
 7.98779E-05
 8.01530E-05
 8.01614E-05
 8.01698E-05
 8.04449E-05
 8.04533E-05
 8.05950E-05
 8.06034E-05
 8.07452E-05
 8.07536E-05
 8.08953E-05
 8.09037E-05
 8.09121E-05
 8.11872E-05
 8.13290E-05
 8.13373E-05
 8.13457E-05
 8.14875E-05
 8.14958E-05
 8.15042E-05
 8.16460E-05
 8.17877E-05
 8.17961E-05
 8.19378E-05
 8.19462E-05
 8.20880E-05
 8.23631E-05
 8.23715E-05
 8.23798E-05
 8.23882E-05
 8.26633E-05
 8.26717E-05
 8.28135E-05
 8.28218E-05
 8.29636E-05
 8.29719E-05
 8.33804E-05
 8.35222E-05
 8.35306E-05
 8.36723E-05
 8.38141E-05
 8.38224E-05
 8.40976E-05
 8.42393E-05
 8.43810E-05
 8.43894E-05
 8.45312E-05
 8.46729E-05
 8.46813E-05
 8.49564E-05
 8.52315E-05
 8.52399E-05
 8.52483E-05
 8.52566E-05
 8.53984E-05
 8.54067E-05
 8.55485E-05
 8.55568E-05
 8.55652E-05
 8.57070E-05
 8.57153E-05
 8.57237E-05
 8.57321E-05
 8.57404E-05
 8.60155E-05
 8.60239E-05
 8.60323E-05
 8.63074E-05
 8.64491E-05
 8.64575E-05
 8.67326E-05
 8.68744E-05
 8.68827E-05
 8.70245E-05
 8.70328E-05
 8.70412E-05
 8.70496E-05
 8.70579E-05
 8.70663E-05
 8.70746E-05
 8.70830E-05
 8.70914E-05
 8.72331E-05
 8.75082E-05
 8.75166E-05
 8.75249E-05
 8.75333E-05
 8.75417E-05
 8.75500E-05
 8.76918E-05
 8.81003E-05
 8.82420E-05
 8.82503E-05
 8.82587E-05
 8.86672E-05
 8.86756E-05
 8.88173E-05
 8.89590E-05
 8.91008E-05
 8.91091E-05
 8.91175E-05
 8.91258E-05
 8.94010E-05
 8.95427E-05
 8.98178E-05
 8.99595E-05
 8.99679E-05
 9.01096E-05
 9.02513E-05
 9.02597E-05
 9.05348E-05
 9.08099E-05
 9.08183E-05
 9.08266E-05
 9.08350E-05
 9.09767E-05
 9.09851E-05
 9.09934E-05
 9.11351E-05
 9.11435E-05
 9.12852E-05
 9.12936E-05
 9.14353E-05
 9.14437E-05
 9.15854E-05
 9.15937E-05
 9.17355E-05
 9.20106E-05
 9.22857E-05
 9.22940E-05
 9.23024E-05
 9.23107E-05
 9.23191E-05
 9.24608E-05
 9.27359E-05
 9.27443E-05
 9.27526E-05
 9.27610E-05
 9.30361E-05
 9.30444E-05
 9.33195E-05
 9.33279E-05
 9.33362E-05
 9.34780E-05
 9.34863E-05
 9.34947E-05
 9.35030E-05
 9.36447E-05
 9.36531E-05
 9.36614E-05
 9.38032E-05
 9.38115E-05
 9.38199E-05
 9.39616E-05
 9.41033E-05
 9.41116E-05
 9.42534E-05
 9.43951E-05
 9.48036E-05
 9.48119E-05
 9.49536E-05
 9.49620E-05
 9.49703E-05
 9.52454E-05
 9.53872E-05
 9.53955E-05
 9.54038E-05
 9.55456E-05
 9.56873E-05
 9.56956E-05
 9.57040E-05
 9.57123E-05
 9.57207E-05
 9.58624E-05
 9.58707E-05
 9.58791E-05
 9.60208E-05
 9.62959E-05
 9.65710E-05
 9.67127E-05
 9.67210E-05
 9.69961E-05
 9.71379E-05
 9.72796E-05
 9.74213E-05
 9.74296E-05
 9.75713E-05
 9.77131E-05
 9.78548E-05
 9.78631E-05
 9.78715E-05
 9.80132E-05
 9.81549E-05
 9.84300E-05
 9.85717E-05
 9.87134E-05
 9.88551E-05
 9.88635E-05
 9.90052E-05
 9.91469E-05
 9.91552E-05
 9.91636E-05
 9.91719E-05
 9.91803E-05
 9.91886E-05
 9.91969E-05
 9.92053E-05
 9.96137E-05
 9.96221E-05
 9.96304E-05
 9.96387E-05
 9.96471E-05
 9.96554E-05
 9.96637E-05
 9.98055E-05
 1.00081E-04
 1.00089E-04
 1.00364E-04
 1.00372E-04
 1.00514E-04
 1.00522E-04
 1.00531E-04
 1.00672E-04
 1.00681E-04
 1.00822E-04
 1.00964E-04
 1.00972E-04
 1.01114E-04
 1.01123E-04
 1.01264E-04
 1.01273E-04
 1.01414E-04
 1.01556E-04
 1.01831E-04
 1.02106E-04
 1.02115E-04
 1.02256E-04
 1.02265E-04
 1.02273E-04
 1.02415E-04
 1.02423E-04
 1.02431E-04
 1.02440E-04
 1.02448E-04
 1.02723E-04
 1.02865E-04
 1.02873E-04
 1.03015E-04
 1.03156E-04
 1.03432E-04
 1.03573E-04
 1.03715E-04
 1.03857E-04
 1.03998E-04
 1.04007E-04
 1.04148E-04
 1.04157E-04
 1.04298E-04
 1.04573E-04
 1.04582E-04
 1.04590E-04
 1.04598E-04
 1.04874E-04
 1.04882E-04
 1.05024E-04
 1.05165E-04
 1.05174E-04
 1.05449E-04
 1.05457E-04
 1.05465E-04
 1.05474E-04
 1.05482E-04
 1.05490E-04
 1.05632E-04
 1.05640E-04
 1.05782E-04
 1.06057E-04
 1.06199E-04
 1.06341E-04
 1.06482E-04
 1.06624E-04
 1.06632E-04
 1.06907E-04
 1.06916E-04
 1.06924E-04
 1.06932E-04
 1.06941E-04
 1.07082E-04
 1.07357E-04
 1.07499E-04
 1.07641E-04
 1.07649E-04
 1.07657E-04
 1.07666E-04
 1.07807E-04
 1.07816E-04
 1.07824E-04
 1.07832E-04
 1.07974E-04
 1.07982E-04
 1.07991E-04
 1.07999E-04
 1.08274E-04
 1.08416E-04
 1.08558E-04
 1.08566E-04
 1.08574E-04
 1.08716E-04
 1.08724E-04
 1.09133E-04
 1.09141E-04
 1.09416E-04
 1.09424E-04
 1.09566E-04
 1.09708E-04
 1.09716E-04
 1.09724E-04
 1.09866E-04
 1.10008E-04
 1.10016E-04
 1.10024E-04
 1.10166E-04
 1.10174E-04
 1.10450E-04
 1.10591E-04
 1.10600E-04
 1.10608E-04
 1.10616E-04
 1.10758E-04
 1.11166E-04
 1.11175E-04
 1.11450E-04
 1.11458E-04
 1.11466E-04
 1.11875E-04
 1.12016E-04
 1.12025E-04
 1.12033E-04
 1.12308E-04
 1.12316E-04
 1.12458E-04
 1.12466E-04
 1.12608E-04
 1.12750E-04
 1.12758E-04
 1.12900E-04
 1.13042E-04
 1.13050E-04
 1.13058E-04
 1.13333E-04
 1.13608E-04
 1.13617E-04
 1.13758E-04
 1.13767E-04
 1.13775E-04
 1.13783E-04
 1.13925E-04
 1.14067E-04
 1.14075E-04
 1.14083E-04
 1.14092E-04
 1.14100E-04
 1.14242E-04
 1.14250E-04
 1.14392E-04
 1.14400E-04
 1.14541E-04
 1.14550E-04
 1.14558E-04
 1.14566E-04
 1.14575E-04
 1.14716E-04
 1.14858E-04
 1.15133E-04
 1.15408E-04
 1.15683E-04
 1.15692E-04
 1.15833E-04
 1.15842E-04
 1.15983E-04
 1.15992E-04
 1.16133E-04
 1.16275E-04
 1.16283E-04
 1.16558E-04
 1.16833E-04
 1.16975E-04
 1.16983E-04
 1.16992E-04
 1.17000E-04
 1.17142E-04
 1.17283E-04
 1.17292E-04
 1.17300E-04
 1.17442E-04
 1.17583E-04
 1.17592E-04
 1.17600E-04
 1.17742E-04
 1.17750E-04
 1.17758E-04
 1.17767E-04
 1.17775E-04
 1.17783E-04
 1.18058E-04
 1.18200E-04
 1.18742E-04
 1.18883E-04
 1.19025E-04
 1.19300E-04
 1.19308E-04
 1.19450E-04
 1.19458E-04
 1.19467E-04
 1.19475E-04
 1.19750E-04
 1.19758E-04
 1.19900E-04
 1.19908E-04
 1.19917E-04
 1.20058E-04
 1.20067E-04
 1.20208E-04
 1.20350E-04
 1.20492E-04
 1.20767E-04
 1.20908E-04
 1.20917E-04
 1.21192E-04
 1.21200E-04
 1.21208E-04
 1.21217E-04
 1.21358E-04
 1.21367E-04
 1.21375E-04
 1.21517E-04
 1.21525E-04
 1.21667E-04
 1.21808E-04
 1.21950E-04
 1.22092E-04
 1.22100E-04
 1.22108E-04
 1.22250E-04
 1.22525E-04
 1.22667E-04
 1.22675E-04
 1.22683E-04
 1.22692E-04
 1.22833E-04
 1.22975E-04
 1.23117E-04
 1.23125E-04
 1.23267E-04
 1.23275E-04
 1.23416E-04
 1.23425E-04
 1.23566E-04
 1.23708E-04
 1.23716E-04
 1.23858E-04
 1.23866E-04
 1.24008E-04
 1.24016E-04
 1.24158E-04
 1.24300E-04
 1.24308E-04
 1.24316E-04
 1.24458E-04
 1.24600E-04
 1.24608E-04
 1.25016E-04
 1.25025E-04
 1.25033E-04
 1.25441E-04
 1.25450E-04
 1.25458E-04
 1.25733E-04
 1.25741E-04
 1.25750E-04
 1.25891E-04
 1.25900E-04
 1.26041E-04
 1.26050E-04
 1.26325E-04
 1.26733E-04
 1.26741E-04
 1.26883E-04
 1.27025E-04
 1.27033E-04
 1.27175E-04
 1.27316E-04
 1.27325E-04
 1.27466E-04
 1.27474E-04
 1.27483E-04
 1.27491E-04
 1.27499E-04
 1.28041E-04
 1.28049E-04
 1.28058E-04
 1.28199E-04
 1.28341E-04
 1.28349E-04
 1.28491E-04
 1.28499E-04
 1.28774E-04
 1.28916E-04
 1.28924E-04
 1.28933E-04
 1.29074E-04
 1.29083E-04
 1.29091E-04
 1.29233E-04
 1.29508E-04
 1.29516E-04
 1.29524E-04
 1.29666E-04
 1.29807E-04
 1.29816E-04
 1.29824E-04
 1.29832E-04
 1.29974E-04
 1.29982E-04
 1.30124E-04
 1.30132E-04
 1.30274E-04
 1.30416E-04
 1.30424E-04
 1.30566E-04
 1.30707E-04
 1.30849E-04
 1.30991E-04
 1.31132E-04
 1.31140E-04
 1.31282E-04
 1.31424E-04
 1.31699E-04
 1.31840E-04
 1.31849E-04
 1.31990E-04
 1.32265E-04
 1.32274E-04
 1.32282E-04
 1.32290E-04
 1.32299E-04
 1.32707E-04
 1.32849E-04
 1.32990E-04
 1.32999E-04
 1.33007E-04
 1.33149E-04
 1.33290E-04
 1.33299E-04
 1.33307E-04
 1.33315E-04
 1.33457E-04
 1.33465E-04
 1.33473E-04
 1.33482E-04
 1.33623E-04
 1.33898E-04
 1.33907E-04
 1.33915E-04
 1.34057E-04
 1.34198E-04
 1.34206E-04
 1.34348E-04
 1.34356E-04
 1.34498E-04
 1.34773E-04
 1.35182E-04
 1.35190E-04
 1.35331E-04
 1.35473E-04
 1.35748E-04
 1.35756E-04
 1.35898E-04
 1.36173E-04
 1.36315E-04
 1.36323E-04
 1.36331E-04
 1.36340E-04
 1.36481E-04
 1.36490E-04
 1.36498E-04
 1.36639E-04
 1.36648E-04
 1.36923E-04
 1.36931E-04
 1.37206E-04
 1.37348E-04
 1.37356E-04
 1.37498E-04
 1.37639E-04
 1.37648E-04
 1.37656E-04
 1.37798E-04
 1.37806E-04
 1.37814E-04
 1.37822E-04
 1.37831E-04
 1.37839E-04
 1.37981E-04
 1.38122E-04
 1.38264E-04
 1.38406E-04
 1.38547E-04
 1.38555E-04
 1.38831E-04
 1.38839E-04
 1.38980E-04
 1.38989E-04
 1.39397E-04
 1.39405E-04
 1.39414E-04
 1.39689E-04
 1.39697E-04
 1.39839E-04
 1.39980E-04
 1.39989E-04
 1.40130E-04
 1.40139E-04
 1.40147E-04
 1.40155E-04
 1.40163E-04
 1.40438E-04
 1.40580E-04
 1.40588E-04
 1.40730E-04
 1.40738E-04
 1.40746E-04
 1.40888E-04
 1.40896E-04
 1.41305E-04
 1.41313E-04
 1.41455E-04
 1.41463E-04
 1.41738E-04
 1.41880E-04
 1.42021E-04
 1.42030E-04
 1.42171E-04
 1.42180E-04
 1.42188E-04
 1.42196E-04
 1.42605E-04
 1.42746E-04
 1.42888E-04
 1.43163E-04
 1.43304E-04
 1.43580E-04
 1.43588E-04
 1.43729E-04
 1.43871E-04
 1.43879E-04
 1.43888E-04
 1.43896E-04
 1.43904E-04
 1.44179E-04
 1.44187E-04
 1.44329E-04
 1.44337E-04
 1.44346E-04
 1.44487E-04
 1.44496E-04
 1.44504E-04
 1.44512E-04
 1.44654E-04
 1.44795E-04
 1.45070E-04
 1.45212E-04
 1.45220E-04
 1.45229E-04
 1.45504E-04
 1.45645E-04
 1.45787E-04
 1.45795E-04
 1.45937E-04
 1.45945E-04
 1.45953E-04
 1.45962E-04
 1.45970E-04
 1.46245E-04
 1.46387E-04
 1.46528E-04
 1.46670E-04
 1.46812E-04
 1.46820E-04
 1.46828E-04
 1.46836E-04
 1.46978E-04
 1.46986E-04
 1.47395E-04
 1.47403E-04
 1.47678E-04
 1.47820E-04
 1.47828E-04
 1.48103E-04
 1.48111E-04
 1.48119E-04
 1.48128E-04
 1.48269E-04
 1.48411E-04
 1.48419E-04
 1.48427E-04
 1.48436E-04
 1.48711E-04
 1.48986E-04
 1.48994E-04
 1.49002E-04
 1.49011E-04
 1.49019E-04
 1.49427E-04
 1.49569E-04
 1.49711E-04
 1.49852E-04
 1.49860E-04
 1.49869E-04
 1.50144E-04
 1.50152E-04
 1.50160E-04
 1.50302E-04
 1.50444E-04
 1.50452E-04
 1.50460E-04
 1.50468E-04
 1.50477E-04
 1.50618E-04
 1.50760E-04
 1.50901E-04
 1.51176E-04
 1.51318E-04
 1.51460E-04
 1.51468E-04
 1.51476E-04
 1.51618E-04
 1.51893E-04
 1.51901E-04
 1.51909E-04
 1.51918E-04
 1.52326E-04
 1.52601E-04
 1.52609E-04
 1.52884E-04
 1.52893E-04
 1.53168E-04
 1.53309E-04
 1.53451E-04
 1.53593E-04
 1.53601E-04
 1.53609E-04
 1.53884E-04
 1.53892E-04
 1.53901E-04
 1.53909E-04
 1.54051E-04
 1.54059E-04
 1.54200E-04
 1.54342E-04
 1.54350E-04
 1.54359E-04
 1.54367E-04
 1.54642E-04
 1.54650E-04
 1.54792E-04
 1.54800E-04
 1.54808E-04
 1.55083E-04
 1.55092E-04
 1.55233E-04
 1.55241E-04
 1.55250E-04
 1.55258E-04
 1.55266E-04
 1.55275E-04
 1.55283E-04
 1.55558E-04
 1.55566E-04
 1.56108E-04
 1.56249E-04
 1.56391E-04
 1.56533E-04
 1.56674E-04
 1.56683E-04
 1.56691E-04
 1.56833E-04
 1.56841E-04
 1.56982E-04
 1.56991E-04
 1.56999E-04
 1.57274E-04
 1.57549E-04
 1.57691E-04
 1.57832E-04
 1.57974E-04
 1.57982E-04
 1.57990E-04
 1.58132E-04
 1.58140E-04
 1.58282E-04
 1.58424E-04
 1.58565E-04
 1.58573E-04
 1.58715E-04
 1.58857E-04
 1.58865E-04
 1.58873E-04
 1.58881E-04
 1.58890E-04
 1.58898E-04
 1.58906E-04
 1.59315E-04
 1.59590E-04
 1.59865E-04
 1.60006E-04
 1.60148E-04
 1.60290E-04
 1.60298E-04
 1.60306E-04
 1.60448E-04
 1.60723E-04
 1.60998E-04
 1.61006E-04
 1.61414E-04
 1.61423E-04
 1.61431E-04
 1.61573E-04
 1.61581E-04
 1.61722E-04
 1.61864E-04
 1.61872E-04
 1.61881E-04
 1.61889E-04
 1.61897E-04
 1.62039E-04
 1.62180E-04
 1.62189E-04
 1.62197E-04
 1.62205E-04
 1.62213E-04
 1.62355E-04
 1.62497E-04
 1.62638E-04
 1.62646E-04
 1.62788E-04
 1.62796E-04
 1.62938E-04
 1.63080E-04
 1.63221E-04
 1.63363E-04
 1.63638E-04
 1.63779E-04
 1.64054E-04
 1.64196E-04
 1.64204E-04
 1.64213E-04
 1.64221E-04
 1.64229E-04
 1.64237E-04
 1.64379E-04
 1.64521E-04
 1.64662E-04
 1.64804E-04
 1.64945E-04
 1.65087E-04
 1.65095E-04
 1.65237E-04
 1.65245E-04
 1.65520E-04
 1.65795E-04
 1.65804E-04
 1.65945E-04
 1.66087E-04
 1.66095E-04
 1.66103E-04
 1.66112E-04
 1.66253E-04
 1.66395E-04
 1.66403E-04
 1.66545E-04
 1.66553E-04
 1.66695E-04
 1.66836E-04
 1.66844E-04
 1.66986E-04
 1.66994E-04
 1.67002E-04
 1.67144E-04
 1.67286E-04
 1.67294E-04
 1.67436E-04
 1.67444E-04
 1.67586E-04
 1.67594E-04
 1.67869E-04
 1.68010E-04
 1.68285E-04
 1.68427E-04
 1.68702E-04
 1.68844E-04
 1.69119E-04
 1.69127E-04
 1.69135E-04
 1.69410E-04
 1.69552E-04
 1.69560E-04
 1.69568E-04
 1.69710E-04
 1.69852E-04
 1.69993E-04
 1.70001E-04
 1.70010E-04
 1.70418E-04
 1.70426E-04
 1.70435E-04
 1.70576E-04
 1.70584E-04
 1.70593E-04
 1.70734E-04
 1.70876E-04
 1.71017E-04
 1.71159E-04
 1.71301E-04
 1.71442E-04
 1.71451E-04
 1.71726E-04
 1.71867E-04
 1.71875E-04
 1.71884E-04
 1.71892E-04
 1.72167E-04
 1.72175E-04
 1.72183E-04
 1.72592E-04
 1.72600E-04
 1.72608E-04
 1.72750E-04
 1.72758E-04
 1.72766E-04
 1.72775E-04
 1.72783E-04
 1.72925E-04
 1.73066E-04
 1.73074E-04
 1.73083E-04
 1.73091E-04
 1.73099E-04
 1.73374E-04
 1.73516E-04
 1.73657E-04
 1.73666E-04
 1.73807E-04
 1.73949E-04
 1.73957E-04
 1.74232E-04
 1.74240E-04
 1.74249E-04
 1.74524E-04
 1.74665E-04
 1.74940E-04
 1.74948E-04
 1.74957E-04
 1.75098E-04
 1.75373E-04
 1.75782E-04
 1.75790E-04
 1.75932E-04
 1.75940E-04
 1.75948E-04
 1.75956E-04
 1.76098E-04
 1.76106E-04
 1.76114E-04
 1.76256E-04
 1.76264E-04
 1.76272E-04
 1.76548E-04
 1.76823E-04
 1.76964E-04
 1.77106E-04
 1.77247E-04
 1.77256E-04
 1.77531E-04
 1.77672E-04
 1.77814E-04
 1.77822E-04
 1.78097E-04
 1.78105E-04
 1.78114E-04
 1.78255E-04
 1.78397E-04
 1.78405E-04
 1.78547E-04
 1.78688E-04
 1.78697E-04
 1.78705E-04
 1.78846E-04
 1.78855E-04
 1.79130E-04
 1.79271E-04
 1.79413E-04
 1.79421E-04
 1.79696E-04
 1.79971E-04
 1.79979E-04
 1.79988E-04
 1.80263E-04
 1.80404E-04
 1.80546E-04
 1.80554E-04
 1.80696E-04
 1.80704E-04
 1.80712E-04
 1.80720E-04
 1.80729E-04
 1.80737E-04
 1.80745E-04
 1.80887E-04
 1.81162E-04
 1.81170E-04
 1.81445E-04
 1.81453E-04
 1.81461E-04
 1.81603E-04
 1.81611E-04
 1.81619E-04
 1.81894E-04
 1.82036E-04
 1.82044E-04
 1.82186E-04
 1.82328E-04
 1.82469E-04
 1.82477E-04
 1.82619E-04
 1.82761E-04
 1.82769E-04
 1.82777E-04
 1.82919E-04
 1.83060E-04
 1.83335E-04
 1.83477E-04
 1.83619E-04
 1.83760E-04
 1.84035E-04
 1.84043E-04
 1.84052E-04
 1.84060E-04
 1.84202E-04
 1.84343E-04
 1.84485E-04
 1.84493E-04
 1.84635E-04
 1.84910E-04
 1.84918E-04
 1.84926E-04
 1.84934E-04
 1.84943E-04
 1.84951E-04
 1.84959E-04
 1.85234E-04
 1.85376E-04
 1.85517E-04
 1.85659E-04
 1.85667E-04
 1.85675E-04
 1.85684E-04
 1.85825E-04
 1.86100E-04
 1.86108E-04
 1.86517E-04
 1.86525E-04
 1.86667E-04
 1.86675E-04
 1.86816E-04
 1.86958E-04
 1.87233E-04
 1.87375E-04
 1.87383E-04
 1.87525E-04
 1.87800E-04
 1.88075E-04
 1.88083E-04
 1.88091E-04
 1.88366E-04
 1.88508E-04
 1.88783E-04
 1.88791E-04
 1.88932E-04
 1.88941E-04
 1.89216E-04
 1.89357E-04
 1.89499E-04
 1.89507E-04
 1.89515E-04
 1.89524E-04
 1.89532E-04
 1.89673E-04
 1.89815E-04
 1.89823E-04
 1.89965E-04
 1.89973E-04
 1.89981E-04
 1.89990E-04
 1.90131E-04
 1.90406E-04
 1.90414E-04
 1.90689E-04
 1.90698E-04
 1.90706E-04
 1.90847E-04
 1.90856E-04
 1.90997E-04
 1.91139E-04
 1.91281E-04
 1.91422E-04
 1.91430E-04
 1.91572E-04
 1.91580E-04
 1.91588E-04
 1.91597E-04
 1.91605E-04
 1.91613E-04
 1.91888E-04
 1.92030E-04
 1.92305E-04
 1.92313E-04
 1.92455E-04
 1.92463E-04
 1.92471E-04
 1.92613E-04
 1.92621E-04
 1.92762E-04
 1.92904E-04
 1.93046E-04
 1.93187E-04
 1.93196E-04
 1.93337E-04
 1.93345E-04
 1.93620E-04
 1.93762E-04
 1.93770E-04
 1.93778E-04
 1.94053E-04
 1.94328E-04
 1.94603E-04
 1.94745E-04
 1.94753E-04
 1.94761E-04
 1.94770E-04
 1.94911E-04
 1.95186E-04
 1.95195E-04
 1.95203E-04
 1.95211E-04
 1.95219E-04
 1.95361E-04
 1.95502E-04
 1.95777E-04
 1.96186E-04
 1.96461E-04
 1.96736E-04
 1.96744E-04
 1.96752E-04
 1.96894E-04
 1.96902E-04
 1.97044E-04
 1.97185E-04
 1.97327E-04
 1.97335E-04
 1.97343E-04
 1.97485E-04
 1.97627E-04
 1.97635E-04
 1.97910E-04
 1.98185E-04
 1.98193E-04
 1.98335E-04
 1.98476E-04
 1.98484E-04
 1.98626E-04
 1.98634E-04
 1.98642E-04
 1.98651E-04
 1.98792E-04
 1.98934E-04
 1.98942E-04
 1.98950E-04
 1.98959E-04
 1.99234E-04
 1.99375E-04
 1.99650E-04
 1.99658E-04
 1.99667E-04
 1.99808E-04
 1.99816E-04
 1.99958E-04
 2.00100E-04
 2.00108E-04
 2.00250E-04
 2.00525E-04
 2.00800E-04
 2.00808E-04
 2.00816E-04
 2.00958E-04
 2.00966E-04
 2.01107E-04
 2.01116E-04
 2.01124E-04
 2.01399E-04
 2.01540E-04
 2.01549E-04
 2.01557E-04
 2.01565E-04
 2.01707E-04
 2.01982E-04
 2.01990E-04
 2.01998E-04
 2.02140E-04
 2.02148E-04
 2.02290E-04
 2.02431E-04
 2.02439E-04
 2.02714E-04
 2.02723E-04
 2.02864E-04
 2.02872E-04
 2.02881E-04
 2.03156E-04
 2.03297E-04
 2.03305E-04
 2.03580E-04
 2.03722E-04
 2.03864E-04
 2.03872E-04
 2.03880E-04
 2.04022E-04
 2.04030E-04
 2.04305E-04
 2.04313E-04
 2.04321E-04
 2.04463E-04
 2.04605E-04
 2.04613E-04
 2.04754E-04
 2.04896E-04
 2.05171E-04
 2.05446E-04
 2.05588E-04
 2.05863E-04
 2.05871E-04
 2.05879E-04
 2.06154E-04
 2.06162E-04
 2.06170E-04
 2.06312E-04
 2.06320E-04
 2.06595E-04
 2.06603E-04
 2.06878E-04
 2.07287E-04
 2.07428E-04
 2.07437E-04
 2.07578E-04
 2.07720E-04
 2.07861E-04
 2.08003E-04
 2.08011E-04
 2.08020E-04
 2.08028E-04
 2.08036E-04
 2.08444E-04
 2.08586E-04
 2.08728E-04
 2.08736E-04
 2.08744E-04
 2.08886E-04
 2.08894E-04
 2.09169E-04
 2.09444E-04
 2.09452E-04
 2.09460E-04
 2.09602E-04
 2.09610E-04
 2.09618E-04
 2.09760E-04
 2.09768E-04
 2.09910E-04
 2.09918E-04
 2.10059E-04
 2.10068E-04
 2.10209E-04
 2.10218E-04
 2.10359E-04
 2.10501E-04
 2.10776E-04
 2.10784E-04
 2.11059E-04
 2.11067E-04
 2.11075E-04
 2.11084E-04
 2.11092E-04
 2.11233E-04
 2.11375E-04
 2.11383E-04
 2.11391E-04
 2.11533E-04
 2.11675E-04
 2.11683E-04
 2.11824E-04
 2.11833E-04
 2.11841E-04
 2.11849E-04
 2.11991E-04
 2.11999E-04
 2.12007E-04
 2.12015E-04
 2.12290E-04
 2.12432E-04
 2.12573E-04
 2.12715E-04
 2.12990E-04
 2.13132E-04
 2.13140E-04
 2.13548E-04
 2.13556E-04
 2.13698E-04
 2.13840E-04
 2.13981E-04
 2.14123E-04
 2.14131E-04
 2.14273E-04
 2.14414E-04
 2.14556E-04
 2.14697E-04
 2.14839E-04
 2.15247E-04
 2.15389E-04
 2.15531E-04
 2.15539E-04
 2.15814E-04
 2.15955E-04
 2.15964E-04
 2.15972E-04
 2.16247E-04
 2.16255E-04
 2.16263E-04
 2.16672E-04
 2.16680E-04
 2.16821E-04
 2.16830E-04
 2.16971E-04
 2.17113E-04
 2.17254E-04
 2.17396E-04
 2.17404E-04
 2.17679E-04
 2.17687E-04
 2.17829E-04
 2.17971E-04
 2.18112E-04
 2.18120E-04
 2.18262E-04
 2.18404E-04
 2.18412E-04
 2.18420E-04
 2.18562E-04
 2.18703E-04
 2.18711E-04
 2.18853E-04
 2.18861E-04
 2.18869E-04
 2.18878E-04
 2.19019E-04
 2.19027E-04
 2.19169E-04
 2.19177E-04
 2.19319E-04
 2.19594E-04
 2.19869E-04
 2.20010E-04
 2.20285E-04
 2.20294E-04
 2.20435E-04
 2.20443E-04
 2.20718E-04
 2.20727E-04
 2.20868E-04
 2.20876E-04
 2.20885E-04
 2.21026E-04
 2.21034E-04
 2.21043E-04
 2.21051E-04
 2.21059E-04
 2.21201E-04
 2.21209E-04
 2.21217E-04
 2.21359E-04
 2.21634E-04
 2.21775E-04
 2.21917E-04
 2.22058E-04
 2.22067E-04
 2.22208E-04
 2.22216E-04
 2.22225E-04
 2.22633E-04
 2.22641E-04
 2.22649E-04
 2.22658E-04
 2.22666E-04
 2.22807E-04
 2.22949E-04
 2.22957E-04
 2.22965E-04
 2.23107E-04
 2.23249E-04
 2.23390E-04
 2.23799E-04
 2.23940E-04
 2.24082E-04
 2.24223E-04
 2.24232E-04
 2.24373E-04
 2.24515E-04
 2.24923E-04
 2.24931E-04
 2.25073E-04
 2.25081E-04
 2.25356E-04
 2.25364E-04
 2.25372E-04
 2.25381E-04
 2.25656E-04
 2.25797E-04
 2.25939E-04
 2.26214E-04
 2.26355E-04
 2.26364E-04
 2.26372E-04
 2.26647E-04
 2.26655E-04
 2.26796E-04
 2.26805E-04
 2.26946E-04
 2.27355E-04
 2.27363E-04
 2.27638E-04
 2.27779E-04
 2.27921E-04
 2.27929E-04
 2.27937E-04
 2.28212E-04
 2.28621E-04
 2.28629E-04
 2.28904E-04
 2.28912E-04
 2.28920E-04
 2.28928E-04
 2.28937E-04
 2.28945E-04
 2.28953E-04
 2.29095E-04
 2.29236E-04
 2.29244E-04
 2.29519E-04
 2.29661E-04
 2.29803E-04
 2.29811E-04
 2.29819E-04
 2.29961E-04
 2.30102E-04
 2.30377E-04
 2.30519E-04
 2.30660E-04
 2.30668E-04
 2.30677E-04
 2.30685E-04
 2.30693E-04
 2.30701E-04
 2.30709E-04
 2.30718E-04
 2.30859E-04
 2.31001E-04
 2.31142E-04
 2.31284E-04
 2.31426E-04
 2.31434E-04
 2.31442E-04
 2.31450E-04
 2.31592E-04
 2.31733E-04
 2.31741E-04
 2.31883E-04
 2.32025E-04
 2.32033E-04
 2.32174E-04
 2.32183E-04
 2.32324E-04
 2.32599E-04
 2.32741E-04
 2.32882E-04
 2.32890E-04
 2.32899E-04
 2.32907E-04
 2.33048E-04
 2.33057E-04
 2.33198E-04
 2.33340E-04
 2.33348E-04
 2.33356E-04
 2.33364E-04
 2.33639E-04
 2.33647E-04
 2.33789E-04
 2.34197E-04
 2.34606E-04
 2.34747E-04
 2.34889E-04
 2.35030E-04
 2.35172E-04
 2.35314E-04
 2.35322E-04
 2.35597E-04
 2.35605E-04
 2.35880E-04
 2.36021E-04
 2.36296E-04
 2.36571E-04
 2.36713E-04
 2.36721E-04
 2.36729E-04
 2.37138E-04
 2.37279E-04
 2.37287E-04
 2.37429E-04
 2.37704E-04
 2.37712E-04
 2.37854E-04
 2.37862E-04
 2.38004E-04
 2.38012E-04
 2.38020E-04
 2.38161E-04
 2.38303E-04
 2.38311E-04
 2.38319E-04
 2.38594E-04
 2.38602E-04
 2.38744E-04
 2.39019E-04
 2.39027E-04
 2.39302E-04
 2.39444E-04
 2.39452E-04
 2.39460E-04
 2.39468E-04
 2.39476E-04
 2.39485E-04
 2.39626E-04
 2.39634E-04
 2.39776E-04
 2.39917E-04
 2.39926E-04
 2.39934E-04
 2.39942E-04
 2.40084E-04
 2.40092E-04
 2.40233E-04
 2.40375E-04
 2.40383E-04
 2.40525E-04
 2.40800E-04
 2.40941E-04
 2.41349E-04
 2.41358E-04
 2.41766E-04
 2.41774E-04
 2.41782E-04
 2.41790E-04
 2.41799E-04
 2.41940E-04
 2.42082E-04
 2.42357E-04
 2.42365E-04
 2.42373E-04
 2.42515E-04
 2.42523E-04
 2.42531E-04
 2.42539E-04
 2.42681E-04
 2.42689E-04
 2.42964E-04
 2.43105E-04
 2.43113E-04
 2.43122E-04
 2.43263E-04
 2.43271E-04
 2.43280E-04
 2.43421E-04
 2.43563E-04
 2.43704E-04
 2.43712E-04
 2.43721E-04
 2.43862E-04
 2.43870E-04
 2.44145E-04
 2.44287E-04
 2.44428E-04
 2.44436E-04
 2.44711E-04
 2.44720E-04
 2.44994E-04
 2.45403E-04
 2.45544E-04
 2.45819E-04
 2.45961E-04
 2.46102E-04
 2.46244E-04
 2.46252E-04
 2.46260E-04
 2.46402E-04
 2.46677E-04
 2.46818E-04
 2.46826E-04
 2.47101E-04
 2.47243E-04
 2.47384E-04
 2.47526E-04
 2.47534E-04
 2.47676E-04
 2.47817E-04
 2.47825E-04
 2.47834E-04
 2.47975E-04
 2.48117E-04
 2.48125E-04
 2.48533E-04
 2.48675E-04
 2.48683E-04
 2.48691E-04
 2.48699E-04
 2.49107E-04
 2.49116E-04
 2.49391E-04
 2.49399E-04
 2.49407E-04
 2.49415E-04
 2.49423E-04
 2.49565E-04
 2.49573E-04
 2.49714E-04
 2.49722E-04
 2.50131E-04
 2.50272E-04
 2.50547E-04
 2.50555E-04
 2.50697E-04
 2.50705E-04
 2.50847E-04
 2.50988E-04
 2.51130E-04
 2.51271E-04
 2.51546E-04
 2.51688E-04
 2.51829E-04
 2.51837E-04
 2.51845E-04
 2.51854E-04
 2.51995E-04
 2.52003E-04
 2.52011E-04
 2.52020E-04
 2.52161E-04
 2.52303E-04
 2.52444E-04
 2.52452E-04
 2.52460E-04
 2.52468E-04
 2.52610E-04
 2.52752E-04
 2.52760E-04
 2.52768E-04
 2.52776E-04
 2.52784E-04
 2.52926E-04
 2.53067E-04
 2.53209E-04
 2.53217E-04
 2.53225E-04
 2.53633E-04
 2.53641E-04
 2.53649E-04
 2.53791E-04
 2.53799E-04
 2.53807E-04
 2.53815E-04
 2.53823E-04
 2.54232E-04
 2.54640E-04
 2.54782E-04
 2.55056E-04
 2.55331E-04
 2.55339E-04
 2.55614E-04
 2.55756E-04
 2.55764E-04
 2.55906E-04
 2.56047E-04
 2.56189E-04
 2.56197E-04
 2.56205E-04
 2.56346E-04
 2.56621E-04
 2.56763E-04
 2.56771E-04
 2.56912E-04
 2.57054E-04
 2.57195E-04
 2.57604E-04
 2.57612E-04
 2.57887E-04
 2.57895E-04
 2.57903E-04
 2.58044E-04
 2.58319E-04
 2.58327E-04
 2.58335E-04
 2.58477E-04
 2.58618E-04
 2.58627E-04
 2.58768E-04
 2.58776E-04
 2.59051E-04
 2.59193E-04
 2.59334E-04
 2.59609E-04
 2.59750E-04
 2.59758E-04
 2.59767E-04
 2.59908E-04
 2.59916E-04
 2.60058E-04
 2.60066E-04
 2.60074E-04
 2.60349E-04
 2.60357E-04
 2.60365E-04
 2.60506E-04
 2.60648E-04
 2.60923E-04
 2.61198E-04
 2.61473E-04
 2.61481E-04
 2.61489E-04
 2.61497E-04
 2.61505E-04
 2.61646E-04
 2.61788E-04
 2.61796E-04
 2.61804E-04
 2.62079E-04
 2.62087E-04
 2.62228E-04
 2.62237E-04
 2.62245E-04
 2.62253E-04
 2.62394E-04
 2.62402E-04
 2.62544E-04
 2.62685E-04
 2.62693E-04
 2.62835E-04
 2.62843E-04
 2.62851E-04
 2.63126E-04
 2.63267E-04
 2.63409E-04
 2.63550E-04
 2.63692E-04
 2.63700E-04
 2.63708E-04
 2.63983E-04
 2.63991E-04
 2.63999E-04
 2.64140E-04
 2.64282E-04
 2.64290E-04
 2.64431E-04
 2.64840E-04
 2.65248E-04
 2.65656E-04
 2.65664E-04
 2.65939E-04
 2.66080E-04
 2.66088E-04
 2.66363E-04
 2.66371E-04
 2.66379E-04
 2.66521E-04
 2.66529E-04
 2.66537E-04
 2.66545E-04
 2.66553E-04
 2.66828E-04
 2.67103E-04
 2.67244E-04
 2.67252E-04
 2.67260E-04
 2.67268E-04
 2.67410E-04
 2.67418E-04
 2.67426E-04
 2.67701E-04
 2.67709E-04
 2.67850E-04
 2.67992E-04
 2.68133E-04
 2.68408E-04
 2.68416E-04
 2.68557E-04
 2.68699E-04
 2.68840E-04
 2.68848E-04
 2.68990E-04
 2.69131E-04
 2.69139E-04
 2.69281E-04
 2.69289E-04
 2.69297E-04
 2.69438E-04
 2.69580E-04
 2.69721E-04
 2.69729E-04
 2.70004E-04
 2.70012E-04
 2.70020E-04
 2.70428E-04
 2.70703E-04
 2.70844E-04
 2.70986E-04
 2.71127E-04
 2.71269E-04
 2.71410E-04
 2.71418E-04
 2.71560E-04
 2.71701E-04
 2.71842E-04
 2.71984E-04
 2.71992E-04
 2.72000E-04
 2.72008E-04
 2.72016E-04
 2.72291E-04
 2.72565E-04
 2.72707E-04
 2.72715E-04
 2.72723E-04
 2.72864E-04
 2.72872E-04
 2.72880E-04
 2.73155E-04
 2.73163E-04
 2.73438E-04
 2.73579E-04
 2.73721E-04
 2.73862E-04
 2.73870E-04
 2.73878E-04
 2.73886E-04
 2.73894E-04
 2.73902E-04
 2.74177E-04
 2.74318E-04
 2.74460E-04
 2.74468E-04
 2.74476E-04
 2.74484E-04
 2.74492E-04
 2.74633E-04
 2.74908E-04
 2.75183E-04
 2.75591E-04
 2.75866E-04
 2.76007E-04
 2.76148E-04
 2.76156E-04
 2.76298E-04
 2.76306E-04
 2.76314E-04
 2.76455E-04
 2.76596E-04
 2.76738E-04
 2.76746E-04
 2.77020E-04
 2.77295E-04
 2.77303E-04
 2.77445E-04
 2.77453E-04
 2.77594E-04
 2.77602E-04
 2.77743E-04
 2.77885E-04
 2.78026E-04
 2.78034E-04
 2.78042E-04
 2.78050E-04
 2.78191E-04
 2.78333E-04
 2.78340E-04
 2.78482E-04
 2.78890E-04
 2.79031E-04
 2.79039E-04
 2.79047E-04
 2.79322E-04
 2.79330E-04
 2.79605E-04
 2.79613E-04
 2.79754E-04
 2.79762E-04
 2.79903E-04
 2.79911E-04
 2.79919E-04
 2.80061E-04
 2.80202E-04
 2.80477E-04
 2.80485E-04
 2.80626E-04
 2.80767E-04
 2.80775E-04
 2.80783E-04
 2.81191E-04
 2.81466E-04
 2.81474E-04
 2.81615E-04
 2.81623E-04
 2.81631E-04
 2.81906E-04
 2.81914E-04
 2.81922E-04
 2.82063E-04
 2.82204E-04
 2.82346E-04
 2.82487E-04
 2.82495E-04
 2.82636E-04
 2.82777E-04
 2.83052E-04
 2.83193E-04
 2.83201E-04
 2.83343E-04
 2.83351E-04
 2.83358E-04
 2.83633E-04
 2.83774E-04
 2.83782E-04
 2.83924E-04
 2.83932E-04
 2.84073E-04
 2.84081E-04
 2.84222E-04
 2.84363E-04
 2.84505E-04
 2.84513E-04
 2.84520E-04
 2.84662E-04
 2.84670E-04
 2.84678E-04
 2.84685E-04
 2.84960E-04
 2.85101E-04
 2.85109E-04
 2.85251E-04
 2.85659E-04
 2.85933E-04
 2.85941E-04
 2.86082E-04
 2.86090E-04
 2.86232E-04
 2.86506E-04
 2.86781E-04
 2.86789E-04
 2.87197E-04
 2.87205E-04
 2.87613E-04
 2.87621E-04
 2.87895E-04
 2.87903E-04
 2.88044E-04
 2.88052E-04
 2.88060E-04
 2.88201E-04
 2.88609E-04
 2.88884E-04
 2.89025E-04
 2.89033E-04
 2.89174E-04
 2.89182E-04
 2.89323E-04
 2.89331E-04
 2.89473E-04
 2.89614E-04
 2.89622E-04
 2.89630E-04
 2.89771E-04
 2.89912E-04
 2.89920E-04
 2.89928E-04
 2.89935E-04
 2.89943E-04
 2.89951E-04
 2.89959E-04
 2.89967E-04
 2.90241E-04
 2.90516E-04
 2.90524E-04
 2.90665E-04
 2.90806E-04
 2.91081E-04
 2.91222E-04
 2.91230E-04
 2.91371E-04
 2.91646E-04
 2.91654E-04
 2.91795E-04
 2.91803E-04
 2.91810E-04
 2.91818E-04
 2.91959E-04
 2.91967E-04
 2.91975E-04
 2.92116E-04
 2.92257E-04
 2.92399E-04
 2.92406E-04
 2.92548E-04
 2.92555E-04
 2.92563E-04
 2.92704E-04
 2.92712E-04
 2.92853E-04
 2.92861E-04
 2.93002E-04
 2.93144E-04
 2.93418E-04
 2.93426E-04
 2.93701E-04
 2.93975E-04
 2.93983E-04
 2.93991E-04
 2.94399E-04
 2.94673E-04
 2.94814E-04
 2.94822E-04
 2.94830E-04
 2.94838E-04
 2.94845E-04
 2.94987E-04
 2.95128E-04
 2.95402E-04
 2.95410E-04
 2.95551E-04
 2.95559E-04
 2.95567E-04
 2.95708E-04
 2.96116E-04
 2.96390E-04
 2.96398E-04
 2.96673E-04
 2.96680E-04
 2.96955E-04
 2.97096E-04
 2.97371E-04
 2.97512E-04
 2.97920E-04
 2.98194E-04
 2.98202E-04
 2.98210E-04
 2.98484E-04
 2.98492E-04
 2.98633E-04
 2.98641E-04
 2.98915E-04
 2.99056E-04
 2.99197E-04
 2.99205E-04
 2.99213E-04
 2.99354E-04
 2.99495E-04
 2.99503E-04
 2.99644E-04
 2.99785E-04
 2.99926E-04
 2.99934E-04
 2.99942E-04
 2.99949E-04
 2.99957E-04
 3.00231E-04
 3.00506E-04
 3.00514E-04
 3.00521E-04
 3.00529E-04
 3.00670E-04
 3.00811E-04
 3.00819E-04
 3.00827E-04
 3.00968E-04
 3.01109E-04
 3.01250E-04
 3.01257E-04
 3.01399E-04
 3.01406E-04
 3.01414E-04
 3.01422E-04
 3.01563E-04
 3.01970E-04
 3.01978E-04
 3.02253E-04
 3.02260E-04
 3.02268E-04
 3.02409E-04
 3.02550E-04
 3.02558E-04
 3.02565E-04
 3.02573E-04
 3.02714E-04
 3.02988E-04
 3.03129E-04
 3.03537E-04
 3.03812E-04
 3.03953E-04
 3.03960E-04
 3.03968E-04
 3.03976E-04
 3.04117E-04
 3.04124E-04
 3.04399E-04
 3.04406E-04
 3.04547E-04
 3.04688E-04
 3.04696E-04
 3.04704E-04
 3.04711E-04
 3.04719E-04
 3.04860E-04
 3.04868E-04
 3.04875E-04
 3.04883E-04
 3.04890E-04
 3.04898E-04
 3.04906E-04
 3.05047E-04
 3.05188E-04
 3.05329E-04
 3.05470E-04
 3.05744E-04
 3.05752E-04
 3.06026E-04
 3.06567E-04
 3.06708E-04
 3.07116E-04
 3.07390E-04
 3.07665E-04
 3.07806E-04
 3.07947E-04
 3.07954E-04
 3.08229E-04
 3.08369E-04
 3.08377E-04
 3.08385E-04
 3.08792E-04
 3.08933E-04
 3.08941E-04
 3.09082E-04
 3.09089E-04
 3.09230E-04
 3.09238E-04
 3.09379E-04
 3.09520E-04
 3.09661E-04
 3.09668E-04
 3.09809E-04
 3.09950E-04
 3.10091E-04
 3.10232E-04
 3.10373E-04
 3.10381E-04
 3.10388E-04
 3.10396E-04
 3.10670E-04
 3.10677E-04
 3.10818E-04
 3.10826E-04
 3.11100E-04
 3.11241E-04
 3.11382E-04
 3.11390E-04
 3.11397E-04
 3.11805E-04
 3.11812E-04
 3.11820E-04
 3.12094E-04
 3.12102E-04
 3.12242E-04
 3.12517E-04
 3.12524E-04
 3.12665E-04
 3.12806E-04
 3.12814E-04
 3.12954E-04
 3.13095E-04
 3.13103E-04
 3.13110E-04
 3.13251E-04
 3.13392E-04
 3.13533E-04
 3.13674E-04
 3.13681E-04
 3.13822E-04
 3.13963E-04
 3.14104E-04
 3.14378E-04
 3.14386E-04
 3.14526E-04
 3.14534E-04
 3.14675E-04
 3.14816E-04
 3.14823E-04
 3.14964E-04
 3.14971E-04
 3.15246E-04
 3.15253E-04
 3.15260E-04
 3.15268E-04
 3.15275E-04
 3.15416E-04
 3.15424E-04
 3.15564E-04
 3.15572E-04
 3.15579E-04
 3.15587E-04
 3.15728E-04
 3.16002E-04
 3.16009E-04
 3.16150E-04
 3.16291E-04
 3.16298E-04
 3.16306E-04
 3.16313E-04
 3.16320E-04
 3.16861E-04
 3.17136E-04
 3.17276E-04
 3.17284E-04
 3.17425E-04
 3.17565E-04
 3.17573E-04
 3.17714E-04
 3.17988E-04
 3.18128E-04
 3.18269E-04
 3.18410E-04
 3.18684E-04
 3.18692E-04
 3.18699E-04
 3.19106E-04
 3.19247E-04
 3.19388E-04
 3.19529E-04
 3.19536E-04
 3.19810E-04
 3.19818E-04
 3.20092E-04
 3.20366E-04
 3.20507E-04
 3.20781E-04
 3.20922E-04
 3.20929E-04
 3.20936E-04
 3.20944E-04
 3.21218E-04
 3.21358E-04
 3.21366E-04
 3.21373E-04
 3.21514E-04
 3.21655E-04
 3.21795E-04
 3.21803E-04
 3.21810E-04
 3.21951E-04
 3.22225E-04
 3.22365E-04
 3.22506E-04
 3.22780E-04
 3.22788E-04
 3.22795E-04
 3.22936E-04
 3.23210E-04
 3.23217E-04
 3.23758E-04
 3.23765E-04
 3.23772E-04
 3.23780E-04
 3.23787E-04
 3.23794E-04
 3.23802E-04
 3.23809E-04
 3.23949E-04
 3.24224E-04
 3.24231E-04
 3.24371E-04
 3.24512E-04
 3.24519E-04
 3.24660E-04
 3.24801E-04
 3.24808E-04
 3.24949E-04
 3.25356E-04
 3.25363E-04
 3.25504E-04
 3.25511E-04
 3.25652E-04
 3.25792E-04
 3.25800E-04
 3.25807E-04
 3.25814E-04
 3.25821E-04
 3.25829E-04
 3.25836E-04
 3.25843E-04
 3.25984E-04
 3.26124E-04
 3.26265E-04
 3.26272E-04
 3.26413E-04
 3.26687E-04
 3.26827E-04
 3.26835E-04
 3.26842E-04
 3.26982E-04
 3.27123E-04
 3.27130E-04
 3.27404E-04
 3.27812E-04
 3.28219E-04
 3.28493E-04
 3.28500E-04
 3.28641E-04
 3.28781E-04
 3.28788E-04
 3.28929E-04
 3.29070E-04
 3.29210E-04
 3.29351E-04
 3.29758E-04
 3.29765E-04
 3.29772E-04
 3.30046E-04
 3.30053E-04
 3.30327E-04
 3.30335E-04
 3.30608E-04
 3.30616E-04
 3.30623E-04
 3.30630E-04
 3.30770E-04
 3.30911E-04
 3.30918E-04
 3.31059E-04
 3.31066E-04
 3.31206E-04
 3.31347E-04
 3.31487E-04
 3.31628E-04
 3.31635E-04
 3.31642E-04
 3.31916E-04
 3.32056E-04
 3.32197E-04
 3.32204E-04
 3.32211E-04
 3.32485E-04
 3.32759E-04
 3.32766E-04
 3.32773E-04
 3.32780E-04
 3.32921E-04
 3.33195E-04
 3.33202E-04
 3.33342E-04
 3.33616E-04
 3.33756E-04
 3.33764E-04
 3.33904E-04
 3.33911E-04
 3.33918E-04
 3.34059E-04
 3.34199E-04
 3.34206E-04
 3.34213E-04
 3.34220E-04
 3.34227E-04
 3.34368E-04
 3.34775E-04
 3.34782E-04
 3.34922E-04
 3.34929E-04
 3.35337E-04
 3.35344E-04
 3.35884E-04
 3.35891E-04
 3.35898E-04
 3.36039E-04
 3.36046E-04
 3.36186E-04
 3.36193E-04
 3.36200E-04
 3.36341E-04
 3.36481E-04
 3.36621E-04
 3.36762E-04
 3.36769E-04
 3.36776E-04
 3.36783E-04
 3.36923E-04
 3.36930E-04
 3.37204E-04
 3.37344E-04
 3.37885E-04
 3.37892E-04
 3.38032E-04
 3.38173E-04
 3.38180E-04
 3.38187E-04
 3.38193E-04
 3.38601E-04
 3.39008E-04
 3.39015E-04
 3.39288E-04
 3.39562E-04
 3.39569E-04
 3.39710E-04
 3.39850E-04
 3.40124E-04
 3.40264E-04
 3.40404E-04
 3.40545E-04
 3.40685E-04
 3.40825E-04
 3.40832E-04
 3.40972E-04
 3.41113E-04
 3.41120E-04
 3.41127E-04
 3.41134E-04
 3.41140E-04
 3.41147E-04
 3.41288E-04
 3.41428E-04
 3.41568E-04
 3.41842E-04
 3.41982E-04
 3.41989E-04
 3.41996E-04
 3.42003E-04
 3.42277E-04
 3.42417E-04
 3.42557E-04
 3.42564E-04
 3.42704E-04
 3.42845E-04
 3.42851E-04
 3.42858E-04
 3.43132E-04
 3.43139E-04
 3.43412E-04
 3.43553E-04
 3.43693E-04
 3.43833E-04
 3.43840E-04
 3.43847E-04
 3.43854E-04
 3.43994E-04
 3.44134E-04
 3.44274E-04
 3.44281E-04
 3.44288E-04
 3.44295E-04
 3.44302E-04
 3.44575E-04
 3.44716E-04
 3.44722E-04
 3.44729E-04
 3.44869E-04
 3.45276E-04
 3.45283E-04
 3.45290E-04
 3.45430E-04
 3.45704E-04
 3.45711E-04
 3.45717E-04
 3.45724E-04
 3.45998E-04
 3.46005E-04
 3.46011E-04
 3.46018E-04
 3.46025E-04
 3.46432E-04
 3.46572E-04
 3.46579E-04
 3.46852E-04
 3.46859E-04
 3.46999E-04
 3.47273E-04
 3.47413E-04
 3.47420E-04
 3.47426E-04
 3.47567E-04
 3.47573E-04
 3.47980E-04
 3.48254E-04
 3.48261E-04
 3.48401E-04
 3.48541E-04
 3.48681E-04
 3.48821E-04
 3.48961E-04
 3.49501E-04
 3.50042E-04
 3.50182E-04
 3.50322E-04
 3.50462E-04
 3.50469E-04
 3.50609E-04
 3.50616E-04
 3.50622E-04
 3.50762E-04
 3.51036E-04
 3.51176E-04
 3.51183E-04
 3.51189E-04
 3.51196E-04
 3.51203E-04
 3.51476E-04
 3.51616E-04
 3.51623E-04
 3.51896E-04
 3.51903E-04
 3.51910E-04
 3.52050E-04
 3.52056E-04
 3.52063E-04
 3.52336E-04
 3.52610E-04
 3.52750E-04
 3.52757E-04
 3.52897E-04
 3.53037E-04
 3.53043E-04
 3.53050E-04
 3.53057E-04
 3.53063E-04
 3.53203E-04
 3.53343E-04
 3.53350E-04
 3.53757E-04
 3.53897E-04
 3.54037E-04
 3.54310E-04
 3.54317E-04
 3.54323E-04
 3.54463E-04
 3.54870E-04
 3.54877E-04
 3.55017E-04
 3.55290E-04
 3.55297E-04
 3.55303E-04
 3.55310E-04
 3.55316E-04
 3.55590E-04
 3.55730E-04
 3.55736E-04
 3.55876E-04
 3.56016E-04
 3.56023E-04
 3.56163E-04
 3.56169E-04
 3.56309E-04
 3.56449E-04
 3.56456E-04
 3.56596E-04
 3.56602E-04
 3.56609E-04
 3.56882E-04
 3.57422E-04
 3.57429E-04
 3.57435E-04
 3.57442E-04
 3.57582E-04
 3.57588E-04
 3.57595E-04
 3.57601E-04
 3.57608E-04
 3.57748E-04
 3.57754E-04
 3.57761E-04
 3.57767E-04
 3.57774E-04
 3.57780E-04
 3.57787E-04
 3.58194E-04
 3.58200E-04
 3.58473E-04
 3.58613E-04
 3.58886E-04
 3.58893E-04
 3.59033E-04
 3.59173E-04
 3.59713E-04
 3.59986E-04
 3.59992E-04
 3.60132E-04
 3.60272E-04
 3.60412E-04
 3.60552E-04
 3.60692E-04
 3.60832E-04
 3.60971E-04
 3.61111E-04
 3.61251E-04
 3.61391E-04
 3.61531E-04
 3.61537E-04
 3.61677E-04
 3.61683E-04
 3.62090E-04
 3.62363E-04
 3.62370E-04
 3.62376E-04
 3.62516E-04
 3.62789E-04
 3.62796E-04
 3.62802E-04
 3.62808E-04
 3.63215E-04
 3.63221E-04
 3.63361E-04
 3.63501E-04
 3.63507E-04
 3.63647E-04
 3.63654E-04
 3.63793E-04
 3.63933E-04
 3.64073E-04
 3.64079E-04
 3.64219E-04
 3.64359E-04
 3.64499E-04
 3.64638E-04
 3.64778E-04
 3.64784E-04
 3.64924E-04
 3.65064E-04
 3.65337E-04
 3.65610E-04
 3.65750E-04
 3.65890E-04
 3.65896E-04
 3.66569E-04
 3.66576E-04
 3.66582E-04
 3.66588E-04
 3.66728E-04
 3.66734E-04
 3.66741E-04
 3.66747E-04
 3.66753E-04
 3.66893E-04
 3.66899E-04
 3.67172E-04
 3.67179E-04
 3.67318E-04
 3.67458E-04
 3.67598E-04
 3.67738E-04
 3.67877E-04
 3.67884E-04
 3.67890E-04
 3.68163E-04
 3.68169E-04
 3.68442E-04
 3.68582E-04
 3.68588E-04
 3.68594E-04
 3.68601E-04
 3.68607E-04
 3.68613E-04
 3.68620E-04
 3.68626E-04
 3.68632E-04
 3.68638E-04
 3.68645E-04
 3.68784E-04
 3.69057E-04
 3.69330E-04
 3.69603E-04
 3.69610E-04
 3.69749E-04
 3.69889E-04
 3.70295E-04
 3.70702E-04
 3.70841E-04
 3.70981E-04
 3.70987E-04
 3.70993E-04
 3.71133E-04
 3.71139E-04
 3.71412E-04
 3.71418E-04
 3.71825E-04
 3.71831E-04
 3.71970E-04
 3.71977E-04
 3.71983E-04
 3.72389E-04
 3.72395E-04
 3.72402E-04
 3.72408E-04
 3.72547E-04
 3.72820E-04
 3.73093E-04
 3.73366E-04
 3.73372E-04
 3.73512E-04
 3.73518E-04
 3.73658E-04
 3.73664E-04
 3.73803E-04
 3.73943E-04
 3.74083E-04
 3.74089E-04
 3.74228E-04
 3.74234E-04
 3.74374E-04
 3.74380E-04
 3.74386E-04
 3.74392E-04
 3.74665E-04
 3.74805E-04
 3.75078E-04
 3.75084E-04
 3.75357E-04
 3.75363E-04
 3.75502E-04
 3.75775E-04
 3.76048E-04
 3.76188E-04
 3.76461E-04
 3.76467E-04
 3.76473E-04
 3.76612E-04
 3.76618E-04
 3.76758E-04
 3.76764E-04
 3.77037E-04
 3.77043E-04
 3.77182E-04
 3.77188E-04
 3.77328E-04
 3.77467E-04
 3.77607E-04
 3.77613E-04
 3.77619E-04
 3.77758E-04
 3.77764E-04
 3.77771E-04
 3.77910E-04
 3.78183E-04
 3.78322E-04
 3.78462E-04
 3.78468E-04
 3.78607E-04
 3.78747E-04
 3.79153E-04
 3.79159E-04
 3.79298E-04
 3.79438E-04
 3.79577E-04
 3.79583E-04
 3.79589E-04
 3.79595E-04
 3.79735E-04
 3.79741E-04
 3.79880E-04
 3.80019E-04
 3.80025E-04
 3.80165E-04
 3.80304E-04
 3.80444E-04
 3.80450E-04
 3.80856E-04
 3.80995E-04
 3.81135E-04
 3.81541E-04
 3.81680E-04
 3.81686E-04
 3.81826E-04
 3.81831E-04
 3.82104E-04
 3.82244E-04
 3.82383E-04
 3.82522E-04
 3.82929E-04
 3.82934E-04
 3.82940E-04
 3.83213E-04
 3.83353E-04
 3.83358E-04
 3.83364E-04
 3.83637E-04
 3.83777E-04
 3.83782E-04
 3.84322E-04
 3.84328E-04
 3.84334E-04
 3.84340E-04
 3.84346E-04
 3.84485E-04
 3.84624E-04
 3.85164E-04
 3.85303E-04
 3.85309E-04
 3.85315E-04
 3.85321E-04
 3.85460E-04
 3.85466E-04
 3.85472E-04
 3.85478E-04
 3.85617E-04
 3.85757E-04
 3.85762E-04
 3.85768E-04
 3.85908E-04
 3.86047E-04
 3.86186E-04
 3.86459E-04
 3.86598E-04
 3.86737E-04
 3.87143E-04
 3.87149E-04
 3.87155E-04
 3.87161E-04
 3.87167E-04
 3.87173E-04
 3.87312E-04
 3.87318E-04
 3.87457E-04
 3.87730E-04
 3.87869E-04
 3.88008E-04
 3.88148E-04
 3.88153E-04
 3.88159E-04
 3.88298E-04
 3.88304E-04
 3.88310E-04
 3.88316E-04
 3.88322E-04
 3.88328E-04
 3.88467E-04
 3.88473E-04
 3.88479E-04
 3.88484E-04
 3.88624E-04
 3.88896E-04
 3.89035E-04
 3.89175E-04
 3.89180E-04
 3.89320E-04
 3.89325E-04
 3.89465E-04
 3.89470E-04
 3.89743E-04
 3.89882E-04
 3.89888E-04
 3.90027E-04
 3.90033E-04
 3.90039E-04
 3.90578E-04
 3.90584E-04
 3.90856E-04
 3.91262E-04
 3.91668E-04
 3.92208E-04
 3.92213E-04
 3.92353E-04
 3.92492E-04
 3.92764E-04
 3.93037E-04
 3.93043E-04
 3.93182E-04
 3.93188E-04
 3.93193E-04
 3.93332E-04
 3.93472E-04
 3.93744E-04
 3.93883E-04
 3.94423E-04
 3.94562E-04
 3.94567E-04
 3.94573E-04
 3.94579E-04
 3.94718E-04
 3.94991E-04
 3.95130E-04
 3.95269E-04
 3.95408E-04
 3.95414E-04
 3.95419E-04
 3.95425E-04
 3.95697E-04
 3.95703E-04
 3.95976E-04
 3.96115E-04
 3.96120E-04
 3.96126E-04
 3.96132E-04
 3.96138E-04
 3.96143E-04
 3.96282E-04
 3.96288E-04
 3.96294E-04
 3.96433E-04
 3.96438E-04
 3.96578E-04
 3.96717E-04
 3.96722E-04
 3.96861E-04
 3.97000E-04
 3.97406E-04
 3.97412E-04
 3.97684E-04
 3.97957E-04
 3.98096E-04
 3.98368E-04
 3.98374E-04
 3.98380E-04
 3.98519E-04
 3.98524E-04
 3.98663E-04
 3.98669E-04
 3.98941E-04
 3.98947E-04
 3.99086E-04
 3.99225E-04
 3.99231E-04
 3.99370E-04
 3.99509E-04
 3.99514E-04
 3.99520E-04
 3.99526E-04
 3.99531E-04
 3.99670E-04
 3.99676E-04
 3.99682E-04
 3.99954E-04
 3.99960E-04
 3.99965E-04
 3.99971E-04
 3.99976E-04
 3.99982E-04
 4.00254E-04
 4.00260E-04
 4.00399E-04
 4.00805E-04
 4.00944E-04
 4.00949E-04
 4.00955E-04
 4.00961E-04
 4.01233E-04
 4.01639E-04
 4.02311E-04
 4.02317E-04
 4.02589E-04
 4.02595E-04
 4.02734E-04
 4.02873E-04
 4.03012E-04
 4.03151E-04
 4.03156E-04
 4.03295E-04
 4.03301E-04
 4.03440E-04
 4.03579E-04
 4.03851E-04
 4.04257E-04
 4.04396E-04
 4.04535E-04
 4.04540E-04
 4.04546E-04
 4.04551E-04
 4.04557E-04
 4.04829E-04
 4.04968E-04
 4.05107E-04
 4.05112E-04
 4.05251E-04
 4.05257E-04
 4.05262E-04
 4.05401E-04
 4.05807E-04
 4.05813E-04
 4.05951E-04
 4.06090E-04
 4.06363E-04
 4.06502E-04
 4.06640E-04
 4.06646E-04
 4.06785E-04
 4.07057E-04
 4.07063E-04
 4.07068E-04
 4.07207E-04
 4.07346E-04
 4.07351E-04
 4.07490E-04
 4.07496E-04
 4.07501E-04
 4.07507E-04
 4.07646E-04
 4.07785E-04
 4.07923E-04
 4.07929E-04
 4.08068E-04
 4.08207E-04
 4.08345E-04
 4.08484E-04
 4.08757E-04
 4.08895E-04
 4.09034E-04
 4.09040E-04
 4.09045E-04
 4.09318E-04
 4.09456E-04
 4.09595E-04
 4.09601E-04
 4.09606E-04
 4.09745E-04
 4.09884E-04
 4.10023E-04
 4.10028E-04
 4.10034E-04
 4.10039E-04
 4.10178E-04
 4.10317E-04
 4.10322E-04
 4.10728E-04
 4.10867E-04
 4.10872E-04
 4.11011E-04
 4.11150E-04
 4.11422E-04
 4.11427E-04
 4.11699E-04
 4.11705E-04
 4.11710E-04
 4.11982E-04
 4.11988E-04
 4.11993E-04
 4.12266E-04
 4.12938E-04
 4.13077E-04
 4.13482E-04
 4.13621E-04
 4.13626E-04
 4.13899E-04
 4.13904E-04
 4.13909E-04
 4.14048E-04
 4.14320E-04
 4.14326E-04
 4.14331E-04
 4.14337E-04
 4.14342E-04
 4.14347E-04
 4.14886E-04
 4.14892E-04
 4.14897E-04
 4.15169E-04
 4.15441E-04
 4.15447E-04
 4.15719E-04
 4.15858E-04
 4.15863E-04
 4.15868E-04
 4.15874E-04
 4.15879E-04
 4.16018E-04
 4.16023E-04
 4.16029E-04
 4.16167E-04
 4.16306E-04
 4.16312E-04
 4.16584E-04
 4.16589E-04
 4.16861E-04
 4.17133E-04
 4.17539E-04
 4.17544E-04
 4.17816E-04
 4.17822E-04
 4.17827E-04
 4.17832E-04
 4.17838E-04
 4.17976E-04
 4.17982E-04
 4.17987E-04
 4.17992E-04
 4.18131E-04
 4.18270E-04
 4.18542E-04
 4.18547E-04
 4.18553E-04
 4.18691E-04
 4.18697E-04
 4.18702E-04
 4.18707E-04
 4.18846E-04
 4.18851E-04
 4.18857E-04
 4.18862E-04
 4.19001E-04
 4.19273E-04
 4.19278E-04
 4.19550E-04
 4.19822E-04
 4.19961E-04
 4.19966E-04
 4.19971E-04
 4.19977E-04
 4.19982E-04
 4.20121E-04
 4.20259E-04
 4.20398E-04
 4.20537E-04
 4.20675E-04
 4.20947E-04
 4.21220E-04
 4.21358E-04
 4.21630E-04
 4.21636E-04
 4.21774E-04
 4.21780E-04
 4.22052E-04
 4.22057E-04
 4.22062E-04
 4.22067E-04
 4.22339E-04
 4.22745E-04
 4.22884E-04
 4.23156E-04
 4.23294E-04
 4.23833E-04
 4.24105E-04
 4.24110E-04
 4.24116E-04
 4.24654E-04
 4.24660E-04
 4.24798E-04
 4.24804E-04
 4.24942E-04
 4.25081E-04
 4.25086E-04
 4.25492E-04
 4.25497E-04
 4.25502E-04
 4.25507E-04
 4.25513E-04
 4.25785E-04
 4.25923E-04
 4.26062E-04
 4.26067E-04
 4.26206E-04
 4.26344E-04
 4.26483E-04
 4.26488E-04
 4.26627E-04
 4.26765E-04
 4.26904E-04
 4.27176E-04
 4.27315E-04
 4.27320E-04
 4.27592E-04
 4.27730E-04
 4.27869E-04
 4.27874E-04
 4.27879E-04
 4.27885E-04
 4.28290E-04
 4.28429E-04
 4.28434E-04
 4.28572E-04
 4.28711E-04
 4.28716E-04
 4.28855E-04
 4.28860E-04
 4.28865E-04
 4.28870E-04
 4.28876E-04
 4.29014E-04
 4.29153E-04
 4.29158E-04
 4.29163E-04
 4.29168E-04
 4.29174E-04
 4.29179E-04
 4.29317E-04
 4.29456E-04
 4.29461E-04
 4.29733E-04
 4.29738E-04
 4.29877E-04
 4.30149E-04
 4.30154E-04
 4.30426E-04
 4.30431E-04
 4.30436E-04
 4.30708E-04
 4.30980E-04
 4.31119E-04
 4.31391E-04
 4.31396E-04
 4.31534E-04
 4.31673E-04
 4.31811E-04
 4.31817E-04
 4.31822E-04
 4.32094E-04
 4.32232E-04
 4.32237E-04
 4.32376E-04
 4.32515E-04
 4.32786E-04
 4.32792E-04
 4.32930E-04
 4.33202E-04
 4.33474E-04
 4.33613E-04
 4.33751E-04
 4.33890E-04
 4.33895E-04
 4.34033E-04
 4.34572E-04
 4.34711E-04
 4.34716E-04
 4.34721E-04
 4.34859E-04
 4.34998E-04
 4.35003E-04
 4.35008E-04
 4.35013E-04
 4.35152E-04
 4.35157E-04
 4.35429E-04
 4.35567E-04
 4.35572E-04
 4.35578E-04
 4.35849E-04
 4.35988E-04
 4.36393E-04
 4.36398E-04
 4.36537E-04
 4.36675E-04
 4.36680E-04
 4.36686E-04
 4.36691E-04
 4.36696E-04
 4.36834E-04
 4.36839E-04
 4.37111E-04
 4.37116E-04
 4.37255E-04
 4.37260E-04
 4.37265E-04
 4.37404E-04
 4.37542E-04
 4.37814E-04
 4.38086E-04
 4.38224E-04
 4.38630E-04
 4.38768E-04
 4.38907E-04
 4.38912E-04
 4.39184E-04
 4.39455E-04
 4.39460E-04
 4.39466E-04
 4.39604E-04
 4.39609E-04
 4.39748E-04
 4.40019E-04
 4.40025E-04
 4.40163E-04
 4.40168E-04
 4.40173E-04
 4.40178E-04
 4.40183E-04
 4.40322E-04
 4.40594E-04
 4.40599E-04
 4.40604E-04
 4.40609E-04
 4.40881E-04
 4.40886E-04
 4.40891E-04
 4.41296E-04
 4.41301E-04
 4.41306E-04
 4.41445E-04
 4.41450E-04
 4.41588E-04
 4.41727E-04
 4.42132E-04
 4.42137E-04
 4.42409E-04
 4.42414E-04
 4.42419E-04
 4.42824E-04
 4.42829E-04
 4.42968E-04
 4.43106E-04
 4.43111E-04
 4.43516E-04
 4.43788E-04
 4.43927E-04
 4.44332E-04
 4.44470E-04
 4.44609E-04
 4.44747E-04
 4.44752E-04
 4.44757E-04
 4.45029E-04
 4.45034E-04
 4.45573E-04
 4.45711E-04
 4.45716E-04
 4.45988E-04
 4.45993E-04
 4.45998E-04
 4.46136E-04
 4.46141E-04
 4.46280E-04
 4.46418E-04
 4.46690E-04
 4.46695E-04
 4.46700E-04
 4.46838E-04
 4.46843E-04
 4.46982E-04
 4.46987E-04
 4.47259E-04
 4.47664E-04
 4.47802E-04
 4.47941E-04
 4.47946E-04
 4.48217E-04
 4.48223E-04
 4.48228E-04
 4.48366E-04
 4.48371E-04
 4.48376E-04
 4.48381E-04
 4.48386E-04
 4.48391E-04
 4.48529E-04
 4.48668E-04
 4.48806E-04
 4.48811E-04
 4.48816E-04
 4.48821E-04
 4.48826E-04
 4.48964E-04
 4.49103E-04
 4.49108E-04
 4.49113E-04
 4.49385E-04
 4.49523E-04
 4.49795E-04
 4.49933E-04
 4.49938E-04
 4.50077E-04
 4.50081E-04
 4.50086E-04
 4.50091E-04
 4.50096E-04
 4.50502E-04
 4.50640E-04
 4.50778E-04
 4.50917E-04
 4.50922E-04
 4.51193E-04
 4.51465E-04
 4.51470E-04
 4.51475E-04
 4.51614E-04
 4.51885E-04
 4.52024E-04
 4.52162E-04
 4.52167E-04
 4.52172E-04
 4.52177E-04
 4.52315E-04
 4.52454E-04
 4.52459E-04
 4.52597E-04
 4.52602E-04
 4.52740E-04
 4.52879E-04
 4.53284E-04
 4.53422E-04
 4.53560E-04
 4.53832E-04
 4.53837E-04
 4.53975E-04
 4.54514E-04
 4.54652E-04
 4.54924E-04
 4.54929E-04
 4.55067E-04
 4.55472E-04
 4.55477E-04
 4.55616E-04
 4.55754E-04
 4.55892E-04
 4.56164E-04
 4.56303E-04
 4.56307E-04
 4.56446E-04
 4.56451E-04
 4.56456E-04
 4.56594E-04
 4.56866E-04
 4.57137E-04
 4.57409E-04
 4.57414E-04
 4.57552E-04
 4.57557E-04
 4.57696E-04
 4.57701E-04
 4.57839E-04
 4.57844E-04
 4.57849E-04
 4.58121E-04
 4.58259E-04
 4.58397E-04
 4.58535E-04
 4.58674E-04
 4.58945E-04
 4.58950E-04
 4.59089E-04
 4.59094E-04
 4.59099E-04
 4.59237E-04
 4.59375E-04
 4.59513E-04
 4.59518E-04
 4.59790E-04
 4.59928E-04
 4.59933E-04
 4.59938E-04
 4.60077E-04
 4.60081E-04
 4.60086E-04
 4.60358E-04
 4.60363E-04
 4.60635E-04
 4.60640E-04
 4.60644E-04
 4.60649E-04
 4.60654E-04
 4.60793E-04
 4.60797E-04
 4.61069E-04
 4.61207E-04
 4.61212E-04
 4.61217E-04
 4.61355E-04
 4.61627E-04
 4.61765E-04
 4.62037E-04
 4.62309E-04
 4.62314E-04
 4.62319E-04
 4.62323E-04
 4.62595E-04
 4.62600E-04
 4.62738E-04
 4.63010E-04
 4.63015E-04
 4.63153E-04
 4.63291E-04
 4.63430E-04
 4.63435E-04
 4.63706E-04
 4.63978E-04
 4.64250E-04
 4.64521E-04
 4.64660E-04
 4.64798E-04
 4.64936E-04
 4.64941E-04
 4.64946E-04
 4.64951E-04
 4.65089E-04
 4.65494E-04
 4.65632E-04
 4.65637E-04
 4.65642E-04
 4.65647E-04
 4.65785E-04
 4.66057E-04
 4.66462E-04
 4.66600E-04
 4.66738E-04
 4.67010E-04
 4.67015E-04
 4.67020E-04
 4.67158E-04
 4.67163E-04
 4.67434E-04
 4.67573E-04
 4.67578E-04
 4.67582E-04
 4.67587E-04
 4.67859E-04
 4.67864E-04
 4.67869E-04
 4.67873E-04
 4.68012E-04
 4.68150E-04
 4.68422E-04
 4.68426E-04
 4.68565E-04
 4.68970E-04
 4.68975E-04
 4.69113E-04
 4.69118E-04
 4.69122E-04
 4.69528E-04
 4.69532E-04
 4.69671E-04
 4.69675E-04
 4.69680E-04
 4.69819E-04
 4.69823E-04
 4.69828E-04
 4.69833E-04
 4.69838E-04
 4.69976E-04
 4.69981E-04
 4.69986E-04
 4.69991E-04
 4.69995E-04
 4.70267E-04
 4.70405E-04
 4.70543E-04
 4.70682E-04
 4.70953E-04
 4.70958E-04
 4.71096E-04
 4.71368E-04
 4.71373E-04
 4.71378E-04
 4.71516E-04
 4.71521E-04
 4.71525E-04
 4.71530E-04
 4.72069E-04
 4.72340E-04
 4.72345E-04
 4.72483E-04
 4.72488E-04
 4.72493E-04
 4.72764E-04
 4.72769E-04
 4.72907E-04
 4.73179E-04
 4.73451E-04
 4.73989E-04
 4.74394E-04
 4.74799E-04
 4.74804E-04
 4.75075E-04
 4.75214E-04
 4.75485E-04
 4.75757E-04
 4.75762E-04
 4.75766E-04
 4.75905E-04
 4.76176E-04
 4.76181E-04
 4.76186E-04
 4.76324E-04
 4.76462E-04
 4.76467E-04
 4.76472E-04
 4.76610E-04
 4.76882E-04
 4.77153E-04
 4.77158E-04
 4.77163E-04
 4.77167E-04
 4.77439E-04
 4.77444E-04
 4.77715E-04
 4.77854E-04
 4.77858E-04
 4.77997E-04
 4.78268E-04
 4.78406E-04
 4.78411E-04
 4.78416E-04
 4.78421E-04
 4.78425E-04
 4.78564E-04
 4.78568E-04
 4.78840E-04
 4.78845E-04
 4.78983E-04
 4.79121E-04
 4.79393E-04
 4.79397E-04
 4.79402E-04
 4.79540E-04
 4.79545E-04
 4.79683E-04
 4.79955E-04
 4.80093E-04
 4.80098E-04
 4.80102E-04
 4.80241E-04
 4.80379E-04
 4.80784E-04
 4.80788E-04
 4.80927E-04
 4.80931E-04
 4.81070E-04
 4.81208E-04
 4.81212E-04
 4.81351E-04
 4.81355E-04
 4.81360E-04
 4.81365E-04
 4.81370E-04
 4.81374E-04
 4.81779E-04
 4.81917E-04
 4.82056E-04
 4.82461E-04
 4.82465E-04
 4.82470E-04
 4.82475E-04
 4.82479E-04
 4.82484E-04
 4.82622E-04
 4.82761E-04
 4.82899E-04
 4.83037E-04
 4.83042E-04
 4.83180E-04
 4.83318E-04
 4.83589E-04
 4.83861E-04
 4.83999E-04
 4.84137E-04
 4.84142E-04
 4.84280E-04
 4.84685E-04
 4.84690E-04
 4.84828E-04
 4.85099E-04
 4.85104E-04
 4.85509E-04
 4.85514E-04
 4.85518E-04
 4.85523E-04
 4.85661E-04
 4.85799E-04
 4.85804E-04
 4.86209E-04
 4.86214E-04
 4.86352E-04
 4.86623E-04
 4.86761E-04
 4.86766E-04
 4.86771E-04
 4.86776E-04
 4.86780E-04
 4.87052E-04
 4.87323E-04
 4.87461E-04
 4.87599E-04
 4.87604E-04
 4.87742E-04
 4.88014E-04
 4.88152E-04
 4.88290E-04
 4.88561E-04
 4.88700E-04
 4.88838E-04
 4.88976E-04
 4.89114E-04
 4.89119E-04
 4.89123E-04
 4.89261E-04
 4.89266E-04
 4.89538E-04
 4.89542E-04
 4.89680E-04
 4.89818E-04
 4.89823E-04
 4.90095E-04
 4.90233E-04
 4.90237E-04
 4.90375E-04
 4.90380E-04
 4.90385E-04
 4.90523E-04
 4.90528E-04
 4.90532E-04
 4.90937E-04
 4.90942E-04
 4.91080E-04
 4.91085E-04
 4.91089E-04
 4.91494E-04
 4.91499E-04
 4.91770E-04
 4.92042E-04
 4.92047E-04
 4.92185E-04
 4.92189E-04
 4.92327E-04
 4.92332E-04
 4.92470E-04
 4.92608E-04
 4.92746E-04
 4.92884E-04
 4.92889E-04
 4.92894E-04
 4.93032E-04
 4.93303E-04
 4.93708E-04
 4.93846E-04
 4.93984E-04
 4.94256E-04
 4.94260E-04
 4.94398E-04
 4.94536E-04
 4.94674E-04
 4.94679E-04
 4.94684E-04
 4.94688E-04
 4.94960E-04
 4.95098E-04
 4.95369E-04
 4.95641E-04
 4.95779E-04
 4.95784E-04
 4.95922E-04
 4.96060E-04
 4.96464E-04
 4.96602E-04
 4.96741E-04
 4.96745E-04
 4.97150E-04
 4.97421E-04
 4.97559E-04
 4.97564E-04
 4.97569E-04
 4.97573E-04
 4.97711E-04
 4.97850E-04
 4.97854E-04
 4.97859E-04
 4.97997E-04
 4.98001E-04
 4.98006E-04
 4.98011E-04
 4.98149E-04
 4.98287E-04
 4.98558E-04
 4.98830E-04
 4.98834E-04
 4.98839E-04
 4.98844E-04
 4.98982E-04
 4.99120E-04
 4.99124E-04
 4.99529E-04
 4.99934E-04
 5.00072E-04
 5.00210E-04
 5.00348E-04
 5.00486E-04
 5.00757E-04
 5.00762E-04
 5.00767E-04
 5.00771E-04
 5.00776E-04
 5.00780E-04
 5.00785E-04
 5.01057E-04
 5.01061E-04
 5.01066E-04
 5.01204E-04
 5.01208E-04
 5.01213E-04
 5.01351E-04
 5.01356E-04
 5.01627E-04
 5.01765E-04
 5.01770E-04
 5.01774E-04
 5.01912E-04
 5.02050E-04
 5.02055E-04
 5.02059E-04
 5.02064E-04
 5.02335E-04
 5.02340E-04
 5.02345E-04
 5.02483E-04
 5.03021E-04
 5.03025E-04
 5.03297E-04
 5.03568E-04
 5.03706E-04
 5.03978E-04
 5.04249E-04
 5.04387E-04
 5.04525E-04
 5.04530E-04
 5.04534E-04
 5.04806E-04
 5.04943E-04
 5.05348E-04
 5.05353E-04
 5.05491E-04
 5.05495E-04
 5.05500E-04
 5.05505E-04
 5.05643E-04
 5.05647E-04
 5.05919E-04
 5.05923E-04
 5.06194E-04
 5.06466E-04
 5.06470E-04
 5.06475E-04
 5.06480E-04
 5.06618E-04
 5.06622E-04
 5.06760E-04
 5.07031E-04
 5.07036E-04
 5.07174E-04
 5.07445E-04
 5.07450E-04
 5.07721E-04
 5.07726E-04
 5.07730E-04
 5.07735E-04
 5.08006E-04
 5.08278E-04
 5.08416E-04
 5.08687E-04
 5.08825E-04
 5.08963E-04
 5.08968E-04
 5.09105E-04
 5.09377E-04
 5.09381E-04
 5.09386E-04
 5.09390E-04
 5.09662E-04
 5.09933E-04
 5.10071E-04
 5.10209E-04
 5.10347E-04
 5.10352E-04
 5.10490E-04
 5.10627E-04
 5.10632E-04
 5.10903E-04
 5.11041E-04
 5.11179E-04
 5.11184E-04
 5.11322E-04
 5.11460E-04
 5.11464E-04
 5.11736E-04
 5.11873E-04
 5.12145E-04
 5.12149E-04
 5.12421E-04
 5.12559E-04
 5.12563E-04
 5.12835E-04
 5.12839E-04
 5.12844E-04
 5.12848E-04
 5.13253E-04
 5.13391E-04
 5.13662E-04
 5.13800E-04
 5.13938E-04
 5.13942E-04
 5.14214E-04
 5.14218E-04
 5.14356E-04
 5.14361E-04
 5.14632E-04
 5.14903E-04
 5.15041E-04
 5.15046E-04
 5.15184E-04
 5.15322E-04
 5.15460E-04
 5.15597E-04
 5.15735E-04
 5.15740E-04
 5.15744E-04
 5.15882E-04
 5.15887E-04
 5.16025E-04
 5.16029E-04
 5.16167E-04
 5.16172E-04
 5.16176E-04
 5.16181E-04
 5.16319E-04
 5.16323E-04
 5.16461E-04
 5.16732E-04
 5.17004E-04
 5.17142E-04
 5.17279E-04
 5.17284E-04
 5.17422E-04
 5.17560E-04
 5.17698E-04
 5.17702E-04
 5.17840E-04
 5.18111E-04
 5.18116E-04
 5.18387E-04
 5.18392E-04
 5.18663E-04
 5.18667E-04
 5.18805E-04
 5.18810E-04
 5.18814E-04
 5.19086E-04
 5.19090E-04
 5.19361E-04
 5.19633E-04
 5.19637E-04
 5.19642E-04
 5.19779E-04
 5.19784E-04
 5.19788E-04
 5.20193E-04
 5.20331E-04
 5.20469E-04
 5.20473E-04
 5.20611E-04
 5.20749E-04
 5.20887E-04
 5.20891E-04
 5.20896E-04
 5.21034E-04
 5.21038E-04
 5.21043E-04
 5.21314E-04
 5.21452E-04
 5.21456E-04
 5.21461E-04
 5.21599E-04
 5.22137E-04
 5.22408E-04
 5.22679E-04
 5.22817E-04
 5.22955E-04
 5.23093E-04
 5.23097E-04
 5.23235E-04
 5.23240E-04
 5.23244E-04
 5.23649E-04
 5.23920E-04
 5.23924E-04
 5.23929E-04
 5.23933E-04
 5.24071E-04
 5.24076E-04
 5.24214E-04
 5.24351E-04
 5.24623E-04
 5.24760E-04
 5.24765E-04
 5.24769E-04
 5.24774E-04
 5.24912E-04
 5.25050E-04
 5.25454E-04
 5.25725E-04
 5.25863E-04
 5.26001E-04
 5.26006E-04
 5.26143E-04
 5.26148E-04
 5.26152E-04
 5.26423E-04
 5.26561E-04
 5.26699E-04
 5.26970E-04
 5.26975E-04
 5.27246E-04
 5.27651E-04
 5.27655E-04
 5.27926E-04
 5.27931E-04
 5.27935E-04
 5.28073E-04
 5.28077E-04
 5.28082E-04
 5.28086E-04
 5.28091E-04
 5.28229E-04
 5.28233E-04
 5.28371E-04
 5.28375E-04
 5.28646E-04
 5.28784E-04
 5.28922E-04
 5.28927E-04
 5.28931E-04
 5.28935E-04
 5.29073E-04
 5.29211E-04
 5.29482E-04
 5.29887E-04
 5.30025E-04
 5.30029E-04
 5.30167E-04
 5.30171E-04
 5.30309E-04
 5.30447E-04
 5.30718E-04
 5.30856E-04
 5.30994E-04
 5.31132E-04
 5.31136E-04
 5.31140E-04
 5.31145E-04
 5.31283E-04
 5.31554E-04
 5.31692E-04
 5.31963E-04
 5.32101E-04
 5.32372E-04
 5.32643E-04
 5.33047E-04
 5.33052E-04
 5.33190E-04
 5.33194E-04
 5.33599E-04
 5.33870E-04
 5.33874E-04
 5.33879E-04
 5.33883E-04
 5.34154E-04
 5.34292E-04
 5.34430E-04
 5.34568E-04
 5.34572E-04
 5.34576E-04
 5.34581E-04
 5.34719E-04
 5.34990E-04
 5.34994E-04
 5.35132E-04
 5.35536E-04
 5.35808E-04
 5.35945E-04
 5.35950E-04
 5.35954E-04
 5.36092E-04
 5.36096E-04
 5.36234E-04
 5.36239E-04
 5.36376E-04
 5.36381E-04
 5.36518E-04
 5.36523E-04
 5.36794E-04
 5.37065E-04
 5.37070E-04
 5.37074E-04
 5.37212E-04
 5.37349E-04
 5.37354E-04
 5.37358E-04
 5.37496E-04
 5.37634E-04
 5.37771E-04
 5.37776E-04
 5.37914E-04
 5.38051E-04
 5.38322E-04
 5.38327E-04
 5.38331E-04
 5.38336E-04
 5.38473E-04
 5.38611E-04
 5.38882E-04
 5.38887E-04
 5.39158E-04
 5.39295E-04
 5.39300E-04
 5.39438E-04
 5.39442E-04
 5.39446E-04
 5.39451E-04
 5.39455E-04
 5.39593E-04
 5.39864E-04
 5.39868E-04
 5.40006E-04
 5.40144E-04
 5.40148E-04
 5.40419E-04
 5.40557E-04
 5.40695E-04
 5.40832E-04
 5.40837E-04
 5.41108E-04
 5.41112E-04
 5.41383E-04
 5.41388E-04
 5.41392E-04
 5.41663E-04
 5.41801E-04
 5.41805E-04
 5.41810E-04
 5.41947E-04
 5.42085E-04
 5.42223E-04
 5.42361E-04
 5.42498E-04
 5.42769E-04
 5.43174E-04
 5.43445E-04
 5.43449E-04
 5.43587E-04
 5.43725E-04
 5.43863E-04
 5.44267E-04
 5.44271E-04
 5.44542E-04
 5.44547E-04
 5.44818E-04
 5.44956E-04
 5.44960E-04
 5.45231E-04
 5.45235E-04
 5.45506E-04
 5.45511E-04
 5.45515E-04
 5.45519E-04
 5.45924E-04
 5.46195E-04
 5.46333E-04
 5.46337E-04
 5.46475E-04
 5.46746E-04
 5.46750E-04
 5.46754E-04
 5.46759E-04
 5.46763E-04
 5.46767E-04
 5.47039E-04
 5.47043E-04
 5.47047E-04
 5.47051E-04
 5.47056E-04
 5.47193E-04
 5.47198E-04
 5.47602E-04
 5.48007E-04
 5.48011E-04
 5.48149E-04
 5.48153E-04
 5.48291E-04
 5.48428E-04
 5.48566E-04
 5.48704E-04
 5.48708E-04
 5.48712E-04
 5.48850E-04
 5.48988E-04
 5.49125E-04
 5.49130E-04
 5.49134E-04
 5.49405E-04
 5.49810E-04
 5.50081E-04
 5.50619E-04
 5.50756E-04
 5.50760E-04
 5.50898E-04
 5.51169E-04
 5.51440E-04
 5.51445E-04
 5.51449E-04
 5.51453E-04
 5.51591E-04
 5.52129E-04
 5.52266E-04
 5.52404E-04
 5.52408E-04
 5.52413E-04
 5.52417E-04
 5.52421E-04
 5.52425E-04
 5.52563E-04
 5.52567E-04
 5.52838E-04
 5.53109E-04
 5.53247E-04
 5.53251E-04
 5.53256E-04
 5.53260E-04
 5.53531E-04
 5.53802E-04
 5.53806E-04
 5.53944E-04
 5.53948E-04
 5.54219E-04
 5.54224E-04
 5.54228E-04
 5.54232E-04
 5.54370E-04
 5.54507E-04
 5.54512E-04
 5.54516E-04
 5.54654E-04
 5.54658E-04
 5.54662E-04
 5.54666E-04
 5.54671E-04
 5.54942E-04
 5.55213E-04
 5.55484E-04
 5.55755E-04
 5.56026E-04
 5.56030E-04
 5.56168E-04
 5.56172E-04
 5.56310E-04
 5.56447E-04
 5.56585E-04
 5.56589E-04
 5.56593E-04
 5.56731E-04
 5.57002E-04
 5.57006E-04
 5.57144E-04
 5.57548E-04
 5.57686E-04
 5.57824E-04
 5.57828E-04
 5.57966E-04
 5.58103E-04
 5.58508E-04
 5.58512E-04
 5.58516E-04
 5.58787E-04
 5.59058E-04
 5.59196E-04
 5.59467E-04
 5.59604E-04
 5.59609E-04
 5.59613E-04
 5.59750E-04
 5.60021E-04
 5.60026E-04
 5.60163E-04
 5.60301E-04
 5.60305E-04
 5.60309E-04
 5.60447E-04
 5.60718E-04
 5.60722E-04
 5.60726E-04
 5.60864E-04
 5.61002E-04
 5.61006E-04
 5.61010E-04
 5.61148E-04
 5.61152E-04
 5.61156E-04
 5.61561E-04
 5.61698E-04
 5.61702E-04
 5.61973E-04
 5.62111E-04
 5.62249E-04
 5.62253E-04
 5.62390E-04
 5.62528E-04
 5.62799E-04
 5.62803E-04
 5.63074E-04
 5.63479E-04
 5.63483E-04
 5.63487E-04
 5.63491E-04
 5.63629E-04
 5.63633E-04
 5.63637E-04
 5.63775E-04
 5.63912E-04
 5.63917E-04
 5.63921E-04
 5.64058E-04
 5.64196E-04
 5.64200E-04
 5.64471E-04
 5.64475E-04
 5.64613E-04
 5.64751E-04
 5.65022E-04
 5.65026E-04
 5.65030E-04
 5.65034E-04
 5.65305E-04
 5.65443E-04
 5.65447E-04
 5.65718E-04
 5.65856E-04
 5.65860E-04
 5.65997E-04
 5.66135E-04
 5.66139E-04
 5.66143E-04
 5.66147E-04
 5.66152E-04
 5.66423E-04
 5.66960E-04
 5.67231E-04
 5.67502E-04
 5.67640E-04
 5.67777E-04
 5.67915E-04
 5.68186E-04
 5.68590E-04
 5.68728E-04
 5.68865E-04
 5.69270E-04
 5.69274E-04
 5.69412E-04
 5.69549E-04
 5.69553E-04
 5.69824E-04
 5.70095E-04
 5.70099E-04
 5.70104E-04
 5.70241E-04
 5.70379E-04
 5.70650E-04
 5.70787E-04
 5.70791E-04
 5.70929E-04
 5.70933E-04
 5.71071E-04
 5.71475E-04
 5.71479E-04
 5.71617E-04
 5.71754E-04
 5.71892E-04
 5.71896E-04
 5.72034E-04
 5.72038E-04
 5.72042E-04
 5.72046E-04
 5.72050E-04
 5.72054E-04
 5.72192E-04
 5.72463E-04
 5.72734E-04
 5.72871E-04
 5.72875E-04
 5.73013E-04
 5.73284E-04
 5.73421E-04
 5.73426E-04
 5.73430E-04
 5.73434E-04
 5.73438E-04
 5.73442E-04
 5.73580E-04
 5.73717E-04
 5.73721E-04
 5.73726E-04
 5.73996E-04
 5.74001E-04
 5.74272E-04
 5.74409E-04
 5.74413E-04
 5.74551E-04
 5.74555E-04
 5.74959E-04
 5.74963E-04
 5.75101E-04
 5.75105E-04
 5.75376E-04
 5.75513E-04
 5.75784E-04
 5.75789E-04
 5.76193E-04
 5.76597E-04
 5.76735E-04
 5.76872E-04
 5.76876E-04
 5.77147E-04
 5.77151E-04
 5.77422E-04
 5.77560E-04
 5.77831E-04
 5.77835E-04
 5.77839E-04
 5.77843E-04
 5.77981E-04
 5.77985E-04
 5.77989E-04
 5.78260E-04
 5.78397E-04
 5.78401E-04
 5.78406E-04
 5.78410E-04
 5.78681E-04
 5.78818E-04
 5.78822E-04
 5.78826E-04
 5.78830E-04
 5.78835E-04
 5.78839E-04
 5.78976E-04
 5.79114E-04
 5.79251E-04
 5.79522E-04
 5.79526E-04
 5.79530E-04
 5.79801E-04
 5.79939E-04
 5.79943E-04
 5.79947E-04
 5.80084E-04
 5.80355E-04
 5.80359E-04
 5.80630E-04
 5.80634E-04
 5.80772E-04
 5.81043E-04
 5.81180E-04
 5.81451E-04
 5.81589E-04
 5.81593E-04
 5.81730E-04
 5.82001E-04
 5.82005E-04
 5.82009E-04
 5.82147E-04
 5.82151E-04
 5.82155E-04
 5.82426E-04
 5.82430E-04
 5.82701E-04
 5.82972E-04
 5.82976E-04
 5.82980E-04
 5.82984E-04
 5.83255E-04
 5.83526E-04
 5.83663E-04
 5.83801E-04
 5.83938E-04
 5.84076E-04
 5.84213E-04
 5.84484E-04
 5.84621E-04
 5.84759E-04
 5.85163E-04
 5.85434E-04
 5.85438E-04
 5.85576E-04
 5.85980E-04
 5.85984E-04
 5.85988E-04
 5.85992E-04
 5.86130E-04
 5.86400E-04
 5.86405E-04
 5.86409E-04
 5.86679E-04
 5.86950E-04
 5.87088E-04
 5.87359E-04
 5.87496E-04
 5.87500E-04
 5.87504E-04
 5.87508E-04
 5.87512E-04
 5.87516E-04
 5.87921E-04
 5.88058E-04
 5.88062E-04
 5.88066E-04
 5.88070E-04
 5.88074E-04
 5.88345E-04
 5.88749E-04
 5.88754E-04
 5.88891E-04
 5.89028E-04
 5.89166E-04
 5.89170E-04
 5.89307E-04
 5.89311E-04
 5.89316E-04
 5.89453E-04
 5.89590E-04
 5.89728E-04
 5.89865E-04
 5.89869E-04
 5.90140E-04
 5.90144E-04
 5.90549E-04
 5.90686E-04
 5.90823E-04
 5.90827E-04
 5.90831E-04
 5.90836E-04
 5.90840E-04
 5.90977E-04
 5.91114E-04
 5.91118E-04
 5.91256E-04
 5.91393E-04
 5.91397E-04
 5.91535E-04
 5.91806E-04
 5.91943E-04
 5.92347E-04
 5.92485E-04
 5.92622E-04
 5.92760E-04
 5.92897E-04
 5.93168E-04
 5.93305E-04
 5.93309E-04
 5.93447E-04
 5.93451E-04
 5.93588E-04
 5.93859E-04
 5.94130E-04
 5.94134E-04
 5.94138E-04
 5.94142E-04
 5.94279E-04
 5.94684E-04
 5.94821E-04
 5.94825E-04
 5.94829E-04
 5.94967E-04
 5.94971E-04
 5.95508E-04
 5.95512E-04
 5.95650E-04
 5.95920E-04
 5.96058E-04
 5.96329E-04
 5.96466E-04
 5.96603E-04
 5.96607E-04
 5.96745E-04
 5.96882E-04
 5.97020E-04
 5.97024E-04
 5.97161E-04
 5.97165E-04
 5.97303E-04
 5.97440E-04
 5.97444E-04
 5.97581E-04
 5.97585E-04
 5.97723E-04
 5.97727E-04
 5.97731E-04
 5.97735E-04
 5.97872E-04
 5.98010E-04
 5.98147E-04
 5.98284E-04
 5.98288E-04
 5.98426E-04
 5.98563E-04
 5.98701E-04
 5.98705E-04
 5.98709E-04
 5.98713E-04
 5.99117E-04
 5.99121E-04
 5.99125E-04
 5.99262E-04
 5.99266E-04
 5.99804E-04
 6.00075E-04
 6.00345E-04
 6.00750E-04
 6.00754E-04
 6.00758E-04
 6.00762E-04
 6.01032E-04
 6.01036E-04
 6.01307E-04
 6.01311E-04
 6.01448E-04
 6.01452E-04
 6.01590E-04
 6.01594E-04
 6.01598E-04
 6.01735E-04
 6.01873E-04
 6.02143E-04
 6.02281E-04
 6.02285E-04
 6.02289E-04
 6.02693E-04
 6.02697E-04
 6.02834E-04
 6.02838E-04
 6.02842E-04
 6.02846E-04
 6.03117E-04
 6.03254E-04
 6.03258E-04
 6.03396E-04
 6.03400E-04
 6.03404E-04
 6.03408E-04
 6.03545E-04
 6.03816E-04
 6.04086E-04
 6.04224E-04
 6.04361E-04
 6.04499E-04
 6.04503E-04
 6.04507E-04
 6.04644E-04
 6.04781E-04
 6.04919E-04
 6.05189E-04
 6.05460E-04
 6.05597E-04
 6.05601E-04
 6.05605E-04
 6.05743E-04
 6.05880E-04
 6.05884E-04
 6.06021E-04
 6.06292E-04
 6.06430E-04
 6.06434E-04
 6.06704E-04
 6.06708E-04
 6.06712E-04
 6.06716E-04
 6.06987E-04
 6.07124E-04
 6.07128E-04
 6.07799E-04
 6.07803E-04
 6.07807E-04
 6.08078E-04
 6.08215E-04
 6.08352E-04
 6.08490E-04
 6.08627E-04
 6.08764E-04
 6.08902E-04
 6.09039E-04
 6.09043E-04
 6.09447E-04
 6.09985E-04
 6.09989E-04
 6.09993E-04
 6.10130E-04
 6.10401E-04
 6.10671E-04
 6.10809E-04
 6.10813E-04
 6.11084E-04
 6.11221E-04
 6.11225E-04
 6.11495E-04
 6.11633E-04
 6.11637E-04
 6.11774E-04
 6.11778E-04
 6.12182E-04
 6.12186E-04
 6.12323E-04
 6.12461E-04
 6.12731E-04
 6.12735E-04
 6.12739E-04
 6.12743E-04
 6.12747E-04
 6.12751E-04
 6.12888E-04
 6.13026E-04
 6.13163E-04
 6.13300E-04
 6.13304E-04
 6.13308E-04
 6.13312E-04
 6.13450E-04
 6.13453E-04
 6.13457E-04
 6.13728E-04
 6.13865E-04
 6.13869E-04
 6.14007E-04
 6.14144E-04
 6.14281E-04
 6.14419E-04
 6.14556E-04
 6.14560E-04
 6.14564E-04
 6.14568E-04
 6.14838E-04
 6.15109E-04
 6.15113E-04
 6.15384E-04
 6.15521E-04
 6.15525E-04
 6.15662E-04
 6.15666E-04
 6.15803E-04
 6.15807E-04
 6.16078E-04
 6.16215E-04
 6.16353E-04
 6.16357E-04
 6.16361E-04
 6.16765E-04
 6.17035E-04
 6.17173E-04
 6.17577E-04
 6.17714E-04
 6.17718E-04
 6.17722E-04
 6.17993E-04
 6.18130E-04
 6.18134E-04
 6.18271E-04
 6.18408E-04
 6.18412E-04
 6.18549E-04
 6.18553E-04
 6.18557E-04
 6.18961E-04
 6.18965E-04
 6.18969E-04
 6.19106E-04
 6.19110E-04
 6.19114E-04
 6.19252E-04
 6.19389E-04
 6.19526E-04
 6.19797E-04
 6.19934E-04
 6.20071E-04
 6.20342E-04
 6.20346E-04
 6.20483E-04
 6.20621E-04
 6.20758E-04
 6.21028E-04
 6.21166E-04
 6.21303E-04
 6.21307E-04
 6.21311E-04
 6.21315E-04
 6.21319E-04
 6.21456E-04
 6.21460E-04
 6.21464E-04
 6.21467E-04
 6.21471E-04
 6.21742E-04
 6.21879E-04
 6.22017E-04
 6.22020E-04
 6.22158E-04
 6.22162E-04
 6.22299E-04
 6.22303E-04
 6.22440E-04
 6.22577E-04
 6.22715E-04
 6.22985E-04
 6.23389E-04
 6.23660E-04
 6.23664E-04
 6.23935E-04
 6.24205E-04
 6.24342E-04
 6.24746E-04
 6.24884E-04
 6.24888E-04
 6.25025E-04
 6.25296E-04
 6.25566E-04
 6.25570E-04
 6.25574E-04
 6.25578E-04
 6.25715E-04
 6.25719E-04
 6.25990E-04
 6.26127E-04
 6.26264E-04
 6.26401E-04
 6.26405E-04
 6.26542E-04
 6.26546E-04
 6.26550E-04
 6.26687E-04
 6.26825E-04
 6.26829E-04
 6.26832E-04
 6.26970E-04
 6.26973E-04
 6.27111E-04
 6.27381E-04
 6.27519E-04
 6.27522E-04
 6.27793E-04
 6.27797E-04
 6.27801E-04
 6.27805E-04
 6.28075E-04
 6.28079E-04
 6.28350E-04
 6.28354E-04
 6.28357E-04
 6.28361E-04
 6.28632E-04
 6.28769E-04
 6.29040E-04
 6.29044E-04
 6.29181E-04
 6.29185E-04
 6.29322E-04
 6.29593E-04
 6.29997E-04
 6.30000E-04
 6.30138E-04
 6.30275E-04
 6.30412E-04
 6.30549E-04
 6.30820E-04
 6.30957E-04
 6.31228E-04
 6.31499E-04
 6.31903E-04
 6.32040E-04
 6.32310E-04
 6.32314E-04
 6.32318E-04
 6.32455E-04
 6.32459E-04
 6.32596E-04
 6.32600E-04
 6.32604E-04
 6.32608E-04
 6.32612E-04
 6.32615E-04
 6.32619E-04
 6.32757E-04
 6.32894E-04
 6.33031E-04
 6.33035E-04
 6.33305E-04
 6.33309E-04
 6.33580E-04
 6.33584E-04
 6.33721E-04
 6.33725E-04
 6.33862E-04
 6.34133E-04
 6.34270E-04
 6.34274E-04
 6.34411E-04
 6.34415E-04
 6.34552E-04
 6.34689E-04
 6.34960E-04
 6.34963E-04
 6.34967E-04
 6.34971E-04
 6.35242E-04
 6.35512E-04
 6.35783E-04
 6.36053E-04
 6.36457E-04
 6.36595E-04
 6.36598E-04
 6.36869E-04
 6.36873E-04
 6.37010E-04
 6.37281E-04
 6.37285E-04
 6.37422E-04
 6.37426E-04
 6.37563E-04
 6.37567E-04
 6.37704E-04
 6.37841E-04
 6.37845E-04
 6.38115E-04
 6.38119E-04
 6.38256E-04
 6.38260E-04
 6.38397E-04
 6.38535E-04
 6.38805E-04
 6.38942E-04
 6.38946E-04
 6.39083E-04
 6.39087E-04
 6.39091E-04
 6.39361E-04
 6.39499E-04
 6.39636E-04
 6.39906E-04
 6.39910E-04
 6.40181E-04
 6.40318E-04
 6.40322E-04
 6.40326E-04
 6.40463E-04
 6.40600E-04
 6.40604E-04
 6.40741E-04
 6.41011E-04
 6.41015E-04
 6.41019E-04
 6.41156E-04
 6.41160E-04
 6.41164E-04
 6.41168E-04
 6.41171E-04
 6.41175E-04
 6.41179E-04
 6.41583E-04
 6.41587E-04
 6.41590E-04
 6.41594E-04
 6.41865E-04
 6.41869E-04
 6.42006E-04
 6.42143E-04
 6.42280E-04
 6.42417E-04
 6.42554E-04
 6.42825E-04
 6.42829E-04
 6.43099E-04
 6.43103E-04
 6.43107E-04
 6.43244E-04
 6.43515E-04
 6.43518E-04
 6.43789E-04
 6.44193E-04
 6.44330E-04
 6.44467E-04
 6.44604E-04
 6.44608E-04
 6.44612E-04
 6.44749E-04
 6.44753E-04
 6.44757E-04
 6.44894E-04
 6.44898E-04
 6.45035E-04
 6.45172E-04
 6.45176E-04
 6.45179E-04
 6.45317E-04
 6.45454E-04
 6.45458E-04
 6.45461E-04
 6.45598E-04
 6.46002E-04
 6.46140E-04
 6.46277E-04
 6.46414E-04
 6.46684E-04
 6.46822E-04
 6.46825E-04
 6.46829E-04
 6.46966E-04
 6.47103E-04
 6.47240E-04
 6.47378E-04
 6.47515E-04
 6.47652E-04
 6.47789E-04
 6.48060E-04
 6.48197E-04
 6.48467E-04
 6.48604E-04
 6.48875E-04
 6.49279E-04
 6.49416E-04
 6.49687E-04
 6.49690E-04
 6.49694E-04
 6.49698E-04
 6.49835E-04
 6.49972E-04
 6.50243E-04
 6.50513E-04
 6.50517E-04
 6.50521E-04
 6.50524E-04
 6.50662E-04
 6.50932E-04
 6.50936E-04
 6.51073E-04
 6.51077E-04
 6.51080E-04
 6.51084E-04
 6.51221E-04
 6.51225E-04
 6.51362E-04
 6.51499E-04
 6.51636E-04
 6.51773E-04
 6.51911E-04
 6.52315E-04
 6.52585E-04
 6.52722E-04
 6.52726E-04
 6.52730E-04
 6.52867E-04
 6.52871E-04
 6.53008E-04
 6.53011E-04
 6.53015E-04
 6.53019E-04
 6.53156E-04
 6.53160E-04
 6.53297E-04
 6.53434E-04
 6.53704E-04
 6.53975E-04
 6.54112E-04
 6.54249E-04
 6.54386E-04
 6.54390E-04
 6.54661E-04
 6.54798E-04
 6.55068E-04
 6.55339E-04
 6.55476E-04
 6.55613E-04
 6.55617E-04
 6.55620E-04
 6.55891E-04
 6.56028E-04
 6.56032E-04
 6.56302E-04
 6.56306E-04
 6.56310E-04
 6.56313E-04
 6.56450E-04
 6.56454E-04
 6.56591E-04
 6.56595E-04
 6.56865E-04
 6.57003E-04
 6.57006E-04
 6.57143E-04
 6.57280E-04
 6.57284E-04
 6.57288E-04
 6.57292E-04
 6.57562E-04
 6.57566E-04
 6.57703E-04
 6.57973E-04
 6.57977E-04
 6.57981E-04
 6.57984E-04
 6.58122E-04
 6.58259E-04
 6.58262E-04
 6.58533E-04
 6.58670E-04
 6.58674E-04
 6.58677E-04
 6.58814E-04
 6.58818E-04
 6.58822E-04
 6.58826E-04
 6.58829E-04
 6.58966E-04
 6.59370E-04
 6.59507E-04
 6.59644E-04
 6.59781E-04
 6.59919E-04
 6.60056E-04
 6.60059E-04
 6.60330E-04
 6.60734E-04
 6.60871E-04
 6.61008E-04
 6.61278E-04
 6.61282E-04
 6.61686E-04
 6.61823E-04
 6.61960E-04
 6.61964E-04
 6.61967E-04
 6.62104E-04
 6.62108E-04
 6.62245E-04
 6.62249E-04
 6.62386E-04
 6.62523E-04
 6.62660E-04
 6.62931E-04
 6.62934E-04
 6.62938E-04
 6.62942E-04
 6.63079E-04
 6.63082E-04
 6.63486E-04
 6.63623E-04
 6.63627E-04
 6.63764E-04
 6.63901E-04
 6.64038E-04
 6.64309E-04
 6.64446E-04
 6.64449E-04
 6.64587E-04
 6.64857E-04
 6.64861E-04
 6.64864E-04
 6.64868E-04
 6.65272E-04
 6.65276E-04
 6.65413E-04
 6.65416E-04
 6.65420E-04
 6.65424E-04
 6.65561E-04
 6.65564E-04
 6.65701E-04
 6.65838E-04
 6.65842E-04
 6.65846E-04
 6.65849E-04
 6.66120E-04
 6.66390E-04
 6.66394E-04
 6.66398E-04
 6.66535E-04
 6.66538E-04
 6.66542E-04
 6.66546E-04
 6.66816E-04
 6.66953E-04
 6.67090E-04
 6.67094E-04
 6.67098E-04
 6.67101E-04
 6.67238E-04
 6.67509E-04
 6.67646E-04
 6.67649E-04
 6.67786E-04
 6.67790E-04
 6.67927E-04
 6.68064E-04
 6.68201E-04
 6.68472E-04
 6.69009E-04
 6.69146E-04
 6.69283E-04
 6.69553E-04
 6.69690E-04
 6.69694E-04
 6.69831E-04
 6.69835E-04
 6.69972E-04
 6.69975E-04
 6.70246E-04
 6.70250E-04
 6.70387E-04
 6.70390E-04
 6.70527E-04
 6.70531E-04
 6.70668E-04
 6.70672E-04
 6.70942E-04
 6.71079E-04
 6.71083E-04
 6.71220E-04
 6.71357E-04
 6.71360E-04
 6.71497E-04
 6.71634E-04
 6.71638E-04
 6.71642E-04
 6.71779E-04
 6.71782E-04
 6.72320E-04
 6.72323E-04
 6.72460E-04
 6.72464E-04
 6.72601E-04
 6.72738E-04
 6.73142E-04
 6.73412E-04
 6.73549E-04
 6.73820E-04
 6.73957E-04
 6.74094E-04
 6.74231E-04
 6.74368E-04
 6.74505E-04
 6.74508E-04
 6.74512E-04
 6.74649E-04
 6.74653E-04
 6.74923E-04
 6.74927E-04
 6.74930E-04
 6.75201E-04
 6.75204E-04
 6.75208E-04
 6.75345E-04
 6.75349E-04
 6.75486E-04
 6.75623E-04
 6.75760E-04
 6.75897E-04
 6.75900E-04
 6.76437E-04
 6.76574E-04
 6.76711E-04
 6.76849E-04
 6.76852E-04
 6.76856E-04
 6.76859E-04
 6.76863E-04
 6.76867E-04
 6.76870E-04
 6.76874E-04
 6.77144E-04
 6.77148E-04
 6.77151E-04
 6.77288E-04
 6.77425E-04
 6.77696E-04
 6.77833E-04
 6.77836E-04
 6.78107E-04
 6.78511E-04
 6.78648E-04
 6.78785E-04
 6.78922E-04
 6.78925E-04
 6.78929E-04
 6.78932E-04
 6.79069E-04
 6.79073E-04
 6.79210E-04
 6.79347E-04
 6.79351E-04
 6.79488E-04
 6.79758E-04
 6.79895E-04
 6.80032E-04
 6.80169E-04
 6.80173E-04
 6.80310E-04
 6.80313E-04
 6.80317E-04
 6.80587E-04
 6.80724E-04
 6.80995E-04
 6.80998E-04
 6.81135E-04
 6.81139E-04
 6.81142E-04
 6.81146E-04
 6.81416E-04
 6.81553E-04
 6.81690E-04
 6.81694E-04
 6.81831E-04
 6.81834E-04
 6.81838E-04
 6.81842E-04
 6.81845E-04
 6.81849E-04
 6.81852E-04
 6.81856E-04
 6.81859E-04
 6.81996E-04
 6.82000E-04
 6.82671E-04
 6.82941E-04
 6.82945E-04
 6.83082E-04
 6.83085E-04
 6.83089E-04
 6.83226E-04
 6.83363E-04
 6.83500E-04
 6.83770E-04
 6.83774E-04
 6.83911E-04
 6.83914E-04
 6.83918E-04
 6.83921E-04
 6.84058E-04
 6.84195E-04
 6.84199E-04
 6.84469E-04
 6.84606E-04
 6.84610E-04
 6.84613E-04
 6.84750E-04
 6.84754E-04
 6.84757E-04
 6.84761E-04
 6.84898E-04
 6.85035E-04
 6.85038E-04
 6.85442E-04
 6.85579E-04
 6.85716E-04
 6.85720E-04
 6.85857E-04
 6.86127E-04
 6.86131E-04
 6.86401E-04
 6.86538E-04
 6.86675E-04
 6.86678E-04
 6.86682E-04
 6.86819E-04
 6.86823E-04
 6.87093E-04
 6.87096E-04
 6.87100E-04
 6.87237E-04
 6.87507E-04
 6.87911E-04
 6.88048E-04
 6.88185E-04
 6.88188E-04
 6.88192E-04
 6.88329E-04
 6.88333E-04
 6.88469E-04
 6.88740E-04
 6.88743E-04
 6.88747E-04
 6.88884E-04
 6.89021E-04
 6.89158E-04
 6.89161E-04
 6.89298E-04
 6.89435E-04
 6.89572E-04
 6.89709E-04
 6.89979E-04
 6.89983E-04
 6.89987E-04
 6.90257E-04
 6.90260E-04
 6.90531E-04
 6.90534E-04
 6.90538E-04
 6.90541E-04
 6.90545E-04
 6.90548E-04
 6.90552E-04
 6.90822E-04
 6.90826E-04
 6.90963E-04
 6.90966E-04
 6.91103E-04
 6.91107E-04
 6.91244E-04
 6.91514E-04
 6.91518E-04
 6.91788E-04
 6.91791E-04
 6.92195E-04
 6.92199E-04
 6.92202E-04
 6.92339E-04
 6.92476E-04
 6.92613E-04
 6.92750E-04
 6.92754E-04
 6.93024E-04
 6.93027E-04
 6.93164E-04
 6.93301E-04
 6.93305E-04
 6.93442E-04
 6.93445E-04
 6.93716E-04
 6.93852E-04
 6.94256E-04
 6.94260E-04
 6.94263E-04
 6.94267E-04
 6.94404E-04
 6.94541E-04
 6.94544E-04
 6.94681E-04
 6.94818E-04
 6.94955E-04
 6.94958E-04
 6.95095E-04
 6.95232E-04
 6.95369E-04
 6.95506E-04
 6.95510E-04
 6.95513E-04
 6.95650E-04
 6.95654E-04
 6.95657E-04
 6.95661E-04
 6.95664E-04
 6.95934E-04
 6.95938E-04
 6.96075E-04
 6.96345E-04
 6.96349E-04
 6.96352E-04
 6.96489E-04
 6.96626E-04
 6.96630E-04
 6.96633E-04
 6.96903E-04
 6.97040E-04
 6.97044E-04
 6.97314E-04
 6.97451E-04
 6.97454E-04
 6.97458E-04
 6.97595E-04
 6.97865E-04
 6.98002E-04
 6.98139E-04
 6.98543E-04
 6.98813E-04
 6.98816E-04
 6.98820E-04
 6.99090E-04
 6.99094E-04
 6.99097E-04
 6.99101E-04
 6.99104E-04
 6.99641E-04
 6.99645E-04
 6.99648E-04
 6.99652E-04
 6.99922E-04
 6.99926E-04
 6.99929E-04
 6.99933E-04
 6.99936E-04
 6.99940E-04
 6.99943E-04
 6.99947E-04
 7.00084E-04
 7.00220E-04
 7.00357E-04
 7.00494E-04
 7.00498E-04
 7.00635E-04
 7.00771E-04
 7.00908E-04
 7.00912E-04
 7.00915E-04
 7.00919E-04
 7.00922E-04
 7.01059E-04
 7.01063E-04
 7.01200E-04
 7.01203E-04
 7.01340E-04
 7.01343E-04
 7.01747E-04
 7.01884E-04
 7.01887E-04
 7.02024E-04
 7.02028E-04
 7.02165E-04
 7.02435E-04
 7.02572E-04
 7.02709E-04
 7.02846E-04
 7.02849E-04
 7.03119E-04
 7.03256E-04
 7.03260E-04
 7.03263E-04
 7.03400E-04
 7.03537E-04
 7.03540E-04
 7.03544E-04
 7.03681E-04
 7.03684E-04
 7.03688E-04
 7.03825E-04
 7.03828E-04
 7.03832E-04
 7.03968E-04
 7.03972E-04
 7.03975E-04
 7.03979E-04
 7.04116E-04
 7.04386E-04
 7.04656E-04
 7.04660E-04
 7.04663E-04
 7.04667E-04
 7.04804E-04
 7.04807E-04
 7.04944E-04
 7.04947E-04
 7.04951E-04
 7.05088E-04
 7.05091E-04
 7.05228E-04
 7.05231E-04
 7.05368E-04
 7.05505E-04
 7.05642E-04
 7.05645E-04
 7.05782E-04
 7.05786E-04
 7.06189E-04
 7.06193E-04
 7.06196E-04
 7.06200E-04
 7.06203E-04
 7.06207E-04
 7.06210E-04
 7.06214E-04
 7.06617E-04
 7.06621E-04
 7.06758E-04
 7.06761E-04
 7.06898E-04
 7.06901E-04
 7.06905E-04
 7.06908E-04
 7.07045E-04
 7.07049E-04
 7.07319E-04
 7.07456E-04
 7.07593E-04
 7.07729E-04
 7.07733E-04
 7.07870E-04
 7.07873E-04
 7.08010E-04
 7.08147E-04
 7.08417E-04
 7.08421E-04
 7.08557E-04
 7.08694E-04
 7.08831E-04
 7.08968E-04
 7.08971E-04
 7.09375E-04
 7.09512E-04
 7.09782E-04
 7.09786E-04
 7.09789E-04
 7.10193E-04
 7.10196E-04
 7.10199E-04
 7.10470E-04
 7.10607E-04
 7.10610E-04
 7.10747E-04
 7.10750E-04
 7.10754E-04
 7.10757E-04
 7.11161E-04
 7.11164E-04
 7.11301E-04
 7.11571E-04
 7.11575E-04
 7.11712E-04
 7.11715E-04
 7.11852E-04
 7.11855E-04
 7.11859E-04
 7.11995E-04
 7.11999E-04
 7.12002E-04
 7.12406E-04
 7.12409E-04
 7.12413E-04
 7.12683E-04
 7.12686E-04
 7.12690E-04
 7.12960E-04
 7.12964E-04
 7.12967E-04
 7.13104E-04
 7.13107E-04
 7.13377E-04
 7.13648E-04
 7.13784E-04
 7.13788E-04
 7.13925E-04
 7.13928E-04
 7.13932E-04
 7.14068E-04
 7.14205E-04
 7.14209E-04
 7.14212E-04
 7.14482E-04
 7.14753E-04
 7.14756E-04
 7.14893E-04
 7.15030E-04
 7.15033E-04
 7.15036E-04
 7.15040E-04
 7.15310E-04
 7.15447E-04
 7.15450E-04
 7.15587E-04
 7.15590E-04
 7.15727E-04
 7.15997E-04
 7.16001E-04
 7.16004E-04
 7.16141E-04
 7.16145E-04
 7.16281E-04
 7.16418E-04
 7.16555E-04
 7.16692E-04
 7.16695E-04
 7.16699E-04
 7.16835E-04
 7.16839E-04
 7.16976E-04
 7.16979E-04
 7.16982E-04
 7.16986E-04
 7.16989E-04
 7.17126E-04
 7.17129E-04
 7.17400E-04
 7.17536E-04
 7.17807E-04
 7.17943E-04
 7.17947E-04
 7.17950E-04
 7.18087E-04
 7.18090E-04
 7.18094E-04
 7.18097E-04
 7.18101E-04
 7.18104E-04
 7.18107E-04
 7.18111E-04
 7.18381E-04
 7.18518E-04
 7.18521E-04
 7.18525E-04
 7.18528E-04
 7.18665E-04
 7.18802E-04
 7.18805E-04
 7.18808E-04
 7.18812E-04
 7.18815E-04
 7.18819E-04
 7.18822E-04
 7.18825E-04
 7.18829E-04
 7.18832E-04
 7.18969E-04
 7.19239E-04
 7.19509E-04
 7.19646E-04
 7.19783E-04
 7.19786E-04
 7.20056E-04
 7.20060E-04
 7.20197E-04
 7.20333E-04
 7.20337E-04
 7.20340E-04
 7.20610E-04
 7.20747E-04
 7.20751E-04
 7.20754E-04
 7.20891E-04
 7.20894E-04
 7.20897E-04
 7.21168E-04
 7.21304E-04
 7.21308E-04
 7.21311E-04
 7.21315E-04
 7.21585E-04
 7.21588E-04
 7.21725E-04
 7.21728E-04
 7.21998E-04
 7.22135E-04
 7.22272E-04
 7.22275E-04
 7.22412E-04
 7.22549E-04
 7.22686E-04
 7.22689E-04
 7.22826E-04
 7.22829E-04
 7.22966E-04
 7.23103E-04
 7.23239E-04
 7.23376E-04
 7.23380E-04
 7.23383E-04
 7.23386E-04
 7.23790E-04
 7.24060E-04
 7.24063E-04
 7.24200E-04
 7.24337E-04
 7.24340E-04
 7.24477E-04
 7.24480E-04
 7.24617E-04
 7.24621E-04
 7.24624E-04
 7.24627E-04
 7.24631E-04
 7.24634E-04
 7.24637E-04
 7.24774E-04
 7.24911E-04
 7.25048E-04
 7.25051E-04
 7.25054E-04
 7.25058E-04
 7.25061E-04
 7.25198E-04
 7.25335E-04
 7.25471E-04
 7.25875E-04
 7.26012E-04
 7.26015E-04
 7.26152E-04
 7.26155E-04
 7.26292E-04
 7.26429E-04
 7.26432E-04
 7.26435E-04
 7.26706E-04
 7.26709E-04
 7.26712E-04
 7.26716E-04
 7.26719E-04
 7.26989E-04
 7.26992E-04
 7.26996E-04
 7.26999E-04
 7.27002E-04
 7.27006E-04
 7.27143E-04
 7.27146E-04
 7.27416E-04
 7.27419E-04
 7.27423E-04
 7.27560E-04
 7.27563E-04
 7.27566E-04
 7.27836E-04
 7.27840E-04
 7.27843E-04
 7.27980E-04
 7.28117E-04
 7.28120E-04
 7.28257E-04
 7.28260E-04
 7.28397E-04
 7.28533E-04
 7.28670E-04
 7.28940E-04
 7.28944E-04
 7.28947E-04
 7.29350E-04
 7.29354E-04
 7.29491E-04
 7.29494E-04
 7.29631E-04
 7.30034E-04
 7.30037E-04
 7.30041E-04
 7.30178E-04
 7.30314E-04
 7.30451E-04
 7.30454E-04
 7.30591E-04
 7.30728E-04
 7.30865E-04
 7.30868E-04
 7.31138E-04
 7.31141E-04
 7.31278E-04
 7.31281E-04
 7.31285E-04
 7.31288E-04
 7.31291E-04
 7.31295E-04
 7.31298E-04
 7.31435E-04
 7.31571E-04
 7.31708E-04
 7.31845E-04
 7.32248E-04
 7.32252E-04
 7.32522E-04
 7.32792E-04
 7.32795E-04
 7.32799E-04
 7.32802E-04
