 0.00000E+00
 9.14354E-07
 2.49426E-06
 4.13300E-06
 5.74798E-06
 7.32138E-06
 8.85235E-06
 1.03347E-05
 1.17674E-05
 1.31652E-05
 1.45303E-05
 1.58647E-05
 1.71703E-05
 1.84490E-05
 1.97023E-05
 2.09318E-05
 2.21390E-05
 2.33253E-05
 2.44920E-05
 2.56402E-05
 2.67712E-05
 2.78860E-05
 2.89857E-05
 3.00711E-05
 3.11432E-05
 3.22028E-05
 3.32507E-05
 3.42878E-05
 3.53145E-05
 3.63318E-05
 3.73400E-05
 3.83399E-05
 3.93320E-05
 4.03168E-05
 4.12753E-05
 4.22270E-05
 4.31728E-05
 4.41130E-05
 4.50481E-05
 4.59783E-05
 4.69040E-05
 4.78256E-05
 4.87433E-05
 4.96574E-05
 5.05681E-05
 5.14757E-05
 5.23805E-05
 5.32826E-05
 5.41823E-05
 5.50797E-05
 5.59751E-05
 5.68686E-05
 5.77603E-05
 5.86504E-05
 5.95390E-05
 6.04264E-05
 6.13125E-05
 6.21976E-05
 6.30817E-05
 6.39610E-05
 6.48247E-05
 6.56876E-05
 6.65499E-05
 6.74117E-05
 6.82730E-05
 6.91340E-05
 6.99946E-05
 7.08549E-05
 7.17151E-05
 7.25751E-05
 7.34350E-05
 7.42949E-05
 7.51548E-05
 7.60147E-05
 7.68747E-05
 7.77349E-05
 7.85952E-05
 7.94557E-05
 8.03165E-05
 8.11775E-05
 8.20388E-05
 8.29004E-05
 8.37623E-05
 8.46246E-05
 8.54847E-05
 8.63299E-05
 8.71755E-05
 8.80216E-05
 8.88680E-05
 8.97149E-05
 9.05623E-05
 9.14102E-05
 9.22586E-05
 9.31075E-05
 9.39569E-05
 9.48069E-05
 9.56574E-05
 9.65085E-05
 9.73601E-05
 9.82123E-05
 9.90651E-05
 9.99185E-05
 1.00772E-04
 1.01627E-04
 1.02482E-04
 1.03338E-04
 1.04195E-04
 1.05052E-04
 1.05909E-04
 1.06754E-04
 1.07596E-04
 1.08439E-04
 1.09282E-04
 1.10126E-04
 1.10970E-04
 1.11815E-04
 1.12661E-04
 1.13508E-04
 1.14355E-04
 1.15202E-04
 1.16051E-04
 1.16900E-04
 1.17750E-04
 1.18600E-04
 1.19451E-04
 1.20303E-04
 1.21155E-04
 1.22009E-04
 1.22862E-04
 1.23717E-04
 1.24572E-04
 1.25428E-04
 1.26282E-04
 1.27123E-04
 1.27964E-04
 1.28807E-04
 1.29650E-04
 1.30493E-04
 1.31338E-04
 1.32183E-04
 1.33028E-04
 1.33875E-04
 1.34722E-04
 1.35569E-04
 1.36418E-04
 1.37267E-04
 1.38116E-04
 1.38967E-04
 1.39818E-04
 1.40670E-04
 1.41522E-04
 1.42375E-04
 1.43229E-04
 1.44084E-04
 1.44939E-04
 1.45792E-04
 1.46633E-04
 1.47475E-04
 1.48317E-04
 1.49160E-04
 1.50004E-04
 1.50848E-04
 1.51693E-04
 1.52539E-04
 1.53385E-04
 1.54232E-04
 1.55080E-04
 1.55929E-04
 1.56778E-04
 1.57628E-04
 1.58478E-04
 1.59329E-04
 1.60181E-04
 1.61034E-04
 1.61887E-04
 1.62741E-04
 1.63595E-04
 1.64450E-04
 1.65293E-04
 1.66135E-04
 1.66978E-04
 1.67821E-04
 1.68664E-04
 1.69509E-04
 1.70354E-04
 1.71200E-04
 1.72046E-04
 1.72893E-04
 1.73741E-04
 1.74589E-04
 1.75438E-04
 1.76288E-04
 1.77138E-04
 1.77989E-04
 1.78841E-04
 1.79693E-04
 1.80547E-04
 1.81400E-04
 1.82255E-04
 1.83107E-04
 1.83949E-04
 1.84791E-04
 1.85633E-04
 1.86476E-04
 1.87319E-04
 1.88163E-04
 1.89007E-04
 1.89852E-04
 1.90697E-04
 1.91543E-04
 1.92389E-04
 1.93235E-04
 1.94082E-04
 1.94930E-04
 1.95778E-04
 1.96626E-04
 1.97475E-04
 1.98324E-04
 1.99174E-04
 2.00025E-04
 2.00874E-04
 2.01712E-04
 2.02550E-04
 2.03389E-04
 2.04228E-04
 2.05068E-04
 2.05909E-04
 2.06750E-04
 2.07591E-04
 2.08433E-04
 2.09276E-04
 2.10119E-04
 2.10963E-04
 2.11807E-04
 2.12652E-04
 2.13497E-04
 2.14343E-04
 2.15190E-04
 2.16037E-04
 2.16884E-04
 2.17733E-04
 2.18575E-04
 2.19411E-04
 2.20248E-04
 2.21086E-04
 2.21924E-04
 2.22763E-04
 2.23603E-04
 2.24443E-04
 2.25283E-04
 2.26125E-04
 2.26967E-04
 2.27809E-04
 2.28653E-04
 2.29496E-04
 2.30341E-04
 2.31186E-04
 2.32032E-04
 2.32878E-04
 2.33725E-04
 2.34573E-04
 2.35415E-04
 2.36251E-04
 2.37085E-04
 2.37919E-04
 2.38752E-04
 2.39583E-04
 2.40414E-04
 2.41245E-04
 2.42074E-04
 2.42903E-04
 2.43731E-04
 2.44558E-04
 2.45385E-04
 2.46210E-04
 2.47035E-04
 2.47859E-04
 2.48682E-04
 2.49504E-04
 2.50326E-04
 2.51146E-04
 2.51959E-04
 2.52769E-04
 2.53581E-04
 2.54394E-04
 2.55208E-04
 2.56023E-04
 2.56840E-04
 2.57657E-04
 2.58476E-04
 2.59296E-04
 2.60117E-04
 2.60939E-04
 2.61763E-04
 2.62587E-04
 2.63413E-04
 2.64240E-04
 2.65068E-04
 2.65897E-04
 2.66727E-04
 2.67556E-04
 2.68377E-04
 2.69199E-04
 2.70021E-04
 2.70843E-04
 2.71666E-04
 2.72489E-04
 2.73313E-04
 2.74137E-04
 2.74962E-04
 2.75788E-04
 2.76614E-04
 2.77440E-04
 2.78267E-04
 2.79095E-04
 2.79923E-04
 2.80751E-04
 2.81580E-04
 2.82410E-04
 2.83236E-04
 2.84056E-04
 2.84877E-04
 2.85698E-04
 2.86520E-04
 2.87342E-04
 2.88164E-04
 2.88988E-04
 2.89811E-04
 2.90636E-04
 2.91460E-04
 2.92286E-04
 2.93111E-04
 2.93938E-04
 2.94765E-04
 2.95592E-04
 2.96420E-04
 2.97248E-04
 2.98077E-04
 2.98896E-04
 2.99716E-04
 3.00536E-04
 3.01357E-04
 3.02178E-04
 3.03000E-04
 3.03823E-04
 3.04646E-04
 3.05469E-04
 3.06293E-04
 3.07118E-04
 3.07943E-04
 3.08769E-04
 3.09595E-04
 3.10422E-04
 3.11249E-04
 3.12077E-04
 3.12902E-04
 3.13721E-04
 3.14541E-04
 3.15361E-04
 3.16182E-04
 3.17003E-04
 3.17825E-04
 3.18647E-04
 3.19470E-04
 3.20293E-04
 3.21117E-04
 3.21941E-04
 3.22766E-04
 3.23592E-04
 3.24418E-04
 3.25244E-04
 3.26071E-04
 3.26899E-04
 3.27719E-04
 3.28538E-04
 3.29358E-04
 3.30178E-04
 3.30999E-04
 3.31820E-04
 3.32642E-04
 3.33465E-04
 3.34288E-04
 3.35112E-04
 3.35936E-04
 3.36760E-04
 3.37586E-04
 3.38411E-04
 3.39238E-04
 3.40064E-04
 3.40891E-04
 3.41710E-04
 3.42530E-04
 3.43350E-04
 3.44170E-04
 3.44991E-04
 3.45813E-04
 3.46635E-04
 3.47458E-04
 3.48281E-04
 3.49105E-04
 3.49929E-04
 3.50754E-04
 3.51579E-04
 3.52405E-04
 3.53232E-04
 3.54059E-04
 3.54881E-04
 3.55700E-04
 3.56520E-04
 3.57341E-04
 3.58162E-04
 3.58983E-04
 3.59805E-04
 3.60627E-04
 3.61449E-04
 3.62272E-04
 3.63096E-04
 3.63920E-04
 3.64744E-04
 3.65569E-04
 3.66395E-04
 3.67221E-04
 3.68042E-04
 3.68861E-04
 3.69681E-04
 3.70500E-04
 3.71320E-04
 3.72140E-04
 3.72961E-04
 3.73782E-04
 3.74604E-04
 3.75426E-04
 3.76249E-04
 3.77073E-04
 3.77897E-04
 3.78721E-04
 3.79546E-04
 3.80372E-04
 3.81190E-04
 3.82009E-04
 3.82828E-04
 3.83648E-04
 3.84468E-04
 3.85289E-04
 3.86110E-04
 3.86932E-04
 3.87755E-04
 3.88578E-04
 3.89401E-04
 3.90225E-04
 3.91050E-04
 3.91875E-04
 3.92701E-04
 3.93520E-04
 3.94339E-04
 3.95159E-04
 3.95979E-04
 3.96800E-04
 3.97621E-04
 3.98443E-04
 3.99265E-04
 4.00087E-04
 4.00909E-04
 4.01733E-04
 4.02556E-04
 4.03381E-04
 4.04205E-04
 4.05030E-04
 4.05848E-04
 4.06667E-04
 4.07487E-04
 4.08307E-04
 4.09127E-04
 4.09949E-04
 4.10770E-04
 4.11593E-04
 4.12415E-04
 4.13239E-04
 4.14062E-04
 4.14887E-04
 4.15712E-04
 4.16537E-04
 4.17358E-04
 4.18177E-04
 4.18997E-04
 4.19818E-04
 4.20639E-04
 4.21460E-04
 4.22282E-04
 4.23105E-04
 4.23928E-04
 4.24752E-04
 4.25576E-04
 4.26401E-04
 4.27226E-04
 4.28052E-04
 4.28873E-04
 4.29693E-04
 4.30513E-04
 4.31335E-04
 4.32156E-04
 4.32978E-04
 4.33801E-04
 4.34624E-04
 4.35448E-04
 4.36272E-04
 4.37097E-04
 4.37923E-04
 4.38748E-04
 4.39574E-04
 4.40394E-04
 4.41215E-04
 4.42037E-04
 4.42859E-04
 4.43681E-04
 4.44504E-04
 4.45328E-04
 4.46152E-04
 4.46976E-04
 4.47802E-04
 4.48627E-04
 4.49453E-04
 4.50280E-04
 4.51102E-04
 4.51923E-04
 4.52745E-04
 4.53568E-04
 4.54391E-04
 4.55215E-04
 4.56039E-04
 4.56863E-04
 4.57688E-04
 4.58514E-04
 4.59340E-04
 4.60167E-04
 4.60994E-04
 4.61816E-04
 4.62638E-04
 4.63461E-04
 4.64284E-04
 4.65108E-04
 4.65932E-04
 4.66756E-04
 4.67580E-04
 4.68405E-04
 4.69230E-04
 4.70056E-04
 4.70883E-04
 4.71708E-04
 4.72530E-04
 4.73352E-04
 4.74175E-04
 4.74998E-04
 4.75822E-04
 4.76646E-04
 4.77471E-04
 4.78297E-04
 4.79122E-04
 4.79948E-04
 4.80774E-04
 4.81600E-04
 4.82422E-04
 4.83244E-04
 4.84066E-04
 4.84890E-04
 4.85713E-04
 4.86537E-04
 4.87362E-04
 4.88187E-04
 4.89012E-04
 4.89838E-04
 4.90665E-04
 4.91492E-04
 4.92314E-04
 4.93137E-04
 4.93960E-04
 4.94784E-04
 4.95608E-04
 4.96433E-04
 4.97258E-04
 4.98084E-04
 4.98910E-04
 4.99737E-04
 5.00564E-04
 5.01390E-04
 5.02213E-04
 5.03037E-04
 5.03861E-04
 5.04686E-04
 5.05511E-04
 5.06336E-04
 5.07162E-04
 5.07989E-04
 5.08816E-04
 5.09643E-04
 5.10471E-04
 5.11296E-04
 5.12120E-04
 5.12945E-04
 5.13770E-04
 5.14595E-04
 5.15421E-04
 5.16248E-04
 5.17074E-04
 5.17901E-04
 5.18728E-04
 5.19556E-04
 5.20381E-04
 5.21205E-04
 5.22029E-04
 5.22854E-04
 5.23680E-04
 5.24506E-04
 5.25332E-04
 5.26159E-04
 5.26987E-04
 5.27814E-04
 5.28643E-04
 5.29467E-04
 5.30292E-04
 5.31118E-04
 5.31944E-04
 5.32770E-04
 5.33597E-04
 5.34424E-04
 5.35251E-04
 5.36079E-04
 5.36908E-04
 5.37736E-04
 5.38561E-04
 5.39387E-04
 5.40213E-04
 5.41040E-04
 5.41867E-04
 5.42695E-04
 5.43523E-04
 5.44351E-04
 5.45180E-04
 5.46009E-04
 5.46835E-04
 5.47662E-04
 5.48489E-04
 5.49316E-04
 5.50144E-04
 5.50972E-04
 5.51800E-04
 5.52629E-04
 5.53459E-04
 5.54288E-04
 5.55115E-04
 5.55942E-04
 5.56770E-04
 5.57598E-04
 5.58426E-04
 5.59255E-04
 5.60084E-04
 5.60913E-04
 5.61743E-04
 5.62574E-04
 5.63401E-04
 5.64229E-04
 5.65057E-04
 5.65885E-04
 5.66714E-04
 5.67542E-04
 5.68371E-04
 5.69201E-04
 5.70031E-04
 5.70860E-04
 5.71687E-04
 5.72515E-04
 5.73343E-04
 5.74171E-04
 5.75000E-04
 5.75830E-04
 5.76660E-04
 5.77490E-04
 5.78320E-04
 5.79148E-04
 5.79977E-04
 5.80805E-04
 5.81634E-04
 5.82464E-04
 5.83293E-04
 5.84123E-04
 5.84953E-04
 5.85783E-04
 5.86611E-04
 5.87439E-04
 5.88268E-04
 5.89096E-04
 5.89926E-04
 5.90755E-04
 5.91585E-04
 5.92415E-04
 5.93246E-04
 5.94075E-04
 5.94904E-04
 5.95733E-04
 5.96562E-04
 5.97392E-04
 5.98222E-04
 5.99052E-04
 5.99883E-04
 6.00714E-04
 6.01543E-04
 6.02373E-04
 6.03202E-04
 6.04033E-04
 6.04863E-04
 6.05694E-04
 6.06525E-04
 6.07356E-04
 6.08187E-04
 6.09017E-04
 6.09847E-04
 6.10677E-04
 6.11508E-04
 6.12339E-04
 6.13170E-04
 6.14002E-04
 6.14834E-04
 6.15665E-04
 6.16495E-04
 6.17326E-04
 6.18157E-04
 6.18988E-04
 6.19820E-04
 6.20652E-04
 6.21485E-04
 6.22316E-04
 6.23147E-04
 6.23978E-04
 6.24810E-04
 6.25642E-04
 6.26474E-04
 6.27306E-04
 6.28139E-04
 6.28971E-04
 6.29802E-04
 6.30634E-04
 6.31465E-04
 6.32297E-04
 6.33128E-04
 6.33961E-04
 6.34793E-04
 6.35625E-04
 6.36456E-04
 6.37287E-04
 6.38119E-04
 6.38951E-04
 6.39784E-04
 6.40617E-04
 6.41449E-04
 6.42281E-04
 6.43113E-04
 6.43945E-04
 6.44777E-04
 6.45610E-04
 6.46443E-04
 6.47276E-04
 6.48109E-04
 6.48941E-04
 6.49773E-04
 6.50606E-04
 6.51439E-04
 6.52272E-04
 6.53105E-04
 6.53939E-04
 6.54771E-04
 6.55604E-04
 6.56437E-04
 6.57270E-04
 6.58103E-04
 6.58937E-04
 6.59770E-04
 6.60604E-04
 6.61437E-04
 6.62270E-04
 6.63103E-04
 6.63937E-04
 6.64771E-04
 6.65605E-04
 6.66438E-04
 6.67271E-04
 6.68104E-04
 6.68937E-04
 6.69770E-04
 6.70603E-04
 6.71437E-04
 6.72270E-04
 6.73103E-04
 6.73936E-04
 6.74769E-04
 6.75602E-04
 6.76436E-04
 6.77269E-04
 6.78102E-04
 6.78935E-04
 6.79768E-04
 6.80600E-04
 6.81433E-04
 6.82266E-04
 6.83251E-04
 6.84562E-04
 6.85396E-04
 6.86108E-04
 6.86940E-04
 6.87656E-04
 6.88491E-04
 6.89213E-04
 6.90063E-04
 6.90792E-04
 6.91643E-04
 6.92377E-04
 6.93233E-04
 6.93971E-04
 6.94832E-04
 6.95575E-04
 6.96445E-04
 6.97191E-04
 6.98059E-04
 6.98809E-04
 6.99681E-04
 7.00434E-04
 7.01310E-04
 7.02066E-04
 7.02944E-04
 7.03703E-04
 7.04589E-04
 7.05350E-04
 7.06234E-04
 7.06996E-04
 7.07880E-04
 7.08644E-04
 7.09530E-04
 7.10297E-04
 7.11183E-04
 7.11949E-04
 7.12835E-04
 7.13604E-04
 7.14492E-04
 7.15263E-04
 7.16154E-04
 7.16922E-04
 7.17811E-04
 7.18582E-04
 7.19472E-04
 7.20245E-04
 7.21136E-04
 7.21912E-04
 7.22805E-04
 7.23583E-04
 7.24478E-04
 7.25258E-04
 7.26155E-04
 7.26937E-04
 7.27831E-04
 7.28608E-04
 7.29499E-04
 7.30277E-04
 7.31169E-04
 7.31950E-04
 7.32841E-04
 7.33620E-04
 7.34510E-04
 7.35255E-04
 7.36132E-04
 7.36940E-04
 7.37819E-04
 7.38629E-04
 7.39509E-04
 7.40321E-04
 7.41202E-04
 7.42014E-04
 7.42891E-04
