 9.15599E-04
 9.15587E-04
 9.15575E-04
 9.15564E-04
 9.15553E-04
 9.15543E-04
 9.15534E-04
 9.15525E-04
 9.15517E-04
 9.15510E-04
 9.15502E-04
 9.15496E-04
 9.15489E-04
 9.15483E-04
 9.15478E-04
 9.15472E-04
 9.15467E-04
 9.15463E-04
 9.15458E-04
 9.15454E-04
 9.15450E-04
 9.15447E-04
 9.15443E-04
 9.15440E-04
 9.15437E-04
 9.15434E-04
 9.15431E-04
 9.15429E-04
 9.15426E-04
 9.15424E-04
 9.15422E-04
 9.15420E-04
 9.15418E-04
 9.15417E-04
 9.15415E-04
 9.15413E-04
 9.15412E-04
 9.15411E-04
 9.15409E-04
 9.15408E-04
 9.15407E-04
 9.15406E-04
 9.15405E-04
 9.15404E-04
 9.15403E-04
 9.15402E-04
 9.15401E-04
 9.15401E-04
 9.15400E-04
 9.15399E-04
 9.15399E-04
 9.15398E-04
 9.15398E-04
 9.15397E-04
 9.15397E-04
 9.15396E-04
 9.15396E-04
 9.15395E-04
 9.15395E-04
 9.15395E-04
 9.15394E-04
 9.15394E-04
 9.15394E-04
 9.15393E-04
 9.15393E-04
 9.15393E-04
 9.15393E-04
 9.15392E-04
 9.15392E-04
 9.15392E-04
 9.15392E-04
 9.15392E-04
 9.15391E-04
 9.15391E-04
 9.15391E-04
 9.15391E-04
 9.15391E-04
 9.15391E-04
 9.15391E-04
 9.15391E-04
 9.15390E-04
 9.15390E-04
 9.15390E-04
 9.15390E-04
 9.15390E-04
 9.15390E-04
 9.15390E-04
 9.15390E-04
 9.15390E-04
 9.15390E-04
 9.15390E-04
 9.15390E-04
 9.15389E-04
 9.15389E-04
 9.15389E-04
 9.15389E-04
 9.15389E-04
 9.15389E-04
 9.15389E-04
 9.15389E-04
 9.15389E-04
 9.15389E-04
 9.15389E-04
 9.15389E-04
 9.15389E-04
 9.15389E-04
 9.15389E-04
 9.15389E-04
 9.15389E-04
 9.15389E-04
 9.15389E-04
 9.15389E-04
 9.15389E-04
 9.15389E-04
 9.15389E-04
 9.15389E-04
 9.15389E-04
 9.15389E-04
 9.15388E-04
 9.15388E-04
 9.15388E-04
 9.15388E-04
 9.15388E-04
 9.15388E-04
 9.15388E-04
 9.15388E-04
 9.15388E-04
 9.15388E-04
 9.15388E-04
 9.15388E-04
 9.15388E-04
 9.15388E-04
 9.15388E-04
 9.15388E-04
 9.15388E-04
 9.15388E-04
 9.15388E-04
 9.15388E-04
 9.15388E-04
 9.15388E-04
 9.15388E-04
 9.15388E-04
 9.15388E-04
 9.15388E-04
 9.15388E-04
 9.15388E-04
 9.15388E-04
 9.15388E-04
 9.15388E-04
 9.15388E-04
 9.15388E-04
 9.15388E-04
 9.15388E-04
 9.15388E-04
 9.15388E-04
 9.15388E-04
 9.15388E-04
 9.15388E-04
 9.15388E-04
 9.15388E-04
 9.15388E-04
 9.15388E-04
 9.15388E-04
 9.15388E-04
 9.15388E-04
 9.15388E-04
 9.15388E-04
 9.15388E-04
 9.15387E-04
 9.15387E-04
 9.15387E-04
 9.15387E-04
 9.15387E-04
 9.15387E-04
 9.15387E-04
 9.15387E-04
 9.15387E-04
 9.15387E-04
 9.15387E-04
 9.15387E-04
 9.15387E-04
 9.15387E-04
 9.15387E-04
 9.15387E-04
 9.15387E-04
 9.15387E-04
 9.15387E-04
 9.15387E-04
 9.15387E-04
 9.15387E-04
 9.15387E-04
 9.15387E-04
 9.15387E-04
 9.15387E-04
 9.15387E-04
 9.15387E-04
 9.15387E-04
 9.15387E-04
 9.15387E-04
 9.15387E-04
 9.15387E-04
 9.15387E-04
 9.15387E-04
 9.15388E-04
 9.15388E-04
 9.15388E-04
 9.15388E-04
 9.15388E-04
 9.15388E-04
 9.15388E-04
 9.15389E-04
 9.15389E-04
 9.15389E-04
 9.15389E-04
 9.15389E-04
 9.15389E-04
 9.15389E-04
 9.15390E-04
 9.15390E-04
 9.15390E-04
 9.15390E-04
 9.15390E-04
 9.15390E-04
 9.15390E-04
 9.15390E-04
 9.15390E-04
 9.15390E-04
 9.15390E-04
 9.15391E-04
 9.15391E-04
 9.15391E-04
 9.15391E-04
 9.15391E-04
 9.15391E-04
 9.15391E-04
 9.15391E-04
 9.15391E-04
 9.15391E-04
 9.15391E-04
 9.15391E-04
 9.15391E-04
 9.15391E-04
 9.15391E-04
 9.15391E-04
 9.15391E-04
 9.15391E-04
 9.15391E-04
 9.15391E-04
 9.15391E-04
 9.15391E-04
 9.15391E-04
 9.15391E-04
 9.15391E-04
 9.15391E-04
 9.15391E-04
 9.15391E-04
 9.15391E-04
 9.15391E-04
 9.15391E-04
 9.15391E-04
 9.15391E-04
 9.15392E-04
 9.15393E-04
 9.15394E-04
 9.15396E-04
 9.15397E-04
 9.15398E-04
 9.15399E-04
 9.15401E-04
 9.15402E-04
 9.15403E-04
 9.15404E-04
 9.15406E-04
 9.15407E-04
 9.15408E-04
 9.15409E-04
 9.15411E-04
 9.15412E-04
 9.15413E-04
 9.15414E-04
 9.15416E-04
 9.15416E-04
 9.15415E-04
 9.15414E-04
 9.15414E-04
 9.15413E-04
 9.15413E-04
 9.15412E-04
 9.15411E-04
 9.15411E-04
 9.15410E-04
 9.15410E-04
 9.15409E-04
 9.15408E-04
 9.15408E-04
 9.15407E-04
 9.15406E-04
 9.15406E-04
 9.15405E-04
 9.15405E-04
 9.15404E-04
 9.15404E-04
 9.15404E-04
 9.15404E-04
 9.15405E-04
 9.15405E-04
 9.15405E-04
 9.15405E-04
 9.15405E-04
 9.15405E-04
 9.15405E-04
 9.15405E-04
 9.15405E-04
 9.15405E-04
 9.15406E-04
 9.15406E-04
 9.15406E-04
 9.15406E-04
 9.15406E-04
 9.15406E-04
 9.15406E-04
 9.15406E-04
 9.15406E-04
 9.15406E-04
 9.15406E-04
 9.15407E-04
 9.15407E-04
 9.15407E-04
 9.15407E-04
 9.15407E-04
 9.15407E-04
 9.15407E-04
 9.15407E-04
 9.15407E-04
 9.15407E-04
 9.15407E-04
 9.15407E-04
 9.15408E-04
 9.15408E-04
 9.15408E-04
 9.15408E-04
 9.15408E-04
 9.15408E-04
 9.15408E-04
 9.15408E-04
 9.15408E-04
 9.15408E-04
 9.15408E-04
 9.15408E-04
 9.15408E-04
 9.15408E-04
 9.15409E-04
 9.15409E-04
 9.15409E-04
 9.15409E-04
 9.15409E-04
 9.15409E-04
 9.15409E-04
 9.15409E-04
 9.15409E-04
 9.15409E-04
 9.15409E-04
 9.15409E-04
 9.15409E-04
 9.15409E-04
 9.15410E-04
 9.15410E-04
 9.15410E-04
 9.15410E-04
 9.15410E-04
 9.15410E-04
 9.15410E-04
 9.15410E-04
 9.15410E-04
 9.15410E-04
 9.15410E-04
 9.15410E-04
 9.15410E-04
 9.15410E-04
 9.15410E-04
 9.15410E-04
 9.15411E-04
 9.15411E-04
 9.15411E-04
 9.15411E-04
 9.15411E-04
 9.15411E-04
 9.15411E-04
 9.15411E-04
 9.15411E-04
 9.15411E-04
 9.15411E-04
 9.15411E-04
 9.15411E-04
 9.15411E-04
 9.15411E-04
 9.15411E-04
 9.15411E-04
 9.15411E-04
 9.15412E-04
 9.15412E-04
 9.15412E-04
 9.15412E-04
 9.15412E-04
 9.15412E-04
 9.15412E-04
 9.15412E-04
 9.15412E-04
 9.15412E-04
 9.15412E-04
 9.15412E-04
 9.15412E-04
 9.15412E-04
 9.15412E-04
 9.15412E-04
 9.15412E-04
 9.15412E-04
 9.15412E-04
 9.15413E-04
 9.15413E-04
 9.15413E-04
 9.15413E-04
 9.15413E-04
 9.15413E-04
 9.15413E-04
 9.15413E-04
 9.15413E-04
 9.15413E-04
 9.15413E-04
 9.15413E-04
 9.15413E-04
 9.15413E-04
 9.15413E-04
 9.15413E-04
 9.15413E-04
 9.15413E-04
 9.15413E-04
 9.15413E-04
 9.15413E-04
 9.15413E-04
 9.15414E-04
 9.15414E-04
 9.15414E-04
 9.15414E-04
 9.15414E-04
 9.15414E-04
 9.15414E-04
 9.15414E-04
 9.15414E-04
 9.15414E-04
 9.15414E-04
 9.15414E-04
 9.15414E-04
 9.15414E-04
 9.15414E-04
 9.15414E-04
 9.15414E-04
 9.15414E-04
 9.15414E-04
 9.15414E-04
 9.15414E-04
 9.15414E-04
 9.15414E-04
 9.15414E-04
 9.15414E-04
 9.15415E-04
 9.15415E-04
 9.15415E-04
 9.15415E-04
 9.15415E-04
 9.15415E-04
 9.15415E-04
 9.15415E-04
 9.15415E-04
 9.15415E-04
 9.15415E-04
 9.15415E-04
 9.15415E-04
 9.15415E-04
 9.15415E-04
 9.15415E-04
 9.15415E-04
 9.15415E-04
 9.15415E-04
 9.15415E-04
 9.15415E-04
 9.15415E-04
 9.15415E-04
 9.15415E-04
 9.15415E-04
 9.15415E-04
 9.15415E-04
 9.15415E-04
 9.15415E-04
 9.15415E-04
 9.15415E-04
 9.15416E-04
 9.15416E-04
 9.15416E-04
 9.15416E-04
 9.15416E-04
 9.15416E-04
 9.15416E-04
 9.15416E-04
 9.15416E-04
 9.15416E-04
 9.15416E-04
 9.15416E-04
 9.15416E-04
 9.15416E-04
 9.15416E-04
 9.15416E-04
 9.15416E-04
 9.15416E-04
 9.15416E-04
 9.15416E-04
 9.15416E-04
 9.15416E-04
 9.15416E-04
 9.15416E-04
 9.15416E-04
 9.15416E-04
 9.15416E-04
 9.15416E-04
 9.15416E-04
 9.15416E-04
 9.15416E-04
 9.15416E-04
 9.15416E-04
 9.15416E-04
 9.15416E-04
 9.15416E-04
 9.15416E-04
 9.15416E-04
 9.15416E-04
 9.15416E-04
 9.15416E-04
 9.15416E-04
 9.15417E-04
 9.15417E-04
 9.15417E-04
 9.15417E-04
 9.15417E-04
 9.15417E-04
 9.15417E-04
 9.15417E-04
 9.15417E-04
 9.15417E-04
 9.15417E-04
 9.15417E-04
 9.15417E-04
 9.15417E-04
 9.15417E-04
 9.15417E-04
 9.15417E-04
 9.15417E-04
 9.15417E-04
 9.15417E-04
 9.15417E-04
 9.15417E-04
 9.15417E-04
 9.15417E-04
 9.15417E-04
 9.15417E-04
 9.15417E-04
 9.15417E-04
 9.15417E-04
 9.15417E-04
 9.15417E-04
 9.15417E-04
 9.15417E-04
 9.15417E-04
 9.15417E-04
 9.15417E-04
 9.15417E-04
 9.15417E-04
 9.15417E-04
 9.15417E-04
 9.15417E-04
 9.15417E-04
 9.15417E-04
 9.15417E-04
 9.15417E-04
 9.15417E-04
 9.15417E-04
 9.15417E-04
 9.15417E-04
 9.15417E-04
 9.15417E-04
 9.15417E-04
 9.15417E-04
 9.15417E-04
 9.15417E-04
 9.15417E-04
 9.15417E-04
 9.15417E-04
 9.15417E-04
 9.15417E-04
 9.15417E-04
 9.15417E-04
 9.15417E-04
 9.15417E-04
 9.15417E-04
 9.15417E-04
 9.15417E-04
 9.15417E-04
 9.15417E-04
 9.15417E-04
 9.15417E-04
 9.15417E-04
 9.15417E-04
 9.15417E-04
 9.15417E-04
 9.15417E-04
 9.15417E-04
 9.15417E-04
 9.15417E-04
 9.15417E-04
 9.15417E-04
 9.15417E-04
 9.15417E-04
 9.15417E-04
 9.15417E-04
 9.15417E-04
 9.15417E-04
 9.15417E-04
 9.15417E-04
 9.15417E-04
 9.15417E-04
 9.15417E-04
 9.15417E-04
 9.15417E-04
 9.15417E-04
 9.15417E-04
 9.15417E-04
 9.15417E-04
 9.15417E-04
 9.15417E-04
 9.15417E-04
 9.15417E-04
 9.15417E-04
 9.15417E-04
 9.15417E-04
 9.15417E-04
 9.15417E-04
 9.15417E-04
 9.15417E-04
 9.15417E-04
 9.15417E-04
 9.15417E-04
 9.15417E-04
 9.15417E-04
 9.15417E-04
 9.15417E-04
 9.15417E-04
 9.15417E-04
 9.15417E-04
 9.15416E-04
 9.15416E-04
 9.15416E-04
 9.15416E-04
 9.15416E-04
 9.15416E-04
 9.15416E-04
 9.15416E-04
 9.15416E-04
 9.15416E-04
 9.15416E-04
 9.15416E-04
 9.15416E-04
 9.15416E-04
 9.15416E-04
 9.15416E-04
 9.15416E-04
 9.15416E-04
 9.15416E-04
 9.15416E-04
 9.15416E-04
 9.15416E-04
 9.15416E-04
 9.15416E-04
 9.15416E-04
 9.15416E-04
 9.15416E-04
 9.15416E-04
 9.15416E-04
 9.15415E-04
 9.15415E-04
 9.15415E-04
 9.15415E-04
 9.15415E-04
 9.15415E-04
 9.15415E-04
 9.15415E-04
 9.15415E-04
 9.15415E-04
 9.15415E-04
 9.15415E-04
 9.15415E-04
 9.15415E-04
 9.15415E-04
 9.15415E-04
 9.15415E-04
 9.15415E-04
 9.15415E-04
 9.15414E-04
 9.15414E-04
 9.15414E-04
 9.15414E-04
 9.15414E-04
 9.15414E-04
 9.15414E-04
 9.15414E-04
 9.15414E-04
 9.15414E-04
 9.15414E-04
 9.15414E-04
 9.15414E-04
 9.15413E-04
 9.15413E-04
 9.15413E-04
 9.15413E-04
 9.15413E-04
 9.15413E-04
 9.15413E-04
 9.15413E-04
 9.15413E-04
 9.15413E-04
 9.15413E-04
 9.15413E-04
 9.15412E-04
 9.15412E-04
 9.15412E-04
 9.15412E-04
 9.15412E-04
 9.15412E-04
 9.15412E-04
 9.15412E-04
 9.15412E-04
 9.15411E-04
 9.15411E-04
 9.15411E-04
 9.15411E-04
 9.15411E-04
 9.15411E-04
 9.15411E-04
 9.15411E-04
 9.15410E-04
 9.15410E-04
 9.15410E-04
 9.15410E-04
 9.15410E-04
 9.15410E-04
 9.15410E-04
 9.15409E-04
 9.15409E-04
 9.15409E-04
 9.15409E-04
 9.15409E-04
 9.15409E-04
 9.15408E-04
 9.15408E-04
 9.15408E-04
 9.15408E-04
 9.15408E-04
 9.15408E-04
 9.15407E-04
 9.15407E-04
 9.15407E-04
 9.15407E-04
 9.15407E-04
 9.15406E-04
 9.15406E-04
 9.15406E-04
 9.15406E-04
 9.15406E-04
 9.15405E-04
 9.15405E-04
 9.15405E-04
 9.15405E-04
 9.15404E-04
 9.15404E-04
 9.15404E-04
 9.15404E-04
 9.15403E-04
 9.15403E-04
 9.15403E-04
 9.15403E-04
 9.15402E-04
 9.15402E-04
 9.15402E-04
 9.15402E-04
 9.15401E-04
 9.15401E-04
 9.15401E-04
 9.15400E-04
 9.15400E-04
 9.15400E-04
 9.15400E-04
 9.15400E-04
 9.15401E-04
 9.15401E-04
 9.15401E-04
 9.15047E-04
 9.15047E-04
 9.15048E-04
 9.15048E-04
 9.15049E-04
 9.15049E-04
 9.15050E-04
 9.15048E-04
 9.15048E-04
 9.15049E-04
 9.15049E-04
 9.15049E-04
 9.15050E-04
 9.15050E-04
 9.15050E-04
 9.15046E-04
 9.15046E-04
 9.15047E-04
 9.15047E-04
 9.15047E-04
 9.15047E-04
 9.15048E-04
 9.15048E-04
 9.15048E-04
 9.15048E-04
 9.15044E-04
 9.15044E-04
 9.15044E-04
 9.15044E-04
 9.15044E-04
 9.15044E-04
 9.15044E-04
 9.15045E-04
 9.15045E-04
 9.15045E-04
 9.15045E-04
 9.15045E-04
 9.15045E-04
 9.15045E-04
 9.15041E-04
 9.15041E-04
 9.15041E-04
 9.15041E-04
 9.15041E-04
 9.15041E-04
 9.15041E-04
 9.15041E-04
 9.15041E-04
 9.15041E-04
 9.15041E-04
 9.15041E-04
 9.15041E-04
 9.15041E-04
 9.15041E-04
 9.15041E-04
 9.15041E-04
 9.15041E-04
 9.15041E-04
 9.15041E-04
 9.15041E-04
 9.15041E-04
 9.15041E-04
 9.15179E-04
 9.15179E-04
 9.15179E-04
 9.15179E-04
 9.15179E-04
 9.15179E-04
 9.15179E-04
 9.15179E-04
 9.15179E-04
 9.15179E-04
 9.15179E-04
