 5.40630E-05
 5.40635E-05
 5.40639E-05
 5.40643E-05
 5.40647E-05
 5.40651E-05
 5.40654E-05
 5.40657E-05
 5.40660E-05
 5.40663E-05
 5.40666E-05
 5.40668E-05
 5.40671E-05
 5.40673E-05
 5.40675E-05
 5.40677E-05
 5.40679E-05
 5.40680E-05
 5.40682E-05
 5.40684E-05
 5.40685E-05
 5.40686E-05
 5.40688E-05
 5.40689E-05
 5.40690E-05
 5.40691E-05
 5.40692E-05
 5.40693E-05
 5.40694E-05
 5.40694E-05
 5.40695E-05
 5.40696E-05
 5.40697E-05
 5.40697E-05
 5.40698E-05
 5.40698E-05
 5.40699E-05
 5.40700E-05
 5.40700E-05
 5.40700E-05
 5.40701E-05
 5.40701E-05
 5.40702E-05
 5.40702E-05
 5.40702E-05
 5.40703E-05
 5.40703E-05
 5.40703E-05
 5.40703E-05
 5.40704E-05
 5.40704E-05
 5.40704E-05
 5.40704E-05
 5.40704E-05
 5.40705E-05
 5.40705E-05
 5.40705E-05
 5.40705E-05
 5.40705E-05
 5.40705E-05
 5.40706E-05
 5.40706E-05
 5.40706E-05
 5.40706E-05
 5.40706E-05
 5.40706E-05
 5.40706E-05
 5.40706E-05
 5.40706E-05
 5.40706E-05
 5.40706E-05
 5.40707E-05
 5.40707E-05
 5.40707E-05
 5.40707E-05
 5.40707E-05
 5.40707E-05
 5.40707E-05
 5.40707E-05
 5.40707E-05
 5.40707E-05
 5.40707E-05
 5.40707E-05
 5.40707E-05
 5.40707E-05
 5.40707E-05
 5.40707E-05
 5.40707E-05
 5.40707E-05
 5.40707E-05
 5.40707E-05
 5.40707E-05
 5.40707E-05
 5.40707E-05
 5.40707E-05
 5.40707E-05
 5.40707E-05
 5.40707E-05
 5.40707E-05
 5.40707E-05
 5.40707E-05
 5.40707E-05
 5.40708E-05
 5.40708E-05
 5.40708E-05
 5.40708E-05
 5.40708E-05
 5.40708E-05
 5.40708E-05
 5.40708E-05
 5.40708E-05
 5.40708E-05
 5.40708E-05
 5.40708E-05
 5.40708E-05
 5.40708E-05
 5.40708E-05
 5.40708E-05
 5.40708E-05
 5.40708E-05
 5.40708E-05
 5.40708E-05
 5.40708E-05
 5.40708E-05
 5.40708E-05
 5.40708E-05
 5.40708E-05
 5.40708E-05
 5.40708E-05
 5.40708E-05
 5.40708E-05
 5.40708E-05
 5.40708E-05
 5.40708E-05
 5.40708E-05
 5.40708E-05
 5.40708E-05
 5.40708E-05
 5.40708E-05
 5.40708E-05
 5.40708E-05
 5.40708E-05
 5.40708E-05
 5.40708E-05
 5.40708E-05
 5.40708E-05
 5.40708E-05
 5.40708E-05
 5.40708E-05
 5.40708E-05
 5.40708E-05
 5.40708E-05
 5.40708E-05
 5.40708E-05
 5.40708E-05
 5.40708E-05
 5.40708E-05
 5.40708E-05
 5.40708E-05
 5.40708E-05
 5.40708E-05
 5.40708E-05
 5.40708E-05
 5.40708E-05
 5.40708E-05
 5.40708E-05
 5.40708E-05
 5.40708E-05
 5.40708E-05
 5.40708E-05
 5.40708E-05
 5.40708E-05
 5.40708E-05
 5.40708E-05
 5.40708E-05
 5.40708E-05
 5.40708E-05
 5.40708E-05
 5.40708E-05
 5.40708E-05
 5.40708E-05
 5.40708E-05
 5.40708E-05
 5.40708E-05
 5.40708E-05
 5.40708E-05
 5.40708E-05
 5.40708E-05
 5.40708E-05
 5.40708E-05
 5.40708E-05
 5.40708E-05
 5.40708E-05
 5.40708E-05
 5.40708E-05
 5.40708E-05
 5.40708E-05
 5.40708E-05
 5.40708E-05
 5.40707E-05
 5.40706E-05
 5.40705E-05
 5.40704E-05
 5.40703E-05
 5.40702E-05
 5.40701E-05
 5.40700E-05
 5.40699E-05
 5.40698E-05
 5.40697E-05
 5.40696E-05
 5.40695E-05
 5.40694E-05
 5.40693E-05
 5.40692E-05
 5.40691E-05
 5.40690E-05
 5.40689E-05
 5.40688E-05
 5.40686E-05
 5.40685E-05
 5.40685E-05
 5.40684E-05
 5.40684E-05
 5.40683E-05
 5.40683E-05
 5.40682E-05
 5.40682E-05
 5.40681E-05
 5.40681E-05
 5.40680E-05
 5.40680E-05
 5.40679E-05
 5.40679E-05
 5.40678E-05
 5.40678E-05
 5.40677E-05
 5.40676E-05
 5.40676E-05
 5.40675E-05
 5.40675E-05
 5.40675E-05
 5.40674E-05
 5.40674E-05
 5.40674E-05
 5.40674E-05
 5.40674E-05
 5.40674E-05
 5.40674E-05
 5.40674E-05
 5.40674E-05
 5.40674E-05
 5.40674E-05
 5.40673E-05
 5.40673E-05
 5.40673E-05
 5.40673E-05
 5.40673E-05
 5.40673E-05
 5.40673E-05
 5.40673E-05
 5.40669E-05
 5.40662E-05
 5.40655E-05
 5.40648E-05
 5.40640E-05
 5.40633E-05
 5.40626E-05
 5.40618E-05
 5.40611E-05
 5.40604E-05
 5.40596E-05
 5.40589E-05
 5.40582E-05
 5.40575E-05
 5.40567E-05
 5.40560E-05
 5.40553E-05
 5.40546E-05
 5.40538E-05
 5.40531E-05
 5.40531E-05
 5.40534E-05
 5.40538E-05
 5.40541E-05
 5.40545E-05
 5.40548E-05
 5.40551E-05
 5.40555E-05
 5.40558E-05
 5.40562E-05
 5.40565E-05
 5.40569E-05
 5.40572E-05
 5.40576E-05
 5.40580E-05
 5.40583E-05
 5.40587E-05
 5.40590E-05
 5.40594E-05
 5.40597E-05
 5.40596E-05
 5.40596E-05
 5.40595E-05
 5.40595E-05
 5.40594E-05
 5.40594E-05
 5.40593E-05
 5.40593E-05
 5.40592E-05
 5.40592E-05
 5.40591E-05
 5.40591E-05
 5.40591E-05
 5.40590E-05
 5.40590E-05
 5.40589E-05
 5.40589E-05
 5.40588E-05
 5.40588E-05
 5.40587E-05
 5.40587E-05
 5.40586E-05
 5.40586E-05
 5.40586E-05
 5.40585E-05
 5.40585E-05
 5.40585E-05
 5.40584E-05
 5.40584E-05
 5.40583E-05
 5.40583E-05
 5.40583E-05
 5.40582E-05
 5.40582E-05
 5.40581E-05
 5.40581E-05
 5.40581E-05
 5.40580E-05
 5.40580E-05
 5.40580E-05
 5.40579E-05
 5.40579E-05
 5.40579E-05
 5.40578E-05
 5.40578E-05
 5.40578E-05
 5.40578E-05
 5.40577E-05
 5.40577E-05
 5.40577E-05
 5.40576E-05
 5.40576E-05
 5.40576E-05
 5.40575E-05
 5.40575E-05
 5.40575E-05
 5.40575E-05
 5.40574E-05
 5.40574E-05
 5.40574E-05
 5.40574E-05
 5.40573E-05
 5.40573E-05
 5.40573E-05
 5.40573E-05
 5.40572E-05
 5.40572E-05
 5.40572E-05
 5.40572E-05
 5.40571E-05
 5.40571E-05
 5.40571E-05
 5.40571E-05
 5.40571E-05
 5.40570E-05
 5.40570E-05
 5.40570E-05
 5.40570E-05
 5.40570E-05
 5.40569E-05
 5.40569E-05
 5.40569E-05
 5.40569E-05
 5.40569E-05
 5.40568E-05
 5.40568E-05
 5.40568E-05
 5.40568E-05
 5.40568E-05
 5.40568E-05
 5.40567E-05
 5.40567E-05
 5.40567E-05
 5.40567E-05
 5.40567E-05
 5.40567E-05
 5.40567E-05
 5.40566E-05
 5.40566E-05
 5.40566E-05
 5.40566E-05
 5.40566E-05
 5.40566E-05
 5.40566E-05
 5.40565E-05
 5.40565E-05
 5.40565E-05
 5.40565E-05
 5.40565E-05
 5.40565E-05
 5.40565E-05
 5.40565E-05
 5.40565E-05
 5.40564E-05
 5.40564E-05
 5.40564E-05
 5.40564E-05
 5.40564E-05
 5.40564E-05
 5.40564E-05
 5.40564E-05
 5.40564E-05
 5.40564E-05
 5.40564E-05
 5.40563E-05
 5.40563E-05
 5.40563E-05
 5.40563E-05
 5.40563E-05
 5.40563E-05
 5.40563E-05
 5.40563E-05
 5.40563E-05
 5.40563E-05
 5.40563E-05
 5.40563E-05
 5.40563E-05
 5.40563E-05
 5.40563E-05
 5.40563E-05
 5.40563E-05
 5.40562E-05
 5.40562E-05
 5.40562E-05
 5.40562E-05
 5.40562E-05
 5.40562E-05
 5.40562E-05
 5.40562E-05
 5.40562E-05
 5.40562E-05
 5.40562E-05
 5.40562E-05
 5.40562E-05
 5.40562E-05
 5.40562E-05
 5.40562E-05
 5.40562E-05
 5.40562E-05
 5.40562E-05
 5.40562E-05
 5.40562E-05
 5.40562E-05
 5.40562E-05
 5.40562E-05
 5.40562E-05
 5.40562E-05
 5.40562E-05
 5.40562E-05
 5.40562E-05
 5.40562E-05
 5.40562E-05
 5.40562E-05
 5.40562E-05
 5.40562E-05
 5.40562E-05
 5.40562E-05
 5.40562E-05
 5.40562E-05
 5.40562E-05
 5.40562E-05
 5.40562E-05
 5.40562E-05
 5.40562E-05
 5.40562E-05
 5.40562E-05
 5.40562E-05
 5.40562E-05
 5.40563E-05
 5.40563E-05
 5.40563E-05
 5.40563E-05
 5.40563E-05
 5.40563E-05
 5.40563E-05
 5.40563E-05
 5.40563E-05
 5.40563E-05
 5.40563E-05
 5.40563E-05
 5.40563E-05
 5.40563E-05
 5.40563E-05
 5.40563E-05
 5.40563E-05
 5.40563E-05
 5.40564E-05
 5.40564E-05
 5.40564E-05
 5.40564E-05
 5.40564E-05
 5.40564E-05
 5.40564E-05
 5.40564E-05
 5.40564E-05
 5.40564E-05
 5.40564E-05
 5.40564E-05
 5.40564E-05
 5.40565E-05
 5.40565E-05
 5.40565E-05
 5.40565E-05
 5.40565E-05
 5.40565E-05
 5.40565E-05
 5.40565E-05
 5.40565E-05
 5.40565E-05
 5.40565E-05
 5.40566E-05
 5.40566E-05
 5.40566E-05
 5.40566E-05
 5.40566E-05
 5.40566E-05
 5.40566E-05
 5.40566E-05
 5.40566E-05
 5.40567E-05
 5.40567E-05
 5.40567E-05
 5.40567E-05
 5.40567E-05
 5.40567E-05
 5.40567E-05
 5.40567E-05
 5.40568E-05
 5.40568E-05
 5.40568E-05
 5.40568E-05
 5.40568E-05
 5.40568E-05
 5.40568E-05
 5.40568E-05
 5.40569E-05
 5.40569E-05
 5.40569E-05
 5.40569E-05
 5.40569E-05
 5.40569E-05
 5.40569E-05
 5.40570E-05
 5.40570E-05
 5.40570E-05
 5.40570E-05
 5.40570E-05
 5.40570E-05
 5.40570E-05
 5.40571E-05
 5.40571E-05
 5.40571E-05
 5.40571E-05
 5.40571E-05
 5.40571E-05
 5.40572E-05
 5.40572E-05
 5.40572E-05
 5.40572E-05
 5.40572E-05
 5.40572E-05
 5.40572E-05
 5.40573E-05
 5.40573E-05
 5.40573E-05
 5.40573E-05
 5.40573E-05
 5.40574E-05
 5.40574E-05
 5.40574E-05
 5.40574E-05
 5.40574E-05
 5.40574E-05
 5.40575E-05
 5.40575E-05
 5.40575E-05
 5.40575E-05
 5.40575E-05
 5.40575E-05
 5.40576E-05
 5.40576E-05
 5.40576E-05
 5.40576E-05
 5.40576E-05
 5.40577E-05
 5.40577E-05
 5.40577E-05
 5.40577E-05
 5.40577E-05
 5.40578E-05
 5.40578E-05
 5.40578E-05
 5.40578E-05
 5.40578E-05
 5.40579E-05
 5.40579E-05
 5.40579E-05
 5.40579E-05
 5.40579E-05
 5.40580E-05
 5.40580E-05
 5.40580E-05
 5.40580E-05
 5.40580E-05
 5.40581E-05
 5.40581E-05
 5.40581E-05
 5.40581E-05
 5.40581E-05
 5.40582E-05
 5.40582E-05
 5.40582E-05
 5.40582E-05
 5.40583E-05
 5.40583E-05
 5.40583E-05
 5.40583E-05
 5.40583E-05
 5.40584E-05
 5.40584E-05
 5.40584E-05
 5.40584E-05
 5.40585E-05
 5.40585E-05
 5.40585E-05
 5.40585E-05
 5.40585E-05
 5.40586E-05
 5.40586E-05
 5.40586E-05
 5.40586E-05
 5.40587E-05
 5.40587E-05
 5.40587E-05
 5.40587E-05
 5.40588E-05
 5.40588E-05
 5.40588E-05
 5.40588E-05
 5.40588E-05
 5.40589E-05
 5.40589E-05
 5.40589E-05
 5.40589E-05
 5.40590E-05
 5.40590E-05
 5.40590E-05
 5.40590E-05
 5.40591E-05
 5.40591E-05
 5.40591E-05
 5.40591E-05
 5.40592E-05
 5.40592E-05
 5.40592E-05
 5.40592E-05
 5.40593E-05
 5.40593E-05
 5.40593E-05
 5.40593E-05
 5.40594E-05
 5.40594E-05
 5.40594E-05
 5.40594E-05
 5.40595E-05
 5.40595E-05
 5.40595E-05
 5.40595E-05
 5.40596E-05
 5.40596E-05
 5.40596E-05
 5.40597E-05
 5.40597E-05
 5.40597E-05
 5.40597E-05
 5.40598E-05
 5.40598E-05
 5.40598E-05
 5.40598E-05
 5.40599E-05
 5.40599E-05
 5.40599E-05
 5.40599E-05
 5.40600E-05
 5.40600E-05
 5.40600E-05
 5.40601E-05
 5.40601E-05
 5.40601E-05
 5.40601E-05
 5.40602E-05
 5.40602E-05
 5.40602E-05
 5.40602E-05
 5.40603E-05
 5.40603E-05
 5.40603E-05
 5.40603E-05
 5.40604E-05
 5.40604E-05
 5.40604E-05
 5.40605E-05
 5.40605E-05
 5.40605E-05
 5.40605E-05
 5.40606E-05
 5.40606E-05
 5.40606E-05
 5.40607E-05
 5.40607E-05
 5.40607E-05
 5.40607E-05
 5.40608E-05
 5.40608E-05
 5.40608E-05
 5.40608E-05
 5.40609E-05
 5.40609E-05
 5.40609E-05
 5.40610E-05
 5.40610E-05
 5.40610E-05
 5.40610E-05
 5.40611E-05
 5.40611E-05
 5.40611E-05
 5.40611E-05
 5.40612E-05
 5.40612E-05
 5.40612E-05
 5.40613E-05
 5.40613E-05
 5.40613E-05
 5.40613E-05
 5.40614E-05
 5.40614E-05
 5.40614E-05
 5.40614E-05
 5.40615E-05
 5.40615E-05
 5.40615E-05
 5.40616E-05
 5.40616E-05
 5.40616E-05
 5.40616E-05
 5.40617E-05
 5.40617E-05
 5.40617E-05
 5.40617E-05
 5.40618E-05
 5.40618E-05
 5.40618E-05
 5.40618E-05
 5.40619E-05
 5.40619E-05
 5.40619E-05
 5.40619E-05
 5.40620E-05
 5.40620E-05
 5.40620E-05
 5.40620E-05
 5.40621E-05
 5.40621E-05
 5.40621E-05
 5.40621E-05
 5.40621E-05
 5.40622E-05
 5.40622E-05
 5.40622E-05
 5.40622E-05
 5.40622E-05
 5.40623E-05
 5.40623E-05
 5.40623E-05
 5.40623E-05
 5.40623E-05
 5.40623E-05
 5.40623E-05
 5.40623E-05
 5.40623E-05
 5.40623E-05
 5.40623E-05
 5.40471E-05
 5.40470E-05
 5.40469E-05
 5.40468E-05
 5.40466E-05
 5.40465E-05
 5.40464E-05
 5.40462E-05
 5.40459E-05
 5.40456E-05
 5.40454E-05
 5.40451E-05
 5.40449E-05
 5.40447E-05
 5.40444E-05
 5.40441E-05
 5.40439E-05
 5.40437E-05
 5.40435E-05
 5.40433E-05
 5.40431E-05
 5.40429E-05
 5.40428E-05
 5.40426E-05
 5.40424E-05
 5.40422E-05
 5.40420E-05
 5.40419E-05
 5.40417E-05
 5.40416E-05
 5.40414E-05
 5.40413E-05
 5.40412E-05
 5.40411E-05
 5.40410E-05
 5.40408E-05
 5.40407E-05
 5.40406E-05
 5.40405E-05
 5.40403E-05
 5.40402E-05
 5.40402E-05
 5.40401E-05
 5.40400E-05
 5.40399E-05
 5.40398E-05
 5.40397E-05
 5.40396E-05
 5.40396E-05
 5.40395E-05
 5.40394E-05
 5.40394E-05
 5.40393E-05
 5.40392E-05
 5.40392E-05
 5.40391E-05
 5.40390E-05
 5.40390E-05
 5.40389E-05
 5.40389E-05
 5.40388E-05
 5.40388E-05
 5.40387E-05
 5.40386E-05
 5.40386E-05
 5.40385E-05
 5.40385E-05
 5.40385E-05
 5.40384E-05
 5.40384E-05
 5.40383E-05
 5.40383E-05
 5.40383E-05
