1.000000e+00
9.999864e-01
9.999727e-01
9.999590e-01
9.999453e-01
9.999315e-01
9.999178e-01
9.999040e-01
9.998902e-01
9.998764e-01
9.998626e-01
9.998487e-01
9.998349e-01
9.998210e-01
9.998071e-01
9.997932e-01
9.997793e-01
9.997654e-01
9.997515e-01
9.997375e-01
9.997236e-01
9.997096e-01
9.996956e-01
9.996816e-01
9.996676e-01
9.996536e-01
9.996396e-01
9.996255e-01
9.996115e-01
9.995974e-01
9.995833e-01
9.995693e-01
9.995552e-01
9.995411e-01
9.995270e-01
9.995128e-01
9.994987e-01
9.994846e-01
9.994704e-01
9.994563e-01
9.994421e-01
9.994280e-01
9.994138e-01
9.993996e-01
9.993854e-01
9.993712e-01
9.993570e-01
9.993428e-01
9.993286e-01
9.993144e-01
9.993001e-01
9.992859e-01
9.992716e-01
9.992574e-01
9.992431e-01
9.992289e-01
9.992146e-01
9.992003e-01
9.991861e-01
9.991718e-01
9.991575e-01
9.991432e-01
9.991289e-01
9.991146e-01
9.991003e-01
9.990860e-01
9.990717e-01
9.990573e-01
9.990430e-01
9.990287e-01
9.990143e-01
9.990000e-01
9.989857e-01
9.989713e-01
9.989570e-01
9.989426e-01
9.989282e-01
9.989139e-01
9.988995e-01
9.988852e-01
9.988708e-01
9.988564e-01
9.988420e-01
9.988276e-01
9.988133e-01
9.987989e-01
9.987845e-01
9.987701e-01
9.987557e-01
9.987413e-01
9.987269e-01
9.987125e-01
9.986981e-01
9.986837e-01
9.986692e-01
9.986548e-01
9.986404e-01
9.986260e-01
9.986116e-01
9.985971e-01
9.985827e-01
9.985683e-01
9.985539e-01
9.985394e-01
9.985250e-01
9.985106e-01
9.984961e-01
9.984817e-01
9.984672e-01
9.984528e-01
9.984383e-01
9.984239e-01
9.984094e-01
9.983950e-01
9.983805e-01
9.983661e-01
9.983516e-01
9.983372e-01
9.983227e-01
9.983083e-01
9.982938e-01
9.982793e-01
9.982649e-01
9.982504e-01
9.982359e-01
9.982215e-01
9.982070e-01
9.981925e-01
9.981781e-01
9.981636e-01
9.981491e-01
9.981346e-01
9.981202e-01
9.981057e-01
9.980912e-01
9.980767e-01
9.980622e-01
9.980478e-01
9.980333e-01
9.980188e-01
9.980043e-01
9.979898e-01
9.979753e-01
9.979609e-01
9.979464e-01
9.979319e-01
9.979174e-01
9.979029e-01
9.978884e-01
9.978739e-01
9.978594e-01
9.978449e-01
9.978305e-01
9.978160e-01
9.978015e-01
9.977870e-01
9.977725e-01
9.977580e-01
9.977435e-01
9.977290e-01
9.977145e-01
9.977000e-01
9.976855e-01
9.976710e-01
9.976565e-01
9.976420e-01
9.976275e-01
9.976130e-01
9.975985e-01
9.975840e-01
9.975695e-01
9.975550e-01
9.975405e-01
9.975260e-01
9.975115e-01
9.974970e-01
9.974825e-01
9.974680e-01
9.974535e-01
9.974390e-01
