1.243244e+03
2.681413e+03
2.896447e+03
2.904149e+03
2.904324e+03
2.904302e+03
2.904281e+03
2.904263e+03
2.904248e+03
2.904234e+03
2.904222e+03
2.904211e+03
2.904201e+03
2.904193e+03
2.904185e+03
2.904178e+03
2.904171e+03
2.904166e+03
2.904160e+03
2.904155e+03
2.904151e+03
2.904147e+03
2.904143e+03
2.904140e+03
2.904137e+03
2.904134e+03
2.904132e+03
2.904129e+03
2.904127e+03
2.904126e+03
2.904124e+03
2.904123e+03
2.904121e+03
2.904120e+03
2.904119e+03
2.904119e+03
2.904118e+03
2.904118e+03
2.904117e+03
2.904117e+03
2.680752e+03
2.894123e+03
2.904034e+03
2.904342e+03
2.904321e+03
2.904298e+03
2.904278e+03
2.904261e+03
2.904246e+03
2.904232e+03
2.904221e+03
2.904210e+03
2.904200e+03
2.904192e+03
2.904184e+03
2.904177e+03
2.904171e+03
2.904165e+03
2.904160e+03
2.904155e+03
2.904151e+03
2.904147e+03
2.904143e+03
2.904140e+03
2.904137e+03
2.904134e+03
2.904131e+03
2.904129e+03
2.904127e+03
2.904125e+03
2.904124e+03
2.904122e+03
2.904121e+03
2.904120e+03
2.904119e+03
2.904118e+03
2.904118e+03
2.904117e+03
2.904117e+03
2.904117e+03
2.896353e+03
2.904030e+03
2.904349e+03
2.904333e+03
2.904310e+03
2.904290e+03
2.904272e+03
2.904256e+03
2.904242e+03
2.904229e+03
2.904218e+03
2.904208e+03
2.904199e+03
2.904190e+03
2.904183e+03
2.904176e+03
2.904170e+03
2.904164e+03
2.904159e+03
2.904154e+03
2.904150e+03
2.904146e+03
2.904142e+03
2.904139e+03
2.904136e+03
2.904133e+03
2.904131e+03
2.904129e+03
2.904127e+03
2.904125e+03
2.904123e+03
2.904122e+03
2.904121e+03
2.904120e+03
2.904119e+03
2.904118e+03
2.904118e+03
2.904117e+03
2.904117e+03
2.904117e+03
2.904141e+03
2.904341e+03
2.904332e+03
2.904314e+03
2.904296e+03
2.904279e+03
2.904264e+03
2.904249e+03
2.904236e+03
2.904225e+03
2.904214e+03
2.904205e+03
2.904196e+03
2.904188e+03
2.904181e+03
2.904174e+03
2.904168e+03
2.904163e+03
2.904157e+03
2.904153e+03
2.904149e+03
2.904145e+03
2.904141e+03
2.904138e+03
2.904135e+03
2.904133e+03
2.904130e+03
2.904128e+03
2.904126e+03
2.904124e+03
2.904123e+03
2.904121e+03
2.904120e+03
2.904119e+03
2.904118e+03
2.904118e+03
2.904117e+03
2.904117e+03
2.904116e+03
2.904116e+03
2.904321e+03
2.904319e+03
2.904308e+03
2.904295e+03
2.904281e+03
2.904267e+03
2.904254e+03
2.904241e+03
2.904230e+03
2.904219e+03
2.904209e+03
2.904200e+03
2.904192e+03
2.904185e+03
2.904178e+03
2.904172e+03
2.904166e+03
2.904160e+03
2.904156e+03
2.904151e+03
2.904147e+03
2.904143e+03
2.904140e+03
2.904137e+03
2.904134e+03
2.904132e+03
2.904129e+03
2.904127e+03
2.904125e+03
2.904124e+03
2.904122e+03
2.904121e+03
2.904120e+03
2.904119e+03
2.904118e+03
2.904117e+03
2.904116e+03
2.904116e+03
2.904116e+03
2.904116e+03
2.904298e+03
2.904294e+03
2.904286e+03
2.904277e+03
2.904266e+03
2.904254e+03
2.904243e+03
2.904232e+03
2.904222e+03
2.904213e+03
2.904204e+03
2.904196e+03
2.904188e+03
2.904181e+03
2.904174e+03
2.904169e+03
2.904163e+03
2.904158e+03
2.904153e+03
2.904149e+03
2.904145e+03
2.904142e+03
2.904138e+03
2.904136e+03
2.904133e+03
2.904130e+03
2.904128e+03
2.904126e+03
2.904124e+03
2.904123e+03
2.904121e+03
2.904120e+03
2.904119e+03
2.904118e+03
2.904117e+03
2.904116e+03
2.904116e+03
2.904115e+03
2.904115e+03
2.904115e+03
2.904275e+03
2.904272e+03
2.904266e+03
2.904259e+03
2.904251e+03
2.904241e+03
2.904232e+03
2.904223e+03
2.904214e+03
2.904205e+03
2.904198e+03
2.904190e+03
2.904183e+03
2.904177e+03
2.904171e+03
2.904165e+03
2.904160e+03
2.904155e+03
2.904151e+03
2.904147e+03
2.904143e+03
2.904140e+03
2.904137e+03
2.904134e+03
2.904131e+03
2.904129e+03
2.904127e+03
2.904125e+03
2.904123e+03
2.904121e+03
2.904120e+03
2.904119e+03
2.904118e+03
2.904117e+03
2.904116e+03
2.904115e+03
2.904115e+03
2.904114e+03
2.904114e+03
2.904114e+03
2.904255e+03
2.904253e+03
2.904249e+03
2.904243e+03
2.904236e+03
2.904229e+03
2.904221e+03
2.904213e+03
2.904205e+03
2.904198e+03
2.904191e+03
2.904184e+03
2.904178e+03
2.904172e+03
2.904166e+03
2.904161e+03
2.904156e+03
2.904152e+03
2.904148e+03
2.904144e+03
2.904141e+03
2.904137e+03
2.904134e+03
2.904132e+03
2.904129e+03
2.904127e+03
2.904125e+03
2.904123e+03
2.904122e+03
2.904120e+03
2.904119e+03
2.904118e+03
2.904117e+03
2.904116e+03
2.904115e+03
2.904114e+03
2.904114e+03
2.904114e+03
2.904113e+03
2.904113e+03
2.904237e+03
2.904235e+03
2.904232e+03
2.904228e+03
2.904222e+03
2.904216e+03
2.904210e+03
2.904203e+03
2.904196e+03
2.904190e+03
2.904184e+03
2.904178e+03
2.904172e+03
2.904167e+03
2.904162e+03
2.904157e+03
2.904152e+03
2.904148e+03
2.904145e+03
2.904141e+03
2.904138e+03
2.904135e+03
2.904132e+03
2.904130e+03
2.904127e+03
2.904125e+03
2.904123e+03
2.904122e+03
2.904120e+03
2.904119e+03
2.904117e+03
2.904116e+03
2.904115e+03
2.904114e+03
2.904114e+03
2.904113e+03
2.904113e+03
2.904112e+03
2.904112e+03
2.904112e+03
2.904221e+03
2.904219e+03
2.904217e+03
2.904213e+03
2.904209e+03
2.904204e+03
2.904199e+03
2.904193e+03
2.904187e+03
2.904182e+03
2.904176e+03
2.904171e+03
2.904166e+03
2.904161e+03
2.904156e+03
2.904152e+03
2.904148e+03
2.904144e+03
2.904141e+03
2.904138e+03
2.904135e+03
2.904132e+03
2.904130e+03
2.904127e+03
2.904125e+03
2.904123e+03
2.904121e+03
2.904120e+03
2.904118e+03
2.904117e+03
2.904116e+03
2.904115e+03
2.904114e+03
2.904113e+03
2.904112e+03
2.904112e+03
2.904111e+03
2.904111e+03
2.904111e+03
2.904111e+03
2.904206e+03
2.904205e+03
2.904203e+03
2.904200e+03
2.904196e+03
2.904192e+03
2.904188e+03
2.904183e+03
2.904178e+03
2.904173e+03
2.904169e+03
2.904164e+03
2.904159e+03
2.904155e+03
2.904151e+03
2.904147e+03
2.904144e+03
2.904140e+03
2.904137e+03
2.904134e+03
2.904132e+03
2.904129e+03
2.904127e+03
2.904125e+03
2.904123e+03
2.904121e+03
2.904119e+03
2.904118e+03
2.904116e+03
2.904115e+03
2.904114e+03
2.904113e+03
2.904112e+03
2.904112e+03
2.904111e+03
2.904111e+03
2.904110e+03
2.904110e+03
2.904110e+03
2.904110e+03
2.904192e+03
2.904191e+03
2.904189e+03
2.904187e+03
2.904184e+03
2.904181e+03
2.904177e+03
2.904173e+03
2.904169e+03
2.904165e+03
2.904161e+03
2.904157e+03
2.904153e+03
2.904149e+03
2.904146e+03
2.904142e+03
2.904139e+03
2.904136e+03
2.904133e+03
2.904130e+03
2.904128e+03
2.904126e+03
2.904124e+03
2.904122e+03
2.904120e+03
2.904118e+03
2.904117e+03
2.904116e+03
2.904114e+03
2.904113e+03
2.904112e+03
2.904111e+03
2.904111e+03
2.904110e+03
2.904109e+03
2.904109e+03
2.904109e+03
2.904108e+03
2.904108e+03
2.904108e+03
2.904179e+03
2.904178e+03
2.904177e+03
2.904175e+03
2.904172e+03
2.904170e+03
2.904167e+03
2.904163e+03
2.904160e+03
2.904156e+03
2.904153e+03
2.904149e+03
2.904146e+03
2.904143e+03
2.904140e+03
2.904137e+03
2.904134e+03
2.904131e+03
2.904129e+03
2.904127e+03
2.904124e+03
2.904122e+03
2.904121e+03
2.904119e+03
2.904117e+03
2.904116e+03
2.904115e+03
2.904113e+03
2.904112e+03
2.904111e+03
2.904110e+03
2.904110e+03
2.904109e+03
2.904108e+03
2.904108e+03
2.904107e+03
2.904107e+03
2.904107e+03
2.904107e+03
2.904107e+03
2.904166e+03
2.904166e+03
2.904165e+03
2.904163e+03
2.904161e+03
2.904159e+03
2.904156e+03
2.904154e+03
2.904151e+03
2.904148e+03
2.904145e+03
2.904142e+03
2.904139e+03
2.904137e+03
2.904134e+03
2.904131e+03
2.904129e+03
2.904127e+03
2.904124e+03
2.904122e+03
2.904121e+03
2.904119e+03
2.904117e+03
2.904116e+03
2.904114e+03
2.904113e+03
2.904112e+03
2.904111e+03
2.904110e+03
2.904109e+03
2.904108e+03
2.904108e+03
2.904107e+03
2.904107e+03
2.904106e+03
2.904106e+03
2.904106e+03
2.904105e+03
2.904105e+03
2.904105e+03
2.904154e+03
2.904154e+03
2.904153e+03
2.904152e+03
2.904150e+03
2.904148e+03
2.904146e+03
2.904144e+03
2.904142e+03
2.904139e+03
2.904137e+03
2.904135e+03
2.904132e+03
2.904130e+03
2.904128e+03
2.904126e+03
2.904124e+03
2.904122e+03
2.904120e+03
2.904118e+03
2.904117e+03
2.904115e+03
2.904114e+03
2.904113e+03
2.904111e+03
2.904110e+03
2.904109e+03
2.904108e+03
2.904108e+03
2.904107e+03
2.904106e+03
2.904106e+03
2.904105e+03
2.904105e+03
2.904104e+03
2.904104e+03
2.904104e+03
2.904104e+03
2.904104e+03
2.904103e+03
2.904143e+03
2.904142e+03
2.904142e+03
2.904141e+03
2.904139e+03
2.904138e+03
2.904137e+03
2.904135e+03
2.904133e+03
2.904131e+03
2.904129e+03
2.904127e+03
2.904125e+03
2.904124e+03
2.904122e+03
2.904120e+03
2.904118e+03
2.904117e+03
2.904115e+03
2.904114e+03
2.904113e+03
2.904111e+03
2.904110e+03
2.904109e+03
2.904108e+03
2.904107e+03
2.904107e+03
2.904106e+03
2.904105e+03
2.904105e+03
2.904104e+03
2.904104e+03
2.904103e+03
2.904103e+03
2.904102e+03
2.904102e+03
2.904102e+03
2.904102e+03
2.904102e+03
2.904102e+03
2.904131e+03
2.904131e+03
2.904131e+03
2.904130e+03
2.904129e+03
2.904128e+03
2.904127e+03
2.904126e+03
2.904124e+03
2.904123e+03
2.904121e+03
2.904120e+03
2.904118e+03
2.904117e+03
2.904116e+03
2.904114e+03
2.904113e+03
2.904112e+03
2.904111e+03
2.904109e+03
2.904108e+03
2.904108e+03
2.904107e+03
2.904106e+03
2.904105e+03
2.904104e+03
2.904104e+03
2.904103e+03
2.904103e+03
2.904102e+03
2.904102e+03
2.904101e+03
2.904101e+03
2.904101e+03
2.904101e+03
2.904100e+03
2.904100e+03
2.904100e+03
2.904100e+03
2.904100e+03
2.904120e+03
2.904120e+03
2.904120e+03
2.904119e+03
2.904119e+03
2.904118e+03
2.904117e+03
2.904116e+03
2.904115e+03
2.904114e+03
2.904113e+03
2.904112e+03
2.904111e+03
2.904110e+03
2.904109e+03
2.904108e+03
2.904107e+03
2.904107e+03
2.904106e+03
2.904105e+03
2.904104e+03
2.904104e+03
2.904103e+03
2.904102e+03
2.904102e+03
2.904101e+03
2.904101e+03
2.904101e+03
2.904100e+03
2.904100e+03
2.904099e+03
2.904099e+03
2.904099e+03
2.904099e+03
2.904099e+03
2.904098e+03
2.904098e+03
2.904098e+03
2.904098e+03
2.904098e+03
2.904110e+03
2.904109e+03
2.904109e+03
2.904109e+03
2.904109e+03
2.904108e+03
2.904108e+03
2.904107e+03
2.904107e+03
2.904106e+03
2.904105e+03
2.904105e+03
2.904104e+03
2.904104e+03
2.904103e+03
2.904102e+03
2.904102e+03
2.904101e+03
2.904101e+03
2.904100e+03
2.904100e+03
2.904100e+03
2.904099e+03
2.904099e+03
2.904099e+03
2.904098e+03
2.904098e+03
2.904098e+03
2.904098e+03
2.904097e+03
2.904097e+03
2.904097e+03
2.904097e+03
2.904097e+03
2.904097e+03
2.904097e+03
2.904096e+03
2.904096e+03
2.904096e+03
2.904096e+03
2.904099e+03
2.904099e+03
2.904099e+03
2.904099e+03
2.904098e+03
2.904098e+03
2.904098e+03
2.904098e+03
2.904098e+03
2.904098e+03
2.904097e+03
2.904097e+03
2.904097e+03
2.904097e+03
2.904097e+03
2.904097e+03
2.904096e+03
2.904096e+03
2.904096e+03
2.904096e+03
2.904096e+03
2.904096e+03
2.904095e+03
2.904095e+03
2.904095e+03
2.904095e+03
2.904095e+03
2.904095e+03
2.904095e+03
2.904095e+03
2.904095e+03
2.904095e+03
2.904095e+03
2.904095e+03
2.904095e+03
2.904095e+03
2.904095e+03
2.904095e+03
2.904095e+03
2.904095e+03
2.904088e+03
2.904088e+03
2.904088e+03
2.904088e+03
2.904088e+03
2.904089e+03
2.904089e+03
2.904089e+03
2.904089e+03
2.904089e+03
2.904090e+03
2.904090e+03
2.904090e+03
2.904090e+03
2.904090e+03
2.904091e+03
2.904091e+03
2.904091e+03
2.904091e+03
2.904091e+03
2.904091e+03
2.904092e+03
2.904092e+03
2.904092e+03
2.904092e+03
2.904092e+03
2.904092e+03
2.904092e+03
2.904092e+03
2.904092e+03
2.904092e+03
2.904093e+03
2.904093e+03
2.904093e+03
2.904093e+03
2.904093e+03
2.904093e+03
2.904093e+03
2.904093e+03
2.904093e+03
2.904077e+03
2.904077e+03
2.904078e+03
2.904078e+03
2.904078e+03
2.904079e+03
2.904079e+03
2.904080e+03
2.904080e+03
2.904081e+03
2.904082e+03
2.904082e+03
2.904083e+03
2.904084e+03
2.904084e+03
2.904085e+03
2.904085e+03
2.904086e+03
2.904086e+03
2.904087e+03
2.904087e+03
2.904088e+03
2.904088e+03
2.904088e+03
2.904089e+03
2.904089e+03
2.904089e+03
2.904089e+03
2.904090e+03
2.904090e+03
2.904090e+03
2.904090e+03
2.904090e+03
2.904091e+03
2.904091e+03
2.904091e+03
2.904091e+03
2.904091e+03
2.904091e+03
2.904091e+03
2.904067e+03
2.904067e+03
2.904067e+03
2.904068e+03
2.904068e+03
2.904069e+03
2.904070e+03
2.904071e+03
2.904072e+03
2.904073e+03
2.904074e+03
2.904075e+03
2.904076e+03
2.904077e+03
2.904078e+03
2.904079e+03
2.904080e+03
2.904081e+03
2.904081e+03
2.904082e+03
2.904083e+03
2.904084e+03
2.904084e+03
2.904085e+03
2.904085e+03
2.904086e+03
2.904086e+03
2.904087e+03
2.904087e+03
2.904087e+03
2.904088e+03
2.904088e+03
2.904088e+03
2.904088e+03
2.904089e+03
2.904089e+03
2.904089e+03
2.904089e+03
2.904089e+03
2.904089e+03
2.904056e+03
2.904056e+03
2.904056e+03
2.904057e+03
2.904058e+03
2.904059e+03
2.904060e+03
2.904061e+03
2.904063e+03
2.904064e+03
2.904066e+03
2.904067e+03
2.904069e+03
2.904070e+03
2.904072e+03
2.904073e+03
2.904074e+03
2.904075e+03
2.904077e+03
2.904078e+03
2.904079e+03
2.904080e+03
2.904081e+03
2.904081e+03
2.904082e+03
2.904083e+03
2.904083e+03
2.904084e+03
2.904085e+03
2.904085e+03
2.904085e+03
2.904086e+03
2.904086e+03
2.904086e+03
2.904087e+03
2.904087e+03
2.904087e+03
2.904087e+03
2.904087e+03
2.904087e+03
2.904044e+03
2.904045e+03
2.904045e+03
2.904046e+03
2.904047e+03
2.904049e+03
2.904050e+03
2.904052e+03
2.904054e+03
2.904056e+03
2.904058e+03
2.904060e+03
2.904062e+03
2.904064e+03
2.904065e+03
2.904067e+03
2.904069e+03
2.904070e+03
2.904072e+03
2.904073e+03
2.904075e+03
2.904076e+03
2.904077e+03
2.904078e+03
2.904079e+03
2.904080e+03
2.904081e+03
2.904081e+03
2.904082e+03
2.904083e+03
2.904083e+03
2.904084e+03
2.904084e+03
2.904084e+03
2.904085e+03
2.904085e+03
2.904085e+03
2.904085e+03
2.904085e+03
2.904086e+03
2.904033e+03
2.904033e+03
2.904034e+03
2.904035e+03
2.904037e+03
2.904038e+03
2.904041e+03
2.904043e+03
2.904045e+03
2.904048e+03
2.904050e+03
2.904052e+03
2.904055e+03
2.904057e+03
2.904059e+03
2.904061e+03
2.904063e+03
2.904065e+03
2.904067e+03
2.904069e+03
2.904071e+03
2.904072e+03
2.904073e+03
2.904075e+03
2.904076e+03
2.904077e+03
2.904078e+03
2.904079e+03
2.904080e+03
2.904080e+03
2.904081e+03
2.904082e+03
2.904082e+03
2.904083e+03
2.904083e+03
2.904083e+03
2.904083e+03
2.904084e+03
2.904084e+03
2.904084e+03
2.904021e+03
2.904021e+03
2.904022e+03
2.904024e+03
2.904026e+03
2.904028e+03
2.904031e+03
2.904033e+03
2.904036e+03
2.904039e+03
2.904042e+03
2.904045e+03
2.904048e+03
2.904051e+03
2.904053e+03
2.904056e+03
2.904058e+03
2.904061e+03
2.904063e+03
2.904065e+03
2.904067e+03
2.904068e+03
2.904070e+03
2.904071e+03
2.904073e+03
2.904074e+03
2.904075e+03
2.904076e+03
2.904077e+03
2.904078e+03
2.904079e+03
2.904080e+03
2.904080e+03
2.904081e+03
2.904081e+03
2.904081e+03
2.904082e+03
2.904082e+03
2.904082e+03
2.904082e+03
2.904008e+03
2.904009e+03
2.904010e+03
2.904012e+03
2.904014e+03
2.904017e+03
2.904020e+03
2.904024e+03
2.904027e+03
2.904031e+03
2.904034e+03
2.904038e+03
2.904041e+03
2.904044e+03
2.904047e+03
2.904050e+03
2.904053e+03
2.904056e+03
2.904058e+03
2.904061e+03
2.904063e+03
2.904065e+03
2.904067e+03
2.904068e+03
2.904070e+03
2.904071e+03
2.904073e+03
2.904074e+03
2.904075e+03
2.904076e+03
2.904077e+03
2.904078e+03
2.904078e+03
2.904079e+03
2.904079e+03
2.904080e+03
2.904080e+03
2.904080e+03
2.904081e+03
2.904081e+03
2.903995e+03
2.903996e+03
2.903997e+03
2.904000e+03
2.904003e+03
2.904006e+03
2.904010e+03
2.904014e+03
2.904018e+03
2.904022e+03
2.904026e+03
2.904030e+03
2.904034e+03
2.904038e+03
2.904042e+03
2.904045e+03
2.904048e+03
2.904051e+03
2.904054e+03
2.904057e+03
2.904059e+03
2.904061e+03
2.904064e+03
2.904065e+03
2.904067e+03
2.904069e+03
2.904070e+03
2.904072e+03
2.904073e+03
2.904074e+03
2.904075e+03
2.904076e+03
2.904077e+03
2.904077e+03
2.904078e+03
2.904078e+03
2.904079e+03
2.904079e+03
2.904079e+03
2.904079e+03
2.903981e+03
2.903982e+03
2.903984e+03
2.903987e+03
2.903990e+03
2.903995e+03
2.903999e+03
2.904004e+03
2.904009e+03
2.904014e+03
2.904018e+03
2.904023e+03
2.904028e+03
2.904032e+03
2.904036e+03
2.904040e+03
2.904043e+03
2.904047e+03
2.904050e+03
2.904053e+03
2.904056e+03
2.904058e+03
2.904061e+03
2.904063e+03
2.904065e+03
2.904066e+03
2.904068e+03
2.904070e+03
2.904071e+03
2.904072e+03
2.904073e+03
2.904074e+03
2.904075e+03
2.904076e+03
2.904076e+03
2.904077e+03
2.904077e+03
2.904077e+03
2.904078e+03
2.904078e+03
2.903966e+03
2.903967e+03
2.903970e+03
2.903973e+03
2.903978e+03
2.903983e+03
2.903988e+03
2.903994e+03
2.904000e+03
2.904005e+03
2.904011e+03
2.904016e+03
2.904021e+03
2.904026e+03
2.904031e+03
2.904035e+03
2.904039e+03
2.904043e+03
2.904046e+03
2.904049e+03
2.904052e+03
2.904055e+03
2.904058e+03
2.904060e+03
2.904062e+03
2.904064e+03
2.904066e+03
2.904068e+03
2.904069e+03
2.904070e+03
2.904071e+03
2.904072e+03
2.904073e+03
2.904074e+03
2.904075e+03
2.904075e+03
2.904076e+03
2.904076e+03
2.904076e+03
2.904076e+03
2.903949e+03
2.903951e+03
2.903954e+03
2.903959e+03
2.903964e+03
2.903970e+03
2.903977e+03
2.903984e+03
2.903990e+03
2.903997e+03
2.904003e+03
2.904009e+03
2.904015e+03
2.904021e+03
2.904026e+03
2.904030e+03
2.904035e+03
2.904039e+03
2.904043e+03
2.904046e+03
2.904049e+03
2.904052e+03
2.904055e+03
2.904058e+03
2.904060e+03
2.904062e+03
2.904064e+03
2.904066e+03
2.904067e+03
2.904069e+03
2.904070e+03
2.904071e+03
2.904072e+03
2.904073e+03
2.904073e+03
2.904074e+03
2.904075e+03
2.904075e+03
2.904075e+03
2.904075e+03
2.903931e+03
2.903933e+03
2.903937e+03
2.903943e+03
2.903950e+03
2.903958e+03
2.903966e+03
2.903974e+03
2.903981e+03
2.903989e+03
2.903996e+03
2.904003e+03
2.904009e+03
2.904015e+03
2.904021e+03
2.904026e+03
2.904031e+03
2.904035e+03
2.904039e+03
2.904043e+03
2.904047e+03
2.904050e+03
2.904053e+03
2.904055e+03
2.904058e+03
2.904060e+03
2.904062e+03
2.904064e+03
2.904066e+03
2.904067e+03
2.904068e+03
2.904070e+03
2.904071e+03
2.904072e+03
2.904072e+03
2.904073e+03
2.904073e+03
2.904074e+03
2.904074e+03
2.904074e+03
2.903910e+03
2.903914e+03
2.903919e+03
2.903927e+03
2.903936e+03
2.903945e+03
2.903954e+03
2.903964e+03
2.903973e+03
2.903981e+03
2.903989e+03
2.903997e+03
2.904004e+03
2.904010e+03
2.904017e+03
2.904022e+03
2.904027e+03
2.904032e+03
2.904036e+03
2.904040e+03
2.904044e+03
2.904048e+03
2.904051e+03
2.904053e+03
2.904056e+03
2.904058e+03
2.904061e+03
2.904063e+03
2.904064e+03
2.904066e+03
2.904067e+03
2.904068e+03
2.904070e+03
2.904070e+03
2.904071e+03
2.904072e+03
2.904072e+03
2.904073e+03
2.904073e+03
2.904073e+03
2.903887e+03
2.903891e+03
2.903899e+03
2.903909e+03
2.903920e+03
2.903932e+03
2.903943e+03
2.903954e+03
2.903964e+03
2.903974e+03
2.903983e+03
2.903991e+03
2.903999e+03
2.904006e+03
2.904013e+03
2.904019e+03
2.904024e+03
2.904029e+03
2.904034e+03
2.904038e+03
2.904042e+03
2.904045e+03
2.904049e+03
2.904052e+03
2.904054e+03
2.904057e+03
2.904059e+03
2.904061e+03
2.904063e+03
2.904065e+03
2.904066e+03
2.904067e+03
2.904069e+03
2.904070e+03
2.904070e+03
2.904071e+03
2.904072e+03
2.904072e+03
2.904072e+03
2.904072e+03
2.903859e+03
2.903865e+03
2.903876e+03
2.903890e+03
2.903905e+03
2.903919e+03
2.903932e+03
2.903945e+03
2.903957e+03
2.903968e+03
2.903977e+03
2.903987e+03
2.903995e+03
2.904002e+03
2.904009e+03
2.904016e+03
2.904021e+03
2.904027e+03
2.904032e+03
2.904036e+03
2.904040e+03
2.904044e+03
2.904047e+03
2.904050e+03
2.904053e+03
2.904056e+03
2.904058e+03
2.904060e+03
2.904062e+03
2.904064e+03
2.904065e+03
2.904067e+03
2.904068e+03
2.904069e+03
2.904070e+03
2.904070e+03
2.904071e+03
2.904071e+03
2.904071e+03
2.904072e+03
2.903823e+03
2.903834e+03
2.903851e+03
2.903870e+03
2.903889e+03
2.903906e+03
2.903923e+03
2.903937e+03
2.903950e+03
2.903962e+03
2.903973e+03
2.903982e+03
2.903991e+03
2.903999e+03
2.904006e+03
2.904013e+03
2.904019e+03
2.904025e+03
2.904030e+03
2.904034e+03
2.904039e+03
2.904042e+03
2.904046e+03
2.904049e+03
2.904052e+03
2.904055e+03
2.904057e+03
2.904059e+03
2.904061e+03
2.904063e+03
2.904064e+03
2.904066e+03
2.904067e+03
2.904068e+03
2.904069e+03
2.904070e+03
2.904070e+03
2.904071e+03
2.904071e+03
2.904071e+03
2.903776e+03
2.903797e+03
2.903824e+03
2.903850e+03
2.903874e+03
2.903896e+03
2.903914e+03
2.903930e+03
2.903945e+03
2.903957e+03
2.903969e+03
2.903979e+03
2.903988e+03
2.903997e+03
2.904004e+03
2.904011e+03
2.904017e+03
2.904023e+03
2.904028e+03
2.904033e+03
2.904037e+03
2.904041e+03
2.904045e+03
2.904048e+03
2.904051e+03
2.904054e+03
2.904056e+03
2.904059e+03
2.904061e+03
2.904062e+03
2.904064e+03
2.904065e+03
2.904067e+03
2.904068e+03
2.904068e+03
2.904069e+03
2.904070e+03
2.904070e+03
2.904070e+03
2.904071e+03
2.903706e+03
2.903752e+03
2.903796e+03
2.903833e+03
2.903863e+03
2.903887e+03
2.903908e+03
2.903926e+03
2.903941e+03
2.903954e+03
2.903966e+03
2.903977e+03
2.903986e+03
2.903995e+03
2.904003e+03
2.904010e+03
2.904016e+03
2.904022e+03
2.904027e+03
2.904032e+03
2.904037e+03
2.904041e+03
2.904044e+03
2.904048e+03
2.904051e+03
2.904053e+03
2.904056e+03
2.904058e+03
2.904060e+03
2.904062e+03
2.904064e+03
2.904065e+03
2.904066e+03
2.904067e+03
2.904068e+03
2.904069e+03
2.904069e+03
2.904070e+03
2.904070e+03
2.904070e+03
2.903575e+03
2.903706e+03
2.903776e+03
2.903822e+03
2.903856e+03
2.903883e+03
2.903904e+03
2.903923e+03
2.903939e+03
2.903953e+03
2.903965e+03
2.903976e+03
2.903985e+03
2.903994e+03
2.904002e+03
2.904009e+03
2.904016e+03
2.904022e+03
2.904027e+03
2.904032e+03
2.904036e+03
2.904040e+03
2.904044e+03
2.904047e+03
2.904050e+03
2.904053e+03
2.904056e+03
2.904058e+03
2.904060e+03
2.904062e+03
2.904063e+03
2.904065e+03
2.904066e+03
2.904067e+03
2.904068e+03
2.904069e+03
2.904069e+03
2.904070e+03
2.904070e+03
2.904070e+03
