2.012821e+06
2.012756e+06
2.012706e+06
2.012670e+06
2.012643e+06
2.012622e+06
2.012605e+06
2.012590e+06
2.012577e+06
2.012566e+06
2.012556e+06
2.012547e+06
2.012540e+06
2.012532e+06
2.012526e+06
2.012520e+06
2.012515e+06
2.012510e+06
2.012506e+06
2.012502e+06
2.012499e+06
2.012495e+06
2.012492e+06
2.012490e+06
2.012487e+06
2.012485e+06
2.012483e+06
2.012481e+06
2.012479e+06
2.012478e+06
2.012477e+06
2.012476e+06
2.012475e+06
2.012474e+06
2.012473e+06
2.012472e+06
2.012472e+06
2.012471e+06
2.012471e+06
2.012471e+06
2.012756e+06
2.012723e+06
2.012690e+06
2.012661e+06
2.012638e+06
2.012618e+06
2.012602e+06
2.012588e+06
2.012575e+06
2.012565e+06
2.012555e+06
2.012546e+06
2.012539e+06
2.012532e+06
2.012526e+06
2.012520e+06
2.012515e+06
2.012510e+06
2.012506e+06
2.012502e+06
2.012498e+06
2.012495e+06
2.012492e+06
2.012489e+06
2.012487e+06
2.012485e+06
2.012483e+06
2.012481e+06
2.012479e+06
2.012478e+06
2.012477e+06
2.012475e+06
2.012474e+06
2.012474e+06
2.012473e+06
2.012472e+06
2.012472e+06
2.012471e+06
2.012471e+06
2.012471e+06
2.012705e+06
2.012689e+06
2.012668e+06
2.012648e+06
2.012629e+06
2.012612e+06
2.012597e+06
2.012584e+06
2.012572e+06
2.012562e+06
2.012553e+06
2.012545e+06
2.012537e+06
2.012530e+06
2.012524e+06
2.012519e+06
2.012514e+06
2.012509e+06
2.012505e+06
2.012501e+06
2.012498e+06
2.012494e+06
2.012492e+06
2.012489e+06
2.012486e+06
2.012484e+06
2.012482e+06
2.012481e+06
2.012479e+06
2.012477e+06
2.012476e+06
2.012475e+06
2.012474e+06
2.012473e+06
2.012473e+06
2.012472e+06
2.012471e+06
2.012471e+06
2.012471e+06
2.012471e+06
2.012669e+06
2.012660e+06
2.012647e+06
2.012632e+06
2.012617e+06
2.012603e+06
2.012590e+06
2.012578e+06
2.012568e+06
2.012558e+06
2.012550e+06
2.012542e+06
2.012535e+06
2.012528e+06
2.012523e+06
2.012517e+06
2.012512e+06
2.012508e+06
2.012504e+06
2.012500e+06
2.012497e+06
2.012494e+06
2.012491e+06
2.012488e+06
2.012486e+06
2.012484e+06
2.012482e+06
2.012480e+06
2.012478e+06
2.012477e+06
2.012476e+06
2.012475e+06
2.012474e+06
2.012473e+06
2.012472e+06
2.012472e+06
2.012471e+06
2.012471e+06
2.012471e+06
2.012470e+06
2.012641e+06
2.012636e+06
2.012627e+06
2.012616e+06
2.012604e+06
2.012593e+06
2.012582e+06
2.012572e+06
2.012563e+06
2.012554e+06
2.012546e+06
2.012539e+06
2.012532e+06
2.012526e+06
2.012520e+06
2.012515e+06
2.012511e+06
2.012506e+06
2.012502e+06
2.012499e+06
2.012495e+06
2.012492e+06
2.012490e+06
2.012487e+06
2.012485e+06
2.012483e+06
2.012481e+06
2.012479e+06
2.012478e+06
2.012476e+06
2.012475e+06
2.012474e+06
2.012473e+06
2.012472e+06
2.012472e+06
2.012471e+06
2.012471e+06
2.012470e+06
2.012470e+06
2.012470e+06
2.012619e+06
2.012615e+06
2.012609e+06
2.012601e+06
2.012592e+06
2.012583e+06
2.012573e+06
2.012565e+06
2.012556e+06
2.012549e+06
2.012541e+06
2.012535e+06
2.012529e+06
2.012523e+06
2.012518e+06
2.012513e+06
2.012508e+06
2.012504e+06
2.012501e+06
2.012497e+06
2.012494e+06
2.012491e+06
2.012488e+06
2.012486e+06
2.012484e+06
2.012482e+06
2.012480e+06
2.012478e+06
2.012477e+06
2.012476e+06
2.012474e+06
2.012473e+06
2.012472e+06
2.012472e+06
2.012471e+06
2.012470e+06
2.012470e+06
2.012470e+06
2.012469e+06
2.012469e+06
2.012600e+06
2.012597e+06
2.012593e+06
2.012587e+06
2.012580e+06
2.012572e+06
2.012564e+06
2.012557e+06
2.012550e+06
2.012543e+06
2.012536e+06
2.012530e+06
2.012525e+06
2.012519e+06
2.012514e+06
2.012510e+06
2.012506e+06
2.012502e+06
2.012498e+06
2.012495e+06
2.012492e+06
2.012489e+06
2.012487e+06
2.012485e+06
2.012483e+06
2.012481e+06
2.012479e+06
2.012477e+06
2.012476e+06
2.012475e+06
2.012474e+06
2.012473e+06
2.012472e+06
2.012471e+06
2.012470e+06
2.012470e+06
2.012469e+06
2.012469e+06
2.012469e+06
2.012469e+06
2.012583e+06
2.012581e+06
2.012578e+06
2.012573e+06
2.012568e+06
2.012562e+06
2.012555e+06
2.012549e+06
2.012543e+06
2.012537e+06
2.012531e+06
2.012525e+06
2.012520e+06
2.012515e+06
2.012511e+06
2.012507e+06
2.012503e+06
2.012499e+06
2.012496e+06
2.012493e+06
2.012490e+06
2.012488e+06
2.012485e+06
2.012483e+06
2.012481e+06
2.012479e+06
2.012478e+06
2.012476e+06
2.012475e+06
2.012474e+06
2.012472e+06
2.012472e+06
2.012471e+06
2.012470e+06
2.012469e+06
2.012469e+06
2.012469e+06
2.012468e+06
2.012468e+06
2.012468e+06
2.012569e+06
2.012567e+06
2.012565e+06
2.012561e+06
2.012556e+06
2.012551e+06
2.012546e+06
2.012541e+06
2.012535e+06
2.012530e+06
2.012525e+06
2.012520e+06
2.012516e+06
2.012511e+06
2.012507e+06
2.012503e+06
2.012500e+06
2.012496e+06
2.012493e+06
2.012491e+06
2.012488e+06
2.012486e+06
2.012483e+06
2.012481e+06
2.012479e+06
2.012478e+06
2.012476e+06
2.012475e+06
2.012473e+06
2.012472e+06
2.012471e+06
2.012470e+06
2.012470e+06
2.012469e+06
2.012468e+06
2.012468e+06
2.012468e+06
2.012467e+06
2.012467e+06
2.012467e+06
2.012555e+06
2.012554e+06
2.012552e+06
2.012549e+06
2.012546e+06
2.012542e+06
2.012537e+06
2.012533e+06
2.012528e+06
2.012523e+06
2.012519e+06
2.012515e+06
2.012511e+06
2.012507e+06
2.012503e+06
2.012500e+06
2.012496e+06
2.012493e+06
2.012490e+06
2.012488e+06
2.012485e+06
2.012483e+06
2.012481e+06
2.012479e+06
2.012478e+06
2.012476e+06
2.012475e+06
2.012473e+06
2.012472e+06
2.012471e+06
2.012470e+06
2.012469e+06
2.012469e+06
2.012468e+06
2.012467e+06
2.012467e+06
2.012467e+06
2.012466e+06
2.012466e+06
2.012466e+06
2.012543e+06
2.012542e+06
2.012541e+06
2.012538e+06
2.012535e+06
2.012532e+06
2.012528e+06
2.012525e+06
2.012521e+06
2.012517e+06
2.012513e+06
2.012509e+06
2.012505e+06
2.012502e+06
2.012499e+06
2.012496e+06
2.012493e+06
2.012490e+06
2.012487e+06
2.012485e+06
2.012483e+06
2.012481e+06
2.012479e+06
2.012477e+06
2.012476e+06
2.012474e+06
2.012473e+06
2.012472e+06
2.012471e+06
2.012470e+06
2.012469e+06
2.012468e+06
2.012467e+06
2.012467e+06
2.012466e+06
2.012466e+06
2.012465e+06
2.012465e+06
2.012465e+06
2.012465e+06
2.012532e+06
2.012531e+06
2.012530e+06
2.012528e+06
2.012526e+06
2.012523e+06
2.012520e+06
2.012517e+06
2.012513e+06
2.012510e+06
2.012507e+06
2.012503e+06
2.012500e+06
2.012497e+06
2.012494e+06
2.012491e+06
2.012489e+06
2.012486e+06
2.012484e+06
2.012482e+06
2.012480e+06
2.012478e+06
2.012476e+06
2.012475e+06
2.012473e+06
2.012472e+06
2.012471e+06
2.012470e+06
2.012469e+06
2.012468e+06
2.012467e+06
2.012467e+06
2.012466e+06
2.012465e+06
2.012465e+06
2.012465e+06
2.012464e+06
2.012464e+06
2.012464e+06
2.012464e+06
2.012521e+06
2.012521e+06
2.012520e+06
2.012518e+06
2.012516e+06
2.012514e+06
2.012511e+06
2.012509e+06
2.012506e+06
2.012503e+06
2.012500e+06
2.012497e+06
2.012495e+06
2.012492e+06
2.012490e+06
2.012487e+06
2.012485e+06
2.012483e+06
2.012481e+06
2.012479e+06
2.012477e+06
2.012475e+06
2.012474e+06
2.012473e+06
2.012471e+06
2.012470e+06
2.012469e+06
2.012468e+06
2.012467e+06
2.012466e+06
2.012466e+06
2.012465e+06
2.012465e+06
2.012464e+06
2.012464e+06
2.012463e+06
2.012463e+06
2.012463e+06
2.012463e+06
2.012463e+06
2.012511e+06
2.012511e+06
2.012510e+06
2.012508e+06
2.012507e+06
2.012505e+06
2.012503e+06
2.012501e+06
2.012499e+06
2.012496e+06
2.012494e+06
2.012491e+06
2.012489e+06
2.012487e+06
2.012485e+06
2.012483e+06
2.012481e+06
2.012479e+06
2.012477e+06
2.012476e+06
2.012474e+06
2.012473e+06
2.012471e+06
2.012470e+06
2.012469e+06
2.012468e+06
2.012467e+06
2.012466e+06
2.012465e+06
2.012465e+06
2.012464e+06
2.012464e+06
2.012463e+06
2.012463e+06
2.012462e+06
2.012462e+06
2.012462e+06
2.012462e+06
2.012461e+06
2.012461e+06
2.012501e+06
2.012501e+06
2.012500e+06
2.012499e+06
2.012498e+06
2.012497e+06
2.012495e+06
2.012493e+06
2.012491e+06
2.012489e+06
2.012487e+06
2.012485e+06
2.012484e+06
2.012482e+06
2.012480e+06
2.012478e+06
2.012476e+06
2.012475e+06
2.012473e+06
2.012472e+06
2.012471e+06
2.012470e+06
2.012468e+06
2.012467e+06
2.012467e+06
2.012466e+06
2.012465e+06
2.012464e+06
2.012463e+06
2.012463e+06
2.012462e+06
2.012462e+06
2.012461e+06
2.012461e+06
2.012461e+06
2.012461e+06
2.012460e+06
2.012460e+06
2.012460e+06
2.012460e+06
2.012492e+06
2.012492e+06
2.012491e+06
2.012490e+06
2.012489e+06
2.012488e+06
2.012487e+06
2.012486e+06
2.012484e+06
2.012483e+06
2.012481e+06
2.012479e+06
2.012478e+06
2.012476e+06
2.012475e+06
2.012474e+06
2.012472e+06
2.012471e+06
2.012470e+06
2.012469e+06
2.012468e+06
2.012467e+06
2.012466e+06
2.012465e+06
2.012464e+06
2.012463e+06
2.012463e+06
2.012462e+06
2.012461e+06
2.012461e+06
2.012461e+06
2.012460e+06
2.012460e+06
2.012460e+06
2.012459e+06
2.012459e+06
2.012459e+06
2.012459e+06
2.012459e+06
2.012459e+06
2.012483e+06
2.012483e+06
2.012482e+06
2.012482e+06
2.012481e+06
2.012480e+06
2.012479e+06
2.012478e+06
2.012477e+06
2.012476e+06
2.012475e+06
2.012473e+06
2.012472e+06
2.012471e+06
2.012470e+06
2.012469e+06
2.012468e+06
2.012467e+06
2.012466e+06
2.012465e+06
2.012464e+06
2.012463e+06
2.012463e+06
2.012462e+06
2.012461e+06
2.012461e+06
2.012460e+06
2.012460e+06
2.012459e+06
2.012459e+06
2.012459e+06
2.012458e+06
2.012458e+06
2.012458e+06
2.012458e+06
2.012458e+06
2.012457e+06
2.012457e+06
2.012457e+06
2.012457e+06
2.012474e+06
2.012474e+06
2.012474e+06
2.012473e+06
2.012473e+06
2.012472e+06
2.012471e+06
2.012471e+06
2.012470e+06
2.012469e+06
2.012468e+06
2.012467e+06
2.012466e+06
2.012466e+06
2.012465e+06
2.012464e+06
2.012463e+06
2.012463e+06
2.012462e+06
2.012461e+06
2.012461e+06
2.012460e+06
2.012460e+06
2.012459e+06
2.012459e+06
2.012458e+06
2.012458e+06
2.012458e+06
2.012457e+06
2.012457e+06
2.012457e+06
2.012457e+06
2.012456e+06
2.012456e+06
2.012456e+06
2.012456e+06
2.012456e+06
2.012456e+06
2.012456e+06
2.012456e+06
2.012465e+06
2.012465e+06
2.012465e+06
2.012465e+06
2.012464e+06
2.012464e+06
2.012464e+06
2.012463e+06
2.012463e+06
2.012462e+06
2.012462e+06
2.012461e+06
2.012461e+06
2.012460e+06
2.012460e+06
2.012459e+06
2.012459e+06
2.012458e+06
2.012458e+06
2.012458e+06
2.012457e+06
2.012457e+06
2.012457e+06
2.012456e+06
2.012456e+06
2.012456e+06
2.012456e+06
2.012455e+06
2.012455e+06
2.012455e+06
2.012455e+06
2.012455e+06
2.012455e+06
2.012455e+06
2.012455e+06
2.012455e+06
2.012454e+06
2.012454e+06
2.012454e+06
2.012454e+06
2.012456e+06
2.012456e+06
2.012456e+06
2.012456e+06
2.012456e+06
2.012456e+06
2.012456e+06
2.012456e+06
2.012456e+06
2.012456e+06
2.012455e+06
2.012455e+06
2.012455e+06
2.012455e+06
2.012455e+06
2.012455e+06
2.012454e+06
2.012454e+06
2.012454e+06
2.012454e+06
2.012454e+06
2.012454e+06
2.012454e+06
2.012454e+06
2.012453e+06
2.012453e+06
2.012453e+06
2.012453e+06
2.012453e+06
2.012453e+06
2.012453e+06
2.012453e+06
2.012453e+06
2.012453e+06
2.012453e+06
2.012453e+06
2.012453e+06
2.012453e+06
2.012453e+06
2.012453e+06
2.012448e+06
2.012448e+06
2.012448e+06
2.012448e+06
2.012448e+06
2.012448e+06
2.012448e+06
2.012448e+06
2.012449e+06
2.012449e+06
2.012449e+06
2.012449e+06
2.012449e+06
2.012449e+06
2.012450e+06
2.012450e+06
2.012450e+06
2.012450e+06
2.012450e+06
2.012450e+06
2.012450e+06
2.012451e+06
2.012451e+06
2.012451e+06
2.012451e+06
2.012451e+06
2.012451e+06
2.012451e+06
2.012451e+06
2.012451e+06
2.012451e+06
2.012451e+06
2.012451e+06
2.012451e+06
2.012451e+06
2.012451e+06
2.012451e+06
2.012451e+06
2.012451e+06
2.012451e+06
2.012439e+06
2.012439e+06
2.012439e+06
2.012440e+06
2.012440e+06
2.012440e+06
2.012441e+06
2.012441e+06
2.012442e+06
2.012442e+06
2.012443e+06
2.012443e+06
2.012444e+06
2.012444e+06
2.012445e+06
2.012445e+06
2.012445e+06
2.012446e+06
2.012446e+06
2.012447e+06
2.012447e+06
2.012447e+06
2.012448e+06
2.012448e+06
2.012448e+06
2.012448e+06
2.012449e+06
2.012449e+06
2.012449e+06
2.012449e+06
2.012449e+06
2.012449e+06
2.012450e+06
2.012450e+06
2.012450e+06
2.012450e+06
2.012450e+06
2.012450e+06
2.012450e+06
2.012450e+06
2.012430e+06
2.012431e+06
2.012431e+06
2.012431e+06
2.012432e+06
2.012432e+06
2.012433e+06
2.012434e+06
2.012434e+06
2.012435e+06
2.012436e+06
2.012437e+06
2.012438e+06
2.012439e+06
2.012439e+06
2.012440e+06
2.012441e+06
2.012442e+06
2.012442e+06
2.012443e+06
2.012444e+06
2.012444e+06
2.012445e+06
2.012445e+06
2.012445e+06
2.012446e+06
2.012446e+06
2.012447e+06
2.012447e+06
2.012447e+06
2.012447e+06
2.012448e+06
2.012448e+06
2.012448e+06
2.012448e+06
2.012448e+06
2.012448e+06
2.012448e+06
2.012448e+06
2.012448e+06
2.012421e+06
2.012422e+06
2.012422e+06
2.012423e+06
2.012423e+06
2.012424e+06
2.012425e+06
2.012426e+06
2.012427e+06
2.012429e+06
2.012430e+06
2.012431e+06
2.012432e+06
2.012433e+06
2.012434e+06
2.012435e+06
2.012437e+06
2.012437e+06
2.012438e+06
2.012439e+06
2.012440e+06
2.012441e+06
2.012442e+06
2.012442e+06
2.012443e+06
2.012443e+06
2.012444e+06
2.012444e+06
2.012445e+06
2.012445e+06
2.012446e+06
2.012446e+06
2.012446e+06
2.012446e+06
2.012447e+06
2.012447e+06
2.012447e+06
2.012447e+06
2.012447e+06
2.012447e+06
2.012412e+06
2.012413e+06
2.012413e+06
2.012414e+06
2.012415e+06
2.012416e+06
2.012417e+06
2.012419e+06
2.012420e+06
2.012422e+06
2.012423e+06
2.012425e+06
2.012426e+06
2.012428e+06
2.012429e+06
2.012431e+06
2.012432e+06
2.012433e+06
2.012435e+06
2.012436e+06
2.012437e+06
2.012438e+06
2.012439e+06
2.012440e+06
2.012440e+06
2.012441e+06
2.012442e+06
2.012442e+06
2.012443e+06
2.012443e+06
2.012444e+06
2.012444e+06
2.012444e+06
2.012445e+06
2.012445e+06
2.012445e+06
2.012445e+06
2.012445e+06
2.012446e+06
2.012446e+06
2.012403e+06
2.012403e+06
2.012404e+06
2.012405e+06
2.012406e+06
2.012408e+06
2.012409e+06
2.012411e+06
2.012413e+06
2.012415e+06
2.012417e+06
2.012419e+06
2.012421e+06
2.012423e+06
2.012424e+06
2.012426e+06
2.012428e+06
2.012429e+06
2.012431e+06
2.012432e+06
2.012434e+06
2.012435e+06
2.012436e+06
2.012437e+06
2.012438e+06
2.012439e+06
2.012439e+06
2.012440e+06
2.012441e+06
2.012441e+06
2.012442e+06
2.012442e+06
2.012443e+06
2.012443e+06
2.012443e+06
2.012444e+06
2.012444e+06
2.012444e+06
2.012444e+06
2.012444e+06
2.012393e+06
2.012394e+06
2.012395e+06
2.012396e+06
2.012397e+06
2.012399e+06
2.012401e+06
2.012403e+06
2.012406e+06
2.012408e+06
2.012410e+06
2.012413e+06
2.012415e+06
2.012417e+06
2.012420e+06
2.012422e+06
2.012424e+06
2.012425e+06
2.012427e+06
2.012429e+06
2.012430e+06
2.012432e+06
2.012433e+06
2.012434e+06
2.012435e+06
2.012436e+06
2.012437e+06
2.012438e+06
2.012439e+06
2.012440e+06
2.012440e+06
2.012441e+06
2.012441e+06
2.012442e+06
2.012442e+06
2.012442e+06
2.012443e+06
2.012443e+06
2.012443e+06
2.012443e+06
2.012383e+06
2.012384e+06
2.012385e+06
2.012386e+06
2.012388e+06
2.012390e+06
2.012393e+06
2.012396e+06
2.012398e+06
2.012401e+06
2.012404e+06
2.012407e+06
2.012410e+06
2.012412e+06
2.012415e+06
2.012417e+06
2.012419e+06
2.012422e+06
2.012424e+06
2.012425e+06
2.012427e+06
2.012429e+06
2.012430e+06
2.012432e+06
2.012433e+06
2.012434e+06
2.012435e+06
2.012436e+06
2.012437e+06
2.012438e+06
2.012439e+06
2.012439e+06
2.012440e+06
2.012440e+06
2.012441e+06
2.012441e+06
2.012441e+06
2.012441e+06
2.012442e+06
2.012442e+06
2.012373e+06
2.012373e+06
2.012375e+06
2.012376e+06
2.012379e+06
2.012382e+06
2.012385e+06
2.012388e+06
2.012391e+06
2.012394e+06
2.012398e+06
2.012401e+06
2.012404e+06
2.012407e+06
2.012410e+06
2.012413e+06
2.012415e+06
2.012418e+06
2.012420e+06
2.012422e+06
2.012424e+06
2.012426e+06
2.012428e+06
2.012429e+06
2.012431e+06
2.012432e+06
2.012433e+06
2.012434e+06
2.012435e+06
2.012436e+06
2.012437e+06
2.012438e+06
2.012438e+06
2.012439e+06
2.012439e+06
2.012440e+06
2.012440e+06
2.012440e+06
2.012440e+06
2.012440e+06
2.012361e+06
2.012362e+06
2.012364e+06
2.012366e+06
2.012369e+06
2.012372e+06
2.012376e+06
2.012380e+06
2.012384e+06
2.012388e+06
2.012391e+06
2.012395e+06
2.012399e+06
2.012402e+06
2.012406e+06
2.012409e+06
2.012412e+06
2.012414e+06
2.012417e+06
2.012419e+06
2.012421e+06
2.012424e+06
2.012425e+06
2.012427e+06
2.012429e+06
2.012430e+06
2.012431e+06
2.012433e+06
2.012434e+06
2.012435e+06
2.012436e+06
2.012436e+06
2.012437e+06
2.012438e+06
2.012438e+06
2.012438e+06
2.012439e+06
2.012439e+06
2.012439e+06
2.012439e+06
2.012349e+06
2.012350e+06
2.012352e+06
2.012355e+06
2.012359e+06
2.012363e+06
2.012367e+06
2.012372e+06
2.012376e+06
2.012381e+06
2.012385e+06
2.012390e+06
2.012394e+06
2.012398e+06
2.012401e+06
2.012405e+06
2.012408e+06
2.012411e+06
2.012414e+06
2.012416e+06
2.012419e+06
2.012421e+06
2.012423e+06
2.012425e+06
2.012427e+06
2.012428e+06
2.012430e+06
2.012431e+06
2.012432e+06
2.012433e+06
2.012434e+06
2.012435e+06
2.012436e+06
2.012436e+06
2.012437e+06
2.012437e+06
2.012438e+06
2.012438e+06
2.012438e+06
2.012438e+06
2.012336e+06
2.012337e+06
2.012340e+06
2.012343e+06
2.012348e+06
2.012353e+06
2.012358e+06
2.012364e+06
2.012369e+06
2.012374e+06
2.012379e+06
2.012384e+06
2.012389e+06
2.012393e+06
2.012397e+06
2.012401e+06
2.012405e+06
2.012408e+06
2.012411e+06
2.012414e+06
2.012416e+06
2.012419e+06
2.012421e+06
2.012423e+06
2.012425e+06
2.012427e+06
2.012428e+06
2.012430e+06
2.012431e+06
2.012432e+06
2.012433e+06
2.012434e+06
2.012435e+06
2.012435e+06
2.012436e+06
2.012436e+06
2.012437e+06
2.012437e+06
2.012437e+06
2.012437e+06
2.012321e+06
2.012323e+06
2.012326e+06
2.012331e+06
2.012337e+06
2.012343e+06
2.012349e+06
2.012355e+06
2.012362e+06
2.012368e+06
2.012373e+06
2.012379e+06
2.012384e+06
2.012389e+06
2.012393e+06
2.012398e+06
2.012401e+06
2.012405e+06
2.012408e+06
2.012411e+06
2.012414e+06
2.012417e+06
2.012419e+06
2.012421e+06
2.012423e+06
2.012425e+06
2.012427e+06
2.012428e+06
2.012430e+06
2.012431e+06
2.012432e+06
2.012433e+06
2.012434e+06
2.012434e+06
2.012435e+06
2.012435e+06
2.012436e+06
2.012436e+06
2.012436e+06
2.012436e+06
2.012305e+06
2.012307e+06
2.012312e+06
2.012318e+06
2.012325e+06
2.012332e+06
2.012340e+06
2.012347e+06
2.012355e+06
2.012361e+06
2.012368e+06
2.012374e+06
2.012380e+06
2.012385e+06
2.012390e+06
2.012394e+06
2.012399e+06
2.012402e+06
2.012406e+06
2.012409e+06
2.012412e+06
2.012415e+06
2.012417e+06
2.012420e+06
2.012422e+06
2.012424e+06
2.012425e+06
2.012427e+06
2.012428e+06
2.012430e+06
2.012431e+06
2.012432e+06
2.012433e+06
2.012433e+06
2.012434e+06
2.012435e+06
2.012435e+06
2.012435e+06
2.012435e+06
2.012436e+06
2.012286e+06
2.012289e+06
2.012295e+06
2.012303e+06
2.012312e+06
2.012322e+06
2.012331e+06
2.012340e+06
2.012348e+06
2.012356e+06
2.012363e+06
2.012370e+06
2.012376e+06
2.012381e+06
2.012387e+06
2.012392e+06
2.012396e+06
2.012400e+06
2.012404e+06
2.012407e+06
2.012410e+06
2.012413e+06
2.012416e+06
2.012418e+06
2.012420e+06
2.012422e+06
2.012424e+06
2.012426e+06
2.012427e+06
2.012429e+06
2.012430e+06
2.012431e+06
2.012432e+06
2.012433e+06
2.012433e+06
2.012434e+06
2.012434e+06
2.012435e+06
2.012435e+06
2.012435e+06
2.012263e+06
2.012268e+06
2.012277e+06
2.012288e+06
2.012300e+06
2.012311e+06
2.012322e+06
2.012332e+06
2.012342e+06
2.012350e+06
2.012358e+06
2.012366e+06
2.012372e+06
2.012378e+06
2.012384e+06
2.012389e+06
2.012394e+06
2.012398e+06
2.012402e+06
2.012406e+06
2.012409e+06
2.012412e+06
2.012415e+06
2.012417e+06
2.012419e+06
2.012421e+06
2.012423e+06
2.012425e+06
2.012427e+06
2.012428e+06
2.012429e+06
2.012430e+06
2.012431e+06
2.012432e+06
2.012433e+06
2.012433e+06
2.012434e+06
2.012434e+06
2.012434e+06
2.012434e+06
2.012236e+06
2.012244e+06
2.012258e+06
2.012273e+06
2.012287e+06
2.012301e+06
2.012314e+06
2.012326e+06
2.012336e+06
2.012346e+06
2.012354e+06
2.012362e+06
2.012369e+06
2.012376e+06
2.012382e+06
2.012387e+06
2.012392e+06
2.012396e+06
2.012400e+06
2.012404e+06
2.012408e+06
2.012411e+06
2.012414e+06
2.012416e+06
2.012418e+06
2.012421e+06
2.012423e+06
2.012424e+06
2.012426e+06
2.012427e+06
2.012429e+06
2.012430e+06
2.012431e+06
2.012431e+06
2.012432e+06
2.012433e+06
2.012433e+06
2.012434e+06
2.012434e+06
2.012434e+06
2.012199e+06
2.012215e+06
2.012236e+06
2.012257e+06
2.012276e+06
2.012293e+06
2.012307e+06
2.012320e+06
2.012332e+06
2.012342e+06
2.012351e+06
2.012360e+06
2.012367e+06
2.012374e+06
2.012380e+06
2.012385e+06
2.012391e+06
2.012395e+06
2.012399e+06
2.012403e+06
2.012407e+06
2.012410e+06
2.012413e+06
2.012415e+06
2.012418e+06
2.012420e+06
2.012422e+06
2.012424e+06
2.012425e+06
2.012427e+06
2.012428e+06
2.012429e+06
2.012430e+06
2.012431e+06
2.012432e+06
2.012432e+06
2.012433e+06
2.012433e+06
2.012433e+06
2.012434e+06
2.012147e+06
2.012181e+06
2.012215e+06
2.012243e+06
2.012266e+06
2.012286e+06
2.012302e+06
2.012317e+06
2.012329e+06
2.012340e+06
2.012349e+06
2.012358e+06
2.012366e+06
2.012373e+06
2.012379e+06
2.012384e+06
2.012390e+06
2.012394e+06
2.012399e+06
2.012402e+06
2.012406e+06
2.012409e+06
2.012412e+06
2.012415e+06
2.012417e+06
2.012420e+06
2.012422e+06
2.012423e+06
2.012425e+06
2.012426e+06
2.012428e+06
2.012429e+06
2.012430e+06
2.012431e+06
2.012432e+06
2.012432e+06
2.012433e+06
2.012433e+06
2.012433e+06
2.012433e+06
2.012061e+06
2.012147e+06
2.012198e+06
2.012234e+06
2.012261e+06
2.012282e+06
2.012300e+06
2.012314e+06
2.012327e+06
2.012338e+06
2.012348e+06
2.012357e+06
2.012365e+06
2.012372e+06
2.012378e+06
2.012384e+06
2.012389e+06
2.012394e+06
2.012398e+06
2.012402e+06
2.012406e+06
2.012409e+06
2.012412e+06
2.012415e+06
2.012417e+06
2.012419e+06
2.012421e+06
2.012423e+06
2.012425e+06
2.012426e+06
2.012428e+06
2.012429e+06
2.012430e+06
2.012431e+06
2.012431e+06
2.012432e+06
2.012432e+06
2.012433e+06
2.012433e+06
2.012433e+06
