-0.000000e+00
3.797943e-08
2.494377e-08
1.784276e-08
1.350686e-08
1.074488e-08
8.861063e-09
7.494640e-09
6.455596e-09
5.636433e-09
4.972142e-09
4.421196e-09
3.955858e-09
3.556902e-09
3.210579e-09
2.906791e-09
2.637946e-09
2.398217e-09
2.183048e-09
1.988817e-09
1.812598e-09
1.651995e-09
1.505018e-09
1.369996e-09
1.245505e-09
1.130321e-09
1.023379e-09
9.237436e-10
8.305856e-10
7.431621e-10
6.608021e-10
5.828938e-10
5.088751e-10
4.382249e-10
3.704562e-10
3.051099e-10
2.417498e-10
1.799580e-10
1.193304e-10
5.947336e-11
0.000000e+00
-0.000000e+00
1.656430e-08
1.708236e-08
1.440140e-08
1.184991e-08
9.861632e-09
8.343482e-09
7.167257e-09
6.235713e-09
5.481562e-09
4.858797e-09
4.335588e-09
3.889476e-09
3.504268e-09
3.168044e-09
2.871848e-09
2.608830e-09
2.373657e-09
2.162111e-09
1.970804e-09
1.796982e-09
1.638368e-09
1.493064e-09
1.359465e-09
1.236198e-09
1.122079e-09
1.016072e-09
9.172663e-10
8.248511e-10
7.380988e-10
6.563503e-10
5.790042e-10
5.055066e-10
4.353435e-10
3.680338e-10
3.031237e-10
2.401816e-10
1.787937e-10
1.185598e-10
5.908973e-11
0.000000e+00
-0.000000e+00
7.881294e-09
1.060577e-08
1.055525e-08
9.609803e-09
8.507421e-09
7.483951e-09
6.595194e-09
5.838438e-09
5.195303e-09
4.645896e-09
4.172884e-09
3.762189e-09
3.402652e-09
3.085480e-09
2.803728e-09
2.551870e-09
2.325471e-09
2.120933e-09
1.935308e-09
1.766156e-09
1.611432e-09
1.469406e-09
1.338602e-09
1.217744e-09
1.105724e-09
1.001564e-09
9.043986e-10
8.134539e-10
7.280314e-10
6.474961e-10
5.712660e-10
4.988036e-10
4.296086e-10
3.632117e-10
2.991695e-10
2.370593e-10
1.764754e-10
1.170253e-10
5.832577e-11
0.000000e+00
-0.000000e+00
4.310114e-09
6.755168e-09
7.584218e-09
7.525443e-09
7.074255e-09
6.489706e-09
5.891129e-09
5.327542e-09
4.815317e-09
4.356599e-09
3.947864e-09
3.583745e-09
3.258670e-09
2.967496e-09
2.705713e-09
2.469451e-09
2.255422e-09
2.060841e-09
1.883341e-09
1.720903e-09
1.571796e-09
1.434526e-09
1.307791e-09
1.190454e-09
1.081508e-09
9.800607e-10
8.853103e-10
7.965345e-10
7.130770e-10
6.343368e-10
5.597602e-10
4.888332e-10
4.210755e-10
3.560351e-10
2.932832e-10
2.324105e-10
1.730235e-10
1.147402e-10
5.718807e-11
0.000000e+00
-0.000000e+00
2.646434e-09
4.516131e-09
5.500302e-09
5.833455e-09
5.774447e-09
5.509491e-09
5.152074e-09
4.765285e-09
4.381824e-09
4.017319e-09
3.678226e-09
3.366258e-09
3.080787e-09
2.820122e-09
2.582177e-09
2.364798e-09
2.165927e-09
1.983669e-09
1.816311e-09
1.662319e-09
1.520325e-09
1.389109e-09
1.267584e-09
1.154772e-09
1.049795e-09
9.518605e-10
8.602472e-10
7.742969e-10
6.934052e-10
6.170139e-10
5.446047e-10
4.756935e-10
4.098253e-10
3.465698e-10
2.855176e-10
2.262763e-10
1.684676e-10
1.117241e-10
5.568627e-11
0.000000e+00
-0.000000e+00
1.763845e-09
3.162646e-09
4.067390e-09
4.533628e-09
4.680588e-09
4.621736e-09
4.442391e-09
4.199700e-09
3.929375e-09
3.652626e-09
3.381464e-09
3.122273e-09
2.878096e-09
2.650030e-09
2.438075e-09
2.241636e-09
2.059818e-09
1.891597e-09
1.735914e-09
1.591736e-09
1.458074e-09
1.334004e-09
1.218663e-09
1.111254e-09
1.011040e-09
9.173391e-10
8.295213e-10
7.470008e-10
6.692329e-10
5.957088e-10
5.259512e-10
4.595108e-10
3.959624e-10
3.349014e-10
2.759411e-10
2.187094e-10
1.628466e-10
1.080022e-10
5.383293e-11
0.000000e+00
-0.000000e+00
1.246510e-09
2.303223e-09
3.072982e-09
3.553081e-09
3.792541e-09
3.854475e-09
3.796052e-09
3.661751e-09
3.483349e-09
3.282348e-09
3.072730e-09
2.863276e-09
2.659294e-09
2.463826e-09
2.278457e-09
2.103854e-09
1.940114e-09
1.786985e-09
1.644014e-09
1.510636e-09
1.386233e-09
1.270168e-09
1.161809e-09
1.060541e-09
9.657706e-10
8.769349e-10
7.934979e-10
7.149521e-10
6.408169e-10
5.706371e-10
5.039805e-10
4.404362e-10
3.796120e-10
3.211323e-10
2.646358e-10
2.097738e-10
1.562072e-10
1.036053e-10
5.164320e-11
0.000000e+00
-0.000000e+00
9.189782e-10
1.730754e-09
2.368237e-09
2.813170e-09
3.082021e-09
3.207571e-09
3.225593e-09
3.167901e-09
3.059921e-09
2.920687e-09
2.763832e-09
2.598806e-09
2.431979e-09
2.267522e-09
2.108072e-09
1.955210e-09
1.809798e-09
1.672215e-09
1.542521e-09
1.420562e-09
1.306054e-09
1.198627e-09
1.097866e-09
1.003329e-09
9.145672e-10
8.311320e-10
7.525834e-10
6.784928e-10
6.084456e-10
5.420422e-10
4.788976e-10
4.186415e-10
3.609171e-10
3.053798e-10
2.516963e-10
1.995426e-10
1.486032e-10
9.856859e-11
4.913456e-11
0.000000e+00
-0.000000e+00
6.986483e-10
1.332580e-09
1.856039e-09
2.249341e-09
2.514802e-09
2.668195e-09
2.730847e-09
2.724339e-09
2.667748e-09
2.576647e-09
2.463105e-09
2.336138e-09
2.202294e-09
2.066212e-09
1.931100e-09
1.799116e-09
1.671652e-09
1.549558e-09
1.433291e-09
1.323038e-09
1.218793e-09
1.120421e-09
1.027698e-09
9.403426e-10
8.580370e-10
7.804427e-10
7.072109e-10
6.379900e-10
5.724306e-10
5.101884e-10
4.509262e-10
3.943152e-10
3.400350e-10
2.877736e-10
2.372268e-10
1.880973e-10
1.400942e-10
9.293131e-11
4.632647e-11
0.000000e+00
-0.000000e+00
5.430353e-10
1.044876e-09
1.474001e-09
1.813353e-09
2.059652e-09
2.219561e-09
2.305260e-09
2.330860e-09
2.310085e-09
2.255047e-09
2.175802e-09
2.080347e-09
1.974847e-09
1.863931e-09
1.751001e-09
1.638500e-09
1.528138e-09
1.421073e-09
1.318048e-09
1.219505e-09
1.125659e-09
1.036566e-09
9.521626e-10
8.723063e-10
7.967955e-10
7.253907e-10
6.578274e-10
5.938258e-10
5.330984e-10
4.753545e-10
4.203036e-10
3.676581e-10
3.171342e-10
2.684529e-10
2.213399e-10
1.755257e-10
1.307449e-10
8.673601e-11
4.324002e-11
0.000000e+00
-0.000000e+00
4.286168e-10
8.298892e-10
1.181734e-09
1.470419e-09
1.690891e-09
1.845137e-09
1.939771e-09
1.983758e-09
1.986685e-09
1.957655e-09
1.904708e-09
1.834602e-09
1.752815e-09
1.663664e-09
1.570472e-09
1.475745e-09
1.381328e-09
1.288546e-09
1.198325e-09
1.111274e-09
1.027773e-09
9.480197e-10
8.720806e-10
7.999244e-10
7.314480e-10
6.664974e-10
6.048821e-10
5.463875e-10
4.907828e-10
4.378275e-10
3.872756e-10
3.388793e-10
2.923909e-10
2.475638e-10
2.041542e-10
1.619205e-10
1.206239e-10
8.002779e-11
3.989759e-11
0.000000e+00
-0.000000e+00
3.415429e-10
6.643303e-10
9.526258e-10
1.195697e-09
1.388358e-09
1.530324e-09
1.624928e-09
1.677716e-09
1.695241e-09
1.684180e-09
1.650774e-09
1.600539e-09
1.538147e-09
1.467437e-09
1.391479e-09
1.312680e-09
1.232881e-09
1.153461e-09
1.075429e-09
9.994951e-10
9.261391e-10
8.556593e-10
7.882157e-10
7.238626e-10
6.625749e-10
6.042685e-10
5.488161e-10
4.960593e-10
4.458179e-10
3.978970e-10
3.520920e-10
3.081928e-10
2.659860e-10
2.252574e-10
1.857926e-10
1.473783e-10
1.098023e-10
7.285365e-11
3.632255e-11
0.000000e+00
-0.000000e+00
2.732243e-10
5.332634e-10
7.687426e-10
9.713848e-10
1.136519e-09
1.262873e-09
1.351901e-09
1.406938e-09
1.432385e-09
1.433048e-09
1.413670e-09
1.378633e-09
1.331798e-09
1.276456e-09
1.215329e-09
1.150615e-09
1.084054e-09
1.016988e-09
9.504344e-10
8.851381e-10
8.216288e-10
7.602629e-10
7.012604e-10
6.447354e-10
5.907205e-10
5.391858e-10
4.900546e-10
4.432157e-10
3.985325e-10
3.558505e-10
3.150027e-10
2.758138e-10
2.381031e-10
2.016871e-10
1.663805e-10
1.319978e-10
9.835337e-11
6.526197e-11
3.253895e-11
0.000000e+00
-0.000000e+00
2.180908e-10
4.267564e-10
6.176964e-10
7.845807e-10
9.234612e-10
1.032747e-09
1.112865e-09
1.165750e-09
1.194311e-09
1.201957e-09
1.192226e-09
1.168523e-09
1.133956e-09
1.091261e-09
1.042764e-09
9.903989e-10
9.357313e-10
8.800044e-10
8.241823e-10
7.689941e-10
7.149753e-10
6.625029e-10
6.118274e-10
5.630983e-10
5.163859e-10
4.716994e-10
4.290007e-10
3.882163e-10
3.492459e-10
3.119699e-10
2.762546e-10
2.419565e-10
2.089255e-10
1.770073e-10
1.460446e-10
1.158791e-10
8.635135e-11
5.730192e-11
2.857128e-11
0.000000e+00
-0.000000e+00
1.723824e-10
3.379752e-10
4.907057e-10
6.257806e-10
7.399974e-10
8.317906e-10
9.010627e-10
9.488853e-10
9.771516e-10
9.882443e-10
9.847555e-10
9.692750e-10
9.442438e-10
9.118667e-10
8.740688e-10
8.324845e-10
7.884679e-10
7.431156e-10
6.972961e-10
6.516809e-10
6.067752e-10
5.629461e-10
5.204481e-10
4.794443e-10
4.400254e-10
4.022252e-10
3.660327e-10
3.314029e-10
2.982649e-10
2.665285e-10
2.360892e-10
2.068321e-10
1.786353e-10
1.513718e-10
1.249117e-10
9.912255e-11
7.387104e-11
4.902307e-11
2.444424e-11
0.000000e+00
-0.000000e+00
1.334636e-10
2.620563e-10
3.813707e-10
4.878384e-10
5.789573e-10
6.533548e-10
7.107097e-10
7.515772e-10
7.771661e-10
7.891125e-10
7.892764e-10
7.795780e-10
7.618772e-10
7.378934e-10
7.091597e-10
6.770024e-10
6.425402e-10
6.066941e-10
5.702057e-10
5.336582e-10
4.974984e-10
4.620584e-10
4.275745e-10
3.942053e-10
3.620464e-10
3.311432e-10
3.015019e-10
2.730977e-10
2.458824e-10
2.197902e-10
1.947415e-10
1.706473e-10
1.474116e-10
1.249332e-10
1.031077e-10
8.182837e-11
6.098718e-11
4.047509e-11
2.018261e-11
0.000000e+00
-0.000000e+00
9.941576e-11
1.954156e-10
2.848825e-10
3.652452e-10
4.346385e-10
4.919614e-10
5.368442e-10
5.695476e-10
5.908231e-10
6.017632e-10
6.036596e-10
5.978835e-10
5.857935e-10
5.686701e-10
5.476740e-10
5.238254e-10
4.979964e-10
4.709148e-10
4.431743e-10
4.152476e-10
3.875020e-10
3.602144e-10
3.335863e-10
3.077561e-10
2.828116e-10
2.587995e-10
2.357339e-10
2.136035e-10
1.923770e-10
1.720082e-10
1.524393e-10
1.336042e-10
1.154306e-10
9.784160e-11
8.075745e-11
6.409611e-11
4.777421e-11
3.170749e-11
1.581112e-11
0.000000e+00
-0.000000e+00
6.878378e-11
1.353080e-10
1.974983e-10
2.536214e-10
3.023902e-10
3.430082e-10
3.751582e-10
3.989457e-10
4.148156e-10
4.234578e-10
4.257152e-10
4.225028e-10
4.147434e-10
4.033193e-10
3.890409e-10
3.726287e-10
3.547050e-10
3.357946e-10
3.163292e-10
2.966560e-10
2.770475e-10
2.577112e-10
2.388000e-10
2.204211e-10
2.026444e-10
1.855093e-10
1.690309e-10
1.532053e-10
1.380139e-10
1.234262e-10
1.094033e-10
9.589963e-11
8.286488e-11
7.024523e-11
5.798440e-11
4.602440e-11
3.430607e-11
2.276953e-11
1.135438e-11
0.000000e+00
-0.000000e+00
4.041139e-11
7.953427e-11
1.161812e-10
1.493519e-10
1.782925e-10
2.025231e-10
2.218347e-10
2.362614e-10
2.460357e-10
2.515371e-10
2.532404e-10
2.516693e-10
2.473580e-10
2.408227e-10
2.325417e-10
2.229434e-10
2.124005e-10
2.012293e-10
1.896918e-10
1.779998e-10
1.663207e-10
1.547827e-10
1.434814e-10
1.324841e-10
1.218357e-10
1.115622e-10
1.016749e-10
9.217312e-11
8.304699e-11
7.427946e-11
6.584805e-11
5.772614e-11
4.988409e-11
4.229004e-11
3.491053e-11
2.771101e-11
2.065616e-11
1.371016e-11
6.836880e-12
0.000000e+00
-0.000000e+00
1.332750e-11
2.623647e-11
3.834048e-11
4.931263e-11
5.890479e-11
6.695683e-11
7.339621e-11
7.822952e-11
8.152869e-11
8.341455e-11
8.404021e-11
8.357593e-11
8.219654e-11
8.007183e-11
7.735982e-11
7.420259e-11
7.072425e-11
6.703042e-11
6.320887e-11
5.933081e-11
5.545263e-11
5.161778e-11
4.785862e-11
4.419823e-11
4.065200e-11
3.722903e-11
3.393343e-11
3.076527e-11
2.772149e-11
2.479662e-11
2.198330e-11
1.927279e-11
1.665531e-11
1.412030e-11
1.165668e-11
9.252956e-12
6.897395e-12
4.578078e-12
2.282977e-12
0.000000e+00
-0.000000e+00
-1.333785e-11
-2.625636e-11
-3.836842e-11
-4.934667e-11
-5.894280e-11
-6.699675e-11
-7.343624e-11
-7.826822e-11
-8.156500e-11
-8.344781e-11
-8.407009e-11
-8.360234e-11
-8.221958e-11
-8.009172e-11
-7.737685e-11
-7.421707e-11
-7.073651e-11
-6.704076e-11
-6.321756e-11
-5.933809e-11
-5.545873e-11
-5.162288e-11
-4.786289e-11
-4.420179e-11
-4.065497e-11
-3.723151e-11
-3.393549e-11
-3.076698e-11
-2.772291e-11
-2.479779e-11
-2.198426e-11
-1.927358e-11
-1.665595e-11
-1.412082e-11
-1.165708e-11
-9.253261e-12
-6.897615e-12
-4.578221e-12
-2.283048e-12
0.000000e+00
-0.000000e+00
-4.042255e-11
-7.955566e-11
-1.162111e-10
-1.493881e-10
-1.783326e-10
-2.025648e-10
-2.218762e-10
-2.363011e-10
-2.460727e-10
-2.515707e-10
-2.532704e-10
-2.516956e-10
-2.473808e-10
-2.408423e-10
-2.325584e-10
-2.229575e-10
-2.124125e-10
-2.012394e-10
-1.897002e-10
-1.780069e-10
-1.663266e-10
-1.547877e-10
-1.434855e-10
-1.324876e-10
-1.218386e-10
-1.115646e-10
-1.016769e-10
-9.217478e-11
-8.304836e-11
-7.428059e-11
-6.584898e-11
-5.772690e-11
-4.988471e-11
-4.229053e-11
-3.491092e-11
-2.771131e-11
-2.065637e-11
-1.371030e-11
-6.836948e-12
0.000000e+00
-0.000000e+00
-6.879671e-11
-1.353326e-10
-1.975323e-10
-2.536621e-10
-3.024345e-10
-3.430537e-10
-3.752026e-10
-3.989875e-10
-4.148538e-10
-4.234920e-10
-4.257452e-10
-4.225289e-10
-4.147657e-10
-4.033383e-10
-3.890570e-10
-3.726422e-10
-3.547164e-10
-3.358041e-10
-3.163371e-10
-2.966627e-10
-2.770530e-10
-2.577158e-10
-2.388038e-10
-2.204244e-10
-2.026471e-10
-1.855115e-10
-1.690327e-10
-1.532069e-10
-1.380152e-10
-1.234273e-10
-1.094042e-10
-9.590034e-11
-8.286545e-11
-7.024569e-11
-5.798476e-11
-4.602467e-11
-3.430627e-11
-2.276965e-11
-1.135444e-11
0.000000e+00
-0.000000e+00
-9.943169e-11
-1.954457e-10
-2.849235e-10
-3.652933e-10
-4.346899e-10
-4.920128e-10
-5.368931e-10
-5.695924e-10
-5.908631e-10
-6.017982e-10
-6.036896e-10
-5.979090e-10
-5.858150e-10
-5.686880e-10
-5.476890e-10
-5.238379e-10
-4.980068e-10
-4.709235e-10
-4.431815e-10
-4.152536e-10
-3.875070e-10
-3.602186e-10
-3.335897e-10
-3.077590e-10
-2.828140e-10
-2.588015e-10
-2.357356e-10
-2.136049e-10
-1.923781e-10
-1.720091e-10
-1.524401e-10
-1.336048e-10
-1.154311e-10
-9.784202e-11
-8.075777e-11
-6.409635e-11
-4.777439e-11
-3.170760e-11
-1.581118e-11
0.000000e+00
-0.000000e+00
-1.334844e-10
-2.620950e-10
-3.814225e-10
-4.878978e-10
-5.790188e-10
-6.534144e-10
-7.107646e-10
-7.516259e-10
-7.772081e-10
-7.891480e-10
-7.893060e-10
-7.796024e-10
-7.618973e-10
-7.379099e-10
-7.091732e-10
-6.770135e-10
-6.425493e-10
-6.067016e-10
-5.702119e-10
-5.336633e-10
-4.975027e-10
-4.620619e-10
-4.275775e-10
-3.942078e-10
-3.620485e-10
-3.311450e-10
-3.015033e-10
-2.730989e-10
-2.458834e-10
-2.197910e-10
-1.947421e-10
-1.706479e-10
-1.474120e-10
-1.249335e-10
-1.031079e-10
-8.182858e-11
-6.098732e-11
-4.047518e-11
-2.018266e-11
0.000000e+00
-0.000000e+00
-1.724108e-10
-3.380274e-10
-4.907740e-10
-6.258564e-10
-7.400734e-10
-8.318613e-10
-9.011252e-10
-9.489384e-10
-9.771954e-10
-9.882797e-10
-9.847839e-10
-9.692975e-10
-9.442617e-10
-9.118810e-10
-8.740802e-10
-8.324937e-10
-7.884754e-10
-7.431217e-10
-6.973011e-10
-6.516850e-10
-6.067786e-10
-5.629490e-10
-5.204504e-10
-4.794462e-10
-4.400271e-10
-4.022265e-10
-3.660338e-10
-3.314038e-10
-2.982657e-10
-2.665292e-10
-2.360897e-10
-2.068325e-10
-1.786356e-10
-1.513721e-10
-1.249119e-10
-9.912270e-11
-7.387115e-11
-4.902314e-11
-2.444428e-11
0.000000e+00
-0.000000e+00
-2.181314e-10
-4.268297e-10
-6.177896e-10
-7.846805e-10
-9.235569e-10
-1.032832e-09
-1.112936e-09
-1.165807e-09
-1.194356e-09
-1.201992e-09
-1.192252e-09
-1.168542e-09
-1.133971e-09
-1.091272e-09
-1.042773e-09
-9.904058e-10
-9.357367e-10
-8.800088e-10
-8.241858e-10
-7.689971e-10
-7.149777e-10
-6.625049e-10
-6.118291e-10
-5.630996e-10
-5.163871e-10
-4.717004e-10
-4.290015e-10
-3.882170e-10
-3.492465e-10
-3.119703e-10
-2.762549e-10
-2.419568e-10
-2.089258e-10
-1.770075e-10
-1.460448e-10
-1.158792e-10
-8.635143e-11
-5.730197e-11
-2.857130e-11
0.000000e+00
-0.000000e+00
-2.732851e-10
-5.333706e-10
-7.688740e-10
-9.715192e-10
-1.136641e-09
-1.262975e-09
-1.351981e-09
-1.406998e-09
-1.432428e-09
-1.433079e-09
-1.413692e-09
-1.378647e-09
-1.331808e-09
-1.276463e-09
-1.215334e-09
-1.150619e-09
-1.084057e-09
-1.016991e-09
-9.504364e-10
-8.851397e-10
-8.216302e-10
-7.602640e-10
-7.012613e-10
-6.447362e-10
-5.907211e-10
-5.391863e-10
-4.900550e-10
-4.432160e-10
-3.985328e-10
-3.558508e-10
-3.150029e-10
-2.758139e-10
-2.381032e-10
-2.016872e-10
-1.663806e-10
-1.319979e-10
-9.835340e-11
-6.526199e-11
-3.253896e-11
0.000000e+00
-0.000000e+00
-3.416385e-10
-6.644936e-10
-9.528168e-10
-1.195881e-09
-1.388514e-09
-1.530445e-09
-1.625015e-09
-1.677776e-09
-1.695280e-09
-1.684204e-09
-1.650789e-09
-1.600547e-09
-1.538152e-09
-1.467439e-09
-1.391481e-09
-1.312681e-09
-1.232881e-09
-1.153461e-09
-1.075429e-09
-9.994953e-10
-9.261393e-10
-8.556595e-10
-7.882159e-10
-7.238628e-10
-6.625750e-10
-6.042686e-10
-5.488162e-10
-4.960594e-10
-4.458179e-10
-3.978970e-10
-3.520920e-10
-3.081928e-10
-2.659860e-10
-2.252574e-10
-1.857926e-10
-1.473783e-10
-1.098023e-10
-7.285365e-11
-3.632254e-11
0.000000e+00
-0.000000e+00
-4.287753e-10
-8.301484e-10
-1.182019e-09
-1.470673e-09
-1.691089e-09
-1.845275e-09
-1.939859e-09
-1.983810e-09
-1.986712e-09
-1.957667e-09
-1.904712e-09
-1.834602e-09
-1.752812e-09
-1.663660e-09
-1.570469e-09
-1.475742e-09
-1.381325e-09
-1.288545e-09
-1.198323e-09
-1.111273e-09
-1.027772e-09
-9.480189e-10
-8.720800e-10
-7.999239e-10
-7.314476e-10
-6.664970e-10
-6.048818e-10
-5.463873e-10
-4.907826e-10
-4.378273e-10
-3.872754e-10
-3.388792e-10
-2.923907e-10
-2.475637e-10
-2.041541e-10
-1.619204e-10
-1.206238e-10
-8.002775e-11
-3.989757e-11
0.000000e+00
-0.000000e+00
-5.433144e-10
-1.045306e-09
-1.474436e-09
-1.813705e-09
-2.059895e-09
-2.219707e-09
-2.305336e-09
-2.330892e-09
-2.310091e-09
-2.255041e-09
-2.175790e-09
-2.080335e-09
-1.974835e-09
-1.863921e-09
-1.750993e-09
-1.638493e-09
-1.528133e-09
-1.421069e-09
-1.318045e-09
-1.219502e-09
-1.125657e-09
-1.036564e-09
-9.521613e-10
-8.723052e-10
-7.967946e-10
-7.253900e-10
-6.578267e-10
-5.938253e-10
-5.330980e-10
-4.753541e-10
-4.203032e-10
-3.676578e-10
-3.171340e-10
-2.684527e-10
-2.213397e-10
-1.755255e-10
-1.307448e-10
-8.673595e-11
-4.323999e-11
0.000000e+00
-0.000000e+00
-6.991764e-10
-1.333325e-09
-1.856714e-09
-2.249816e-09
-2.515078e-09
-2.668323e-09
-2.730885e-09
-2.724331e-09
-2.667720e-09
-2.576614e-09
-2.463074e-09
-2.336112e-09
-2.202273e-09
-2.066195e-09
-1.931087e-09
-1.799106e-09
-1.671645e-09
-1.549552e-09
-1.433286e-09
-1.323034e-09
-1.218790e-09
-1.120419e-09
-1.027696e-09
-9.403409e-10
-8.580356e-10
-7.804415e-10
-7.072099e-10
-6.379892e-10
-5.724299e-10
-5.101878e-10
-4.509257e-10
-3.943148e-10
-3.400347e-10
-2.877733e-10
-2.372265e-10
-1.880971e-10
-1.400940e-10
-9.293122e-11
-4.632643e-11
0.000000e+00
-0.000000e+00
-9.200657e-10
-1.732105e-09
-2.369277e-09
-2.813769e-09
-3.082276e-09
-3.207624e-09
-3.225550e-09
-3.167826e-09
-3.059845e-09
-2.920622e-09
-2.763780e-09
-2.598767e-09
-2.431949e-09
-2.267500e-09
-2.108056e-09
-1.955197e-09
-1.809788e-09
-1.672208e-09
-1.542515e-09
-1.420558e-09
-1.306050e-09
-1.198624e-09
-1.097863e-09
-1.003327e-09
-9.145654e-10
-8.311305e-10
-7.525821e-10
-6.784917e-10
-6.084447e-10
-5.420414e-10
-4.788969e-10
-4.186410e-10
-3.609166e-10
-3.053794e-10
-2.516959e-10
-1.995424e-10
-1.486030e-10
-9.856846e-11
-4.913451e-11
0.000000e+00
-0.000000e+00
-1.248981e-09
-2.305754e-09
-3.074520e-09
-3.553705e-09
-3.792635e-09
-3.854345e-09
-3.795866e-09
-3.661579e-09
-3.483213e-09
-3.282247e-09
-3.072658e-09
-2.863225e-09
-2.659258e-09
-2.463800e-09
-2.278438e-09
-2.103840e-09
-1.940103e-09
-1.786977e-09
-1.644007e-09
-1.510631e-09
-1.386229e-09
-1.270165e-09
-1.161806e-09
-1.060538e-09
-9.657684e-10
-8.769331e-10
-7.934963e-10
-7.149508e-10
-6.408158e-10
-5.706361e-10
-5.039797e-10
-4.404355e-10
-3.796114e-10
-3.211318e-10
-2.646355e-10
-2.097735e-10
-1.562070e-10
-1.036052e-10
-5.164313e-11
0.000000e+00
-0.000000e+00
-1.770104e-09
-3.167410e-09
-4.069345e-09
-4.533895e-09
-4.680215e-09
-4.621255e-09
-4.441989e-09
-4.199411e-09
-3.929179e-09
-3.652497e-09
-3.381379e-09
-3.122217e-09
-2.878057e-09
-2.650003e-09
-2.438056e-09
-2.241622e-09
-2.059807e-09
-1.891588e-09
-1.735907e-09
-1.591730e-09
-1.458070e-09
-1.334000e-09
-1.218659e-09
-1.111251e-09
-1.011037e-09
-9.173370e-10
-8.295195e-10
-7.469993e-10
-6.692316e-10
-5.957076e-10
-5.259502e-10
-4.595100e-10
-3.959617e-10
-3.349008e-10
-2.759406e-10
-2.187091e-10
-1.628464e-10
-1.080021e-10
-5.383284e-11
0.000000e+00
-0.000000e+00
-2.664025e-09
-4.524436e-09
-5.501554e-09
-5.832315e-09
-5.773074e-09
-5.508472e-09
-5.151425e-09
-4.764896e-09
-4.381596e-09
-4.017184e-09
-3.678144e-09
-3.366206e-09
-3.080752e-09
-2.820099e-09
-2.582160e-09
-2.364785e-09
-2.165916e-09
-1.983660e-09
-1.816304e-09
-1.662313e-09
-1.520320e-09
-1.389105e-09
-1.267580e-09
-1.154768e-09
-1.049792e-09
-9.518582e-10
-8.602453e-10
-7.742952e-10
-6.934037e-10
-6.170126e-10
-5.446036e-10
-4.756926e-10
-4.098246e-10
-3.465692e-10
-2.855171e-10
-2.262759e-10
-1.684673e-10
-1.117239e-10
-5.568618e-11
0.000000e+00
-0.000000e+00
-4.361560e-09
-6.764754e-09
-7.580123e-09
-7.520736e-09
-7.071296e-09
-6.488132e-09
-5.890342e-09
-5.327154e-09
-4.815123e-09
-4.356498e-09
-3.947807e-09
-3.583711e-09
-3.258647e-09
-2.967480e-09
-2.705700e-09
-2.469440e-09
-2.255414e-09
-2.060834e-09
-1.883334e-09
-1.720897e-09
-1.571791e-09
-1.434521e-09
-1.307788e-09
-1.190451e-09
-1.081506e-09
-9.800583e-10
-8.853081e-10
-7.965327e-10
-7.130754e-10
-6.343354e-10
-5.597590e-10
-4.888322e-10
-4.210747e-10
-3.560344e-10
-2.932826e-10
-2.324101e-10
-1.730231e-10
-1.147400e-10
-5.718797e-11
0.000000e+00
-0.000000e+00
-8.017462e-09
-1.059290e-08
-1.053345e-08
-9.599211e-09
-8.503240e-09
-7.482420e-09
-6.594656e-09
-5.838256e-09
-5.195244e-09
-4.645877e-09
-4.172877e-09
-3.762184e-09
-3.402646e-09
-3.085473e-09
-2.803721e-09
-2.551863e-09
-2.325464e-09
-2.120926e-09
-1.935303e-09
-1.766151e-09
-1.611427e-09
-1.469402e-09
-1.338598e-09
-1.217741e-09
-1.105721e-09
-1.001561e-09
-9.043963e-10
-8.134520e-10
-7.280298e-10
-6.474947e-10
-5.712648e-10
-4.988026e-10
-4.296077e-10
-3.632110e-10
-2.991689e-10
-2.370588e-10
-1.764751e-10
-1.170251e-10
-5.832567e-11
0.000000e+00
-0.000000e+00
-1.711539e-08
-1.705592e-08
-1.436156e-08
-1.183942e-08
-9.860034e-09
-8.343650e-09
-7.167607e-09
-6.235971e-09
-5.481721e-09
-4.858889e-09
-4.335638e-09
-3.889502e-09
-3.504280e-09
-3.168047e-09
-2.871847e-09
-2.608827e-09
-2.373652e-09
-2.162105e-09
-1.970799e-09
-1.796976e-09
-1.638363e-09
-1.493060e-09
-1.359461e-09
-1.236195e-09
-1.122076e-09
-1.016069e-09
-9.172640e-10
-8.248492e-10
-7.380970e-10
-6.563488e-10
-5.790029e-10
-5.055055e-10
-4.353425e-10
-3.680330e-10
-3.031231e-10
-2.401811e-10
-1.787933e-10
-1.185595e-10
-5.908962e-11
0.000000e+00
-4.344765e-08
-4.338818e-08
-2.615384e-08
-1.801743e-08
-1.353689e-08
-1.075382e-08
-8.864540e-09
-7.496149e-09
-6.456300e-09
-5.636780e-09
-4.972319e-09
-4.421287e-09
-3.955904e-09
-3.556924e-09
-3.210588e-09
-2.906793e-09
-2.637944e-09
-2.398213e-09
-2.183043e-09
-1.988812e-09
-1.812593e-09
-1.651990e-09
-1.505014e-09
-1.369992e-09
-1.245502e-09
-1.130318e-09
-1.023376e-09
-9.237413e-10
-8.305836e-10
-7.431604e-10
-6.608006e-10
-5.828925e-10
-5.088740e-10
-4.382240e-10
-3.704554e-10
-3.051093e-10
-2.417493e-10
-1.799576e-10
-1.193301e-10
-5.947325e-11
0.000000e+00
