-0.000000e+00
-0.000000e+00
-0.000000e+00
-0.000000e+00
-0.000000e+00
-0.000000e+00
-0.000000e+00
-0.000000e+00
-0.000000e+00
-0.000000e+00
-0.000000e+00
-0.000000e+00
-0.000000e+00
-0.000000e+00
-0.000000e+00
-0.000000e+00
-0.000000e+00
-0.000000e+00
-0.000000e+00
-0.000000e+00
-0.000000e+00
-0.000000e+00
-0.000000e+00
-0.000000e+00
-0.000000e+00
-0.000000e+00
-0.000000e+00
-0.000000e+00
-0.000000e+00
-0.000000e+00
-0.000000e+00
-0.000000e+00
-0.000000e+00
-0.000000e+00
-0.000000e+00
-0.000000e+00
-0.000000e+00
-0.000000e+00
-0.000000e+00
-0.000000e+00
3.806359e-08
1.668389e-08
8.008700e-09
4.433933e-09
2.767637e-09
1.884019e-09
1.366428e-09
1.039045e-09
8.191625e-10
6.642910e-10
5.509459e-10
4.653381e-10
3.989562e-10
3.463228e-10
3.037878e-10
2.688449e-10
2.397291e-10
2.151690e-10
1.942314e-10
1.762191e-10
1.606029e-10
1.469763e-10
1.350222e-10
1.244911e-10
1.151843e-10
1.069421e-10
9.963521e-11
9.315794e-11
8.742346e-11
8.236007e-11
7.790828e-11
7.401867e-11
7.065016e-11
6.776871e-11
6.534628e-11
6.336006e-11
6.179185e-11
6.062758e-11
5.985699e-11
5.947335e-11
2.515264e-08
1.732121e-08
1.084920e-08
6.996984e-09
4.756413e-09
3.402184e-09
2.542652e-09
1.970589e-09
1.573314e-09
1.287056e-09
1.074154e-09
9.114504e-10
7.841638e-10
6.825473e-10
5.999834e-10
5.318628e-10
4.749023e-10
4.267156e-10
3.855377e-10
3.500418e-10
3.192164e-10
2.922799e-10
2.686213e-10
2.477578e-10
2.293039e-10
2.129490e-10
1.984408e-10
1.855731e-10
1.741758e-10
1.641085e-10
1.552544e-10
1.475162e-10
1.408133e-10
1.350784e-10
1.302563e-10
1.263021e-10
1.231798e-10
1.208615e-10
1.193270e-10
1.185631e-10
1.818716e-08
1.475756e-08
1.091417e-08
7.943189e-09
5.858821e-09
4.425654e-09
3.431410e-09
2.727345e-09
2.216449e-09
1.836463e-09
1.547166e-09
1.322145e-09
1.143701e-09
9.997192e-10
8.817356e-10
7.837208e-10
7.013016e-10
6.312534e-10
5.711619e-10
5.191942e-10
4.739410e-10
4.343056e-10
3.994255e-10
3.686150e-10
3.413245e-10
3.171090e-10
2.956060e-10
2.765177e-10
2.595983e-10
2.446438e-10
2.314845e-10
2.199787e-10
2.100083e-10
2.014752e-10
1.942986e-10
1.884123e-10
1.837636e-10
1.803116e-10
1.780265e-10
1.768888e-10
1.397780e-08
1.232438e-08
1.008590e-08
8.001997e-09
6.310009e-09
5.010202e-09
4.029987e-09
3.290932e-09
2.728674e-09
2.295181e-09
1.955901e-09
1.686264e-09
1.468776e-09
1.290893e-09
1.143519e-09
1.019983e-09
9.153300e-10
8.258346e-10
7.486622e-10
6.816321e-10
6.230477e-10
5.715761e-10
5.261599e-10
4.859524e-10
4.502700e-10
4.185567e-10
3.903564e-10
3.652934e-10
3.430558e-10
3.233840e-10
3.060611e-10
2.909056e-10
2.777659e-10
2.665157e-10
2.570505e-10
2.492849e-10
2.431507e-10
2.385948e-10
2.355787e-10
2.340769e-10
1.133738e-08
1.045522e-08
9.101756e-09
7.668844e-09
6.369017e-09
5.275158e-09
4.387404e-09
3.677720e-09
3.112136e-09
2.659686e-09
2.294994e-09
1.998232e-09
1.754248e-09
1.551557e-09
1.381464e-09
1.237362e-09
1.114201e-09
1.008093e-09
9.160204e-10
8.356241e-10
7.650415e-10
7.027913e-10
6.476856e-10
5.987645e-10
5.552466e-10
5.164911e-10
4.819697e-10
4.512437e-10
4.239476e-10
3.997753e-10
3.784703e-10
3.598168e-10
3.436341e-10
3.297712e-10
3.181027e-10
3.085262e-10
3.009593e-10
2.953383e-10
2.916165e-10
2.897631e-10
9.573758e-09
9.056435e-09
8.197013e-09
7.202605e-09
6.222057e-09
5.334010e-09
4.566749e-09
3.920411e-09
3.382461e-09
2.936435e-09
2.566156e-09
2.257422e-09
1.998425e-09
1.779623e-09
1.593419e-09
1.433801e-09
1.296019e-09
1.176314e-09
1.071703e-09
9.798026e-10
8.987030e-10
8.268620e-10
7.630267e-10
7.061735e-10
6.554606e-10
6.101916e-10
5.697875e-10
5.337641e-10
5.017154e-10
4.732995e-10
4.482278e-10
4.262571e-10
4.071825e-10
3.908321e-10
3.770630e-10
3.657578e-10
3.568221e-10
3.501827e-10
3.457858e-10
3.435961e-10
8.327254e-09
7.999722e-09
7.427253e-09
6.722507e-09
5.982597e-09
5.272077e-09
4.625172e-09
4.054713e-09
3.560863e-09
3.137435e-09
2.775774e-09
2.466876e-09
2.202407e-09
1.975092e-09
1.778788e-09
1.608404e-09
1.459759e-09
1.329443e-09
1.214674e-09
1.113180e-09
1.023106e-09
9.429268e-10
8.713857e-10
8.074423e-10
7.502307e-10
6.990273e-10
6.532244e-10
6.123099e-10
5.758506e-10
5.434793e-10
5.148844e-10
4.898014e-10
4.680068e-10
4.493119e-10
4.335594e-10
4.206198e-10
4.103887e-10
4.027846e-10
3.977479e-10
3.952393e-10
7.408276e-09
7.187946e-09
6.789771e-09
6.277574e-09
5.713745e-09
5.146527e-09
4.607151e-09
4.112405e-09
3.668843e-09
3.276670e-09
2.932629e-09
2.631902e-09
2.369234e-09
2.139549e-09
1.938238e-09
1.761266e-09
1.605171e-09
1.467026e-09
1.344368e-09
1.235139e-09
1.137614e-09
1.050353e-09
9.721471e-10
9.019791e-10
8.389926e-10
7.824624e-10
7.317731e-10
6.864005e-10
6.458978e-10
6.098827e-10
5.780289e-10
5.500575e-10
5.257312e-10
5.048491e-10
4.872430e-10
4.727735e-10
4.613281e-10
4.528192e-10
4.471819e-10
4.443738e-10
6.709628e-09
6.554015e-09
6.266311e-09
5.884272e-09
5.448284e-09
4.993134e-09
4.544499e-09
4.118912e-09
3.725434e-09
3.367771e-09
3.046171e-09
2.758869e-09
2.503078e-09
2.275631e-09
2.073350e-09
1.893250e-09
1.732635e-09
1.589120e-09
1.460635e-09
1.345392e-09
1.241859e-09
1.148725e-09
1.064870e-09
9.893346e-10
9.212982e-10
8.600568e-10
8.050048e-10
7.556213e-10
7.114572e-10
6.721250e-10
6.372911e-10
6.066685e-10
5.800114e-10
5.571105e-10
5.377898e-10
5.219029e-10
5.093313e-10
4.999820e-10
4.937867e-10
4.907003e-10
6.166592e-09
6.052174e-09
5.837187e-09
5.544920e-09
5.201985e-09
4.833225e-09
4.458800e-09
4.093311e-09
3.746209e-09
3.422809e-09
3.125417e-09
2.854323e-09
2.608578e-09
2.386547e-09
2.186280e-09
2.005751e-09
1.842996e-09
1.696186e-09
1.563659e-09
1.443936e-09
1.335705e-09
1.237819e-09
1.149273e-09
1.069191e-09
9.968090e-10
9.314615e-10
8.725682e-10
8.196229e-10
7.721845e-10
7.298689e-10
6.923419e-10
6.593140e-10
6.305352e-10
6.057918e-10
5.849028e-10
5.677171e-10
5.541120e-10
5.439909e-10
5.372827e-10
5.339403e-10
5.737975e-09
5.650901e-09
5.485342e-09
5.256235e-09
4.981513e-09
4.678979e-09
4.364167e-09
4.049324e-09
3.743282e-09
3.451839e-09
3.178363e-09
2.924429e-09
2.690366e-09
2.475698e-09
2.279471e-09
2.100478e-09
1.937414e-09
1.788967e-09
1.653881e-09
1.530986e-09
1.419206e-09
1.317572e-09
1.225212e-09
1.141347e-09
1.065285e-09
9.964122e-10
9.341834e-10
8.781174e-10
8.277892e-10
7.828243e-10
7.428938e-10
7.077102e-10
6.770237e-10
6.506189e-10
6.283124e-10
6.099508e-10
5.954086e-10
5.845870e-10
5.774129e-10
5.738378e-10
5.396433e-09
5.328114e-09
5.197047e-09
5.013164e-09
4.788852e-09
4.537013e-09
4.269562e-09
3.996535e-09
3.725757e-09
3.462900e-09
3.211769e-09
2.974664e-09
2.752758e-09
2.546409e-09
2.355428e-09
2.179278e-09
2.017213e-09
1.868386e-09
1.731914e-09
1.606919e-09
1.492562e-09
1.388052e-09
1.292656e-09
1.205700e-09
1.126573e-09
1.054719e-09
9.896358e-10
9.308742e-10
8.780306e-10
8.307452e-10
7.886987e-10
7.516094e-10
7.192304e-10
6.913475e-10
6.677772e-10
6.483651e-10
6.329846e-10
6.215357e-10
6.139440e-10
6.101604e-10
5.123208e-09
5.068075e-09
4.961568e-09
4.810522e-09
4.623718e-09
4.410660e-09
4.180534e-09
3.941499e-09
3.700310e-09
3.462237e-09
3.231146e-09
3.009702e-09
2.799592e-09
2.601751e-09
2.416555e-09
2.243991e-09
2.083774e-09
1.935452e-09
1.798468e-09
1.672216e-09
1.556072e-09
1.449418e-09
1.351658e-09
1.262225e-09
1.180588e-09
1.106253e-09
1.038767e-09
9.777131e-10
9.227138e-10
8.734272e-10
8.295465e-10
7.907984e-10
7.569411e-10
7.277635e-10
7.030837e-10
6.827478e-10
6.666291e-10
6.546270e-10
6.466670e-10
6.426993e-10
4.905117e-09
4.859409e-09
4.770628e-09
4.643637e-09
4.484837e-09
4.301373e-09
4.100416e-09
3.888614e-09
3.671749e-09
3.454590e-09
3.240877e-09
3.033406e-09
2.834159e-09
2.644446e-09
2.465052e-09
2.296356e-09
2.138442e-09
1.991179e-09
1.854290e-09
1.727404e-09
1.610090e-09
1.501890e-09
1.402334e-09
1.310954e-09
1.227300e-09
1.150940e-09
1.081466e-09
1.018498e-09
9.616842e-10
9.107032e-10
8.652618e-10
8.250964e-10
7.899720e-10
7.596817e-10
7.340463e-10
7.129133e-10
6.961568e-10
6.836765e-10
6.753976e-10
6.712706e-10
4.732735e-09
4.693816e-09
4.617897e-09
4.508562e-09
4.370620e-09
4.209580e-09
4.031144e-09
3.840791e-09
3.643483e-09
3.443498e-09
3.244366e-09
3.048887e-09
2.859190e-09
2.676823e-09
2.502850e-09
2.337941e-09
2.182459e-09
2.036531e-09
1.900109e-09
1.773019e-09
1.654996e-09
1.545719e-09
1.444832e-09
1.351958e-09
1.266719e-09
1.188740e-09
1.117658e-09
1.053127e-09
9.948221e-10
9.424396e-10
8.957012e-10
8.543535e-10
8.181688e-10
7.869451e-10
7.605065e-10
7.387025e-10
7.214083e-10
7.085244e-10
6.999764e-10
6.957148e-10
4.599271e-09
4.565224e-09
4.498583e-09
4.402095e-09
4.279501e-09
4.135183e-09
3.973789e-09
3.799924e-09
3.617894e-09
3.431551e-09
3.244202e-09
3.058585e-09
2.876891e-09
2.700807e-09
2.531584e-09
2.370098e-09
2.216921e-09
2.072377e-09
1.936598e-09
1.809566e-09
1.691156e-09
1.581159e-09
1.479315e-09
1.385327e-09
1.298878e-09
1.219643e-09
1.147299e-09
1.081532e-09
1.022037e-09
9.685319e-10
9.207499e-10
8.784477e-10
8.414045e-10
8.094235e-10
7.823320e-10
7.599817e-10
7.422495e-10
7.290365e-10
7.202689e-10
7.158974e-10
4.499856e-09
4.469224e-09
4.409116e-09
4.321732e-09
4.210108e-09
4.077860e-09
3.928907e-09
3.767220e-09
3.596619e-09
3.420611e-09
3.242306e-09
3.064361e-09
2.888981e-09
2.717930e-09
2.552580e-09
2.393947e-09
2.242750e-09
2.099458e-09
1.964338e-09
1.837493e-09
1.718901e-09
1.608447e-09
1.505944e-09
1.411157e-09
1.323822e-09
1.243655e-09
1.170365e-09
1.103662e-09
1.043264e-09
9.889007e-10
9.403187e-10
8.972827e-10
8.595782e-10
8.270125e-10
7.994161e-10
7.766431e-10
7.585714e-10
7.451032e-10
7.361653e-10
7.317085e-10
4.431072e-09
4.402700e-09
4.346926e-09
4.265609e-09
4.161339e-09
4.037242e-09
3.896756e-09
3.743433e-09
3.580749e-09
3.411969e-09
3.240048e-09
3.067573e-09
2.896740e-09
2.729355e-09
2.566858e-09
2.410359e-09
2.260673e-09
2.118369e-09
1.983804e-09
1.857166e-09
1.738510e-09
1.627783e-09
1.524855e-09
1.429536e-09
1.341599e-09
1.260790e-09
1.186843e-09
1.119487e-09
1.058455e-09
1.003488e-09
9.543416e-10
9.107864e-10
8.726129e-10
8.396321e-10
8.116769e-10
7.886031e-10
7.702897e-10
7.566398e-10
7.475804e-10
7.430629e-10
4.390661e-09
4.363577e-09
4.310279e-09
4.232438e-09
4.132399e-09
4.013011e-09
3.877445e-09
3.729006e-09
3.570974e-09
3.406467e-09
3.238345e-09
3.069145e-09
2.901051e-09
2.735890e-09
2.575139e-09
2.419957e-09
2.271216e-09
2.129540e-09
1.995341e-09
1.868858e-09
1.750189e-09
1.639321e-09
1.536156e-09
1.440533e-09
1.352248e-09
1.271064e-09
1.196731e-09
1.128989e-09
1.067581e-09
1.012256e-09
9.627730e-10
9.189083e-10
8.804549e-10
8.472262e-10
8.190564e-10
7.958026e-10
7.773445e-10
7.635857e-10
7.544537e-10
7.498998e-10
4.377333e-09
4.350668e-09
4.298175e-09
4.221466e-09
4.122807e-09
4.004959e-09
3.871005e-09
3.724173e-09
3.567675e-09
3.404582e-09
3.237719e-09
3.069609e-09
2.902431e-09
2.738015e-09
2.577851e-09
2.423114e-09
2.274695e-09
2.133234e-09
1.999163e-09
1.872736e-09
1.754067e-09
1.643156e-09
1.539915e-09
1.444194e-09
1.355794e-09
1.274487e-09
1.200026e-09
1.132157e-09
1.070625e-09
1.015181e-09
9.655863e-10
9.216188e-10
8.830724e-10
8.497611e-10
8.215200e-10
7.982063e-10
7.797001e-10
7.659050e-10
7.567487e-10
7.521827e-10
4.390671e-09
4.363586e-09
4.310287e-09
4.232444e-09
4.132403e-09
4.013013e-09
3.877445e-09
3.729005e-09
3.570972e-09
3.406464e-09
3.238341e-09
3.069141e-09
2.901048e-09
2.735887e-09
2.575136e-09
2.419955e-09
2.271214e-09
2.129538e-09
1.995339e-09
1.868857e-09
1.750188e-09
1.639320e-09
1.536155e-09
1.440533e-09
1.352247e-09
1.271063e-09
1.196730e-09
1.128989e-09
1.067581e-09
1.012256e-09
9.627728e-10
9.189081e-10
8.804548e-10
8.472260e-10
8.190563e-10
7.958024e-10
7.773444e-10
7.635856e-10
7.544536e-10
7.498997e-10
4.431093e-09
4.402719e-09
4.346942e-09
4.265621e-09
4.161347e-09
4.037245e-09
3.896756e-09
3.743430e-09
3.580744e-09
3.411962e-09
3.240041e-09
3.067566e-09
2.896733e-09
2.729348e-09
2.566852e-09
2.410354e-09
2.260669e-09
2.118365e-09
1.983800e-09
1.857163e-09
1.738508e-09
1.627781e-09
1.524853e-09
1.429535e-09
1.341598e-09
1.260789e-09
1.186843e-09
1.119487e-09
1.058455e-09
1.003488e-09
9.543412e-10
9.107860e-10
8.726126e-10
8.396318e-10
8.116767e-10
7.886028e-10
7.702895e-10
7.566396e-10
7.475802e-10
7.430627e-10
4.499890e-09
4.469255e-09
4.409142e-09
4.321751e-09
4.210120e-09
4.077864e-09
3.928905e-09
3.767215e-09
3.596610e-09
3.420601e-09
3.242294e-09
3.064350e-09
2.888970e-09
2.717921e-09
2.552571e-09
2.393939e-09
2.242743e-09
2.099453e-09
1.964333e-09
1.837489e-09
1.718898e-09
1.608444e-09
1.505941e-09
1.411155e-09
1.323821e-09
1.243654e-09
1.170364e-09
1.103661e-09
1.043263e-09
9.888999e-10
9.403181e-10
8.972822e-10
8.595777e-10
8.270120e-10
7.994157e-10
7.766427e-10
7.585710e-10
7.451029e-10
7.361650e-10
7.317082e-10
4.599322e-09
4.565269e-09
4.498620e-09
4.402121e-09
4.279516e-09
4.135187e-09
3.973786e-09
3.799914e-09
3.617881e-09
3.431536e-09
3.244186e-09
3.058569e-09
2.876876e-09
2.700794e-09
2.531572e-09
2.370088e-09
2.216912e-09
2.072369e-09
1.936591e-09
1.809561e-09
1.691151e-09
1.581156e-09
1.479312e-09
1.385325e-09
1.298876e-09
1.219641e-09
1.147298e-09
1.081530e-09
1.022036e-09
9.685309e-10
9.207490e-10
8.784469e-10
8.414039e-10
8.094230e-10
7.823315e-10
7.599813e-10
7.422491e-10
7.290361e-10
7.202685e-10
7.158971e-10
4.732806e-09
4.693880e-09
4.617947e-09
4.508596e-09
4.370637e-09
4.209583e-09
4.031136e-09
3.840775e-09
3.643463e-09
3.443475e-09
3.244344e-09
3.048866e-09
2.859171e-09
2.676806e-09
2.502835e-09
2.337928e-09
2.182448e-09
2.036522e-09
1.900102e-09
1.773012e-09
1.654991e-09
1.545715e-09
1.444828e-09
1.351955e-09
1.266716e-09
1.188738e-09
1.117656e-09
1.053126e-09
9.948207e-10
9.424384e-10
8.957002e-10
8.543526e-10
8.181680e-10
7.869445e-10
7.605059e-10
7.387019e-10
7.214078e-10
7.085240e-10
6.999760e-10
6.957144e-10
4.905217e-09
4.859496e-09
4.770694e-09
4.643678e-09
4.484854e-09
4.301371e-09
4.100400e-09
3.888588e-09
3.671720e-09
3.454560e-09
3.240848e-09
3.033379e-09
2.834135e-09
2.644426e-09
2.465034e-09
2.296342e-09
2.138429e-09
1.991168e-09
1.854281e-09
1.727396e-09
1.610084e-09
1.501885e-09
1.402329e-09
1.310951e-09
1.227297e-09
1.150937e-09
1.081463e-09
1.018496e-09
9.616826e-10
9.107018e-10
8.652607e-10
8.250954e-10
7.899711e-10
7.596810e-10
7.340456e-10
7.129127e-10
6.961562e-10
6.836759e-10
6.753971e-10
6.712701e-10
5.123348e-09
5.068195e-09
4.961654e-09
4.810569e-09
4.623731e-09
4.410646e-09
4.180504e-09
3.941459e-09
3.700268e-09
3.462196e-09
3.231109e-09
3.009669e-09
2.799564e-09
2.601727e-09
2.416535e-09
2.243974e-09
2.083760e-09
1.935440e-09
1.798458e-09
1.672208e-09
1.556065e-09
1.449412e-09
1.351653e-09
1.262221e-09
1.180585e-09
1.106251e-09
1.038765e-09
9.777111e-10
9.227120e-10
8.734257e-10
8.295453e-10
7.907973e-10
7.569401e-10
7.277627e-10
7.030829e-10
6.827471e-10
6.666284e-10
6.546265e-10
6.466664e-10
6.426988e-10
5.396633e-09
5.328280e-09
5.197157e-09
5.013214e-09
4.788853e-09
4.536980e-09
4.269510e-09
3.996476e-09
3.725698e-09
3.462847e-09
3.211722e-09
2.974625e-09
2.752725e-09
2.546382e-09
2.355406e-09
2.179259e-09
2.017198e-09
1.868374e-09
1.731904e-09
1.606911e-09
1.492555e-09
1.388046e-09
1.292651e-09
1.205696e-09
1.126570e-09
1.054716e-09
9.896333e-10
9.308721e-10
8.780288e-10
8.307436e-10
7.886974e-10
7.516083e-10
7.192294e-10
6.913466e-10
6.677764e-10
6.483644e-10
6.329840e-10
6.215351e-10
6.139434e-10
6.101598e-10
5.738272e-09
5.651135e-09
5.485480e-09
5.256279e-09
4.981486e-09
4.678911e-09
4.364080e-09
4.049236e-09
3.743202e-09
3.451770e-09
3.178307e-09
2.924384e-09
2.690329e-09
2.475669e-09
2.279448e-09
2.100460e-09
1.937398e-09
1.788954e-09
1.653871e-09
1.530977e-09
1.419199e-09
1.317566e-09
1.225207e-09
1.141343e-09
1.065282e-09
9.964092e-10
9.341809e-10
8.781153e-10
8.277874e-10
7.828227e-10
7.428924e-10
7.077090e-10
6.770226e-10
6.506179e-10
6.283116e-10
6.099501e-10
5.954079e-10
5.845864e-10
5.774123e-10
5.738373e-10
6.167047e-09
6.052508e-09
5.837351e-09
5.544933e-09
5.201902e-09
4.833096e-09
4.458664e-09
4.093187e-09
3.746105e-09
3.422725e-09
3.125352e-09
2.854273e-09
2.608540e-09
2.386517e-09
2.186256e-09
2.005733e-09
1.842981e-09
1.696174e-09
1.563650e-09
1.443927e-09
1.335698e-09
1.237813e-09
1.149268e-09
1.069187e-09
9.968056e-10
9.314586e-10
8.725657e-10
8.196207e-10
7.721827e-10
7.298674e-10
6.923406e-10
6.593128e-10
6.305342e-10
6.057909e-10
5.849020e-10
5.677164e-10
5.541113e-10
5.439903e-10
5.372821e-10
5.339397e-10
6.710362e-09
6.554500e-09
6.266480e-09
5.884203e-09
5.448092e-09
4.992909e-09
4.544293e-09
4.118743e-09
3.725304e-09
3.367675e-09
3.046101e-09
2.758818e-09
2.503040e-09
2.275602e-09
2.073328e-09
1.893233e-09
1.732621e-09
1.589109e-09
1.460626e-09
1.345385e-09
1.241853e-09
1.148720e-09
1.064865e-09
9.893307e-10
9.212950e-10
8.600539e-10
8.050024e-10
7.556193e-10
7.114554e-10
6.721234e-10
6.372897e-10
6.066673e-10
5.800103e-10
5.571096e-10
5.377890e-10
5.219022e-10
5.093306e-10
4.999814e-10
4.937861e-10
4.906997e-10
7.409538e-09
7.188649e-09
6.789869e-09
6.277305e-09
5.713353e-09
5.146154e-09
4.606854e-09
4.112189e-09
3.668694e-09
3.276569e-09
2.932561e-09
2.631855e-09
2.369201e-09
2.139525e-09
1.938220e-09
1.761252e-09
1.605160e-09
1.467017e-09
1.344361e-09
1.235132e-09
1.137609e-09
1.050349e-09
9.721430e-10
9.019756e-10
8.389896e-10
7.824598e-10
7.317708e-10
6.863986e-10
6.458961e-10
6.098813e-10
5.780277e-10
5.500564e-10
5.257302e-10
5.048483e-10
4.872422e-10
4.727728e-10
4.613275e-10
4.528186e-10
4.471813e-10
4.443732e-10
8.329604e-09
8.000689e-09
7.427040e-09
6.721797e-09
5.981861e-09
5.271502e-09
4.624781e-09
4.054465e-09
3.560713e-09
3.137345e-09
2.775720e-09
2.466842e-09
2.202384e-09
1.975075e-09
1.778776e-09
1.608394e-09
1.459751e-09
1.329436e-09
1.214668e-09
1.113175e-09
1.023101e-09
9.429227e-10
8.713821e-10
8.074392e-10
7.502280e-10
6.990249e-10
6.532224e-10
6.123081e-10
5.758491e-10
5.434780e-10
5.148832e-10
4.898004e-10
4.680059e-10
4.493111e-10
4.335587e-10
4.206192e-10
4.103881e-10
4.027841e-10
3.977474e-10
3.952387e-10
9.578585e-09
9.057462e-09
8.195806e-09
7.200982e-09
6.220791e-09
5.333212e-09
4.566302e-09
3.920178e-09
3.382346e-09
2.936380e-09
2.566130e-09
2.257409e-09
1.998417e-09
1.779617e-09
1.593414e-09
1.433796e-09
1.296014e-09
1.176310e-09
1.071698e-09
9.797985e-10
8.986994e-10
8.268586e-10
7.630237e-10
7.061709e-10
6.554583e-10
6.101896e-10
5.697857e-10
5.337626e-10
5.017141e-10
4.732983e-10
4.482268e-10
4.262562e-10
4.071817e-10
3.908314e-10
3.770624e-10
3.657572e-10
3.568216e-10
3.501822e-10
3.457853e-10
3.435956e-10
1.134869e-08
1.045477e-08
9.097741e-09
7.665532e-09
6.367112e-09
5.274252e-09
4.387036e-09
3.677600e-09
3.112115e-09
2.659698e-09
2.295012e-09
1.998247e-09
1.754257e-09
1.551562e-09
1.381466e-09
1.237362e-09
1.114199e-09
1.008090e-09
9.160178e-10
8.356214e-10
7.650388e-10
7.027887e-10
6.476832e-10
5.987624e-10
5.552446e-10
5.164894e-10
4.819682e-10
4.512424e-10
4.239464e-10
3.997743e-10
3.784693e-10
3.598160e-10
3.436334e-10
3.297705e-10
3.181021e-10
3.085257e-10
3.009589e-10
2.953379e-10
2.916161e-10
2.897627e-10
1.401271e-08
1.231518e-08
1.007486e-08
7.996292e-09
6.307871e-09
5.009649e-09
4.029989e-09
3.291072e-09
2.728814e-09
2.295286e-09
1.955972e-09
1.686309e-09
1.468804e-09
1.290909e-09
1.143527e-09
1.019987e-09
9.153313e-10
8.258342e-10
7.486610e-10
6.816304e-10
6.230458e-10
5.715743e-10
5.261581e-10
4.859507e-10
4.502685e-10
4.185553e-10
3.903552e-10
3.652923e-10
3.430549e-10
3.233832e-10
3.060604e-10
2.909050e-10
2.777653e-10
2.665152e-10
2.570500e-10
2.492845e-10
2.431503e-10
2.385945e-10
2.355783e-10
2.340765e-10
1.837427e-08
1.471837e-08
1.089023e-08
7.936906e-09
5.858430e-09
4.426486e-09
3.432199e-09
2.727884e-09
2.216782e-09
1.836661e-09
1.547282e-09
1.322213e-09
1.143740e-09
9.997412e-10
8.817477e-10
7.837271e-10
7.013045e-10
6.312543e-10
5.711617e-10
5.191933e-10
4.739398e-10
4.343044e-10
3.994242e-10
3.686138e-10
3.413234e-10
3.171080e-10
2.956051e-10
2.765169e-10
2.595976e-10
2.446432e-10
2.314839e-10
2.199782e-10
2.100078e-10
2.014748e-10
1.942982e-10
1.884120e-10
1.837633e-10
1.803113e-10
1.780263e-10
1.768886e-10
2.639174e-08
1.729381e-08
1.083078e-08
7.002671e-09
4.762459e-09
3.405665e-09
2.544435e-09
1.971485e-09
1.573770e-09
1.287293e-09
1.074282e-09
9.115198e-10
7.842021e-10
6.825686e-10
5.999951e-10
5.318691e-10
4.749054e-10
4.267169e-10
3.855379e-10
3.500415e-10
3.192158e-10
2.922791e-10
2.686205e-10
2.477571e-10
2.293031e-10
2.129483e-10
1.984402e-10
1.855725e-10
1.741754e-10
1.641081e-10
1.552540e-10
1.475159e-10
1.408130e-10
1.350781e-10
1.302561e-10
1.263019e-10
1.231796e-10
1.208613e-10
1.193268e-10
1.185629e-10
4.350713e-08
1.723434e-08
8.136414e-09
4.480539e-09
2.783070e-09
1.889282e-09
1.368391e-09
1.039849e-09
8.195201e-10
6.644613e-10
5.510314e-10
4.653829e-10
3.989802e-10
3.463359e-10
3.037949e-10
2.688488e-10
2.397310e-10
2.151699e-10
1.942317e-10
1.762190e-10
1.606027e-10
1.469759e-10
1.350218e-10
1.244907e-10
1.151839e-10
1.069418e-10
9.963491e-11
9.315766e-11
8.742322e-11
8.235985e-11
7.790809e-11
7.401850e-11
7.065001e-11
6.776857e-11
6.534615e-11
6.335995e-11
6.179175e-11
6.062749e-11
5.985690e-11
5.947326e-11
4.344765e-08
0.000000e+00
0.000000e+00
0.000000e+00
0.000000e+00
0.000000e+00
0.000000e+00
0.000000e+00
0.000000e+00
0.000000e+00
0.000000e+00
0.000000e+00
0.000000e+00
0.000000e+00
0.000000e+00
0.000000e+00
0.000000e+00
0.000000e+00
0.000000e+00
0.000000e+00
0.000000e+00
0.000000e+00
0.000000e+00
0.000000e+00
0.000000e+00
0.000000e+00
0.000000e+00
0.000000e+00
0.000000e+00
0.000000e+00
0.000000e+00
0.000000e+00
0.000000e+00
0.000000e+00
0.000000e+00
0.000000e+00
0.000000e+00
0.000000e+00
0.000000e+00
0.000000e+00
