0.000000e+00
3.753574e-06
7.613009e-06
1.147980e-05
1.535240e-05
1.923069e-05
2.311453e-05
2.700382e-05
3.089846e-05
3.479833e-05
3.870332e-05
4.261334e-05
4.652829e-05
5.044807e-05
5.437257e-05
5.830171e-05
6.223539e-05
6.617352e-05
7.011602e-05
7.406279e-05
7.801375e-05
8.196882e-05
8.592791e-05
8.989094e-05
9.385783e-05
9.782852e-05
1.018029e-04
1.057809e-04
1.097625e-04
1.137476e-04
1.177361e-04
1.217280e-04
1.257231e-04
1.297215e-04
1.337231e-04
1.377277e-04
1.417353e-04
1.457460e-04
1.497595e-04
1.537759e-04
1.577951e-04
1.618170e-04
1.658416e-04
1.698689e-04
1.738987e-04
1.779311e-04
1.819659e-04
1.860032e-04
1.900428e-04
1.940848e-04
1.981290e-04
2.021755e-04
2.062242e-04
2.102751e-04
2.143281e-04
2.183831e-04
2.224401e-04
2.264992e-04
2.305602e-04
2.346231e-04
2.386878e-04
2.427544e-04
2.468228e-04
2.508929e-04
2.549648e-04
2.590384e-04
2.631136e-04
2.671905e-04
2.712689e-04
2.753489e-04
2.794304e-04
2.835135e-04
2.875980e-04
2.916839e-04
2.957713e-04
2.998600e-04
3.039501e-04
3.080416e-04
3.121343e-04
3.162283e-04
3.203236e-04
3.244201e-04
3.285178e-04
3.326167e-04
3.367167e-04
3.408179e-04
3.449202e-04
3.490236e-04
3.531280e-04
3.572335e-04
3.613401e-04
3.654476e-04
3.695561e-04
3.736656e-04
3.777761e-04
3.818875e-04
3.859998e-04
3.901130e-04
3.942271e-04
3.983420e-04
4.024578e-04
4.065745e-04
4.106919e-04
4.148101e-04
4.189292e-04
4.230490e-04
4.271695e-04
4.312908e-04
4.354128e-04
4.395355e-04
4.436590e-04
4.477831e-04
4.519079e-04
4.560333e-04
4.601594e-04
4.642862e-04
4.684135e-04
4.725415e-04
4.766701e-04
4.807992e-04
4.849290e-04
4.890593e-04
4.931901e-04
4.973216e-04
5.014535e-04
5.055860e-04
5.097190e-04
5.138525e-04
5.179866e-04
5.221211e-04
5.262561e-04
5.303916e-04
5.345275e-04
5.386639e-04
5.428007e-04
5.469380e-04
5.510757e-04
5.552139e-04
5.593525e-04
5.634915e-04
5.676308e-04
5.717706e-04
5.759108e-04
5.800514e-04
5.841923e-04
5.883337e-04
5.924753e-04
5.966174e-04
6.007598e-04
6.049026e-04
6.090457e-04
6.131891e-04
6.173329e-04
6.214770e-04
6.256214e-04
6.297661e-04
6.339112e-04
6.380565e-04
6.422022e-04
6.463481e-04
6.504944e-04
6.546409e-04
6.587877e-04
6.629348e-04
6.670822e-04
6.712299e-04
6.753778e-04
6.795260e-04
6.836744e-04
6.878232e-04
6.919721e-04
6.961213e-04
7.002708e-04
7.044205e-04
7.085704e-04
7.127206e-04
7.168710e-04
7.210217e-04
7.251725e-04
7.293236e-04
