-0.000000e+00
8.032538e-07
5.009049e-07
3.445362e-07
2.586409e-07
2.053960e-07
1.692876e-07
1.431472e-07
1.232874e-07
1.076374e-07
9.494921e-08
8.442729e-08
7.554093e-08
6.792254e-08
6.130938e-08
5.550852e-08
5.037491e-08
4.579728e-08
4.168861e-08
3.797973e-08
3.461478e-08
3.154800e-08
2.874140e-08
2.616306e-08
2.378579e-08
2.158622e-08
1.954403e-08
1.764135e-08
1.586234e-08
1.419282e-08
1.261999e-08
1.113215e-08
9.718577e-09
8.369322e-09
7.075084e-09
5.827098e-09
4.617036e-09
3.436917e-09
2.279028e-09
1.135851e-09
0.000000e+00
-0.000000e+00
3.252047e-07
3.240188e-07
2.738177e-07
2.259816e-07
1.882580e-07
1.593188e-07
1.368660e-07
1.190774e-07
1.046754e-07
9.278278e-08
8.279161e-08
7.427287e-08
6.691726e-08
6.049705e-08
5.484121e-08
4.981891e-08
4.532829e-08
4.128880e-08
3.763578e-08
3.431659e-08
3.128780e-08
2.851315e-08
2.596197e-08
2.360808e-08
2.142885e-08
1.940451e-08
1.751767e-08
1.575285e-08
1.409614e-08
1.253498e-08
1.105788e-08
9.654259e-09
8.314304e-09
7.028830e-09
5.789174e-09
4.587093e-09
3.414687e-09
2.264314e-09
1.128526e-09
0.000000e+00
-0.000000e+00
1.542493e-07
2.021211e-07
2.009654e-07
1.832137e-07
1.623347e-07
1.428632e-07
1.259201e-07
1.114804e-07
9.920393e-08
8.871474e-08
7.968339e-08
7.184161e-08
6.497651e-08
5.892028e-08
5.354034e-08
4.873119e-08
4.440814e-08
4.050250e-08
3.695799e-08
3.372799e-08
3.077346e-08
2.806140e-08
2.556360e-08
2.325572e-08
2.111656e-08
1.912749e-08
1.727197e-08
1.553523e-08
1.390392e-08
1.236592e-08
1.091013e-08
9.526273e-09
8.204803e-09
6.936759e-09
5.713672e-09
4.527476e-09
3.370422e-09
2.235015e-09
1.113939e-09
0.000000e+00
-0.000000e+00
8.368520e-08
1.292448e-07
1.447112e-07
1.435721e-07
1.350032e-07
1.238786e-07
1.124704e-07
1.017201e-07
9.194494e-08
8.318872e-08
7.538553e-08
6.843359e-08
6.222682e-08
5.666720e-08
5.166865e-08
4.715735e-08
4.307055e-08
3.935505e-08
3.596568e-08
3.286389e-08
3.001664e-08
2.739539e-08
2.497530e-08
2.273463e-08
2.065419e-08
1.871691e-08
1.690750e-08
1.521217e-08
1.361838e-08
1.211466e-08
1.069044e-08
9.335900e-09
8.041874e-09
6.799729e-09
5.601281e-09
4.438714e-09
3.304511e-09
2.191384e-09
1.092216e-09
0.000000e+00
-0.000000e+00
5.099854e-08
8.645582e-08
1.050617e-07
1.113597e-07
1.102269e-07
1.051773e-07
9.836268e-08
9.098436e-08
8.366690e-08
7.670955e-08
7.023632e-08
6.428035e-08
5.882994e-08
5.385298e-08
4.930968e-08
4.515898e-08
4.136164e-08
3.788146e-08
3.468576e-08
3.174525e-08
2.903382e-08
2.652819e-08
2.420756e-08
2.205330e-08
2.004865e-08
1.817845e-08
1.642894e-08
1.478756e-08
1.324277e-08
1.178390e-08
1.040106e-08
9.085012e-09
7.827064e-09
6.619002e-09
5.453006e-09
4.321588e-09
3.217523e-09
2.133795e-09
1.063541e-09
0.000000e+00
-0.000000e+00
3.384602e-08
6.051734e-08
7.771933e-08
8.657755e-08
8.936697e-08
8.824061e-08
8.481846e-08
8.018763e-08
7.502860e-08
6.974617e-08
6.456976e-08
5.962148e-08
5.495956e-08
5.060506e-08
4.655806e-08
4.280724e-08
3.933553e-08
3.612338e-08
3.315064e-08
3.039752e-08
2.784520e-08
2.547599e-08
2.327345e-08
2.122237e-08
1.930865e-08
1.751930e-08
1.584226e-08
1.426637e-08
1.278122e-08
1.137710e-08
1.004489e-08
8.776022e-09
7.562367e-09
6.396206e-09
5.270154e-09
4.177108e-09
3.110197e-09
2.062731e-09
1.028154e-09
0.000000e+00
-0.000000e+00
2.386777e-08
4.404778e-08
5.872039e-08
6.786392e-08
7.242261e-08
7.359956e-08
7.248277e-08
6.991896e-08
6.651360e-08
6.267668e-08
5.867500e-08
5.467621e-08
5.078171e-08
4.704961e-08
4.351024e-08
4.017637e-08
3.704984e-08
3.412589e-08
3.139586e-08
2.884898e-08
2.647345e-08
2.425711e-08
2.218789e-08
2.025405e-08
1.844428e-08
1.674782e-08
1.515443e-08
1.365444e-08
1.223865e-08
1.089838e-08
9.625388e-09
8.411815e-09
7.250176e-09
6.133301e-09
5.054294e-09
4.006492e-09
2.983425e-09
1.978777e-09
9.863439e-10
0.000000e+00
-0.000000e+00
1.757710e-08
3.308540e-08
4.525028e-08
5.373491e-08
5.885981e-08
6.125209e-08
6.159396e-08
6.049174e-08
5.843007e-08
5.577189e-08
5.277728e-08
4.962659e-08
4.644141e-08
4.330139e-08
4.025690e-08
3.733812e-08
3.456156e-08
3.193445e-08
2.945792e-08
2.712909e-08
2.494249e-08
2.289109e-08
2.096695e-08
1.916165e-08
1.746660e-08
1.587326e-08
1.437321e-08
1.295828e-08
1.162056e-08
1.035240e-08
9.146459e-09
7.995671e-09
6.893219e-09
5.832527e-09
4.807229e-09
3.811141e-09
2.838235e-09
1.882607e-09
9.384447e-10
0.000000e+00
-0.000000e+00
1.335515e-08
2.546630e-08
3.546028e-08
4.296547e-08
4.802948e-08
5.095491e-08
5.214912e-08
5.202387e-08
5.094297e-08
4.920346e-08
4.703560e-08
4.461143e-08
4.205591e-08
3.945761e-08
3.687780e-08
3.435765e-08
3.192379e-08
2.959241e-08
2.737228e-08
2.526695e-08
2.327632e-08
2.139782e-08
1.962716e-08
1.795898e-08
1.638722e-08
1.490540e-08
1.350688e-08
1.218493e-08
1.093289e-08
9.744185e-09
8.612378e-09
7.531189e-09
6.494502e-09
5.496359e-09
4.530952e-09
3.592607e-09
2.675767e-09
1.774970e-09
8.848277e-10
0.000000e+00
-0.000000e+00
1.037715e-08
1.996427e-08
2.815898e-08
3.463710e-08
3.933763e-08
4.238884e-08
4.402367e-08
4.451158e-08
4.411442e-08
4.306333e-08
4.155017e-08
3.972756e-08
3.771315e-08
3.559532e-08
3.343901e-08
3.129087e-08
2.918353e-08
2.713912e-08
2.517183e-08
2.329009e-08
2.149802e-08
1.979668e-08
1.818489e-08
1.665990e-08
1.521788e-08
1.385424e-08
1.256395e-08
1.134167e-08
1.018189e-08
9.079074e-09
8.027677e-09
7.022204e-09
6.057240e-09
5.127454e-09
4.227612e-09
3.352568e-09
2.497255e-09
1.656679e-09
8.258959e-10
0.000000e+00
-0.000000e+00
8.189138e-09
1.585458e-08
2.257418e-08
2.808623e-08
3.229502e-08
3.523908e-08
3.704507e-08
3.788429e-08
3.793975e-08
3.738522e-08
3.637413e-08
3.503547e-08
3.347378e-08
3.177149e-08
2.999204e-08
2.818324e-08
2.638034e-08
2.460866e-08
2.288583e-08
2.122354e-08
1.962899e-08
1.810599e-08
1.665581e-08
1.527785e-08
1.397014e-08
1.272974e-08
1.155302e-08
1.043589e-08
9.373924e-09
8.362542e-09
7.397048e-09
6.472710e-09
5.584797e-09
4.728605e-09
3.899474e-09
3.092795e-09
2.304007e-09
1.528594e-09
7.620766e-10
0.000000e+00
-0.000000e+00
6.524796e-09
1.269070e-08
1.819689e-08
2.283857e-08
2.651707e-08
2.922732e-08
3.103319e-08
3.204071e-08
3.237502e-08
3.216361e-08
3.152564e-08
3.056637e-08
2.937499e-08
2.802478e-08
2.657439e-08
2.506971e-08
2.354592e-08
2.202936e-08
2.053927e-08
1.908923e-08
1.768840e-08
1.634247e-08
1.505450e-08
1.382554e-08
1.265509e-08
1.154156e-08
1.048251e-08
9.474932e-09
8.515375e-09
7.600120e-09
6.725263e-09
5.886791e-09
5.080631e-09
4.302693e-09
3.548884e-09
2.815131e-09
2.097384e-09
1.391614e-09
6.938160e-10
0.000000e+00
-0.000000e+00
5.219330e-09
1.018649e-08
1.468407e-08
1.855403e-08
2.170734e-08
2.411988e-08
2.581961e-08
2.687028e-08
2.735598e-08
2.736851e-08
2.699842e-08
2.632933e-08
2.543500e-08
2.437824e-08
2.321100e-08
2.197527e-08
2.070424e-08
1.942357e-08
1.815264e-08
1.690571e-08
1.569289e-08
1.452099e-08
1.339419e-08
1.231470e-08
1.128311e-08
1.029888e-08
9.360534e-09
8.465949e-09
7.612520e-09
6.797297e-09
6.017091e-09
5.268556e-09
4.548244e-09
3.852649e-09
3.178237e-09
2.521462e-09
1.878782e-09
1.246661e-09
6.215734e-10
0.000000e+00
-0.000000e+00
4.166019e-09
8.151843e-09
1.179883e-08
1.498610e-08
1.763832e-08
1.972522e-08
2.125503e-08
2.226478e-08
2.281007e-08
2.295601e-08
2.277015e-08
2.231750e-08
2.165743e-08
2.084214e-08
1.991607e-08
1.891612e-08
1.787219e-08
1.680801e-08
1.574200e-08
1.468808e-08
1.365647e-08
1.265438e-08
1.168658e-08
1.075593e-08
9.863788e-09
9.010315e-09
8.194790e-09
7.415808e-09
6.671458e-09
5.959455e-09
5.277248e-09
4.622097e-09
3.991138e-09
3.381422e-09
2.789951e-09
2.213697e-09
1.649620e-09
1.094675e-09
5.458163e-10
0.000000e+00
-0.000000e+00
3.292894e-09
6.456007e-09
9.373293e-09
1.195319e-08
1.413458e-08
1.588761e-08
1.721048e-08
1.812370e-08
1.866346e-08
1.887528e-08
1.880866e-08
1.851305e-08
1.803506e-08
1.741680e-08
1.669502e-08
1.590092e-08
1.506036e-08
1.419428e-08
1.331926e-08
1.244813e-08
1.159052e-08
1.075346e-08
9.941806e-09
9.158668e-09
8.405784e-09
7.683796e-09
6.992498e-09
6.331032e-09
5.698046e-09
5.091815e-09
4.510345e-09
3.951445e-09
3.412788e-09
2.891950e-09
2.386447e-09
1.893755e-09
1.411327e-09
9.366024e-10
4.670164e-10
0.000000e+00
-0.000000e+00
2.549539e-09
5.005984e-09
7.285116e-09
9.318768e-09
1.105916e-08
1.248012e-08
1.357554e-08
1.435606e-08
1.484477e-08
1.507295e-08
1.507612e-08
1.489095e-08
1.455295e-08
1.409496e-08
1.354626e-08
1.293217e-08
1.227404e-08
1.158948e-08
1.089262e-08
1.019463e-08
9.504022e-09
8.827142e-09
8.168506e-09
7.531143e-09
6.916878e-09
6.326582e-09
5.760371e-09
5.217775e-09
4.697875e-09
4.199411e-09
3.720870e-09
3.260550e-09
2.816617e-09
2.387142e-09
1.970131e-09
1.563548e-09
1.165328e-09
7.733912e-10
3.856469e-10
0.000000e+00
-0.000000e+00
1.899270e-09
3.733259e-09
5.442400e-09
6.977575e-09
8.303161e-09
9.398144e-09
1.025548e-08
1.088018e-08
1.128659e-08
1.149561e-08
1.153189e-08
1.142164e-08
1.119080e-08
1.086382e-08
1.046287e-08
1.000743e-08
9.514153e-09
8.996939e-09
8.467123e-09
7.933733e-09
7.403784e-09
6.882568e-09
6.373928e-09
5.880513e-09
5.404000e-09
4.945280e-09
4.504625e-09
4.081818e-09
3.676265e-09
3.287083e-09
2.913171e-09
2.553266e-09
2.205987e-09
1.869869e-09
1.543387e-09
1.224977e-09
9.130463e-10
6.059870e-10
3.021798e-10
0.000000e+00
-0.000000e+00
1.314277e-09
2.585369e-09
3.773632e-09
4.845949e-09
5.777734e-09
6.553782e-09
7.168042e-09
7.622540e-09
7.925785e-09
8.090962e-09
8.134175e-09
8.072903e-09
7.924770e-09
7.706628e-09
7.433957e-09
7.120513e-09
6.778186e-09
6.416993e-09
6.045183e-09
5.669386e-09
5.294807e-09
4.925410e-09
4.564117e-09
4.212977e-09
3.873323e-09
3.545909e-09
3.231027e-09
2.928605e-09
2.638282e-09
2.359483e-09
2.091463e-09
1.833354e-09
1.584194e-09
1.342958e-09
1.108570e-09
8.799251e-10
6.558928e-10
4.353303e-10
2.170852e-10
0.000000e+00
-0.000000e+00
7.724645e-10
1.520295e-09
2.220792e-09
2.854836e-09
3.408022e-09
3.871183e-09
4.240334e-09
4.516130e-09
4.703019e-09
4.808257e-09
4.840917e-09
4.811004e-09
4.728726e-09
4.603945e-09
4.445797e-09
4.262464e-09
4.061069e-09
3.847652e-09
3.627217e-09
3.403813e-09
3.180637e-09
2.960141e-09
2.744148e-09
2.533949e-09
2.330400e-09
2.134001e-09
1.944967e-09
1.763287e-09
1.588774e-09
1.421102e-09
1.259843e-09
1.104490e-09
9.544773e-10
8.091970e-10
6.680109e-10
5.302595e-10
3.952691e-10
2.623560e-10
1.308306e-10
0.000000e+00
-0.000000e+00
2.552802e-10
5.025441e-10
7.343914e-10
9.445631e-10
1.128310e-09
1.282570e-09
1.405957e-09
1.498600e-09
1.561878e-09
1.598103e-09
1.610207e-09
1.601446e-09
1.575165e-09
1.534610e-09
1.482803e-09
1.422461e-09
1.355959e-09
1.285315e-09
1.212209e-09
1.138003e-09
1.063777e-09
9.903613e-10
9.183767e-10
8.482654e-10
7.803227e-10
7.147242e-10
6.515492e-10
5.908002e-10
5.324200e-10
4.763047e-10
4.223149e-10
3.702842e-10
3.200265e-10
2.713407e-10
2.240156e-10
1.778324e-10
1.325674e-10
8.799344e-11
4.388115e-11
0.000000e+00
-0.000000e+00
-2.538932e-10
-4.998004e-10
-7.303491e-10
-9.393044e-10
-1.121936e-09
-1.275194e-09
-1.397702e-09
-1.489590e-09
-1.552237e-09
-1.587953e-09
-1.599662e-09
-1.590614e-09
-1.564145e-09
-1.523494e-09
-1.471675e-09
-1.411396e-09
-1.345024e-09
-1.274572e-09
-1.201710e-09
-1.127796e-09
-1.053903e-09
-9.808570e-10
-9.092743e-10
-8.395927e-10
-7.721041e-10
-7.069807e-10
-6.442989e-10
-5.840589e-10
-5.262013e-10
-4.706201e-10
-4.171744e-10
-3.656961e-10
-3.159978e-10
-2.678775e-10
-2.211226e-10
-1.755136e-10
-1.308258e-10
-8.683113e-11
-4.329964e-11
0.000000e+00
-0.000000e+00
-7.710578e-10
-1.517514e-09
-2.216698e-09
-2.849514e-09
-3.401577e-09
-3.863734e-09
-4.232005e-09
-4.507048e-09
-4.693310e-09
-4.798042e-09
-4.830312e-09
-4.800117e-09
-4.717657e-09
-4.592785e-09
-4.434629e-09
-4.251363e-09
-4.050103e-09
-3.836880e-09
-3.616693e-09
-3.393584e-09
-3.170743e-09
-2.950620e-09
-2.735031e-09
-2.525264e-09
-2.322171e-09
-2.126248e-09
-1.937709e-09
-1.756539e-09
-1.582549e-09
-1.415412e-09
-1.254698e-09
-1.099898e-09
-9.504457e-10
-8.057313e-10
-6.651160e-10
-5.279392e-10
-3.935263e-10
-2.611929e-10
-1.302488e-10
0.000000e+00
-0.000000e+00
-1.312830e-09
-2.582509e-09
-3.769428e-09
-4.840497e-09
-5.771145e-09
-6.546183e-09
-7.159562e-09
-7.613312e-09
-7.915938e-09
-8.080619e-09
-8.123451e-09
-8.061908e-09
-7.913603e-09
-7.695380e-09
-7.422710e-09
-7.109342e-09
-6.767157e-09
-6.406166e-09
-6.034610e-09
-5.659114e-09
-5.284876e-09
-4.915857e-09
-4.554972e-09
-4.204267e-09
-3.865072e-09
-3.538138e-09
-3.223753e-09
-2.921843e-09
-2.632046e-09
-2.353784e-09
-2.086310e-09
-1.828755e-09
-1.580157e-09
-1.339487e-09
-1.105672e-09
-8.776018e-10
-6.541479e-10
-4.341659e-10
-2.165027e-10
0.000000e+00
-0.000000e+00
-1.897758e-09
-3.730275e-09
-5.438026e-09
-6.971918e-09
-8.296349e-09
-9.390314e-09
-1.024678e-08
-1.087073e-08
-1.127654e-08
-1.148507e-08
-1.152099e-08
-1.141048e-08
-1.117949e-08
-1.085244e-08
-1.045151e-08
-9.996155e-09
-9.503032e-09
-8.986031e-09
-8.456478e-09
-7.923398e-09
-7.393799e-09
-6.872966e-09
-6.364741e-09
-5.871767e-09
-5.395718e-09
-4.937482e-09
-4.497328e-09
-4.075037e-09
-3.670012e-09
-3.281369e-09
-2.908006e-09
-2.548657e-09
-2.201941e-09
-1.866391e-09
-1.540483e-09
-1.222649e-09
-9.112982e-10
-6.048205e-10
-3.015962e-10
0.000000e+00
-0.000000e+00
-2.547931e-09
-5.002821e-09
-7.280497e-09
-9.312823e-09
-1.105204e-08
-1.247198e-08
-1.356653e-08
-1.434631e-08
-1.483444e-08
-1.506216e-08
-1.506498e-08
-1.487958e-08
-1.454144e-08
-1.408341e-08
-1.353474e-08
-1.292076e-08
-1.226280e-08
-1.157846e-08
-1.088189e-08
-1.018421e-08
-9.493964e-09
-8.817477e-09
-8.159265e-09
-7.522350e-09
-6.908556e-09
-6.318749e-09
-5.753043e-09
-5.210967e-09
-4.691600e-09
-4.193678e-09
-3.715688e-09
-3.255928e-09
-2.812560e-09
-2.383656e-09
-1.967220e-09
-1.561215e-09
-1.163576e-09
-7.722220e-10
-3.850620e-10
0.000000e+00
-0.000000e+00
-3.291151e-09
-6.452593e-09
-9.368337e-09
-1.194686e-08
-1.412704e-08
-1.587905e-08
-1.720107e-08
-1.811359e-08
-1.865279e-08
-1.886417e-08
-1.879724e-08
-1.850142e-08
-1.802333e-08
-1.740504e-08
-1.668331e-08
-1.588934e-08
-1.504897e-08
-1.418313e-08
-1.330841e-08
-1.243761e-08
-1.158038e-08
-1.074372e-08
-9.932498e-09
-9.149818e-09
-8.397411e-09
-7.675920e-09
-6.985134e-09
-6.324194e-09
-5.691744e-09
-5.086059e-09
-4.505144e-09
-3.946807e-09
-3.408718e-09
-2.888453e-09
-2.383527e-09
-1.891415e-09
-1.409569e-09
-9.354300e-10
-4.664299e-10
0.000000e+00
-0.000000e+00
-4.164085e-09
-8.148078e-09
-1.179342e-08
-1.497925e-08
-1.763026e-08
-1.971615e-08
-2.124514e-08
-2.225422e-08
-2.279899e-08
-2.294454e-08
-2.275840e-08
-2.230557e-08
-2.164542e-08
-2.083014e-08
-1.990415e-08
-1.890435e-08
-1.786063e-08
-1.679672e-08
-1.573102e-08
-1.467745e-08
-1.364622e-08
-1.264455e-08
-1.167720e-08
-1.074702e-08
-9.855359e-09
-9.002390e-09
-8.187383e-09
-7.408933e-09
-6.665125e-09
-5.953673e-09
-5.272025e-09
-4.617440e-09
-3.987053e-09
-3.377913e-09
-2.787021e-09
-2.211349e-09
-1.647858e-09
-1.093499e-09
-5.452279e-10
0.000000e+00
-0.000000e+00
-5.217120e-09
-1.018223e-08
-1.467803e-08
-1.854651e-08
-2.169861e-08
-2.411019e-08
-2.580914e-08
-2.685921e-08
-2.734444e-08
-2.735662e-08
-2.698628e-08
-2.631706e-08
-2.542269e-08
-2.436596e-08
-2.319883e-08
-2.196328e-08
-2.069249e-08
-1.941210e-08
-1.814151e-08
-1.689495e-08
-1.568254e-08
-1.451106e-08
-1.338472e-08
-1.230571e-08
-1.127462e-08
-1.029090e-08
-9.353081e-09
-8.459035e-09
-7.606154e-09
-6.791487e-09
-6.011845e-09
-5.263879e-09
-4.544142e-09
-3.849126e-09
-3.175295e-09
-2.519106e-09
-1.877013e-09
-1.245481e-09
-6.209830e-10
0.000000e+00
-0.000000e+00
-6.522170e-09
-1.268572e-08
-1.818999e-08
-2.283017e-08
-2.650753e-08
-2.921690e-08
-3.102208e-08
-3.202907e-08
-3.236297e-08
-3.215126e-08
-3.151310e-08
-3.055372e-08
-2.936234e-08
-2.801220e-08
-2.656195e-08
-2.505748e-08
-2.353395e-08
-2.201771e-08
-2.052797e-08
-1.907833e-08
-1.767792e-08
-1.633244e-08
-1.504494e-08
-1.381647e-08
-1.264653e-08
-1.153352e-08
-1.047501e-08
-9.467974e-09
-8.508971e-09
-7.594278e-09
-6.719990e-09
-5.882092e-09
-5.076511e-09
-4.299154e-09
-3.545931e-09
-2.812766e-09
-2.095608e-09
-1.390429e-09
-6.932235e-10
0.000000e+00
-0.000000e+00
-8.185848e-09
-1.584852e-08
-2.256606e-08
-2.807669e-08
-3.228449e-08
-3.522783e-08
-3.703327e-08
-3.787205e-08
-3.792717e-08
-3.737239e-08
-3.636116e-08
-3.502244e-08
-3.346078e-08
-3.175859e-08
-2.997932e-08
-2.817077e-08
-2.636816e-08
-2.459682e-08
-2.287436e-08
-2.121248e-08
-1.961838e-08
-1.809585e-08
-1.664615e-08
-1.526870e-08
-1.396151e-08
-1.272164e-08
-1.154547e-08
-1.042889e-08
-9.367483e-09
-8.356669e-09
-7.391748e-09
-6.467989e-09
-5.580657e-09
-4.725051e-09
-3.896509e-09
-3.090420e-09
-2.302225e-09
-1.527405e-09
-7.614818e-10
0.000000e+00
-0.000000e+00
-1.037272e-08
-1.995647e-08
-2.814910e-08
-3.462608e-08
-3.932597e-08
-4.237673e-08
-4.401118e-08
-4.449876e-08
-4.410132e-08
-4.305003e-08
-4.153675e-08
-3.971412e-08
-3.769978e-08
-3.558209e-08
-3.342600e-08
-3.127812e-08
-2.917112e-08
-2.712707e-08
-2.516019e-08
-2.327888e-08
-2.148728e-08
-1.978642e-08
-1.817513e-08
-1.665066e-08
-1.520917e-08
-1.384608e-08
-1.255634e-08
-1.133462e-08
-1.017541e-08
-9.073168e-09
-8.022349e-09
-7.017459e-09
-6.053081e-09
-5.123885e-09
-4.224634e-09
-3.350183e-09
-2.495466e-09
-1.655485e-09
-8.252988e-10
0.000000e+00
-0.000000e+00
-1.334857e-08
-2.545557e-08
-3.544785e-08
-4.295264e-08
-4.801664e-08
-5.094201e-08
-5.213604e-08
-5.201053e-08
-5.092939e-08
-4.918969e-08
-4.702174e-08
-4.459757e-08
-4.204215e-08
-3.944404e-08
-3.686447e-08
-3.434464e-08
-3.191114e-08
-2.958016e-08
-2.736046e-08
-2.525559e-08
-2.326544e-08
-2.138744e-08
-1.961731e-08
-1.794966e-08
-1.637844e-08
-1.489718e-08
-1.349921e-08
-1.217784e-08
-1.092637e-08
-9.738247e-09
-8.607023e-09
-7.526421e-09
-6.490325e-09
-5.492774e-09
-4.527962e-09
-3.590213e-09
-2.673970e-09
-1.773772e-09
-8.842285e-10
0.000000e+00
-0.000000e+00
-1.756601e-08
-3.306946e-08
-4.523416e-08
-5.372008e-08
-5.884603e-08
-6.123871e-08
-6.158052e-08
-6.047803e-08
-5.841607e-08
-5.575769e-08
-5.276299e-08
-4.961232e-08
-4.642727e-08
-4.328746e-08
-4.024326e-08
-3.732483e-08
-3.454866e-08
-3.192199e-08
-2.944592e-08
-2.711757e-08
-2.493148e-08
-2.288061e-08
-2.095700e-08
-1.915224e-08
-1.745775e-08
-1.586498e-08
-1.436550e-08
-1.295115e-08
-1.161400e-08
-1.034643e-08
-9.141077e-09
-7.990881e-09
-6.889023e-09
-5.828927e-09
-4.804227e-09
-3.808738e-09
-2.836432e-09
-1.881404e-09
-9.378432e-10
0.000000e+00
-0.000000e+00
-2.384603e-08
-4.402217e-08
-5.869936e-08
-6.784762e-08
-7.240880e-08
-7.358642e-08
-7.246939e-08
-6.990509e-08
-6.649927e-08
-6.266206e-08
-5.866026e-08
-5.466151e-08
-5.076717e-08
-4.703533e-08
-4.349629e-08
-4.016281e-08
-3.703671e-08
-3.411322e-08
-3.138369e-08
-2.883732e-08
-2.646231e-08
-2.424651e-08
-2.217785e-08
-2.024456e-08
-1.843536e-08
-1.673948e-08
-1.514667e-08
-1.364726e-08
-1.223206e-08
-1.089238e-08
-9.619982e-09
-8.407004e-09
-7.245963e-09
-6.129687e-09
-5.051281e-09
-4.004080e-09
-2.981616e-09
-1.977570e-09
-9.857404e-10
0.000000e+00
-0.000000e+00
-3.379599e-08
-6.047394e-08
-7.769367e-08
-8.656241e-08
-8.935530e-08
-8.822892e-08
-8.480569e-08
-8.017376e-08
-7.501396e-08
-6.973111e-08
-6.455455e-08
-5.960634e-08
-5.494462e-08
-5.059043e-08
-4.654381e-08
-4.279342e-08
-3.932218e-08
-3.611053e-08
-3.313830e-08
-3.038572e-08
-2.783394e-08
-2.546529e-08
-2.326332e-08
-2.121281e-08
-1.929967e-08
-1.751090e-08
-1.583446e-08
-1.425916e-08
-1.277460e-08
-1.137107e-08
-1.003946e-08
-8.771192e-09
-7.558138e-09
-6.392579e-09
-5.267130e-09
-4.174688e-09
-3.108381e-09
-2.061520e-09
-1.027549e-09
0.000000e+00
-0.000000e+00
-5.086407e-08
-8.638416e-08
-1.050392e-07
-1.113533e-07
-1.102213e-07
-1.051685e-07
-9.835084e-08
-9.097045e-08
-8.365182e-08
-7.669394e-08
-7.022058e-08
-6.426473e-08
-5.881459e-08
-5.383800e-08
-4.929513e-08
-4.514492e-08
-4.134808e-08
-3.786843e-08
-3.467328e-08
-3.173333e-08
-2.902247e-08
-2.651741e-08
-2.419736e-08
-2.204368e-08
-2.003962e-08
-1.817001e-08
-1.642110e-08
-1.478031e-08
-1.323612e-08
-1.177785e-08
-1.039561e-08
-9.080165e-09
-7.822821e-09
-6.615364e-09
-5.449973e-09
-4.319161e-09
-3.215702e-09
-2.132581e-09
-1.062934e-09
0.000000e+00
-0.000000e+00
-8.327635e-08
-1.291598e-07
-1.447262e-07
-1.435908e-07
-1.350084e-07
-1.238732e-07
-1.124589e-07
-1.017056e-07
-9.192906e-08
-8.317237e-08
-7.536917e-08
-6.841747e-08
-6.221107e-08
-5.665189e-08
-5.165384e-08
-4.714306e-08
-4.305681e-08
-3.934187e-08
-3.595307e-08
-3.285186e-08
-3.000520e-08
-2.738453e-08
-2.496503e-08
-2.272495e-08
-2.064511e-08
-1.870843e-08
-1.689962e-08
-1.520489e-08
-1.361170e-08
-1.210859e-08
-1.068497e-08
-9.331039e-09
-8.037620e-09
-6.796082e-09
-5.598240e-09
-4.436281e-09
-3.302686e-09
-2.190168e-09
-1.091608e-09
0.000000e+00
-0.000000e+00
-1.530821e-07
-2.022535e-07
-2.011157e-07
-1.832760e-07
-1.623489e-07
-1.428572e-07
-1.259064e-07
-1.114640e-07
-9.918665e-08
-8.869741e-08
-7.966634e-08
-7.182498e-08
-6.496038e-08
-5.890469e-08
-5.352530e-08
-4.871672e-08
-4.439425e-08
-4.048920e-08
-3.694528e-08
-3.371587e-08
-3.076194e-08
-2.805048e-08
-2.555328e-08
-2.324600e-08
-2.110745e-08
-1.911898e-08
-1.726407e-08
-1.552793e-08
-1.389723e-08
-1.235984e-08
-1.090465e-08
-9.521402e-09
-8.200540e-09
-6.933104e-09
-5.710626e-09
-4.525039e-09
-3.368594e-09
-2.233796e-09
-1.113330e-09
0.000000e+00
-0.000000e+00
-3.268006e-07
-3.256584e-07
-2.742086e-07
-2.260495e-07
-1.882547e-07
-1.593009e-07
-1.368458e-07
-1.190575e-07
-1.046563e-07
-9.276440e-08
-8.277391e-08
-7.425582e-08
-6.690083e-08
-6.048123e-08
-5.482601e-08
-4.980431e-08
-4.531429e-08
-4.127541e-08
-3.762300e-08
-3.430441e-08
-3.127623e-08
-2.850219e-08
-2.595162e-08
-2.359834e-08
-2.141971e-08
-1.939598e-08
-1.750975e-08
-1.574553e-08
-1.408944e-08
-1.252889e-08
-1.105239e-08
-9.649381e-09
-8.310035e-09
-7.025171e-09
-5.786124e-09
-4.584653e-09
-3.412857e-09
-2.263094e-09
-1.127916e-09
0.000000e+00
-8.296479e-07
-8.284702e-07
-4.993761e-07
-3.440135e-07
-2.584604e-07
-2.053202e-07
-1.692464e-07
-1.431187e-07
-1.232643e-07
-1.076168e-07
-9.493009e-08
-8.440917e-08
-7.552362e-08
-6.790595e-08
-6.129345e-08
-5.549322e-08
-5.036024e-08
-4.578323e-08
-4.167517e-08
-3.796691e-08
-3.460257e-08
-3.153641e-08
-2.873042e-08
-2.615269e-08
-2.377603e-08
-2.157707e-08
-1.953549e-08
-1.763342e-08
-1.585502e-08
-1.418611e-08
-1.261388e-08
-1.112666e-08
-9.713695e-09
-8.365050e-09
-7.071422e-09
-5.824046e-09
-4.614595e-09
-3.435086e-09
-2.277807e-09
-1.135241e-09
0.000000e+00
