 2.01281469E+06
 2.01274960E+06
 2.01269956E+06
 2.01266425E+06
 2.01263771E+06
 2.01261662E+06
 2.01259924E+06
 2.01258454E+06
 2.01257188E+06
 2.01256083E+06
 2.01255108E+06
 2.01254240E+06
 2.01253464E+06
 2.01252767E+06
 2.01252137E+06
 2.01251566E+06
 2.01251049E+06
 2.01250578E+06
 2.01250150E+06
 2.01249759E+06
 2.01249403E+06
 2.01249079E+06
 2.01248784E+06
 2.01248515E+06
 2.01248270E+06
 2.01248048E+06
 2.01247847E+06
 2.01247666E+06
 2.01247502E+06
 2.01247357E+06
 2.01247227E+06
 2.01247112E+06
 2.01247012E+06
 2.01246926E+06
 2.01246853E+06
 2.01246793E+06
 2.01246746E+06
 2.01246710E+06
 2.01246687E+06
 2.01246675E+06
 2.01274940E+06
 2.01271682E+06
 2.01268356E+06
 2.01265544E+06
 2.01263224E+06
 2.01261291E+06
 2.01259656E+06
 2.01258250E+06
 2.01257028E+06
 2.01255953E+06
 2.01255000E+06
 2.01254149E+06
 2.01253386E+06
 2.01252699E+06
 2.01252077E+06
 2.01251514E+06
 2.01251002E+06
 2.01250536E+06
 2.01250112E+06
 2.01249725E+06
 2.01249372E+06
 2.01249050E+06
 2.01248757E+06
 2.01248490E+06
 2.01248247E+06
 2.01248027E+06
 2.01247828E+06
 2.01247647E+06
 2.01247485E+06
 2.01247340E+06
 2.01247211E+06
 2.01247098E+06
 2.01246998E+06
 2.01246913E+06
 2.01246841E+06
 2.01246781E+06
 2.01246734E+06
 2.01246699E+06
 2.01246675E+06
 2.01246664E+06
 2.01269888E+06
 2.01268310E+06
 2.01266235E+06
 2.01264172E+06
 2.01262290E+06
 2.01260624E+06
 2.01259157E+06
 2.01257864E+06
 2.01256719E+06
 2.01255700E+06
 2.01254789E+06
 2.01253970E+06
 2.01253232E+06
 2.01252565E+06
 2.01251960E+06
 2.01251409E+06
 2.01250909E+06
 2.01250452E+06
 2.01250036E+06
 2.01249656E+06
 2.01249309E+06
 2.01248993E+06
 2.01248704E+06
 2.01248442E+06
 2.01248202E+06
 2.01247985E+06
 2.01247789E+06
 2.01247611E+06
 2.01247451E+06
 2.01247308E+06
 2.01247181E+06
 2.01247069E+06
 2.01246971E+06
 2.01246886E+06
 2.01246815E+06
 2.01246756E+06
 2.01246710E+06
 2.01246675E+06
 2.01246652E+06
 2.01246640E+06
 2.01266286E+06
 2.01265429E+06
 2.01264102E+06
 2.01262616E+06
 2.01261142E+06
 2.01259756E+06
 2.01258484E+06
 2.01257329E+06
 2.01256284E+06
 2.01255340E+06
 2.01254486E+06
 2.01253711E+06
 2.01253008E+06
 2.01252369E+06
 2.01251787E+06
 2.01251256E+06
 2.01250771E+06
 2.01250328E+06
 2.01249924E+06
 2.01249554E+06
 2.01249216E+06
 2.01248908E+06
 2.01248626E+06
 2.01248369E+06
 2.01248136E+06
 2.01247923E+06
 2.01247731E+06
 2.01247557E+06
 2.01247400E+06
 2.01247260E+06
 2.01247136E+06
 2.01247026E+06
 2.01246930E+06
 2.01246847E+06
 2.01246777E+06
 2.01246719E+06
 2.01246674E+06
 2.01246640E+06
 2.01246617E+06
 2.01246606E+06
 2.01263538E+06
 2.01263015E+06
 2.01262128E+06
 2.01261049E+06
 2.01259906E+06
 2.01258774E+06
 2.01257694E+06
 2.01256684E+06
 2.01255749E+06
 2.01254890E+06
 2.01254102E+06
 2.01253381E+06
 2.01252720E+06
 2.01252116E+06
 2.01251562E+06
 2.01251056E+06
 2.01250592E+06
 2.01250167E+06
 2.01249777E+06
 2.01249421E+06
 2.01249094E+06
 2.01248796E+06
 2.01248523E+06
 2.01248274E+06
 2.01248047E+06
 2.01247841E+06
 2.01247654E+06
 2.01247485E+06
 2.01247333E+06
 2.01247197E+06
 2.01247076E+06
 2.01246969E+06
 2.01246875E+06
 2.01246795E+06
 2.01246726E+06
 2.01246670E+06
 2.01246626E+06
 2.01246593E+06
 2.01246571E+06
 2.01246560E+06
 2.01261313E+06
 2.01260966E+06
 2.01260345E+06
 2.01259547E+06
 2.01258658E+06
 2.01257740E+06
 2.01256834E+06
 2.01255963E+06
 2.01255139E+06
 2.01254369E+06
 2.01253652E+06
 2.01252989E+06
 2.01252376E+06
 2.01251812E+06
 2.01251292E+06
 2.01250813E+06
 2.01250373E+06
 2.01249969E+06
 2.01249598E+06
 2.01249257E+06
 2.01248944E+06
 2.01248658E+06
 2.01248396E+06
 2.01248157E+06
 2.01247938E+06
 2.01247740E+06
 2.01247560E+06
 2.01247397E+06
 2.01247250E+06
 2.01247118E+06
 2.01247001E+06
 2.01246898E+06
 2.01246808E+06
 2.01246730E+06
 2.01246664E+06
 2.01246610E+06
 2.01246567E+06
 2.01246535E+06
 2.01246514E+06
 2.01246503E+06
 2.01259435E+06
 2.01259190E+06
 2.01258738E+06
 2.01258135E+06
 2.01257438E+06
 2.01256695E+06
 2.01255939E+06
 2.01255194E+06
 2.01254476E+06
 2.01253793E+06
 2.01253149E+06
 2.01252546E+06
 2.01251984E+06
 2.01251463E+06
 2.01250979E+06
 2.01250532E+06
 2.01250119E+06
 2.01249738E+06
 2.01249387E+06
 2.01249065E+06
 2.01248768E+06
 2.01248496E+06
 2.01248246E+06
 2.01248018E+06
 2.01247810E+06
 2.01247620E+06
 2.01247448E+06
 2.01247292E+06
 2.01247152E+06
 2.01247026E+06
 2.01246914E+06
 2.01246814E+06
 2.01246728E+06
 2.01246653E+06
 2.01246590E+06
 2.01246538E+06
 2.01246497E+06
 2.01246466E+06
 2.01246446E+06
 2.01246436E+06
 2.01257802E+06
 2.01257622E+06
 2.01257282E+06
 2.01256817E+06
 2.01256266E+06
 2.01255661E+06
 2.01255032E+06
 2.01254399E+06
 2.01253778E+06
 2.01253178E+06
 2.01252605E+06
 2.01252062E+06
 2.01251553E+06
 2.01251075E+06
 2.01250630E+06
 2.01250217E+06
 2.01249833E+06
 2.01249478E+06
 2.01249149E+06
 2.01248846E+06
 2.01248567E+06
 2.01248311E+06
 2.01248076E+06
 2.01247860E+06
 2.01247663E+06
 2.01247483E+06
 2.01247320E+06
 2.01247172E+06
 2.01247039E+06
 2.01246919E+06
 2.01246813E+06
 2.01246718E+06
 2.01246636E+06
 2.01246565E+06
 2.01246505E+06
 2.01246456E+06
 2.01246416E+06
 2.01246387E+06
 2.01246368E+06
 2.01246358E+06
 2.01256350E+06
 2.01256212E+06
 2.01255951E+06
 2.01255587E+06
 2.01255145E+06
 2.01254652E+06
 2.01254129E+06
 2.01253593E+06
 2.01253059E+06
 2.01252535E+06
 2.01252030E+06
 2.01251546E+06
 2.01251088E+06
 2.01250656E+06
 2.01250250E+06
 2.01249871E+06
 2.01249518E+06
 2.01249190E+06
 2.01248886E+06
 2.01248604E+06
 2.01248344E+06
 2.01248105E+06
 2.01247885E+06
 2.01247683E+06
 2.01247498E+06
 2.01247330E+06
 2.01247176E+06
 2.01247037E+06
 2.01246912E+06
 2.01246800E+06
 2.01246699E+06
 2.01246611E+06
 2.01246533E+06
 2.01246466E+06
 2.01246410E+06
 2.01246363E+06
 2.01246326E+06
 2.01246298E+06
 2.01246280E+06
 2.01246271E+06
 2.01255034E+06
 2.01254927E+06
 2.01254722E+06
 2.01254433E+06
 2.01254077E+06
 2.01253673E+06
 2.01253238E+06
 2.01252786E+06
 2.01252328E+06
 2.01251875E+06
 2.01251432E+06
 2.01251006E+06
 2.01250597E+06
 2.01250210E+06
 2.01249844E+06
 2.01249500E+06
 2.01249178E+06
 2.01248878E+06
 2.01248599E+06
 2.01248340E+06
 2.01248101E+06
 2.01247880E+06
 2.01247676E+06
 2.01247489E+06
 2.01247318E+06
 2.01247161E+06
 2.01247019E+06
 2.01246889E+06
 2.01246773E+06
 2.01246668E+06
 2.01246574E+06
 2.01246492E+06
 2.01246419E+06
 2.01246357E+06
 2.01246304E+06
 2.01246261E+06
 2.01246226E+06
 2.01246200E+06
 2.01246183E+06
 2.01246175E+06
 2.01253825E+06
 2.01253741E+06
 2.01253578E+06
 2.01253346E+06
 2.01253057E+06
 2.01252726E+06
 2.01252364E+06
 2.01251983E+06
 2.01251594E+06
 2.01251204E+06
 2.01250820E+06
 2.01250446E+06
 2.01250086E+06
 2.01249742E+06
 2.01249415E+06
 2.01249107E+06
 2.01248817E+06
 2.01248546E+06
 2.01248293E+06
 2.01248057E+06
 2.01247839E+06
 2.01247637E+06
 2.01247451E+06
 2.01247279E+06
 2.01247122E+06
 2.01246978E+06
 2.01246847E+06
 2.01246729E+06
 2.01246621E+06
 2.01246525E+06
 2.01246439E+06
 2.01246362E+06
 2.01246296E+06
 2.01246238E+06
 2.01246190E+06
 2.01246149E+06
 2.01246118E+06
 2.01246094E+06
 2.01246078E+06
 2.01246070E+06
 2.01252700E+06
 2.01252633E+06
 2.01252502E+06
 2.01252315E+06
 2.01252081E+06
 2.01251808E+06
 2.01251508E+06
 2.01251189E+06
 2.01250860E+06
 2.01250527E+06
 2.01250197E+06
 2.01249872E+06
 2.01249558E+06
 2.01249256E+06
 2.01248968E+06
 2.01248695E+06
 2.01248437E+06
 2.01248195E+06
 2.01247968E+06
 2.01247757E+06
 2.01247561E+06
 2.01247379E+06
 2.01247211E+06
 2.01247056E+06
 2.01246913E+06
 2.01246783E+06
 2.01246664E+06
 2.01246556E+06
 2.01246459E+06
 2.01246371E+06
 2.01246293E+06
 2.01246224E+06
 2.01246163E+06
 2.01246111E+06
 2.01246066E+06
 2.01246030E+06
 2.01246001E+06
 2.01245979E+06
 2.01245965E+06
 2.01245958E+06
 2.01251642E+06
 2.01251588E+06
 2.01251483E+06
 2.01251332E+06
 2.01251142E+06
 2.01250919E+06
 2.01250671E+06
 2.01250405E+06
 2.01250129E+06
 2.01249848E+06
 2.01249567E+06
 2.01249289E+06
 2.01249019E+06
 2.01248757E+06
 2.01248506E+06
 2.01248268E+06
 2.01248042E+06
 2.01247829E+06
 2.01247629E+06
 2.01247442E+06
 2.01247268E+06
 2.01247107E+06
 2.01246957E+06
 2.01246819E+06
 2.01246692E+06
 2.01246576E+06
 2.01246470E+06
 2.01246374E+06
 2.01246287E+06
 2.01246208E+06
 2.01246138E+06
 2.01246076E+06
 2.01246022E+06
 2.01245975E+06
 2.01245935E+06
 2.01245903E+06
 2.01245877E+06
 2.01245857E+06
 2.01245844E+06
 2.01245838E+06
 2.01250637E+06
 2.01250594E+06
 2.01250511E+06
 2.01250389E+06
 2.01250235E+06
 2.01250054E+06
 2.01249851E+06
 2.01249633E+06
 2.01249404E+06
 2.01249169E+06
 2.01248933E+06
 2.01248699E+06
 2.01248470E+06
 2.01248247E+06
 2.01248033E+06
 2.01247828E+06
 2.01247633E+06
 2.01247449E+06
 2.01247276E+06
 2.01247114E+06
 2.01246963E+06
 2.01246822E+06
 2.01246692E+06
 2.01246572E+06
 2.01246461E+06
 2.01246359E+06
 2.01246267E+06
 2.01246182E+06
 2.01246106E+06
 2.01246037E+06
 2.01245976E+06
 2.01245921E+06
 2.01245874E+06
 2.01245832E+06
 2.01245798E+06
 2.01245769E+06
 2.01245746E+06
 2.01245729E+06
 2.01245718E+06
 2.01245712E+06
 2.01249675E+06
 2.01249642E+06
 2.01249575E+06
 2.01249479E+06
 2.01249356E+06
 2.01249211E+06
 2.01249047E+06
 2.01248870E+06
 2.01248684E+06
 2.01248492E+06
 2.01248298E+06
 2.01248104E+06
 2.01247914E+06
 2.01247728E+06
 2.01247549E+06
 2.01247377E+06
 2.01247214E+06
 2.01247059E+06
 2.01246913E+06
 2.01246776E+06
 2.01246647E+06
 2.01246528E+06
 2.01246417E+06
 2.01246315E+06
 2.01246220E+06
 2.01246134E+06
 2.01246055E+06
 2.01245983E+06
 2.01245917E+06
 2.01245858E+06
 2.01245806E+06
 2.01245759E+06
 2.01245719E+06
 2.01245684E+06
 2.01245654E+06
 2.01245629E+06
 2.01245610E+06
 2.01245595E+06
 2.01245585E+06
 2.01245580E+06
 2.01248747E+06
 2.01248721E+06
 2.01248670E+06
 2.01248595E+06
 2.01248499E+06
 2.01248385E+06
 2.01248257E+06
 2.01248117E+06
 2.01247970E+06
 2.01247817E+06
 2.01247662E+06
 2.01247507E+06
 2.01247353E+06
 2.01247204E+06
 2.01247059E+06
 2.01246919E+06
 2.01246786E+06
 2.01246660E+06
 2.01246540E+06
 2.01246428E+06
 2.01246323E+06
 2.01246225E+06
 2.01246134E+06
 2.01246050E+06
 2.01245972E+06
 2.01245901E+06
 2.01245835E+06
 2.01245776E+06
 2.01245722E+06
 2.01245674E+06
 2.01245630E+06
 2.01245592E+06
 2.01245558E+06
 2.01245529E+06
 2.01245505E+06
 2.01245484E+06
 2.01245468E+06
 2.01245456E+06
 2.01245448E+06
 2.01245444E+06
 2.01247846E+06
 2.01247826E+06
 2.01247788E+06
 2.01247732E+06
 2.01247660E+06
 2.01247575E+06
 2.01247478E+06
 2.01247372E+06
 2.01247260E+06
 2.01247144E+06
 2.01247026E+06
 2.01246907E+06
 2.01246789E+06
 2.01246674E+06
 2.01246562E+06
 2.01246454E+06
 2.01246351E+06
 2.01246253E+06
 2.01246160E+06
 2.01246073E+06
 2.01245991E+06
 2.01245915E+06
 2.01245844E+06
 2.01245778E+06
 2.01245717E+06
 2.01245662E+06
 2.01245611E+06
 2.01245564E+06
 2.01245522E+06
 2.01245484E+06
 2.01245450E+06
 2.01245420E+06
 2.01245393E+06
 2.01245371E+06
 2.01245351E+06
 2.01245335E+06
 2.01245323E+06
 2.01245313E+06
 2.01245307E+06
 2.01245304E+06
 2.01246964E+06
 2.01246950E+06
 2.01246923E+06
 2.01246885E+06
 2.01246835E+06
 2.01246775E+06
 2.01246708E+06
 2.01246634E+06
 2.01246555E+06
 2.01246474E+06
 2.01246390E+06
 2.01246306E+06
 2.01246223E+06
 2.01246141E+06
 2.01246062E+06
 2.01245985E+06
 2.01245912E+06
 2.01245842E+06
 2.01245775E+06
 2.01245713E+06
 2.01245654E+06
 2.01245600E+06
 2.01245549E+06
 2.01245501E+06
 2.01245458E+06
 2.01245418E+06
 2.01245381E+06
 2.01245348E+06
 2.01245317E+06
 2.01245290E+06
 2.01245266E+06
 2.01245244E+06
 2.01245225E+06
 2.01245208E+06
 2.01245194E+06
 2.01245183E+06
 2.01245174E+06
 2.01245167E+06
 2.01245163E+06
 2.01245160E+06
 2.01246095E+06
 2.01246087E+06
 2.01246071E+06
 2.01246048E+06
 2.01246019E+06
 2.01245984E+06
 2.01245944E+06
 2.01245900E+06
 2.01245853E+06
 2.01245805E+06
 2.01245755E+06
 2.01245705E+06
 2.01245655E+06
 2.01245606E+06
 2.01245559E+06
 2.01245513E+06
 2.01245468E+06
 2.01245426E+06
 2.01245386E+06
 2.01245349E+06
 2.01245314E+06
 2.01245281E+06
 2.01245250E+06
 2.01245221E+06
 2.01245195E+06
 2.01245171E+06
 2.01245148E+06
 2.01245128E+06
 2.01245110E+06
 2.01245093E+06
 2.01245078E+06
 2.01245065E+06
 2.01245054E+06
 2.01245044E+06
 2.01245035E+06
 2.01245028E+06
 2.01245023E+06
 2.01245019E+06
 2.01245016E+06
 2.01245015E+06
 2.01245234E+06
 2.01245232E+06
 2.01245226E+06
 2.01245219E+06
 2.01245209E+06
 2.01245197E+06
 2.01245184E+06
 2.01245169E+06
 2.01245153E+06
 2.01245137E+06
 2.01245120E+06
 2.01245103E+06
 2.01245087E+06
 2.01245070E+06
 2.01245054E+06
 2.01245038E+06
 2.01245023E+06
 2.01245009E+06
 2.01244995E+06
 2.01244983E+06
 2.01244970E+06
 2.01244959E+06
 2.01244949E+06
 2.01244939E+06
 2.01244930E+06
 2.01244921E+06
 2.01244914E+06
 2.01244907E+06
 2.01244901E+06
 2.01244895E+06
 2.01244890E+06
 2.01244885E+06
 2.01244881E+06
 2.01244878E+06
 2.01244875E+06
 2.01244872E+06
 2.01244870E+06
 2.01244869E+06
 2.01244868E+06
 2.01244868E+06
 2.01244376E+06
 2.01244379E+06
 2.01244384E+06
 2.01244391E+06
 2.01244401E+06
 2.01244412E+06
 2.01244425E+06
 2.01244439E+06
 2.01244454E+06
 2.01244470E+06
 2.01244486E+06
 2.01244502E+06
 2.01244518E+06
 2.01244533E+06
 2.01244549E+06
 2.01244563E+06
 2.01244577E+06
 2.01244591E+06
 2.01244603E+06
 2.01244615E+06
 2.01244627E+06
 2.01244637E+06
 2.01244647E+06
 2.01244656E+06
 2.01244664E+06
 2.01244672E+06
 2.01244679E+06
 2.01244685E+06
 2.01244691E+06
 2.01244696E+06
 2.01244700E+06
 2.01244704E+06
 2.01244708E+06
 2.01244711E+06
 2.01244714E+06
 2.01244716E+06
 2.01244718E+06
 2.01244719E+06
 2.01244720E+06
 2.01244720E+06
 2.01243516E+06
 2.01243524E+06
 2.01243539E+06
 2.01243562E+06
 2.01243591E+06
 2.01243626E+06
 2.01243665E+06
 2.01243708E+06
 2.01243754E+06
 2.01243802E+06
 2.01243851E+06
 2.01243900E+06
 2.01243949E+06
 2.01243997E+06
 2.01244044E+06
 2.01244089E+06
 2.01244132E+06
 2.01244173E+06
 2.01244212E+06
 2.01244249E+06
 2.01244284E+06
 2.01244316E+06
 2.01244346E+06
 2.01244373E+06
 2.01244399E+06
 2.01244422E+06
 2.01244444E+06
 2.01244464E+06
 2.01244481E+06
 2.01244497E+06
 2.01244512E+06
 2.01244524E+06
 2.01244535E+06
 2.01244545E+06
 2.01244553E+06
 2.01244560E+06
 2.01244565E+06
 2.01244569E+06
 2.01244572E+06
 2.01244573E+06
 2.01242647E+06
 2.01242661E+06
 2.01242687E+06
 2.01242726E+06
 2.01242775E+06
 2.01242834E+06
 2.01242901E+06
 2.01242974E+06
 2.01243052E+06
 2.01243133E+06
 2.01243216E+06
 2.01243299E+06
 2.01243381E+06
 2.01243462E+06
 2.01243541E+06
 2.01243616E+06
 2.01243689E+06
 2.01243758E+06
 2.01243823E+06
 2.01243885E+06
 2.01243943E+06
 2.01243997E+06
 2.01244047E+06
 2.01244093E+06
 2.01244136E+06
 2.01244175E+06
 2.01244211E+06
 2.01244244E+06
 2.01244274E+06
 2.01244301E+06
 2.01244325E+06
 2.01244346E+06
 2.01244364E+06
 2.01244380E+06
 2.01244394E+06
 2.01244405E+06
 2.01244414E+06
 2.01244421E+06
 2.01244425E+06
 2.01244427E+06
 2.01241765E+06
 2.01241785E+06
 2.01241823E+06
 2.01241879E+06
 2.01241950E+06
 2.01242035E+06
 2.01242131E+06
 2.01242236E+06
 2.01242347E+06
 2.01242463E+06
 2.01242580E+06
 2.01242698E+06
 2.01242815E+06
 2.01242929E+06
 2.01243040E+06
 2.01243147E+06
 2.01243249E+06
 2.01243347E+06
 2.01243438E+06
 2.01243525E+06
 2.01243606E+06
 2.01243681E+06
 2.01243752E+06
 2.01243817E+06
 2.01243876E+06
 2.01243932E+06
 2.01243982E+06
 2.01244028E+06
 2.01244069E+06
 2.01244107E+06
 2.01244140E+06
 2.01244170E+06
 2.01244196E+06
 2.01244218E+06
 2.01244237E+06
 2.01244253E+06
 2.01244266E+06
 2.01244275E+06
 2.01244281E+06
 2.01244284E+06
 2.01240864E+06
 2.01240890E+06
 2.01240942E+06
 2.01241016E+06
 2.01241112E+06
 2.01241225E+06
 2.01241353E+06
 2.01241491E+06
 2.01241638E+06
 2.01241790E+06
 2.01241945E+06
 2.01242099E+06
 2.01242251E+06
 2.01242400E+06
 2.01242544E+06
 2.01242683E+06
 2.01242815E+06
 2.01242940E+06
 2.01243059E+06
 2.01243170E+06
 2.01243274E+06
 2.01243371E+06
 2.01243462E+06
 2.01243545E+06
 2.01243622E+06
 2.01243692E+06
 2.01243757E+06
 2.01243816E+06
 2.01243869E+06
 2.01243917E+06
 2.01243960E+06
 2.01243998E+06
 2.01244031E+06
 2.01244060E+06
 2.01244084E+06
 2.01244104E+06
 2.01244120E+06
 2.01244132E+06
 2.01244140E+06
 2.01244144E+06
 2.01239937E+06
 2.01239971E+06
 2.01240037E+06
 2.01240133E+06
 2.01240255E+06
 2.01240400E+06
 2.01240563E+06
 2.01240739E+06
 2.01240924E+06
 2.01241116E+06
 2.01241309E+06
 2.01241501E+06
 2.01241691E+06
 2.01241875E+06
 2.01242054E+06
 2.01242225E+06
 2.01242387E+06
 2.01242541E+06
 2.01242686E+06
 2.01242823E+06
 2.01242950E+06
 2.01243068E+06
 2.01243178E+06
 2.01243280E+06
 2.01243374E+06
 2.01243459E+06
 2.01243538E+06
 2.01243609E+06
 2.01243674E+06
 2.01243732E+06
 2.01243784E+06
 2.01243830E+06
 2.01243871E+06
 2.01243905E+06
 2.01243935E+06
 2.01243959E+06
 2.01243979E+06
 2.01243993E+06
 2.01244003E+06
 2.01244007E+06
 2.01238976E+06
 2.01239018E+06
 2.01239102E+06
 2.01239223E+06
 2.01239376E+06
 2.01239557E+06
 2.01239759E+06
 2.01239977E+06
 2.01240205E+06
 2.01240439E+06
 2.01240674E+06
 2.01240907E+06
 2.01241135E+06
 2.01241357E+06
 2.01241571E+06
 2.01241774E+06
 2.01241968E+06
 2.01242151E+06
 2.01242323E+06
 2.01242484E+06
 2.01242634E+06
 2.01242774E+06
 2.01242903E+06
 2.01243023E+06
 2.01243133E+06
 2.01243234E+06
 2.01243326E+06
 2.01243410E+06
 2.01243485E+06
 2.01243554E+06
 2.01243615E+06
 2.01243668E+06
 2.01243716E+06
 2.01243756E+06
 2.01243791E+06
 2.01243819E+06
 2.01243842E+06
 2.01243859E+06
 2.01243870E+06
 2.01243876E+06
 2.01237972E+06
 2.01238025E+06
 2.01238130E+06
 2.01238280E+06
 2.01238470E+06
 2.01238693E+06
 2.01238940E+06
 2.01239205E+06
 2.01239480E+06
 2.01239760E+06
 2.01240041E+06
 2.01240317E+06
 2.01240587E+06
 2.01240847E+06
 2.01241097E+06
 2.01241335E+06
 2.01241560E+06
 2.01241772E+06
 2.01241971E+06
 2.01242156E+06
 2.01242329E+06
 2.01242490E+06
 2.01242639E+06
 2.01242776E+06
 2.01242902E+06
 2.01243017E+06
 2.01243122E+06
 2.01243218E+06
 2.01243305E+06
 2.01243382E+06
 2.01243452E+06
 2.01243513E+06
 2.01243567E+06
 2.01243614E+06
 2.01243653E+06
 2.01243686E+06
 2.01243711E+06
 2.01243731E+06
 2.01243743E+06
 2.01243750E+06
 2.01236915E+06
 2.01236982E+06
 2.01237112E+06
 2.01237298E+06
 2.01237532E+06
 2.01237804E+06
 2.01238104E+06
 2.01238422E+06
 2.01238750E+06
 2.01239082E+06
 2.01239411E+06
 2.01239734E+06
 2.01240047E+06
 2.01240348E+06
 2.01240635E+06
 2.01240908E+06
 2.01241164E+06
 2.01241406E+06
 2.01241631E+06
 2.01241841E+06
 2.01242037E+06
 2.01242218E+06
 2.01242385E+06
 2.01242539E+06
 2.01242681E+06
 2.01242810E+06
 2.01242928E+06
 2.01243036E+06
 2.01243133E+06
 2.01243220E+06
 2.01243297E+06
 2.01243366E+06
 2.01243426E+06
 2.01243478E+06
 2.01243522E+06
 2.01243559E+06
 2.01243587E+06
 2.01243609E+06
 2.01243623E+06
 2.01243630E+06
 2.01235791E+06
 2.01235875E+06
 2.01236037E+06
 2.01236268E+06
 2.01236556E+06
 2.01236887E+06
 2.01237249E+06
 2.01237628E+06
 2.01238017E+06
 2.01238405E+06
 2.01238789E+06
 2.01239161E+06
 2.01239520E+06
 2.01239863E+06
 2.01240189E+06
 2.01240496E+06
 2.01240785E+06
 2.01241055E+06
 2.01241307E+06
 2.01241541E+06
 2.01241759E+06
 2.01241960E+06
 2.01242145E+06
 2.01242316E+06
 2.01242472E+06
 2.01242615E+06
 2.01242745E+06
 2.01242863E+06
 2.01242970E+06
 2.01243066E+06
 2.01243152E+06
 2.01243227E+06
 2.01243294E+06
 2.01243351E+06
 2.01243399E+06
 2.01243439E+06
 2.01243471E+06
 2.01243494E+06
 2.01243510E+06
 2.01243518E+06
 2.01234583E+06
 2.01234689E+06
 2.01234894E+06
 2.01235182E+06
 2.01235537E+06
 2.01235941E+06
 2.01236375E+06
 2.01236826E+06
 2.01237283E+06
 2.01237735E+06
 2.01238176E+06
 2.01238602E+06
 2.01239009E+06
 2.01239396E+06
 2.01239760E+06
 2.01240103E+06
 2.01240424E+06
 2.01240723E+06
 2.01241001E+06
 2.01241258E+06
 2.01241497E+06
 2.01241717E+06
 2.01241920E+06
 2.01242106E+06
 2.01242277E+06
 2.01242432E+06
 2.01242574E+06
 2.01242703E+06
 2.01242819E+06
 2.01242923E+06
 2.01243016E+06
 2.01243098E+06
 2.01243170E+06
 2.01243232E+06
 2.01243284E+06
 2.01243328E+06
 2.01243362E+06
 2.01243388E+06
 2.01243404E+06
 2.01243413E+06
 2.01233268E+06
 2.01233405E+06
 2.01233666E+06
 2.01234030E+06
 2.01234470E+06
 2.01234963E+06
 2.01235485E+06
 2.01236020E+06
 2.01236553E+06
 2.01237075E+06
 2.01237579E+06
 2.01238062E+06
 2.01238519E+06
 2.01238950E+06
 2.01239354E+06
 2.01239732E+06
 2.01240084E+06
 2.01240411E+06
 2.01240714E+06
 2.01240995E+06
 2.01241254E+06
 2.01241492E+06
 2.01241711E+06
 2.01241912E+06
 2.01242096E+06
 2.01242264E+06
 2.01242416E+06
 2.01242555E+06
 2.01242679E+06
 2.01242791E+06
 2.01242891E+06
 2.01242979E+06
 2.01243056E+06
 2.01243123E+06
 2.01243179E+06
 2.01243225E+06
 2.01243262E+06
 2.01243290E+06
 2.01243308E+06
 2.01243317E+06
 2.01231817E+06
 2.01231997E+06
 2.01232336E+06
 2.01232800E+06
 2.01233351E+06
 2.01233954E+06
 2.01234582E+06
 2.01235214E+06
 2.01235834E+06
 2.01236433E+06
 2.01237005E+06
 2.01237546E+06
 2.01238055E+06
 2.01238531E+06
 2.01238974E+06
 2.01239387E+06
 2.01239770E+06
 2.01240124E+06
 2.01240451E+06
 2.01240753E+06
 2.01241031E+06
 2.01241286E+06
 2.01241521E+06
 2.01241735E+06
 2.01241932E+06
 2.01242110E+06
 2.01242273E+06
 2.01242420E+06
 2.01242553E+06
 2.01242672E+06
 2.01242778E+06
 2.01242871E+06
 2.01242953E+06
 2.01243024E+06
 2.01243084E+06
 2.01243133E+06
 2.01243172E+06
 2.01243201E+06
 2.01243220E+06
 2.01243230E+06
 2.01230185E+06
 2.01230430E+06
 2.01230881E+06
 2.01231484E+06
 2.01232179E+06
 2.01232922E+06
 2.01233677E+06
 2.01234420E+06
 2.01235137E+06
 2.01235819E+06
 2.01236461E+06
 2.01237063E+06
 2.01237623E+06
 2.01238144E+06
 2.01238626E+06
 2.01239072E+06
 2.01239484E+06
 2.01239863E+06
 2.01240213E+06
 2.01240535E+06
 2.01240830E+06
 2.01241101E+06
 2.01241350E+06
 2.01241577E+06
 2.01241785E+06
 2.01241973E+06
 2.01242145E+06
 2.01242300E+06
 2.01242440E+06
 2.01242565E+06
 2.01242677E+06
 2.01242775E+06
 2.01242862E+06
 2.01242936E+06
 2.01242999E+06
 2.01243050E+06
 2.01243091E+06
 2.01243122E+06
 2.01243142E+06
 2.01243152E+06
 2.01228309E+06
 2.01228656E+06
 2.01229276E+06
 2.01230073E+06
 2.01230961E+06
 2.01231877E+06
 2.01232782E+06
 2.01233652E+06
 2.01234474E+06
 2.01235243E+06
 2.01235958E+06
 2.01236620E+06
 2.01237232E+06
 2.01237795E+06
 2.01238314E+06
 2.01238791E+06
 2.01239230E+06
 2.01239633E+06
 2.01240003E+06
 2.01240343E+06
 2.01240654E+06
 2.01240939E+06
 2.01241200E+06
 2.01241439E+06
 2.01241656E+06
 2.01241854E+06
 2.01242033E+06
 2.01242196E+06
 2.01242342E+06
 2.01242473E+06
 2.01242589E+06
 2.01242692E+06
 2.01242782E+06
 2.01242859E+06
 2.01242925E+06
 2.01242979E+06
 2.01243021E+06
 2.01243053E+06
 2.01243074E+06
 2.01243085E+06
 2.01226087E+06
 2.01226608E+06
 2.01227494E+06
 2.01228572E+06
 2.01229714E+06
 2.01230844E+06
 2.01231923E+06
 2.01232932E+06
 2.01233865E+06
 2.01234722E+06
 2.01235509E+06
 2.01236229E+06
 2.01236888E+06
 2.01237491E+06
 2.01238043E+06
 2.01238548E+06
 2.01239011E+06
 2.01239435E+06
 2.01239823E+06
 2.01240179E+06
 2.01240504E+06
 2.01240802E+06
 2.01241073E+06
 2.01241321E+06
 2.01241547E+06
 2.01241753E+06
 2.01241939E+06
 2.01242107E+06
 2.01242259E+06
 2.01242394E+06
 2.01242515E+06
 2.01242621E+06
 2.01242714E+06
 2.01242795E+06
 2.01242862E+06
 2.01242918E+06
 2.01242962E+06
 2.01242995E+06
 2.01243017E+06
 2.01243028E+06
 2.01223342E+06
 2.01224197E+06
 2.01225521E+06
 2.01227006E+06
 2.01228478E+06
 2.01229863E+06
 2.01231134E+06
 2.01232287E+06
 2.01233330E+06
 2.01234273E+06
 2.01235126E+06
 2.01235899E+06
 2.01236600E+06
 2.01237238E+06
 2.01237819E+06
 2.01238349E+06
 2.01238832E+06
 2.01239273E+06
 2.01239677E+06
 2.01240045E+06
 2.01240382E+06
 2.01240690E+06
 2.01240970E+06
 2.01241226E+06
 2.01241459E+06
 2.01241671E+06
 2.01241862E+06
 2.01242036E+06
 2.01242191E+06
 2.01242331E+06
 2.01242455E+06
 2.01242564E+06
 2.01242660E+06
 2.01242742E+06
 2.01242812E+06
 2.01242869E+06
 2.01242915E+06
 2.01242949E+06
 2.01242971E+06
 2.01242982E+06
 2.01219744E+06
 2.01221314E+06
 2.01223389E+06
 2.01225451E+06
 2.01227331E+06
 2.01228996E+06
 2.01230461E+06
 2.01231753E+06
 2.01232896E+06
 2.01233913E+06
 2.01234823E+06
 2.01235640E+06
 2.01236376E+06
 2.01237042E+06
 2.01237646E+06
 2.01238195E+06
 2.01238695E+06
 2.01239150E+06
 2.01239565E+06
 2.01239944E+06
 2.01240289E+06
 2.01240604E+06
 2.01240892E+06
 2.01241154E+06
 2.01241392E+06
 2.01241608E+06
 2.01241804E+06
 2.01241981E+06
 2.01242140E+06
 2.01242283E+06
 2.01242409E+06
 2.01242521E+06
 2.01242619E+06
 2.01242703E+06
 2.01242774E+06
 2.01242832E+06
 2.01242879E+06
 2.01242913E+06
 2.01242936E+06
 2.01242947E+06
 2.01214575E+06
 2.01217927E+06
 2.01221267E+06
 2.01224080E+06
 2.01226398E+06
 2.01228329E+06
 2.01229963E+06
 2.01231367E+06
 2.01232588E+06
 2.01233661E+06
 2.01234612E+06
 2.01235461E+06
 2.01236222E+06
 2.01236909E+06
 2.01237529E+06
 2.01238091E+06
 2.01238601E+06
 2.01239066E+06
 2.01239489E+06
 2.01239875E+06
 2.01240227E+06
 2.01240547E+06
 2.01240839E+06
 2.01241105E+06
 2.01241347E+06
 2.01241567E+06
 2.01241766E+06
 2.01241945E+06
 2.01242106E+06
 2.01242251E+06
 2.01242379E+06
 2.01242492E+06
 2.01242591E+06
 2.01242676E+06
 2.01242748E+06
 2.01242808E+06
 2.01242855E+06
 2.01242889E+06
 2.01242913E+06
 2.01242924E+06
 2.01206055E+06
 2.01214552E+06
 2.01219674E+06
 2.01223202E+06
 2.01225853E+06
 2.01227959E+06
 2.01229695E+06
 2.01231163E+06
 2.01232427E+06
 2.01233531E+06
 2.01234504E+06
 2.01235370E+06
 2.01236144E+06
 2.01236841E+06
 2.01237469E+06
 2.01238038E+06
 2.01238555E+06
 2.01239024E+06
 2.01239451E+06
 2.01239840E+06
 2.01240195E+06
 2.01240518E+06
 2.01240813E+06
 2.01241081E+06
 2.01241325E+06
 2.01241546E+06
 2.01241746E+06
 2.01241927E+06
 2.01242089E+06
 2.01242235E+06
 2.01242364E+06
 2.01242478E+06
 2.01242577E+06
 2.01242663E+06
 2.01242735E+06
 2.01242795E+06
 2.01242842E+06
 2.01242878E+06
 2.01242901E+06
 2.01242913E+06
