 9.94353E-01
 5.20367E-01
 5.00957E-01
 5.00120E-01
 5.00092E-01
 5.00088E-01
 5.00086E-01
 5.00084E-01
 5.00082E-01
 5.00080E-01
 5.00079E-01
 5.00077E-01
 5.00076E-01
 5.00075E-01
 5.00074E-01
 5.00073E-01
 5.00073E-01
 5.00072E-01
 5.00071E-01
 5.00071E-01
 5.00070E-01
 5.00070E-01
 5.00069E-01
 5.00069E-01
 5.00068E-01
 5.00068E-01
 5.00068E-01
 5.00068E-01
 5.00067E-01
 5.00067E-01
 5.00067E-01
 5.00067E-01
 5.00067E-01
 5.00066E-01
 5.00066E-01
 5.00066E-01
 5.00066E-01
 5.00066E-01
 5.00066E-01
 5.00066E-01
 5.20429E-01
 5.01213E-01
 5.00139E-01
 5.00095E-01
 5.00091E-01
 5.00088E-01
 5.00085E-01
 5.00083E-01
 5.00081E-01
 5.00080E-01
 5.00078E-01
 5.00077E-01
 5.00076E-01
 5.00075E-01
 5.00074E-01
 5.00073E-01
 5.00073E-01
 5.00072E-01
 5.00071E-01
 5.00071E-01
 5.00070E-01
 5.00070E-01
 5.00069E-01
 5.00069E-01
 5.00068E-01
 5.00068E-01
 5.00068E-01
 5.00068E-01
 5.00067E-01
 5.00067E-01
 5.00067E-01
 5.00067E-01
 5.00067E-01
 5.00066E-01
 5.00066E-01
 5.00066E-01
 5.00066E-01
 5.00066E-01
 5.00066E-01
 5.00066E-01
 5.00967E-01
 5.00139E-01
 5.00097E-01
 5.00092E-01
 5.00089E-01
 5.00087E-01
 5.00085E-01
 5.00083E-01
 5.00081E-01
 5.00079E-01
 5.00078E-01
 5.00077E-01
 5.00076E-01
 5.00075E-01
 5.00074E-01
 5.00073E-01
 5.00072E-01
 5.00072E-01
 5.00071E-01
 5.00071E-01
 5.00070E-01
 5.00070E-01
 5.00069E-01
 5.00069E-01
 5.00068E-01
 5.00068E-01
 5.00068E-01
 5.00068E-01
 5.00067E-01
 5.00067E-01
 5.00067E-01
 5.00067E-01
 5.00067E-01
 5.00066E-01
 5.00066E-01
 5.00066E-01
 5.00066E-01
 5.00066E-01
 5.00066E-01
 5.00066E-01
 5.00121E-01
 5.00095E-01
 5.00092E-01
 5.00090E-01
 5.00088E-01
 5.00086E-01
 5.00084E-01
 5.00082E-01
 5.00080E-01
 5.00079E-01
 5.00078E-01
 5.00077E-01
 5.00075E-01
 5.00075E-01
 5.00074E-01
 5.00073E-01
 5.00072E-01
 5.00072E-01
 5.00071E-01
 5.00070E-01
 5.00070E-01
 5.00069E-01
 5.00069E-01
 5.00069E-01
 5.00068E-01
 5.00068E-01
 5.00068E-01
 5.00067E-01
 5.00067E-01
 5.00067E-01
 5.00067E-01
 5.00067E-01
 5.00066E-01
 5.00066E-01
 5.00066E-01
 5.00066E-01
 5.00066E-01
 5.00066E-01
 5.00066E-01
 5.00066E-01
 5.00092E-01
 5.00091E-01
 5.00089E-01
 5.00088E-01
 5.00086E-01
 5.00084E-01
 5.00082E-01
 5.00081E-01
 5.00080E-01
 5.00078E-01
 5.00077E-01
 5.00076E-01
 5.00075E-01
 5.00074E-01
 5.00073E-01
 5.00073E-01
 5.00072E-01
 5.00071E-01
 5.00071E-01
 5.00070E-01
 5.00070E-01
 5.00069E-01
 5.00069E-01
 5.00068E-01
 5.00068E-01
 5.00068E-01
 5.00068E-01
 5.00067E-01
 5.00067E-01
 5.00067E-01
 5.00067E-01
 5.00067E-01
 5.00066E-01
 5.00066E-01
 5.00066E-01
 5.00066E-01
 5.00066E-01
 5.00066E-01
 5.00066E-01
 5.00066E-01
 5.00088E-01
 5.00087E-01
 5.00086E-01
 5.00085E-01
 5.00084E-01
 5.00083E-01
 5.00081E-01
 5.00080E-01
 5.00079E-01
 5.00078E-01
 5.00076E-01
 5.00075E-01
 5.00075E-01
 5.00074E-01
 5.00073E-01
 5.00072E-01
 5.00072E-01
 5.00071E-01
 5.00070E-01
 5.00070E-01
 5.00069E-01
 5.00069E-01
 5.00069E-01
 5.00068E-01
 5.00068E-01
 5.00068E-01
 5.00067E-01
 5.00067E-01
 5.00067E-01
 5.00067E-01
 5.00067E-01
 5.00066E-01
 5.00066E-01
 5.00066E-01
 5.00066E-01
 5.00066E-01
 5.00066E-01
 5.00066E-01
 5.00066E-01
 5.00066E-01
 5.00085E-01
 5.00085E-01
 5.00084E-01
 5.00083E-01
 5.00082E-01
 5.00081E-01
 5.00080E-01
 5.00079E-01
 5.00078E-01
 5.00077E-01
 5.00076E-01
 5.00075E-01
 5.00074E-01
 5.00073E-01
 5.00072E-01
 5.00072E-01
 5.00071E-01
 5.00071E-01
 5.00070E-01
 5.00070E-01
 5.00069E-01
 5.00069E-01
 5.00068E-01
 5.00068E-01
 5.00068E-01
 5.00068E-01
 5.00067E-01
 5.00067E-01
 5.00067E-01
 5.00067E-01
 5.00066E-01
 5.00066E-01
 5.00066E-01
 5.00066E-01
 5.00066E-01
 5.00066E-01
 5.00066E-01
 5.00066E-01
 5.00066E-01
 5.00066E-01
 5.00083E-01
 5.00082E-01
 5.00082E-01
 5.00081E-01
 5.00080E-01
 5.00079E-01
 5.00079E-01
 5.00078E-01
 5.00077E-01
 5.00076E-01
 5.00075E-01
 5.00074E-01
 5.00073E-01
 5.00073E-01
 5.00072E-01
 5.00071E-01
 5.00071E-01
 5.00070E-01
 5.00070E-01
 5.00069E-01
 5.00069E-01
 5.00069E-01
 5.00068E-01
 5.00068E-01
 5.00068E-01
 5.00067E-01
 5.00067E-01
 5.00067E-01
 5.00067E-01
 5.00066E-01
 5.00066E-01
 5.00066E-01
 5.00066E-01
 5.00066E-01
 5.00066E-01
 5.00066E-01
 5.00066E-01
 5.00066E-01
 5.00066E-01
 5.00066E-01
 5.00081E-01
 5.00080E-01
 5.00080E-01
 5.00079E-01
 5.00079E-01
 5.00078E-01
 5.00077E-01
 5.00076E-01
 5.00076E-01
 5.00075E-01
 5.00074E-01
 5.00073E-01
 5.00073E-01
 5.00072E-01
 5.00071E-01
 5.00071E-01
 5.00070E-01
 5.00070E-01
 5.00069E-01
 5.00069E-01
 5.00069E-01
 5.00068E-01
 5.00068E-01
 5.00068E-01
 5.00067E-01
 5.00067E-01
 5.00067E-01
 5.00067E-01
 5.00066E-01
 5.00066E-01
 5.00066E-01
 5.00066E-01
 5.00066E-01
 5.00066E-01
 5.00066E-01
 5.00066E-01
 5.00066E-01
 5.00066E-01
 5.00066E-01
 5.00066E-01
 5.00079E-01
 5.00078E-01
 5.00078E-01
 5.00078E-01
 5.00077E-01
 5.00077E-01
 5.00076E-01
 5.00075E-01
 5.00075E-01
 5.00074E-01
 5.00073E-01
 5.00073E-01
 5.00072E-01
 5.00071E-01
 5.00071E-01
 5.00070E-01
 5.00070E-01
 5.00069E-01
 5.00069E-01
 5.00069E-01
 5.00068E-01
 5.00068E-01
 5.00068E-01
 5.00067E-01
 5.00067E-01
 5.00067E-01
 5.00067E-01
 5.00066E-01
 5.00066E-01
 5.00066E-01
 5.00066E-01
 5.00066E-01
 5.00066E-01
 5.00066E-01
 5.00066E-01
 5.00066E-01
 5.00065E-01
 5.00065E-01
 5.00065E-01
 5.00065E-01
 5.00077E-01
 5.00077E-01
 5.00076E-01
 5.00076E-01
 5.00076E-01
 5.00075E-01
 5.00075E-01
 5.00074E-01
 5.00073E-01
 5.00073E-01
 5.00072E-01
 5.00072E-01
 5.00071E-01
 5.00071E-01
 5.00070E-01
 5.00070E-01
 5.00069E-01
 5.00069E-01
 5.00069E-01
 5.00068E-01
 5.00068E-01
 5.00068E-01
 5.00067E-01
 5.00067E-01
 5.00067E-01
 5.00067E-01
 5.00066E-01
 5.00066E-01
 5.00066E-01
 5.00066E-01
 5.00066E-01
 5.00066E-01
 5.00066E-01
 5.00065E-01
 5.00065E-01
 5.00065E-01
 5.00065E-01
 5.00065E-01
 5.00065E-01
 5.00065E-01
 5.00075E-01
 5.00075E-01
 5.00075E-01
 5.00075E-01
 5.00074E-01
 5.00074E-01
 5.00073E-01
 5.00073E-01
 5.00072E-01
 5.00072E-01
 5.00071E-01
 5.00071E-01
 5.00070E-01
 5.00070E-01
 5.00070E-01
 5.00069E-01
 5.00069E-01
 5.00068E-01
 5.00068E-01
 5.00068E-01
 5.00067E-01
 5.00067E-01
 5.00067E-01
 5.00067E-01
 5.00066E-01
 5.00066E-01
 5.00066E-01
 5.00066E-01
 5.00066E-01
 5.00066E-01
 5.00066E-01
 5.00065E-01
 5.00065E-01
 5.00065E-01
 5.00065E-01
 5.00065E-01
 5.00065E-01
 5.00065E-01
 5.00065E-01
 5.00065E-01
 5.00074E-01
 5.00073E-01
 5.00073E-01
 5.00073E-01
 5.00073E-01
 5.00072E-01
 5.00072E-01
 5.00072E-01
 5.00071E-01
 5.00071E-01
 5.00070E-01
 5.00070E-01
 5.00070E-01
 5.00069E-01
 5.00069E-01
 5.00068E-01
 5.00068E-01
 5.00068E-01
 5.00068E-01
 5.00067E-01
 5.00067E-01
 5.00067E-01
 5.00067E-01
 5.00066E-01
 5.00066E-01
 5.00066E-01
 5.00066E-01
 5.00066E-01
 5.00066E-01
 5.00065E-01
 5.00065E-01
 5.00065E-01
 5.00065E-01
 5.00065E-01
 5.00065E-01
 5.00065E-01
 5.00065E-01
 5.00065E-01
 5.00065E-01
 5.00065E-01
 5.00072E-01
 5.00072E-01
 5.00072E-01
 5.00072E-01
 5.00071E-01
 5.00071E-01
 5.00071E-01
 5.00071E-01
 5.00070E-01
 5.00070E-01
 5.00069E-01
 5.00069E-01
 5.00069E-01
 5.00068E-01
 5.00068E-01
 5.00068E-01
 5.00068E-01
 5.00067E-01
 5.00067E-01
 5.00067E-01
 5.00067E-01
 5.00066E-01
 5.00066E-01
 5.00066E-01
 5.00066E-01
 5.00066E-01
 5.00066E-01
 5.00065E-01
 5.00065E-01
 5.00065E-01
 5.00065E-01
 5.00065E-01
 5.00065E-01
 5.00065E-01
 5.00065E-01
 5.00065E-01
 5.00065E-01
 5.00065E-01
 5.00065E-01
 5.00065E-01
 5.00071E-01
 5.00071E-01
 5.00070E-01
 5.00070E-01
 5.00070E-01
 5.00070E-01
 5.00070E-01
 5.00069E-01
 5.00069E-01
 5.00069E-01
 5.00069E-01
 5.00068E-01
 5.00068E-01
 5.00068E-01
 5.00067E-01
 5.00067E-01
 5.00067E-01
 5.00067E-01
 5.00066E-01
 5.00066E-01
 5.00066E-01
 5.00066E-01
 5.00066E-01
 5.00066E-01
 5.00065E-01
 5.00065E-01
 5.00065E-01
 5.00065E-01
 5.00065E-01
 5.00065E-01
 5.00065E-01
 5.00065E-01
 5.00065E-01
 5.00065E-01
 5.00065E-01
 5.00065E-01
 5.00065E-01
 5.00065E-01
 5.00065E-01
 5.00065E-01
 5.00069E-01
 5.00069E-01
 5.00069E-01
 5.00069E-01
 5.00069E-01
 5.00069E-01
 5.00068E-01
 5.00068E-01
 5.00068E-01
 5.00068E-01
 5.00068E-01
 5.00067E-01
 5.00067E-01
 5.00067E-01
 5.00067E-01
 5.00066E-01
 5.00066E-01
 5.00066E-01
 5.00066E-01
 5.00066E-01
 5.00066E-01
 5.00065E-01
 5.00065E-01
 5.00065E-01
 5.00065E-01
 5.00065E-01
 5.00065E-01
 5.00065E-01
 5.00065E-01
 5.00065E-01
 5.00065E-01
 5.00065E-01
 5.00064E-01
 5.00064E-01
 5.00064E-01
 5.00064E-01
 5.00064E-01
 5.00064E-01
 5.00064E-01
 5.00064E-01
 5.00068E-01
 5.00068E-01
 5.00068E-01
 5.00068E-01
 5.00068E-01
 5.00067E-01
 5.00067E-01
 5.00067E-01
 5.00067E-01
 5.00067E-01
 5.00067E-01
 5.00066E-01
 5.00066E-01
 5.00066E-01
 5.00066E-01
 5.00066E-01
 5.00066E-01
 5.00066E-01
 5.00065E-01
 5.00065E-01
 5.00065E-01
 5.00065E-01
 5.00065E-01
 5.00065E-01
 5.00065E-01
 5.00065E-01
 5.00065E-01
 5.00064E-01
 5.00064E-01
 5.00064E-01
 5.00064E-01
 5.00064E-01
 5.00064E-01
 5.00064E-01
 5.00064E-01
 5.00064E-01
 5.00064E-01
 5.00064E-01
 5.00064E-01
 5.00064E-01
 5.00067E-01
 5.00067E-01
 5.00067E-01
 5.00066E-01
 5.00066E-01
 5.00066E-01
 5.00066E-01
 5.00066E-01
 5.00066E-01
 5.00066E-01
 5.00066E-01
 5.00066E-01
 5.00065E-01
 5.00065E-01
 5.00065E-01
 5.00065E-01
 5.00065E-01
 5.00065E-01
 5.00065E-01
 5.00065E-01
 5.00065E-01
 5.00065E-01
 5.00064E-01
 5.00064E-01
 5.00064E-01
 5.00064E-01
 5.00064E-01
 5.00064E-01
 5.00064E-01
 5.00064E-01
 5.00064E-01
 5.00064E-01
 5.00064E-01
 5.00064E-01
 5.00064E-01
 5.00064E-01
 5.00064E-01
 5.00064E-01
 5.00064E-01
 5.00064E-01
 5.00065E-01
 5.00065E-01
 5.00065E-01
 5.00065E-01
 5.00065E-01
 5.00065E-01
 5.00065E-01
 5.00065E-01
 5.00065E-01
 5.00065E-01
 5.00065E-01
 5.00065E-01
 5.00065E-01
 5.00065E-01
 5.00064E-01
 5.00064E-01
 5.00064E-01
 5.00064E-01
 5.00064E-01
 5.00064E-01
 5.00064E-01
 5.00064E-01
 5.00064E-01
 5.00064E-01
 5.00064E-01
 5.00064E-01
 5.00064E-01
 5.00064E-01
 5.00064E-01
 5.00064E-01
 5.00064E-01
 5.00064E-01
 5.00064E-01
 5.00064E-01
 5.00064E-01
 5.00064E-01
 5.00064E-01
 5.00064E-01
 5.00064E-01
 5.00064E-01
 5.00064E-01
 5.00064E-01
 5.00064E-01
 5.00064E-01
 5.00064E-01
 5.00064E-01
 5.00064E-01
 5.00064E-01
 5.00064E-01
 5.00064E-01
 5.00064E-01
 5.00064E-01
 5.00064E-01
 5.00064E-01
 5.00064E-01
 5.00064E-01
 5.00064E-01
 5.00064E-01
 5.00064E-01
 5.00064E-01
 5.00064E-01
 5.00064E-01
 5.00064E-01
 5.00064E-01
 5.00064E-01
 5.00064E-01
 5.00064E-01
 5.00064E-01
 5.00064E-01
 5.00063E-01
 5.00063E-01
 5.00063E-01
 5.00063E-01
 5.00063E-01
 5.00063E-01
 5.00063E-01
 5.00063E-01
 5.00063E-01
 5.00063E-01
 5.00063E-01
 5.00063E-01
 5.00063E-01
 5.00063E-01
 5.00063E-01
 5.00063E-01
 5.00063E-01
 5.00063E-01
 5.00063E-01
 5.00063E-01
 5.00063E-01
 5.00063E-01
 5.00063E-01
 5.00063E-01
 5.00063E-01
 5.00063E-01
 5.00063E-01
 5.00063E-01
 5.00063E-01
 5.00063E-01
 5.00063E-01
 5.00063E-01
 5.00063E-01
 5.00063E-01
 5.00063E-01
 5.00063E-01
 5.00063E-01
 5.00063E-01
 5.00063E-01
 5.00063E-01
 5.00063E-01
 5.00063E-01
 5.00063E-01
 5.00063E-01
 5.00063E-01
 5.00063E-01
 5.00063E-01
 5.00063E-01
 5.00063E-01
 5.00063E-01
 5.00063E-01
 5.00062E-01
 5.00062E-01
 5.00062E-01
 5.00062E-01
 5.00062E-01
 5.00062E-01
 5.00062E-01
 5.00062E-01
 5.00062E-01
 5.00062E-01
 5.00062E-01
 5.00062E-01
 5.00062E-01
 5.00062E-01
 5.00062E-01
 5.00062E-01
 5.00062E-01
 5.00062E-01
 5.00062E-01
 5.00063E-01
 5.00063E-01
 5.00063E-01
 5.00063E-01
 5.00063E-01
 5.00063E-01
 5.00063E-01
 5.00063E-01
 5.00063E-01
 5.00063E-01
 5.00063E-01
 5.00063E-01
 5.00063E-01
 5.00063E-01
 5.00063E-01
 5.00063E-01
 5.00063E-01
 5.00063E-01
 5.00063E-01
 5.00063E-01
 5.00063E-01
 5.00060E-01
 5.00060E-01
 5.00060E-01
 5.00060E-01
 5.00060E-01
 5.00060E-01
 5.00061E-01
 5.00061E-01
 5.00061E-01
 5.00061E-01
 5.00061E-01
 5.00061E-01
 5.00061E-01
 5.00061E-01
 5.00062E-01
 5.00062E-01
 5.00062E-01
 5.00062E-01
 5.00062E-01
 5.00062E-01
 5.00062E-01
 5.00062E-01
 5.00062E-01
 5.00062E-01
 5.00062E-01
 5.00062E-01
 5.00062E-01
 5.00063E-01
 5.00063E-01
 5.00063E-01
 5.00063E-01
 5.00063E-01
 5.00063E-01
 5.00063E-01
 5.00063E-01
 5.00063E-01
 5.00063E-01
 5.00063E-01
 5.00063E-01
 5.00063E-01
 5.00059E-01
 5.00059E-01
 5.00059E-01
 5.00059E-01
 5.00059E-01
 5.00059E-01
 5.00059E-01
 5.00060E-01
 5.00060E-01
 5.00060E-01
 5.00060E-01
 5.00060E-01
 5.00060E-01
 5.00061E-01
 5.00061E-01
 5.00061E-01
 5.00061E-01
 5.00061E-01
 5.00061E-01
 5.00061E-01
 5.00062E-01
 5.00062E-01
 5.00062E-01
 5.00062E-01
 5.00062E-01
 5.00062E-01
 5.00062E-01
 5.00062E-01
 5.00062E-01
 5.00062E-01
 5.00062E-01
 5.00062E-01
 5.00062E-01
 5.00062E-01
 5.00063E-01
 5.00063E-01
 5.00063E-01
 5.00063E-01
 5.00063E-01
 5.00063E-01
 5.00058E-01
 5.00058E-01
 5.00058E-01
 5.00058E-01
 5.00058E-01
 5.00058E-01
 5.00058E-01
 5.00059E-01
 5.00059E-01
 5.00059E-01
 5.00059E-01
 5.00059E-01
 5.00060E-01
 5.00060E-01
 5.00060E-01
 5.00060E-01
 5.00060E-01
 5.00061E-01
 5.00061E-01
 5.00061E-01
 5.00061E-01
 5.00061E-01
 5.00061E-01
 5.00062E-01
 5.00062E-01
 5.00062E-01
 5.00062E-01
 5.00062E-01
 5.00062E-01
 5.00062E-01
 5.00062E-01
 5.00062E-01
 5.00062E-01
 5.00062E-01
 5.00062E-01
 5.00062E-01
 5.00062E-01
 5.00062E-01
 5.00062E-01
 5.00062E-01
 5.00056E-01
 5.00056E-01
 5.00056E-01
 5.00057E-01
 5.00057E-01
 5.00057E-01
 5.00057E-01
 5.00057E-01
 5.00058E-01
 5.00058E-01
 5.00058E-01
 5.00059E-01
 5.00059E-01
 5.00059E-01
 5.00059E-01
 5.00060E-01
 5.00060E-01
 5.00060E-01
 5.00060E-01
 5.00060E-01
 5.00061E-01
 5.00061E-01
 5.00061E-01
 5.00061E-01
 5.00061E-01
 5.00061E-01
 5.00061E-01
 5.00062E-01
 5.00062E-01
 5.00062E-01
 5.00062E-01
 5.00062E-01
 5.00062E-01
 5.00062E-01
 5.00062E-01
 5.00062E-01
 5.00062E-01
 5.00062E-01
 5.00062E-01
 5.00062E-01
 5.00055E-01
 5.00055E-01
 5.00055E-01
 5.00055E-01
 5.00055E-01
 5.00056E-01
 5.00056E-01
 5.00056E-01
 5.00057E-01
 5.00057E-01
 5.00057E-01
 5.00058E-01
 5.00058E-01
 5.00058E-01
 5.00059E-01
 5.00059E-01
 5.00059E-01
 5.00059E-01
 5.00060E-01
 5.00060E-01
 5.00060E-01
 5.00060E-01
 5.00061E-01
 5.00061E-01
 5.00061E-01
 5.00061E-01
 5.00061E-01
 5.00061E-01
 5.00061E-01
 5.00062E-01
 5.00062E-01
 5.00062E-01
 5.00062E-01
 5.00062E-01
 5.00062E-01
 5.00062E-01
 5.00062E-01
 5.00062E-01
 5.00062E-01
 5.00062E-01
 5.00053E-01
 5.00053E-01
 5.00054E-01
 5.00054E-01
 5.00054E-01
 5.00054E-01
 5.00055E-01
 5.00055E-01
 5.00056E-01
 5.00056E-01
 5.00056E-01
 5.00057E-01
 5.00057E-01
 5.00058E-01
 5.00058E-01
 5.00058E-01
 5.00059E-01
 5.00059E-01
 5.00059E-01
 5.00059E-01
 5.00060E-01
 5.00060E-01
 5.00060E-01
 5.00060E-01
 5.00061E-01
 5.00061E-01
 5.00061E-01
 5.00061E-01
 5.00061E-01
 5.00061E-01
 5.00061E-01
 5.00061E-01
 5.00062E-01
 5.00062E-01
 5.00062E-01
 5.00062E-01
 5.00062E-01
 5.00062E-01
 5.00062E-01
 5.00062E-01
 5.00052E-01
 5.00052E-01
 5.00052E-01
 5.00052E-01
 5.00053E-01
 5.00053E-01
 5.00054E-01
 5.00054E-01
 5.00054E-01
 5.00055E-01
 5.00055E-01
 5.00056E-01
 5.00056E-01
 5.00057E-01
 5.00057E-01
 5.00058E-01
 5.00058E-01
 5.00058E-01
 5.00059E-01
 5.00059E-01
 5.00059E-01
 5.00060E-01
 5.00060E-01
 5.00060E-01
 5.00060E-01
 5.00060E-01
 5.00061E-01
 5.00061E-01
 5.00061E-01
 5.00061E-01
 5.00061E-01
 5.00061E-01
 5.00061E-01
 5.00061E-01
 5.00061E-01
 5.00062E-01
 5.00062E-01
 5.00062E-01
 5.00062E-01
 5.00062E-01
 5.00050E-01
 5.00050E-01
 5.00051E-01
 5.00051E-01
 5.00051E-01
 5.00052E-01
 5.00052E-01
 5.00053E-01
 5.00053E-01
 5.00054E-01
 5.00055E-01
 5.00055E-01
 5.00056E-01
 5.00056E-01
 5.00057E-01
 5.00057E-01
 5.00057E-01
 5.00058E-01
 5.00058E-01
 5.00059E-01
 5.00059E-01
 5.00059E-01
 5.00059E-01
 5.00060E-01
 5.00060E-01
 5.00060E-01
 5.00060E-01
 5.00061E-01
 5.00061E-01
 5.00061E-01
 5.00061E-01
 5.00061E-01
 5.00061E-01
 5.00061E-01
 5.00061E-01
 5.00061E-01
 5.00061E-01
 5.00061E-01
 5.00061E-01
 5.00061E-01
 5.00048E-01
 5.00049E-01
 5.00049E-01
 5.00049E-01
 5.00050E-01
 5.00050E-01
 5.00051E-01
 5.00052E-01
 5.00052E-01
 5.00053E-01
 5.00054E-01
 5.00054E-01
 5.00055E-01
 5.00055E-01
 5.00056E-01
 5.00056E-01
 5.00057E-01
 5.00057E-01
 5.00058E-01
 5.00058E-01
 5.00058E-01
 5.00059E-01
 5.00059E-01
 5.00059E-01
 5.00060E-01
 5.00060E-01
 5.00060E-01
 5.00060E-01
 5.00060E-01
 5.00061E-01
 5.00061E-01
 5.00061E-01
 5.00061E-01
 5.00061E-01
 5.00061E-01
 5.00061E-01
 5.00061E-01
 5.00061E-01
 5.00061E-01
 5.00061E-01
 5.00046E-01
 5.00047E-01
 5.00047E-01
 5.00048E-01
 5.00048E-01
 5.00049E-01
 5.00050E-01
 5.00050E-01
 5.00051E-01
 5.00052E-01
 5.00053E-01
 5.00053E-01
 5.00054E-01
 5.00055E-01
 5.00055E-01
 5.00056E-01
 5.00056E-01
 5.00057E-01
 5.00057E-01
 5.00058E-01
 5.00058E-01
 5.00058E-01
 5.00059E-01
 5.00059E-01
 5.00059E-01
 5.00060E-01
 5.00060E-01
 5.00060E-01
 5.00060E-01
 5.00060E-01
 5.00061E-01
 5.00061E-01
 5.00061E-01
 5.00061E-01
 5.00061E-01
 5.00061E-01
 5.00061E-01
 5.00061E-01
 5.00061E-01
 5.00061E-01
 5.00044E-01
 5.00045E-01
 5.00045E-01
 5.00046E-01
 5.00047E-01
 5.00047E-01
 5.00048E-01
 5.00049E-01
 5.00050E-01
 5.00051E-01
 5.00052E-01
 5.00053E-01
 5.00053E-01
 5.00054E-01
 5.00055E-01
 5.00055E-01
 5.00056E-01
 5.00056E-01
 5.00057E-01
 5.00057E-01
 5.00058E-01
 5.00058E-01
 5.00059E-01
 5.00059E-01
 5.00059E-01
 5.00059E-01
 5.00060E-01
 5.00060E-01
 5.00060E-01
 5.00060E-01
 5.00060E-01
 5.00061E-01
 5.00061E-01
 5.00061E-01
 5.00061E-01
 5.00061E-01
 5.00061E-01
 5.00061E-01
 5.00061E-01
 5.00061E-01
 5.00042E-01
 5.00042E-01
 5.00043E-01
 5.00044E-01
 5.00045E-01
 5.00046E-01
 5.00047E-01
 5.00048E-01
 5.00049E-01
 5.00050E-01
 5.00051E-01
 5.00052E-01
 5.00053E-01
 5.00054E-01
 5.00054E-01
 5.00055E-01
 5.00056E-01
 5.00056E-01
 5.00057E-01
 5.00057E-01
 5.00058E-01
 5.00058E-01
 5.00058E-01
 5.00059E-01
 5.00059E-01
 5.00059E-01
 5.00059E-01
 5.00060E-01
 5.00060E-01
 5.00060E-01
 5.00060E-01
 5.00060E-01
 5.00060E-01
 5.00061E-01
 5.00061E-01
 5.00061E-01
 5.00061E-01
 5.00061E-01
 5.00061E-01
 5.00061E-01
 5.00039E-01
 5.00040E-01
 5.00041E-01
 5.00042E-01
 5.00043E-01
 5.00044E-01
 5.00046E-01
 5.00047E-01
 5.00048E-01
 5.00049E-01
 5.00050E-01
 5.00051E-01
 5.00052E-01
 5.00053E-01
 5.00054E-01
 5.00055E-01
 5.00055E-01
 5.00056E-01
 5.00056E-01
 5.00057E-01
 5.00057E-01
 5.00058E-01
 5.00058E-01
 5.00058E-01
 5.00059E-01
 5.00059E-01
 5.00059E-01
 5.00060E-01
 5.00060E-01
 5.00060E-01
 5.00060E-01
 5.00060E-01
 5.00060E-01
 5.00060E-01
 5.00061E-01
 5.00061E-01
 5.00061E-01
 5.00061E-01
 5.00061E-01
 5.00061E-01
 5.00036E-01
 5.00037E-01
 5.00038E-01
 5.00040E-01
 5.00041E-01
 5.00043E-01
 5.00044E-01
 5.00046E-01
 5.00047E-01
 5.00049E-01
 5.00050E-01
 5.00051E-01
 5.00052E-01
 5.00053E-01
 5.00053E-01
 5.00054E-01
 5.00055E-01
 5.00055E-01
 5.00056E-01
 5.00057E-01
 5.00057E-01
 5.00057E-01
 5.00058E-01
 5.00058E-01
 5.00059E-01
 5.00059E-01
 5.00059E-01
 5.00059E-01
 5.00060E-01
 5.00060E-01
 5.00060E-01
 5.00060E-01
 5.00060E-01
 5.00060E-01
 5.00061E-01
 5.00061E-01
 5.00061E-01
 5.00061E-01
 5.00061E-01
 5.00061E-01
 5.00032E-01
 5.00033E-01
 5.00035E-01
 5.00037E-01
 5.00039E-01
 5.00041E-01
 5.00043E-01
 5.00045E-01
 5.00047E-01
 5.00048E-01
 5.00049E-01
 5.00050E-01
 5.00051E-01
 5.00052E-01
 5.00053E-01
 5.00054E-01
 5.00055E-01
 5.00055E-01
 5.00056E-01
 5.00056E-01
 5.00057E-01
 5.00057E-01
 5.00058E-01
 5.00058E-01
 5.00058E-01
 5.00059E-01
 5.00059E-01
 5.00059E-01
 5.00060E-01
 5.00060E-01
 5.00060E-01
 5.00060E-01
 5.00060E-01
 5.00060E-01
 5.00060E-01
 5.00061E-01
 5.00061E-01
 5.00061E-01
 5.00061E-01
 5.00061E-01
 5.00027E-01
 5.00029E-01
 5.00032E-01
 5.00035E-01
 5.00038E-01
 5.00040E-01
 5.00042E-01
 5.00044E-01
 5.00046E-01
 5.00047E-01
 5.00049E-01
 5.00050E-01
 5.00051E-01
 5.00052E-01
 5.00053E-01
 5.00054E-01
 5.00054E-01
 5.00055E-01
 5.00056E-01
 5.00056E-01
 5.00057E-01
 5.00057E-01
 5.00058E-01
 5.00058E-01
 5.00058E-01
 5.00059E-01
 5.00059E-01
 5.00059E-01
 5.00059E-01
 5.00060E-01
 5.00060E-01
 5.00060E-01
 5.00060E-01
 5.00060E-01
 5.00060E-01
 5.00060E-01
 5.00061E-01
 5.00061E-01
 5.00061E-01
 5.00061E-01
 5.00020E-01
 5.00025E-01
 5.00029E-01
 5.00033E-01
 5.00036E-01
 5.00039E-01
 5.00042E-01
 5.00044E-01
 5.00045E-01
 5.00047E-01
 5.00048E-01
 5.00050E-01
 5.00051E-01
 5.00052E-01
 5.00053E-01
 5.00053E-01
 5.00054E-01
 5.00055E-01
 5.00056E-01
 5.00056E-01
 5.00057E-01
 5.00057E-01
 5.00058E-01
 5.00058E-01
 5.00058E-01
 5.00059E-01
 5.00059E-01
 5.00059E-01
 5.00059E-01
 5.00060E-01
 5.00060E-01
 5.00060E-01
 5.00060E-01
 5.00060E-01
 5.00060E-01
 5.00060E-01
 5.00060E-01
 5.00061E-01
 5.00061E-01
 5.00061E-01
 5.00012E-01
 5.00020E-01
 5.00027E-01
 5.00032E-01
 5.00036E-01
 5.00039E-01
 5.00041E-01
 5.00043E-01
 5.00045E-01
 5.00047E-01
 5.00048E-01
 5.00049E-01
 5.00051E-01
 5.00052E-01
 5.00053E-01
 5.00053E-01
 5.00054E-01
 5.00055E-01
 5.00055E-01
 5.00056E-01
 5.00057E-01
 5.00057E-01
 5.00057E-01
 5.00058E-01
 5.00058E-01
 5.00059E-01
 5.00059E-01
 5.00059E-01
 5.00059E-01
 5.00060E-01
 5.00060E-01
 5.00060E-01
 5.00060E-01
 5.00060E-01
 5.00060E-01
 5.00060E-01
 5.00060E-01
 5.00061E-01
 5.00061E-01
 5.00061E-01
