 0.00000E+00
 7.99863E-07
 4.95944E-07
 3.41319E-07
 2.56310E-07
 2.03583E-07
 1.67815E-07
 1.41918E-07
 1.22241E-07
 1.06734E-07
 9.41606E-08
 8.37336E-08
 7.49270E-08
 6.73765E-08
 6.08218E-08
 5.50718E-08
 4.99829E-08
 4.54447E-08
 4.13711E-08
 3.76935E-08
 3.43567E-08
 3.13152E-08
 2.85316E-08
 2.59740E-08
 2.36156E-08
 2.14333E-08
 1.94069E-08
 1.75187E-08
 1.57530E-08
 1.40958E-08
 1.25344E-08
 1.10572E-08
 9.65360E-09
 8.31371E-09
 7.02832E-09
 5.78877E-09
 4.58678E-09
 3.41446E-09
 2.26417E-09
 1.12846E-09
 0.00000E+00
 0.00000E+00
 3.22818E-07
 3.21632E-07
 2.71502E-07
 2.24015E-07
 1.86619E-07
 1.57942E-07
 1.35695E-07
 1.18069E-07
 1.03798E-07
 9.20132E-08
 8.21122E-08
 7.36699E-08
 6.63799E-08
 6.00164E-08
 5.44102E-08
 4.94316E-08
 4.49797E-08
 4.09746E-08
 3.73525E-08
 3.40610E-08
 3.10572E-08
 2.83052E-08
 2.57746E-08
 2.34394E-08
 2.12772E-08
 1.92685E-08
 1.73960E-08
 1.56444E-08
 1.39999E-08
 1.24501E-08
 1.09836E-08
 9.58982E-09
 8.25915E-09
 6.98246E-09
 5.75116E-09
 4.55709E-09
 3.39242E-09
 2.24958E-09
 1.12119E-09
 0.00000E+00
 0.00000E+00
 1.52515E-07
 2.00370E-07
 1.99239E-07
 1.81631E-07
 1.60933E-07
 1.41636E-07
 1.24847E-07
 1.10540E-07
 9.83749E-08
 8.79809E-08
 7.90311E-08
 7.12597E-08
 6.44558E-08
 5.84532E-08
 5.31204E-08
 4.83531E-08
 4.40673E-08
 4.01950E-08
 3.66804E-08
 3.34774E-08
 3.05472E-08
 2.78572E-08
 2.53795E-08
 2.30900E-08
 2.09676E-08
 1.89938E-08
 1.71524E-08
 1.54286E-08
 1.38093E-08
 1.22825E-08
 1.08371E-08
 9.46291E-09
 8.15057E-09
 6.89116E-09
 5.67629E-09
 4.49797E-09
 3.34853E-09
 2.22053E-09
 1.10673E-09
 0.00000E+00
 0.00000E+00
 8.28331E-08
 1.28086E-07
 1.43451E-07
 1.42332E-07
 1.33843E-07
 1.22821E-07
 1.11517E-07
 1.00866E-07
 9.11798E-08
 8.25032E-08
 7.47707E-08
 6.78812E-08
 6.17298E-08
 5.62194E-08
 5.12647E-08
 4.67927E-08
 4.27411E-08
 3.90572E-08
 3.56965E-08
 3.26205E-08
 2.97967E-08
 2.71968E-08
 2.47962E-08
 2.25732E-08
 2.05091E-08
 1.85867E-08
 1.67910E-08
 1.51083E-08
 1.35262E-08
 1.20333E-08
 1.06192E-08
 9.27413E-09
 7.98900E-09
 6.75528E-09
 5.56484E-09
 4.40995E-09
 3.28317E-09
 2.17726E-09
 1.08519E-09
 0.00000E+00
 0.00000E+00
 5.05158E-08
 8.56833E-08
 1.04145E-07
 1.10399E-07
 1.09284E-07
 1.04284E-07
 9.75337E-08
 9.02241E-08
 8.29742E-08
 7.60805E-08
 6.96661E-08
 6.37638E-08
 5.83621E-08
 5.34293E-08
 4.89259E-08
 4.48113E-08
 4.10466E-08
 3.75961E-08
 3.44273E-08
 3.15113E-08
 2.88222E-08
 2.63369E-08
 2.40349E-08
 2.18976E-08
 1.99086E-08
 1.80527E-08
 1.63164E-08
 1.46872E-08
 1.31537E-08
 1.17053E-08
 1.03322E-08
 9.02534E-09
 7.77599E-09
 6.57606E-09
 5.41781E-09
 4.29381E-09
 3.19691E-09
 2.12016E-09
 1.05675E-09
 0.00000E+00
 0.00000E+00
 3.35395E-08
 5.99835E-08
 7.70451E-08
 8.58346E-08
 8.86065E-08
 8.74956E-08
 8.41081E-08
 7.95217E-08
 7.44112E-08
 6.91776E-08
 6.40485E-08
 5.91451E-08
 5.45249E-08
 5.02091E-08
 4.61977E-08
 4.24795E-08
 3.90377E-08
 3.58529E-08
 3.29051E-08
 3.01749E-08
 2.76435E-08
 2.52935E-08
 2.31086E-08
 2.10737E-08
 1.91748E-08
 1.73991E-08
 1.57347E-08
 1.41704E-08
 1.26960E-08
 1.13019E-08
 9.97907E-09
 8.71894E-09
 7.51352E-09
 6.35514E-09
 5.23649E-09
 4.15054E-09
 3.09048E-09
 2.04969E-09
 1.02166E-09
 0.00000E+00
 0.00000E+00
 2.36576E-08
 4.36648E-08
 5.82156E-08
 6.72859E-08
 7.18108E-08
 7.29827E-08
 7.18801E-08
 6.93425E-08
 6.59701E-08
 6.21693E-08
 5.82046E-08
 5.42423E-08
 5.03828E-08
 4.66840E-08
 4.31758E-08
 3.98709E-08
 3.67713E-08
 3.38722E-08
 3.11651E-08
 2.86394E-08
 2.62833E-08
 2.40849E-08
 2.20321E-08
 2.01135E-08
 1.83177E-08
 1.66341E-08
 1.50526E-08
 1.35636E-08
 1.21580E-08
 1.08272E-08
 9.56308E-09
 8.35779E-09
 7.20395E-09
 6.09444E-09
 5.02244E-09
 3.98136E-09
 2.96478E-09
 1.96644E-09
 9.80205E-10
 0.00000E+00
 0.00000E+00
 1.74254E-08
 3.28019E-08
 4.48656E-08
 5.32815E-08
 5.83669E-08
 6.07431E-08
 6.10861E-08
 5.99972E-08
 5.79565E-08
 5.53241E-08
 5.23576E-08
 4.92359E-08
 4.60796E-08
 4.29677E-08
 3.99501E-08
 3.70567E-08
 3.43041E-08
 3.16993E-08
 2.92435E-08
 2.69340E-08
 2.47652E-08
 2.27304E-08
 2.08215E-08
 1.90302E-08
 1.73482E-08
 1.57669E-08
 1.42779E-08
 1.28733E-08
 1.15451E-08
 1.02858E-08
 9.08818E-09
 7.94515E-09
 6.84999E-09
 5.79620E-09
 4.77746E-09
 3.78765E-09
 2.82081E-09
 1.87108E-09
 9.32708E-10
 0.00000E+00
 0.00000E+00
 1.32418E-08
 2.52511E-08
 3.51624E-08
 4.26069E-08
 4.76314E-08
 5.05357E-08
 5.17234E-08
 5.16027E-08
 5.05341E-08
 4.88122E-08
 4.66652E-08
 4.42637E-08
 4.17316E-08
 3.91566E-08
 3.65997E-08
 3.41015E-08
 3.16886E-08
 2.93770E-08
 2.71755E-08
 2.50875E-08
 2.31131E-08
 2.12496E-08
 1.94929E-08
 1.78377E-08
 1.62779E-08
 1.48072E-08
 1.34189E-08
 1.21064E-08
 1.08632E-08
 9.68274E-09
 8.55859E-09
 7.48457E-09
 6.45463E-09
 5.46286E-09
 4.50351E-09
 3.57096E-09
 2.65971E-09
 1.76435E-09
 8.79543E-10
 0.00000E+00
 0.00000E+00
 1.02904E-08
 1.97980E-08
 2.79255E-08
 3.43516E-08
 3.90154E-08
 4.20441E-08
 4.36684E-08
 4.41553E-08
 4.37644E-08
 4.27248E-08
 4.12268E-08
 3.94216E-08
 3.74258E-08
 3.53272E-08
 3.31901E-08
 3.10607E-08
 2.89715E-08
 2.69445E-08
 2.49936E-08
 2.31274E-08
 2.13498E-08
 1.96620E-08
 1.80628E-08
 1.65496E-08
 1.51184E-08
 1.37648E-08
 1.24839E-08
 1.12703E-08
 1.01186E-08
 9.02323E-09
 7.97882E-09
 6.97988E-09
 6.02105E-09
 5.09706E-09
 4.20273E-09
 3.33294E-09
 2.48270E-09
 1.64706E-09
 8.21108E-10
 0.00000E+00
 0.00000E+00
 8.12179E-09
 1.57245E-08
 2.23898E-08
 2.78580E-08
 3.20341E-08
 3.49563E-08
 3.67501E-08
 3.75851E-08
 3.76428E-08
 3.70954E-08
 3.60950E-08
 3.47695E-08
 3.32226E-08
 3.15359E-08
 2.97724E-08
 2.79795E-08
 2.61921E-08
 2.44354E-08
 2.27269E-08
 2.10783E-08
 1.94966E-08
 1.79856E-08
 1.65466E-08
 1.51792E-08
 1.38812E-08
 1.26498E-08
 1.14815E-08
 1.03722E-08
 9.31741E-09
 8.31275E-09
 7.35352E-09
 6.43503E-09
 5.55260E-09
 4.70158E-09
 3.87736E-09
 3.07537E-09
 2.29109E-09
 1.52005E-09
 7.57828E-10
 0.00000E+00
 0.00000E+00
 6.47205E-09
 1.25884E-08
 1.80507E-08
 2.26560E-08
 2.63063E-08
 2.89966E-08
 3.07901E-08
 3.17918E-08
 3.21259E-08
 3.19186E-08
 3.12880E-08
 3.03386E-08
 2.91587E-08
 2.78211E-08
 2.63838E-08
 2.48923E-08
 2.33817E-08
 2.18780E-08
 2.04003E-08
 1.89620E-08
 1.75724E-08
 1.62370E-08
 1.49589E-08
 1.37391E-08
 1.25773E-08
 1.14717E-08
 1.04200E-08
 9.41932E-09
 8.46613E-09
 7.55678E-09
 6.68741E-09
 5.85406E-09
 5.05270E-09
 4.27928E-09
 3.52974E-09
 2.80005E-09
 2.08621E-09
 1.38423E-09
 6.90146E-10
 0.00000E+00
 0.00000E+00
 5.17798E-09
 1.01060E-08
 1.45684E-08
 1.84086E-08
 2.15382E-08
 2.39332E-08
 2.56214E-08
 2.66658E-08
 2.71499E-08
 2.71645E-08
 2.67995E-08
 2.61377E-08
 2.52523E-08
 2.42056E-08
 2.30490E-08
 2.18242E-08
 2.05642E-08
 1.92943E-08
 1.80339E-08
 1.67970E-08
 1.55938E-08
 1.44309E-08
 1.33126E-08
 1.22411E-08
 1.12169E-08
 1.02396E-08
 9.30758E-09
 8.41889E-09
 7.57093E-09
 6.76076E-09
 5.98525E-09
 5.24107E-09
 4.52483E-09
 3.83305E-09
 3.16223E-09
 2.50887E-09
 1.86947E-09
 1.24051E-09
 6.18516E-10
 0.00000E+00
 0.00000E+00
 4.13382E-09
 8.08897E-09
 1.17082E-08
 1.48715E-08
 1.75043E-08
 1.95765E-08
 2.10961E-08
 2.20999E-08
 2.26430E-08
 2.27898E-08
 2.26074E-08
 2.21602E-08
 2.15070E-08
 2.06996E-08
 1.97821E-08
 1.87911E-08
 1.77562E-08
 1.67010E-08
 1.56437E-08
 1.45982E-08
 1.35747E-08
 1.25802E-08
 1.16195E-08
 1.06956E-08
 9.80965E-09
 8.96194E-09
 8.15174E-09
 7.37768E-09
 6.63786E-09
 5.93004E-09
 5.25169E-09
 4.60011E-09
 3.97246E-09
 3.36583E-09
 2.77725E-09
 2.20373E-09
 1.64225E-09
 1.08982E-09
 5.43403E-10
 0.00000E+00
 0.00000E+00
 3.26826E-09
 6.40782E-09
 9.30361E-09
 1.18648E-08
 1.40308E-08
 1.57719E-08
 1.70864E-08
 1.79944E-08
 1.85320E-08
 1.87441E-08
 1.86799E-08
 1.83883E-08
 1.79156E-08
 1.73036E-08
 1.65886E-08
 1.58017E-08
 1.49684E-08
 1.41096E-08
 1.32417E-08
 1.23774E-08
 1.15263E-08
 1.06955E-08
 9.88964E-09
 9.11192E-09
 8.36407E-09
 7.64672E-09
 6.95969E-09
 6.30214E-09
 5.67274E-09
 5.06979E-09
 4.49132E-09
 3.93517E-09
 3.39904E-09
 2.88053E-09
 2.37718E-09
 1.88651E-09
 1.40599E-09
 9.33091E-10
 4.65275E-10
 0.00000E+00
 0.00000E+00
 2.53134E-09
 4.97035E-09
 7.23350E-09
 9.25317E-09
 1.09819E-08
 1.23938E-08
 1.34828E-08
 1.42592E-08
 1.47461E-08
 1.49745E-08
 1.49794E-08
 1.47973E-08
 1.44634E-08
 1.40102E-08
 1.34668E-08
 1.28583E-08
 1.22059E-08
 1.15271E-08
 1.08358E-08
 1.01432E-08
 9.45769E-09
 8.78564E-09
 8.13151E-09
 7.49832E-09
 6.88789E-09
 6.30111E-09
 5.73810E-09
 5.19840E-09
 4.68112E-09
 4.18501E-09
 3.70859E-09
 3.25018E-09
 2.80796E-09
 2.38003E-09
 1.96442E-09
 1.55912E-09
 1.16209E-09
 7.71274E-10
 3.84600E-10
 0.00000E+00
 0.00000E+00
 1.88672E-09
 3.70867E-09
 5.40676E-09
 6.93226E-09
 8.24981E-09
 9.33853E-09
 1.01914E-08
 1.08134E-08
 1.12187E-08
 1.14280E-08
 1.14657E-08
 1.13579E-08
 1.11302E-08
 1.08069E-08
 1.04100E-08
 9.95878E-09
 9.46979E-09
 8.95683E-09
 8.43115E-09
 7.90171E-09
 7.37550E-09
 6.85776E-09
 6.35233E-09
 5.86185E-09
 5.38799E-09
 4.93166E-09
 4.49312E-09
 4.07218E-09
 3.66827E-09
 3.28051E-09
 2.90782E-09
 2.54895E-09
 2.20256E-09
 1.86719E-09
 1.54133E-09
 1.22345E-09
 9.11971E-10
 6.05303E-10
 3.01848E-10
 0.00000E+00
 0.00000E+00
 1.30682E-09
 2.57077E-09
 3.75252E-09
 4.81919E-09
 5.74635E-09
 6.51890E-09
 7.13081E-09
 7.58406E-09
 7.88706E-09
 8.05289E-09
 8.09749E-09
 8.03819E-09
 7.89248E-09
 7.67706E-09
 7.40729E-09
 7.09683E-09
 6.75747E-09
 6.39917E-09
 6.03012E-09
 5.65691E-09
 5.28471E-09
 4.91748E-09
 4.55812E-09
 4.20868E-09
 3.87050E-09
 3.54433E-09
 3.23048E-09
 2.92889E-09
 2.63921E-09
 2.36088E-09
 2.09317E-09
 1.83523E-09
 1.58611E-09
 1.34480E-09
 1.11025E-09
 8.81363E-10
 6.57026E-10
 4.36112E-10
 2.17484E-10
 0.00000E+00
 0.00000E+00
 7.69753E-10
 1.51503E-09
 2.21329E-09
 2.84551E-09
 3.39738E-09
 3.85977E-09
 4.22870E-09
 4.50480E-09
 4.69245E-09
 4.79884E-09
 4.83296E-09
 4.80473E-09
 4.72428E-09
 4.60139E-09
 4.44513E-09
 4.26363E-09
 4.06396E-09
 3.85214E-09
 3.63314E-09
 3.41098E-09
 3.18887E-09
 2.96923E-09
 2.75390E-09
 2.54418E-09
 2.34092E-09
 2.14462E-09
 1.95553E-09
 1.77363E-09
 1.59876E-09
 1.43059E-09
 1.26872E-09
 1.11265E-09
 9.61818E-10
 8.15640E-10
 6.73486E-10
 5.34708E-10
 3.98646E-10
 2.64626E-10
 1.31972E-10
 0.00000E+00
 0.00000E+00
 2.57137E-10
 5.06271E-10
 7.40008E-10
 9.52095E-10
 1.13778E-09
 1.29398E-09
 1.41930E-09
 1.51384E-09
 1.57894E-09
 1.61691E-09
 1.63063E-09
 1.62335E-09
 1.59837E-09
 1.55895E-09
 1.50807E-09
 1.44847E-09
 1.38249E-09
 1.31218E-09
 1.23920E-09
 1.16492E-09
 1.09044E-09
 1.01659E-09
 9.44007E-10
 8.73139E-10
 8.04294E-10
 7.37659E-10
 6.73325E-10
 6.11305E-10
 5.51551E-10
 4.93972E-10
 4.38437E-10
 3.84789E-10
 3.32851E-10
 2.82430E-10
 2.33325E-10
 1.85325E-10
 1.38212E-10
 9.17690E-11
 4.57726E-11
 0.00000E+00
 0.00000E+00
-2.47496E-10
-4.87139E-10
-7.11680E-10
-9.14993E-10
-1.09244E-09
-1.24103E-09
-1.35944E-09
-1.44782E-09
-1.50754E-09
-1.54091E-09
-1.55082E-09
-1.54048E-09
-1.51320E-09
-1.47217E-09
-1.42036E-09
-1.36045E-09
-1.29474E-09
-1.22523E-09
-1.15355E-09
-1.08102E-09
-1.00870E-09
-9.37391E-10
-8.67681E-10
-7.99991E-10
-7.34599E-10
-6.71663E-10
-6.11246E-10
-5.53338E-10
-4.97871E-10
-4.44730E-10
-3.93767E-10
-3.44808E-10
-2.97660E-10
-2.52115E-10
-2.07957E-10
-1.64961E-10
-1.22900E-10
-8.15422E-11
-4.06536E-11
 0.00000E+00
 0.00000E+00
-7.60003E-10
-1.49569E-09
-2.18465E-09
-2.80802E-09
-3.35159E-09
-3.80633E-09
-4.16832E-09
-4.43824E-09
-4.62050E-09
-4.72231E-09
-4.75263E-09
-4.72138E-09
-4.63865E-09
-4.51419E-09
-4.35703E-09
-4.17525E-09
-3.97589E-09
-3.76490E-09
-3.54723E-09
-3.32685E-09
-3.10692E-09
-2.88985E-09
-2.67742E-09
-2.47089E-09
-2.27110E-09
-2.07852E-09
-1.89336E-09
-1.71558E-09
-1.54501E-09
-1.38129E-09
-1.22400E-09
-1.07262E-09
-9.26590E-10
-7.85294E-10
-6.48093E-10
-5.14326E-10
-3.83320E-10
-2.54390E-10
-1.26848E-10
 0.00000E+00
 0.00000E+00
-1.29684E-09
-2.55099E-09
-3.72326E-09
-4.78091E-09
-5.69965E-09
-6.46445E-09
-7.06936E-09
-7.51641E-09
-7.81403E-09
-7.97529E-09
-8.01614E-09
-7.95387E-09
-7.80593E-09
-7.58901E-09
-7.31841E-09
-7.00773E-09
-6.66875E-09
-6.31135E-09
-5.94369E-09
-5.57231E-09
-5.20236E-09
-4.83773E-09
-4.48131E-09
-4.13511E-09
-3.80043E-09
-3.47801E-09
-3.16812E-09
-2.87068E-09
-2.58532E-09
-2.31146E-09
-2.04835E-09
-1.79512E-09
-1.55081E-09
-1.31440E-09
-1.08481E-09
-8.60943E-10
-6.41672E-10
-4.25857E-10
-2.12351E-10
 0.00000E+00
 0.00000E+00
-1.87640E-09
-3.68821E-09
-5.37654E-09
-6.89278E-09
-8.20171E-09
-9.28255E-09
-1.01284E-08
-1.07441E-08
-1.11440E-08
-1.13488E-08
-1.13828E-08
-1.12721E-08
-1.10423E-08
-1.07176E-08
-1.03200E-08
-9.86863E-09
-9.38011E-09
-8.86814E-09
-8.34394E-09
-7.81643E-09
-7.29253E-09
-6.77747E-09
-6.27505E-09
-5.78786E-09
-5.31756E-09
-4.86502E-09
-4.43048E-09
-4.01373E-09
-3.61417E-09
-3.23090E-09
-2.86284E-09
-2.50871E-09
-2.16715E-09
-1.83669E-09
-1.51582E-09
-1.20298E-09
-8.96577E-10
-5.95022E-10
-2.96702E-10
 0.00000E+00
 0.00000E+00
-2.52054E-09
-4.94896E-09
-7.20194E-09
-9.21202E-09
-1.09319E-08
-1.23358E-08
-1.34175E-08
-1.41877E-08
-1.46693E-08
-1.48931E-08
-1.48944E-08
-1.47096E-08
-1.43737E-08
-1.39192E-08
-1.33753E-08
-1.27668E-08
-1.21150E-08
-1.14373E-08
-1.07476E-08
-1.00570E-08
-9.37393E-09
-8.70464E-09
-8.05360E-09
-7.42378E-09
-6.81698E-09
-6.23406E-09
-5.67510E-09
-5.13964E-09
-4.62675E-09
-4.13518E-09
-3.66342E-09
-3.20977E-09
-2.77241E-09
-2.34942E-09
-1.93882E-09
-1.53858E-09
-1.14665E-09
-7.60959E-10
-3.79437E-10
 0.00000E+00
 0.00000E+00
-3.25681E-09
-6.38518E-09
-9.27028E-09
-1.18215E-08
-1.39783E-08
-1.57111E-08
-1.70183E-08
-1.79201E-08
-1.84523E-08
-1.86600E-08
-1.85923E-08
-1.82981E-08
-1.78236E-08
-1.72105E-08
-1.64951E-08
-1.57084E-08
-1.48759E-08
-1.40184E-08
-1.31522E-08
-1.22901E-08
-1.14416E-08
-1.06136E-08
-9.81098E-09
-9.03673E-09
-8.29258E-09
-7.57917E-09
-6.89626E-09
-6.24300E-09
-5.61805E-09
-5.01968E-09
-4.44591E-09
-3.89456E-09
-3.36332E-09
-2.84978E-09
-2.35147E-09
-1.86588E-09
-1.39048E-09
-9.22734E-10
-4.60091E-10
 0.00000E+00
 0.00000E+00
-4.12153E-09
-8.06472E-09
-1.16726E-08
-1.48254E-08
-1.74486E-08
-1.95123E-08
-2.10245E-08
-2.20220E-08
-2.25599E-08
-2.27025E-08
-2.25168E-08
-2.20671E-08
-2.14123E-08
-2.06041E-08
-1.96864E-08
-1.86958E-08
-1.76619E-08
-1.66082E-08
-1.55528E-08
-1.45097E-08
-1.34888E-08
-1.24974E-08
-1.15400E-08
-1.06196E-08
-9.73750E-09
-8.89380E-09
-8.08781E-09
-7.31810E-09
-6.58280E-09
-5.87961E-09
-5.20601E-09
-4.55927E-09
-3.93655E-09
-3.33492E-09
-2.75140E-09
-2.18299E-09
-1.62667E-09
-1.07941E-09
-5.38196E-10
 0.00000E+00
 0.00000E+00
-5.16460E-09
-1.00796E-08
-1.45299E-08
-1.83590E-08
-2.14786E-08
-2.38649E-08
-2.55456E-08
-2.65838E-08
-2.70627E-08
-2.70733E-08
-2.67052E-08
-2.60413E-08
-2.51546E-08
-2.41072E-08
-2.29507E-08
-2.17266E-08
-2.04678E-08
-1.91997E-08
-1.79414E-08
-1.67070E-08
-1.55067E-08
-1.43470E-08
-1.32322E-08
-1.21643E-08
-1.11440E-08
-1.01708E-08
-9.24309E-09
-8.35884E-09
-7.51545E-09
-6.70998E-09
-5.93926E-09
-5.19998E-09
-4.48871E-09
-3.80197E-09
-3.13625E-09
-2.48803E-09
-1.85380E-09
-1.23005E-09
-6.13283E-10
 0.00000E+00
 0.00000E+00
-6.45725E-09
-1.25593E-08
-1.80085E-08
-2.26020E-08
-2.62419E-08
-2.89233E-08
-3.07093E-08
-3.17049E-08
-3.20340E-08
-3.18229E-08
-3.11896E-08
-3.02384E-08
-2.90575E-08
-2.77196E-08
-2.62827E-08
-2.47923E-08
-2.32831E-08
-2.17813E-08
-2.03060E-08
-1.88705E-08
-1.74839E-08
-1.61518E-08
-1.48773E-08
-1.36614E-08
-1.25036E-08
-1.14022E-08
-1.03550E-08
-9.35876E-09
-8.41021E-09
-7.50562E-09
-6.64111E-09
-5.81270E-09
-5.01635E-09
-4.24801E-09
-3.50360E-09
-2.77909E-09
-2.07047E-09
-1.37372E-09
-6.84885E-10
 0.00000E+00
 0.00000E+00
-8.10507E-09
-1.56920E-08
-2.23429E-08
-2.77986E-08
-3.19640E-08
-3.48772E-08
-3.66635E-08
-3.74926E-08
-3.75456E-08
-3.69948E-08
-3.59921E-08
-3.46651E-08
-3.31176E-08
-3.14310E-08
-2.96683E-08
-2.78767E-08
-2.60911E-08
-2.43367E-08
-2.26308E-08
-2.09851E-08
-1.94066E-08
-1.78992E-08
-1.64640E-08
-1.51005E-08
-1.38067E-08
-1.25797E-08
-1.14158E-08
-1.03111E-08
-9.26103E-09
-8.26119E-09
-7.30687E-09
-6.39338E-09
-5.51602E-09
-4.67012E-09
-3.85107E-09
-3.05429E-09
-2.27525E-09
-1.50948E-09
-7.52539E-10
 0.00000E+00
 0.00000E+00
-1.02710E-08
-1.97607E-08
-2.78726E-08
-3.42855E-08
-3.89383E-08
-4.19580E-08
-4.35750E-08
-4.40563E-08
-4.36612E-08
-4.26187E-08
-4.11188E-08
-3.93126E-08
-3.73168E-08
-3.52187E-08
-3.30827E-08
-3.09551E-08
-2.88680E-08
-2.68435E-08
-2.48956E-08
-2.30325E-08
-2.12584E-08
-1.95743E-08
-1.79791E-08
-1.64699E-08
-1.50431E-08
-1.36939E-08
-1.24176E-08
-1.12086E-08
-1.00617E-08
-8.97127E-09
-7.93184E-09
-6.93794E-09
-5.98423E-09
-5.06540E-09
-4.17627E-09
-3.31174E-09
-2.46678E-09
-1.63643E-09
-8.15789E-10
 0.00000E+00
 0.00000E+00
-1.32184E-08
-2.52072E-08
-3.51016E-08
-4.25324E-08
-4.75459E-08
-5.04415E-08
-5.16224E-08
-5.14966E-08
-5.04244E-08
-4.87001E-08
-4.65518E-08
-4.41499E-08
-4.16182E-08
-3.90443E-08
-3.64890E-08
-3.39929E-08
-3.15825E-08
-2.92738E-08
-2.70755E-08
-2.49910E-08
-2.30202E-08
-2.11607E-08
-1.94081E-08
-1.77571E-08
-1.62017E-08
-1.47355E-08
-1.33519E-08
-1.20443E-08
-1.08059E-08
-9.63038E-09
-8.51127E-09
-7.44235E-09
-6.41757E-09
-5.43100E-09
-4.47690E-09
-3.54963E-09
-2.64369E-09
-1.75366E-09
-8.74195E-10
 0.00000E+00
 0.00000E+00
-1.73954E-08
-3.27481E-08
-4.47942E-08
-5.31968E-08
-5.82717E-08
-6.06397E-08
-6.09767E-08
-5.98833E-08
-5.78397E-08
-5.52056E-08
-5.22386E-08
-4.91172E-08
-4.59619E-08
-4.28515E-08
-3.98360E-08
-3.69452E-08
-3.41954E-08
-3.15939E-08
-2.91416E-08
-2.68357E-08
-2.46709E-08
-2.26401E-08
-2.07355E-08
-1.89487E-08
-1.72712E-08
-1.56945E-08
-1.42104E-08
-1.28106E-08
-1.14873E-08
-1.02331E-08
-9.04053E-09
-7.90265E-09
-6.81270E-09
-5.76415E-09
-4.75070E-09
-3.76621E-09
-2.80470E-09
-1.86033E-09
-9.27332E-10
 0.00000E+00
 0.00000E+00
-2.36153E-08
-4.35959E-08
-5.81303E-08
-6.71890E-08
-7.17046E-08
-7.28693E-08
-7.17614E-08
-6.92203E-08
-6.58458E-08
-6.20442E-08
-5.80798E-08
-5.41184E-08
-5.02607E-08
-4.65640E-08
-4.30584E-08
-3.97565E-08
-3.66602E-08
-3.37647E-08
-3.10613E-08
-2.85395E-08
-2.61876E-08
-2.39934E-08
-2.19451E-08
-2.00310E-08
-1.82399E-08
-1.65611E-08
-1.49844E-08
-1.35004E-08
-1.20998E-08
-1.07741E-08
-9.51513E-09
-8.31504E-09
-7.16644E-09
-6.06222E-09
-4.99554E-09
-3.95980E-09
-2.94859E-09
-1.95564E-09
-9.74802E-10
 0.00000E+00
 0.00000E+00
-3.34698E-08
-5.98899E-08
-7.69425E-08
-8.57243E-08
-8.84887E-08
-8.73715E-08
-8.39796E-08
-7.93907E-08
-7.42791E-08
-6.90458E-08
-6.39179E-08
-5.90163E-08
-5.43985E-08
-5.00855E-08
-4.60772E-08
-4.23624E-08
-3.89242E-08
-3.57433E-08
-3.27996E-08
-3.00736E-08
-2.75465E-08
-2.52010E-08
-2.30206E-08
-2.09904E-08
-1.90963E-08
-1.73255E-08
-1.56660E-08
-1.41067E-08
-1.26375E-08
-1.12485E-08
-9.93083E-09
-8.67595E-09
-7.47581E-09
-6.32275E-09
-5.20946E-09
-4.12889E-09
-3.07422E-09
-2.03884E-09
-1.01624E-09
 0.00000E+00
 0.00000E+00
-5.03741E-08
-8.55515E-08
-1.04026E-07
-1.10277E-07
-1.09155E-07
-1.04149E-07
-9.73950E-08
-9.00841E-08
-8.28344E-08
-7.59422E-08
-6.95299E-08
-6.36303E-08
-5.82317E-08
-5.33023E-08
-4.88025E-08
-4.46917E-08
-4.09311E-08
-3.74847E-08
-3.43202E-08
-3.14086E-08
-2.87240E-08
-2.62434E-08
-2.39460E-08
-2.18136E-08
-1.98294E-08
-1.79785E-08
-1.62473E-08
-1.46232E-08
-1.30948E-08
-1.16516E-08
-1.02838E-08
-8.98214E-09
-7.73811E-09
-6.54354E-09
-5.39066E-09
-4.27207E-09
-3.18059E-09
-2.10927E-09
-1.05131E-09
 0.00000E+00
 0.00000E+00
-8.24755E-08
-1.27917E-07
-1.43332E-07
-1.42206E-07
-1.33704E-07
-1.22674E-07
-1.11368E-07
-1.00716E-07
-9.10324E-08
-8.23587E-08
-7.46293E-08
-6.77435E-08
-6.15959E-08
-5.60894E-08
-5.11389E-08
-4.66710E-08
-4.26237E-08
-3.89443E-08
-3.55881E-08
-3.25167E-08
-2.96976E-08
-2.71025E-08
-2.47066E-08
-2.24886E-08
-2.04294E-08
-1.85120E-08
-1.67214E-08
-1.50439E-08
-1.34670E-08
-1.19793E-08
-1.05705E-08
-9.23075E-09
-7.95098E-09
-6.72263E-09
-5.53760E-09
-4.38814E-09
-3.26679E-09
-2.16634E-09
-1.07972E-09
 0.00000E+00
 0.00000E+00
-1.51612E-07
-2.00309E-07
-1.99180E-07
-1.81510E-07
-1.60782E-07
-1.41476E-07
-1.24686E-07
-1.10381E-07
-9.82205E-08
-8.78309E-08
-7.88855E-08
-7.11185E-08
-6.43190E-08
-5.83209E-08
-5.29926E-08
-4.82298E-08
-4.39486E-08
-4.00809E-08
-3.65710E-08
-3.33727E-08
-3.04473E-08
-2.77622E-08
-2.52895E-08
-2.30049E-08
-2.08875E-08
-1.89188E-08
-1.70826E-08
-1.53640E-08
-1.37499E-08
-1.22283E-08
-1.07882E-08
-9.41940E-09
-8.11243E-09
-6.85842E-09
-5.64898E-09
-4.47610E-09
-3.33211E-09
-2.20958E-09
-1.10125E-09
 0.00000E+00
 0.00000E+00
-3.23663E-07
-3.22530E-07
-2.71572E-07
-2.23873E-07
-1.86440E-07
-1.57762E-07
-1.35521E-07
-1.17902E-07
-1.03638E-07
-9.18589E-08
-8.19634E-08
-7.35261E-08
-6.62410E-08
-5.98824E-08
-5.42810E-08
-4.93071E-08
-4.48599E-08
-4.08597E-08
-3.72424E-08
-3.39557E-08
-3.09568E-08
-2.82098E-08
-2.56841E-08
-2.33540E-08
-2.11969E-08
-1.91933E-08
-1.73260E-08
-1.55796E-08
-1.39404E-08
-1.23958E-08
-1.09346E-08
-9.54622E-09
-8.22094E-09
-6.94966E-09
-5.72379E-09
-4.53518E-09
-3.37597E-09
-2.23861E-09
-1.11571E-09
 0.00000E+00
-8.21689E-07
-8.20520E-07
-4.94581E-07
-3.40708E-07
-2.55973E-07
-2.03341E-07
-1.67612E-07
-1.41734E-07
-1.22068E-07
-1.06570E-07
-9.40039E-08
-8.35830E-08
-7.47819E-08
-6.72366E-08
-6.06869E-08
-5.49419E-08
-4.98578E-08
-4.53245E-08
-4.12557E-08
-3.75830E-08
-3.42511E-08
-3.12146E-08
-2.84359E-08
-2.58833E-08
-2.35300E-08
-2.13528E-08
-1.93315E-08
-1.74485E-08
-1.56881E-08
-1.40362E-08
-1.24801E-08
-1.10082E-08
-9.60996E-09
-8.27546E-09
-6.99549E-09
-5.76138E-09
-4.56485E-09
-3.39800E-09
-2.25319E-09
-1.12297E-09
 0.00000E+00
