 0.00000E+00
 0.00000E+00
 0.00000E+00
 0.00000E+00
 0.00000E+00
 0.00000E+00
 0.00000E+00
 0.00000E+00
 0.00000E+00
 0.00000E+00
 0.00000E+00
 0.00000E+00
 0.00000E+00
 0.00000E+00
 0.00000E+00
 0.00000E+00
 0.00000E+00
 0.00000E+00
 0.00000E+00
 0.00000E+00
 0.00000E+00
 0.00000E+00
 0.00000E+00
 0.00000E+00
 0.00000E+00
 0.00000E+00
 0.00000E+00
 0.00000E+00
 0.00000E+00
 0.00000E+00
 0.00000E+00
 0.00000E+00
 0.00000E+00
 0.00000E+00
 0.00000E+00
 0.00000E+00
 0.00000E+00
 0.00000E+00
 0.00000E+00
 0.00000E+00
 8.02440E-07
 3.24872E-07
 1.54647E-07
 8.50359E-08
 5.27470E-08
 3.57834E-08
 2.59102E-08
 1.96871E-08
 1.55151E-08
 1.25795E-08
 1.04322E-08
 8.81078E-09
 7.55373E-09
 6.55712E-09
 5.75175E-09
 5.09015E-09
 4.53888E-09
 4.07386E-09
 3.67743E-09
 3.33638E-09
 3.04070E-09
 2.78269E-09
 2.55635E-09
 2.35695E-09
 2.18073E-09
 2.02467E-09
 1.88632E-09
 1.76367E-09
 1.65510E-09
 1.55922E-09
 1.47493E-09
 1.40129E-09
 1.33751E-09
 1.28295E-09
 1.23708E-09
 1.19948E-09
 1.16978E-09
 1.14774E-09
 1.13315E-09
 1.12588E-09
 5.00644E-07
 3.26075E-07
 2.04806E-07
 1.32546E-07
 9.01618E-08
 6.44755E-08
 4.81698E-08
 3.73227E-08
 2.97936E-08
 2.43706E-08
 2.03383E-08
 1.72571E-08
 1.48470E-08
 1.29229E-08
 1.13597E-08
 1.00699E-08
 8.99146E-09
 8.07911E-09
 7.29946E-09
 6.62738E-09
 6.04373E-09
 5.53371E-09
 5.08575E-09
 4.69071E-09
 4.34130E-09
 4.03163E-09
 3.75692E-09
 3.51328E-09
 3.29748E-09
 3.10687E-09
 2.93922E-09
 2.79270E-09
 2.66579E-09
 2.55720E-09
 2.46590E-09
 2.39104E-09
 2.33192E-09
 2.28802E-09
 2.25897E-09
 2.24451E-09
 3.48150E-07
 2.78250E-07
 2.05963E-07
 1.50175E-07
 1.10876E-07
 8.37858E-08
 6.49699E-08
 5.16397E-08
 4.19657E-08
 3.47706E-08
 2.92929E-08
 2.50324E-08
 2.16539E-08
 1.89279E-08
 1.66941E-08
 1.48384E-08
 1.32779E-08
 1.19516E-08
 1.08139E-08
 9.82993E-09
 8.97310E-09
 8.22264E-09
 7.56221E-09
 6.97884E-09
 6.46211E-09
 6.00361E-09
 5.59646E-09
 5.23504E-09
 4.91468E-09
 4.63153E-09
 4.38237E-09
 4.16452E-09
 3.97574E-09
 3.81417E-09
 3.67829E-09
 3.56684E-09
 3.47883E-09
 3.41347E-09
 3.37020E-09
 3.34866E-09
 2.65344E-07
 2.33021E-07
 1.90618E-07
 1.51312E-07
 1.19380E-07
 9.48203E-08
 7.62835E-08
 6.22999E-08
 5.16584E-08
 4.34528E-08
 3.70301E-08
 3.19255E-08
 2.78081E-08
 2.44404E-08
 2.16503E-08
 1.93114E-08
 1.73300E-08
 1.56356E-08
 1.41744E-08
 1.29053E-08
 1.17961E-08
 1.08215E-08
 9.96159E-09
 9.20030E-09
 8.52468E-09
 7.92421E-09
 7.39026E-09
 6.91572E-09
 6.49467E-09
 6.12220E-09
 5.79421E-09
 5.50725E-09
 5.25847E-09
 5.04546E-09
 4.86625E-09
 4.71922E-09
 4.60307E-09
 4.51681E-09
 4.45971E-09
 4.43127E-09
 2.14849E-07
 1.97873E-07
 1.72173E-07
 1.45073E-07
 1.20508E-07
 9.98309E-08
 8.30427E-08
 6.96171E-08
 5.89147E-08
 5.03517E-08
 4.34488E-08
 3.78312E-08
 3.32124E-08
 2.93753E-08
 2.61551E-08
 2.34269E-08
 2.10951E-08
 1.90862E-08
 1.73429E-08
 1.58207E-08
 1.44843E-08
 1.33057E-08
 1.22623E-08
 1.13360E-08
 1.05121E-08
 9.77828E-09
 9.12465E-09
 8.54288E-09
 8.02606E-09
 7.56838E-09
 7.16500E-09
 6.81182E-09
 6.50542E-09
 6.24294E-09
 6.02202E-09
 5.84070E-09
 5.69743E-09
 5.59100E-09
 5.52054E-09
 5.48545E-09
 1.81326E-07
 1.71444E-07
 1.55125E-07
 1.36296E-07
 1.17747E-07
 1.00951E-07
 8.64382E-08
 7.42103E-08
 6.40310E-08
 5.55900E-08
 4.85817E-08
 4.27377E-08
 3.78349E-08
 3.36928E-08
 3.01677E-08
 2.71458E-08
 2.45373E-08
 2.22709E-08
 2.02903E-08
 1.85503E-08
 1.70148E-08
 1.56546E-08
 1.44459E-08
 1.33695E-08
 1.24093E-08
 1.15522E-08
 1.07872E-08
 1.01051E-08
 9.49829E-09
 8.96027E-09
 8.48557E-09
 8.06959E-09
 7.70844E-09
 7.39887E-09
 7.13817E-09
 6.92412E-09
 6.75494E-09
 6.62924E-09
 6.54599E-09
 6.50453E-09
 1.57681E-07
 1.51449E-07
 1.40586E-07
 1.27236E-07
 1.13231E-07
 9.97874E-08
 8.75478E-08
 7.67538E-08
 6.74085E-08
 5.93949E-08
 5.25497E-08
 4.67028E-08
 4.16964E-08
 3.73932E-08
 3.36770E-08
 3.04513E-08
 2.76371E-08
 2.51698E-08
 2.29969E-08
 2.10753E-08
 1.93699E-08
 1.78518E-08
 1.64973E-08
 1.52866E-08
 1.42034E-08
 1.32339E-08
 1.23667E-08
 1.15920E-08
 1.09017E-08
 1.02888E-08
 9.74742E-09
 9.27252E-09
 8.85987E-09
 8.50591E-09
 8.20767E-09
 7.96268E-09
 7.76897E-09
 7.62501E-09
 7.52964E-09
 7.48215E-09
 1.40266E-07
 1.36082E-07
 1.28531E-07
 1.18828E-07
 1.08154E-07
 9.74182E-08
 8.72108E-08
 7.78480E-08
 6.94535E-08
 6.20311E-08
 5.55192E-08
 4.98268E-08
 4.48545E-08
 4.05065E-08
 3.66954E-08
 3.33450E-08
 3.03898E-08
 2.77743E-08
 2.54521E-08
 2.33840E-08
 2.15376E-08
 1.98855E-08
 1.84047E-08
 1.70762E-08
 1.58837E-08
 1.48134E-08
 1.38536E-08
 1.29946E-08
 1.22277E-08
 1.15459E-08
 1.09428E-08
 1.04132E-08
 9.95260E-09
 9.55724E-09
 9.22391E-09
 8.94996E-09
 8.73326E-09
 8.57216E-09
 8.46543E-09
 8.41227E-09
 1.27032E-07
 1.24081E-07
 1.18628E-07
 1.11391E-07
 1.03136E-07
 9.45198E-08
 8.60282E-08
 7.79732E-08
 7.05258E-08
 6.37561E-08
 5.76687E-08
 5.22303E-08
 4.73882E-08
 4.30824E-08
 3.92530E-08
 3.58434E-08
 3.28026E-08
 3.00855E-08
 2.76530E-08
 2.54711E-08
 2.35109E-08
 2.17476E-08
 2.01600E-08
 1.87298E-08
 1.74417E-08
 1.62822E-08
 1.52399E-08
 1.43049E-08
 1.34688E-08
 1.27241E-08
 1.20646E-08
 1.14848E-08
 1.09801E-08
 1.05465E-08
 1.01807E-08
 9.87997E-09
 9.64195E-09
 9.46494E-09
 9.34765E-09
 9.28922E-09
 1.16749E-07
 1.14580E-07
 1.10507E-07
 1.04971E-07
 9.84773E-08
 9.14960E-08
 8.44082E-08
 7.74900E-08
 7.09198E-08
 6.47983E-08
 5.91689E-08
 5.40371E-08
 4.93851E-08
 4.51818E-08
 4.13905E-08
 3.79728E-08
 3.48916E-08
 3.21121E-08
 2.96031E-08
 2.73364E-08
 2.52873E-08
 2.34340E-08
 2.17576E-08
 2.02414E-08
 1.88710E-08
 1.76338E-08
 1.65188E-08
 1.55164E-08
 1.46183E-08
 1.38171E-08
 1.31067E-08
 1.24814E-08
 1.19365E-08
 1.14680E-08
 1.10726E-08
 1.07472E-08
 1.04896E-08
 1.02980E-08
 1.01710E-08
 1.01077E-08
 1.08633E-07
 1.06983E-07
 1.03847E-07
 9.95076E-08
 9.43056E-08
 8.85778E-08
 8.26181E-08
 7.66581E-08
 7.08648E-08
 6.53478E-08
 6.01710E-08
 5.53639E-08
 5.09330E-08
 4.68691E-08
 4.31543E-08
 3.97656E-08
 3.66785E-08
 3.38681E-08
 3.13107E-08
 2.89840E-08
 2.68677E-08
 2.49436E-08
 2.31950E-08
 2.16072E-08
 2.01672E-08
 1.88632E-08
 1.76851E-08
 1.66236E-08
 1.56708E-08
 1.48195E-08
 1.40635E-08
 1.33974E-08
 1.28165E-08
 1.23166E-08
 1.18943E-08
 1.15466E-08
 1.12713E-08
 1.10665E-08
 1.09306E-08
 1.08630E-08
 1.02165E-07
 1.00871E-07
 9.83886E-08
 9.49064E-08
 9.06590E-08
 8.58909E-08
 8.08275E-08
 7.56588E-08
 7.05328E-08
 6.55569E-08
 6.08028E-08
 5.63143E-08
 5.21135E-08
 4.82071E-08
 4.45916E-08
 4.12568E-08
 3.81886E-08
 3.53711E-08
 3.27874E-08
 3.04210E-08
 2.82560E-08
 2.62775E-08
 2.44714E-08
 2.28252E-08
 2.13271E-08
 1.99668E-08
 1.87346E-08
 1.76222E-08
 1.66217E-08
 1.57265E-08
 1.49305E-08
 1.42284E-08
 1.36154E-08
 1.30875E-08
 1.26413E-08
 1.22738E-08
 1.19826E-08
 1.17658E-08
 1.16221E-08
 1.15505E-08
 9.69908E-08
 9.59466E-08
 9.39296E-08
 9.10694E-08
 8.75323E-08
 8.34985E-08
 7.91417E-08
 7.46164E-08
 7.00505E-08
 6.55435E-08
 6.11688E-08
 5.69768E-08
 5.29992E-08
 4.92539E-08
 4.57480E-08
 4.24811E-08
 3.94480E-08
 3.66401E-08
 3.40468E-08
 3.16566E-08
 2.94579E-08
 2.74387E-08
 2.55880E-08
 2.38949E-08
 2.23494E-08
 2.09421E-08
 1.96645E-08
 1.85087E-08
 1.74674E-08
 1.65344E-08
 1.57037E-08
 1.49701E-08
 1.43291E-08
 1.37768E-08
 1.33095E-08
 1.29246E-08
 1.26194E-08
 1.23922E-08
 1.22415E-08
 1.21664E-08
 9.28598E-08
 9.19943E-08
 9.03131E-08
 8.79086E-08
 8.49019E-08
 8.14284E-08
 7.76238E-08
 7.36141E-08
 6.95086E-08
 6.53976E-08
 6.13519E-08
 5.74244E-08
 5.36525E-08
 5.00611E-08
 4.66651E-08
 4.34715E-08
 4.04821E-08
 3.76943E-08
 3.51029E-08
 3.27008E-08
 3.04799E-08
 2.84316E-08
 2.65469E-08
 2.48170E-08
 2.32333E-08
 2.17878E-08
 2.04725E-08
 1.92805E-08
 1.82050E-08
 1.72399E-08
 1.63796E-08
 1.56192E-08
 1.49543E-08
 1.43809E-08
 1.38956E-08
 1.34955E-08
 1.31783E-08
 1.29420E-08
 1.27853E-08
 1.27072E-08
 8.95938E-08
 8.88569E-08
 8.74194E-08
 8.53493E-08
 8.27377E-08
 7.96888E-08
 7.63108E-08
 7.27072E-08
 6.89720E-08
 6.51861E-08
 6.14165E-08
 5.77161E-08
 5.41251E-08
 5.06728E-08
 4.73795E-08
 4.42577E-08
 4.13144E-08
 3.85520E-08
 3.59695E-08
 3.35636E-08
 3.13294E-08
 2.92608E-08
 2.73509E-08
 2.55928E-08
 2.39792E-08
 2.25030E-08
 2.11574E-08
 1.99358E-08
 1.88321E-08
 1.78404E-08
 1.69557E-08
 1.61729E-08
 1.54879E-08
 1.48969E-08
 1.43964E-08
 1.39836E-08
 1.36562E-08
 1.34123E-08
 1.32505E-08
 1.31698E-08
 8.70642E-08
 8.64195E-08
 8.51578E-08
 8.33311E-08
 8.10102E-08
 7.82781E-08
 7.52228E-08
 7.19314E-08
 6.84856E-08
 6.49581E-08
 6.14117E-08
 5.78980E-08
 5.44586E-08
 5.11255E-08
 4.79222E-08
 4.48653E-08
 4.19658E-08
 3.92296E-08
 3.66594E-08
 3.42547E-08
 3.20133E-08
 2.99311E-08
 2.80032E-08
 2.62240E-08
 2.45875E-08
 2.30876E-08
 2.17182E-08
 2.04732E-08
 1.93470E-08
 1.83341E-08
 1.74296E-08
 1.66289E-08
 1.59276E-08
 1.53222E-08
 1.48094E-08
 1.43863E-08
 1.40506E-08
 1.38005E-08
 1.36345E-08
 1.35518E-08
 8.51787E-08
 8.45988E-08
 8.34609E-08
 8.18066E-08
 7.96936E-08
 7.71901E-08
 7.43705E-08
 7.13099E-08
 6.80805E-08
 6.47489E-08
 6.13738E-08
 5.80055E-08
 5.46858E-08
 5.14481E-08
 4.83182E-08
 4.53155E-08
 4.24536E-08
 3.97412E-08
 3.71836E-08
 3.47826E-08
 3.25378E-08
 3.04470E-08
 2.85067E-08
 2.67125E-08
 2.50593E-08
 2.35418E-08
 2.21545E-08
 2.08919E-08
 1.97486E-08
 1.87195E-08
 1.77999E-08
 1.69852E-08
 1.62715E-08
 1.56551E-08
 1.51327E-08
 1.47016E-08
 1.43595E-08
 1.41046E-08
 1.39354E-08
 1.38510E-08
 8.38727E-08
 8.33356E-08
 8.22799E-08
 8.07406E-08
 7.87669E-08
 7.64180E-08
 7.37588E-08
 7.08567E-08
 6.77775E-08
 6.45829E-08
 6.13288E-08
 5.80643E-08
 5.48308E-08
 5.16626E-08
 4.85870E-08
 4.56248E-08
 4.27916E-08
 4.00981E-08
 3.75511E-08
 3.51541E-08
 3.29082E-08
 3.08123E-08
 2.88641E-08
 2.70599E-08
 2.53954E-08
 2.38658E-08
 2.24661E-08
 2.11911E-08
 2.00359E-08
 1.89954E-08
 1.80651E-08
 1.72407E-08
 1.65181E-08
 1.58938E-08
 1.53646E-08
 1.49279E-08
 1.45812E-08
 1.43228E-08
 1.41514E-08
 1.40658E-08
 8.31034E-08
 8.25908E-08
 8.15820E-08
 8.01087E-08
 7.82153E-08
 7.59557E-08
 7.33899E-08
 7.05805E-08
 6.75896E-08
 6.44761E-08
 6.12941E-08
 5.80918E-08
 5.49104E-08
 5.17845E-08
 4.87421E-08
 4.58051E-08
 4.29899E-08
 4.03084E-08
 3.77685E-08
 3.53745E-08
 3.31285E-08
 3.10300E-08
 2.90774E-08
 2.72675E-08
 2.55965E-08
 2.40598E-08
 2.26529E-08
 2.13707E-08
 2.02083E-08
 1.91611E-08
 1.82245E-08
 1.73942E-08
 1.66664E-08
 1.60374E-08
 1.55042E-08
 1.50640E-08
 1.47147E-08
 1.44542E-08
 1.42814E-08
 1.41952E-08
 8.28464E-08
 8.23418E-08
 8.13484E-08
 7.98967E-08
 7.80296E-08
 7.57994E-08
 7.32644E-08
 7.04856E-08
 6.75240E-08
 6.44375E-08
 6.12797E-08
 5.80982E-08
 5.49344E-08
 5.18228E-08
 4.87917E-08
 4.58633E-08
 4.30544E-08
 4.03771E-08
 3.78397E-08
 3.54470E-08
 3.32011E-08
 3.11019E-08
 2.91479E-08
 2.73362E-08
 2.56631E-08
 2.41242E-08
 2.27149E-08
 2.14303E-08
 2.02657E-08
 1.92163E-08
 1.82776E-08
 1.74454E-08
 1.67158E-08
 1.60852E-08
 1.55507E-08
 1.51094E-08
 1.47591E-08
 1.44980E-08
 1.43247E-08
 1.42383E-08
 8.30939E-08
 8.25814E-08
 8.15728E-08
 8.00998E-08
 7.82068E-08
 7.59477E-08
 7.33824E-08
 7.05735E-08
 6.75831E-08
 6.44701E-08
 6.12887E-08
 5.80869E-08
 5.49060E-08
 5.17806E-08
 4.87386E-08
 4.58019E-08
 4.29871E-08
 4.03060E-08
 3.77663E-08
 3.53726E-08
 3.31268E-08
 3.10286E-08
 2.90761E-08
 2.72664E-08
 2.55955E-08
 2.40590E-08
 2.26521E-08
 2.13700E-08
 2.02078E-08
 1.91606E-08
 1.82241E-08
 1.73939E-08
 1.66660E-08
 1.60371E-08
 1.55039E-08
 1.50638E-08
 1.47144E-08
 1.44540E-08
 1.42812E-08
 1.41950E-08
 8.38536E-08
 8.33167E-08
 8.22614E-08
 8.07228E-08
 7.87499E-08
 7.64019E-08
 7.37438E-08
 7.08427E-08
 6.77645E-08
 6.45710E-08
 6.13180E-08
 5.80545E-08
 5.48221E-08
 5.16548E-08
 4.85800E-08
 4.56186E-08
 4.27861E-08
 4.00932E-08
 3.75468E-08
 3.51503E-08
 3.29049E-08
 3.08094E-08
 2.88615E-08
 2.70577E-08
 2.53934E-08
 2.38641E-08
 2.24646E-08
 2.11898E-08
 2.00348E-08
 1.89944E-08
 1.80643E-08
 1.72399E-08
 1.65174E-08
 1.58932E-08
 1.53641E-08
 1.49274E-08
 1.45808E-08
 1.43224E-08
 1.41510E-08
 1.40655E-08
 8.51500E-08
 8.45704E-08
 8.34332E-08
 8.17800E-08
 7.96681E-08
 7.71660E-08
 7.43479E-08
 7.12889E-08
 6.80612E-08
 6.47313E-08
 6.13578E-08
 5.79910E-08
 5.46728E-08
 5.14364E-08
 4.83078E-08
 4.53063E-08
 4.24454E-08
 3.97340E-08
 3.71772E-08
 3.47770E-08
 3.25329E-08
 3.04427E-08
 2.85030E-08
 2.67092E-08
 2.50565E-08
 2.35393E-08
 2.21523E-08
 2.08900E-08
 1.97469E-08
 1.87181E-08
 1.77986E-08
 1.69841E-08
 1.62705E-08
 1.56542E-08
 1.51319E-08
 1.47009E-08
 1.43589E-08
 1.41039E-08
 1.39348E-08
 1.38504E-08
 8.70258E-08
 8.63817E-08
 8.51209E-08
 8.32955E-08
 8.09763E-08
 7.82461E-08
 7.51929E-08
 7.19037E-08
 6.84601E-08
 6.49349E-08
 6.13906E-08
 5.78790E-08
 5.44416E-08
 5.11102E-08
 4.79086E-08
 4.48533E-08
 4.19551E-08
 3.92202E-08
 3.66511E-08
 3.42475E-08
 3.20069E-08
 2.99255E-08
 2.79983E-08
 2.62198E-08
 2.45839E-08
 2.30844E-08
 2.17154E-08
 2.04708E-08
 1.93449E-08
 1.83323E-08
 1.74280E-08
 1.66274E-08
 1.59264E-08
 1.53211E-08
 1.48084E-08
 1.43854E-08
 1.40498E-08
 1.37997E-08
 1.36338E-08
 1.35511E-08
 8.95457E-08
 8.88094E-08
 8.73732E-08
 8.53048E-08
 8.26954E-08
 7.96490E-08
 7.62737E-08
 7.26729E-08
 6.89406E-08
 6.51575E-08
 6.13906E-08
 5.76927E-08
 5.41042E-08
 5.06542E-08
 4.73629E-08
 4.42431E-08
 4.13015E-08
 3.85406E-08
 3.59595E-08
 3.35548E-08
 3.13217E-08
 2.92541E-08
 2.73451E-08
 2.55877E-08
 2.39747E-08
 2.24991E-08
 2.11540E-08
 1.99329E-08
 1.88295E-08
 1.78382E-08
 1.69537E-08
 1.61712E-08
 1.54864E-08
 1.48955E-08
 1.43951E-08
 1.39825E-08
 1.36552E-08
 1.34114E-08
 1.32496E-08
 1.31689E-08
 9.28017E-08
 9.19370E-08
 9.02575E-08
 8.78552E-08
 8.48513E-08
 8.13810E-08
 7.75798E-08
 7.35736E-08
 6.94716E-08
 6.53640E-08
 6.13216E-08
 5.73971E-08
 5.36281E-08
 5.00394E-08
 4.66459E-08
 4.34546E-08
 4.04671E-08
 3.76811E-08
 3.50913E-08
 3.26907E-08
 3.04711E-08
 2.84239E-08
 2.65402E-08
 2.48111E-08
 2.32282E-08
 2.17833E-08
 2.04687E-08
 1.92771E-08
 1.82020E-08
 1.72373E-08
 1.63774E-08
 1.56173E-08
 1.49526E-08
 1.43793E-08
 1.38942E-08
 1.34942E-08
 1.31771E-08
 1.29409E-08
 1.27843E-08
 1.27062E-08
 9.69225E-08
 9.58794E-08
 9.38645E-08
 9.10071E-08
 8.74736E-08
 8.34436E-08
 7.90910E-08
 7.45699E-08
 7.00081E-08
 6.55053E-08
 6.11344E-08
 5.69460E-08
 5.29718E-08
 4.92295E-08
 4.57264E-08
 4.24621E-08
 3.94313E-08
 3.66254E-08
 3.40339E-08
 3.16454E-08
 2.94480E-08
 2.74302E-08
 2.55805E-08
 2.38884E-08
 2.23437E-08
 2.09372E-08
 1.96602E-08
 1.85049E-08
 1.74642E-08
 1.65316E-08
 1.57012E-08
 1.49679E-08
 1.43272E-08
 1.37751E-08
 1.33080E-08
 1.29232E-08
 1.26181E-08
 1.23910E-08
 1.22404E-08
 1.21653E-08
 1.02086E-07
 1.00794E-07
 9.83139E-08
 9.48353E-08
 9.05923E-08
 8.58289E-08
 8.07705E-08
 7.56069E-08
 7.04858E-08
 6.55145E-08
 6.07649E-08
 5.62805E-08
 5.20834E-08
 4.81805E-08
 4.45681E-08
 4.12362E-08
 3.81705E-08
 3.53552E-08
 3.27736E-08
 3.04089E-08
 2.82455E-08
 2.62683E-08
 2.44634E-08
 2.28182E-08
 2.13211E-08
 1.99615E-08
 1.87301E-08
 1.76182E-08
 1.66183E-08
 1.57235E-08
 1.49279E-08
 1.42260E-08
 1.36133E-08
 1.30857E-08
 1.26396E-08
 1.22723E-08
 1.19812E-08
 1.17646E-08
 1.16209E-08
 1.15493E-08
 1.08543E-07
 1.06895E-07
 1.03762E-07
 9.94279E-08
 9.42313E-08
 8.85093E-08
 8.25554E-08
 7.66012E-08
 7.08136E-08
 6.53020E-08
 6.01301E-08
 5.53277E-08
 5.09009E-08
 4.68408E-08
 4.31294E-08
 3.97438E-08
 3.66594E-08
 3.38514E-08
 3.12961E-08
 2.89713E-08
 2.68567E-08
 2.49339E-08
 2.31866E-08
 2.15999E-08
 2.01608E-08
 1.88577E-08
 1.76803E-08
 1.66195E-08
 1.56672E-08
 1.48164E-08
 1.40608E-08
 1.33950E-08
 1.28143E-08
 1.23147E-08
 1.18926E-08
 1.15451E-08
 1.12699E-08
 1.10651E-08
 1.09294E-08
 1.08617E-08
 1.16647E-07
 1.14481E-07
 1.10412E-07
 1.04883E-07
 9.83958E-08
 9.14214E-08
 8.43406E-08
 7.74291E-08
 7.08654E-08
 6.47498E-08
 5.91259E-08
 5.39991E-08
 4.93516E-08
 4.51525E-08
 4.13648E-08
 3.79503E-08
 3.48719E-08
 3.20950E-08
 2.95881E-08
 2.73234E-08
 2.52760E-08
 2.34242E-08
 2.17491E-08
 2.02340E-08
 1.88646E-08
 1.76283E-08
 1.65140E-08
 1.55122E-08
 1.46146E-08
 1.38139E-08
 1.31039E-08
 1.24789E-08
 1.19343E-08
 1.14661E-08
 1.10708E-08
 1.07456E-08
 1.04882E-08
 1.02967E-08
 1.01697E-08
 1.01065E-08
 1.26917E-07
 1.23970E-07
 1.18524E-07
 1.11295E-07
 1.03048E-07
 9.44401E-08
 8.59566E-08
 7.79092E-08
 7.04690E-08
 6.37058E-08
 5.76244E-08
 5.21914E-08
 4.73541E-08
 4.30526E-08
 3.92270E-08
 3.58207E-08
 3.27829E-08
 3.00684E-08
 2.76380E-08
 2.54581E-08
 2.34996E-08
 2.17378E-08
 2.01515E-08
 1.87225E-08
 1.74353E-08
 1.62767E-08
 1.52351E-08
 1.43008E-08
 1.34651E-08
 1.27209E-08
 1.20618E-08
 1.14824E-08
 1.09780E-08
 1.05446E-08
 1.01790E-08
 9.87842E-09
 9.64053E-09
 9.46361E-09
 9.34638E-09
 9.28797E-09
 1.40135E-07
 1.35958E-07
 1.28417E-07
 1.18725E-07
 1.08060E-07
 9.73347E-08
 8.71365E-08
 7.77822E-08
 6.93955E-08
 6.19801E-08
 5.54746E-08
 4.97879E-08
 4.48206E-08
 4.04770E-08
 3.66697E-08
 3.33227E-08
 3.03704E-08
 2.77575E-08
 2.54375E-08
 2.33714E-08
 2.15266E-08
 1.98760E-08
 1.83965E-08
 1.70691E-08
 1.58775E-08
 1.48080E-08
 1.38490E-08
 1.29906E-08
 1.22242E-08
 1.15428E-08
 1.09401E-08
 1.04108E-08
 9.95054E-09
 9.55541E-09
 9.22226E-09
 8.94847E-09
 8.73189E-09
 8.57088E-09
 8.46420E-09
 8.41107E-09
 1.57531E-07
 1.51311E-07
 1.40463E-07
 1.27127E-07
 1.13135E-07
 9.97019E-08
 8.74724E-08
 7.66877E-08
 6.73507E-08
 5.93446E-08
 5.25061E-08
 4.66649E-08
 4.16636E-08
 3.73648E-08
 3.36523E-08
 3.04299E-08
 2.76186E-08
 2.51539E-08
 2.29831E-08
 2.10633E-08
 1.93595E-08
 1.78429E-08
 1.64895E-08
 1.52799E-08
 1.41976E-08
 1.32289E-08
 1.23623E-08
 1.15882E-08
 1.08984E-08
 1.02860E-08
 9.74492E-09
 9.27032E-09
 8.85794E-09
 8.50420E-09
 8.20613E-09
 7.96129E-09
 7.76769E-09
 7.62380E-09
 7.52849E-09
 7.48102E-09
 1.81146E-07
 1.71292E-07
 1.54998E-07
 1.36185E-07
 1.17650E-07
 1.00866E-07
 8.63637E-08
 7.41455E-08
 6.39750E-08
 5.55417E-08
 4.85401E-08
 4.27019E-08
 3.78041E-08
 3.36663E-08
 3.01448E-08
 2.71261E-08
 2.45202E-08
 2.22562E-08
 2.02776E-08
 1.85393E-08
 1.70053E-08
 1.56464E-08
 1.44388E-08
 1.33633E-08
 1.24040E-08
 1.15476E-08
 1.07832E-08
 1.01016E-08
 9.49530E-09
 8.95767E-09
 8.48330E-09
 8.06760E-09
 7.70668E-09
 7.39731E-09
 7.13677E-09
 6.92286E-09
 6.75377E-09
 6.62814E-09
 6.54494E-09
 6.50351E-09
 2.14617E-07
 1.97712E-07
 1.72051E-07
 1.44967E-07
 1.20414E-07
 9.97483E-08
 8.29711E-08
 6.95556E-08
 5.88623E-08
 5.03070E-08
 4.34107E-08
 3.77987E-08
 3.31847E-08
 2.93514E-08
 2.61346E-08
 2.34093E-08
 2.10800E-08
 1.90731E-08
 1.73317E-08
 1.58111E-08
 1.44760E-08
 1.32985E-08
 1.22561E-08
 1.13307E-08
 1.05074E-08
 9.77426E-09
 9.12117E-09
 8.53987E-09
 8.02344E-09
 7.56610E-09
 7.16301E-09
 6.81007E-09
 6.50388E-09
 6.24158E-09
 6.02079E-09
 5.83959E-09
 5.69641E-09
 5.59005E-09
 5.51962E-09
 5.48455E-09
 2.64992E-07
 2.32891E-07
 1.90526E-07
 1.51220E-07
 1.19291E-07
 9.47421E-08
 7.62167E-08
 6.22438E-08
 5.16115E-08
 4.34135E-08
 3.69970E-08
 3.18975E-08
 2.77843E-08
 2.44202E-08
 2.16330E-08
 1.92966E-08
 1.73173E-08
 1.56246E-08
 1.41650E-08
 1.28972E-08
 1.17891E-08
 1.08155E-08
 9.95639E-09
 9.19581E-09
 8.52080E-09
 7.92086E-09
 7.38736E-09
 6.91320E-09
 6.49248E-09
 6.12030E-09
 5.79255E-09
 5.50580E-09
 5.25719E-09
 5.04432E-09
 4.86523E-09
 4.71829E-09
 4.60222E-09
 4.51602E-09
 4.45895E-09
 4.43053E-09
 3.47471E-07
 2.78336E-07
 2.05943E-07
 1.50095E-07
 1.10790E-07
 8.37121E-08
 6.49101E-08
 5.15915E-08
 4.19265E-08
 3.47384E-08
 2.92662E-08
 2.50101E-08
 2.16350E-08
 1.89119E-08
 1.66805E-08
 1.48267E-08
 1.32679E-08
 1.19431E-08
 1.08066E-08
 9.82363E-09
 8.96768E-09
 8.21796E-09
 7.55818E-09
 6.97536E-09
 6.45910E-09
 6.00101E-09
 5.59421E-09
 5.23309E-09
 4.91299E-09
 4.63006E-09
 4.38109E-09
 4.16340E-09
 3.97475E-09
 3.81330E-09
 3.67751E-09
 3.56613E-09
 3.47817E-09
 3.41285E-09
 3.36961E-09
 3.34809E-09
 4.99091E-07
 3.27039E-07
 2.04818E-07
 1.32427E-07
 9.00633E-08
 6.44060E-08
 4.81201E-08
 3.72855E-08
 2.97648E-08
 2.43475E-08
 2.03194E-08
 1.72415E-08
 1.48339E-08
 1.29119E-08
 1.13503E-08
 1.00619E-08
 8.98464E-09
 8.07327E-09
 7.29444E-09
 6.62307E-09
 6.04002E-09
 5.53051E-09
 5.08300E-09
 4.68834E-09
 4.33925E-09
 4.02986E-09
 3.75539E-09
 3.51196E-09
 3.29633E-09
 3.10587E-09
 2.93835E-09
 2.79194E-09
 2.66512E-09
 2.55661E-09
 2.46537E-09
 2.39055E-09
 2.33147E-09
 2.28761E-09
 2.25857E-09
 2.24411E-09
 8.22775E-07
 3.25918E-07
 1.53866E-07
 8.47308E-08
 5.26307E-08
 3.57289E-08
 2.58787E-08
 1.96659E-08
 1.54995E-08
 1.25673E-08
 1.04224E-08
 8.80272E-09
 7.54701E-09
 6.55147E-09
 5.74697E-09
 5.08608E-09
 4.53540E-09
 4.07089E-09
 3.67488E-09
 3.33420E-09
 3.03882E-09
 2.78107E-09
 2.55495E-09
 2.35575E-09
 2.17969E-09
 2.02377E-09
 1.88554E-09
 1.76300E-09
 1.65451E-09
 1.55872E-09
 1.47449E-09
 1.40090E-09
 1.33717E-09
 1.28265E-09
 1.23681E-09
 1.19923E-09
 1.16956E-09
 1.14753E-09
 1.13295E-09
 1.12569E-09
 0.00000E+00
 0.00000E+00
 0.00000E+00
 0.00000E+00
 0.00000E+00
 0.00000E+00
 0.00000E+00
 0.00000E+00
 0.00000E+00
 0.00000E+00
 0.00000E+00
 0.00000E+00
 0.00000E+00
 0.00000E+00
 0.00000E+00
 0.00000E+00
 0.00000E+00
 0.00000E+00
 0.00000E+00
 0.00000E+00
 0.00000E+00
 0.00000E+00
 0.00000E+00
 0.00000E+00
 0.00000E+00
 0.00000E+00
 0.00000E+00
 0.00000E+00
 0.00000E+00
 0.00000E+00
 0.00000E+00
 0.00000E+00
 0.00000E+00
 0.00000E+00
 0.00000E+00
 0.00000E+00
 0.00000E+00
 0.00000E+00
 0.00000E+00
 0.00000E+00
