 0.00000E+00
 9.23485E-07
 2.65594E-06
 4.43994E-06
 6.19378E-06
 7.89992E-06
 9.55749E-06
 1.11690E-05
 1.27372E-05
 1.42647E-05
 1.57539E-05
 1.72069E-05
 1.86258E-05
 2.00126E-05
 2.13691E-05
 2.26969E-05
 2.39976E-05
 2.52729E-05
 2.65242E-05
 2.77527E-05
 2.89599E-05
 3.01468E-05
 3.13147E-05
 3.24646E-05
 3.35975E-05
 3.47144E-05
 3.58162E-05
 3.69037E-05
 3.79778E-05
 3.90391E-05
 4.00885E-05
 4.11266E-05
 4.21541E-05
 4.31714E-05
 4.41793E-05
 4.51782E-05
 4.61686E-05
 4.71511E-05
 4.81261E-05
 4.90939E-05
 5.00550E-05
 5.10098E-05
 5.19587E-05
 5.29019E-05
 5.38398E-05
 5.47727E-05
 5.57008E-05
 5.66245E-05
 5.75439E-05
 5.84594E-05
 5.93712E-05
 6.02794E-05
 6.11842E-05
 6.20859E-05
 6.29846E-05
 6.38806E-05
 6.47738E-05
 6.56646E-05
 6.65530E-05
 6.74392E-05
 6.83233E-05
 6.92054E-05
 7.00856E-05
 7.09640E-05
 7.18408E-05
 7.27160E-05
 7.35898E-05
 7.44621E-05
 7.53331E-05
 7.62028E-05
 7.70714E-05
 7.79389E-05
 7.88053E-05
 7.96707E-05
 8.05352E-05
 8.13988E-05
 8.22616E-05
 8.31235E-05
 8.39848E-05
 8.48453E-05
 8.57052E-05
 8.65644E-05
 8.74231E-05
 8.82812E-05
 8.91387E-05
 8.99958E-05
 9.08524E-05
 9.17086E-05
 9.25643E-05
 9.34197E-05
 9.42746E-05
 9.51293E-05
 9.59836E-05
 9.68375E-05
 9.76912E-05
 9.85446E-05
 9.93977E-05
 1.00251E-04
 1.01103E-04
 1.01956E-04
 1.02808E-04
 1.03660E-04
 1.04512E-04
 1.05363E-04
 1.06215E-04
 1.07066E-04
 1.07917E-04
 1.08768E-04
 1.09619E-04
 1.10470E-04
 1.11320E-04
 1.12171E-04
 1.13021E-04
 1.13872E-04
 1.14722E-04
 1.15572E-04
 1.16422E-04
 1.17272E-04
 1.18122E-04
 1.18971E-04
 1.19821E-04
 1.20671E-04
 1.21520E-04
 1.22370E-04
 1.23219E-04
 1.24069E-04
 1.24918E-04
 1.25767E-04
 1.26617E-04
 1.27466E-04
 1.28315E-04
 1.29164E-04
 1.30013E-04
 1.30862E-04
 1.31711E-04
 1.32560E-04
 1.33409E-04
 1.34258E-04
 1.35107E-04
 1.35956E-04
 1.36804E-04
 1.37653E-04
 1.38502E-04
 1.39351E-04
 1.40199E-04
 1.41048E-04
 1.41897E-04
 1.42745E-04
 1.43594E-04
 1.44443E-04
 1.45291E-04
 1.46140E-04
 1.46988E-04
 1.47837E-04
 1.48685E-04
 1.49534E-04
 1.50382E-04
 1.51231E-04
 1.52079E-04
 1.52928E-04
 1.53776E-04
 1.54625E-04
 1.55473E-04
 1.56321E-04
 1.57170E-04
 1.58018E-04
 1.58866E-04
 1.59715E-04
 1.60563E-04
 1.61411E-04
 1.62260E-04
 1.63108E-04
 1.63956E-04
 1.64805E-04
 1.65653E-04
 1.66501E-04
 1.67349E-04
 1.68197E-04
 1.69046E-04
 1.69894E-04
 1.70742E-04
 1.71590E-04
 1.72438E-04
 1.73287E-04
 1.74135E-04
 1.74983E-04
 1.75831E-04
 1.76679E-04
 1.77527E-04
 1.78375E-04
 1.79223E-04
 1.80072E-04
 1.80920E-04
 1.81768E-04
 1.82616E-04
 1.83464E-04
 1.84312E-04
 1.85160E-04
 1.86008E-04
 1.86856E-04
 1.87704E-04
 1.88552E-04
 1.89400E-04
 1.90248E-04
 1.91096E-04
 1.91944E-04
 1.92792E-04
 1.93640E-04
 1.94487E-04
 1.95344E-04
 1.96195E-04
 1.97045E-04
 1.97894E-04
 1.98742E-04
 1.99589E-04
 2.00436E-04
 2.01283E-04
 2.02128E-04
 2.02973E-04
 2.03818E-04
 2.04662E-04
 2.05506E-04
 2.06349E-04
 2.07192E-04
 2.08034E-04
 2.08876E-04
 2.09717E-04
 2.10559E-04
 2.11399E-04
 2.12240E-04
 2.13080E-04
 2.13920E-04
 2.14759E-04
 2.15598E-04
 2.16437E-04
 2.17275E-04
 2.18114E-04
 2.18952E-04
 2.19789E-04
 2.20626E-04
 2.21464E-04
 2.22300E-04
 2.23172E-04
 2.24028E-04
 2.24883E-04
 2.25736E-04
 2.26588E-04
 2.27439E-04
 2.28288E-04
 2.29136E-04
 2.29983E-04
 2.30829E-04
 2.31673E-04
 2.32517E-04
 2.33359E-04
 2.34199E-04
 2.35039E-04
 2.35878E-04
 2.36715E-04
 2.37551E-04
 2.38412E-04
 2.39252E-04
 2.40084E-04
 2.40911E-04
 2.41730E-04
 2.42543E-04
 2.43349E-04
 2.44149E-04
 2.44993E-04
 2.45819E-04
 2.46644E-04
 2.47467E-04
 2.48290E-04
 2.49112E-04
 2.49933E-04
 2.50753E-04
 2.51572E-04
 2.52390E-04
 2.53208E-04
 2.54024E-04
 2.54840E-04
 2.55655E-04
 2.56469E-04
 2.57282E-04
 2.58095E-04
 2.58906E-04
 2.59717E-04
 2.60527E-04
 2.61337E-04
 2.62145E-04
 2.62953E-04
 2.63760E-04
 2.64566E-04
 2.65372E-04
 2.66215E-04
 2.67043E-04
 2.67869E-04
 2.68696E-04
 2.69522E-04
 2.70349E-04
 2.71175E-04
 2.72001E-04
 2.72828E-04
 2.73654E-04
 2.74480E-04
 2.75306E-04
 2.76133E-04
 2.76959E-04
 2.77785E-04
 2.78611E-04
 2.79437E-04
 2.80263E-04
 2.81088E-04
 2.81914E-04
 2.82740E-04
 2.83565E-04
 2.84391E-04
 2.85217E-04
 2.86042E-04
 2.86868E-04
 2.87693E-04
 2.88518E-04
 2.89343E-04
 2.90169E-04
 2.90994E-04
 2.91819E-04
 2.92644E-04
 2.93469E-04
 2.94294E-04
 2.95119E-04
 2.95944E-04
 2.96768E-04
 2.97593E-04
 2.98418E-04
 2.99243E-04
 3.00067E-04
 3.00892E-04
 3.01716E-04
 3.02541E-04
 3.03365E-04
 3.04189E-04
 3.05014E-04
 3.05838E-04
 3.06662E-04
 3.07486E-04
 3.08310E-04
 3.09134E-04
 3.09958E-04
 3.10782E-04
 3.11606E-04
 3.12430E-04
 3.13254E-04
 3.14078E-04
 3.14902E-04
 3.15725E-04
 3.16549E-04
 3.17373E-04
 3.18196E-04
 3.19020E-04
 3.19844E-04
 3.20667E-04
 3.21491E-04
 3.22314E-04
 3.23137E-04
 3.23961E-04
 3.24784E-04
 3.25608E-04
 3.26431E-04
 3.27254E-04
 3.28077E-04
 3.28901E-04
 3.29724E-04
 3.30547E-04
 3.31370E-04
 3.32193E-04
 3.33016E-04
 3.33839E-04
 3.34662E-04
 3.35485E-04
 3.36308E-04
 3.37131E-04
 3.37954E-04
 3.38777E-04
 3.39600E-04
 3.40423E-04
 3.41245E-04
 3.42068E-04
 3.42891E-04
 3.43714E-04
 3.44536E-04
 3.45359E-04
 3.46182E-04
 3.47005E-04
 3.47827E-04
 3.48650E-04
 3.49473E-04
 3.50295E-04
 3.51118E-04
 3.51940E-04
 3.52763E-04
 3.53585E-04
 3.54408E-04
 3.55231E-04
 3.56053E-04
 3.56876E-04
 3.57698E-04
 3.58521E-04
 3.59343E-04
 3.60166E-04
 3.60988E-04
 3.61810E-04
 3.62633E-04
 3.63455E-04
 3.64278E-04
 3.65100E-04
 3.65923E-04
 3.66745E-04
 3.67567E-04
 3.68390E-04
 3.69212E-04
 3.70035E-04
 3.70857E-04
 3.71679E-04
 3.72502E-04
 3.73324E-04
 3.74146E-04
 3.74969E-04
 3.75791E-04
 3.76614E-04
 3.77436E-04
 3.78258E-04
 3.79081E-04
 3.79903E-04
 3.80725E-04
 3.81548E-04
 3.82370E-04
 3.83192E-04
 3.84015E-04
 3.84837E-04
 3.85659E-04
 3.86482E-04
 3.87304E-04
 3.88127E-04
 3.88949E-04
 3.89771E-04
 3.90594E-04
 3.91416E-04
 3.92238E-04
 3.93061E-04
 3.93883E-04
 3.94706E-04
 3.95528E-04
 3.96351E-04
 3.97173E-04
 3.97995E-04
 3.98818E-04
 3.99640E-04
 4.00463E-04
 4.01285E-04
 4.02108E-04
 4.02930E-04
 4.03753E-04
 4.04575E-04
 4.05398E-04
 4.06220E-04
 4.07043E-04
 4.07865E-04
 4.08688E-04
 4.09510E-04
 4.10333E-04
 4.11156E-04
 4.11978E-04
 4.12801E-04
 4.13623E-04
 4.14446E-04
 4.15269E-04
 4.16091E-04
 4.16914E-04
 4.17737E-04
 4.18560E-04
 4.19382E-04
 4.20205E-04
 4.21028E-04
 4.21851E-04
 4.22673E-04
 4.23496E-04
 4.24319E-04
 4.25142E-04
 4.25965E-04
 4.26788E-04
 4.27610E-04
 4.28433E-04
 4.29256E-04
 4.30079E-04
 4.30902E-04
 4.31725E-04
 4.32548E-04
 4.33371E-04
 4.34194E-04
 4.35017E-04
 4.35840E-04
 4.36664E-04
 4.37487E-04
 4.38310E-04
 4.39133E-04
 4.39956E-04
 4.40779E-04
 4.41603E-04
 4.42426E-04
 4.43249E-04
 4.44072E-04
 4.44896E-04
 4.45719E-04
 4.46542E-04
 4.47366E-04
 4.48189E-04
 4.49013E-04
 4.49836E-04
 4.50660E-04
 4.51483E-04
 4.52307E-04
 4.53130E-04
 4.53954E-04
 4.54777E-04
 4.55601E-04
 4.56425E-04
 4.57248E-04
 4.58072E-04
 4.58896E-04
 4.59719E-04
 4.60543E-04
 4.61367E-04
 4.62191E-04
 4.63015E-04
 4.63839E-04
 4.64663E-04
 4.65486E-04
 4.66310E-04
 4.67134E-04
 4.67958E-04
 4.68782E-04
 4.69607E-04
 4.70431E-04
 4.71255E-04
 4.72079E-04
 4.72903E-04
 4.73727E-04
 4.74552E-04
 4.75376E-04
 4.76200E-04
 4.77025E-04
 4.77849E-04
 4.78673E-04
 4.79498E-04
 4.80322E-04
 4.81147E-04
 4.81971E-04
 4.82796E-04
 4.83620E-04
 4.84445E-04
 4.85270E-04
 4.86094E-04
 4.86919E-04
 4.87744E-04
 4.88569E-04
 4.89393E-04
 4.90218E-04
 4.91043E-04
 4.91868E-04
 4.92693E-04
 4.93518E-04
 4.94343E-04
 4.95168E-04
 4.95993E-04
 4.96818E-04
 4.97643E-04
 4.98469E-04
 4.99294E-04
 5.00119E-04
 5.00944E-04
 5.01770E-04
 5.02595E-04
 5.03420E-04
 5.04246E-04
 5.05071E-04
 5.05897E-04
 5.06722E-04
 5.07548E-04
 5.08373E-04
 5.09199E-04
 5.10025E-04
 5.10850E-04
 5.11676E-04
 5.12502E-04
 5.13328E-04
 5.14153E-04
 5.14979E-04
 5.15805E-04
 5.16631E-04
 5.17457E-04
 5.18283E-04
 5.19109E-04
 5.19935E-04
 5.20761E-04
 5.21588E-04
 5.22414E-04
 5.23240E-04
 5.24066E-04
 5.24893E-04
 5.25719E-04
 5.26545E-04
 5.27372E-04
 5.28198E-04
 5.29025E-04
 5.29851E-04
 5.30678E-04
 5.31505E-04
 5.32331E-04
 5.33158E-04
 5.33985E-04
 5.34811E-04
 5.35638E-04
 5.36465E-04
 5.37292E-04
 5.38119E-04
 5.38946E-04
 5.39773E-04
 5.40600E-04
 5.41427E-04
 5.42254E-04
 5.43081E-04
 5.43908E-04
 5.44736E-04
 5.45563E-04
 5.46390E-04
 5.47218E-04
 5.48045E-04
 5.48872E-04
 5.49700E-04
 5.50528E-04
 5.51355E-04
 5.52183E-04
 5.53010E-04
 5.53838E-04
 5.54666E-04
 5.55494E-04
 5.56321E-04
 5.57149E-04
 5.57977E-04
 5.58805E-04
 5.59633E-04
 5.60461E-04
 5.61289E-04
 5.62117E-04
 5.62945E-04
 5.63774E-04
 5.64602E-04
 5.65430E-04
 5.66258E-04
 5.67087E-04
 5.67915E-04
 5.68744E-04
 5.69572E-04
 5.70401E-04
 5.71229E-04
 5.72058E-04
 5.72886E-04
 5.73715E-04
 5.74544E-04
 5.75372E-04
 5.76201E-04
 5.77030E-04
 5.77859E-04
 5.78688E-04
 5.79517E-04
 5.80346E-04
 5.81175E-04
 5.82004E-04
 5.82833E-04
 5.83662E-04
 5.84492E-04
 5.85321E-04
 5.86150E-04
 5.86979E-04
 5.87809E-04
 5.88638E-04
 5.89468E-04
 5.90297E-04
 5.91127E-04
 5.91956E-04
 5.92786E-04
 5.93616E-04
 5.94445E-04
 5.95275E-04
 5.96105E-04
 5.96935E-04
 5.97765E-04
 5.98595E-04
 5.99425E-04
 6.00255E-04
 6.01085E-04
 6.01915E-04
 6.02745E-04
 6.03575E-04
 6.04405E-04
 6.05235E-04
 6.06066E-04
 6.06896E-04
 6.07726E-04
 6.08557E-04
 6.09387E-04
 6.10218E-04
 6.11048E-04
 6.11879E-04
 6.12710E-04
 6.13540E-04
 6.14371E-04
 6.15202E-04
 6.16032E-04
 6.16863E-04
 6.17694E-04
 6.18525E-04
 6.19356E-04
 6.20187E-04
 6.21018E-04
 6.21849E-04
 6.22680E-04
 6.23511E-04
 6.24343E-04
 6.25174E-04
 6.26005E-04
 6.26836E-04
 6.27668E-04
 6.28499E-04
 6.29330E-04
 6.30162E-04
 6.30993E-04
 6.31825E-04
 6.32656E-04
 6.33488E-04
 6.34320E-04
 6.35151E-04
 6.35983E-04
 6.36815E-04
 6.37647E-04
 6.38479E-04
 6.39310E-04
 6.40142E-04
 6.40974E-04
 6.41806E-04
 6.42638E-04
 6.43470E-04
 6.44302E-04
 6.45134E-04
 6.45967E-04
 6.46799E-04
 6.47631E-04
 6.48463E-04
 6.49295E-04
 6.50128E-04
 6.50960E-04
 6.51792E-04
 6.52625E-04
 6.53457E-04
 6.54290E-04
 6.55122E-04
 6.55955E-04
 6.56787E-04
 6.57620E-04
 6.58453E-04
 6.59285E-04
 6.60118E-04
 6.60951E-04
 6.61783E-04
 6.62616E-04
 6.63449E-04
 6.64282E-04
 6.65114E-04
 6.65947E-04
 6.66780E-04
 6.67613E-04
 6.68446E-04
 6.69279E-04
 6.70112E-04
 6.70945E-04
 6.71778E-04
 6.72611E-04
 6.73444E-04
 6.74277E-04
 6.75110E-04
 6.75943E-04
 6.76776E-04
 6.77609E-04
 6.78442E-04
 6.79275E-04
 6.80108E-04
 6.80941E-04
 6.81774E-04
 6.82607E-04
 6.83440E-04
 6.84273E-04
 6.85106E-04
 6.85939E-04
 6.86772E-04
 6.87602E-04
 6.88436E-04
 6.89270E-04
 6.90104E-04
 6.90922E-04
 6.92241E-04
 6.93098E-04
 6.93798E-04
 6.94654E-04
 6.95359E-04
 6.96222E-04
 6.96932E-04
 6.97801E-04
 6.98516E-04
 6.99390E-04
 7.00110E-04
 7.00988E-04
 7.01712E-04
 7.02595E-04
 7.03322E-04
 7.04209E-04
 7.04940E-04
 7.05830E-04
 7.06563E-04
 7.07457E-04
 7.08193E-04
 7.09089E-04
 7.09827E-04
 7.10726E-04
 7.11466E-04
 7.12367E-04
 7.13109E-04
 7.14013E-04
 7.14756E-04
 7.15661E-04
 7.16406E-04
 7.17313E-04
 7.18060E-04
 7.18968E-04
 7.19716E-04
 7.20625E-04
 7.21374E-04
 7.22285E-04
 7.23035E-04
 7.23946E-04
 7.24697E-04
 7.25610E-04
 7.26362E-04
 7.27275E-04
 7.28028E-04
 7.28942E-04
 7.29695E-04
 7.30610E-04
 7.31364E-04
 7.32280E-04
 7.33034E-04
 7.33950E-04
 7.34705E-04
 7.35622E-04
 7.36378E-04
 7.37294E-04
 7.38051E-04
 7.38968E-04
 7.39725E-04
 7.40642E-04
 7.41399E-04
 7.42317E-04
 7.43074E-04
 7.43992E-04
 7.44750E-04
 7.45669E-04
 7.46427E-04
