 9.15599E-04
 9.15587E-04
 9.15575E-04
 9.15563E-04
 9.15553E-04
 9.15543E-04
 9.15533E-04
 9.15525E-04
 9.15516E-04
 9.15508E-04
 9.15501E-04
 9.15494E-04
 9.15487E-04
 9.15481E-04
 9.15475E-04
 9.15469E-04
 9.15464E-04
 9.15459E-04
 9.15454E-04
 9.15450E-04
 9.15445E-04
 9.15442E-04
 9.15438E-04
 9.15434E-04
 9.15431E-04
 9.15428E-04
 9.15425E-04
 9.15422E-04
 9.15419E-04
 9.15417E-04
 9.15415E-04
 9.15412E-04
 9.15410E-04
 9.15408E-04
 9.15406E-04
 9.15405E-04
 9.15403E-04
 9.15401E-04
 9.15400E-04
 9.15398E-04
 9.15397E-04
 9.15396E-04
 9.15395E-04
 9.15394E-04
 9.15393E-04
 9.15392E-04
 9.15391E-04
 9.15390E-04
 9.15389E-04
 9.15388E-04
 9.15387E-04
 9.15387E-04
 9.15386E-04
 9.15385E-04
 9.15385E-04
 9.15384E-04
 9.15384E-04
 9.15383E-04
 9.15383E-04
 9.15382E-04
 9.15382E-04
 9.15381E-04
 9.15381E-04
 9.15381E-04
 9.15380E-04
 9.15380E-04
 9.15380E-04
 9.15379E-04
 9.15379E-04
 9.15379E-04
 9.15379E-04
 9.15378E-04
 9.15378E-04
 9.15378E-04
 9.15378E-04
 9.15378E-04
 9.15377E-04
 9.15377E-04
 9.15377E-04
 9.15377E-04
 9.15377E-04
 9.15377E-04
 9.15377E-04
 9.15376E-04
 9.15376E-04
 9.15376E-04
 9.15376E-04
 9.15376E-04
 9.15376E-04
 9.15376E-04
 9.15376E-04
 9.15376E-04
 9.15376E-04
 9.15376E-04
 9.15375E-04
 9.15375E-04
 9.15375E-04
 9.15375E-04
 9.15375E-04
 9.15375E-04
 9.15375E-04
 9.15375E-04
 9.15375E-04
 9.15375E-04
 9.15375E-04
 9.15375E-04
 9.15375E-04
 9.15375E-04
 9.15375E-04
 9.15375E-04
 9.15375E-04
 9.15375E-04
 9.15375E-04
 9.15375E-04
 9.15375E-04
 9.15374E-04
 9.15374E-04
 9.15374E-04
 9.15374E-04
 9.15374E-04
 9.15374E-04
 9.15374E-04
 9.15374E-04
 9.15374E-04
 9.15374E-04
 9.15374E-04
 9.15374E-04
 9.15374E-04
 9.15374E-04
 9.15374E-04
 9.15374E-04
 9.15374E-04
 9.15374E-04
 9.15374E-04
 9.15374E-04
 9.15374E-04
 9.15374E-04
 9.15374E-04
 9.15374E-04
 9.15374E-04
 9.15374E-04
 9.15374E-04
 9.15374E-04
 9.15374E-04
 9.15374E-04
 9.15374E-04
 9.15374E-04
 9.15374E-04
 9.15374E-04
 9.15374E-04
 9.15374E-04
 9.15374E-04
 9.15374E-04
 9.15374E-04
 9.15374E-04
 9.15374E-04
 9.15374E-04
 9.15374E-04
 9.15373E-04
 9.15373E-04
 9.15373E-04
 9.15373E-04
 9.15373E-04
 9.15373E-04
 9.15373E-04
 9.15373E-04
 9.15373E-04
 9.15373E-04
 9.15373E-04
 9.15373E-04
 9.15373E-04
 9.15373E-04
 9.15373E-04
 9.15373E-04
 9.15373E-04
 9.15373E-04
 9.15373E-04
 9.15373E-04
 9.15373E-04
 9.15373E-04
 9.15373E-04
 9.15373E-04
 9.15373E-04
 9.15373E-04
 9.15373E-04
 9.15373E-04
 9.15373E-04
 9.15373E-04
 9.15373E-04
 9.15373E-04
 9.15373E-04
 9.15373E-04
 9.15373E-04
 9.15373E-04
 9.15373E-04
 9.15373E-04
 9.15373E-04
 9.15373E-04
 9.15373E-04
 9.15373E-04
 9.15373E-04
 9.15373E-04
 9.15373E-04
 9.15373E-04
 9.15373E-04
 9.15373E-04
 9.15373E-04
 9.15373E-04
 9.15368E-04
 9.15369E-04
 9.15370E-04
 9.15371E-04
 9.15372E-04
 9.15372E-04
 9.15373E-04
 9.15374E-04
 9.15374E-04
 9.15375E-04
 9.15375E-04
 9.15375E-04
 9.15376E-04
 9.15376E-04
 9.15377E-04
 9.15377E-04
 9.15377E-04
 9.15378E-04
 9.15378E-04
 9.15378E-04
 9.15378E-04
 9.15379E-04
 9.15379E-04
 9.15379E-04
 9.15380E-04
 9.15380E-04
 9.15380E-04
 9.15380E-04
 9.15381E-04
 9.15381E-04
 9.15381E-04
 9.15381E-04
 9.15381E-04
 9.15361E-04
 9.15362E-04
 9.15364E-04
 9.15365E-04
 9.15366E-04
 9.15368E-04
 9.15369E-04
 9.15370E-04
 9.15371E-04
 9.15373E-04
 9.15374E-04
 9.15375E-04
 9.15376E-04
 9.15377E-04
 9.15378E-04
 9.15379E-04
 9.15381E-04
 9.15382E-04
 9.15368E-04
 9.15374E-04
 9.15381E-04
 9.15388E-04
 9.15394E-04
 9.15400E-04
 9.15406E-04
 9.15412E-04
 9.15390E-04
 9.15391E-04
 9.15392E-04
 9.15393E-04
 9.15394E-04
 9.15395E-04
 9.15396E-04
 9.15397E-04
 9.15397E-04
 9.15398E-04
 9.15399E-04
 9.15400E-04
 9.15401E-04
 9.15401E-04
 9.15402E-04
 9.15403E-04
 9.15404E-04
 9.15404E-04
 9.15405E-04
 9.15406E-04
 9.15407E-04
 9.15407E-04
 9.15408E-04
 9.15409E-04
 9.15410E-04
 9.15410E-04
 9.15389E-04
 9.15389E-04
 9.15389E-04
 9.15389E-04
 9.15389E-04
 9.15390E-04
 9.15390E-04
 9.15390E-04
 9.15390E-04
 9.15390E-04
 9.15390E-04
 9.15390E-04
 9.15390E-04
 9.15390E-04
 9.15391E-04
 9.15391E-04
 9.15391E-04
 9.15391E-04
 9.15391E-04
 9.15391E-04
 9.15391E-04
 9.15391E-04
 9.15391E-04
 9.15391E-04
 9.15392E-04
 9.15392E-04
 9.15392E-04
 9.15392E-04
 9.15392E-04
 9.15392E-04
 9.15392E-04
 9.15392E-04
 9.15392E-04
 9.15392E-04
 9.15392E-04
 9.15393E-04
 9.15393E-04
 9.15393E-04
 9.15393E-04
 9.15393E-04
 9.15393E-04
 9.15393E-04
 9.15393E-04
 9.15393E-04
 9.15393E-04
 9.15393E-04
 9.15393E-04
 9.15394E-04
 9.15394E-04
 9.15394E-04
 9.15394E-04
 9.15394E-04
 9.15394E-04
 9.15394E-04
 9.15394E-04
 9.15394E-04
 9.15394E-04
 9.15394E-04
 9.15394E-04
 9.15394E-04
 9.15394E-04
 9.15395E-04
 9.15395E-04
 9.15395E-04
 9.15395E-04
 9.15395E-04
 9.15395E-04
 9.15395E-04
 9.15395E-04
 9.15395E-04
 9.15395E-04
 9.15395E-04
 9.15395E-04
 9.15395E-04
 9.15395E-04
 9.15395E-04
 9.15396E-04
 9.15396E-04
 9.15396E-04
 9.15396E-04
 9.15396E-04
 9.15396E-04
 9.15396E-04
 9.15396E-04
 9.15396E-04
 9.15396E-04
 9.15396E-04
 9.15396E-04
 9.15396E-04
 9.15396E-04
 9.15396E-04
 9.15396E-04
 9.15397E-04
 9.15397E-04
 9.15397E-04
 9.15397E-04
 9.15397E-04
 9.15397E-04
 9.15397E-04
 9.15397E-04
 9.15397E-04
 9.15397E-04
 9.15397E-04
 9.15397E-04
 9.15397E-04
 9.15397E-04
 9.15397E-04
 9.15397E-04
 9.15397E-04
 9.15397E-04
 9.15398E-04
 9.15398E-04
 9.15398E-04
 9.15398E-04
 9.15398E-04
 9.15398E-04
 9.15398E-04
 9.15398E-04
 9.15398E-04
 9.15398E-04
 9.15398E-04
 9.15398E-04
 9.15398E-04
 9.15398E-04
 9.15398E-04
 9.15398E-04
 9.15398E-04
 9.15398E-04
 9.15398E-04
 9.15398E-04
 9.15399E-04
 9.15399E-04
 9.15399E-04
 9.15399E-04
 9.15399E-04
 9.15399E-04
 9.15399E-04
 9.15399E-04
 9.15399E-04
 9.15399E-04
 9.15399E-04
 9.15399E-04
 9.15399E-04
 9.15399E-04
 9.15399E-04
 9.15399E-04
 9.15399E-04
 9.15399E-04
 9.15399E-04
 9.15399E-04
 9.15399E-04
 9.15399E-04
 9.15400E-04
 9.15400E-04
 9.15400E-04
 9.15400E-04
 9.15400E-04
 9.15400E-04
 9.15400E-04
 9.15400E-04
 9.15400E-04
 9.15400E-04
 9.15400E-04
 9.15400E-04
 9.15400E-04
 9.15400E-04
 9.15400E-04
 9.15400E-04
 9.15400E-04
 9.15400E-04
 9.15400E-04
 9.15400E-04
 9.15400E-04
 9.15400E-04
 9.15400E-04
 9.15400E-04
 9.15400E-04
 9.15400E-04
 9.15401E-04
 9.15401E-04
 9.15401E-04
 9.15401E-04
 9.15401E-04
 9.15401E-04
 9.15401E-04
 9.15401E-04
 9.15401E-04
 9.15401E-04
 9.15401E-04
 9.15401E-04
 9.15401E-04
 9.15401E-04
 9.15401E-04
 9.15401E-04
 9.15401E-04
 9.15401E-04
 9.15401E-04
 9.15401E-04
 9.15401E-04
 9.15401E-04
 9.15401E-04
 9.15401E-04
 9.15401E-04
 9.15401E-04
 9.15401E-04
 9.15401E-04
 9.15401E-04
 9.15401E-04
 9.15401E-04
 9.15401E-04
 9.15401E-04
 9.15402E-04
 9.15402E-04
 9.15402E-04
 9.15402E-04
 9.15402E-04
 9.15402E-04
 9.15402E-04
 9.15402E-04
 9.15402E-04
 9.15402E-04
 9.15402E-04
 9.15402E-04
 9.15402E-04
 9.15402E-04
 9.15402E-04
 9.15402E-04
 9.15402E-04
 9.15402E-04
 9.15402E-04
 9.15402E-04
 9.15402E-04
 9.15402E-04
 9.15402E-04
 9.15402E-04
 9.15402E-04
 9.15402E-04
 9.15402E-04
 9.15402E-04
 9.15402E-04
 9.15402E-04
 9.15402E-04
 9.15402E-04
 9.15402E-04
 9.15402E-04
 9.15402E-04
 9.15402E-04
 9.15402E-04
 9.15402E-04
 9.15402E-04
 9.15402E-04
 9.15402E-04
 9.15402E-04
 9.15402E-04
 9.15402E-04
 9.15402E-04
 9.15402E-04
 9.15403E-04
 9.15403E-04
 9.15403E-04
 9.15403E-04
 9.15403E-04
 9.15403E-04
 9.15403E-04
 9.15403E-04
 9.15403E-04
 9.15403E-04
 9.15403E-04
 9.15403E-04
 9.15403E-04
 9.15403E-04
 9.15403E-04
 9.15403E-04
 9.15403E-04
 9.15403E-04
 9.15403E-04
 9.15403E-04
 9.15403E-04
 9.15403E-04
 9.15403E-04
 9.15403E-04
 9.15403E-04
 9.15403E-04
 9.15403E-04
 9.15403E-04
 9.15403E-04
 9.15403E-04
 9.15403E-04
 9.15403E-04
 9.15403E-04
 9.15403E-04
 9.15403E-04
 9.15403E-04
 9.15403E-04
 9.15403E-04
 9.15403E-04
 9.15403E-04
 9.15403E-04
 9.15403E-04
 9.15403E-04
 9.15403E-04
 9.15403E-04
 9.15403E-04
 9.15403E-04
 9.15403E-04
 9.15403E-04
 9.15403E-04
 9.15403E-04
 9.15403E-04
 9.15403E-04
 9.15403E-04
 9.15403E-04
 9.15403E-04
 9.15403E-04
 9.15403E-04
 9.15403E-04
 9.15403E-04
 9.15403E-04
 9.15403E-04
 9.15403E-04
 9.15403E-04
 9.15403E-04
 9.15403E-04
 9.15403E-04
 9.15403E-04
 9.15403E-04
 9.15403E-04
 9.15403E-04
 9.15403E-04
 9.15403E-04
 9.15403E-04
 9.15403E-04
 9.15403E-04
 9.15403E-04
 9.15403E-04
 9.15403E-04
 9.15403E-04
 9.15403E-04
 9.15403E-04
 9.15403E-04
 9.15403E-04
 9.15403E-04
 9.15403E-04
 9.15403E-04
 9.15403E-04
 9.15403E-04
 9.15403E-04
 9.15403E-04
 9.15403E-04
 9.15403E-04
 9.15403E-04
 9.15403E-04
 9.15403E-04
 9.15403E-04
 9.15403E-04
 9.15402E-04
 9.15402E-04
 9.15402E-04
 9.15402E-04
 9.15402E-04
 9.15402E-04
 9.15402E-04
 9.15402E-04
 9.15402E-04
 9.15402E-04
 9.15402E-04
 9.15402E-04
 9.15402E-04
 9.15402E-04
 9.15402E-04
 9.15402E-04
 9.15402E-04
 9.15402E-04
 9.15402E-04
 9.15402E-04
 9.15402E-04
 9.15402E-04
 9.15402E-04
 9.15402E-04
 9.15402E-04
 9.15402E-04
 9.15402E-04
 9.15402E-04
 9.15402E-04
 9.15402E-04
 9.15402E-04
 9.15402E-04
 9.15402E-04
 9.15402E-04
 9.15401E-04
 9.15401E-04
 9.15401E-04
 9.15401E-04
 9.15401E-04
 9.15401E-04
 9.15401E-04
 9.15401E-04
 9.15401E-04
 9.15401E-04
 9.15401E-04
 9.15401E-04
 9.15401E-04
 9.15401E-04
 9.15401E-04
 9.15401E-04
 9.15401E-04
 9.15401E-04
 9.15401E-04
 9.15401E-04
 9.15400E-04
 9.15400E-04
 9.15400E-04
 9.15400E-04
 9.15400E-04
 9.15400E-04
 9.15400E-04
 9.15400E-04
 9.15400E-04
 9.15400E-04
 9.15400E-04
 9.15400E-04
 9.15400E-04
 9.15400E-04
 9.15400E-04
 9.15399E-04
 9.15399E-04
 9.15399E-04
 9.15399E-04
 9.15399E-04
 9.15399E-04
 9.15399E-04
 9.15399E-04
 9.15399E-04
 9.15399E-04
 9.15399E-04
 9.15398E-04
 9.15398E-04
 9.15398E-04
 9.15398E-04
 9.15398E-04
 9.15398E-04
 9.15398E-04
 9.15398E-04
 9.15398E-04
 9.15398E-04
 9.15397E-04
 9.15397E-04
 9.15397E-04
 9.15397E-04
 9.15397E-04
 9.15397E-04
 9.15397E-04
 9.15397E-04
 9.15396E-04
 9.15396E-04
 9.15396E-04
 9.15396E-04
 9.15396E-04
 9.15396E-04
 9.15396E-04
 9.15395E-04
 9.15395E-04
 9.15395E-04
 9.15395E-04
 9.15395E-04
 9.15395E-04
 9.15395E-04
 9.15394E-04
 9.15394E-04
 9.15394E-04
 9.15394E-04
 9.15394E-04
 9.15393E-04
 9.15393E-04
 9.15393E-04
 9.15393E-04
 9.15393E-04
 9.15392E-04
 9.15392E-04
 9.15392E-04
 9.15392E-04
 9.15392E-04
 9.15391E-04
 9.15391E-04
 9.15391E-04
 9.15391E-04
 9.15390E-04
 9.15390E-04
 9.15390E-04
 9.15390E-04
 9.15390E-04
 9.15389E-04
 9.15389E-04
 9.15389E-04
 9.15388E-04
 9.15388E-04
 9.15388E-04
 9.15388E-04
 9.15387E-04
 9.15387E-04
 9.15387E-04
 9.15387E-04
 9.15386E-04
 9.15386E-04
 9.15386E-04
 9.15386E-04
 9.15385E-04
 9.15385E-04
 9.15385E-04
 9.15385E-04
 9.15387E-04
 9.15386E-04
 9.15385E-04
 9.15384E-04
 9.15384E-04
 9.15034E-04
 9.15034E-04
 9.15034E-04
 9.15034E-04
 9.15034E-04
 9.15034E-04
 9.15034E-04
 9.15034E-04
 9.15034E-04
 9.15033E-04
 9.15033E-04
 9.15033E-04
 9.15033E-04
 9.15033E-04
 9.15033E-04
 9.15032E-04
 9.15032E-04
 9.15032E-04
 9.15032E-04
 9.15032E-04
 9.15031E-04
 9.15031E-04
 9.15031E-04
 9.15031E-04
 9.15031E-04
 9.15030E-04
 9.15030E-04
 9.15030E-04
 9.15030E-04
 9.15030E-04
 9.15029E-04
 9.15029E-04
 9.15029E-04
 9.15029E-04
 9.15029E-04
 9.15028E-04
 9.15028E-04
 9.15028E-04
 9.15028E-04
 9.15028E-04
 9.15028E-04
 9.15027E-04
 9.15027E-04
 9.15027E-04
 9.15027E-04
 9.15027E-04
 9.15027E-04
 9.15026E-04
 9.15026E-04
 9.15026E-04
 9.15026E-04
 9.15026E-04
 9.15026E-04
 9.15025E-04
 9.15025E-04
 9.15025E-04
 9.15025E-04
 9.15025E-04
 9.15025E-04
 9.15025E-04
 9.15025E-04
 9.15024E-04
 9.15024E-04
 9.15024E-04
 9.15024E-04
 9.15024E-04
 9.15024E-04
 9.15024E-04
