 1.83722E-03
 1.83625E-03
 1.83561E-03
 1.83425E-03
 1.83263E-03
 1.83078E-03
 1.82869E-03
 1.82636E-03
 1.82380E-03
 1.82323E-03
 1.82042E-03
 1.81738E-03
 1.81434E-03
 1.81255E-03
 1.81151E-03
 1.80922E-03
 1.80818E-03
 1.80740E-03
 1.80462E-03
 1.80409E-03
 1.80280E-03
 1.80103E-03
 1.80000E-03
 1.79971E-03
 1.79769E-03
 1.79617E-03
 1.79539E-03
 1.79411E-03
 1.79308E-03
 1.79206E-03
 1.79103E-03
 1.78951E-03
 1.78848E-03
 1.78770E-03
 1.78693E-03
 1.78640E-03
 1.78413E-03
 1.78310E-03
 1.78233E-03
 1.78205E-03
 1.78127E-03
 1.77950E-03
 1.77823E-03
 1.77745E-03
 1.77692E-03
 1.77639E-03
 1.77462E-03
 1.77360E-03
 1.77257E-03
 1.77205E-03
 1.77152E-03
 1.77099E-03
 1.76922E-03
 1.76844E-03
 1.76742E-03
 1.76664E-03
 1.76611E-03
 1.76559E-03
 1.76406E-03
 1.76279E-03
 1.76201E-03
 1.76149E-03
 1.76096E-03
 1.75993E-03
 1.75941E-03
 1.75788E-03
 1.75686E-03
 1.75608E-03
 1.75531E-03
 1.75478E-03
 1.75475E-03
 1.75372E-03
 1.75220E-03
 1.75118E-03
 1.75040E-03
 1.74987E-03
 1.74910E-03
 1.74807E-03
 1.74779E-03
 1.74727E-03
 1.74599E-03
 1.74447E-03
 1.74394E-03
 1.74317E-03
 1.74264E-03
 1.74261E-03
 1.74158E-03
 1.74056E-03
 1.73978E-03
 1.73851E-03
 1.73798E-03
 1.73696E-03
 1.73618E-03
 1.73541E-03
 1.73513E-03
 1.73510E-03
 1.73382E-03
 1.73230E-03
 1.73178E-03
 1.73100E-03
 1.73022E-03
 1.72994E-03
 1.72942E-03
 1.72839E-03
 1.72737E-03
 1.72709E-03
 1.72582E-03
 1.72529E-03
 1.72426E-03
 1.72349E-03
 1.72296E-03
 1.72218E-03
 1.72215E-03
 1.72138E-03
 1.72060E-03
 1.71983E-03
 1.71830E-03
 1.71753E-03
 1.71700E-03
 1.71623E-03
 1.71570E-03
 1.71542E-03
 1.71440E-03
 1.71436E-03
 1.71384E-03
 1.71281E-03
 1.71154E-03
 1.71052E-03
 1.71024E-03
 1.70872E-03
 1.70869E-03
 1.70766E-03
 1.70738E-03
 1.70685E-03
 1.70633E-03
 1.70605E-03
 1.70552E-03
 1.70400E-03
 1.70298E-03
 1.70245E-03
 1.70217E-03
 1.70090E-03
 1.70037E-03
 1.69959E-03
 1.69932E-03
 1.69904E-03
 1.69801E-03
 1.69748E-03
 1.69646E-03
 1.69618E-03
 1.69516E-03
 1.69438E-03
 1.69336E-03
 1.69308E-03
 1.69255E-03
 1.69202E-03
 1.69150E-03
 1.69097E-03
 1.69044E-03
 1.68992E-03
 1.68815E-03
 1.68712E-03
 1.68684E-03
 1.68632E-03
 1.68579E-03
 1.68526E-03
 1.68449E-03
 1.68396E-03
 1.68343E-03
 1.68315E-03
 1.68238E-03
 1.68210E-03
 1.68132E-03
 1.68030E-03
 1.67903E-03
 1.67850E-03
 1.67723E-03
 1.67695E-03
 1.67642E-03
 1.67639E-03
 1.67561E-03
 1.67509E-03
 1.67481E-03
 1.67378E-03
 1.67351E-03
 1.67273E-03
 1.67146E-03
 1.67093E-03
 1.66991E-03
 1.66938E-03
 1.66910E-03
 1.66857E-03
 1.66755E-03
 1.66677E-03
 1.66674E-03
 1.66597E-03
 1.66569E-03
 1.66541E-03
 1.66488E-03
 1.66361E-03
 1.66308E-03
 1.66206E-03
 1.66128E-03
 1.66051E-03
 1.65973E-03
 1.65896E-03
 1.65893E-03
 1.65840E-03
 1.65762E-03
 1.65759E-03
 1.65707E-03
 1.65654E-03
 1.65577E-03
 1.65524E-03
 1.65372E-03
 1.65269E-03
 1.65241E-03
 1.65214E-03
 1.65186E-03
 1.65083E-03
 1.65006E-03
 1.64878E-03
 1.64875E-03
 1.64848E-03
 1.64820E-03
 1.64767E-03
 1.64690E-03
 1.64687E-03
 1.64609E-03
 1.64507E-03
 1.64429E-03
 1.64351E-03
 1.64299E-03
 1.64196E-03
 1.64169E-03
 1.64141E-03
 1.64063E-03
 1.64035E-03
 1.64007E-03
 1.63855E-03
 1.63852E-03
 1.63775E-03
 1.63722E-03
 1.63694E-03
 1.63567E-03
 1.63514E-03
 1.63462E-03
 1.63359E-03
 1.63331E-03
 1.63279E-03
 1.63176E-03
 1.63173E-03
 1.63121E-03
 1.63043E-03
 1.63015E-03
 1.63012E-03
 1.62910E-03
 1.62857E-03
 1.62804E-03
 1.62777E-03
 1.62624E-03
 1.62522E-03
 1.62469E-03
 1.62417E-03
 1.62364E-03
 1.62311E-03
 1.62234E-03
 1.62181E-03
 1.62128E-03
 1.62125E-03
 1.62073E-03
 1.61995E-03
 1.61942E-03
 1.61939E-03
 1.61887E-03
 1.61809E-03
 1.61781E-03
 1.61654E-03
 1.61577E-03
 1.61499E-03
 1.61422E-03
 1.61394E-03
 1.61341E-03
 1.61263E-03
 1.61211E-03
 1.61158E-03
 1.61081E-03
 1.61028E-03
 1.60975E-03
 1.60947E-03
 1.60919E-03
 1.60892E-03
 1.60889E-03
 1.60836E-03
 1.60734E-03
 1.60631E-03
 1.60479E-03
 1.60426E-03
 1.60349E-03
 1.60346E-03
 1.60293E-03
 1.60241E-03
 1.60188E-03
 1.60135E-03
 1.60082E-03
 1.60055E-03
 1.60002E-03
 1.59949E-03
 1.59872E-03
 1.59819E-03
 1.59791E-03
 1.59763E-03
 1.59686E-03
 1.59608E-03
 1.59556E-03
 1.59428E-03
 1.59401E-03
 1.59273E-03
 1.59221E-03
 1.59193E-03
 1.59115E-03
 1.59087E-03
 1.59060E-03
 1.58957E-03
 1.58929E-03
 1.58902E-03
 1.58874E-03
 1.58846E-03
 1.58793E-03
 1.58765E-03
 1.58713E-03
 1.58635E-03
 1.58533E-03
 1.58430E-03
 1.58403E-03
 1.58350E-03
 1.58297E-03
 1.58195E-03
 1.58092E-03
 1.58040E-03
 1.58012E-03
 1.57984E-03
 1.57956E-03
 1.57928E-03
 1.57826E-03
 1.57823E-03
 1.57746E-03
 1.57668E-03
 1.57615E-03
 1.57612E-03
 1.57585E-03
 1.57457E-03
 1.57429E-03
 1.57352E-03
 1.57299E-03
 1.57247E-03
 1.57169E-03
 1.57116E-03
 1.57014E-03
 1.56961E-03
 1.56909E-03
 1.56856E-03
 1.56853E-03
 1.56800E-03
 1.56723E-03
 1.56645E-03
 1.56642E-03
 1.56639E-03
 1.56587E-03
 1.56509E-03
 1.56456E-03
 1.56354E-03
 1.56276E-03
 1.56224E-03
 1.56121E-03
 1.56094E-03
 1.56016E-03
 1.56013E-03
 1.55985E-03
 1.55908E-03
 1.55830E-03
 1.55778E-03
 1.55750E-03
 1.55697E-03
 1.55644E-03
 1.55617E-03
 1.55564E-03
 1.55511E-03
 1.55459E-03
 1.55431E-03
 1.55378E-03
 1.55325E-03
 1.55248E-03
 1.55170E-03
 1.55068E-03
 1.55015E-03
 1.54938E-03
 1.54935E-03
 1.54882E-03
 1.54780E-03
 1.54752E-03
 1.54699E-03
 1.54696E-03
 1.54569E-03
 1.54516E-03
 1.54489E-03
 1.54411E-03
 1.54383E-03
 1.54380E-03
 1.54352E-03
 1.54300E-03
 1.54297E-03
 1.54219E-03
 1.54167E-03
 1.53990E-03
 1.53962E-03
 1.53909E-03
 1.53832E-03
 1.53754E-03
 1.53726E-03
 1.53674E-03
 1.53671E-03
 1.53668E-03
 1.53565E-03
 1.53513E-03
 1.53485E-03
 1.53358E-03
 1.53280E-03
 1.53277E-03
 1.53200E-03
 1.53197E-03
 1.53169E-03
 1.53116E-03
 1.53039E-03
 1.53011E-03
 1.52983E-03
 1.52856E-03
 1.52778E-03
 1.52726E-03
 1.52673E-03
 1.52645E-03
 1.52592E-03
 1.52515E-03
 1.52462E-03
 1.52434E-03
 1.52382E-03
 1.52354E-03
 1.52252E-03
 1.52249E-03
 1.52171E-03
 1.52118E-03
 1.52091E-03
 1.52013E-03
 1.51985E-03
 1.51982E-03
 1.51979E-03
 1.51927E-03
 1.51824E-03
 1.51821E-03
 1.51694E-03
 1.51567E-03
 1.51489E-03
 1.51437E-03
 1.51409E-03
 1.51356E-03
 1.51254E-03
 1.51251E-03
 1.51173E-03
 1.51146E-03
 1.51143E-03
 1.51140E-03
 1.51037E-03
 1.51009E-03
 1.50932E-03
 1.50830E-03
 1.50777E-03
 1.50724E-03
 1.50721E-03
 1.50718E-03
 1.50715E-03
 1.50638E-03
 1.50536E-03
 1.50508E-03
 1.50455E-03
 1.50353E-03
 1.50300E-03
 1.50272E-03
 1.50195E-03
 1.50167E-03
 1.50089E-03
 1.50012E-03
 1.49984E-03
 1.49906E-03
 1.49879E-03
 1.49801E-03
 1.49773E-03
 1.49721E-03
 1.49693E-03
 1.49615E-03
 1.49588E-03
 1.49560E-03
 1.49482E-03
 1.49430E-03
 1.49402E-03
 1.49399E-03
 1.49371E-03
 1.49294E-03
 1.49266E-03
 1.49114E-03
 1.49036E-03
 1.48983E-03
 1.48906E-03
 1.48878E-03
 1.48825E-03
 1.48748E-03
 1.48720E-03
 1.48667E-03
 1.48615E-03
 1.48587E-03
 1.48584E-03
 1.48556E-03
 1.48504E-03
 1.48451E-03
 1.48373E-03
 1.48296E-03
 1.48268E-03
 1.48166E-03
 1.48163E-03
 1.48135E-03
 1.48107E-03
 1.48079E-03
 1.48027E-03
 1.47974E-03
 1.47872E-03
 1.47794E-03
 1.47741E-03
 1.47689E-03
 1.47611E-03
 1.47559E-03
 1.47506E-03
 1.47453E-03
 1.47401E-03
 1.47373E-03
 1.47295E-03
 1.47268E-03
 1.47240E-03
 1.47137E-03
 1.47110E-03
 1.47057E-03
 1.47029E-03
 1.46952E-03
 1.46924E-03
 1.46921E-03
 1.46868E-03
 1.46840E-03
 1.46788E-03
 1.46760E-03
 1.46682E-03
 1.46655E-03
 1.46627E-03
 1.46500E-03
 1.46447E-03
 1.46419E-03
 1.46292E-03
 1.46264E-03
 1.46211E-03
 1.46134E-03
 1.46081E-03
 1.46053E-03
 1.46026E-03
 1.45998E-03
 1.45920E-03
 1.45868E-03
 1.45840E-03
 1.45837E-03
 1.45735E-03
 1.45582E-03
 1.45580E-03
 1.45552E-03
 1.45499E-03
 1.45446E-03
 1.45419E-03
 1.45416E-03
 1.45388E-03
 1.45310E-03
 1.45283E-03
 1.45280E-03
 1.45202E-03
 1.45050E-03
 1.44997E-03
 1.44970E-03
 1.44917E-03
 1.44864E-03
 1.44836E-03
 1.44759E-03
 1.44756E-03
 1.44654E-03
 1.44601E-03
 1.44523E-03
 1.44496E-03
 1.44468E-03
 1.44415E-03
 1.44363E-03
 1.44260E-03
 1.44257E-03
 1.44254E-03
 1.44227E-03
 1.44174E-03
 1.44146E-03
 1.44143E-03
 1.44066E-03
 1.44038E-03
 1.43960E-03
 1.43883E-03
 1.43855E-03
 1.43802E-03
 1.43700E-03
 1.43622E-03
 1.43570E-03
 1.43492E-03
 1.43465E-03
 1.43437E-03
 1.43384E-03
 1.43282E-03
 1.43204E-03
 1.43176E-03
 1.43149E-03
 1.43121E-03
 1.43043E-03
 1.43015E-03
 1.42988E-03
 1.42910E-03
 1.42907E-03
 1.42830E-03
 1.42777E-03
 1.42749E-03
 1.42721E-03
 1.42669E-03
 1.42616E-03
 1.42564E-03
 1.42536E-03
 1.42533E-03
 1.42505E-03
 1.42502E-03
 1.42449E-03
 1.42372E-03
 1.42245E-03
 1.42167E-03
 1.42164E-03
 1.42087E-03
 1.42034E-03
 1.41907E-03
 1.41879E-03
 1.41826E-03
 1.41749E-03
 1.41721E-03
 1.41668E-03
 1.41616E-03
 1.41538E-03
 1.41535E-03
 1.41458E-03
 1.41430E-03
 1.41377E-03
 1.41374E-03
 1.41347E-03
 1.41269E-03
 1.41266E-03
 1.41214E-03
 1.41186E-03
 1.41158E-03
 1.41130E-03
 1.41102E-03
 1.41050E-03
 1.40972E-03
 1.40920E-03
 1.40817E-03
 1.40690E-03
 1.40612E-03
 1.40585E-03
 1.40532E-03
 1.40504E-03
 1.40476E-03
 1.40399E-03
 1.40346E-03
 1.40294E-03
 1.40291E-03
 1.40213E-03
 1.40185E-03
 1.40158E-03
 1.40105E-03
 1.40077E-03
 1.40025E-03
 1.39997E-03
 1.39894E-03
 1.39891E-03
 1.39839E-03
 1.39811E-03
 1.39783E-03
 1.39780E-03
 1.39653E-03
 1.39625E-03
 1.39597E-03
 1.39495E-03
 1.39467E-03
 1.39440E-03
 1.39437E-03
 1.39309E-03
 1.39282E-03
 1.39204E-03
 1.39102E-03
 1.39049E-03
 1.39021E-03
 1.38944E-03
 1.38866E-03
 1.38838E-03
 1.38811E-03
 1.38733E-03
 1.38681E-03
 1.38653E-03
 1.38600E-03
 1.38572E-03
 1.38495E-03
 1.38492E-03
 1.38439E-03
 1.38436E-03
 1.38384E-03
 1.38356E-03
 1.38303E-03
 1.38251E-03
 1.38223E-03
 1.38195E-03
 1.38167E-03
 1.38115E-03
 1.38062E-03
 1.38009E-03
 1.38006E-03
 1.37979E-03
 1.37851E-03
 1.37749E-03
 1.37696E-03
 1.37644E-03
 1.37566E-03
 1.37513E-03
 1.37486E-03
 1.37383E-03
 1.37380E-03
 1.37303E-03
 1.37250E-03
 1.37222E-03
 1.37170E-03
 1.37117E-03
 1.37064E-03
 1.37037E-03
 1.37009E-03
 1.36981E-03
 1.36929E-03
 1.36876E-03
 1.36798E-03
 1.36746E-03
 1.36693E-03
 1.36690E-03
 1.36662E-03
 1.36585E-03
 1.36582E-03
 1.36579E-03
 1.36501E-03
 1.36499E-03
 1.36471E-03
 1.36368E-03
 1.36365E-03
 1.36238E-03
 1.36186E-03
 1.36158E-03
 1.36105E-03
 1.36003E-03
 1.35950E-03
 1.35873E-03
 1.35770E-03
 1.35767E-03
 1.35690E-03
 1.35637E-03
 1.35609E-03
 1.35582E-03
 1.35554E-03
 1.35476E-03
 1.35449E-03
 1.35421E-03
 1.35393E-03
 1.35365E-03
 1.35337E-03
 1.35310E-03
 1.35257E-03
 1.35204E-03
 1.35127E-03
 1.35049E-03
 1.35046E-03
 1.35043E-03
 1.35016E-03
 1.35013E-03
 1.34960E-03
 1.34908E-03
 1.34855E-03
 1.34703E-03
 1.34625E-03
 1.34573E-03
 1.34520E-03
 1.34442E-03
 1.34340E-03
 1.34287E-03
 1.34185E-03
 1.34182E-03
 1.34154E-03
 1.34102E-03
 1.34099E-03
 1.34096E-03
 1.34018E-03
 1.33991E-03
 1.33913E-03
 1.33885E-03
 1.33858E-03
 1.33830E-03
 1.33802E-03
 1.33724E-03
 1.33647E-03
 1.33644E-03
 1.33616E-03
 1.33539E-03
 1.33511E-03
 1.33458E-03
 1.33431E-03
 1.33428E-03
 1.33400E-03
 1.33322E-03
 1.33295E-03
 1.33267E-03
 1.33239E-03
 1.33137E-03
 1.33084E-03
 1.33006E-03
 1.32904E-03
 1.32876E-03
 1.32824E-03
 1.32771E-03
 1.32768E-03
 1.32666E-03
 1.32588E-03
 1.32585E-03
 1.32408E-03
 1.32405E-03
 1.32378E-03
 1.32275E-03
 1.32247E-03
 1.32220E-03
 1.32217E-03
 1.32189E-03
 1.32161E-03
 1.32109E-03
 1.32006E-03
 1.31978E-03
 1.31951E-03
 1.31898E-03
 1.31895E-03
 1.31842E-03
 1.31840E-03
 1.31837E-03
 1.31809E-03
 1.31781E-03
 1.31728E-03
 1.31676E-03
 1.31648E-03
 1.31496E-03
 1.31443E-03
 1.31341E-03
 1.31239E-03
 1.31186E-03
 1.31133E-03
 1.31105E-03
 1.31078E-03
 1.31000E-03
 1.30948E-03
 1.30870E-03
 1.30842E-03
 1.30790E-03
 1.30762E-03
 1.30759E-03
 1.30706E-03
 1.30679E-03
 1.30676E-03
 1.30673E-03
 1.30595E-03
 1.30543E-03
 1.30515E-03
 1.30462E-03
 1.30385E-03
 1.30332E-03
 1.30279E-03
 1.30252E-03
 1.30224E-03
 1.30196E-03
 1.30094E-03
 1.30066E-03
 1.30063E-03
 1.30035E-03
 1.30032E-03
 1.29980E-03
 1.29827E-03
 1.29775E-03
 1.29697E-03
 1.29570E-03
 1.29542E-03
 1.29490E-03
 1.29462E-03
 1.29409E-03
 1.29382E-03
 1.29329E-03
 1.29276E-03
 1.29248E-03
 1.29196E-03
 1.29168E-03
 1.29091E-03
 1.28988E-03
 1.28985E-03
 1.28957E-03
 1.28880E-03
 1.28827E-03
 1.28800E-03
 1.28772E-03
 1.28719E-03
 1.28666E-03
 1.28664E-03
 1.28661E-03
 1.28608E-03
 1.28580E-03
 1.28552E-03
 1.28525E-03
 1.28522E-03
 1.28419E-03
 1.28392E-03
 1.28389E-03
 1.28386E-03
 1.28259E-03
 1.28156E-03
 1.28079E-03
 1.28001E-03
 1.27924E-03
 1.27846E-03
 1.27843E-03
 1.27791E-03
 1.27738E-03
 1.27710E-03
 1.27633E-03
 1.27555E-03
 1.27503E-03
 1.27500E-03
 1.27447E-03
 1.27419E-03
 1.27367E-03
 1.27289E-03
 1.27236E-03
 1.27234E-03
 1.27181E-03
 1.27128E-03
 1.27076E-03
 1.27073E-03
 1.26995E-03
 1.26992E-03
 1.26989E-03
 1.26986E-03
 1.26884E-03
 1.26807E-03
 1.26779E-03
 1.26776E-03
 1.26698E-03
 1.26696E-03
 1.26668E-03
 1.26590E-03
 1.26488E-03
 1.26410E-03
 1.26308E-03
 1.26255E-03
 1.26203E-03
 1.26125E-03
 1.26073E-03
 1.26045E-03
 1.25992E-03
 1.25964E-03
 1.25912E-03
 1.25859E-03
 1.25831E-03
 1.25804E-03
 1.25751E-03
 1.25698E-03
 1.25695E-03
 1.25668E-03
 1.25640E-03
 1.25562E-03
 1.25460E-03
 1.25457E-03
 1.25429E-03
 1.25377E-03
 1.25349E-03
 1.25346E-03
 1.25293E-03
 1.25191E-03
 1.25163E-03
 1.25135E-03
 1.25108E-03
 1.25080E-03
 1.25077E-03
 1.25024E-03
 1.25021E-03
 1.24994E-03
 1.24842E-03
 1.24789E-03
 1.24662E-03
 1.24634E-03
 1.24556E-03
 1.24504E-03
 1.24352E-03
 1.24349E-03
 1.24296E-03
 1.24243E-03
 1.24166E-03
 1.24138E-03
 1.24110E-03
 1.24058E-03
 1.23955E-03
 1.23928E-03
 1.23900E-03
 1.23872E-03
 1.23844E-03
 1.23817E-03
 1.23789E-03
 1.23736E-03
 1.23683E-03
 1.23656E-03
 1.23628E-03
 1.23575E-03
 1.23523E-03
 1.23520E-03
 1.23492E-03
 1.23464E-03
 1.23461E-03
 1.23434E-03
 1.23431E-03
 1.23428E-03
 1.23425E-03
 1.23422E-03
 1.23245E-03
 1.23118E-03
 1.23015E-03
 1.22789E-03
 1.22661E-03
 1.22609E-03
 1.22556E-03
 1.22553E-03
 1.22525E-03
 1.22498E-03
 1.22445E-03
 1.22392E-03
 1.22390E-03
 1.22387E-03
 1.22309E-03
 1.22281E-03
 1.22254E-03
 1.22251E-03
 1.22223E-03
 1.22220E-03
 1.22192E-03
 1.22115E-03
 1.22112E-03
 1.22109E-03
 1.22081E-03
 1.22004E-03
 1.21926E-03
 1.21873E-03
 1.21846E-03
 1.21768E-03
 1.21691E-03
 1.21638E-03
 1.21585E-03
 1.21533E-03
 1.21505E-03
 1.21403E-03
 1.21275E-03
 1.21223E-03
 1.21195E-03
 1.21142E-03
 1.21065E-03
 1.21037E-03
 1.20960E-03
 1.20907E-03
 1.20879E-03
 1.20851E-03
 1.20774E-03
 1.20721E-03
 1.20718E-03
 1.20691E-03
 1.20638E-03
 1.20610E-03
 1.20607E-03
 1.20555E-03
 1.20527E-03
 1.20449E-03
 1.20397E-03
 1.20319E-03
 1.20291E-03
 1.20264E-03
 1.20236E-03
 1.20208E-03
 1.20131E-03
 1.20128E-03
 1.20025E-03
 1.19998E-03
 1.19945E-03
 1.19892E-03
 1.19865E-03
 1.19812E-03
 1.19809E-03
 1.19756E-03
 1.19679E-03
 1.19577E-03
 1.19549E-03
 1.19471E-03
 1.19419E-03
 1.19391E-03
 1.19313E-03
 1.19286E-03
 1.19233E-03
 1.19230E-03
 1.19153E-03
 1.19125E-03
 1.19097E-03
 1.19019E-03
 1.19017E-03
 1.18939E-03
 1.18837E-03
 1.18809E-03
 1.18756E-03
 1.18704E-03
 1.18626E-03
 1.18623E-03
 1.18521E-03
 1.18493E-03
 1.18465E-03
 1.18438E-03
 1.18385E-03
 1.18357E-03
 1.18329E-03
 1.18302E-03
 1.18274E-03
 1.18196E-03
 1.18119E-03
 1.18116E-03
 1.18063E-03
 1.18011E-03
 1.17933E-03
 1.17856E-03
 1.17828E-03
 1.17800E-03
 1.17723E-03
 1.17720E-03
 1.17667E-03
 1.17590E-03
 1.17537E-03
 1.17484E-03
 1.17457E-03
 1.17379E-03
 1.17376E-03
 1.17299E-03
 1.17271E-03
 1.17218E-03
 1.17190E-03
 1.17138E-03
 1.17110E-03
 1.17033E-03
 1.16980E-03
 1.16977E-03
 1.16900E-03
 1.16847E-03
 1.16794E-03
 1.16766E-03
 1.16764E-03
 1.16761E-03
 1.16708E-03
 1.16631E-03
 1.16628E-03
 1.16575E-03
 1.16547E-03
 1.16519E-03
 1.16492E-03
 1.16439E-03
 1.16362E-03
 1.16284E-03
 1.16207E-03
 1.16154E-03
 1.16151E-03
 1.16098E-03
 1.16046E-03
 1.16018E-03
 1.16015E-03
 1.15938E-03
 1.15885E-03
 1.15758E-03
 1.15755E-03
 1.15677E-03
 1.15674E-03
 1.15622E-03
 1.15569E-03
 1.15541E-03
 1.15514E-03
 1.15486E-03
 1.15458E-03
 1.15405E-03
 1.15353E-03
 1.15300E-03
 1.15248E-03
 1.15245E-03
 1.15117E-03
 1.15115E-03
 1.15087E-03
 1.15059E-03
 1.15031E-03
 1.14904E-03
 1.14901E-03
 1.14898E-03
 1.14821E-03
 1.14768E-03
 1.14740E-03
 1.14713E-03
 1.14635E-03
 1.14607E-03
 1.14579E-03
 1.14577E-03
 1.14499E-03
 1.14446E-03
 1.14419E-03
 1.14366E-03
 1.14363E-03
 1.14286E-03
 1.14233E-03
 1.14205E-03
 1.14177E-03
 1.14100E-03
 1.14072E-03
 1.14069E-03
 1.14017E-03
 1.13989E-03
 1.13961E-03
 1.13933E-03
 1.13856E-03
 1.13853E-03
 1.13800E-03
 1.13748E-03
 1.13670E-03
 1.13618E-03
 1.13615E-03
 1.13587E-03
 1.13534E-03
 1.13482E-03
 1.13404E-03
 1.13352E-03
 1.13349E-03
 1.13346E-03
 1.13343E-03
 1.13240E-03
 1.13213E-03
 1.13160E-03
 1.13157E-03
 1.13055E-03
 1.13027E-03
 1.13024E-03
 1.13021E-03
 1.12894E-03
 1.12817E-03
 1.12789E-03
 1.12761E-03
 1.12733E-03
 1.12705E-03
 1.12678E-03
 1.12625E-03
 1.12622E-03
 1.12619E-03
 1.12542E-03
 1.12489E-03
 1.12461E-03
 1.12409E-03
 1.12356E-03
 1.12279E-03
 1.12226E-03
 1.12173E-03
 1.12096E-03
 1.12068E-03
 1.12040E-03
 1.12037E-03
 1.11985E-03
 1.11932E-03
 1.11904E-03
 1.11852E-03
 1.11824E-03
 1.11821E-03
 1.11793E-03
 1.11766E-03
 1.11738E-03
 1.11685E-03
 1.11657E-03
 1.11630E-03
 1.11577E-03
 1.11499E-03
 1.11447E-03
 1.11369E-03
 1.11366E-03
 1.11364E-03
 1.11311E-03
 1.11283E-03
 1.11280E-03
 1.11253E-03
 1.11200E-03
 1.11122E-03
 1.11119E-03
 1.11092E-03
 1.11064E-03
 1.10986E-03
 1.10909E-03
 1.10906E-03
 1.10903E-03
 1.10826E-03
 1.10823E-03
 1.10770E-03
 1.10693E-03
 1.10690E-03
 1.10687E-03
 1.10659E-03
 1.10606E-03
 1.10529E-03
 1.10476E-03
 1.10449E-03
 1.10421E-03
 1.10393E-03
 1.10340E-03
 1.10338E-03
 1.10335E-03
 1.10232E-03
 1.10180E-03
 1.10152E-03
 1.10149E-03
 1.10121E-03
 1.10069E-03
 1.10041E-03
 1.09963E-03
 1.09886E-03
 1.09783E-03
 1.09756E-03
 1.09753E-03
 1.09725E-03
 1.09722E-03
 1.09645E-03
 1.09617E-03
 1.09539E-03
 1.09512E-03
 1.09459E-03
 1.09406E-03
 1.09403E-03
 1.09376E-03
 1.09348E-03
 1.09320E-03
 1.09317E-03
 1.09265E-03
 1.09237E-03
 1.09159E-03
 1.09132E-03
 1.09129E-03
 1.09076E-03
 1.09023E-03
 1.08996E-03
 1.08993E-03
 1.08940E-03
 1.08863E-03
 1.08860E-03
 1.08857E-03
 1.08829E-03
 1.08727E-03
 1.08699E-03
 1.08671E-03
 1.08619E-03
 1.08591E-03
 1.08563E-03
 1.08535E-03
 1.08483E-03
 1.08430E-03
 1.08402E-03
 1.08399E-03
 1.08347E-03
 1.08294E-03
 1.08266E-03
 1.08239E-03
 1.08211E-03
 1.08183E-03
 1.08155E-03
 1.08078E-03
 1.08025E-03
 1.08022E-03
 1.07995E-03
 1.07967E-03
 1.07964E-03
 1.07911E-03
 1.07884E-03
 1.07881E-03
 1.07878E-03
 1.07850E-03
 1.07772E-03
 1.07695E-03
 1.07642E-03
 1.07639E-03
 1.07612E-03
 1.07509E-03
 1.07482E-03
 1.07454E-03
 1.07426E-03
 1.07373E-03
 1.07296E-03
 1.07243E-03
 1.07191E-03
 1.07163E-03
 1.07135E-03
 1.07132E-03
 1.07129E-03
 1.07102E-03
 1.07074E-03
 1.06947E-03
 1.06919E-03
 1.06841E-03
 1.06814E-03
 1.06811E-03
 1.06808E-03
 1.06755E-03
 1.06727E-03
 1.06675E-03
 1.06647E-03
 1.06619E-03
 1.06591E-03
 1.06589E-03
 1.06511E-03
 1.06483E-03
 1.06456E-03
 1.06453E-03
 1.06425E-03
 1.06372E-03
 1.06345E-03
 1.06342E-03
 1.06239E-03
 1.06212E-03
 1.06184E-03
 1.06131E-03
 1.06078E-03
 1.06026E-03
 1.05998E-03
 1.05970E-03
 1.05943E-03
 1.05890E-03
 1.05887E-03
 1.05834E-03
 1.05832E-03
 1.05779E-03
 1.05751E-03
 1.05748E-03
 1.05720E-03
 1.05693E-03
 1.05640E-03
 1.05587E-03
 1.05560E-03
 1.05557E-03
 1.05529E-03
 1.05526E-03
 1.05474E-03
 1.05396E-03
 1.05368E-03
 1.05316E-03
 1.05288E-03
 1.05260E-03
 1.05257E-03
 1.05254E-03
 1.05251E-03
 1.05149E-03
 1.05146E-03
 1.05094E-03
 1.05066E-03
 1.05013E-03
 1.04985E-03
 1.04933E-03
 1.04880E-03
 1.04803E-03
 1.04800E-03
 1.04747E-03
 1.04744E-03
 1.04717E-03
 1.04639E-03
 1.04586E-03
 1.04583E-03
 1.04556E-03
 1.04528E-03
 1.04450E-03
 1.04373E-03
 1.04345E-03
 1.04317E-03
 1.04290E-03
 1.04262E-03
 1.04234E-03
 1.04206E-03
 1.04154E-03
 1.04151E-03
 1.04148E-03
 1.04095E-03
 1.04092E-03
 1.04065E-03
 1.04037E-03
 1.04009E-03
 1.03981E-03
 1.03929E-03
 1.03851E-03
 1.03799E-03
 1.03771E-03
 1.03743E-03
 1.03691E-03
 1.03663E-03
 1.03635E-03
 1.03582E-03
 1.03555E-03
 1.03527E-03
 1.03499E-03
 1.03496E-03
 1.03419E-03
 1.03341E-03
 1.03314E-03
 1.03311E-03
 1.03308E-03
 1.03305E-03
 1.03252E-03
 1.03249E-03
 1.03197E-03
 1.03169E-03
 1.03091E-03
 1.03089E-03
 1.03086E-03
 1.03083E-03
 1.03055E-03
 1.03027E-03
 1.02975E-03
 1.02847E-03
 1.02845E-03
 1.02842E-03
 1.02789E-03
 1.02761E-03
 1.02758E-03
 1.02731E-03
 1.02728E-03
 1.02675E-03
 1.02622E-03
 1.02595E-03
 1.02592E-03
 1.02564E-03
 1.02536E-03
 1.02509E-03
 1.02456E-03
 1.02428E-03
 1.02375E-03
 1.02323E-03
 1.02295E-03
 1.02267E-03
 1.02240E-03
 1.02187E-03
 1.02184E-03
 1.02131E-03
 1.02079E-03
 1.02051E-03
 1.01998E-03
 1.01996E-03
 1.01918E-03
 1.01915E-03
 1.01887E-03
 1.01860E-03
 1.01807E-03
 1.01779E-03
 1.01727E-03
 1.01674E-03
 1.01671E-03
 1.01643E-03
 1.01591E-03
 1.01538E-03
 1.01535E-03
 1.01483E-03
 1.01455E-03
 1.01427E-03
 1.01374E-03
 1.01347E-03
 1.01344E-03
 1.01341E-03
 1.01239E-03
 1.01186E-03
 1.01133E-03
 1.01130E-03
 1.01103E-03
 1.01050E-03
 1.01047E-03
 1.01044E-03
 1.00992E-03
 1.00964E-03
 1.00961E-03
 1.00859E-03
 1.00806E-03
 1.00803E-03
 1.00800E-03
 1.00772E-03
 1.00770E-03
 1.00717E-03
 1.00664E-03
 1.00661E-03
 1.00634E-03
 1.00556E-03
 1.00553E-03
 1.00526E-03
 1.00498E-03
 1.00495E-03
 1.00467E-03
 1.00464E-03
 1.00461E-03
 1.00434E-03
 1.00406E-03
 1.00303E-03
 1.00276E-03
 1.00248E-03
 1.00245E-03
 1.00168E-03
 1.00115E-03
 1.00037E-03
 1.00035E-03
 1.00032E-03
 1.00004E-03
 9.99762E-04
 9.99484E-04
 9.99207E-04
 9.98929E-04
 9.98651E-04
 9.98623E-04
 9.98345E-04
 9.98316E-04
 9.97541E-04
 9.97015E-04
 9.96986E-04
 9.96957E-04
 9.96680E-04
 9.96153E-04
 9.95876E-04
 9.95847E-04
 9.95569E-04
 9.95292E-04
 9.94517E-04
 9.93991E-04
 9.93713E-04
 9.93187E-04
 9.92909E-04
 9.92383E-04
 9.92105E-04
 9.91828E-04
 9.91799E-04
 9.91273E-04
 9.90995E-04
 9.90469E-04
 9.90191E-04
 9.89914E-04
 9.89636E-04
 9.89110E-04
 9.89081E-04
 9.88555E-04
 9.87531E-04
 9.87254E-04
 9.87225E-04
 9.87196E-04
 9.86918E-04
 9.86392E-04
 9.85617E-04
 9.85588E-04
 9.85559E-04
 9.85282E-04
 9.85004E-04
 9.84478E-04
 9.84200E-04
 9.83177E-04
 9.82899E-04
 9.82622E-04
 9.82593E-04
 9.82315E-04
 9.82038E-04
 9.82009E-04
 9.81980E-04
 9.81702E-04
 9.81425E-04
 9.81147E-04
 9.81118E-04
 9.80592E-04
 9.80315E-04
 9.80037E-04
 9.79759E-04
 9.79731E-04
 9.79453E-04
 9.78429E-04
 9.78152E-04
 9.77874E-04
 9.77845E-04
 9.77319E-04
 9.77042E-04
 9.76764E-04
 9.76487E-04
 9.75960E-04
 9.75683E-04
 9.75405E-04
 9.75128E-04
 9.74850E-04
 9.74572E-04
 9.74295E-04
 9.74017E-04
 9.73740E-04
 9.73711E-04
 9.73433E-04
 9.73405E-04
 9.73127E-04
 9.72849E-04
 9.72323E-04
 9.72046E-04
 9.72017E-04
 9.71988E-04
 9.71710E-04
 9.71433E-04
 9.70907E-04
 9.70629E-04
 9.70351E-04
 9.69825E-04
 9.69548E-04
 9.69519E-04
 9.69490E-04
 9.68964E-04
 9.68437E-04
 9.67911E-04
 9.67882E-04
 9.67356E-04
 9.67079E-04
 9.66801E-04
 9.66275E-04
 9.65997E-04
 9.65222E-04
 9.65193E-04
 9.64916E-04
 9.64390E-04
 9.63863E-04
 9.63088E-04
 9.62811E-04
 9.62285E-04
 9.62256E-04
 9.61730E-04
 9.61701E-04
 9.61672E-04
 9.61643E-04
 9.60868E-04
 9.60342E-04
 9.60313E-04
 9.60284E-04
 9.60255E-04
 9.59480E-04
 9.59203E-04
 9.58677E-04
 9.58399E-04
 9.58370E-04
 9.58093E-04
 9.57566E-04
 9.57289E-04
 9.57260E-04
 9.56982E-04
 9.56705E-04
 9.56179E-04
 9.56150E-04
 9.55872E-04
 9.55346E-04
 9.55068E-04
 9.55040E-04
 9.54762E-04
 9.54484E-04
 9.54456E-04
 9.53681E-04
 9.53154E-04
 9.53126E-04
 9.52599E-04
 9.52322E-04
 9.52044E-04
 9.52015E-04
 9.51987E-04
 9.51460E-04
 9.51183E-04
 9.50408E-04
 9.50379E-04
 9.50101E-04
 9.50073E-04
 9.49795E-04
 9.49269E-04
 9.48991E-04
 9.48962E-04
 9.48436E-04
 9.48407E-04
 9.48378E-04
 9.48101E-04
 9.47326E-04
 9.47048E-04
 9.46771E-04
 9.46742E-04
 9.46465E-04
 9.46187E-04
 9.46158E-04
 9.46129E-04
 9.45852E-04
 9.45823E-04
 9.45794E-04
 9.45765E-04
 9.45239E-04
 9.44713E-04
 9.43938E-04
 9.43909E-04
 9.43880E-04
 9.43105E-04
 9.43076E-04
 9.42550E-04
 9.42273E-04
 9.41498E-04
 9.41220E-04
 9.40943E-04
 9.40665E-04
 9.40387E-04
 9.40110E-04
 9.39832E-04
 9.39306E-04
 9.39029E-04
 9.38502E-04
 9.38474E-04
 9.37699E-04
 9.37670E-04
 9.36895E-04
 9.36617E-04
 9.36340E-04
 9.36311E-04
 9.36282E-04
 9.36005E-04
 9.35727E-04
 9.35201E-04
 9.35172E-04
 9.35143E-04
 9.34368E-04
 9.33842E-04
 9.33316E-04
 9.33287E-04
 9.32761E-04
 9.32732E-04
 9.32703E-04
 9.32674E-04
 9.32397E-04
 9.31870E-04
 9.31593E-04
 9.31564E-04
 9.31038E-04
 9.30760E-04
 9.30483E-04
 9.29459E-04
 9.29430E-04
 9.29401E-04
 9.29124E-04
 9.28846E-04
 9.28818E-04
 9.28540E-04
 9.28014E-04
 9.27985E-04
 9.27956E-04
 9.27678E-04
 9.26406E-04
 9.25880E-04
 9.25851E-04
 9.25574E-04
 9.25047E-04
 9.25019E-04
 9.24990E-04
 9.24712E-04
 9.24435E-04
 9.23908E-04
 9.23880E-04
 9.23602E-04
 9.23325E-04
 9.23296E-04
 9.23018E-04
 9.22741E-04
 9.22712E-04
 9.22186E-04
 9.22157E-04
 9.22128E-04
 9.22099E-04
 9.21573E-04
 9.21295E-04
 9.21266E-04
 9.21238E-04
 9.21209E-04
 9.21180E-04
 9.20902E-04
 9.20127E-04
 9.20099E-04
 9.19821E-04
 9.19295E-04
 9.19266E-04
 9.18740E-04
 9.18214E-04
 9.17687E-04
 9.17659E-04
 9.17630E-04
 9.17352E-04
 9.16826E-04
 9.16300E-04
 9.16271E-04
 9.15496E-04
 9.15218E-04
 9.15190E-04
 9.14663E-04
 9.14386E-04
 9.14108E-04
 9.13582E-04
 9.13553E-04
 9.13276E-04
 9.12750E-04
 9.12472E-04
 9.12443E-04
 9.12166E-04
 9.11888E-04
 9.11362E-04
 9.11084E-04
 9.10558E-04
 9.09783E-04
 9.09754E-04
 9.09477E-04
 9.08951E-04
 9.08673E-04
 9.08147E-04
 9.07869E-04
 9.07841E-04
 9.07563E-04
 9.07534E-04
 9.07257E-04
 9.07228E-04
 9.06702E-04
 9.06424E-04
 9.05898E-04
 9.05620E-04
 9.05343E-04
 9.05314E-04
 9.05285E-04
 9.05008E-04
 9.04233E-04
 9.03707E-04
 9.03678E-04
 9.03400E-04
 9.02874E-04
 9.02597E-04
 9.02319E-04
 9.02290E-04
 9.02261E-04
 9.02232E-04
 9.01955E-04
 9.01677E-04
 9.01151E-04
 9.00874E-04
 9.00845E-04
 9.00816E-04
 9.00787E-04
 9.00510E-04
 8.99983E-04
 8.99955E-04
 8.99677E-04
 8.99400E-04
 8.99371E-04
 8.99093E-04
 8.98567E-04
 8.98538E-04
 8.98509E-04
 8.97983E-04
 8.97954E-04
 8.97925E-04
 8.97399E-04
 8.97370E-04
 8.97093E-04
 8.97064E-04
 8.97035E-04
 8.96758E-04
 8.96729E-04
 8.96203E-04
 8.95676E-04
 8.95399E-04
 8.95121E-04
 8.95093E-04
 8.95064E-04
 8.94786E-04
 8.93763E-04
 8.93236E-04
 8.92959E-04
 8.92433E-04
 8.92155E-04
 8.91380E-04
 8.90854E-04
 8.90577E-04
 8.90548E-04
 8.89524E-04
 8.89495E-04
 8.88969E-04
 8.88692E-04
 8.88663E-04
 8.88385E-04
 8.88108E-04
 8.87830E-04
 8.87304E-04
 8.87027E-04
 8.86998E-04
 8.86969E-04
 8.86443E-04
 8.86414E-04
 8.86136E-04
 8.86108E-04
 8.85581E-04
 8.85553E-04
 8.85275E-04
 8.85246E-04
 8.84969E-04
 8.84442E-04
 8.84414E-04
 8.84385E-04
 8.84107E-04
 8.83581E-04
 8.83304E-04
 8.82777E-04
 8.82749E-04
 8.82222E-04
 8.81696E-04
 8.81170E-04
 8.81141E-04
 8.80366E-04
 8.80337E-04
 8.80309E-04
 8.80280E-04
 8.80251E-04
 8.80222E-04
 8.79945E-04
 8.79667E-04
 8.79390E-04
 8.79112E-04
 8.78088E-04
 8.77811E-04
 8.77782E-04
 8.77753E-04
 8.77724E-04
 8.77696E-04
 8.77418E-04
 8.77389E-04
 8.77112E-04
 8.76834E-04
 8.76805E-04
 8.76777E-04
 8.76499E-04
 8.76222E-04
 8.75944E-04
 8.75667E-04
 8.75389E-04
 8.75112E-04
 8.74834E-04
 8.74805E-04
 8.74776E-04
 8.74747E-04
 8.74470E-04
 8.74192E-04
 8.74164E-04
 8.73886E-04
 8.73360E-04
 8.72834E-04
 8.71810E-04
 8.71284E-04
 8.71255E-04
 8.70232E-04
 8.70203E-04
 8.69677E-04
 8.69399E-04
 8.69370E-04
 8.69093E-04
 8.68815E-04
 8.68289E-04
 8.68012E-04
 8.67485E-04
 8.67208E-04
 8.67179E-04
 8.67150E-04
 8.66127E-04
 8.65601E-04
 8.65572E-04
 8.65543E-04
 8.65265E-04
 8.64988E-04
 8.64959E-04
 8.64433E-04
 8.63907E-04
 8.63878E-04
 8.63600E-04
 8.63323E-04
 8.63045E-04
 8.63017E-04
 8.62988E-04
 8.62710E-04
 8.62433E-04
 8.62155E-04
 8.61878E-04
 8.61600E-04
 8.61571E-04
 8.61543E-04
 8.61514E-04
 8.61485E-04
 8.61456E-04
 8.61179E-04
 8.60652E-04
 8.60375E-04
 8.60346E-04
 8.60317E-04
 8.60288E-04
 8.59762E-04
 8.59236E-04
 8.59207E-04
 8.58930E-04
 8.58404E-04
 8.58126E-04
 8.57600E-04
 8.57322E-04
 8.57045E-04
 8.57016E-04
 8.56987E-04
 8.56710E-04
 8.56432E-04
 8.56155E-04
 8.55628E-04
 8.55600E-04
 8.55571E-04
 8.55542E-04
 8.55016E-04
 8.54738E-04
 8.54710E-04
 8.54681E-04
 8.54403E-04
 8.54374E-04
 8.54097E-04
 8.54068E-04
 8.54039E-04
 8.54010E-04
 8.52738E-04
 8.52212E-04
 8.51437E-04
 8.50662E-04
 8.50385E-04
 8.50356E-04
 8.49830E-04
 8.49801E-04
 8.49524E-04
 8.48500E-04
 8.48471E-04
 8.48194E-04
 8.47916E-04
 8.47639E-04
 8.47361E-04
 8.47332E-04
 8.47304E-04
 8.47275E-04
 8.46997E-04
 8.46471E-04
 8.46194E-04
 8.45916E-04
 8.45639E-04
 8.45361E-04
 8.45084E-04
 8.44309E-04
 8.43783E-04
 8.43256E-04
 8.43228E-04
 8.43199E-04
 8.43170E-04
 8.42892E-04
 8.42864E-04
 8.42586E-04
 8.42309E-04
 8.42031E-04
 8.42002E-04
 8.41725E-04
 8.41447E-04
 8.41419E-04
 8.41390E-04
 8.40864E-04
 8.40835E-04
 8.40309E-04
 8.40280E-04
 8.40251E-04
 8.39973E-04
 8.39945E-04
 8.39916E-04
 8.39390E-04
 8.39112E-04
 8.39083E-04
 8.38309E-04
 8.38280E-04
 8.38002E-04
 8.37973E-04
 8.37696E-04
 8.37667E-04
 8.37638E-04
 8.37609E-04
 8.37581E-04
 8.37303E-04
 8.37026E-04
 8.36997E-04
 8.36471E-04
 8.36442E-04
 8.36164E-04
 8.35887E-04
 8.35609E-04
 8.35581E-04
 8.35552E-04
 8.35026E-04
 8.34748E-04
 8.34719E-04
 8.34442E-04
 8.34413E-04
 8.33638E-04
 8.33112E-04
 8.32586E-04
 8.32308E-04
 8.31782E-04
 8.31007E-04
 8.30979E-04
 8.30701E-04
 8.29926E-04
 8.29897E-04
 8.29620E-04
 8.29343E-04
 8.28816E-04
 8.28539E-04
 8.28013E-04
 8.27735E-04
 8.27706E-04
 8.27678E-04
 8.26903E-04
 8.26874E-04
 8.26845E-04
 8.26568E-04
 8.26290E-04
 8.26261E-04
 8.26233E-04
 8.25458E-04
 8.25429E-04
 8.25400E-04
 8.25371E-04
 8.25343E-04
 8.25314E-04
 8.24788E-04
 8.24510E-04
 8.23984E-04
 8.23955E-04
 8.23678E-04
 8.23400E-04
 8.22377E-04
 8.22348E-04
 8.21822E-04
 8.21793E-04
 8.21515E-04
 8.21487E-04
 8.20960E-04
 8.20683E-04
 8.20405E-04
 8.20377E-04
 8.20099E-04
 8.20070E-04
 8.20042E-04
 8.20013E-04
 8.19487E-04
 8.19209E-04
 8.18683E-04
 8.18654E-04
 8.18377E-04
 8.18099E-04
 8.18070E-04
 8.17793E-04
 8.17764E-04
 8.17487E-04
 8.17209E-04
 8.16932E-04
 8.16903E-04
 8.16874E-04
 8.16597E-04
 8.16568E-04
 8.16539E-04
 8.16262E-04
 8.16233E-04
 8.15955E-04
 8.15678E-04
 8.15649E-04
 8.15620E-04
 8.14845E-04
 8.14568E-04
 8.14539E-04
 8.14262E-04
 8.13487E-04
 8.12961E-04
 8.12932E-04
 8.12655E-04
 8.12128E-04
 8.12100E-04
 8.11573E-04
 8.11047E-04
 8.11019E-04
 8.10741E-04
 8.10464E-04
 8.09937E-04
 8.09660E-04
 8.09631E-04
 8.09602E-04
 8.09574E-04
 8.09545E-04
 8.09019E-04
 8.08244E-04
 8.07966E-04
 8.07440E-04
 8.07163E-04
 8.07134E-04
 8.06857E-04
 8.06579E-04
 8.06302E-04
 8.06024E-04
 8.05747E-04
 8.05718E-04
 8.05689E-04
 8.05412E-04
 8.05383E-04
 8.05105E-04
 8.05077E-04
 8.05048E-04
 8.04770E-04
 8.04244E-04
 8.04215E-04
 8.03689E-04
 8.03412E-04
 8.03134E-04
 8.02608E-04
 8.02579E-04
 8.02551E-04
 8.02273E-04
 8.02244E-04
 8.01967E-04
 8.01938E-04
 8.01412E-04
 8.01383E-04
 8.01355E-04
 8.00828E-04
 8.00551E-04
 8.00522E-04
 8.00245E-04
 8.00216E-04
 7.99938E-04
 7.99910E-04
 7.99881E-04
 7.99852E-04
 7.99575E-04
 7.99049E-04
 7.98771E-04
 7.97748E-04
 7.97719E-04
 7.97193E-04
 7.96915E-04
 7.96886E-04
 7.96609E-04
 7.96580E-04
 7.96551E-04
 7.96274E-04
 7.95997E-04
 7.95719E-04
 7.95690E-04
 7.95661E-04
 7.95384E-04
 7.95355E-04
 7.95078E-04
 7.94303E-04
 7.94026E-04
 7.93499E-04
 7.93471E-04
 7.92696E-04
 7.92667E-04
 7.92141E-04
 7.91366E-04
 7.91089E-04
 7.91060E-04
 7.90783E-04
 7.90008E-04
 7.89730E-04
 7.89702E-04
 7.89673E-04
 7.89644E-04
 7.89615E-04
 7.89089E-04
 7.89060E-04
 7.89032E-04
 7.89003E-04
 7.88725E-04
 7.88697E-04
 7.88419E-04
 7.88142E-04
 7.87616E-04
 7.86841E-04
 7.86812E-04
 7.86783E-04
 7.86755E-04
 7.86477E-04
 7.85951E-04
 7.85425E-04
 7.85148E-04
 7.84870E-04
 7.84593E-04
 7.84315E-04
 7.84286E-04
 7.84258E-04
 7.83980E-04
 7.83703E-04
 7.83674E-04
 7.83148E-04
 7.83119E-04
 7.83090E-04
 7.83062E-04
 7.82784E-04
 7.82258E-04
 7.81981E-04
 7.81703E-04
 7.81426E-04
 7.81397E-04
 7.81368E-04
 7.81091E-04
 7.81062E-04
 7.81033E-04
 7.81005E-04
 7.80976E-04
 7.80450E-04
 7.80172E-04
 7.80144E-04
 7.80115E-04
 7.79838E-04
 7.79560E-04
 7.79531E-04
 7.79254E-04
 7.78977E-04
 7.78699E-04
 7.78670E-04
 7.78642E-04
 7.77618E-04
 7.77589E-04
 7.77561E-04
 7.77283E-04
 7.77255E-04
 7.77226E-04
 7.77197E-04
 7.76920E-04
 7.76891E-04
 7.76613E-04
 7.76087E-04
 7.75561E-04
 7.75284E-04
 7.74509E-04
 7.74232E-04
 7.74203E-04
 7.73926E-04
 7.73897E-04
 7.73619E-04
 7.73591E-04
 7.73562E-04
 7.72787E-04
 7.72510E-04
 7.72232E-04
 7.71458E-04
 7.71180E-04
 7.70654E-04
 7.70377E-04
 7.70348E-04
 7.70071E-04
 7.69545E-04
 7.69516E-04
 7.69238E-04
 7.68961E-04
 7.68684E-04
 7.68406E-04
 7.68129E-04
 7.67603E-04
 7.67574E-04
 7.67048E-04
 7.67019E-04
 7.66990E-04
 7.66713E-04
 7.66684E-04
 7.66158E-04
 7.66130E-04
 7.65852E-04
 7.65326E-04
 7.65297E-04
 7.65269E-04
 7.65240E-04
 7.65211E-04
 7.65183E-04
 7.65154E-04
 7.64628E-04
 7.64599E-04
 7.64322E-04
 7.64044E-04
 7.63767E-04
 7.63738E-04
 7.63212E-04
 7.62935E-04
 7.62906E-04
 7.62877E-04
 7.62600E-04
 7.62571E-04
 7.62045E-04
 7.61022E-04
 7.60993E-04
 7.60716E-04
 7.60190E-04
 7.60161E-04
 7.59883E-04
 7.59855E-04
 7.59577E-04
 7.59300E-04
 7.59271E-04
 7.59243E-04
 7.58965E-04
 7.58688E-04
 7.58659E-04
 7.58630E-04
 7.58602E-04
 7.58573E-04
 7.58296E-04
 7.58267E-04
 7.58238E-04
 7.58210E-04
 7.57435E-04
 7.57158E-04
 7.57129E-04
 7.56852E-04
 7.56574E-04
 7.55551E-04
 7.55273E-04
 7.54996E-04
 7.54719E-04
 7.54193E-04
 7.53915E-04
 7.53887E-04
 7.53858E-04
 7.53829E-04
 7.53552E-04
 7.53275E-04
 7.52997E-04
 7.52969E-04
 7.52940E-04
 7.52911E-04
 7.52634E-04
 7.52108E-04
 7.51830E-04
 7.51304E-04
 7.51027E-04
 7.50750E-04
 7.50721E-04
 7.50444E-04
 7.50166E-04
 7.50138E-04
 7.49612E-04
 7.49334E-04
 7.48808E-04
 7.48531E-04
 7.48502E-04
 7.48225E-04
 7.47948E-04
 7.47670E-04
 7.47642E-04
 7.47613E-04
 7.47336E-04
 7.47307E-04
 7.47030E-04
 7.46752E-04
 7.46724E-04
 7.46695E-04
 7.45920E-04
 7.45892E-04
 7.45863E-04
 7.45586E-04
 7.45557E-04
 7.45280E-04
 7.45002E-04
 7.44725E-04
 7.44448E-04
 7.44170E-04
 7.44142E-04
 7.43864E-04
 7.43836E-04
 7.43807E-04
 7.43778E-04
 7.43750E-04
 7.43721E-04
 7.43444E-04
 7.43167E-04
 7.42889E-04
 7.42612E-04
 7.42335E-04
 7.42057E-04
 7.42029E-04
 7.41751E-04
 7.41225E-04
 7.40948E-04
 7.40919E-04
 7.40642E-04
 7.40365E-04
 7.40336E-04
 7.40059E-04
 7.39782E-04
 7.39256E-04
 7.39227E-04
 7.39198E-04
 7.39170E-04
 7.39141E-04
 7.38864E-04
 7.38586E-04
 7.38558E-04
 7.38529E-04
 7.38501E-04
 7.37726E-04
 7.37449E-04
 7.36923E-04
 7.36148E-04
 7.36119E-04
 7.35096E-04
 7.34819E-04
 7.34542E-04
 7.33767E-04
 7.33490E-04
 7.33461E-04
 7.32686E-04
 7.32658E-04
 7.32380E-04
 7.32352E-04
 7.32323E-04
 7.32046E-04
 7.32017E-04
 7.31740E-04
 7.31214E-04
 7.31186E-04
 7.30660E-04
 7.30631E-04
 7.30602E-04
 7.30574E-04
 7.30545E-04
 7.29771E-04
 7.29742E-04
 7.29465E-04
 7.29436E-04
 7.29159E-04
 7.29130E-04
 7.29102E-04
 7.28825E-04
 7.28796E-04
 7.28519E-04
 7.27993E-04
 7.27964E-04
 7.27687E-04
 7.27658E-04
 7.27630E-04
 7.27601E-04
 7.27573E-04
 7.27295E-04
 7.27267E-04
 7.26741E-04
 7.26464E-04
 7.26435E-04
 7.25661E-04
 7.25135E-04
 7.25106E-04
 7.24829E-04
 7.24800E-04
 7.24523E-04
 7.24246E-04
 7.23969E-04
 7.23940E-04
 7.23663E-04
 7.23634E-04
 7.23357E-04
 7.23080E-04
 7.22803E-04
 7.22774E-04
 7.22745E-04
 7.22717E-04
 7.22440E-04
 7.22162E-04
 7.22134E-04
 7.22105E-04
 7.21331E-04
 7.21302E-04
 7.21025E-04
 7.20997E-04
 7.20968E-04
 7.20939E-04
 7.20414E-04
 7.20136E-04
 7.19859E-04
 7.19831E-04
 7.19802E-04
 7.19525E-04
 7.19496E-04
 7.19468E-04
 7.19439E-04
 7.19162E-04
 7.19134E-04
 7.18608E-04
 7.18082E-04
 7.17307E-04
 7.17279E-04
 7.17250E-04
 7.16724E-04
 7.16447E-04
 7.16170E-04
 7.16142E-04
 7.15864E-04
 7.15587E-04
 7.15310E-04
 7.15033E-04
 7.15004E-04
 7.14976E-04
 7.14947E-04
 7.14670E-04
 7.14393E-04
 7.14116E-04
 7.13590E-04
 7.13562E-04
 7.13284E-04
 7.12759E-04
 7.12730E-04
 7.12702E-04
 7.12424E-04
 7.12147E-04
 7.11870E-04
 7.11344E-04
 7.10818E-04
 7.10790E-04
 7.10762E-04
 7.10484E-04
 7.09959E-04
 7.09433E-04
 7.09404E-04
 7.09376E-04
 7.09347E-04
 7.09070E-04
 7.09042E-04
 7.09013E-04
 7.08488E-04
 7.07962E-04
 7.07933E-04
 7.07656E-04
 7.07379E-04
 7.07351E-04
 7.07322E-04
 7.07045E-04
 7.07017E-04
 7.06491E-04
 7.06214E-04
 7.05688E-04
 7.05659E-04
 7.05134E-04
 7.04856E-04
 7.04828E-04
 7.04800E-04
 7.04771E-04
 7.04743E-04
 7.04217E-04
 7.03940E-04
 7.03911E-04
 7.03883E-04
 7.03357E-04
 7.03080E-04
 7.03052E-04
 7.02775E-04
 7.02746E-04
 7.02718E-04
 7.02689E-04
 7.02661E-04
 7.02384E-04
 7.02356E-04
 7.02327E-04
 7.02299E-04
 7.02270E-04
 7.01993E-04
 7.01716E-04
 7.01439E-04
 7.00913E-04
 7.00636E-04
 7.00608E-04
 7.00579E-04
 7.00302E-04
 7.00025E-04
 6.99748E-04
 6.98725E-04
 6.98697E-04
 6.97922E-04
 6.97148E-04
 6.97120E-04
 6.97091E-04
 6.97063E-04
 6.96289E-04
 6.96260E-04
 6.95983E-04
 6.95955E-04
 6.95678E-04
 6.95649E-04
 6.95372E-04
 6.95095E-04
 6.94818E-04
 6.94293E-04
 6.94264E-04
 6.93739E-04
 6.93710E-04
 6.93433E-04
 6.93405E-04
 6.93376E-04
 6.93348E-04
 6.93071E-04
 6.93043E-04
 6.93014E-04
 6.92737E-04
 6.92460E-04
 6.92183E-04
 6.91906E-04
 6.91629E-04
 6.91352E-04
 6.91324E-04
 6.91296E-04
 6.91268E-04
 6.91239E-04
 6.90962E-04
 6.90934E-04
 6.90906E-04
 6.90629E-04
 6.90352E-04
 6.90075E-04
 6.90046E-04
 6.89272E-04
 6.88995E-04
 6.88967E-04
 6.88441E-04
 6.88413E-04
 6.88385E-04
 6.88356E-04
 6.88079E-04
 6.87802E-04
 6.87525E-04
 6.87000E-04
 6.86723E-04
 6.86695E-04
 6.86418E-04
 6.86389E-04
 6.86361E-04
 6.86333E-04
 6.86305E-04
 6.86276E-04
 6.85751E-04
 6.85474E-04
 6.85445E-04
 6.84920E-04
 6.84643E-04
 6.84615E-04
 6.84338E-04
 6.84310E-04
 6.84281E-04
 6.84004E-04
 6.83976E-04
 6.83699E-04
 6.83671E-04
 6.83643E-04
 6.83366E-04
 6.83338E-04
 6.83309E-04
 6.83033E-04
 6.83004E-04
 6.82976E-04
 6.82948E-04
 6.82422E-04
 6.82145E-04
 6.82117E-04
 6.81840E-04
 6.81812E-04
 6.81287E-04
 6.80512E-04
 6.80484E-04
 6.79461E-04
 6.79433E-04
 6.79156E-04
 6.79128E-04
 6.79100E-04
 6.78574E-04
 6.78546E-04
 6.78021E-04
 6.77495E-04
 6.77467E-04
 6.76941E-04
 6.76665E-04
 6.76636E-04
 6.76360E-04
 6.76083E-04
 6.75806E-04
 6.75529E-04
 6.75252E-04
 6.75224E-04
 6.74947E-04
 6.74422E-04
 6.74145E-04
 6.73868E-04
 6.73840E-04
 6.73314E-04
 6.73286E-04
 6.73009E-04
 6.72733E-04
 6.72705E-04
 6.72179E-04
 6.71902E-04
 6.71874E-04
 6.71846E-04
 6.71569E-04
 6.71541E-04
 6.71513E-04
 6.71236E-04
 6.70959E-04
 6.70185E-04
 6.70157E-04
 6.70129E-04
 6.69852E-04
 6.69824E-04
 6.69796E-04
 6.69768E-04
 6.68994E-04
 6.68966E-04
 6.68938E-04
 6.68910E-04
 6.68384E-04
 6.68108E-04
 6.68079E-04
 6.67803E-04
 6.67775E-04
 6.67747E-04
 6.67221E-04
 6.67193E-04
 6.67165E-04
 6.66888E-04
 6.66860E-04
 6.66832E-04
 6.66556E-04
 6.66527E-04
 6.66499E-04
 6.66471E-04
 6.66443E-04
 6.66415E-04
 6.66139E-04
 6.65862E-04
 6.65834E-04
 6.65309E-04
 6.65032E-04
 6.65004E-04
 6.64727E-04
 6.64450E-04
 6.64174E-04
 6.64146E-04
 6.63869E-04
 6.63344E-04
 6.63316E-04
 6.63288E-04
 6.63011E-04
 6.62486E-04
 6.62458E-04
 6.62430E-04
 6.62153E-04
 6.61876E-04
 6.61600E-04
 6.61323E-04
 6.60798E-04
 6.60770E-04
 6.60742E-04
 6.60217E-04
 6.59940E-04
 6.59663E-04
 6.59635E-04
 6.59607E-04
 6.58834E-04
 6.58806E-04
 6.58778E-04
 6.58501E-04
 6.58224E-04
 6.58196E-04
 6.57920E-04
 6.57643E-04
 6.57118E-04
 6.56841E-04
 6.56814E-04
 6.56786E-04
 6.56758E-04
 6.56730E-04
 6.56205E-04
 6.55679E-04
 6.55651E-04
 6.55623E-04
 6.55596E-04
 6.55319E-04
 6.55291E-04
 6.55263E-04
 6.54987E-04
 6.54959E-04
 6.54931E-04
 6.54903E-04
 6.54627E-04
 6.54350E-04
 6.54073E-04
 6.53797E-04
 6.53769E-04
 6.53244E-04
 6.53216E-04
 6.53188E-04
 6.52663E-04
 6.52386E-04
 6.52110E-04
 6.51833E-04
 6.51806E-04
 6.51529E-04
 6.51253E-04
 6.50727E-04
 6.50451E-04
 6.50423E-04
 6.50395E-04
 6.50119E-04
 6.50091E-04
 6.49815E-04
 6.49787E-04
 6.49759E-04
 6.49482E-04
 6.49455E-04
 6.48930E-04
 6.48156E-04
 6.48128E-04
 6.47851E-04
 6.47824E-04
 6.47299E-04
 6.47022E-04
 6.46994E-04
 6.46967E-04
 6.46939E-04
 6.46911E-04
 6.46635E-04
 6.46607E-04
 6.46579E-04
 6.46551E-04
 6.46524E-04
 6.46247E-04
 6.45971E-04
 6.45446E-04
 6.45418E-04
 6.45390E-04
 6.45114E-04
 6.44838E-04
 6.44810E-04
 6.44533E-04
 6.44008E-04
 6.43732E-04
 6.43704E-04
 6.43677E-04
 6.43400E-04
 6.43373E-04
 6.43096E-04
 6.42820E-04
 6.42792E-04
 6.42267E-04
 6.41991E-04
 6.41466E-04
 6.40941E-04
 6.40913E-04
 6.40637E-04
 6.40609E-04
 6.40333E-04
 6.39808E-04
 6.39780E-04
 6.39752E-04
 6.39476E-04
 6.39200E-04
 6.38924E-04
 6.38896E-04
 6.38371E-04
 6.37846E-04
 6.37818E-04
 6.37791E-04
 6.37763E-04
 6.36989E-04
 6.36962E-04
 6.36686E-04
 6.36658E-04
 6.36133E-04
 6.35857E-04
 6.35829E-04
 6.35553E-04
 6.35277E-04
 6.35249E-04
 6.35222E-04
 6.35194E-04
 6.35166E-04
 6.35139E-04
 6.34863E-04
 6.34835E-04
 6.34310E-04
 6.33785E-04
 6.33758E-04
 6.33730E-04
 6.33703E-04
 6.33426E-04
 6.33399E-04
 6.33123E-04
 6.32847E-04
 6.32570E-04
 6.32045E-04
 6.32018E-04
 6.31990E-04
 6.31466E-04
 6.31189E-04
 6.31162E-04
 6.31134E-04
 6.31107E-04
 6.31079E-04
 6.31052E-04
 6.30776E-04
 6.30748E-04
 6.30721E-04
 6.30693E-04
 6.30417E-04
 6.30390E-04
 6.30362E-04
 6.29838E-04
 6.28815E-04
 6.28788E-04
 6.28761E-04
 6.28484E-04
 6.28457E-04
 6.28430E-04
 6.28402E-04
 6.28375E-04
 6.28347E-04
 6.28071E-04
 6.28044E-04
 6.28016E-04
 6.27740E-04
 6.27216E-04
 6.27188E-04
 6.27161E-04
 6.26885E-04
 6.26609E-04
 6.26581E-04
 6.26554E-04
 6.26527E-04
 6.26002E-04
 6.25726E-04
 6.25450E-04
 6.24925E-04
 6.24400E-04
 6.24373E-04
 6.24097E-04
 6.24070E-04
 6.24042E-04
 6.24015E-04
 6.23739E-04
 6.23463E-04
 6.22938E-04
 6.22911E-04
 6.22635E-04
 6.22359E-04
 6.21834E-04
 6.21807E-04
 6.21531E-04
 6.21255E-04
 6.20979E-04
 6.20952E-04
 6.20925E-04
 6.20649E-04
 6.20124E-04
 6.20097E-04
 6.20070E-04
 6.19545E-04
 6.19020E-04
 6.18993E-04
 6.18717E-04
 6.18690E-04
 6.18414E-04
 6.18387E-04
 6.18360E-04
 6.17835E-04
 6.17559E-04
 6.17283E-04
 6.17256E-04
 6.16980E-04
 6.16953E-04
 6.16926E-04
 6.16899E-04
 6.16871E-04
 6.16844E-04
 6.16817E-04
 6.16790E-04
 6.16763E-04
 6.16736E-04
 6.16211E-04
 6.16184E-04
 6.16157E-04
 6.15383E-04
 6.15356E-04
 6.15081E-04
 6.14556E-04
 6.14529E-04
 6.13507E-04
 6.13231E-04
 6.12955E-04
 6.12928E-04
 6.12901E-04
 6.12625E-04
 6.12350E-04
 6.12323E-04
 6.12295E-04
 6.12268E-04
 6.11993E-04
 6.11965E-04
 6.11938E-04
 6.11663E-04
 6.11636E-04
 6.10862E-04
 6.10587E-04
 6.10560E-04
 6.10533E-04
 6.10257E-04
 6.09981E-04
 6.09954E-04
 6.09678E-04
 6.09403E-04
 6.09127E-04
 6.09100E-04
 6.08824E-04
 6.08797E-04
 6.08770E-04
 6.08743E-04
 6.08716E-04
 6.08441E-04
 6.08165E-04
 6.08138E-04
 6.08111E-04
 6.07835E-04
 6.07808E-04
 6.07533E-04
 6.07506E-04
 6.07230E-04
 6.06706E-04
 6.06679E-04
 6.06652E-04
 6.06376E-04
 6.06349E-04
 6.06322E-04
 6.06047E-04
 6.06020E-04
 6.05744E-04
 6.05469E-04
 6.05193E-04
 6.04917E-04
 6.04891E-04
 6.04366E-04
 6.04091E-04
 6.04064E-04
 6.03540E-04
 6.03513E-04
 6.03237E-04
 6.02713E-04
 6.02437E-04
 6.02162E-04
 6.01886E-04
 6.01860E-04
 6.01087E-04
 6.01060E-04
 6.01033E-04
 6.00757E-04
 6.00731E-04
 6.00455E-04
 6.00180E-04
 5.99904E-04
 5.99380E-04
 5.99353E-04
 5.99326E-04
 5.99051E-04
 5.99024E-04
 5.98749E-04
 5.98473E-04
 5.97949E-04
 5.97674E-04
 5.97398E-04
 5.97371E-04
 5.97345E-04
 5.97318E-04
 5.97291E-04
 5.97016E-04
 5.96492E-04
 5.96465E-04
 5.96438E-04
 5.96163E-04
 5.96136E-04
 5.95861E-04
 5.95585E-04
 5.95559E-04
 5.95532E-04
 5.95505E-04
 5.95230E-04
 5.95203E-04
 5.94928E-04
 5.94652E-04
 5.94626E-04
 5.94599E-04
 5.94075E-04
 5.93800E-04
 5.93773E-04
 5.93746E-04
 5.93222E-04
 5.93196E-04
 5.93169E-04
 5.92894E-04
 5.92867E-04
 5.92592E-04
 5.92565E-04
 5.92290E-04
 5.92263E-04
 5.92237E-04
 5.91962E-04
 5.91935E-04
 5.91162E-04
 5.91136E-04
 5.91109E-04
 5.91083E-04
 5.90807E-04
 5.90532E-04
 5.90506E-04
 5.90479E-04
 5.90453E-04
 5.89929E-04
 5.89653E-04
 5.89627E-04
 5.89600E-04
 5.89574E-04
 5.89299E-04
 5.89272E-04
 5.89246E-04
 5.89219E-04
 5.88944E-04
 5.88669E-04
 5.88642E-04
 5.88367E-04
 5.88092E-04
 5.88066E-04
 5.87790E-04
 5.87515E-04
 5.87489E-04
 5.87214E-04
 5.86939E-04
 5.86912E-04
 5.86637E-04
 5.86113E-04
 5.85838E-04
 5.85563E-04
 5.85537E-04
 5.85013E-04
 5.84738E-04
 5.84711E-04
 5.84436E-04
 5.84410E-04
 5.84384E-04
 5.84109E-04
 5.83585E-04
 5.83558E-04
 5.83283E-04
 5.83008E-04
 5.82982E-04
 5.82707E-04
 5.82681E-04
 5.82654E-04
 5.82379E-04
 5.82104E-04
 5.82078E-04
 5.82052E-04
 5.81777E-04
 5.81750E-04
 5.81724E-04
 5.81698E-04
 5.81423E-04
 5.81397E-04
 5.81122E-04
 5.80847E-04
 5.80323E-04
 5.80048E-04
 5.80022E-04
 5.79996E-04
 5.79472E-04
 5.79197E-04
 5.79171E-04
 5.78896E-04
 5.78621E-04
 5.78595E-04
 5.78320E-04
 5.78045E-04
 5.78019E-04
 5.77495E-04
 5.76972E-04
 5.76946E-04
 5.76422E-04
 5.76147E-04
 5.75624E-04
 5.75597E-04
 5.75323E-04
 5.75296E-04
 5.75270E-04
 5.74995E-04
 5.74969E-04
 5.74943E-04
 5.74917E-04
 5.74891E-04
 5.74865E-04
 5.74093E-04
 5.74067E-04
 5.73792E-04
 5.73517E-04
 5.73491E-04
 5.73465E-04
 5.73439E-04
 5.73413E-04
 5.73387E-04
 5.73112E-04
 5.72588E-04
 5.72562E-04
 5.72536E-04
 5.72262E-04
 5.71987E-04
 5.71961E-04
 5.71935E-04
 5.71660E-04
 5.71137E-04
 5.71111E-04
 5.71085E-04
 5.71059E-04
 5.70535E-04
 5.70509E-04
 5.70483E-04
 5.70209E-04
 5.70183E-04
 5.69908E-04
 5.69633E-04
 5.69608E-04
 5.69333E-04
 5.69307E-04
 5.69281E-04
 5.69006E-04
 5.68980E-04
 5.68457E-04
 5.68431E-04
 5.68405E-04
 5.68131E-04
 5.67856E-04
 5.67830E-04
 5.67307E-04
 5.67033E-04
 5.66758E-04
 5.66732E-04
 5.66706E-04
 5.66680E-04
 5.66406E-04
 5.66380E-04
 5.65857E-04
 5.65831E-04
 5.65805E-04
 5.65779E-04
 5.65007E-04
 5.64733E-04
 5.64707E-04
 5.64184E-04
 5.64158E-04
 5.63635E-04
 5.63361E-04
 5.63086E-04
 5.62812E-04
 5.62786E-04
 5.62511E-04
 5.62237E-04
 5.62211E-04
 5.61688E-04
 5.61662E-04
 5.61637E-04
 5.61611E-04
 5.61585E-04
 5.60813E-04
 5.60788E-04
 5.60762E-04
 5.60488E-04
 5.60213E-04
 5.60188E-04
 5.60162E-04
 5.59888E-04
 5.59862E-04
 5.59836E-04
 5.59811E-04
 5.59536E-04
 5.59262E-04
 5.59236E-04
 5.59211E-04
 5.59185E-04
 5.58662E-04
 5.58636E-04
 5.58113E-04
 5.58088E-04
 5.58062E-04
 5.58037E-04
 5.58011E-04
 5.57985E-04
 5.57711E-04
 5.57437E-04
 5.57411E-04
 5.57137E-04
 5.57111E-04
 5.56589E-04
 5.55817E-04
 5.55543E-04
 5.55517E-04
 5.55492E-04
 5.55466E-04
 5.54943E-04
 5.54918E-04
 5.54644E-04
 5.54618E-04
 5.54593E-04
 5.54567E-04
 5.54542E-04
 5.54019E-04
 5.53993E-04
 5.53968E-04
 5.53942E-04
 5.53917E-04
 5.53643E-04
 5.53617E-04
 5.53592E-04
 5.53566E-04
 5.53292E-04
 5.52770E-04
 5.52495E-04
 5.52470E-04
 5.52445E-04
 5.52419E-04
 5.52394E-04
 5.52369E-04
 5.52343E-04
 5.52069E-04
 5.52044E-04
 5.52018E-04
 5.51744E-04
 5.50973E-04
 5.50948E-04
 5.50674E-04
 5.50648E-04
 5.50623E-04
 5.50598E-04
 5.50324E-04
 5.49801E-04
 5.49527E-04
 5.49502E-04
 5.48979E-04
 5.48208E-04
 5.48182E-04
 5.48157E-04
 5.48132E-04
 5.47858E-04
 5.47335E-04
 5.47061E-04
 5.47036E-04
 5.47011E-04
 5.46737E-04
 5.46712E-04
 5.46687E-04
 5.46413E-04
 5.46387E-04
 5.46114E-04
 5.45840E-04
 5.45815E-04
 5.45789E-04
 5.45516E-04
 5.45490E-04
 5.45465E-04
 5.45440E-04
 5.44918E-04
 5.44892E-04
 5.44867E-04
 5.44593E-04
 5.44568E-04
 5.44295E-04
 5.44021E-04
 5.43747E-04
 5.43722E-04
 5.43448E-04
 5.43423E-04
 5.43149E-04
 5.42875E-04
 5.42602E-04
 5.42328E-04
 5.42054E-04
 5.42029E-04
 5.41755E-04
 5.41730E-04
 5.41457E-04
 5.41183E-04
 5.41158E-04
 5.41133E-04
 5.41108E-04
 5.40586E-04
 5.40312E-04
 5.40287E-04
 5.40013E-04
 5.39242E-04
 5.39217E-04
 5.39192E-04
 5.38919E-04
 5.38894E-04
 5.38371E-04
 5.38346E-04
 5.38321E-04
 5.38296E-04
 5.38023E-04
 5.37998E-04
 5.37724E-04
 5.37699E-04
 5.37675E-04
 5.37401E-04
 5.37376E-04
 5.37351E-04
 5.37326E-04
 5.36804E-04
 5.36531E-04
 5.36506E-04
 5.35735E-04
 5.35710E-04
 5.35436E-04
 5.35412E-04
 5.34889E-04
 5.34616E-04
 5.34591E-04
 5.34318E-04
 5.34044E-04
 5.34019E-04
 5.33746E-04
 5.33721E-04
 5.33696E-04
 5.33671E-04
 5.33398E-04
 5.33373E-04
 5.33100E-04
 5.33075E-04
 5.32802E-04
 5.32777E-04
 5.32503E-04
 5.32479E-04
 5.32454E-04
 5.32429E-04
 5.32156E-04
 5.32131E-04
 5.32107E-04
 5.32082E-04
 5.32057E-04
 5.32033E-04
 5.31759E-04
 5.31486E-04
 5.31461E-04
 5.31188E-04
 5.31163E-04
 5.30641E-04
 5.30617E-04
 5.30095E-04
 5.29573E-04
 5.29548E-04
 5.28529E-04
 5.28255E-04
 5.28231E-04
 5.28206E-04
 5.28182E-04
 5.27908E-04
 5.27884E-04
 5.27611E-04
 5.27337E-04
 5.27064E-04
 5.27040E-04
 5.26766E-04
 5.26493E-04
 5.26220E-04
 5.26195E-04
 5.26171E-04
 5.26146E-04
 5.26122E-04
 5.26097E-04
 5.25824E-04
 5.25551E-04
 5.25029E-04
 5.24756E-04
 5.24483E-04
 5.24459E-04
 5.24185E-04
 5.24161E-04
 5.24137E-04
 5.24112E-04
 5.23839E-04
 5.23566E-04
 5.23293E-04
 5.23268E-04
 5.22995E-04
 5.22971E-04
 5.22947E-04
 5.22674E-04
 5.22649E-04
 5.22625E-04
 5.22352E-04
 5.22327E-04
 5.22054E-04
 5.21781E-04
 5.21757E-04
 5.21733E-04
 5.21460E-04
 5.21435E-04
 5.20914E-04
 5.20641E-04
 5.20368E-04
 5.20343E-04
 5.20319E-04
 5.20046E-04
 5.19773E-04
 5.19749E-04
 5.19725E-04
 5.19700E-04
 5.19676E-04
 5.19652E-04
 5.19628E-04
 5.19355E-04
 5.19331E-04
 5.19058E-04
 5.19034E-04
 5.19009E-04
 5.18736E-04
 5.18464E-04
 5.18191E-04
 5.18167E-04
 5.18142E-04
 5.18118E-04
 5.17597E-04
 5.17573E-04
 5.17548E-04
 5.17276E-04
 5.17003E-04
 5.16730E-04
 5.16457E-04
 5.16433E-04
 5.16160E-04
 5.15888E-04
 5.15615E-04
 5.15342E-04
 5.15318E-04
 5.15294E-04
 5.15270E-04
 5.15246E-04
 5.14724E-04
 5.14700E-04
 5.14676E-04
 5.14403E-04
 5.14131E-04
 5.13858E-04
 5.13834E-04
 5.13810E-04
 5.13786E-04
 5.13265E-04
 5.13241E-04
 5.12968E-04
 5.12944E-04
 5.12920E-04
 5.12647E-04
 5.12375E-04
 5.11854E-04
 5.11830E-04
 5.11557E-04
 5.11533E-04
 5.11260E-04
 5.11236E-04
 5.10964E-04
 5.10443E-04
 5.10419E-04
 5.10146E-04
 5.10122E-04
 5.10098E-04
 5.10075E-04
 5.09802E-04
 5.09778E-04
 5.09506E-04
 5.09482E-04
 5.08961E-04
 5.08937E-04
 5.08664E-04
 5.08392E-04
 5.08368E-04
 5.08095E-04
 5.07823E-04
 5.07799E-04
 5.07775E-04
 5.07503E-04
 5.07230E-04
 5.07207E-04
 5.07183E-04
 5.07159E-04
 5.07135E-04
 5.06614E-04
 5.06342E-04
 5.05821E-04
 5.05797E-04
 5.05773E-04
 5.05750E-04
 5.05726E-04
 5.05453E-04
 5.05181E-04
 5.05157E-04
 5.05134E-04
 5.05110E-04
 5.05086E-04
 5.05063E-04
 5.04790E-04
 5.04767E-04
 5.04743E-04
 5.04719E-04
 5.04696E-04
 5.04424E-04
 5.04400E-04
 5.04128E-04
 5.04104E-04
 5.04080E-04
 5.03808E-04
 5.03536E-04
 5.03512E-04
 5.02991E-04
 5.02719E-04
 5.02696E-04
 5.02175E-04
 5.01902E-04
 5.01879E-04
 5.01855E-04
 5.01832E-04
 5.00814E-04
 5.00790E-04
 5.00766E-04
 5.00494E-04
 5.00222E-04
 4.99950E-04
 4.99678E-04
 4.99654E-04
 4.99631E-04
 4.99359E-04
 4.99335E-04
 4.99312E-04
 4.99040E-04
 4.99016E-04
 4.98495E-04
 4.98223E-04
 4.97951E-04
 4.97928E-04
 4.97904E-04
 4.97881E-04
 4.97609E-04
 4.97337E-04
 4.97314E-04
 4.97290E-04
 4.97267E-04
 4.96995E-04
 4.96971E-04
 4.96948E-04
 4.96676E-04
 4.96653E-04
 4.96381E-04
 4.96357E-04
 4.96085E-04
 4.96062E-04
 4.96039E-04
 4.96016E-04
 4.95992E-04
 4.95223E-04
 4.94702E-04
 4.94679E-04
 4.94656E-04
 4.94384E-04
 4.94112E-04
 4.94089E-04
 4.93568E-04
 4.93048E-04
 4.92776E-04
 4.92752E-04
 4.92729E-04
 4.92706E-04
 4.92434E-04
 4.92411E-04
 4.92139E-04
 4.92116E-04
 4.91595E-04
 4.91572E-04
 4.91300E-04
 4.91277E-04
 4.91005E-04
 4.90734E-04
 4.90710E-04
 4.90439E-04
 4.90167E-04
 4.90144E-04
 4.89872E-04
 4.89600E-04
 4.89328E-04
 4.89305E-04
 4.89282E-04
 4.89259E-04
 4.88987E-04
 4.88716E-04
 4.88693E-04
 4.88670E-04
 4.88646E-04
 4.88126E-04
 4.87854E-04
 4.87334E-04
 4.87311E-04
 4.87288E-04
 4.87016E-04
 4.86745E-04
 4.86722E-04
 4.86699E-04
 4.86676E-04
 4.86653E-04
 4.85884E-04
 4.85612E-04
 4.85340E-04
 4.85069E-04
 4.85046E-04
 4.85023E-04
 4.85000E-04
 4.84977E-04
 4.84706E-04
 4.84683E-04
 4.84660E-04
 4.84637E-04
 4.84614E-04
 4.84591E-04
 4.84568E-04
 4.84545E-04
 4.84522E-04
 4.84500E-04
 4.84228E-04
 4.84205E-04
 4.84182E-04
 4.84160E-04
 4.83888E-04
 4.83617E-04
 4.83594E-04
 4.83571E-04
 4.83548E-04
 4.83277E-04
 4.83254E-04
 4.82734E-04
 4.82711E-04
 4.82688E-04
 4.82417E-04
 4.82394E-04
 4.82371E-04
 4.81603E-04
 4.81580E-04
 4.81557E-04
 4.81286E-04
 4.81014E-04
 4.80992E-04
 4.80720E-04
 4.80697E-04
 4.80675E-04
 4.80652E-04
 4.80381E-04
 4.80358E-04
 4.80087E-04
 4.80064E-04
 4.79793E-04
 4.79770E-04
 4.79499E-04
 4.79476E-04
 4.78956E-04
 4.78685E-04
 4.78662E-04
 4.78640E-04
 4.78617E-04
 4.78097E-04
 4.78075E-04
 4.77803E-04
 4.77283E-04
 4.77261E-04
 4.77238E-04
 4.77216E-04
 4.77193E-04
 4.76922E-04
 4.76402E-04
 4.76380E-04
 4.76357E-04
 4.76086E-04
 4.75815E-04
 4.75295E-04
 4.75024E-04
 4.75001E-04
 4.74979E-04
 4.74956E-04
 4.74436E-04
 4.74414E-04
 4.74143E-04
 4.74120E-04
 4.73849E-04
 4.73827E-04
 4.73307E-04
 4.73036E-04
 4.72765E-04
 4.72494E-04
 4.72223E-04
 4.72200E-04
 4.72178E-04
 4.72156E-04
 4.72133E-04
 4.72111E-04
 4.72088E-04
 4.72066E-04
 4.71546E-04
 4.71524E-04
 4.71502E-04
 4.71479E-04
 4.71208E-04
 4.71186E-04
 4.71164E-04
 4.71141E-04
 4.70622E-04
 4.70599E-04
 4.70080E-04
 4.70058E-04
 4.70035E-04
 4.70013E-04
 4.69991E-04
 4.69968E-04
 4.69946E-04
 4.69924E-04
 4.69653E-04
 4.69382E-04
 4.68614E-04
 4.68592E-04
 4.68321E-04
 4.68050E-04
 4.68028E-04
 4.68005E-04
 4.67735E-04
 4.67712E-04
 4.67442E-04
 4.67419E-04
 4.67397E-04
 4.67375E-04
 4.67353E-04
 4.66833E-04
 4.66811E-04
 4.66789E-04
 4.66767E-04
 4.66745E-04
 4.66723E-04
 4.66203E-04
 4.66181E-04
 4.66159E-04
 4.66137E-04
 4.66115E-04
 4.66093E-04
 4.65822E-04
 4.65551E-04
 4.65281E-04
 4.65010E-04
 4.64988E-04
 4.64966E-04
 4.64944E-04
 4.64922E-04
 4.64900E-04
 4.64878E-04
 4.64856E-04
 4.64834E-04
 4.64563E-04
 4.64541E-04
 4.64271E-04
 4.64000E-04
 4.63978E-04
 4.63707E-04
 4.63437E-04
 4.63166E-04
 4.63144E-04
 4.63122E-04
 4.62852E-04
 4.62581E-04
 4.62559E-04
 4.62537E-04
 4.62267E-04
 4.61996E-04
 4.61974E-04
 4.61952E-04
 4.61930E-04
 4.61660E-04
 4.61389E-04
 4.61367E-04
 4.60848E-04
 4.60578E-04
 4.60556E-04
 4.60534E-04
 4.60263E-04
 4.59993E-04
 4.59971E-04
 4.59452E-04
 4.59182E-04
 4.59160E-04
 4.58889E-04
 4.58370E-04
 4.58348E-04
 4.58327E-04
 4.58305E-04
 4.58034E-04
 4.57764E-04
 4.57494E-04
 4.57223E-04
 4.56953E-04
 4.56682E-04
 4.56661E-04
 4.56639E-04
 4.56617E-04
 4.56596E-04
 4.56325E-04
 4.56303E-04
 4.56282E-04
 4.55763E-04
 4.55741E-04
 4.55471E-04
 4.55200E-04
 4.54930E-04
 4.54908E-04
 4.54389E-04
 4.53871E-04
 4.53849E-04
 4.53827E-04
 4.53806E-04
 4.53784E-04
 4.53762E-04
 4.53741E-04
 4.53471E-04
 4.52952E-04
 4.52433E-04
 4.52162E-04
 4.52141E-04
 4.52119E-04
 4.51600E-04
 4.51579E-04
 4.51557E-04
 4.51287E-04
 4.51266E-04
 4.51244E-04
 4.50974E-04
 4.50704E-04
 4.50682E-04
 4.50412E-04
 4.50391E-04
 4.50120E-04
 4.49850E-04
 4.49829E-04
 4.49559E-04
 4.49537E-04
 4.49516E-04
 4.49494E-04
 4.49473E-04
 4.49451E-04
 4.49181E-04
 4.49160E-04
 4.48890E-04
 4.48868E-04
 4.48598E-04
 4.48328E-04
 4.48307E-04
 4.48285E-04
 4.48264E-04
 4.47994E-04
 4.47724E-04
 4.47703E-04
 4.47681E-04
 4.47411E-04
 4.47141E-04
 4.47120E-04
 4.47099E-04
 4.47077E-04
 4.47056E-04
 4.47035E-04
 4.47013E-04
 4.46992E-04
 4.46971E-04
 4.46701E-04
 4.46679E-04
 4.46658E-04
 4.46637E-04
 4.46367E-04
 4.46346E-04
 4.46324E-04
 4.46055E-04
 4.45785E-04
 4.45515E-04
 4.45245E-04
 4.45224E-04
 4.45202E-04
 4.45181E-04
 4.44911E-04
 4.44890E-04
 4.44620E-04
 4.44599E-04
 4.44578E-04
 4.44557E-04
 4.44287E-04
 4.44017E-04
 4.43747E-04
 4.43477E-04
 4.42959E-04
 4.42938E-04
 4.42917E-04
 4.42398E-04
 4.42128E-04
 4.42107E-04
 4.42086E-04
 4.42065E-04
 4.41547E-04
 4.41525E-04
 4.40758E-04
 4.40737E-04
 4.40219E-04
 4.39949E-04
 4.39928E-04
 4.39658E-04
 4.39637E-04
 4.39616E-04
 4.39595E-04
 4.39574E-04
 4.39305E-04
 4.38786E-04
 4.38765E-04
 4.38744E-04
 4.38723E-04
 4.38702E-04
 4.38681E-04
 4.38163E-04
 4.38142E-04
 4.38121E-04
 4.38100E-04
 4.37830E-04
 4.37809E-04
 4.37788E-04
 4.37519E-04
 4.37249E-04
 4.37228E-04
 4.37207E-04
 4.36938E-04
 4.36668E-04
 4.36647E-04
 4.36378E-04
 4.36357E-04
 4.35590E-04
 4.35569E-04
 4.35300E-04
 4.34533E-04
 4.34263E-04
 4.34242E-04
 4.34221E-04
 4.34201E-04
 4.34180E-04
 4.34159E-04
 4.34138E-04
 4.34117E-04
 4.33848E-04
 4.33827E-04
 4.33806E-04
 4.33785E-04
 4.33765E-04
 4.33744E-04
 4.33723E-04
 4.33702E-04
 4.33433E-04
 4.33412E-04
 4.33391E-04
 4.33122E-04
 4.33101E-04
 4.32832E-04
 4.32314E-04
 4.32293E-04
 4.32272E-04
 4.32252E-04
 4.32231E-04
 4.31713E-04
 4.31692E-04
 4.31671E-04
 4.31651E-04
 4.31381E-04
 4.31361E-04
 4.31340E-04
 4.31319E-04
 4.30801E-04
 4.30781E-04
 4.30511E-04
 4.29993E-04
 4.29973E-04
 4.29952E-04
 4.29932E-04
 4.29662E-04
 4.29642E-04
 4.29621E-04
 4.29600E-04
 4.29580E-04
 4.29559E-04
 4.29539E-04
 4.29518E-04
 4.29249E-04
 4.29228E-04
 4.28710E-04
 4.28690E-04
 4.28421E-04
 4.28151E-04
 4.28131E-04
 4.28110E-04
 4.28090E-04
 4.27821E-04
 4.27303E-04
 4.27282E-04
 4.27262E-04
 4.27241E-04
 4.27221E-04
 4.26952E-04
 4.26931E-04
 4.26911E-04
 4.26890E-04
 4.26870E-04
 4.26601E-04
 4.26580E-04
 4.26560E-04
 4.26539E-04
 4.26519E-04
 4.26250E-04
 4.25981E-04
 4.25960E-04
 4.25940E-04
 4.25671E-04
 4.25153E-04
 4.24884E-04
 4.24615E-04
 4.24346E-04
 4.23828E-04
 4.23808E-04
 4.23290E-04
 4.23270E-04
 4.23250E-04
 4.23229E-04
 4.22960E-04
 4.22940E-04
 4.22671E-04
 4.22153E-04
 4.22133E-04
 4.21864E-04
 4.21844E-04
 4.21823E-04
 4.21803E-04
 4.21783E-04
 4.21763E-04
 4.21742E-04
 4.21722E-04
 4.21702E-04
 4.21682E-04
 4.21413E-04
 4.21144E-04
 4.20875E-04
 4.20855E-04
 4.20834E-04
 4.20814E-04
 4.20545E-04
 4.20525E-04
 4.20505E-04
 4.20236E-04
 4.19470E-04
 4.19450E-04
 4.19429E-04
 4.19161E-04
 4.19140E-04
 4.18872E-04
 4.18603E-04
 4.18583E-04
 4.18562E-04
 4.18542E-04
 4.18025E-04
 4.17756E-04
 4.17487E-04
 4.16970E-04
 4.16950E-04
 4.16930E-04
 4.16909E-04
 4.16641E-04
 4.16372E-04
 4.16352E-04
 4.16332E-04
 4.16312E-04
 4.16292E-04
 4.15774E-04
 4.15754E-04
 4.15734E-04
 4.15714E-04
 4.15694E-04
 4.15674E-04
 4.15405E-04
 4.15385E-04
 4.15365E-04
 4.15096E-04
 4.15076E-04
 4.15056E-04
 4.15036E-04
 4.15016E-04
 4.14748E-04
 4.14479E-04
 4.14459E-04
 4.14439E-04
 4.14419E-04
 4.14399E-04
 4.14379E-04
 4.14359E-04
 4.14091E-04
 4.14071E-04
 4.14051E-04
 4.14031E-04
 4.14011E-04
 4.13991E-04
 4.13474E-04
 4.13454E-04
 4.13434E-04
 4.12917E-04
 4.12897E-04
 4.12877E-04
 4.12857E-04
 4.12340E-04
 4.12071E-04
 4.12052E-04
 4.12032E-04
 4.12012E-04
 4.11992E-04
 4.11972E-04
 4.11952E-04
 4.11684E-04
 4.11415E-04
 4.11396E-04
 4.11376E-04
 4.11107E-04
 4.11087E-04
 4.11068E-04
 4.10799E-04
 4.10531E-04
 4.10511E-04
 4.10491E-04
 4.10471E-04
 4.10203E-04
 4.09935E-04
 4.09915E-04
 4.09895E-04
 4.09875E-04
 4.09607E-04
 4.08841E-04
 4.08573E-04
 4.08553E-04
 4.08285E-04
 4.07768E-04
 4.07748E-04
 4.07480E-04
 4.07460E-04
 4.07440E-04
 4.07172E-04
 4.07152E-04
 4.07133E-04
 4.06616E-04
 4.06347E-04
 4.06079E-04
 4.05562E-04
 4.05542E-04
 4.05523E-04
 4.05254E-04
 4.05235E-04
 4.04966E-04
 4.04698E-04
 4.04678E-04
 4.04410E-04
 4.04391E-04
 4.04122E-04
 4.03854E-04
 4.03834E-04
 4.03566E-04
 4.03547E-04
 4.03527E-04
 4.03259E-04
 4.03239E-04
 4.03220E-04
 4.03200E-04
 4.02932E-04
 4.02664E-04
 4.02644E-04
 4.02127E-04
 4.02108E-04
 4.01840E-04
 4.01820E-04
 4.01552E-04
 4.01532E-04
 4.01016E-04
 4.00996E-04
 4.00977E-04
 4.00709E-04
 4.00689E-04
 4.00670E-04
 4.00650E-04
 4.00631E-04
 4.00611E-04
 4.00343E-04
 4.00075E-04
 3.99807E-04
 3.99787E-04
 3.99519E-04
 3.99500E-04
 3.99481E-04
 3.99461E-04
 3.99193E-04
 3.98925E-04
 3.98657E-04
 3.98389E-04
 3.98369E-04
 3.98350E-04
 3.98331E-04
 3.98311E-04
 3.98292E-04
 3.98273E-04
 3.98253E-04
 3.98234E-04
 3.98215E-04
 3.97947E-04
 3.97679E-04
 3.97659E-04
 3.97391E-04
 3.97372E-04
 3.97353E-04
 3.97333E-04
 3.97065E-04
 3.97046E-04
 3.97027E-04
 3.96759E-04
 3.96739E-04
 3.96720E-04
 3.96452E-04
 3.96433E-04
 3.96165E-04
 3.96146E-04
 3.95878E-04
 3.95859E-04
 3.95591E-04
 3.95323E-04
 3.95304E-04
 3.95036E-04
 3.94768E-04
 3.94749E-04
 3.94729E-04
 3.94461E-04
 3.94442E-04
 3.94423E-04
 3.94404E-04
 3.94136E-04
 3.93868E-04
 3.93849E-04
 3.93830E-04
 3.93811E-04
 3.93791E-04
 3.93524E-04
 3.93256E-04
 3.92988E-04
 3.92472E-04
 3.92204E-04
 3.92185E-04
 3.92166E-04
 3.92146E-04
 3.91879E-04
 3.91860E-04
 3.91592E-04
 3.91573E-04
 3.91305E-04
 3.91037E-04
 3.90769E-04
 3.90750E-04
 3.90483E-04
 3.89966E-04
 3.89947E-04
 3.89928E-04
 3.89660E-04
 3.89641E-04
 3.89622E-04
 3.89603E-04
 3.89335E-04
 3.89316E-04
 3.89297E-04
 3.89278E-04
 3.89259E-04
 3.88992E-04
 3.88724E-04
 3.88456E-04
 3.88437E-04
 3.88418E-04
 3.88399E-04
 3.88380E-04
 3.88361E-04
 3.88342E-04
 3.88075E-04
 3.88056E-04
 3.88037E-04
 3.88018E-04
 3.87502E-04
 3.86985E-04
 3.86967E-04
 3.86948E-04
 3.86680E-04
 3.86412E-04
 3.86393E-04
 3.86126E-04
 3.86107E-04
 3.86088E-04
 3.86069E-04
 3.85802E-04
 3.85783E-04
 3.85764E-04
 3.85745E-04
 3.85726E-04
 3.85210E-04
 3.84942E-04
 3.84675E-04
 3.84407E-04
 3.84140E-04
 3.84121E-04
 3.83853E-04
 3.83835E-04
 3.83318E-04
 3.83300E-04
 3.83281E-04
 3.83262E-04
 3.83243E-04
 3.83224E-04
 3.83206E-04
 3.82938E-04
 3.82919E-04
 3.82652E-04
 3.82633E-04
 3.82366E-04
 3.82347E-04
 3.82328E-04
 3.82309E-04
 3.82042E-04
 3.82023E-04
 3.81756E-04
 3.81737E-04
 3.81718E-04
 3.81451E-04
 3.81184E-04
 3.81165E-04
 3.80897E-04
 3.80879E-04
 3.80860E-04
 3.80841E-04
 3.80574E-04
 3.80307E-04
 3.80288E-04
 3.80269E-04
 3.80251E-04
 3.80232E-04
 3.79964E-04
 3.79946E-04
 3.79678E-04
 3.79660E-04
 3.79641E-04
 3.79374E-04
 3.79107E-04
 3.78839E-04
 3.78821E-04
 3.78553E-04
 3.78535E-04
 3.78516E-04
 3.78497E-04
 3.78479E-04
 3.78460E-04
 3.78442E-04
 3.78423E-04
 3.78404E-04
 3.78386E-04
 3.78119E-04
 3.78100E-04
 3.78082E-04
 3.78063E-04
 3.78044E-04
 3.77777E-04
 3.77759E-04
 3.77740E-04
 3.77722E-04
 3.77703E-04
 3.77684E-04
 3.77417E-04
 3.77399E-04
 3.77380E-04
 3.76864E-04
 3.76597E-04
 3.76330E-04
 3.76312E-04
 3.76293E-04
 3.76026E-04
 3.75759E-04
 3.75492E-04
 3.75224E-04
 3.75206E-04
 3.74690E-04
 3.74672E-04
 3.74653E-04
 3.74137E-04
 3.74119E-04
 3.73852E-04
 3.73336E-04
 3.73318E-04
 3.73299E-04
 3.73032E-04
 3.73014E-04
 3.72747E-04
 3.72728E-04
 3.72212E-04
 3.72194E-04
 3.72176E-04
 3.72157E-04
 3.72139E-04
 3.72121E-04
 3.72102E-04
 3.71586E-04
 3.71568E-04
 3.71301E-04
 3.71283E-04
 3.71264E-04
 3.71246E-04
 3.71228E-04
 3.71209E-04
 3.70694E-04
 3.70427E-04
 3.70160E-04
 3.70141E-04
 3.70123E-04
 3.70105E-04
 3.70086E-04
 3.69819E-04
 3.69801E-04
 3.69783E-04
 3.69516E-04
 3.69249E-04
 3.68982E-04
 3.68466E-04
 3.68448E-04
 3.68430E-04
 3.68411E-04
 3.68393E-04
 3.68126E-04
 3.68108E-04
 3.68090E-04
 3.68071E-04
 3.68053E-04
 3.68035E-04
 3.68017E-04
 3.67999E-04
 3.67732E-04
 3.67713E-04
 3.67695E-04
 3.67677E-04
 3.67659E-04
 3.67641E-04
 3.67622E-04
 3.67604E-04
 3.67337E-04
 3.67319E-04
 3.67052E-04
 3.67034E-04
 3.66767E-04
 3.66749E-04
 3.66482E-04
 3.66215E-04
 3.65700E-04
 3.65682E-04
 3.65664E-04
 3.65646E-04
 3.65627E-04
 3.65609E-04
 3.65591E-04
 3.65573E-04
 3.65555E-04
 3.65288E-04
 3.65021E-04
 3.65003E-04
 3.64985E-04
 3.64718E-04
 3.64700E-04
 3.64682E-04
 3.64664E-04
 3.64397E-04
 3.64379E-04
 3.64361E-04
 3.64343E-04
 3.64325E-04
 3.64058E-04
 3.63543E-04
 3.63525E-04
 3.63258E-04
 3.63240E-04
 3.62725E-04
 3.62458E-04
 3.62440E-04
 3.62422E-04
 3.62404E-04
 3.62386E-04
 3.62368E-04
 3.62350E-04
 3.62332E-04
 3.62065E-04
 3.62047E-04
 3.62029E-04
 3.62011E-04
 3.61745E-04
 3.61727E-04
 3.61709E-04
 3.61442E-04
 3.61424E-04
 3.61158E-04
 3.61140E-04
 3.61122E-04
 3.61104E-04
 3.61086E-04
 3.61068E-04
 3.60801E-04
 3.60535E-04
 3.60019E-04
 3.59753E-04
 3.59735E-04
 3.59717E-04
 3.59450E-04
 3.58935E-04
 3.58917E-04
 3.58651E-04
 3.58633E-04
 3.58366E-04
 3.57851E-04
 3.57585E-04
 3.57567E-04
 3.57300E-04
 3.57282E-04
 3.57264E-04
 3.57247E-04
 3.57229E-04
 3.57211E-04
 3.56944E-04
 3.56927E-04
 3.56909E-04
 3.56891E-04
 3.56624E-04
 3.56607E-04
 3.56589E-04
 3.56571E-04
 3.56304E-04
 3.56287E-04
 3.56269E-04
 3.56251E-04
 3.55487E-04
 3.55469E-04
 3.55452E-04
 3.55185E-04
 3.55167E-04
 3.55150E-04
 3.55132E-04
 3.55114E-04
 3.54848E-04
 3.54830E-04
 3.54812E-04
 3.54546E-04
 3.54528E-04
 3.54262E-04
 3.53995E-04
 3.53978E-04
 3.53960E-04
 3.53942E-04
 3.53924E-04
 3.53907E-04
 3.53889E-04
 3.53871E-04
 3.53605E-04
 3.53338E-04
 3.53321E-04
 3.53303E-04
 3.53285E-04
 3.53019E-04
 3.53001E-04
 3.52984E-04
 3.52966E-04
 3.52451E-04
 3.52185E-04
 3.52167E-04
 3.51901E-04
 3.51883E-04
 3.51617E-04
 3.51599E-04
 3.51581E-04
 3.51564E-04
 3.51546E-04
 3.51280E-04
 3.51262E-04
 3.51245E-04
 3.50978E-04
 3.50463E-04
 3.50446E-04
 3.50180E-04
 3.50162E-04
 3.50144E-04
 3.50127E-04
 3.50109E-04
 3.50092E-04
 3.50074E-04
 3.50056E-04
 3.50039E-04
 3.50021E-04
 3.50004E-04
 3.49986E-04
 3.49720E-04
 3.49454E-04
 3.49436E-04
 3.49170E-04
 3.48904E-04
 3.48886E-04
 3.48869E-04
 3.48603E-04
 3.48585E-04
 3.48568E-04
 3.48550E-04
 3.48533E-04
 3.48515E-04
 3.48000E-04
 3.47983E-04
 3.47965E-04
 3.47948E-04
 3.47682E-04
 3.47664E-04
 3.47398E-04
 3.47132E-04
 3.47114E-04
 3.47097E-04
 3.46831E-04
 3.46813E-04
 3.46796E-04
 3.46778E-04
 3.46761E-04
 3.46743E-04
 3.46726E-04
 3.46709E-04
 3.46442E-04
 3.46176E-04
 3.46159E-04
 3.46142E-04
 3.46124E-04
 3.45858E-04
 3.45841E-04
 3.45326E-04
 3.45060E-04
 3.45042E-04
 3.45025E-04
 3.45008E-04
 3.44493E-04
 3.44476E-04
 3.44458E-04
 3.44192E-04
 3.43926E-04
 3.43909E-04
 3.43891E-04
 3.43874E-04
 3.43857E-04
 3.43839E-04
 3.43325E-04
 3.43307E-04
 3.43290E-04
 3.43024E-04
 3.43007E-04
 3.42989E-04
 3.42723E-04
 3.41960E-04
 3.41694E-04
 3.41677E-04
 3.41659E-04
 3.41642E-04
 3.41625E-04
 3.41359E-04
 3.41342E-04
 3.41324E-04
 3.41058E-04
 3.41041E-04
 3.41024E-04
 3.41007E-04
 3.40989E-04
 3.40475E-04
 3.40209E-04
 3.40191E-04
 3.39926E-04
 3.39411E-04
 3.39394E-04
 3.39376E-04
 3.39111E-04
 3.39093E-04
 3.39076E-04
 3.39059E-04
 3.39042E-04
 3.39024E-04
 3.39007E-04
 3.38990E-04
 3.38973E-04
 3.38956E-04
 3.38938E-04
 3.38921E-04
 3.38904E-04
 3.38638E-04
 3.38621E-04
 3.38106E-04
 3.38089E-04
 3.38072E-04
 3.38055E-04
 3.38038E-04
 3.38021E-04
 3.38003E-04
 3.37738E-04
 3.37472E-04
 3.37206E-04
 3.37189E-04
 3.37172E-04
 3.36906E-04
 3.36889E-04
 3.36623E-04
 3.36606E-04
 3.36589E-04
 3.36572E-04
 3.36554E-04
 3.36537E-04
 3.36272E-04
 3.36254E-04
 3.36237E-04
 3.36220E-04
 3.35954E-04
 3.35937E-04
 3.35920E-04
 3.35655E-04
 3.35389E-04
 3.35372E-04
 3.35355E-04
 3.35338E-04
 3.35321E-04
 3.35303E-04
 3.35038E-04
 3.35021E-04
 3.35004E-04
 3.34987E-04
 3.34970E-04
 3.34953E-04
 3.34936E-04
 3.34918E-04
 3.34901E-04
 3.34884E-04
 3.34867E-04
 3.34850E-04
 3.34833E-04
 3.34816E-04
 3.34551E-04
 3.34534E-04
 3.34517E-04
 3.34500E-04
 3.34234E-04
 3.33471E-04
 3.33205E-04
 3.33188E-04
 3.33171E-04
 3.33154E-04
 3.33138E-04
 3.33121E-04
 3.33104E-04
 3.33087E-04
 3.32821E-04
 3.32058E-04
 3.32041E-04
 3.32024E-04
 3.31759E-04
 3.31493E-04
 3.31227E-04
 3.31210E-04
 3.30945E-04
 3.30928E-04
 3.30662E-04
 3.30397E-04
 3.29882E-04
 3.29866E-04
 3.29849E-04
 3.29832E-04
 3.29566E-04
 3.29549E-04
 3.29284E-04
 3.29267E-04
 3.29001E-04
 3.28984E-04
 3.28968E-04
 3.28702E-04
 3.28685E-04
 3.28668E-04
 3.28651E-04
 3.28635E-04
 3.28369E-04
 3.28104E-04
 3.28087E-04
 3.28070E-04
 3.27556E-04
 3.27290E-04
 3.27273E-04
 3.27257E-04
 3.27240E-04
 3.27223E-04
 3.27206E-04
 3.27189E-04
 3.26924E-04
 3.26907E-04
 3.26890E-04
 3.26873E-04
 3.26857E-04
 3.26840E-04
 3.26574E-04
 3.26557E-04
 3.26541E-04
 3.26524E-04
 3.26258E-04
 3.25993E-04
 3.25976E-04
 3.25711E-04
 3.25694E-04
 3.25677E-04
 3.25661E-04
 3.25644E-04
 3.25130E-04
 3.24864E-04
 3.24848E-04
 3.24831E-04
 3.24814E-04
 3.24797E-04
 3.24781E-04
 3.24764E-04
 3.24747E-04
 3.24730E-04
 3.24714E-04
 3.24697E-04
 3.24680E-04
 3.24664E-04
 3.24647E-04
 3.24381E-04
 3.24365E-04
 3.24099E-04
 3.24083E-04
 3.24066E-04
 3.23801E-04
 3.23784E-04
 3.23519E-04
 3.23253E-04
 3.22988E-04
 3.22723E-04
 3.22706E-04
 3.22689E-04
 3.22673E-04
 3.22656E-04
 3.22639E-04
 3.22374E-04
 3.22357E-04
 3.22341E-04
 3.22324E-04
 3.22059E-04
 3.22042E-04
 3.22026E-04
 3.21760E-04
 3.21495E-04
 3.21478E-04
 3.21213E-04
 3.20948E-04
 3.20931E-04
 3.20915E-04
 3.20649E-04
 3.20384E-04
 3.20368E-04
 3.20351E-04
 3.20334E-04
 3.20318E-04
 3.20301E-04
 3.20285E-04
 3.20268E-04
 3.20252E-04
 3.20235E-04
 3.20218E-04
 3.20202E-04
 3.19937E-04
 3.19920E-04
 3.19903E-04
 3.19887E-04
 3.19622E-04
 3.19108E-04
 3.19091E-04
 3.19075E-04
 3.19058E-04
 3.19042E-04
 3.19025E-04
 3.19009E-04
 3.18992E-04
 3.18727E-04
 3.18711E-04
 3.18694E-04
 3.18677E-04
 3.18661E-04
 3.18645E-04
 3.18628E-04
 3.18363E-04
 3.18346E-04
 3.18330E-04
 3.18313E-04
 3.17800E-04
 3.17783E-04
 3.17518E-04
 3.17502E-04
 3.17485E-04
 3.16971E-04
 3.16955E-04
 3.16938E-04
 3.16673E-04
 3.16408E-04
 3.16392E-04
 3.16127E-04
 3.15862E-04
 3.15845E-04
 3.15580E-04
 3.15564E-04
 3.15547E-04
 3.15531E-04
 3.15514E-04
 3.15498E-04
 3.15482E-04
 3.15465E-04
 3.15449E-04
 3.14935E-04
 3.14670E-04
 3.14405E-04
 3.14388E-04
 3.14123E-04
 3.13361E-04
 3.13345E-04
 3.13328E-04
 3.12815E-04
 3.12798E-04
 3.12782E-04
 3.12765E-04
 3.12749E-04
 3.12733E-04
 3.12468E-04
 3.12451E-04
 3.12435E-04
 3.12419E-04
 3.12154E-04
 3.11889E-04
 3.11872E-04
 3.11607E-04
 3.11591E-04
 3.11575E-04
 3.11310E-04
 3.11045E-04
 3.11028E-04
 3.11012E-04
 3.10996E-04
 3.10979E-04
 3.10963E-04
 3.10698E-04
 3.10682E-04
 3.10666E-04
 3.10649E-04
 3.10633E-04
 3.10617E-04
 3.10600E-04
 3.10584E-04
 3.10319E-04
 3.10303E-04
 3.10287E-04
 3.10270E-04
 3.10254E-04
 3.10238E-04
 3.10222E-04
 3.09957E-04
 3.09692E-04
 3.09676E-04
 3.09659E-04
 3.09146E-04
 3.09130E-04
 3.09113E-04
 3.09097E-04
 3.09081E-04
 3.09065E-04
 3.09048E-04
 3.09032E-04
 3.09016E-04
 3.09000E-04
 3.08984E-04
 3.08719E-04
 3.08702E-04
 3.08686E-04
 3.08670E-04
 3.08654E-04
 3.08638E-04
 3.08621E-04
 3.08605E-04
 3.08589E-04
 3.08573E-04
 3.08557E-04
 3.08292E-04
 3.08276E-04
 3.08260E-04
 3.07995E-04
 3.07979E-04
 3.07714E-04
 3.07698E-04
 3.07681E-04
 3.07665E-04
 3.07401E-04
 3.07136E-04
 3.07120E-04
 3.07103E-04
 3.06839E-04
 3.06574E-04
 3.06558E-04
 3.06542E-04
 3.06525E-04
 3.06261E-04
 3.05996E-04
 3.05731E-04
 3.05466E-04
 3.05450E-04
 3.05434E-04
 3.05418E-04
 3.05402E-04
 3.05386E-04
 3.05121E-04
 3.05105E-04
 3.05089E-04
 3.05073E-04
 3.05057E-04
 3.05041E-04
 3.05025E-04
 3.05009E-04
 3.04495E-04
 3.04479E-04
 3.04463E-04
 3.04447E-04
 3.04182E-04
 3.03669E-04
 3.03653E-04
 3.03637E-04
 3.03621E-04
 3.03356E-04
 3.03091E-04
 3.03075E-04
 3.02313E-04
 3.02297E-04
 3.02281E-04
 3.02265E-04
 3.02249E-04
 3.02233E-04
 3.02217E-04
 3.02201E-04
 3.01937E-04
 3.01921E-04
 3.01905E-04
 3.01640E-04
 3.01624E-04
 3.01359E-04
 3.01343E-04
 3.01327E-04
 3.01063E-04
 3.00798E-04
 3.00782E-04
 3.00766E-04
 3.00750E-04
 3.00237E-04
 2.99972E-04
 2.99708E-04
 2.99692E-04
 2.99427E-04
 2.99162E-04
 2.99147E-04
 2.99131E-04
 2.99115E-04
 2.99099E-04
 2.99083E-04
 2.99067E-04
 2.98802E-04
 2.98538E-04
 2.98522E-04
 2.98506E-04
 2.98490E-04
 2.98474E-04
 2.98458E-04
 2.98442E-04
 2.98426E-04
 2.98410E-04
 2.98146E-04
 2.98130E-04
 2.98114E-04
 2.98098E-04
 2.98082E-04
 2.98066E-04
 2.98050E-04
 2.97786E-04
 2.97770E-04
 2.97754E-04
 2.97738E-04
 2.97722E-04
 2.97707E-04
 2.97691E-04
 2.97675E-04
 2.97659E-04
 2.97643E-04
 2.97627E-04
 2.97611E-04
 2.97098E-04
 2.97082E-04
 2.96321E-04
 2.96305E-04
 2.96040E-04
 2.96024E-04
 2.95760E-04
 2.95744E-04
 2.95728E-04
 2.95712E-04
 2.95448E-04
 2.95432E-04
 2.95416E-04
 2.95401E-04
 2.95385E-04
 2.95120E-04
 2.95104E-04
 2.95089E-04
 2.95073E-04
 2.95057E-04
 2.95041E-04
 2.95026E-04
 2.95010E-04
 2.94994E-04
 2.94730E-04
 2.94714E-04
 2.94698E-04
 2.94434E-04
 2.94418E-04
 2.94402E-04
 2.94138E-04
 2.94122E-04
 2.93857E-04
 2.93842E-04
 2.93826E-04
 2.93562E-04
 2.93546E-04
 2.93530E-04
 2.93514E-04
 2.93499E-04
 2.93483E-04
 2.93467E-04
 2.92954E-04
 2.92690E-04
 2.92674E-04
 2.92658E-04
 2.92643E-04
 2.92627E-04
 2.92611E-04
 2.92596E-04
 2.92331E-04
 2.92315E-04
 2.92300E-04
 2.92284E-04
 2.92268E-04
 2.92253E-04
 2.92237E-04
 2.92221E-04
 2.92206E-04
 2.92190E-04
 2.92174E-04
 2.91910E-04
 2.91894E-04
 2.91879E-04
 2.91863E-04
 2.91847E-04
 2.91334E-04
 2.91070E-04
 2.91054E-04
 2.91039E-04
 2.90774E-04
 2.90759E-04
 2.89997E-04
 2.89982E-04
 2.89717E-04
 2.89702E-04
 2.89686E-04
 2.89670E-04
 2.89655E-04
 2.89639E-04
 2.89624E-04
 2.89608E-04
 2.89592E-04
 2.89328E-04
 2.89312E-04
 2.89048E-04
 2.88784E-04
 2.88768E-04
 2.88753E-04
 2.88489E-04
 2.88473E-04
 2.88457E-04
 2.87944E-04
 2.87680E-04
 2.87665E-04
 2.87649E-04
 2.87385E-04
 2.87369E-04
 2.87105E-04
 2.87090E-04
 2.86825E-04
 2.86810E-04
 2.86546E-04
 2.86281E-04
 2.86266E-04
 2.86002E-04
 2.85737E-04
 2.85473E-04
 2.85458E-04
 2.85193E-04
 2.85178E-04
 2.84914E-04
 2.84898E-04
 2.84883E-04
 2.84867E-04
 2.84852E-04
 2.84836E-04
 2.84821E-04
 2.84805E-04
 2.84790E-04
 2.84774E-04
 2.84759E-04
 2.84494E-04
 2.84479E-04
 2.84463E-04
 2.84448E-04
 2.84184E-04
 2.84168E-04
 2.84153E-04
 2.84137E-04
 2.84122E-04
 2.84106E-04
 2.83842E-04
 2.83827E-04
 2.83811E-04
 2.83796E-04
 2.83780E-04
 2.83516E-04
 2.83501E-04
 2.83485E-04
 2.83470E-04
 2.83454E-04
 2.83439E-04
 2.83424E-04
 2.83408E-04
 2.83393E-04
 2.83377E-04
 2.83362E-04
 2.83098E-04
 2.83082E-04
 2.83067E-04
 2.83052E-04
 2.83036E-04
 2.82772E-04
 2.82757E-04
 2.82741E-04
 2.82726E-04
 2.82710E-04
 2.82695E-04
 2.81934E-04
 2.81918E-04
 2.81903E-04
 2.81887E-04
 2.81872E-04
 2.81857E-04
 2.81841E-04
 2.81826E-04
 2.81562E-04
 2.81547E-04
 2.81531E-04
 2.81516E-04
 2.81500E-04
 2.81485E-04
 2.81470E-04
 2.81454E-04
 2.81439E-04
 2.81424E-04
 2.81160E-04
 2.80896E-04
 2.80880E-04
 2.80616E-04
 2.80601E-04
 2.80586E-04
 2.80322E-04
 2.80058E-04
 2.79794E-04
 2.79778E-04
 2.79763E-04
 2.79748E-04
 2.79732E-04
 2.79717E-04
 2.79702E-04
 2.79438E-04
 2.79422E-04
 2.79158E-04
 2.79143E-04
 2.79128E-04
 2.78864E-04
 2.78849E-04
 2.78833E-04
 2.78818E-04
 2.78803E-04
 2.78787E-04
 2.78275E-04
 2.78011E-04
 2.77747E-04
 2.77732E-04
 2.77716E-04
 2.77701E-04
 2.77437E-04
 2.76925E-04
 2.76909E-04
 2.76894E-04
 2.76879E-04
 2.76864E-04
 2.76848E-04
 2.76833E-04
 2.76569E-04
 2.76554E-04
 2.76539E-04
 2.76524E-04
 2.76011E-04
 2.75747E-04
 2.75483E-04
 2.75468E-04
 2.75453E-04
 2.75438E-04
 2.75422E-04
 2.75407E-04
 2.75143E-04
 2.75128E-04
 2.75113E-04
 2.75098E-04
 2.75083E-04
 2.74819E-04
 2.74803E-04
 2.74788E-04
 2.74773E-04
 2.74509E-04
 2.74494E-04
 2.74230E-04
 2.73966E-04
 2.73454E-04
 2.73439E-04
 2.73424E-04
 2.73408E-04
 2.73393E-04
 2.73378E-04
 2.73114E-04
 2.73099E-04
 2.73084E-04
 2.73069E-04
 2.73054E-04
 2.73038E-04
 2.73023E-04
 2.73008E-04
 2.72993E-04
 2.72978E-04
 2.72963E-04
 2.72450E-04
 2.72435E-04
 2.72420E-04
 2.72405E-04
 2.72390E-04
 2.72375E-04
 2.72111E-04
 2.72096E-04
 2.71832E-04
 2.71817E-04
 2.71802E-04
 2.71787E-04
 2.71772E-04
 2.71508E-04
 2.71493E-04
 2.71229E-04
 2.70965E-04
 2.70950E-04
 2.70686E-04
 2.70671E-04
 2.70656E-04
 2.70641E-04
 2.70626E-04
 2.70611E-04
 2.70596E-04
 2.70581E-04
 2.70317E-04
 2.70302E-04
 2.70287E-04
 2.70272E-04
 2.70257E-04
 2.70242E-04
 2.70227E-04
 2.70212E-04
 2.69699E-04
 2.69684E-04
 2.69421E-04
 2.69406E-04
 2.69391E-04
 2.69376E-04
 2.69361E-04
 2.69345E-04
 2.69330E-04
 2.69315E-04
 2.69300E-04
 2.69285E-04
 2.69270E-04
 2.69255E-04
 2.68992E-04
 2.68977E-04
 2.68962E-04
 2.68947E-04
 2.68683E-04
 2.68419E-04
 2.68404E-04
 2.68389E-04
 2.68126E-04
 2.68111E-04
 2.68096E-04
 2.68081E-04
 2.68066E-04
 2.68051E-04
 2.67787E-04
 2.67772E-04
 2.67757E-04
 2.67742E-04
 2.67727E-04
 2.67712E-04
 2.67697E-04
 2.67434E-04
 2.67170E-04
 2.67155E-04
 2.67140E-04
 2.67125E-04
 2.67110E-04
 2.67095E-04
 2.67081E-04
 2.67066E-04
 2.67051E-04
 2.66787E-04
 2.66772E-04
 2.66757E-04
 2.66494E-04
 2.66479E-04
 2.66215E-04
 2.66200E-04
 2.65937E-04
 2.65673E-04
 2.65658E-04
 2.65395E-04
 2.65380E-04
 2.65365E-04
 2.65101E-04
 2.65086E-04
 2.65071E-04
 2.65057E-04
 2.65042E-04
 2.65027E-04
 2.64763E-04
 2.64748E-04
 2.64236E-04
 2.64221E-04
 2.63958E-04
 2.63943E-04
 2.63928E-04
 2.63913E-04
 2.63401E-04
 2.63386E-04
 2.62874E-04
 2.62859E-04
 2.62844E-04
 2.62829E-04
 2.62814E-04
 2.62551E-04
 2.62536E-04
 2.62521E-04
 2.62506E-04
 2.62243E-04
 2.62228E-04
 2.62213E-04
 2.61701E-04
 2.61438E-04
 2.61423E-04
 2.61408E-04
 2.61393E-04
 2.61130E-04
 2.60866E-04
 2.60851E-04
 2.60837E-04
 2.60822E-04
 2.60807E-04
 2.60544E-04
 2.60280E-04
 2.60265E-04
 2.60251E-04
 2.60236E-04
 2.60221E-04
 2.60206E-04
 2.60191E-04
 2.60177E-04
 2.60162E-04
 2.60147E-04
 2.59884E-04
 2.59869E-04
 2.59854E-04
 2.59839E-04
 2.59824E-04
 2.59810E-04
 2.59795E-04
 2.59780E-04
 2.59517E-04
 2.59253E-04
 2.59239E-04
 2.59224E-04
 2.58960E-04
 2.58946E-04
 2.58931E-04
 2.58916E-04
 2.58901E-04
 2.58887E-04
 2.58872E-04
 2.58857E-04
 2.58594E-04
 2.58579E-04
 2.58564E-04
 2.58550E-04
 2.58535E-04
 2.58520E-04
 2.58257E-04
 2.58242E-04
 2.58227E-04
 2.58213E-04
 2.58198E-04
 2.57935E-04
 2.57920E-04
 2.57905E-04
 2.57891E-04
 2.57876E-04
 2.57861E-04
 2.57847E-04
 2.57832E-04
 2.57817E-04
 2.57554E-04
 2.57539E-04
 2.57525E-04
 2.57510E-04
 2.57495E-04
 2.56983E-04
 2.56968E-04
 2.56954E-04
 2.56939E-04
 2.56676E-04
 2.56661E-04
 2.56647E-04
 2.56632E-04
 2.56617E-04
 2.56603E-04
 2.56588E-04
 2.56573E-04
 2.56559E-04
 2.56544E-04
 2.56281E-04
 2.56266E-04
 2.56251E-04
 2.56237E-04
 2.56222E-04
 2.55959E-04
 2.55944E-04
 2.55681E-04
 2.55418E-04
 2.55403E-04
 2.55140E-04
 2.55125E-04
 2.55111E-04
 2.55096E-04
 2.54833E-04
 2.54818E-04
 2.54804E-04
 2.54789E-04
 2.54526E-04
 2.54511E-04
 2.54497E-04
 2.54233E-04
 2.54219E-04
 2.54204E-04
 2.53941E-04
 2.53678E-04
 2.53414E-04
 2.53151E-04
 2.53137E-04
 2.52873E-04
 2.52859E-04
 2.52596E-04
 2.52581E-04
 2.52567E-04
 2.52303E-04
 2.52289E-04
 2.52274E-04
 2.52011E-04
 2.51997E-04
 2.51982E-04
 2.51967E-04
 2.51953E-04
 2.51690E-04
 2.51675E-04
 2.51661E-04
 2.51646E-04
 2.51632E-04
 2.51617E-04
 2.51603E-04
 2.51339E-04
 2.51325E-04
 2.51310E-04
 2.51296E-04
 2.51281E-04
 2.51267E-04
 2.51252E-04
 2.51238E-04
 2.50975E-04
 2.50463E-04
 2.50448E-04
 2.50434E-04
 2.50171E-04
 2.49908E-04
 2.49644E-04
 2.49630E-04
 2.49615E-04
 2.49601E-04
 2.49586E-04
 2.49572E-04
 2.49558E-04
 2.49543E-04
 2.49280E-04
 2.49265E-04
 2.49251E-04
 2.49237E-04
 2.48725E-04
 2.48462E-04
 2.48447E-04
 2.48433E-04
 2.48418E-04
 2.48404E-04
 2.48389E-04
 2.48375E-04
 2.48361E-04
 2.48346E-04
 2.48332E-04
 2.48317E-04
 2.48054E-04
 2.48040E-04
 2.48025E-04
 2.48011E-04
 2.47748E-04
 2.47733E-04
 2.47719E-04
 2.47704E-04
 2.47441E-04
 2.47427E-04
 2.47413E-04
 2.47398E-04
 2.47135E-04
 2.46872E-04
 2.46858E-04
 2.46843E-04
 2.46829E-04
 2.46814E-04
 2.46551E-04
 2.46537E-04
 2.46523E-04
 2.46508E-04
 2.46494E-04
 2.46231E-04
 2.45968E-04
 2.45953E-04
 2.45939E-04
 2.45925E-04
 2.45910E-04
 2.45896E-04
 2.45882E-04
 2.45867E-04
 2.45853E-04
 2.45839E-04
 2.45824E-04
 2.45561E-04
 2.45547E-04
 2.45532E-04
 2.45518E-04
 2.45504E-04
 2.45489E-04
 2.45226E-04
 2.44963E-04
 2.44949E-04
 2.44935E-04
 2.44920E-04
 2.44657E-04
 2.44643E-04
 2.44629E-04
 2.44614E-04
 2.44600E-04
 2.44586E-04
 2.44572E-04
 2.44557E-04
 2.44543E-04
 2.44529E-04
 2.44514E-04
 2.44500E-04
 2.44486E-04
 2.44223E-04
 2.44208E-04
 2.44194E-04
 2.44180E-04
 2.44166E-04
 2.44151E-04
 2.44137E-04
 2.44123E-04
 2.44108E-04
 2.44094E-04
 2.44080E-04
 2.44066E-04
 2.44051E-04
 2.44037E-04
 2.43774E-04
 2.43760E-04
 2.43746E-04
 2.43483E-04
 2.43468E-04
 2.43206E-04
 2.42694E-04
 2.41685E-04
 2.41671E-04
 2.41657E-04
 2.41642E-04
 2.41628E-04
 2.41614E-04
 2.41351E-04
 2.41088E-04
 2.41074E-04
 2.41060E-04
 2.41045E-04
 2.40534E-04
 2.40520E-04
 2.40505E-04
 2.40243E-04
 2.40228E-04
 2.40214E-04
 2.40200E-04
 2.40186E-04
 2.40171E-04
 2.40157E-04
 2.40143E-04
 2.40129E-04
 2.39866E-04
 2.39852E-04
 2.39838E-04
 2.39575E-04
 2.39561E-04
 2.39546E-04
 2.39284E-04
 2.38772E-04
 2.38758E-04
 2.38744E-04
 2.38730E-04
 2.38715E-04
 2.38701E-04
 2.38438E-04
 2.38424E-04
 2.38161E-04
 2.38147E-04
 2.38133E-04
 2.38119E-04
 2.38105E-04
 2.38091E-04
 2.38076E-04
 2.38062E-04
 2.38048E-04
 2.37785E-04
 2.37771E-04
 2.37757E-04
 2.37743E-04
 2.37729E-04
 2.37715E-04
 2.37203E-04
 2.37189E-04
 2.37175E-04
 2.37161E-04
 2.37147E-04
 2.37132E-04
 2.36870E-04
 2.36607E-04
 2.36593E-04
 2.36579E-04
 2.36565E-04
 2.36302E-04
 2.36288E-04
 2.36274E-04
 2.36260E-04
 2.35997E-04
 2.35983E-04
 2.35969E-04
 2.35954E-04
 2.35940E-04
 2.35926E-04
 2.35912E-04
 2.35898E-04
 2.35884E-04
 2.35870E-04
 2.35856E-04
 2.35842E-04
 2.35828E-04
 2.35814E-04
 2.35551E-04
 2.35288E-04
 2.35274E-04
 2.35260E-04
 2.35246E-04
 2.35232E-04
 2.34969E-04
 2.34706E-04
 2.34692E-04
 2.34430E-04
 2.34416E-04
 2.34402E-04
 2.34388E-04
 2.34374E-04
 2.34359E-04
 2.34345E-04
 2.34331E-04
 2.34317E-04
 2.34055E-04
 2.34041E-04
 2.34027E-04
 2.34013E-04
 2.33999E-04
 2.33985E-04
 2.33971E-04
 2.33708E-04
 2.33694E-04
 2.33680E-04
 2.33666E-04
 2.33652E-04
 2.33638E-04
 2.33624E-04
 2.33610E-04
 2.33596E-04
 2.33582E-04
 2.33568E-04
 2.33554E-04
 2.33540E-04
 2.33277E-04
 2.32766E-04
 2.32752E-04
 2.32738E-04
 2.32724E-04
 2.32710E-04
 2.32696E-04
 2.32682E-04
 2.32668E-04
 2.32654E-04
 2.32640E-04
 2.32626E-04
 2.32612E-04
 2.32598E-04
 2.32584E-04
 2.32570E-04
 2.32556E-04
 2.32294E-04
 2.32280E-04
 2.32017E-04
 2.31009E-04
 2.30995E-04
 2.30732E-04
 2.30718E-04
 2.30704E-04
 2.30442E-04
 2.30428E-04
 2.30414E-04
 2.30400E-04
 2.30386E-04
 2.30372E-04
 2.30358E-04
 2.30095E-04
 2.29833E-04
 2.29819E-04
 2.29805E-04
 2.29791E-04
 2.29777E-04
 2.29266E-04
 2.29252E-04
 2.29238E-04
 2.29224E-04
 2.29210E-04
 2.29196E-04
 2.28934E-04
 2.28920E-04
 2.28906E-04
 2.28892E-04
 2.28630E-04
 2.28616E-04
 2.28353E-04
 2.28091E-04
 2.28077E-04
 2.28063E-04
 2.28049E-04
 2.28035E-04
 2.28021E-04
 2.27759E-04
 2.27248E-04
 2.27234E-04
 2.26971E-04
 2.26709E-04
 2.26695E-04
 2.26681E-04
 2.26667E-04
 2.26653E-04
 2.26639E-04
 2.26626E-04
 2.26612E-04
 2.26598E-04
 2.26584E-04
 2.26570E-04
 2.26556E-04
 2.26543E-04
 2.26529E-04
 2.26515E-04
 2.26501E-04
 2.26487E-04
 2.26473E-04
 2.26460E-04
 2.26197E-04
 2.26183E-04
 2.26169E-04
 2.26156E-04
 2.25893E-04
 2.25879E-04
 2.25866E-04
 2.25852E-04
 2.25838E-04
 2.25824E-04
 2.25810E-04
 2.25797E-04
 2.25534E-04
 2.25520E-04
 2.25507E-04
 2.25244E-04
 2.25230E-04
 2.24968E-04
 2.24954E-04
 2.24692E-04
 2.24678E-04
 2.24664E-04
 2.24402E-04
 2.24388E-04
 2.24374E-04
 2.24360E-04
 2.24347E-04
 2.24333E-04
 2.24319E-04
 2.24305E-04
 2.24291E-04
 2.24278E-04
 2.24264E-04
 2.24002E-04
 2.23988E-04
 2.23974E-04
 2.23960E-04
 2.23947E-04
 2.23684E-04
 2.23422E-04
 2.23159E-04
 2.23146E-04
 2.23132E-04
 2.23118E-04
 2.23104E-04
 2.23091E-04
 2.23077E-04
 2.23063E-04
 2.22801E-04
 2.22787E-04
 2.22773E-04
 2.22760E-04
 2.22746E-04
 2.22732E-04
 2.22719E-04
 2.22705E-04
 2.22691E-04
 2.22677E-04
 2.22664E-04
 2.22650E-04
 2.22636E-04
 2.22623E-04
 2.22609E-04
 2.22595E-04
 2.22582E-04
 2.22568E-04
 2.22057E-04
 2.22043E-04
 2.22030E-04
 2.22016E-04
 2.22002E-04
 2.21740E-04
 2.21726E-04
 2.21712E-04
 2.21699E-04
 2.21436E-04
 2.21423E-04
 2.21409E-04
 2.21395E-04
 2.21133E-04
 2.21119E-04
 2.20857E-04
 2.20595E-04
 2.20581E-04
 2.20568E-04
 2.20305E-04
 2.19794E-04
 2.19781E-04
 2.19767E-04
 2.19753E-04
 2.19740E-04
 2.19726E-04
 2.19713E-04
 2.19202E-04
 2.19188E-04
 2.18926E-04
 2.18912E-04
 2.18898E-04
 2.18885E-04
 2.18871E-04
 2.18858E-04
 2.18844E-04
 2.18830E-04
 2.18817E-04
 2.18803E-04
 2.18790E-04
 2.18776E-04
 2.18514E-04
 2.18500E-04
 2.18486E-04
 2.18224E-04
 2.18211E-04
 2.18197E-04
 2.17935E-04
 2.17673E-04
 2.17659E-04
 2.17645E-04
 2.17632E-04
 2.17618E-04
 2.17356E-04
 2.17342E-04
 2.17329E-04
 2.17315E-04
 2.17302E-04
 2.17288E-04
 2.17026E-04
 2.17012E-04
 2.16501E-04
 2.16488E-04
 2.16474E-04
 2.16212E-04
 2.16199E-04
 2.16185E-04
 2.16171E-04
 2.16158E-04
 2.16144E-04
 2.16131E-04
 2.16117E-04
 2.15855E-04
 2.15841E-04
 2.15828E-04
 2.15566E-04
 2.15552E-04
 2.15290E-04
 2.15276E-04
 2.15263E-04
 2.15249E-04
 2.15236E-04
 2.15222E-04
 2.15209E-04
 2.15195E-04
 2.15182E-04
 2.15168E-04
 2.15155E-04
 2.15141E-04
 2.15128E-04
 2.14617E-04
 2.14603E-04
 2.14590E-04
 2.14328E-04
 2.14314E-04
 2.14301E-04
 2.14039E-04
 2.14025E-04
 2.13514E-04
 2.13501E-04
 2.13487E-04
 2.13474E-04
 2.13460E-04
 2.13447E-04
 2.13433E-04
 2.13420E-04
 2.13407E-04
 2.13393E-04
 2.13380E-04
 2.13366E-04
 2.13353E-04
 2.13339E-04
 2.13326E-04
 2.13312E-04
 2.13299E-04
 2.13037E-04
 2.13023E-04
 2.12761E-04
 2.12748E-04
 2.12734E-04
 2.12721E-04
 2.12707E-04
 2.12694E-04
 2.12680E-04
 2.12667E-04
 2.12654E-04
 2.12640E-04
 2.12627E-04
 2.12613E-04
 2.12600E-04
 2.12338E-04
 2.12324E-04
 2.12311E-04
 2.12297E-04
 2.12284E-04
 2.12271E-04
 2.12257E-04
 2.12244E-04
 2.12230E-04
 2.12217E-04
 2.12204E-04
 2.12190E-04
 2.12177E-04
 2.12163E-04
 2.12150E-04
 2.12137E-04
 2.11875E-04
 2.11861E-04
 2.11848E-04
 2.11834E-04
 2.11821E-04
 2.11808E-04
 2.11794E-04
 2.11781E-04
 2.11767E-04
 2.11505E-04
 2.11243E-04
 2.10981E-04
 2.10719E-04
 2.10706E-04
 2.10693E-04
 2.10679E-04
 2.10666E-04
 2.10404E-04
 2.10390E-04
 2.10377E-04
 2.10115E-04
 2.09604E-04
 2.09342E-04
 2.09329E-04
 2.09316E-04
 2.09302E-04
 2.09289E-04
 2.09027E-04
 2.09014E-04
 2.08752E-04
 2.08490E-04
 2.08476E-04
 2.08463E-04
 2.08201E-04
 2.07939E-04
 2.07926E-04
 2.07912E-04
 2.07650E-04
 2.07637E-04
 2.07375E-04
 2.07362E-04
 2.07348E-04
 2.07335E-04
 2.07322E-04
 2.07060E-04
 2.06798E-04
 2.06785E-04
 2.06523E-04
 2.06509E-04
 2.06496E-04
 2.06483E-04
 2.06469E-04
 2.06456E-04
 2.06443E-04
 2.06429E-04
 2.06416E-04
 2.06403E-04
 2.06141E-04
 2.06128E-04
 2.06114E-04
 2.06101E-04
 2.06088E-04
 2.06075E-04
 2.06061E-04
 2.06048E-04
 2.06035E-04
 2.06021E-04
 2.06008E-04
 2.05995E-04
 2.05982E-04
 2.05968E-04
 2.05955E-04
 2.05445E-04
 2.05431E-04
 2.05418E-04
 2.05405E-04
 2.05392E-04
 2.05378E-04
 2.05365E-04
 2.05352E-04
 2.05339E-04
 2.05325E-04
 2.05312E-04
 2.05050E-04
 2.05037E-04
 2.05024E-04
 2.05010E-04
 2.04997E-04
 2.04984E-04
 2.04971E-04
 2.04958E-04
 2.04696E-04
 2.04682E-04
 2.04669E-04
 2.04656E-04
 2.04643E-04
 2.04630E-04
 2.04616E-04
 2.04603E-04
 2.04590E-04
 2.04328E-04
 2.04315E-04
 2.04302E-04
 2.04289E-04
 2.04275E-04
 2.03765E-04
 2.03752E-04
 2.03490E-04
 2.03228E-04
 2.03215E-04
 2.03202E-04
 2.02940E-04
 2.02927E-04
 2.02665E-04
 2.02651E-04
 2.02638E-04
 2.02625E-04
 2.02612E-04
 2.02599E-04
 2.02586E-04
 2.02572E-04
 2.02559E-04
 2.02546E-04
 2.02036E-04
 2.02022E-04
 2.02009E-04
 2.01996E-04
 2.01983E-04
 2.01970E-04
 2.01957E-04
 2.01944E-04
 2.01930E-04
 2.01917E-04
 2.01904E-04
 2.01891E-04
 2.01878E-04
 2.01865E-04
 2.01852E-04
 2.01838E-04
 2.01577E-04
 2.01563E-04
 2.01550E-04
 2.01537E-04
 2.01524E-04
 2.01511E-04
 2.01249E-04
 2.01236E-04
 2.00974E-04
 2.00961E-04
 2.00948E-04
 2.00935E-04
 2.00922E-04
 2.00660E-04
 2.00647E-04
 2.00634E-04
 2.00372E-04
 2.00359E-04
 2.00346E-04
 2.00333E-04
 2.00320E-04
 2.00307E-04
 2.00294E-04
 2.00280E-04
 2.00267E-04
 2.00006E-04
 1.99993E-04
 1.99979E-04
 1.99718E-04
 1.99456E-04
 1.99443E-04
 1.99181E-04
 1.99168E-04
 1.99155E-04
 1.98893E-04
 1.98880E-04
 1.98867E-04
 1.98854E-04
 1.98841E-04
 1.98828E-04
 1.98815E-04
 1.98553E-04
 1.98540E-04
 1.98278E-04
 1.98265E-04
 1.98252E-04
 1.98239E-04
 1.98226E-04
 1.98213E-04
 1.98200E-04
 1.97938E-04
 1.97925E-04
 1.97912E-04
 1.97899E-04
 1.97886E-04
 1.97873E-04
 1.97860E-04
 1.97847E-04
 1.97586E-04
 1.97573E-04
 1.97559E-04
 1.97298E-04
 1.97036E-04
 1.96526E-04
 1.96513E-04
 1.96500E-04
 1.96238E-04
 1.96225E-04
 1.96212E-04
 1.96199E-04
 1.96186E-04
 1.96173E-04
 1.96160E-04
 1.96147E-04
 1.95637E-04
 1.95624E-04
 1.95362E-04
 1.95349E-04
 1.95336E-04
 1.95323E-04
 1.95061E-04
 1.95048E-04
 1.95036E-04
 1.95023E-04
 1.95010E-04
 1.94997E-04
 1.94984E-04
 1.94971E-04
 1.94958E-04
 1.94945E-04
 1.94932E-04
 1.94919E-04
 1.94657E-04
 1.94644E-04
 1.94383E-04
 1.94121E-04
 1.94108E-04
 1.94095E-04
 1.94082E-04
 1.94069E-04
 1.94056E-04
 1.94043E-04
 1.94030E-04
 1.94017E-04
 1.94004E-04
 1.93991E-04
 1.93978E-04
 1.93966E-04
 1.93953E-04
 1.93940E-04
 1.93927E-04
 1.93914E-04
 1.93901E-04
 1.93888E-04
 1.93875E-04
 1.93613E-04
 1.93601E-04
 1.93588E-04
 1.93077E-04
 1.93064E-04
 1.93052E-04
 1.93039E-04
 1.93026E-04
 1.93013E-04
 1.93000E-04
 1.92987E-04
 1.92974E-04
 1.92961E-04
 1.92948E-04
 1.92687E-04
 1.92674E-04
 1.92661E-04
 1.92648E-04
 1.92635E-04
 1.92622E-04
 1.92609E-04
 1.92597E-04
 1.92584E-04
 1.92571E-04
 1.92558E-04
 1.92545E-04
 1.92532E-04
 1.92519E-04
 1.92506E-04
 1.92493E-04
 1.92481E-04
 1.92468E-04
 1.92455E-04
 1.92442E-04
 1.92429E-04
 1.92416E-04
 1.92403E-04
 1.92391E-04
 1.92378E-04
 1.91868E-04
 1.91855E-04
 1.91842E-04
 1.91829E-04
 1.91568E-04
 1.91555E-04
 1.91542E-04
 1.91529E-04
 1.91516E-04
 1.91255E-04
 1.90993E-04
 1.90980E-04
 1.90470E-04
 1.90209E-04
 1.90196E-04
 1.90183E-04
 1.90170E-04
 1.90157E-04
 1.90145E-04
 1.90132E-04
 1.90119E-04
 1.89857E-04
 1.89596E-04
 1.89583E-04
 1.89322E-04
 1.89309E-04
 1.89296E-04
 1.89283E-04
 1.88773E-04
 1.88512E-04
 1.88499E-04
 1.88486E-04
 1.88473E-04
 1.88460E-04
 1.88199E-04
 1.88186E-04
 1.88173E-04
 1.87912E-04
 1.87899E-04
 1.87886E-04
 1.87874E-04
 1.87861E-04
 1.87599E-04
 1.87338E-04
 1.87325E-04
 1.87312E-04
 1.87300E-04
 1.87287E-04
 1.87274E-04
 1.87261E-04
 1.87249E-04
 1.87236E-04
 1.86974E-04
 1.86962E-04
 1.86949E-04
 1.86936E-04
 1.86923E-04
 1.86911E-04
 1.86898E-04
 1.86885E-04
 1.86872E-04
 1.86860E-04
 1.86847E-04
 1.86834E-04
 1.86821E-04
 1.86809E-04
 1.86796E-04
 1.86286E-04
 1.86273E-04
 1.86260E-04
 1.86248E-04
 1.86235E-04
 1.86222E-04
 1.86210E-04
 1.86197E-04
 1.86184E-04
 1.86171E-04
 1.85910E-04
 1.85897E-04
 1.85885E-04
 1.85872E-04
 1.85859E-04
 1.85598E-04
 1.85585E-04
 1.85572E-04
 1.85560E-04
 1.85547E-04
 1.85534E-04
 1.85522E-04
 1.85509E-04
 1.85496E-04
 1.85483E-04
 1.85471E-04
 1.85209E-04
 1.85197E-04
 1.85184E-04
 1.85171E-04
 1.85159E-04
 1.84897E-04
 1.84885E-04
 1.84623E-04
 1.84362E-04
 1.84349E-04
 1.84337E-04
 1.84075E-04
 1.84063E-04
 1.84050E-04
 1.84037E-04
 1.84025E-04
 1.84012E-04
 1.83999E-04
 1.83987E-04
 1.83974E-04
 1.83713E-04
 1.83700E-04
 1.83687E-04
 1.83426E-04
 1.83165E-04
 1.83152E-04
 1.83139E-04
 1.83127E-04
 1.83114E-04
 1.83101E-04
 1.83089E-04
 1.83076E-04
 1.83064E-04
 1.83051E-04
 1.83038E-04
 1.83026E-04
 1.83013E-04
 1.83000E-04
 1.82988E-04
 1.82975E-04
 1.82963E-04
 1.82950E-04
 1.82689E-04
 1.82676E-04
 1.82663E-04
 1.82651E-04
 1.82638E-04
 1.82626E-04
 1.82613E-04
 1.82103E-04
 1.82090E-04
 1.82078E-04
 1.81817E-04
 1.81804E-04
 1.81543E-04
 1.81530E-04
 1.81518E-04
 1.81505E-04
 1.81492E-04
 1.81480E-04
 1.81467E-04
 1.81455E-04
 1.81442E-04
 1.81181E-04
 1.81168E-04
 1.81156E-04
 1.81143E-04
 1.81130E-04
 1.81118E-04
 1.81105E-04
 1.81093E-04
 1.81080E-04
 1.81068E-04
 1.81055E-04
 1.81042E-04
 1.81030E-04
 1.80769E-04
 1.80507E-04
 1.80495E-04
 1.80482E-04
 1.80470E-04
 1.80457E-04
 1.80196E-04
 1.80183E-04
 1.79922E-04
 1.79910E-04
 1.79897E-04
 1.79885E-04
 1.79872E-04
 1.79860E-04
 1.79598E-04
 1.79586E-04
 1.79573E-04
 1.79561E-04
 1.79300E-04
 1.79038E-04
 1.78777E-04
 1.78765E-04
 1.78752E-04
 1.78491E-04
 1.78478E-04
 1.78217E-04
 1.78205E-04
 1.77944E-04
 1.77931E-04
 1.77919E-04
 1.77906E-04
 1.77894E-04
 1.77632E-04
 1.77620E-04
 1.77607E-04
 1.77595E-04
 1.77582E-04
 1.77570E-04
 1.77557E-04
 1.77545E-04
 1.77532E-04
 1.77520E-04
 1.77507E-04
 1.77495E-04
 1.77234E-04
 1.77221E-04
 1.77209E-04
 1.76948E-04
 1.76935E-04
 1.76923E-04
 1.76910E-04
 1.76898E-04
 1.76885E-04
 1.76873E-04
 1.76860E-04
