 0.00000E+00
 1.90112E-08
 3.14726E-08
 4.75533E-08
 6.16027E-08
 7.49534E-08
 8.75599E-08
 9.96459E-08
 1.11366E-07
 1.22823E-07
 1.34089E-07
 1.45214E-07
 1.56231E-07
 1.67166E-07
 1.78036E-07
 1.88853E-07
 1.99627E-07
 2.10363E-07
 2.21066E-07
 2.31740E-07
 2.42386E-07
 2.53007E-07
 2.63605E-07
 2.74180E-07
 2.84733E-07
 2.95266E-07
 3.05779E-07
 3.16273E-07
 3.26749E-07
 3.37206E-07
 3.47645E-07
 3.58067E-07
 3.68473E-07
 3.78862E-07
 3.89235E-07
 3.99592E-07
 4.09933E-07
 4.20260E-07
 4.30572E-07
 4.40870E-07
 4.51153E-07
 4.61422E-07
 4.71678E-07
 4.81921E-07
 4.92150E-07
 5.02367E-07
 5.12571E-07
 5.22763E-07
 5.32943E-07
 5.43110E-07
 5.53266E-07
 5.63411E-07
 5.73544E-07
 5.83667E-07
 5.93778E-07
 6.03879E-07
 6.13969E-07
 6.24049E-07
 6.34118E-07
 6.44178E-07
 6.54228E-07
 6.64268E-07
 6.74299E-07
 6.84320E-07
 6.94332E-07
 7.04335E-07
 7.14329E-07
 7.24315E-07
 7.34291E-07
 7.44259E-07
 7.54219E-07
 7.64170E-07
 7.74113E-07
 7.84049E-07
 7.93976E-07
 8.03895E-07
 8.13807E-07
 8.23711E-07
 8.33607E-07
 8.43496E-07
 8.53378E-07
 8.63253E-07
 8.73120E-07
 8.82981E-07
 8.92834E-07
 9.02681E-07
 9.12521E-07
 9.22354E-07
 9.32180E-07
 9.42000E-07
 9.51814E-07
 9.61621E-07
 9.71422E-07
 9.81217E-07
 9.91006E-07
 1.00079E-06
 1.01056E-06
 1.02034E-06
 1.03010E-06
 1.03986E-06
 1.04961E-06
 1.05936E-06
 1.06910E-06
 1.07884E-06
 1.08857E-06
 1.09830E-06
 1.10802E-06
 1.11773E-06
 1.12744E-06
 1.13714E-06
 1.14684E-06
 1.15654E-06
 1.16623E-06
 1.17591E-06
 1.18559E-06
 1.19527E-06
 1.20493E-06
 1.21460E-06
 1.22426E-06
 1.23391E-06
 1.24357E-06
 1.25321E-06
 1.26285E-06
 1.27249E-06
 1.28212E-06
 1.29175E-06
 1.30137E-06
 1.31099E-06
 1.32061E-06
 1.33022E-06
 1.33982E-06
 1.34943E-06
 1.35902E-06
 1.36862E-06
 1.37821E-06
 1.38779E-06
 1.39738E-06
 1.40695E-06
 1.41653E-06
 1.42610E-06
 1.43566E-06
 1.44522E-06
 2.65451E-06
 2.66407E-06
 2.67362E-06
 2.68316E-06
 2.69271E-06
 2.70225E-06
 2.71178E-06
 2.72131E-06
 2.73084E-06
 2.74037E-06
 2.74989E-06
 2.75941E-06
 2.76892E-06
 3.37835E-06
 3.38786E-06
 3.99730E-06
 4.00680E-06
 4.01630E-06
 4.02580E-06
 4.03529E-06
 4.04477E-06
 4.05426E-06
 4.06374E-06
 4.07322E-06
 4.08269E-06
 4.09216E-06
 4.10163E-06
 4.11109E-06
 4.12056E-06
 4.13002E-06
 4.13947E-06
 4.44891E-06
 4.45836E-06
 4.46780E-06
 4.47725E-06
 4.48669E-06
 4.49613E-06
 4.50556E-06
 4.51499E-06
 4.52442E-06
 4.53385E-06
 4.54327E-06
 4.55269E-06
 4.56211E-06
 4.57152E-06
 4.58094E-06
 4.59035E-06
 4.59975E-06
 4.60916E-06
 4.61856E-06
 4.62796E-06
 4.63735E-06
 4.64675E-06
 4.65614E-06
 4.66553E-06
 4.67491E-06
 4.68429E-06
 4.99366E-06
 5.00304E-06
 5.01241E-06
 5.32176E-06
 5.33113E-06
 5.64049E-06
 5.64986E-06
 5.65922E-06
 5.96856E-06
 5.97792E-06
 5.98728E-06
 5.99663E-06
 6.00598E-06
 6.01533E-06
 6.02468E-06
 6.03402E-06
 6.04336E-06
 6.05270E-06
 6.06204E-06
 6.37137E-06
 6.38070E-06
 6.69002E-06
 6.69935E-06
 6.70867E-06
 6.71800E-06
 6.72732E-06
 6.73664E-06
 6.74595E-06
 6.75527E-06
 6.76458E-06
 6.77389E-06
 6.78320E-06
 6.79250E-06
 6.80181E-06
 6.81111E-06
 6.82041E-06
 6.82970E-06
 6.83900E-06
 6.84829E-06
 6.85758E-06
 6.86687E-06
 6.87616E-06
 6.88544E-06
 6.89472E-06
 6.90400E-06
 6.91328E-06
 6.92256E-06
 6.93183E-06
 6.94111E-06
 6.95038E-06
 6.95965E-06
 7.26892E-06
 7.27818E-06
 7.28744E-06
 7.29671E-06
 7.30596E-06
 7.31522E-06
 7.32448E-06
 7.33373E-06
 7.34298E-06
 7.35223E-06
 7.36148E-06
 7.37072E-06
 7.37997E-06
 7.68921E-06
 7.69845E-06
 7.70769E-06
 7.71693E-06
 7.72616E-06
 8.33539E-06
 8.34462E-06
 8.35385E-06
 8.36308E-06
 8.37231E-06
 8.38153E-06
 8.69075E-06
 8.69997E-06
 8.70919E-06
 8.71841E-06
 8.72762E-06
 8.73684E-06
 9.04606E-06
 9.05527E-06
 9.06448E-06
 9.07368E-06
 9.08289E-06
 9.39210E-06
 9.40130E-06
 9.41050E-06
 9.41970E-06
 9.42890E-06
 9.43809E-06
 9.44729E-06
 9.45648E-06
 9.46567E-06
 9.47486E-06
 9.48405E-06
 9.49323E-06
 9.50242E-06
 9.51160E-06
 9.52078E-06
 9.52996E-06
 9.53914E-06
 9.84833E-06
 9.85750E-06
 9.86668E-06
 1.01759E-05
 1.01850E-05
 1.01942E-05
 1.02034E-05
 1.02125E-05
 1.02217E-05
 1.02309E-05
 1.02400E-05
 1.02492E-05
 1.02583E-05
 1.02675E-05
 1.02767E-05
 1.02858E-05
 1.02950E-05
 1.03041E-05
 1.03133E-05
 1.03224E-05
 1.03316E-05
 1.03407E-05
 1.03498E-05
 1.03590E-05
 1.03681E-05
 1.03773E-05
 1.03864E-05
 1.03955E-05
 1.04047E-05
 1.04138E-05
 1.04229E-05
 1.07321E-05
 1.07412E-05
 1.07504E-05
 1.07595E-05
 1.07686E-05
 1.07777E-05
 1.10869E-05
 1.10960E-05
 1.14051E-05
 1.17143E-05
 1.17234E-05
 1.17325E-05
 1.17416E-05
 1.17507E-05
 1.17598E-05
 1.20690E-05
 1.20781E-05
 1.23872E-05
 1.23963E-05
 1.24054E-05
 1.24145E-05
 1.24236E-05
 1.24327E-05
 1.24418E-05
 1.24509E-05
 1.27600E-05
 1.27691E-05
 1.27782E-05
 1.27873E-05
 1.27964E-05
 1.28055E-05
 1.28146E-05
 1.28237E-05
 1.28328E-05
 1.31419E-05
 1.31510E-05
 1.31601E-05
 1.31691E-05
 1.31782E-05
 1.31873E-05
 1.31964E-05
 1.35055E-05
 1.35146E-05
 1.35236E-05
 1.35327E-05
 1.35418E-05
 1.35509E-05
 1.35599E-05
 1.35690E-05
 1.35781E-05
 1.35871E-05
 1.35962E-05
 1.36053E-05
 1.36143E-05
 1.36234E-05
 1.36325E-05
 1.36415E-05
 1.36506E-05
 1.36596E-05
 1.36687E-05
 1.36778E-05
 1.36868E-05
 1.39959E-05
 1.40050E-05
 1.40140E-05
 1.40231E-05
 1.40321E-05
 1.43412E-05
 1.43502E-05
 1.43593E-05
 1.43683E-05
 1.43774E-05
 1.43864E-05
 1.43955E-05
 1.44045E-05
 1.44135E-05
 1.44226E-05
 1.47316E-05
 1.47407E-05
 1.47497E-05
 1.47588E-05
 1.47678E-05
 1.50768E-05
 1.50859E-05
 1.50949E-05
 1.51039E-05
 1.51130E-05
 1.51220E-05
 1.51310E-05
 1.54401E-05
 1.54491E-05
 1.54581E-05
 1.57672E-05
 1.57762E-05
 1.57852E-05
 1.60942E-05
 1.61033E-05
 1.61123E-05
 1.61213E-05
 1.61303E-05
 1.61393E-05
 1.61483E-05
 1.61574E-05
 1.61664E-05
 1.64754E-05
 1.64844E-05
 1.64934E-05
 1.71025E-05
 1.71115E-05
 1.71205E-05
 1.71295E-05
 1.71385E-05
 1.71475E-05
 1.71565E-05
 1.71655E-05
 1.71745E-05
 1.71835E-05
 1.71925E-05
 1.72015E-05
 1.75105E-05
 1.75195E-05
 1.75285E-05
 1.75375E-05
 1.75465E-05
 1.75555E-05
 1.75645E-05
 1.75735E-05
 1.75825E-05
 1.75915E-05
 1.76005E-05
 1.79095E-05
 1.79185E-05
 1.79275E-05
 1.79364E-05
 1.79454E-05
 1.79544E-05
 1.79634E-05
 1.79724E-05
 1.79813E-05
 1.79903E-05
 1.82993E-05
 1.83083E-05
 1.83173E-05
 1.83263E-05
 1.83352E-05
 1.83442E-05
 1.83532E-05
 1.83621E-05
 1.83711E-05
 1.83801E-05
 1.83891E-05
 1.83980E-05
 1.84070E-05
 1.84160E-05
 1.84249E-05
 1.84339E-05
 1.84428E-05
 1.87518E-05
 1.87608E-05
 1.87698E-05
 1.87787E-05
 1.87877E-05
 1.87966E-05
 1.91056E-05
 1.94146E-05
 1.94236E-05
 1.94325E-05
 1.94415E-05
 1.94504E-05
 1.94594E-05
 1.97684E-05
 1.97773E-05
 2.00863E-05
 2.00953E-05
 2.01042E-05
 2.04132E-05
 2.04221E-05
 2.04311E-05
 2.04400E-05
 2.04490E-05
 2.07579E-05
 2.07669E-05
 2.07758E-05
 2.07848E-05
 2.07937E-05
 2.08027E-05
 2.11116E-05
 2.11206E-05
 2.11295E-05
 2.14385E-05
 2.14474E-05
 2.14563E-05
 2.14653E-05
 2.14742E-05
 2.14831E-05
 2.14921E-05
 2.15010E-05
 2.15099E-05
 2.15189E-05
 2.15278E-05
 2.15367E-05
 2.15456E-05
 2.15546E-05
 2.18635E-05
 2.18725E-05
 2.18814E-05
 2.21903E-05
 2.21993E-05
 2.22082E-05
 2.22171E-05
 2.22260E-05
 2.22349E-05
 2.22439E-05
 2.22528E-05
 2.25617E-05
 2.25707E-05
 2.25796E-05
 2.25885E-05
 2.25974E-05
 2.26063E-05
 2.26152E-05
 2.29242E-05
 2.29331E-05
 2.29420E-05
 2.29509E-05
 2.29598E-05
 2.29687E-05
 2.29776E-05
 2.29865E-05
 2.29955E-05
 2.30044E-05
 2.30133E-05
 2.30222E-05
 2.33311E-05
 2.33400E-05
 2.33489E-05
 2.33578E-05
 2.33667E-05
 2.33756E-05
 2.33845E-05
 2.33934E-05
 2.34023E-05
 2.34112E-05
 2.37201E-05
 2.37290E-05
 2.37379E-05
 2.40469E-05
 2.40558E-05
 2.43647E-05
 2.43736E-05
 2.43825E-05
 2.43914E-05
 2.44003E-05
 2.44092E-05
 2.44180E-05
 2.44269E-05
 2.44358E-05
 2.47447E-05
 2.47536E-05
 2.47625E-05
 2.47714E-05
 2.47803E-05
 2.47892E-05
 2.47980E-05
 2.48069E-05
 2.48158E-05
 2.51247E-05
 2.51336E-05
 2.51425E-05
 2.51514E-05
 2.54603E-05
 2.57692E-05
 2.57781E-05
 2.60870E-05
 2.60959E-05
 2.61048E-05
 2.61136E-05
 2.61225E-05
 2.61314E-05
 2.61402E-05
 2.64492E-05
 2.67581E-05
 2.67669E-05
 2.67758E-05
 2.67847E-05
 2.67936E-05
 2.68024E-05
 2.68113E-05
 2.71202E-05
 2.71291E-05
 2.71379E-05
 2.71468E-05
 2.74557E-05
 2.74646E-05
 2.74734E-05
 2.74823E-05
 2.74912E-05
 2.75000E-05
 2.75089E-05
 2.75177E-05
 2.75266E-05
 2.75354E-05
 2.75443E-05
 2.75532E-05
 2.75620E-05
 2.75709E-05
 2.75797E-05
 2.75886E-05
 2.78975E-05
 2.79063E-05
 2.79152E-05
 2.79240E-05
 2.82329E-05
 2.82418E-05
 2.82506E-05
 2.82595E-05
 2.82683E-05
 2.82772E-05
 2.82860E-05
 2.82949E-05
 2.83037E-05
 2.83126E-05
 2.83214E-05
 2.83303E-05
 2.83391E-05
 2.83479E-05
 2.83568E-05
 2.83656E-05
 2.86745E-05
 2.86834E-05
 2.86922E-05
 2.90011E-05
 2.93100E-05
 2.93188E-05
 2.93277E-05
 2.93365E-05
 2.93453E-05
 2.96542E-05
 2.96631E-05
 2.96719E-05
 2.96807E-05
 2.96896E-05
 2.96984E-05
 2.97072E-05
 2.97161E-05
 3.00249E-05
 3.03338E-05
 3.03427E-05
 3.03515E-05
 3.03603E-05
 3.03691E-05
 3.03780E-05
 3.03868E-05
 3.03956E-05
 3.04045E-05
 3.04133E-05
 3.04221E-05
 3.04309E-05
 3.07398E-05
 3.07486E-05
 3.10575E-05
 3.13664E-05
 3.13752E-05
 3.13840E-05
 3.13928E-05
 3.14017E-05
 3.17105E-05
 3.17193E-05
 3.17282E-05
 3.17370E-05
 3.17458E-05
 3.17546E-05
 3.17634E-05
 3.17722E-05
 3.17811E-05
 3.23900E-05
 3.23988E-05
 3.24076E-05
 3.24164E-05
 3.24252E-05
 3.24340E-05
 3.24429E-05
 3.24517E-05
 3.24605E-05
 3.24693E-05
 3.24781E-05
 3.27870E-05
 3.27958E-05
 3.28046E-05
 3.28134E-05
 3.31222E-05
 3.31310E-05
 3.31399E-05
 3.31487E-05
 3.31575E-05
 3.31663E-05
 3.31751E-05
 3.34839E-05
 3.34927E-05
 3.38016E-05
 3.38104E-05
 3.38192E-05
 3.41281E-05
 3.41369E-05
 3.41457E-05
 3.41545E-05
 3.41633E-05
 3.41720E-05
 3.41808E-05
 3.41896E-05
 3.41984E-05
 3.42072E-05
 3.42160E-05
 3.42248E-05
 3.42336E-05
 3.42424E-05
 3.42512E-05
 3.42600E-05
 3.42688E-05
 3.42776E-05
 3.42864E-05
 3.42952E-05
 3.46040E-05
 3.46128E-05
 3.46216E-05
 3.49304E-05
 3.52393E-05
 3.52481E-05
 3.52569E-05
 3.52656E-05
 3.52744E-05
 3.55833E-05
 3.55921E-05
 3.56008E-05
 3.56096E-05
 3.56184E-05
 3.56272E-05
 3.56360E-05
 3.56448E-05
 3.59536E-05
 3.59624E-05
 3.59712E-05
 3.59799E-05
 3.59887E-05
 3.59975E-05
 3.60063E-05
 3.60151E-05
 3.60238E-05
 3.63327E-05
 3.63415E-05
 3.66503E-05
 3.69591E-05
 3.69679E-05
 3.69767E-05
 3.69855E-05
 3.69942E-05
 3.70030E-05
 3.70118E-05
 3.70206E-05
 3.70293E-05
 3.70381E-05
 3.73469E-05
 3.73557E-05
 3.73645E-05
 3.76733E-05
 3.76821E-05
 3.79909E-05
 3.82997E-05
 3.83085E-05
 3.83172E-05
 3.83260E-05
 3.83348E-05
 3.83435E-05
 3.83523E-05
 3.86611E-05
 3.86699E-05
 3.86787E-05
 3.86874E-05
 3.86962E-05
 3.87050E-05
 3.87137E-05
 3.90225E-05
 3.90313E-05
 3.90401E-05
 3.90488E-05
 3.93576E-05
 3.93664E-05
 3.96752E-05
 3.96840E-05
 3.96927E-05
 3.97015E-05
 3.97103E-05
 3.97190E-05
 3.97278E-05
 3.97365E-05
 3.97453E-05
 3.97540E-05
 3.97628E-05
 3.97715E-05
 3.97803E-05
 4.00891E-05
 4.00979E-05
 4.01066E-05
 4.01154E-05
 4.01241E-05
 4.01329E-05
 4.01416E-05
 4.01504E-05
 4.01591E-05
 4.01679E-05
 4.01766E-05
 4.01854E-05
 4.01941E-05
 4.02029E-05
 4.05117E-05
 4.08205E-05
 4.08292E-05
 4.08380E-05
 4.08467E-05
 4.11555E-05
 4.11643E-05
 4.11730E-05
 4.11818E-05
 4.14906E-05
 4.17994E-05
 4.18081E-05
 4.18169E-05
 4.18256E-05
 4.21344E-05
 4.21432E-05
 4.21519E-05
 4.21606E-05
 4.21694E-05
 4.21781E-05
 4.21869E-05
 4.21956E-05
 4.25044E-05
 4.25131E-05
 4.25219E-05
 4.25306E-05
 4.25394E-05
 4.25481E-05
 4.25568E-05
 4.28656E-05
 4.28744E-05
 4.28831E-05
 4.28918E-05
 4.29006E-05
 4.35094E-05
 4.35182E-05
 4.35269E-05
 4.35356E-05
 4.35444E-05
 4.35531E-05
 4.35618E-05
 4.35705E-05
 4.35793E-05
 4.35880E-05
 4.35967E-05
 4.36055E-05
 4.36142E-05
 4.36229E-05
 4.36316E-05
 4.39404E-05
 4.39492E-05
 4.39579E-05
 4.42667E-05
 4.42754E-05
 4.42841E-05
 4.42928E-05
 4.43016E-05
 4.46104E-05
 4.46191E-05
 4.49279E-05
 4.49366E-05
 4.49453E-05
 4.49540E-05
 4.49628E-05
 4.52715E-05
 4.55803E-05
 4.55890E-05
 4.55978E-05
 4.56065E-05
 4.59153E-05
 4.59240E-05
 4.59327E-05
 4.59414E-05
 4.59501E-05
 4.59589E-05
 4.62676E-05
 4.62764E-05
 4.65851E-05
 4.65939E-05
 4.66026E-05
 4.66113E-05
 4.66200E-05
 4.66287E-05
 4.66374E-05
 4.66461E-05
 4.66549E-05
 4.66636E-05
 4.66723E-05
 4.66810E-05
 4.69898E-05
 4.69985E-05
 4.70072E-05
 4.70159E-05
 4.73247E-05
 4.73334E-05
 4.73421E-05
 4.76509E-05
 4.76596E-05
 4.76683E-05
 4.76770E-05
 4.76857E-05
 4.76944E-05
 4.77031E-05
 4.77118E-05
 4.77205E-05
 4.77292E-05
 4.77379E-05
 4.80467E-05
 4.80554E-05
 4.80641E-05
 4.80728E-05
 4.83816E-05
 4.83903E-05
 4.83990E-05
 4.84077E-05
 4.84164E-05
 4.87252E-05
 4.87339E-05
 4.87426E-05
 4.87513E-05
 4.87600E-05
 4.87687E-05
 4.87774E-05
 4.87861E-05
 4.93949E-05
 4.94036E-05
 4.94123E-05
 4.94210E-05
 4.94297E-05
 4.97385E-05
 4.97472E-05
 4.97559E-05
 5.00646E-05
 5.00733E-05
 5.00820E-05
 5.03908E-05
 5.03995E-05
 5.04082E-05
 5.04169E-05
 5.04256E-05
 5.04343E-05
 5.04429E-05
 5.04516E-05
 5.07604E-05
 5.07691E-05
 5.07778E-05
 5.07865E-05
 5.07952E-05
 5.08038E-05
 5.08125E-05
 5.11213E-05
 5.11300E-05
 5.11387E-05
 5.11474E-05
 5.11561E-05
 5.11647E-05
 5.11734E-05
 5.14822E-05
 5.14909E-05
 5.14996E-05
 5.15082E-05
 5.18170E-05
 5.18257E-05
 5.21344E-05
 5.21431E-05
 5.21518E-05
 5.24605E-05
 5.24692E-05
 5.27780E-05
 5.27867E-05
 5.27954E-05
 5.28040E-05
 5.28127E-05
 5.31215E-05
 5.31301E-05
 5.31388E-05
 5.31475E-05
 5.31562E-05
 5.31649E-05
 5.31735E-05
 5.31822E-05
 5.31909E-05
 5.31996E-05
 5.35083E-05
 5.35170E-05
 5.35257E-05
 5.35343E-05
 5.35430E-05
 5.35517E-05
 5.35604E-05
 5.38691E-05
 5.38778E-05
 5.41865E-05
 5.41952E-05
 5.42039E-05
 5.42126E-05
 5.42212E-05
 5.45300E-05
 5.45386E-05
 5.45473E-05
 5.45560E-05
 5.48647E-05
 5.48734E-05
 5.48821E-05
 5.48908E-05
 5.48994E-05
 5.49081E-05
 5.49168E-05
 5.49254E-05
 5.49341E-05
 5.49428E-05
 5.52515E-05
 5.52602E-05
 5.52689E-05
 5.55776E-05
 5.55863E-05
 5.58950E-05
 5.59037E-05
 5.59123E-05
 5.59210E-05
 5.59297E-05
 5.65385E-05
 5.65471E-05
 5.65558E-05
 5.65645E-05
 5.65731E-05
 5.65818E-05
 5.65905E-05
 5.65991E-05
 5.69079E-05
 5.69165E-05
 5.72253E-05
 5.72339E-05
 5.72426E-05
 5.72512E-05
 5.75600E-05
 5.75686E-05
 5.75773E-05
 5.75860E-05
 5.75946E-05
 5.79034E-05
 5.79120E-05
 5.79207E-05
 5.79293E-05
 5.79380E-05
 5.79466E-05
 5.79553E-05
 5.79640E-05
 5.79726E-05
 5.79813E-05
 5.79899E-05
 5.79986E-05
 5.80072E-05
 5.80159E-05
 5.83246E-05
 5.83333E-05
 5.86420E-05
 5.86507E-05
 5.86593E-05
 5.86680E-05
 5.89767E-05
 5.89853E-05
 5.89940E-05
 5.90026E-05
 5.90113E-05
 5.90199E-05
 5.90286E-05
 5.90372E-05
 5.90459E-05
 5.90545E-05
 5.90632E-05
 5.93719E-05
 5.96807E-05
 5.96893E-05
 5.99980E-05
 6.00067E-05
 6.00153E-05
 6.00240E-05
 6.03327E-05
 6.03413E-05
 6.03500E-05
 6.03586E-05
 6.06673E-05
 6.06760E-05
 6.06846E-05
 6.06933E-05
 6.10020E-05
 6.10106E-05
 6.10193E-05
 6.10279E-05
 6.10366E-05
 6.13453E-05
 6.13539E-05
 6.13626E-05
 6.13712E-05
 6.19800E-05
 6.19887E-05
 6.19973E-05
 6.20059E-05
 6.23147E-05
 6.23233E-05
 6.23319E-05
 6.23406E-05
 6.23492E-05
 6.23579E-05
 6.23665E-05
 6.23751E-05
 6.23838E-05
 6.26925E-05
 6.27011E-05
 6.27098E-05
 6.27184E-05
 6.27270E-05
 6.27357E-05
 6.27443E-05
 6.27529E-05
 6.27616E-05
 6.27702E-05
 6.27788E-05
 6.27875E-05
 6.27961E-05
 6.28047E-05
 6.31135E-05
 6.31221E-05
 6.31307E-05
 6.34394E-05
 6.37482E-05
 6.37568E-05
 6.37654E-05
 6.40741E-05
 6.40828E-05
 6.43915E-05
 6.44001E-05
 6.44087E-05
 6.44174E-05
 6.44260E-05
 6.44346E-05
 6.44433E-05
 6.44519E-05
 6.47606E-05
 6.47692E-05
 6.47779E-05
 6.47865E-05
 6.47951E-05
 6.51038E-05
 6.54125E-05
 6.54212E-05
 6.54298E-05
 6.54384E-05
 6.57471E-05
 6.57557E-05
 6.57644E-05
 6.57730E-05
 6.60817E-05
 6.60903E-05
 6.63990E-05
 6.64077E-05
 6.64163E-05
 6.64249E-05
 6.64335E-05
 6.64422E-05
 6.64508E-05
 6.64594E-05
 6.67681E-05
 6.67767E-05
 6.67854E-05
 6.67940E-05
 6.68026E-05
 6.68112E-05
 6.71199E-05
 6.71285E-05
 6.71372E-05
 6.71458E-05
 6.71544E-05
 6.74631E-05
 6.74717E-05
 6.74803E-05
 6.74890E-05
 6.74976E-05
 6.75062E-05
 6.75148E-05
 6.78235E-05
 6.78321E-05
 6.78408E-05
 6.78494E-05
 6.78580E-05
 6.78666E-05
 6.78752E-05
 6.78838E-05
 6.78924E-05
 6.79011E-05
 6.82097E-05
 6.82184E-05
 6.82270E-05
 6.82356E-05
 6.88444E-05
 6.88530E-05
 6.88616E-05
 6.91703E-05
 6.91789E-05
 6.91875E-05
 6.91961E-05
 6.95048E-05
 6.98135E-05
 6.98221E-05
 6.98307E-05
 6.98393E-05
 6.98480E-05
 6.98566E-05
 6.98652E-05
 6.98738E-05
 6.98824E-05
 7.01911E-05
 7.01997E-05
 7.02083E-05
 7.02169E-05
 7.02255E-05
 7.05342E-05
 7.05428E-05
 7.05514E-05
 7.05600E-05
 7.05686E-05
 7.05772E-05
 7.05858E-05
 7.08945E-05
 7.09031E-05
 7.09117E-05
 7.09203E-05
 7.12290E-05
 7.15377E-05
 7.15463E-05
 7.15549E-05
 7.15636E-05
 7.18722E-05
 7.18808E-05
 7.18894E-05
 7.18980E-05
 7.19067E-05
 7.19153E-05
 7.19239E-05
 7.25326E-05
 7.25412E-05
 7.25498E-05
 7.28585E-05
 7.28671E-05
 7.31758E-05
 7.31844E-05
 7.31930E-05
 7.32016E-05
 7.32102E-05
 7.32188E-05
 7.32274E-05
 7.35361E-05
 7.35447E-05
 7.35533E-05
 7.35619E-05
 7.35705E-05
 7.35791E-05
 7.35877E-05
 7.38964E-05
 7.42050E-05
 7.42136E-05
 7.42222E-05
 7.45309E-05
 7.45395E-05
 7.45481E-05
 7.45567E-05
 7.45653E-05
 7.45739E-05
 7.45825E-05
 7.45911E-05
 7.45997E-05
 7.46083E-05
 7.46169E-05
 7.49256E-05
 7.49341E-05
 7.49427E-05
 7.52514E-05
 7.52600E-05
 7.52686E-05
 7.52772E-05
 7.52858E-05
 7.52944E-05
 7.56031E-05
 7.56117E-05
 7.56202E-05
 7.56288E-05
 7.56374E-05
 7.56460E-05
 7.56546E-05
 7.56632E-05
 7.56718E-05
 7.56804E-05
 7.59891E-05
 7.62977E-05
 7.63063E-05
 7.63149E-05
 7.66236E-05
 7.66322E-05
 7.66408E-05
 7.66494E-05
 7.69580E-05
 7.69666E-05
 7.69752E-05
 7.69838E-05
 7.69924E-05
 7.70010E-05
 7.70095E-05
 7.70181E-05
 7.70267E-05
 7.73354E-05
 7.73440E-05
 7.76526E-05
 7.76612E-05
 7.76698E-05
 7.79785E-05
 7.82871E-05
 7.82957E-05
 7.83043E-05
 7.83129E-05
 7.83215E-05
 7.83301E-05
 7.83386E-05
 7.89474E-05
 7.89560E-05
 7.89646E-05
 7.89731E-05
 7.89817E-05
 7.89903E-05
 7.89989E-05
 7.90075E-05
 7.90160E-05
 7.93247E-05
 7.93333E-05
 7.93419E-05
 7.93504E-05
 7.93590E-05
 7.93676E-05
 7.93762E-05
 7.93847E-05
 7.96934E-05
 7.97020E-05
 8.03108E-05
 8.03193E-05
 8.06280E-05
 8.06366E-05
 8.06452E-05
 8.06537E-05
 8.06623E-05
 8.06709E-05
 8.06795E-05
 8.06880E-05
 8.06966E-05
 8.07052E-05
 8.07138E-05
 8.07223E-05
 8.07309E-05
 8.07395E-05
 8.10481E-05
 8.10567E-05
 8.13654E-05
 8.13739E-05
 8.13825E-05
 8.16912E-05
 8.16998E-05
 8.17083E-05
 8.17169E-05
 8.17255E-05
 8.17340E-05
 8.17426E-05
 8.26515E-05
 8.26600E-05
 8.26686E-05
 8.26772E-05
 8.26858E-05
 8.26943E-05
 8.27029E-05
 8.27115E-05
 8.30201E-05
 8.30287E-05
 8.30373E-05
 8.39461E-05
 8.39547E-05
 8.39632E-05
 8.39718E-05
 8.39804E-05
 8.39890E-05
 8.39975E-05
 8.40061E-05
 8.40147E-05
 8.40232E-05
 8.40318E-05
 8.40404E-05
 8.40489E-05
 8.46577E-05
 8.46662E-05
 8.46748E-05
 8.46834E-05
 8.46919E-05
 8.47005E-05
 8.50092E-05
 8.50177E-05
 8.50263E-05
 8.50348E-05
 8.50434E-05
 8.50520E-05
 8.53606E-05
 8.53692E-05
 8.53778E-05
 8.53863E-05
 8.53949E-05
 8.57035E-05
 8.57121E-05
 8.57207E-05
 8.57292E-05
 8.57378E-05
 8.57464E-05
 8.57549E-05
 8.57635E-05
 8.57720E-05
 8.57806E-05
 8.57892E-05
 8.57977E-05
 8.58063E-05
 8.58148E-05
 8.61235E-05
 8.61321E-05
 8.64407E-05
 8.64493E-05
 8.64578E-05
 8.64664E-05
 8.64749E-05
 8.67836E-05
 8.67922E-05
 8.68007E-05
 8.68093E-05
 8.68178E-05
 8.71265E-05
 8.71350E-05
 8.71436E-05
 8.71521E-05
 8.74608E-05
 8.74693E-05
 8.74779E-05
 8.74864E-05
 8.74950E-05
 8.75035E-05
 8.81123E-05
 8.81208E-05
 8.81294E-05
 8.84380E-05
 8.84466E-05
 8.84552E-05
 8.84637E-05
 8.84723E-05
 8.84808E-05
 8.90896E-05
 8.96983E-05
 8.97069E-05
 8.97154E-05
 8.97240E-05
 8.97325E-05
 8.97411E-05
 8.97496E-05
 8.97582E-05
 8.97667E-05
 8.97753E-05
 8.97838E-05
 9.00925E-05
 9.01010E-05
 9.01096E-05
 9.01181E-05
 9.01267E-05
 9.01352E-05
 9.01438E-05
 9.01523E-05
 9.01609E-05
 9.01694E-05
 9.04781E-05
 9.04866E-05
 9.07952E-05
 9.08038E-05
 9.08123E-05
 9.11210E-05
 9.11295E-05
 9.17383E-05
 9.17468E-05
 9.17554E-05
 9.17639E-05
 9.17725E-05
 9.17810E-05
 9.17895E-05
 9.20982E-05
 9.24068E-05
 9.24154E-05
 9.24239E-05
 9.27326E-05
 9.27411E-05
 9.27497E-05
 9.27582E-05
 9.27668E-05
 9.30754E-05
 9.33840E-05
 9.33926E-05
 9.34011E-05
 9.34097E-05
 9.34182E-05
 9.34267E-05
 9.34353E-05
 9.34438E-05
 9.34524E-05
 9.34609E-05
 9.34695E-05
 9.34780E-05
 9.34865E-05
 9.34951E-05
 9.38037E-05
 9.38123E-05
 9.38208E-05
 9.41294E-05
 9.41380E-05
 9.41465E-05
 9.44552E-05
 9.44637E-05
 9.44722E-05
 9.44808E-05
 9.44893E-05
 9.44979E-05
 9.45064E-05
 9.48150E-05
 9.48236E-05
 9.48321E-05
 9.51408E-05
 9.51493E-05
 9.51578E-05
 9.54665E-05
 9.54750E-05
 9.54835E-05
 9.54921E-05
 9.55006E-05
 9.58093E-05
 9.58178E-05
 9.58263E-05
 9.58349E-05
 9.58434E-05
 9.58519E-05
 9.58605E-05
 9.61691E-05
 9.61776E-05
 9.61862E-05
 9.61947E-05
 9.62033E-05
 9.62118E-05
 9.68205E-05
 9.68291E-05
 9.68376E-05
 9.68461E-05
 9.68547E-05
 9.71633E-05
 9.71718E-05
 9.71804E-05
 9.71889E-05
 9.71974E-05
 9.72060E-05
 9.72145E-05
 9.75231E-05
 9.75317E-05
 9.75402E-05
 9.75487E-05
 9.78573E-05
 9.78659E-05
 9.78744E-05
 9.78829E-05
 9.78915E-05
 9.79000E-05
 9.82086E-05
 9.82171E-05
 9.88259E-05
 9.88344E-05
 9.88429E-05
 9.88515E-05
 9.88600E-05
 9.88685E-05
 9.91772E-05
 9.94858E-05
 9.94943E-05
 9.95028E-05
 9.95114E-05
 9.95199E-05
 9.95284E-05
 9.95369E-05
 9.95455E-05
 9.95540E-05
 9.95625E-05
 9.95711E-05
 9.98797E-05
 9.98882E-05
 9.98967E-05
 9.99053E-05
 9.99138E-05
 9.99223E-05
 9.99308E-05
 9.99394E-05
 9.99479E-05
 1.00257E-04
 1.00565E-04
 1.00874E-04
 1.00882E-04
 1.00891E-04
 1.00899E-04
 1.01208E-04
 1.01817E-04
 1.01825E-04
 1.02134E-04
 1.02142E-04
 1.02151E-04
 1.02159E-04
 1.02168E-04
 1.02477E-04
 1.02785E-04
 1.02794E-04
 1.02802E-04
 1.02811E-04
 1.02819E-04
 1.02828E-04
 1.02836E-04
 1.02845E-04
 1.03153E-04
 1.03162E-04
 1.03471E-04
 1.03479E-04
 1.03488E-04
 1.03496E-04
 1.03505E-04
 1.03513E-04
 1.03522E-04
 1.03530E-04
 1.03839E-04
 1.03847E-04
 1.03856E-04
 1.04165E-04
 1.04173E-04
 1.04482E-04
 1.04490E-04
 1.04499E-04
 1.04507E-04
 1.04516E-04
 1.04524E-04
 1.04833E-04
 1.04841E-04
 1.05150E-04
 1.05159E-04
 1.05167E-04
 1.05176E-04
 1.05184E-04
 1.05193E-04
 1.05201E-04
 1.05510E-04
 1.05818E-04
 1.05827E-04
 1.05835E-04
 1.05844E-04
 1.05852E-04
 1.05861E-04
 1.05869E-04
 1.05878E-04
 1.05887E-04
 1.05895E-04
 1.05904E-04
 1.05912E-04
 1.05921E-04
 1.05929E-04
 1.06238E-04
 1.06246E-04
 1.06255E-04
 1.06563E-04
 1.06572E-04
 1.06580E-04
 1.06889E-04
 1.06898E-04
 1.06906E-04
 1.06915E-04
 1.06923E-04
 1.06932E-04
 1.06940E-04
 1.06949E-04
 1.06957E-04
 1.06966E-04
 1.06974E-04
 1.06983E-04
 1.06991E-04
 1.07000E-04
 1.07008E-04
 1.07017E-04
 1.07025E-04
 1.07334E-04
 1.07642E-04
 1.07951E-04
 1.07960E-04
 1.07968E-04
 1.08577E-04
 1.08885E-04
 1.08894E-04
 1.08902E-04
 1.08911E-04
 1.08919E-04
 1.09528E-04
 1.09537E-04
 1.09545E-04
 1.09554E-04
 1.09562E-04
 1.09571E-04
 1.09579E-04
 1.09588E-04
 1.09596E-04
 1.09905E-04
 1.09913E-04
 1.09922E-04
 1.09930E-04
 1.10539E-04
 1.10548E-04
 1.10556E-04
 1.10565E-04
 1.10573E-04
 1.10582E-04
 1.10590E-04
 1.10899E-04
 1.10907E-04
 1.10916E-04
 1.11224E-04
 1.11233E-04
 1.11241E-04
 1.11250E-04
 1.11558E-04
 1.11567E-04
 1.11575E-04
 1.11584E-04
 1.11893E-04
 1.11901E-04
 1.11910E-04
 1.12218E-04
 1.12227E-04
 1.12535E-04
 1.12544E-04
 1.12552E-04
 1.12561E-04
 1.12569E-04
 1.12578E-04
 1.12886E-04
 1.13195E-04
 1.13204E-04
 1.13212E-04
 1.13221E-04
 1.13229E-04
 1.13238E-04
 1.13246E-04
 1.13255E-04
 1.13563E-04
 1.13572E-04
 1.13880E-04
 1.13889E-04
 1.14197E-04
 1.14206E-04
 1.14214E-04
 1.14223E-04
 1.14231E-04
 1.14240E-04
 1.14248E-04
 1.14257E-04
 1.14565E-04
 1.14874E-04
 1.14883E-04
 1.15191E-04
 1.15200E-04
 1.15208E-04
 1.15217E-04
 1.15225E-04
 1.15534E-04
 1.15542E-04
 1.15551E-04
 1.15559E-04
 1.15568E-04
 1.15876E-04
 1.15885E-04
 1.15893E-04
 1.15902E-04
 1.15910E-04
 1.15919E-04
 1.16227E-04
 1.16536E-04
 1.16545E-04
 1.16553E-04
 1.16562E-04
 1.16570E-04
 1.16579E-04
 1.16587E-04
 1.16596E-04
 1.16904E-04
 1.16913E-04
 1.16921E-04
 1.17230E-04
 1.17238E-04
 1.17247E-04
 1.17255E-04
 1.17264E-04
 1.17272E-04
 1.17281E-04
 1.17289E-04
 1.17598E-04
 1.17906E-04
 1.17915E-04
 1.17923E-04
 1.17932E-04
 1.18241E-04
 1.18249E-04
 1.18258E-04
 1.18266E-04
 1.18274E-04
 1.18283E-04
 1.18291E-04
 1.18300E-04
 1.18308E-04
 1.18317E-04
 1.18325E-04
 1.18334E-04
 1.18342E-04
 1.18651E-04
 1.18960E-04
 1.18968E-04
 1.18977E-04
 1.18985E-04
 1.19594E-04
 1.19602E-04
 1.19611E-04
 1.19619E-04
 1.19928E-04
 1.19936E-04
 1.19945E-04
 1.19953E-04
 1.20262E-04
 1.20270E-04
 1.20579E-04
 1.20588E-04
 1.20596E-04
 1.20604E-04
 1.20613E-04
 1.20621E-04
 1.20630E-04
 1.20638E-04
 1.20947E-04
 1.20956E-04
 1.20964E-04
 1.20973E-04
 1.20981E-04
 1.20989E-04
 1.20998E-04
 1.21006E-04
 1.21015E-04
 1.21324E-04
 1.21632E-04
 1.21941E-04
 1.21949E-04
 1.22258E-04
 1.22266E-04
 1.22275E-04
 1.22283E-04
 1.22292E-04
 1.22300E-04
 1.22309E-04
 1.22617E-04
 1.22626E-04
 1.22634E-04
 1.22943E-04
 1.23251E-04
 1.23260E-04
 1.23268E-04
 1.23277E-04
 1.23586E-04
 1.23594E-04
 1.23903E-04
 1.23911E-04
 1.23920E-04
 1.23928E-04
 1.23937E-04
 1.24245E-04
 1.24254E-04
 1.24262E-04
 1.24571E-04
 1.24579E-04
 1.24888E-04
 1.25196E-04
 1.25205E-04
 1.25513E-04
 1.25522E-04
 1.26131E-04
 1.26139E-04
 1.26148E-04
 1.26156E-04
 1.26165E-04
 1.26173E-04
 1.26182E-04
 1.26190E-04
 1.26199E-04
 1.26207E-04
 1.26216E-04
 1.26224E-04
 1.26232E-04
 1.26541E-04
 1.26550E-04
 1.26858E-04
 1.26867E-04
 1.26875E-04
 1.26884E-04
 1.26892E-04
 1.26901E-04
 1.26909E-04
 1.26918E-04
 1.26926E-04
 1.26934E-04
 1.27243E-04
 1.27252E-04
 1.27260E-04
 1.27268E-04
 1.27577E-04
 1.27886E-04
 1.27894E-04
 1.27903E-04
 1.27911E-04
 1.27920E-04
 1.27928E-04
 1.27937E-04
 1.27945E-04
 1.28254E-04
 1.28262E-04
 1.28271E-04
 1.28579E-04
 1.28588E-04
 1.28596E-04
 1.28605E-04
 1.28613E-04
 1.28622E-04
 1.28930E-04
 1.29239E-04
 1.29247E-04
 1.29256E-04
 1.29264E-04
 1.29273E-04
 1.29281E-04
 1.29290E-04
 1.29298E-04
 1.29307E-04
 1.29315E-04
 1.29324E-04
 1.29332E-04
 1.29340E-04
 1.29349E-04
 1.29357E-04
 1.29366E-04
 1.29674E-04
 1.29983E-04
 1.29992E-04
 1.30000E-04
 1.30009E-04
 1.30017E-04
 1.30025E-04
 1.30634E-04
 1.30943E-04
 1.30951E-04
 1.30960E-04
 1.31268E-04
 1.31277E-04
 1.31285E-04
 1.31594E-04
 1.31602E-04
 1.31611E-04
 1.31619E-04
 1.31628E-04
 1.31636E-04
 1.31945E-04
 1.31953E-04
 1.31962E-04
 1.31970E-04
 1.32279E-04
 1.32287E-04
 1.32596E-04
 1.32604E-04
 1.32913E-04
 1.32921E-04
 1.33230E-04
 1.33238E-04
 1.33247E-04
 1.33255E-04
 1.33564E-04
 1.33572E-04
 1.33581E-04
 1.33589E-04
 1.33598E-04
 1.33906E-04
 1.33915E-04
 1.33923E-04
 1.33932E-04
 1.33940E-04
 1.34249E-04
 1.34257E-04
 1.34266E-04
 1.34274E-04
 1.34283E-04
 1.34291E-04
 1.34300E-04
 1.34308E-04
 1.34917E-04
 1.35225E-04
 1.35234E-04
 1.35242E-04
 1.35251E-04
 1.35259E-04
 1.35568E-04
 1.35576E-04
 1.35585E-04
 1.35593E-04
 1.35602E-04
 1.35610E-04
 1.35919E-04
 1.36528E-04
 1.36536E-04
 1.36544E-04
 1.36853E-04
 1.36861E-04
 1.36870E-04
 1.36878E-04
 1.36887E-04
 1.36895E-04
 1.36904E-04
 1.36912E-04
 1.37221E-04
 1.37529E-04
 1.37538E-04
 1.37546E-04
 1.37555E-04
 1.37563E-04
 1.37572E-04
 1.37580E-04
 1.37589E-04
 1.37597E-04
 1.37606E-04
 1.37914E-04
 1.38223E-04
 1.38231E-04
 1.38240E-04
 1.38248E-04
 1.38557E-04
 1.38565E-04
 1.38574E-04
 1.38582E-04
 1.38591E-04
 1.38599E-04
 1.38908E-04
 1.38916E-04
 1.39225E-04
 1.39233E-04
 1.39242E-04
 1.39250E-04
 1.40159E-04
 1.40167E-04
 1.40176E-04
 1.40184E-04
 1.40193E-04
 1.40501E-04
 1.40510E-04
 1.40518E-04
 1.40527E-04
 1.40535E-04
 1.40844E-04
 1.40852E-04
 1.40861E-04
 1.40869E-04
 1.40878E-04
 1.40886E-04
 1.40895E-04
 1.40903E-04
 1.40912E-04
 1.41220E-04
 1.41229E-04
 1.41237E-04
 1.41245E-04
 1.41254E-04
 1.41262E-04
 1.41271E-04
 1.41279E-04
 1.41288E-04
 1.41296E-04
 1.41305E-04
 1.41613E-04
 1.41622E-04
 1.41630E-04
 1.41639E-04
 1.42247E-04
 1.42256E-04
 1.42264E-04
 1.42273E-04
 1.42281E-04
 1.42290E-04
 1.42298E-04
 1.42307E-04
 1.42615E-04
 1.42624E-04
 1.42632E-04
 1.42941E-04
 1.42949E-04
 1.43258E-04
 1.43266E-04
 1.43275E-04
 1.43283E-04
 1.43592E-04
 1.43600E-04
 1.43609E-04
 1.43617E-04
 1.43625E-04
 1.43934E-04
 1.43942E-04
 1.43951E-04
 1.44260E-04
 1.44568E-04
 1.44577E-04
 1.44585E-04
 1.44593E-04
 1.44902E-04
 1.44910E-04
 1.44919E-04
 1.44927E-04
 1.45236E-04
 1.45244E-04
 1.45253E-04
 1.45261E-04
 1.45270E-04
 1.45278E-04
 1.45587E-04
 1.45595E-04
 1.45604E-04
 1.45612E-04
 1.45921E-04
 1.45929E-04
 1.45938E-04
 1.46246E-04
 1.46255E-04
 1.46263E-04
 1.46272E-04
 1.46280E-04
 1.46288E-04
 1.46597E-04
 1.46906E-04
 1.46914E-04
 1.46923E-04
 1.46931E-04
 1.46939E-04
 1.47548E-04
 1.47557E-04
 1.47865E-04
 1.47874E-04
 1.47882E-04
 1.48491E-04
 1.48499E-04
 1.48508E-04
 1.48516E-04
 1.48525E-04
 1.48833E-04
 1.49142E-04
 1.49150E-04
 1.49459E-04
 1.49467E-04
 1.49476E-04
 1.49484E-04
 1.49493E-04
 1.49501E-04
 1.49509E-04
 1.49518E-04
 1.49526E-04
 1.49535E-04
 1.49843E-04
 1.49852E-04
 1.49860E-04
 1.49869E-04
 1.49877E-04
 1.50186E-04
 1.50194E-04
 1.50203E-04
 1.50511E-04
 1.50520E-04
 1.50528E-04
 1.50537E-04
 1.51145E-04
 1.51154E-04
 1.51162E-04
 1.51471E-04
 1.51779E-04
 1.51788E-04
 1.51796E-04
 1.51805E-04
 1.51813E-04
 1.51821E-04
 1.51830E-04
 1.51838E-04
 1.51847E-04
 1.51855E-04
 1.51864E-04
 1.52172E-04
 1.52481E-04
 1.52489E-04
 1.52498E-04
 1.52506E-04
 1.52515E-04
 1.52523E-04
 1.52532E-04
 1.52540E-04
 1.52548E-04
 1.52857E-04
 1.52865E-04
 1.52874E-04
 1.52882E-04
 1.52891E-04
 1.52899E-04
 1.52908E-04
 1.52916E-04
 1.52925E-04
 1.52933E-04
 1.53242E-04
 1.53250E-04
 1.53258E-04
 1.53267E-04
 1.53275E-04
 1.53584E-04
 1.53592E-04
 1.53901E-04
 1.53909E-04
 1.53918E-04
 1.53926E-04
 1.54235E-04
 1.54543E-04
 1.54552E-04
 1.54560E-04
 1.54569E-04
 1.54577E-04
 1.54586E-04
 1.54594E-04
 1.54903E-04
 1.54911E-04
 1.55220E-04
 1.55528E-04
 1.55537E-04
 1.55545E-04
 1.55553E-04
 1.55562E-04
 1.55870E-04
 1.55879E-04
 1.55887E-04
 1.56196E-04
 1.56204E-04
 1.56213E-04
 1.56521E-04
 1.56530E-04
 1.56838E-04
 1.57147E-04
 1.57155E-04
 1.57164E-04
 1.57172E-04
 1.57181E-04
 1.57189E-04
 1.57197E-04
 1.57506E-04
 1.57514E-04
 1.57523E-04
 1.57531E-04
 1.57540E-04
 1.57848E-04
 1.57857E-04
 1.58165E-04
 1.58174E-04
 1.58182E-04
 1.58491E-04
 1.58499E-04
 1.58808E-04
 1.58816E-04
 1.58825E-04
 1.58833E-04
 1.59142E-04
 1.59150E-04
 1.59158E-04
 1.59167E-04
 1.59175E-04
 1.59184E-04
 1.59492E-04
 1.59801E-04
 1.59809E-04
 1.59818E-04
 1.59826E-04
 1.59835E-04
 1.59843E-04
 1.59851E-04
 1.59860E-04
 1.59868E-04
 1.59877E-04
 1.59885E-04
 1.60194E-04
 1.60202E-04
 1.60511E-04
 1.60519E-04
 1.60828E-04
 1.60836E-04
 1.61145E-04
 1.61453E-04
 1.61462E-04
 1.61470E-04
 1.61479E-04
 1.61487E-04
 1.61495E-04
 1.61504E-04
 1.61812E-04
 1.61821E-04
 1.61829E-04
 1.61838E-04
 1.61846E-04
 1.61855E-04
 1.61863E-04
 1.62172E-04
 1.62480E-04
 1.62488E-04
 1.62797E-04
 1.63106E-04
 1.63114E-04
 1.63122E-04
 1.63131E-04
 1.63139E-04
 1.63148E-04
 1.63456E-04
 1.63465E-04
 1.63473E-04
 1.63782E-04
 1.63790E-04
 1.63799E-04
 1.64407E-04
 1.64416E-04
 1.64424E-04
 1.64733E-04
 1.64741E-04
 1.64749E-04
 1.65058E-04
 1.65066E-04
 1.65075E-04
 1.65083E-04
 1.65092E-04
 1.65100E-04
 1.65109E-04
 1.65117E-04
 1.65125E-04
 1.65434E-04
 1.65742E-04
 1.65751E-04
 1.65759E-04
 1.65768E-04
 1.65776E-04
 1.65785E-04
 1.65793E-04
 1.65801E-04
 1.65810E-04
 1.65818E-04
 1.65827E-04
 1.65835E-04
 1.65844E-04
 1.65852E-04
 1.66461E-04
 1.66469E-04
 1.66477E-04
 1.66486E-04
 1.66794E-04
 1.67103E-04
 1.67111E-04
 1.67120E-04
 1.67428E-04
 1.67737E-04
 1.67745E-04
 1.67754E-04
 1.67762E-04
 1.67770E-04
 1.67779E-04
 1.67787E-04
 1.67796E-04
 1.67804E-04
 1.67813E-04
 1.67821E-04
 1.67829E-04
 1.67838E-04
 1.67846E-04
 1.67855E-04
 1.67863E-04
 1.67871E-04
 1.67880E-04
 1.68188E-04
 1.68797E-04
 1.68805E-04
 1.68814E-04
 1.69122E-04
 1.69431E-04
 1.69439E-04
 1.69448E-04
 1.69456E-04
 1.69765E-04
 1.69773E-04
 1.69782E-04
 1.69790E-04
 1.69798E-04
 1.69807E-04
 1.69815E-04
 1.69824E-04
 1.70132E-04
 1.70140E-04
 1.70749E-04
 1.70758E-04
 1.70766E-04
 1.70774E-04
 1.70783E-04
 1.70791E-04
 1.71100E-04
 1.71108E-04
 1.71417E-04
 1.71425E-04
 1.71433E-04
 1.71442E-04
 1.71450E-04
 1.71459E-04
 1.71767E-04
 1.71776E-04
 1.71784E-04
 1.72093E-04
 1.72101E-04
 1.72109E-04
 1.72418E-04
 1.72426E-04
 1.72735E-04
 1.73043E-04
 1.73052E-04
 1.73060E-04
 1.73068E-04
 1.73077E-04
 1.73085E-04
 1.73094E-04
 1.73102E-04
 1.73110E-04
 1.73119E-04
 1.73127E-04
 1.73136E-04
 1.73744E-04
 1.73753E-04
 1.73761E-04
 1.73770E-04
 1.73778E-04
 1.74086E-04
 1.74095E-04
 1.74103E-04
 1.74412E-04
 1.74420E-04
 1.74429E-04
 1.74437E-04
 1.75046E-04
 1.75054E-04
 1.75062E-04
 1.75371E-04
 1.75379E-04
 1.75688E-04
 1.75996E-04
 1.76005E-04
 1.76313E-04
 1.76622E-04
 1.76630E-04
 1.76638E-04
 1.76647E-04
 1.76655E-04
 1.76664E-04
 1.76672E-04
 1.76680E-04
 1.76689E-04
 1.76997E-04
 1.77006E-04
 1.77014E-04
 1.77323E-04
 1.77331E-04
 1.77339E-04
 1.77348E-04
 1.77356E-04
 1.77665E-04
 1.77673E-04
 1.77681E-04
 1.77690E-04
 1.77998E-04
 1.78007E-04
 1.78015E-04
 1.78023E-04
 1.78032E-04
 1.78040E-04
 1.78049E-04
 1.78057E-04
 1.78065E-04
 1.78074E-04
 1.78082E-04
 1.78391E-04
 1.78399E-04
 1.78708E-04
 1.78716E-04
 1.78724E-04
 1.79033E-04
 1.79041E-04
 1.79050E-04
 1.79058E-04
 1.79366E-04
 1.79375E-04
 1.79683E-04
 1.79692E-04
 1.79700E-04
 1.79708E-04
 1.79717E-04
 1.79725E-04
 1.80034E-04
 1.80042E-04
 1.80050E-04
 1.80059E-04
 1.80067E-04
 1.80076E-04
 1.80084E-04
 1.80692E-04
 1.80701E-04
 1.80709E-04
 1.80718E-04
 1.81026E-04
 1.81034E-04
 1.81043E-04
 1.81051E-04
 1.81060E-04
 1.81068E-04
 1.81076E-04
 1.81085E-04
 1.81393E-04
 1.81402E-04
 1.81710E-04
 1.81718E-04
 1.81727E-04
 1.81735E-04
 1.82044E-04
 1.82052E-04
 1.82360E-04
 1.82369E-04
 1.82977E-04
 1.83286E-04
 1.83294E-04
 1.83603E-04
 1.83611E-04
 1.83619E-04
 1.83628E-04
 1.83636E-04
 1.83644E-04
 1.83653E-04
 1.83961E-04
 1.83970E-04
 1.84278E-04
 1.84287E-04
 1.84295E-04
 1.84303E-04
 1.84312E-04
 1.84320E-04
 1.84328E-04
 1.84337E-04
 1.84645E-04
 1.84954E-04
 1.84962E-04
 1.85270E-04
 1.85279E-04
 1.85587E-04
 1.85596E-04
 1.85604E-04
 1.85912E-04
 1.85921E-04
 1.85929E-04
 1.85937E-04
 1.86246E-04
 1.86254E-04
 1.86263E-04
 1.86271E-04
 1.86279E-04
 1.86288E-04
 1.86296E-04
 1.86304E-04
 1.86313E-04
 1.86321E-04
 1.86329E-04
 1.86338E-04
 1.86646E-04
 1.86654E-04
 1.86963E-04
 1.86971E-04
 1.86980E-04
 1.86988E-04
 1.86996E-04
 1.87005E-04
 1.87313E-04
 1.87321E-04
 1.87630E-04
 1.87638E-04
 1.87947E-04
 1.87955E-04
 1.88263E-04
 1.88272E-04
 1.88280E-04
 1.88288E-04
 1.88297E-04
 1.88305E-04
 1.88614E-04
 1.88622E-04
 1.88630E-04
 1.88939E-04
 1.88947E-04
 1.88955E-04
 1.88964E-04
 1.88972E-04
 1.89280E-04
 1.89289E-04
 1.89297E-04
 1.89305E-04
 1.89314E-04
 1.89322E-04
 1.89330E-04
 1.89639E-04
 1.89647E-04
 1.89655E-04
 1.89664E-04
 1.89672E-04
 1.89980E-04
 1.90289E-04
 1.90597E-04
 1.90906E-04
 1.90914E-04
 1.91523E-04
 1.91531E-04
 1.91539E-04
 1.91548E-04
 1.91556E-04
 1.91564E-04
 1.91873E-04
 1.91881E-04
 1.91889E-04
 1.91898E-04
 1.91906E-04
 1.91914E-04
 1.91923E-04
 1.92231E-04
 1.92239E-04
 1.92248E-04
 1.92256E-04
 1.92264E-04
 1.92573E-04
 1.92581E-04
 1.93490E-04
 1.93498E-04
 1.93506E-04
 1.93514E-04
 1.93523E-04
 1.93531E-04
 1.93539E-04
 1.93548E-04
 1.93856E-04
 1.93864E-04
 1.94173E-04
 1.94181E-04
 1.94189E-04
 1.94198E-04
 1.94506E-04
 1.94514E-04
 1.94523E-04
 1.94531E-04
 1.94539E-04
 1.94548E-04
 1.94556E-04
 1.94564E-04
 1.94572E-04
 1.94581E-04
 1.94589E-04
 1.94897E-04
 1.94906E-04
 1.95214E-04
 1.95222E-04
 1.95231E-04
 1.95539E-04
 1.95547E-04
 1.95556E-04
 1.95564E-04
 1.95572E-04
 1.95580E-04
 1.95889E-04
 1.95897E-04
 1.96206E-04
 1.96214E-04
 1.96222E-04
 1.96230E-04
 1.96239E-04
 1.96547E-04
 1.96555E-04
 1.96564E-04
 1.96572E-04
 1.96580E-04
 1.96588E-04
 1.97197E-04
 1.97505E-04
 1.97514E-04
 1.97522E-04
 1.97530E-04
 1.97838E-04
 1.97847E-04
 1.98455E-04
 1.98463E-04
 1.98472E-04
 1.98780E-04
 1.98788E-04
 1.98797E-04
 1.98805E-04
 1.99113E-04
 1.99122E-04
 1.99130E-04
 1.99138E-04
 1.99146E-04
 1.99155E-04
 1.99163E-04
 1.99171E-04
 1.99479E-04
 1.99488E-04
 1.99496E-04
 1.99804E-04
 1.99813E-04
 1.99821E-04
 1.99829E-04
 2.00137E-04
 2.00446E-04
 2.00454E-04
 2.00462E-04
 2.00470E-04
 2.00479E-04
 2.00487E-04
 2.00795E-04
 2.00804E-04
 2.00812E-04
 2.00820E-04
 2.01128E-04
 2.01437E-04
 2.01445E-04
 2.01453E-04
 2.01461E-04
 2.01770E-04
 2.01778E-04
 2.01786E-04
 2.01794E-04
 2.01803E-04
 2.02111E-04
 2.02119E-04
 2.02128E-04
 2.02736E-04
 2.02744E-04
 2.02752E-04
 2.02761E-04
 2.02769E-04
 2.02777E-04
 2.02785E-04
 2.02794E-04
 2.02802E-04
 2.02810E-04
 2.02818E-04
 2.02826E-04
 2.02835E-04
 2.02843E-04
 2.02851E-04
 2.02859E-04
 2.03168E-04
 2.03176E-04
 2.03184E-04
 2.03492E-04
 2.03801E-04
 2.03809E-04
 2.03817E-04
 2.03825E-04
 2.04434E-04
 2.04442E-04
 2.04750E-04
 2.04758E-04
 2.04767E-04
 2.04775E-04
 2.04783E-04
 2.05091E-04
 2.05400E-04
 2.06008E-04
 2.06016E-04
 2.06024E-04
 2.06033E-04
 2.06041E-04
 2.06049E-04
 2.06057E-04
 2.06065E-04
 2.06374E-04
 2.06382E-04
 2.06690E-04
 2.06698E-04
 2.06707E-04
 2.06715E-04
 2.07023E-04
 2.07031E-04
 2.07039E-04
 2.07048E-04
 2.07056E-04
 2.07064E-04
 2.07072E-04
 2.07380E-04
 2.07389E-04
 2.07397E-04
 2.07405E-04
 2.07413E-04
 2.07421E-04
 2.07429E-04
 2.07438E-04
 2.07446E-04
 2.07454E-04
 2.07462E-04
 2.07470E-04
 2.07478E-04
 2.07487E-04
 2.07495E-04
 2.08403E-04
 2.08712E-04
 2.08720E-04
 2.08728E-04
 2.08736E-04
 2.08744E-04
 2.08752E-04
 2.08760E-04
 2.08769E-04
 2.08777E-04
 2.08785E-04
 2.08793E-04
 2.08801E-04
 2.08809E-04
 2.08817E-04
 2.09726E-04
 2.09734E-04
 2.10342E-04
 2.10351E-04
 2.10659E-04
 2.10667E-04
 2.10675E-04
 2.10983E-04
 2.10992E-04
 2.11000E-04
 2.11308E-04
 2.11316E-04
 2.11324E-04
 2.11332E-04
 2.11641E-04
 2.11949E-04
 2.11957E-04
 2.11965E-04
 2.12273E-04
 2.12281E-04
 2.12289E-04
 2.12298E-04
 2.12306E-04
 2.12614E-04
 2.12622E-04
 2.13230E-04
 2.13539E-04
 2.13547E-04
 2.13555E-04
 2.13863E-04
 2.13871E-04
 2.13879E-04
 2.13887E-04
 2.14196E-04
 2.14504E-04
 2.14512E-04
 2.14520E-04
 2.14528E-04
 2.14536E-04
 2.14544E-04
 2.14552E-04
 2.14561E-04
 2.14569E-04
 2.14577E-04
 2.14585E-04
 2.14593E-04
 2.14601E-04
 2.14609E-04
 2.14917E-04
 2.15225E-04
 2.15234E-04
 2.15542E-04
 2.15550E-04
 2.15558E-04
 2.15566E-04
 2.15574E-04
 2.15582E-04
 2.15590E-04
 2.15598E-04
 2.15606E-04
 2.15614E-04
 2.15623E-04
 2.15631E-04
 2.15639E-04
 2.15647E-04
 2.15955E-04
 2.15963E-04
 2.15971E-04
 2.15979E-04
 2.16287E-04
 2.16295E-04
 2.16303E-04
 2.16311E-04
 2.16319E-04
 2.16628E-04
 2.16636E-04
 2.16644E-04
 2.16652E-04
 2.16960E-04
 2.17568E-04
 2.17576E-04
 2.17584E-04
 2.17592E-04
 2.17600E-04
 2.17608E-04
 2.17917E-04
 2.17925E-04
 2.18533E-04
 2.18541E-04
 2.18549E-04
 2.18557E-04
 2.18565E-04
 2.18573E-04
 2.18581E-04
 2.18589E-04
 2.18597E-04
 2.18605E-04
 2.18613E-04
 2.18621E-04
 2.18629E-04
 2.18637E-04
 2.18645E-04
 2.18653E-04
 2.18661E-04
 2.18969E-04
 2.19278E-04
 2.19286E-04
 2.19594E-04
 2.19602E-04
 2.19910E-04
 2.19918E-04
 2.20226E-04
 2.20234E-04
 2.20242E-04
 2.20250E-04
 2.20258E-04
 2.20566E-04
 2.20574E-04
 2.21482E-04
 2.21490E-04
 2.21498E-04
 2.21506E-04
 2.21514E-04
 2.21522E-04
 2.21530E-04
 2.21538E-04
 2.21846E-04
 2.21854E-04
 2.21862E-04
 2.22171E-04
 2.22178E-04
 2.22186E-04
 2.22194E-04
 2.22503E-04
 2.22510E-04
 2.22518E-04
 2.22526E-04
 2.22534E-04
 2.22542E-04
 2.22850E-04
 2.22858E-04
 2.22866E-04
 2.22874E-04
 2.22882E-04
 2.23190E-04
 2.23198E-04
 2.23506E-04
 2.23814E-04
 2.23822E-04
 2.23830E-04
 2.23838E-04
 2.23846E-04
 2.24154E-04
 2.24162E-04
 2.24770E-04
 2.25078E-04
 2.25387E-04
 2.25394E-04
 2.25702E-04
 2.25710E-04
 2.25718E-04
 2.25726E-04
 2.25734E-04
 2.26042E-04
 2.26050E-04
 2.26358E-04
 2.26366E-04
 2.26374E-04
 2.26382E-04
 2.26390E-04
 2.26398E-04
 2.26706E-04
 2.26714E-04
 2.27022E-04
 2.27330E-04
 2.27338E-04
 2.27646E-04
 2.27654E-04
 2.27662E-04
 2.27669E-04
 2.27677E-04
 2.27685E-04
 2.27693E-04
 2.27701E-04
 2.27709E-04
 2.28017E-04
 2.28325E-04
 2.28333E-04
 2.28341E-04
 2.28349E-04
 2.28356E-04
 2.28364E-04
 2.28372E-04
 2.28380E-04
 2.28388E-04
 2.28696E-04
 2.29004E-04
 2.29012E-04
 2.29020E-04
 2.29328E-04
 2.29336E-04
 2.29343E-04
 2.29351E-04
 2.29359E-04
 2.29367E-04
 2.29375E-04
 2.29383E-04
 2.29391E-04
 2.29398E-04
 2.29406E-04
 2.29414E-04
 2.29422E-04
 2.29430E-04
 2.29738E-04
 2.29746E-04
 2.30054E-04
 2.30361E-04
 2.30669E-04
 2.30977E-04
 2.31285E-04
 2.31293E-04
 2.31301E-04
 2.31309E-04
 2.31317E-04
 2.31325E-04
 2.31332E-04
 2.31340E-04
 2.31348E-04
 2.31656E-04
 2.31664E-04
 2.32272E-04
 2.32280E-04
 2.32287E-04
 2.32595E-04
 2.32603E-04
 2.32911E-04
 2.32919E-04
 2.32927E-04
 2.32934E-04
 2.32942E-04
 2.32950E-04
 2.33258E-04
 2.33266E-04
 2.33274E-04
 2.33281E-04
 2.33589E-04
 2.33597E-04
 2.33605E-04
 2.33913E-04
 2.33921E-04
 2.33928E-04
 2.33936E-04
 2.33944E-04
 2.33952E-04
 2.33959E-04
 2.33967E-04
 2.33975E-04
 2.34283E-04
 2.34291E-04
 2.34298E-04
 2.34306E-04
 2.34314E-04
 2.34322E-04
 2.34329E-04
 2.34337E-04
 2.34345E-04
 2.34353E-04
 2.34360E-04
 2.34368E-04
 2.34376E-04
 2.34384E-04
 2.34391E-04
 2.34399E-04
 2.34407E-04
 2.34415E-04
 2.34722E-04
 2.34730E-04
 2.34738E-04
 2.35346E-04
 2.35654E-04
 2.35661E-04
 2.35669E-04
 2.35977E-04
 2.36285E-04
 2.36293E-04
 2.36300E-04
 2.36608E-04
 2.36916E-04
 2.36924E-04
 2.36931E-04
 2.37239E-04
 2.37247E-04
 2.37255E-04
 2.37262E-04
 2.37270E-04
 2.37878E-04
 2.37886E-04
 2.37893E-04
 2.37901E-04
 2.37909E-04
 2.38217E-04
 2.38224E-04
 2.38232E-04
 2.38240E-04
 2.38547E-04
 2.38555E-04
 2.38863E-04
 2.38870E-04
 2.38878E-04
 2.38886E-04
 2.39194E-04
 2.39201E-04
 2.39509E-04
 2.39817E-04
 2.39824E-04
 2.40132E-04
 2.40140E-04
 2.40448E-04
 2.40455E-04
 2.40463E-04
 2.40471E-04
 2.40778E-04
 2.40786E-04
 2.40794E-04
 2.40801E-04
 2.40809E-04
 2.41417E-04
 2.41424E-04
 2.41732E-04
 2.41740E-04
 2.41747E-04
 2.42055E-04
 2.42063E-04
 2.42070E-04
 2.42078E-04
 2.42086E-04
 2.42393E-04
 2.42701E-04
 2.42709E-04
 2.42716E-04
 2.42724E-04
 2.43032E-04
 2.43039E-04
 2.43047E-04
 2.43055E-04
 2.43362E-04
 2.43370E-04
 2.43678E-04
 2.43685E-04
 2.43693E-04
 2.44000E-04
 2.44308E-04
 2.44316E-04
 2.44323E-04
 2.44631E-04
 2.44639E-04
 2.44646E-04
 2.44654E-04
 2.44661E-04
 2.44669E-04
 2.44676E-04
 2.44684E-04
 2.44692E-04
 2.44699E-04
 2.44707E-04
 2.45014E-04
 2.45022E-04
 2.45330E-04
 2.45637E-04
 2.45645E-04
 2.45953E-04
 2.45960E-04
 2.45968E-04
 2.46275E-04
 2.46283E-04
 2.46290E-04
 2.46298E-04
 2.46305E-04
 2.46313E-04
 2.46320E-04
 2.46628E-04
 2.46636E-04
 2.46943E-04
 2.46951E-04
 2.46958E-04
 2.46966E-04
 2.47273E-04
 2.47281E-04
 2.47288E-04
 2.47596E-04
 2.47604E-04
 2.47611E-04
 2.47619E-04
 2.47926E-04
 2.47934E-04
 2.47941E-04
 2.47949E-04
 2.48256E-04
 2.48264E-04
 2.48271E-04
 2.48279E-04
 2.48286E-04
 2.48294E-04
 2.48301E-04
 2.48309E-04
 2.48316E-04
 2.48324E-04
 2.48331E-04
 2.48639E-04
 2.48646E-04
 2.48654E-04
 2.48661E-04
 2.48669E-04
 2.48676E-04
 2.48683E-04
 2.48691E-04
 2.48698E-04
 2.48706E-04
 2.48713E-04
 2.48721E-04
 2.48728E-04
 2.49036E-04
 2.49043E-04
 2.49651E-04
 2.49658E-04
 2.49666E-04
 2.49673E-04
 2.49680E-04
 2.49688E-04
 2.49695E-04
 2.50003E-04
 2.50010E-04
 2.50018E-04
 2.50025E-04
 2.50333E-04
 2.50340E-04
 2.50347E-04
 2.50355E-04
 2.50362E-04
 2.50370E-04
 2.50377E-04
 2.50985E-04
 2.50992E-04
 2.50999E-04
 2.51307E-04
 2.51614E-04
 2.51622E-04
 2.51629E-04
 2.51637E-04
 2.51644E-04
 2.51651E-04
 2.51659E-04
 2.51966E-04
 2.52274E-04
 2.52281E-04
 2.52288E-04
 2.52296E-04
 2.52603E-04
 2.52911E-04
 2.52918E-04
 2.53226E-04
 2.53533E-04
 2.53841E-04
 2.54448E-04
 2.54455E-04
 2.54463E-04
 2.54470E-04
 2.54477E-04
 2.54485E-04
 2.55092E-04
 2.55400E-04
 2.55407E-04
 2.55414E-04
 2.55722E-04
 2.55729E-04
 2.55737E-04
 2.55744E-04
 2.55751E-04
 2.56059E-04
 2.56366E-04
 2.56373E-04
 2.56381E-04
 2.56388E-04
 2.56395E-04
 2.56403E-04
 2.56410E-04
 2.56417E-04
 2.56424E-04
 2.56732E-04
 2.57039E-04
 2.57046E-04
 2.57054E-04
 2.57361E-04
 2.57669E-04
 2.57676E-04
 2.57983E-04
 2.57990E-04
 2.58298E-04
 2.58305E-04
 2.58312E-04
 2.58320E-04
 2.58327E-04
 2.58334E-04
 2.58942E-04
 2.58949E-04
 2.58956E-04
 2.58963E-04
 2.58971E-04
 2.59278E-04
 2.59285E-04
 2.59292E-04
 2.59300E-04
 2.59307E-04
 2.59314E-04
 2.59321E-04
 2.59329E-04
 2.59336E-04
 2.59343E-04
 2.59350E-04
 2.59958E-04
 2.60265E-04
 2.60272E-04
 2.60279E-04
 2.60287E-04
 2.60594E-04
 2.60601E-04
 2.60909E-04
 2.61216E-04
 2.61223E-04
 2.61230E-04
 2.61237E-04
 2.61245E-04
 2.61552E-04
 2.61559E-04
 2.61566E-04
 2.61573E-04
 2.61581E-04
 2.61588E-04
 2.61895E-04
 2.61902E-04
 2.61909E-04
 2.61917E-04
 2.61924E-04
 2.61931E-04
 2.61938E-04
 2.61945E-04
 2.61952E-04
 2.61960E-04
 2.62267E-04
 2.62274E-04
 2.62281E-04
 2.62288E-04
 2.62295E-04
 2.62603E-04
 2.62610E-04
 2.62917E-04
 2.62924E-04
 2.62931E-04
 2.62938E-04
 2.62945E-04
 2.63253E-04
 2.63260E-04
 2.63567E-04
 2.63874E-04
 2.63881E-04
 2.63889E-04
 2.63896E-04
 2.63903E-04
 2.63910E-04
 2.63917E-04
 2.64224E-04
 2.64231E-04
 2.64538E-04
 2.65146E-04
 2.65153E-04
 2.65160E-04
 2.65467E-04
 2.65474E-04
 2.65481E-04
 2.65488E-04
 2.65495E-04
 2.65502E-04
 2.65510E-04
 2.65517E-04
 2.65524E-04
 2.65531E-04
 2.65838E-04
 2.65845E-04
 2.65852E-04
 2.65859E-04
 2.65866E-04
 2.65873E-04
 2.66180E-04
 2.66187E-04
 2.66494E-04
 2.66502E-04
 2.66509E-04
 2.66516E-04
 2.66523E-04
 2.66530E-04
 2.66537E-04
 2.66844E-04
 2.66851E-04
 2.66858E-04
 2.66865E-04
 2.66872E-04
 2.66879E-04
 2.66886E-04
 2.66893E-04
 2.66900E-04
 2.66907E-04
 2.66914E-04
 2.67221E-04
 2.67828E-04
 2.67835E-04
 2.68442E-04
 2.68449E-04
 2.69057E-04
 2.69364E-04
 2.69371E-04
 2.69378E-04
 2.69385E-04
 2.69392E-04
 2.69699E-04
 2.69706E-04
 2.69713E-04
 2.69719E-04
 2.69726E-04
 2.69733E-04
 2.69740E-04
 2.69747E-04
 2.70054E-04
 2.70361E-04
 2.70368E-04
 2.70375E-04
 2.70382E-04
 2.70389E-04
 2.70396E-04
 2.70703E-04
 2.70710E-04
 2.70717E-04
 2.71024E-04
 2.71631E-04
 2.71638E-04
 2.71645E-04
 2.71652E-04
 2.71659E-04
 2.72266E-04
 2.72273E-04
 2.72280E-04
 2.72287E-04
 2.72294E-04
 2.72300E-04
 2.72307E-04
 2.72614E-04
 2.72621E-04
 2.72928E-04
 2.72935E-04
 2.72942E-04
 2.72949E-04
 2.72956E-04
 2.72963E-04
 2.72969E-04
 2.72976E-04
 2.73283E-04
 2.73290E-04
 2.73297E-04
 2.73604E-04
 2.74211E-04
 2.74218E-04
 2.74225E-04
 2.74232E-04
 2.74539E-04
 2.74846E-04
 2.74852E-04
 2.75159E-04
 2.75166E-04
 2.75473E-04
 2.75480E-04
 2.75787E-04
 2.75794E-04
 2.75801E-04
 2.76108E-04
 2.76114E-04
 2.76421E-04
 2.76428E-04
 2.76435E-04
 2.76442E-04
 2.76449E-04
 2.76755E-04
 2.76762E-04
 2.77069E-04
 2.77076E-04
 2.77383E-04
 2.77390E-04
 2.77396E-04
 2.77403E-04
 2.77410E-04
 2.77417E-04
 2.77424E-04
 2.77430E-04
 2.77437E-04
 2.77444E-04
 2.77451E-04
 2.77457E-04
 2.77464E-04
 2.77771E-04
 2.78078E-04
 2.78085E-04
 2.78091E-04
 2.78398E-04
 2.78705E-04
 2.78712E-04
 2.79019E-04
 2.79025E-04
 2.79032E-04
 2.79039E-04
 2.79046E-04
 2.79052E-04
 2.79059E-04
 2.79066E-04
 2.79073E-04
 2.79079E-04
 2.79086E-04
 2.79993E-04
 2.80000E-04
 2.80006E-04
 2.80313E-04
 2.80320E-04
 2.80327E-04
 2.80333E-04
 2.80340E-04
 2.80347E-04
 2.80654E-04
 2.80660E-04
 2.80667E-04
 2.80674E-04
 2.80680E-04
 2.80687E-04
 2.80994E-04
 2.81000E-04
 2.81007E-04
 2.81014E-04
 2.81020E-04
 2.81027E-04
 2.81034E-04
 2.81040E-04
 2.81047E-04
 2.81354E-04
 2.81361E-04
 2.81367E-04
 2.81374E-04
 2.81380E-04
 2.81387E-04
 2.81394E-04
 2.81700E-04
 2.81707E-04
 2.81714E-04
 2.82020E-04
 2.82027E-04
 2.82034E-04
 2.82040E-04
 2.82347E-04
 2.82354E-04
 2.82360E-04
 2.82367E-04
 2.82674E-04
 2.82980E-04
 2.83287E-04
 2.83594E-04
 2.83600E-04
 2.83907E-04
 2.83914E-04
 2.83920E-04
 2.83927E-04
 2.83933E-04
 2.83940E-04
 2.84247E-04
 2.84253E-04
 2.84260E-04
 2.84266E-04
 2.84273E-04
 2.84280E-04
 2.84586E-04
 2.84593E-04
 2.85200E-04
 2.85806E-04
 2.85813E-04
 2.85820E-04
 2.85826E-04
 2.85833E-04
 2.85839E-04
 2.85846E-04
 2.86152E-04
 2.86159E-04
 2.86466E-04
 2.86772E-04
 2.87079E-04
 2.87085E-04
 2.87092E-04
 2.87399E-04
 2.87405E-04
 2.87412E-04
 2.87418E-04
 2.87425E-04
 2.87431E-04
 2.87438E-04
 2.87444E-04
 2.87451E-04
 2.87757E-04
 2.87764E-04
 2.87770E-04
 2.87777E-04
 2.88083E-04
 2.88090E-04
 2.88096E-04
 2.88103E-04
 2.88409E-04
 2.88416E-04
 2.88723E-04
 2.88729E-04
 2.88735E-04
 2.89042E-04
 2.89049E-04
 2.89055E-04
 2.89362E-04
 2.89368E-04
 2.89374E-04
 2.89381E-04
 2.89387E-04
 2.89394E-04
 2.89400E-04
 2.89407E-04
 2.89713E-04
 2.90020E-04
 2.90026E-04
 2.90333E-04
 2.90339E-04
 2.90646E-04
 2.90652E-04
 2.90659E-04
 2.90665E-04
 2.90671E-04
 2.90678E-04
 2.90984E-04
 2.91291E-04
 2.91597E-04
 2.91604E-04
 2.91610E-04
 2.91617E-04
 2.91623E-04
 2.91930E-04
 2.92236E-04
 2.92243E-04
 2.92549E-04
 2.93156E-04
 2.93162E-04
 2.93168E-04
 2.93175E-04
 2.93181E-04
 2.93188E-04
 2.93194E-04
 2.93200E-04
 2.93207E-04
 2.93213E-04
 2.93219E-04
 2.93226E-04
 2.93832E-04
 2.94139E-04
 2.94145E-04
 2.94152E-04
 2.94158E-04
 2.94164E-04
 2.94171E-04
 2.94177E-04
 2.94483E-04
 2.94490E-04
 2.94796E-04
 2.94802E-04
 2.94809E-04
 2.94815E-04
 2.94821E-04
 2.94828E-04
 2.94834E-04
 2.95140E-04
 2.95147E-04
 2.95153E-04
 2.95159E-04
 2.95166E-04
 2.95172E-04
 2.95178E-04
 2.95485E-04
 2.95791E-04
 2.95797E-04
 2.95804E-04
 2.95810E-04
 2.95816E-04
 2.95823E-04
 2.95829E-04
 2.95835E-04
 2.95841E-04
 2.96148E-04
 2.96454E-04
 2.96460E-04
 2.96467E-04
 2.96473E-04
 2.96479E-04
 2.96486E-04
 2.96492E-04
 2.96498E-04
 2.96504E-04
 2.96511E-04
 2.96517E-04
 2.96523E-04
 2.96829E-04
 2.96836E-04
 2.96842E-04
 2.96848E-04
 2.97154E-04
 2.97461E-04
 2.97467E-04
 2.98074E-04
 2.98380E-04
 2.98986E-04
 2.99593E-04
 2.99599E-04
 2.99605E-04
 2.99912E-04
 2.99918E-04
 3.00224E-04
 3.00530E-04
 3.00537E-04
 3.00543E-04
 3.00849E-04
 3.00855E-04
 3.00862E-04
 3.01168E-04
 3.01174E-04
 3.01480E-04
 3.01487E-04
 3.01493E-04
 3.01499E-04
 3.01505E-04
 3.01511E-04
 3.01517E-04
 3.01524E-04
 3.01530E-04
 3.01536E-04
 3.01542E-04
 3.02148E-04
 3.02155E-04
 3.02161E-04
 3.02167E-04
 3.02173E-04
 3.02479E-04
 3.02485E-04
 3.02792E-04
 3.02798E-04
 3.02804E-04
 3.02810E-04
 3.03116E-04
 3.03123E-04
 3.03729E-04
 3.03735E-04
 3.03741E-04
 3.03747E-04
 3.03753E-04
 3.03759E-04
 3.03766E-04
 3.03772E-04
 3.03778E-04
 3.03784E-04
 3.04090E-04
 3.04096E-04
 3.04102E-04
 3.04108E-04
 3.04115E-04
 3.04421E-04
 3.04427E-04
 3.05033E-04
 3.05039E-04
 3.05045E-04
 3.05051E-04
 3.05058E-04
 3.05064E-04
 3.05070E-04
 3.05076E-04
 3.05082E-04
 3.05088E-04
 3.05094E-04
 3.05400E-04
 3.05406E-04
 3.05412E-04
 3.05418E-04
 3.05424E-04
 3.05430E-04
 3.05436E-04
 3.05442E-04
 3.05749E-04
 3.05755E-04
 3.06061E-04
 3.06067E-04
 3.06073E-04
 3.06379E-04
 3.06385E-04
 3.06391E-04
 3.06397E-04
 3.06403E-04
 3.06709E-04
 3.07015E-04
 3.07022E-04
 3.07028E-04
 3.07334E-04
 3.07340E-04
 3.07346E-04
 3.07352E-04
 3.07358E-04
 3.07364E-04
 3.07370E-04
 3.07376E-04
 3.07682E-04
 3.07688E-04
 3.07694E-04
 3.07700E-04
 3.07706E-04
 3.07712E-04
 3.07718E-04
 3.08324E-04
 3.08330E-04
 3.08636E-04
 3.08942E-04
 3.09248E-04
 3.09254E-04
 3.09260E-04
 3.09566E-04
 3.09572E-04
 3.09578E-04
 3.09584E-04
 3.09590E-04
 3.09596E-04
 3.10202E-04
 3.10208E-04
 3.10514E-04
 3.10820E-04
 3.10826E-04
 3.10832E-04
 3.11138E-04
 3.11144E-04
 3.11150E-04
 3.11156E-04
 3.11162E-04
 3.11168E-04
 3.11474E-04
 3.11480E-04
 3.11486E-04
 3.11492E-04
 3.11498E-04
 3.11504E-04
 3.11509E-04
 3.11515E-04
 3.11521E-04
 3.11527E-04
 3.11833E-04
 3.12139E-04
 3.12145E-04
 3.12451E-04
 3.12457E-04
 3.12463E-04
 3.12469E-04
 3.12475E-04
 3.12481E-04
 3.12486E-04
 3.12492E-04
 3.12798E-04
 3.13104E-04
 3.13410E-04
 3.13716E-04
 3.14022E-04
 3.14328E-04
 3.14334E-04
 3.14340E-04
 3.14646E-04
 3.15252E-04
 3.15558E-04
 3.15564E-04
 3.15870E-04
 3.15876E-04
 3.15882E-04
 3.16188E-04
 3.16193E-04
 3.16199E-04
 3.16505E-04
 3.16511E-04
 3.16517E-04
 3.16523E-04
 3.16529E-04
 3.16534E-04
 3.16840E-04
 3.16846E-04
 3.16852E-04
 3.17158E-04
 3.17164E-04
 3.17770E-04
 3.17776E-04
 3.17781E-04
 3.17787E-04
 3.17793E-04
 3.18099E-04
 3.18405E-04
 3.18411E-04
 3.18417E-04
 3.18422E-04
 3.18428E-04
 3.18434E-04
 3.18440E-04
 3.18445E-04
 3.18751E-04
 3.18757E-04
 3.18763E-04
 3.18769E-04
 3.18774E-04
 3.19080E-04
 3.19086E-04
 3.19092E-04
 3.19398E-04
 3.19404E-04
 3.19709E-04
 3.19715E-04
 3.19721E-04
 3.19727E-04
 3.19733E-04
 3.19738E-04
 3.20044E-04
 3.20050E-04
 3.20056E-04
 3.20061E-04
 3.20067E-04
 3.20073E-04
 3.20079E-04
 3.20084E-04
 3.20090E-04
 3.20096E-04
 3.20102E-04
 3.20107E-04
 3.20413E-04
 3.20719E-04
 3.21025E-04
 3.21031E-04
 3.21036E-04
 3.21042E-04
 3.21048E-04
 3.21354E-04
 3.21359E-04
 3.21365E-04
 3.21371E-04
 3.21677E-04
 3.21682E-04
 3.21688E-04
 3.21694E-04
 3.21999E-04
 3.22005E-04
 3.22011E-04
 3.22017E-04
 3.22022E-04
 3.22328E-04
 3.22334E-04
 3.22339E-04
 3.22345E-04
 3.22351E-04
 3.22356E-04
 3.22662E-04
 3.22968E-04
 3.22974E-04
 3.23580E-04
 3.24186E-04
 3.24191E-04
 3.24197E-04
 3.24503E-04
 3.24508E-04
 3.24514E-04
 3.24520E-04
 3.24525E-04
 3.24831E-04
 3.24837E-04
 3.24842E-04
 3.24848E-04
 3.25154E-04
 3.25160E-04
 3.25165E-04
 3.25171E-04
 3.25176E-04
 3.25182E-04
 3.25188E-04
 3.25193E-04
 3.25199E-04
 3.25205E-04
 3.25210E-04
 3.25216E-04
 3.25222E-04
 3.25227E-04
 3.25533E-04
 3.25538E-04
 3.25844E-04
 3.25850E-04
 3.25855E-04
 3.25861E-04
 3.26167E-04
 3.26172E-04
 3.26178E-04
 3.26484E-04
 3.26489E-04
 3.26795E-04
 3.26801E-04
 3.26806E-04
 3.26812E-04
 3.26817E-04
 3.26823E-04
 3.26829E-04
 3.26834E-04
 3.26840E-04
 3.27146E-04
 3.27151E-04
 3.27157E-04
 3.27162E-04
 3.27168E-04
 3.27173E-04
 3.27479E-04
 3.27785E-04
 3.27790E-04
 3.28396E-04
 3.28702E-04
 3.29008E-04
 3.29013E-04
 3.29319E-04
 3.29324E-04
 3.29330E-04
 3.29636E-04
 3.29641E-04
 3.29947E-04
 3.29952E-04
 3.30258E-04
 3.30264E-04
 3.30269E-04
 3.30575E-04
 3.30880E-04
 3.31186E-04
 3.31192E-04
 3.31197E-04
 3.31203E-04
 3.31508E-04
 3.31514E-04
 3.31519E-04
 3.31525E-04
 3.31530E-04
 3.31836E-04
 3.32442E-04
 3.32447E-04
 3.32453E-04
 3.32458E-04
 3.32464E-04
 3.32469E-04
 3.32475E-04
 3.32781E-04
 3.32786E-04
 3.32792E-04
 3.32797E-04
 3.32803E-04
 3.33108E-04
 3.33714E-04
 3.33719E-04
 3.33725E-04
 3.33730E-04
 3.33736E-04
 3.33741E-04
 3.33747E-04
 3.34052E-04
 3.34058E-04
 3.34063E-04
 3.34369E-04
 3.34675E-04
 3.34680E-04
 3.34686E-04
 3.34991E-04
 3.34997E-04
 3.35302E-04
 3.35608E-04
 3.35613E-04
 3.35619E-04
 3.35624E-04
 3.35630E-04
 3.35635E-04
 3.35641E-04
 3.35646E-04
 3.35652E-04
 3.35957E-04
 3.35963E-04
 3.35968E-04
 3.36274E-04
 3.36279E-04
 3.36284E-04
 3.36590E-04
 3.36596E-04
 3.36601E-04
 3.36907E-04
 3.37212E-04
 3.37217E-04
 3.37223E-04
 3.37228E-04
 3.37234E-04
 3.37239E-04
 3.37845E-04
 3.38150E-04
 3.38156E-04
 3.38161E-04
 3.38167E-04
 3.38172E-04
 3.38178E-04
 3.38183E-04
 3.38188E-04
 3.38194E-04
 3.38199E-04
 3.38505E-04
 3.38510E-04
 3.38816E-04
 3.38821E-04
 3.39127E-04
 3.39132E-04
 3.39438E-04
 3.39443E-04
 3.39448E-04
 3.39454E-04
 3.39459E-04
 3.39464E-04
 3.39470E-04
 3.39775E-04
 3.39781E-04
 3.39786E-04
 3.40092E-04
 3.40097E-04
 3.40102E-04
 3.40108E-04
 3.40713E-04
 3.40719E-04
 3.40724E-04
 3.40730E-04
 3.40735E-04
 3.40740E-04
 3.41046E-04
 3.41051E-04
 3.41057E-04
 3.41362E-04
 3.41367E-04
 3.41373E-04
 3.41678E-04
 3.41984E-04
 3.41989E-04
 3.41994E-04
 3.42000E-04
 3.42005E-04
 3.42010E-04
 3.42016E-04
 3.42021E-04
 3.42026E-04
 3.42032E-04
 3.42037E-04
 3.42042E-04
 3.42048E-04
 3.42353E-04
 3.42359E-04
 3.42664E-04
 3.42669E-04
 3.42675E-04
 3.42680E-04
 3.42685E-04
 3.42691E-04
 3.42696E-04
 3.42701E-04
 3.42707E-04
 3.43312E-04
 3.43618E-04
 3.43623E-04
 3.43628E-04
 3.43934E-04
 3.44239E-04
 3.44545E-04
 3.44550E-04
 3.44555E-04
 3.45161E-04
 3.45166E-04
 3.45171E-04
 3.45177E-04
 3.45182E-04
 3.45187E-04
 3.45193E-04
 3.45198E-04
 3.45203E-04
 3.45509E-04
 3.45514E-04
 3.45819E-04
 3.46425E-04
 3.46430E-04
 3.46435E-04
 3.46441E-04
 3.46446E-04
 3.46451E-04
 3.46457E-04
 3.46762E-04
 3.46767E-04
 3.46772E-04
 3.47078E-04
 3.47083E-04
 3.47088E-04
 3.47094E-04
 3.47099E-04
 3.47104E-04
 3.47110E-04
 3.47115E-04
 3.47720E-04
 3.47726E-04
 3.47731E-04
 3.48036E-04
 3.48041E-04
 3.48047E-04
 3.48052E-04
 3.48357E-04
 3.48363E-04
 3.48368E-04
 3.48373E-04
 3.48378E-04
 3.48684E-04
 3.48689E-04
 3.48694E-04
 3.48699E-04
 3.49005E-04
 3.49010E-04
 3.49315E-04
 3.49321E-04
 3.49626E-04
 3.49931E-04
 3.49937E-04
 3.50242E-04
 3.50247E-04
 3.50553E-04
 3.50558E-04
 3.50863E-04
 3.50868E-04
 3.50874E-04
 3.51179E-04
 3.51184E-04
 3.51189E-04
 3.51195E-04
 3.51200E-04
 3.51205E-04
 3.51210E-04
 3.51516E-04
 3.52121E-04
 3.52126E-04
 3.52432E-04
 3.52437E-04
 3.52442E-04
 3.52447E-04
 3.52452E-04
 3.52458E-04
 3.52463E-04
 3.52768E-04
 3.53073E-04
 3.53679E-04
 3.53684E-04
 3.53689E-04
 3.53694E-04
 3.53700E-04
 3.54005E-04
 3.54010E-04
 3.54015E-04
 3.54021E-04
 3.54026E-04
 3.54031E-04
 3.54336E-04
 3.54341E-04
 3.54647E-04
 3.54952E-04
 3.54957E-04
 3.54962E-04
 3.55268E-04
 3.55273E-04
 3.55278E-04
 3.55283E-04
 3.55288E-04
 3.55293E-04
 3.55299E-04
 3.55304E-04
 3.55309E-04
 3.55314E-04
 3.55319E-04
 3.55925E-04
 3.55930E-04
 3.56235E-04
 3.56540E-04
 3.56546E-04
 3.56551E-04
 3.56556E-04
 3.56561E-04
 3.56566E-04
 3.56571E-04
 3.56576E-04
 3.56582E-04
 3.56587E-04
 3.56892E-04
 3.56897E-04
 3.56902E-04
 3.56907E-04
 3.56913E-04
 3.56918E-04
 3.57223E-04
 3.57228E-04
 3.57233E-04
 3.57238E-04
 3.57244E-04
 3.57249E-04
 3.57554E-04
 3.57559E-04
 3.57564E-04
 3.57569E-04
 3.57574E-04
 3.57580E-04
 3.57885E-04
 3.57890E-04
 3.57895E-04
 3.57900E-04
 3.58506E-04
 3.58811E-04
 3.58816E-04
 3.59121E-04
 3.59126E-04
 3.59131E-04
 3.59737E-04
 3.59742E-04
 3.59747E-04
 3.60352E-04
 3.60357E-04
 3.60963E-04
 3.60968E-04
 3.60973E-04
 3.60978E-04
 3.61283E-04
 3.61288E-04
 3.61594E-04
 3.61599E-04
 3.61604E-04
 3.61609E-04
 3.61614E-04
 3.61619E-04
 3.61924E-04
 3.61929E-04
 3.61934E-04
 3.61940E-04
 3.62245E-04
 3.62550E-04
 3.62855E-04
 3.62860E-04
 3.63165E-04
 3.63171E-04
 3.63176E-04
 3.63181E-04
 3.63186E-04
 3.63491E-04
 3.63496E-04
 3.63501E-04
 3.63506E-04
 3.63511E-04
 3.63816E-04
 3.64422E-04
 3.64727E-04
 3.64732E-04
 3.64737E-04
 3.64742E-04
 3.64747E-04
 3.64752E-04
 3.64757E-04
 3.64762E-04
 3.64767E-04
 3.64772E-04
 3.64778E-04
 3.64783E-04
 3.64788E-04
 3.64793E-04
 3.64798E-04
 3.64803E-04
 3.65408E-04
 3.65413E-04
 3.65418E-04
 3.65423E-04
 3.65428E-04
 3.66034E-04
 3.66039E-04
 3.66044E-04
 3.66349E-04
 3.66354E-04
 3.66359E-04
 3.66364E-04
 3.66369E-04
 3.66374E-04
 3.66679E-04
 3.66684E-04
 3.66689E-04
 3.66694E-04
 3.66699E-04
 3.66704E-04
 3.66709E-04
 3.67015E-04
 3.67020E-04
 3.67625E-04
 3.67630E-04
 3.67635E-04
 3.67640E-04
 3.67645E-04
 3.67650E-04
 3.67655E-04
 3.67660E-04
 3.67965E-04
 3.68570E-04
 3.68876E-04
 3.68881E-04
 3.68886E-04
 3.69191E-04
 3.69196E-04
 3.69201E-04
 3.69206E-04
 3.69211E-04
 3.69216E-04
 3.69221E-04
 3.69226E-04
 3.69231E-04
 3.69536E-04
 3.69541E-04
 3.69546E-04
 3.69551E-04
 3.69556E-04
 3.69561E-04
 3.69566E-04
 3.69571E-04
 3.69876E-04
 3.69881E-04
 3.69886E-04
 3.69891E-04
 3.69896E-04
 3.69901E-04
 3.69906E-04
 3.69911E-04
 3.70216E-04
 3.70221E-04
 3.70226E-04
 3.70231E-04
 3.70536E-04
 3.70841E-04
 3.71146E-04
 3.71151E-04
 3.71156E-04
 3.71161E-04
 3.71466E-04
 3.71771E-04
 3.71776E-04
 3.72081E-04
 3.72086E-04
 3.72391E-04
 3.72396E-04
 3.72401E-04
 3.72406E-04
 3.72411E-04
 3.72416E-04
 3.72421E-04
 3.72426E-04
 3.72731E-04
 3.72736E-04
 3.72741E-04
 3.73046E-04
 3.73051E-04
 3.73056E-04
 3.73061E-04
 3.73666E-04
 3.73671E-04
 3.73676E-04
 3.74281E-04
 3.74286E-04
 3.74291E-04
 3.74296E-04
 3.74301E-04
 3.74606E-04
 3.74611E-04
 3.74616E-04
 3.74621E-04
 3.74926E-04
 3.74931E-04
 3.75236E-04
 3.75241E-04
 3.75546E-04
 3.76151E-04
 3.76456E-04
 3.76762E-04
 3.76766E-04
 3.76771E-04
 3.76776E-04
 3.77081E-04
 3.77086E-04
 3.77391E-04
 3.77396E-04
 3.77401E-04
 3.77706E-04
 3.77711E-04
 3.78316E-04
 3.78321E-04
 3.78326E-04
 3.78631E-04
 3.78636E-04
 3.78641E-04
 3.79246E-04
 3.79251E-04
 3.79556E-04
 3.79561E-04
 3.79566E-04
 3.79571E-04
 3.79876E-04
 3.79881E-04
 3.79886E-04
 3.79891E-04
 3.79896E-04
 3.79901E-04
 3.80206E-04
 3.80211E-04
 3.80215E-04
 3.80220E-04
 3.80525E-04
 3.80530E-04
 3.80835E-04
 3.80840E-04
 3.81445E-04
 3.81450E-04
 3.81455E-04
 3.81460E-04
 3.81765E-04
 3.81770E-04
 3.81775E-04
 3.81780E-04
 3.81785E-04
 3.81790E-04
 3.81794E-04
 3.81799E-04
 3.81804E-04
 3.81809E-04
 3.81814E-04
 3.81819E-04
 3.81824E-04
 3.81829E-04
 3.82134E-04
 3.83039E-04
 3.83044E-04
 3.83049E-04
 3.83054E-04
 3.83058E-04
 3.83063E-04
 3.83368E-04
 3.83373E-04
 3.83378E-04
 3.83383E-04
 3.83388E-04
 3.83393E-04
 3.83698E-04
 3.83703E-04
 3.83707E-04
 3.83712E-04
 3.83717E-04
 3.83722E-04
 3.83727E-04
 3.83732E-04
 3.83737E-04
 3.83741E-04
 3.83746E-04
 3.83751E-04
 3.84056E-04
 3.84061E-04
 3.84366E-04
 3.84671E-04
 3.84676E-04
 3.84681E-04
 3.85286E-04
 3.85291E-04
 3.85295E-04
 3.85300E-04
 3.85305E-04
 3.85310E-04
 3.85315E-04
 3.85320E-04
 3.85325E-04
 3.85329E-04
 3.85334E-04
 3.85639E-04
 3.85944E-04
 3.85949E-04
 3.85954E-04
 3.85959E-04
 3.85964E-04
 3.85968E-04
 3.85973E-04
 3.85978E-04
 3.85983E-04
 3.86288E-04
 3.86593E-04
 3.86598E-04
 3.86603E-04
 3.86607E-04
 3.86612E-04
 3.86917E-04
 3.87222E-04
 3.87827E-04
 3.88132E-04
 3.88137E-04
 3.88142E-04
 3.88147E-04
 3.88151E-04
 3.88156E-04
 3.88161E-04
 3.88166E-04
 3.88171E-04
 3.88176E-04
 3.88180E-04
 3.88185E-04
 3.88790E-04
 3.88795E-04
 3.88800E-04
 3.89105E-04
 3.89110E-04
 3.89415E-04
 3.89719E-04
 3.89724E-04
 3.89729E-04
 3.90034E-04
 3.90039E-04
 3.90044E-04
 3.90349E-04
 3.90353E-04
 3.90358E-04
 3.90663E-04
 3.90668E-04
 3.91273E-04
 3.91278E-04
 3.91583E-04
 3.91588E-04
 3.91592E-04
 3.91597E-04
 3.91602E-04
 3.91607E-04
 3.91611E-04
 3.91616E-04
 3.91621E-04
 3.91626E-04
 3.91931E-04
 3.91936E-04
 3.91940E-04
 3.91945E-04
 3.92550E-04
 3.92555E-04
 3.92560E-04
 3.92565E-04
 3.92569E-04
 3.92874E-04
 3.92879E-04
 3.92884E-04
 3.93189E-04
 3.93494E-04
 3.93498E-04
 3.93803E-04
 3.93808E-04
 3.93813E-04
 3.94118E-04
 3.94423E-04
 3.94427E-04
 3.94732E-04
 3.94737E-04
 3.94742E-04
 3.94747E-04
 3.94751E-04
 3.95056E-04
 3.95061E-04
 3.95366E-04
 3.95371E-04
 3.95676E-04
 3.95680E-04
 3.95685E-04
 3.96290E-04
 3.96295E-04
 3.96300E-04
 3.96304E-04
 3.96609E-04
 3.96614E-04
 3.96619E-04
 3.96624E-04
 3.96929E-04
 3.97233E-04
 3.97238E-04
 3.97243E-04
 3.97248E-04
 3.97252E-04
 3.97257E-04
 3.97262E-04
 3.97267E-04
 3.97271E-04
 3.97276E-04
 3.97581E-04
 3.97586E-04
 3.97891E-04
 3.98196E-04
 3.98500E-04
 3.98505E-04
 3.98810E-04
 3.98815E-04
 3.98819E-04
 3.98824E-04
 3.98829E-04
 3.98834E-04
 3.98838E-04
 3.99143E-04
 3.99148E-04
 3.99453E-04
 3.99458E-04
 3.99462E-04
 3.99767E-04
 3.99772E-04
 3.99777E-04
 3.99781E-04
 3.99786E-04
 3.99791E-04
 3.99796E-04
 3.99800E-04
 3.99805E-04
 3.99810E-04
 4.00115E-04
 4.00419E-04
 4.00724E-04
 4.00729E-04
 4.00734E-04
 4.00738E-04
 4.01043E-04
 4.01048E-04
 4.01053E-04
 4.01358E-04
 4.01362E-04
 4.01667E-04
 4.01672E-04
 4.01677E-04
 4.01681E-04
 4.01686E-04
 4.01691E-04
 4.01695E-04
 4.02000E-04
 4.02005E-04
 4.02310E-04
 4.02314E-04
 4.02319E-04
 4.02324E-04
 4.02329E-04
 4.02333E-04
 4.02338E-04
 4.02343E-04
 4.02347E-04
 4.02652E-04
 4.02957E-04
 4.02962E-04
 4.03267E-04
 4.03271E-04
 4.03276E-04
 4.03281E-04
 4.03285E-04
 4.03890E-04
 4.04195E-04
 4.04200E-04
 4.04805E-04
 4.04809E-04
 4.05114E-04
 4.05419E-04
 4.05424E-04
 4.05729E-04
 4.05733E-04
 4.05738E-04
 4.05743E-04
 4.05747E-04
 4.05752E-04
 4.05757E-04
 4.06061E-04
 4.06066E-04
 4.06371E-04
 4.06376E-04
 4.06680E-04
 4.06685E-04
 4.06690E-04
 4.06694E-04
 4.06999E-04
 4.07004E-04
 4.07009E-04
 4.07313E-04
 4.07618E-04
 4.07923E-04
 4.08228E-04
 4.08533E-04
 4.08537E-04
 4.08542E-04
 4.08547E-04
 4.08851E-04
 4.08856E-04
 4.08861E-04
 4.08865E-04
 4.08870E-04
 4.08875E-04
 4.08879E-04
 4.08884E-04
 4.09189E-04
 4.09193E-04
 4.09498E-04
 4.09503E-04
 4.09808E-04
 4.09812E-04
 4.09817E-04
 4.09822E-04
 4.10126E-04
 4.10431E-04
 4.10436E-04
 4.10440E-04
 4.10445E-04
 4.10450E-04
 4.10454E-04
 4.10459E-04
 4.10764E-04
 4.11069E-04
 4.11073E-04
 4.11078E-04
 4.11083E-04
 4.11687E-04
 4.11692E-04
 4.11697E-04
 4.12001E-04
 4.12006E-04
 4.12011E-04
 4.12015E-04
 4.12020E-04
 4.12325E-04
 4.12329E-04
 4.12334E-04
 4.12339E-04
 4.12343E-04
 4.12348E-04
 4.12653E-04
 4.12657E-04
 4.12662E-04
 4.12667E-04
 4.12671E-04
 4.12676E-04
 4.12680E-04
 4.12685E-04
 4.12690E-04
 4.12994E-04
 4.12999E-04
 4.13004E-04
 4.13008E-04
 4.13013E-04
 4.13318E-04
 4.13322E-04
 4.13327E-04
 4.13332E-04
 4.13336E-04
 4.13341E-04
 4.13646E-04
 4.13650E-04
 4.13655E-04
 4.13659E-04
 4.13964E-04
 4.14269E-04
 4.14273E-04
 4.14278E-04
 4.14283E-04
 4.14587E-04
 4.14592E-04
 4.14597E-04
 4.14601E-04
 4.14906E-04
 4.14911E-04
 4.15215E-04
 4.15220E-04
 4.15224E-04
 4.15229E-04
 4.15234E-04
 4.15238E-04
 4.15243E-04
 4.15247E-04
 4.15252E-04
 4.15257E-04
 4.15261E-04
 4.15266E-04
 4.15270E-04
 4.15275E-04
 4.15880E-04
 4.15884E-04
 4.15889E-04
 4.15894E-04
 4.15898E-04
 4.16203E-04
 4.16508E-04
 4.16812E-04
 4.16817E-04
 4.16822E-04
 4.16826E-04
 4.17131E-04
 4.17135E-04
 4.17140E-04
 4.17145E-04
 4.17149E-04
 4.17154E-04
 4.17759E-04
 4.18363E-04
 4.18368E-04
 4.18673E-04
 4.18977E-04
 4.19282E-04
 4.19287E-04
 4.19291E-04
 4.19296E-04
 4.19901E-04
 4.20205E-04
 4.20210E-04
 4.20514E-04
 4.20819E-04
 4.20824E-04
 4.20828E-04
 4.20833E-04
 4.20837E-04
 4.21442E-04
 4.21747E-04
 4.21751E-04
 4.22056E-04
 4.22061E-04
 4.22065E-04
 4.22370E-04
 4.22375E-04
 4.22379E-04
 4.22384E-04
 4.22388E-04
 4.22393E-04
 4.22697E-04
 4.23302E-04
 4.23307E-04
 4.23311E-04
 4.23316E-04
 4.23621E-04
 4.23625E-04
 4.23930E-04
 4.23934E-04
 4.23939E-04
 4.23943E-04
 4.23948E-04
 4.23952E-04
 4.23957E-04
 4.23962E-04
 4.23966E-04
 4.24271E-04
 4.24575E-04
 4.24580E-04
 4.24585E-04
 4.24589E-04
 4.24594E-04
 4.24898E-04
 4.25203E-04
 4.25207E-04
 4.25212E-04
 4.25217E-04
 4.25221E-04
 4.25226E-04
 4.25230E-04
 4.25235E-04
 4.25239E-04
 4.25544E-04
 4.25548E-04
 4.25853E-04
 4.25858E-04
 4.26162E-04
 4.26467E-04
 4.26471E-04
 4.26776E-04
 4.26780E-04
 4.27085E-04
 4.27690E-04
 4.27694E-04
 4.27999E-04
 4.28004E-04
 4.28008E-04
 4.28013E-04
 4.28017E-04
 4.28022E-04
 4.28026E-04
 4.28331E-04
 4.28335E-04
 4.28340E-04
 4.28344E-04
 4.28349E-04
 4.28653E-04
 4.28658E-04
 4.28662E-04
 4.28667E-04
 4.28972E-04
 4.28976E-04
 4.28981E-04
 4.28985E-04
 4.28990E-04
 4.29294E-04
 4.29299E-04
 4.29303E-04
 4.29308E-04
 4.29312E-04
 4.29317E-04
 4.29321E-04
 4.29326E-04
 4.29330E-04
 4.29335E-04
 4.29639E-04
 4.29644E-04
 4.29648E-04
 4.29953E-04
 4.30258E-04
 4.30562E-04
 4.30567E-04
 4.30571E-04
 4.30576E-04
 4.30580E-04
 4.30585E-04
 4.30589E-04
 4.30594E-04
 4.31498E-04
 4.31803E-04
 4.32108E-04
 4.32112E-04
 4.32117E-04
 4.32121E-04
 4.32126E-04
 4.32130E-04
 4.32135E-04
 4.32139E-04
 4.32143E-04
 4.32148E-04
 4.32152E-04
 4.32157E-04
 4.32161E-04
 4.32166E-04
 4.32170E-04
 4.32175E-04
 4.32179E-04
 4.32184E-04
 4.32188E-04
 4.32193E-04
 4.32197E-04
 4.32202E-04
 4.32806E-04
 4.32811E-04
 4.33115E-04
 4.33120E-04
 4.33124E-04
 4.33129E-04
 4.33133E-04
 4.33438E-04
 4.34042E-04
 4.34347E-04
 4.34351E-04
 4.34356E-04
 4.34360E-04
 4.34365E-04
 4.34369E-04
 4.34674E-04
 4.34978E-04
 4.35283E-04
 4.35888E-04
 4.35892E-04
 4.36197E-04
 4.36201E-04
 4.36206E-04
 4.36210E-04
 4.36515E-04
 4.36819E-04
 4.36824E-04
 4.36828E-04
 4.36833E-04
 4.36837E-04
 4.36841E-04
 4.37146E-04
 4.37150E-04
 4.37155E-04
 4.37459E-04
 4.37764E-04
 4.37768E-04
 4.38073E-04
 4.38077E-04
 4.38382E-04
 4.38687E-04
 4.38991E-04
 4.38996E-04
 4.39000E-04
 4.39305E-04
 4.39309E-04
 4.39313E-04
 4.39318E-04
 4.39923E-04
 4.40227E-04
 4.40231E-04
 4.40236E-04
 4.40240E-04
 4.40245E-04
 4.40249E-04
 4.40254E-04
 4.40258E-04
 4.40262E-04
 4.40267E-04
 4.40271E-04
 4.40276E-04
 4.40280E-04
 4.40285E-04
 4.40289E-04
 4.40293E-04
 4.40298E-04
 4.40302E-04
 4.40307E-04
 4.40611E-04
 4.40616E-04
 4.40620E-04
 4.40624E-04
 4.40929E-04
 4.40933E-04
 4.41238E-04
 4.41242E-04
 4.41247E-04
 4.41251E-04
 4.41255E-04
 4.41560E-04
 4.41564E-04
 4.41569E-04
 4.41573E-04
 4.41578E-04
 4.41582E-04
 4.41886E-04
 4.42191E-04
 4.42195E-04
 4.42200E-04
 4.42504E-04
 4.42509E-04
 4.42513E-04
 4.42518E-04
 4.42822E-04
 4.42826E-04
 4.42831E-04
 4.42835E-04
 4.43140E-04
 4.43444E-04
 4.43449E-04
 4.43453E-04
 4.43457E-04
 4.43462E-04
 4.43766E-04
 4.43771E-04
 4.43775E-04
 4.44380E-04
 4.44384E-04
 4.44388E-04
 4.44693E-04
 4.44697E-04
 4.45002E-04
 4.45006E-04
 4.45311E-04
 4.45315E-04
 4.45319E-04
 4.45324E-04
 4.45328E-04
 4.45333E-04
 4.45337E-04
 4.45341E-04
 4.45346E-04
 4.45950E-04
 4.45955E-04
 4.45959E-04
 4.46264E-04
 4.46268E-04
 4.46272E-04
 4.46277E-04
 4.46281E-04
 4.46585E-04
 4.46890E-04
 4.46894E-04
 4.46899E-04
 4.46903E-04
 4.47208E-04
 4.47212E-04
 4.47516E-04
 4.48121E-04
 4.48425E-04
 4.48430E-04
 4.48734E-04
 4.48739E-04
 4.49043E-04
 4.49047E-04
 4.49052E-04
 4.49056E-04
 4.49361E-04
 4.49365E-04
 4.49369E-04
 4.49674E-04
 4.49678E-04
 4.49983E-04
 4.49987E-04
 4.49991E-04
 4.50296E-04
 4.50600E-04
 4.50905E-04
 4.50909E-04
 4.50913E-04
 4.50918E-04
 4.51222E-04
 4.51527E-04
 4.51531E-04
 4.51535E-04
 4.51540E-04
 4.51544E-04
 4.51548E-04
 4.51553E-04
 4.51557E-04
 4.51561E-04
 4.52166E-04
 4.52170E-04
 4.52175E-04
 4.52179E-04
 4.52183E-04
 4.52188E-04
 4.52192E-04
 4.52196E-04
 4.52801E-04
 4.52805E-04
 4.52809E-04
 4.53114E-04
 4.53719E-04
 4.54023E-04
 4.54027E-04
 4.54032E-04
 4.54036E-04
 4.54040E-04
 4.54345E-04
 4.54349E-04
 4.54353E-04
 4.54358E-04
 4.54962E-04
 4.55267E-04
 4.55271E-04
 4.55275E-04
 4.55280E-04
 4.55284E-04
 4.55288E-04
 4.55293E-04
 4.55597E-04
 4.55601E-04
 4.55606E-04
 4.55910E-04
 4.55914E-04
 4.56219E-04
 4.56223E-04
 4.56227E-04
 4.56232E-04
 4.56236E-04
 4.56540E-04
 4.56845E-04
 4.56849E-04
 4.56853E-04
 4.57158E-04
 4.57162E-04
 4.57166E-04
 4.57171E-04
 4.57475E-04
 4.57479E-04
 4.57484E-04
 4.57488E-04
 4.57492E-04
 4.57497E-04
 4.57501E-04
 4.57505E-04
 4.57509E-04
 4.57514E-04
 4.57518E-04
 4.57522E-04
 4.57827E-04
 4.58131E-04
 4.58135E-04
 4.58140E-04
 4.58144E-04
 4.58148E-04
 4.58753E-04
 4.59057E-04
 4.59062E-04
 4.59066E-04
 4.59070E-04
 4.59074E-04
 4.59079E-04
 4.59083E-04
 4.59087E-04
 4.59091E-04
 4.59096E-04
 4.59400E-04
 4.59404E-04
 4.59409E-04
 4.59713E-04
 4.59717E-04
 4.59722E-04
 4.59726E-04
 4.59730E-04
 4.59734E-04
 4.60039E-04
 4.60043E-04
 4.60047E-04
 4.60352E-04
 4.60356E-04
 4.60360E-04
 4.60365E-04
 4.60369E-04
 4.60373E-04
 4.60978E-04
 4.60982E-04
 4.61286E-04
 4.61290E-04
 4.61295E-04
 4.61599E-04
 4.61603E-04
 4.61608E-04
 4.61912E-04
 4.62517E-04
 4.62521E-04
 4.63125E-04
 4.63130E-04
 4.63134E-04
 4.63438E-04
 4.63442E-04
 4.63447E-04
 4.63751E-04
 4.63755E-04
 4.63760E-04
 4.64064E-04
 4.64068E-04
 4.64072E-04
 4.64077E-04
 4.64081E-04
 4.64085E-04
 4.64089E-04
 4.64094E-04
 4.64398E-04
 4.64402E-04
 4.64406E-04
 4.64411E-04
 4.64415E-04
 4.64419E-04
 4.64724E-04
 4.64728E-04
 4.64732E-04
 4.65036E-04
 4.65041E-04
 4.65345E-04
 4.65349E-04
 4.65353E-04
 4.65658E-04
 4.65662E-04
 4.65666E-04
 4.65670E-04
 4.65675E-04
 4.66279E-04
 4.66283E-04
 4.66588E-04
 4.66592E-04
 4.66596E-04
 4.66600E-04
 4.66605E-04
 4.66609E-04
 4.66913E-04
 4.66917E-04
 4.67222E-04
 4.67226E-04
 4.67230E-04
 4.67234E-04
 4.67539E-04
 4.67543E-04
 4.67547E-04
 4.67551E-04
 4.67856E-04
 4.68160E-04
 4.68164E-04
 4.68169E-04
 4.68173E-04
 4.68177E-04
 4.68181E-04
 4.68185E-04
 4.68490E-04
 4.68494E-04
 4.68498E-04
 4.68502E-04
 4.68507E-04
 4.69111E-04
 4.69415E-04
 4.69720E-04
 4.69724E-04
 4.69728E-04
 4.69732E-04
 4.69736E-04
 4.70041E-04
 4.70645E-04
 4.71250E-04
 4.71554E-04
 4.71858E-04
 4.71862E-04
 4.71867E-04
 4.71871E-04
 4.71875E-04
 4.72179E-04
 4.72184E-04
 4.72188E-04
 4.72192E-04
 4.72496E-04
 4.72500E-04
 4.72505E-04
 4.72509E-04
 4.72813E-04
 4.72817E-04
 4.73122E-04
 4.73126E-04
 4.73130E-04
 4.73134E-04
 4.73138E-04
 4.73143E-04
 4.73147E-04
 4.73151E-04
 4.73455E-04
 4.73760E-04
 4.74064E-04
 4.74068E-04
 4.74072E-04
 4.74076E-04
 4.74381E-04
 4.74385E-04
 4.74389E-04
 4.74393E-04
 4.74397E-04
 4.74402E-04
 4.74706E-04
 4.74710E-04
 4.74714E-04
 4.74718E-04
 4.74723E-04
 4.74727E-04
 4.74731E-04
 4.75035E-04
 4.75339E-04
 4.75644E-04
 4.75948E-04
 4.75952E-04
 4.75956E-04
 4.75961E-04
 4.75965E-04
 4.75969E-04
 4.75973E-04
 4.76277E-04
 4.76882E-04
 4.77186E-04
 4.77190E-04
 4.77194E-04
 4.77499E-04
 4.77503E-04
 4.77507E-04
 4.77511E-04
 4.77815E-04
 4.77819E-04
 4.77824E-04
 4.77828E-04
 4.78132E-04
 4.78136E-04
 4.78140E-04
 4.78144E-04
 4.78149E-04
 4.78153E-04
 4.78457E-04
 4.78461E-04
 4.78765E-04
 4.79070E-04
 4.79074E-04
 4.79078E-04
 4.79082E-04
 4.79086E-04
 4.79090E-04
 4.79095E-04
 4.79099E-04
 4.79703E-04
 4.79707E-04
 4.79711E-04
 4.80016E-04
 4.80020E-04
 4.80024E-04
 4.81229E-04
 4.81233E-04
 4.81237E-04
 4.81541E-04
 4.81545E-04
 4.81549E-04
 4.81553E-04
 4.81858E-04
 4.82162E-04
 4.82166E-04
 4.82170E-04
 4.82174E-04
 4.82178E-04
 4.82183E-04
 4.82187E-04
 4.82191E-04
 4.82195E-04
 4.82199E-04
 4.82203E-04
 4.82207E-04
 4.82512E-04
 4.82816E-04
 4.83120E-04
 4.83124E-04
 4.83128E-04
 4.83433E-04
 4.83437E-04
 4.83441E-04
 4.83745E-04
 4.83749E-04
 4.83753E-04
 4.84057E-04
 4.84062E-04
 4.84066E-04
 4.84070E-04
 4.84074E-04
 4.84078E-04
 4.84082E-04
 4.84086E-04
 4.84090E-04
 4.84094E-04
 4.84099E-04
 4.84403E-04
 4.84407E-04
 4.84411E-04
 4.84715E-04
 4.85019E-04
 4.85324E-04
 4.85328E-04
 4.85332E-04
 4.86236E-04
 4.86240E-04
 4.86545E-04
 4.86549E-04
 4.87153E-04
 4.87157E-04
 4.87161E-04
 4.87165E-04
 4.87170E-04
 4.87174E-04
 4.87178E-04
 4.87182E-04
 4.87186E-04
 4.87190E-04
 4.87194E-04
 4.87198E-04
 4.87202E-04
 4.87206E-04
 4.87210E-04
 4.87215E-04
 4.87519E-04
 4.87523E-04
 4.87527E-04
 4.87531E-04
 4.87535E-04
 4.87539E-04
 4.87843E-04
 4.87847E-04
 4.87852E-04
 4.87856E-04
 4.88160E-04
 4.88164E-04
 4.88168E-04
 4.88172E-04
 4.88176E-04
 4.88180E-04
 4.88785E-04
 4.88789E-04
 4.88793E-04
 4.88797E-04
 4.88801E-04
 4.89405E-04
 4.89409E-04
 4.89713E-04
 4.89717E-04
 4.90022E-04
 4.90326E-04
 4.90330E-04
 4.90634E-04
 4.90638E-04
 4.90642E-04
 4.90646E-04
 4.90650E-04
 4.90955E-04
 4.91559E-04
 4.91563E-04
 4.91867E-04
 4.91871E-04
 4.91875E-04
 4.91879E-04
 4.91883E-04
 4.92788E-04
 4.92792E-04
 4.92796E-04
 4.92800E-04
 4.92804E-04
 4.93408E-04
 4.93412E-04
 4.93416E-04
 4.93421E-04
 4.93425E-04
 4.93429E-04
 4.94033E-04
 4.94037E-04
 4.94041E-04
 4.94045E-04
 4.94049E-04
 4.94053E-04
 4.94057E-04
 4.94061E-04
 4.94065E-04
 4.94069E-04
 4.94073E-04
 4.94378E-04
 4.94682E-04
 4.94686E-04
 4.94690E-04
 4.94694E-04
 4.94698E-04
 4.94702E-04
 4.94706E-04
 4.94710E-04
 4.94714E-04
 4.94718E-04
 4.94722E-04
 4.94726E-04
 4.94730E-04
 4.94734E-04
 4.94738E-04
 4.95042E-04
 4.95046E-04
 4.95050E-04
 4.95655E-04
 4.95659E-04
 4.95663E-04
 4.95967E-04
 4.95971E-04
 4.95975E-04
 4.95979E-04
 4.95983E-04
 4.95987E-04
 4.96591E-04
 4.96896E-04
 4.97200E-04
 4.97204E-04
 4.97208E-04
 4.97512E-04
 4.97516E-04
 4.97820E-04
 4.98124E-04
 4.98128E-04
 4.98132E-04
 4.98136E-04
 4.98140E-04
 4.98444E-04
 4.98448E-04
 4.98452E-04
 4.98456E-04
 4.98460E-04
 4.98464E-04
 4.98468E-04
 4.98472E-04
 4.98477E-04
 4.98781E-04
 4.99085E-04
 4.99689E-04
 4.99693E-04
 4.99697E-04
 5.00001E-04
 5.00005E-04
 5.00009E-04
 5.00013E-04
 5.00317E-04
 5.00321E-04
 5.00325E-04
 5.00329E-04
 5.00333E-04
 5.00337E-04
 5.00641E-04
 5.01246E-04
 5.01250E-04
 5.01254E-04
 5.01558E-04
 5.01562E-04
 5.01866E-04
 5.01870E-04
 5.01874E-04
 5.01878E-04
 5.02182E-04
 5.02186E-04
 5.02190E-04
 5.02494E-04
 5.02798E-04
 5.02802E-04
 5.02806E-04
 5.03110E-04
 5.03415E-04
 5.03418E-04
 5.03422E-04
 5.03426E-04
 5.03731E-04
 5.04035E-04
 5.04039E-04
 5.04643E-04
 5.04647E-04
 5.05251E-04
 5.05255E-04
 5.05559E-04
 5.05563E-04
 5.05567E-04
 5.05571E-04
 5.05875E-04
 5.05879E-04
 5.06183E-04
 5.06187E-04
 5.06491E-04
 5.06495E-04
 5.06499E-04
 5.06503E-04
 5.06507E-04
 5.06511E-04
 5.06515E-04
 5.06519E-04
 5.06523E-04
 5.06827E-04
 5.07131E-04
 5.07135E-04
 5.07139E-04
 5.07143E-04
 5.07447E-04
 5.07451E-04
 5.07755E-04
 5.07759E-04
 5.08364E-04
 5.08368E-04
 5.08372E-04
 5.08376E-04
 5.08380E-04
 5.08684E-04
 5.08988E-04
 5.08992E-04
 5.08996E-04
 5.09300E-04
 5.09304E-04
 5.09608E-04
 5.09612E-04
 5.09616E-04
 5.09620E-04
 5.09624E-04
 5.09628E-04
 5.09631E-04
 5.09635E-04
 5.09639E-04
 5.09643E-04
 5.09647E-04
 5.09651E-04
 5.09655E-04
 5.09659E-04
 5.09963E-04
 5.09967E-04
 5.10271E-04
 5.10275E-04
 5.10279E-04
 5.10583E-04
 5.10887E-04
 5.10891E-04
 5.10895E-04
 5.10899E-04
 5.11503E-04
 5.11507E-04
 5.11511E-04
 5.11815E-04
 5.12119E-04
 5.12123E-04
 5.12127E-04
 5.12131E-04
 5.12135E-04
 5.12439E-04
 5.12443E-04
 5.12447E-04
 5.12451E-04
 5.12755E-04
 5.12759E-04
 5.12763E-04
 5.12767E-04
 5.12771E-04
 5.12775E-04
 5.13079E-04
 5.13083E-04
 5.13087E-04
 5.13091E-04
 5.13094E-04
 5.13098E-04
 5.13402E-04
 5.13406E-04
 5.13410E-04
 5.13414E-04
 5.13418E-04
 5.13722E-04
 5.14026E-04
 5.14030E-04
 5.14034E-04
 5.14038E-04
 5.14042E-04
 5.14046E-04
 5.14050E-04
 5.14354E-04
 5.14358E-04
 5.14362E-04
 5.14366E-04
 5.14369E-04
 5.14373E-04
 5.14377E-04
 5.14381E-04
 5.14385E-04
 5.14389E-04
 5.14393E-04
 5.14397E-04
 5.14401E-04
 5.14405E-04
 5.14709E-04
 5.14713E-04
 5.14717E-04
 5.15321E-04
 5.15925E-04
 5.15929E-04
 5.16533E-04
 5.16837E-04
 5.16841E-04
 5.16845E-04
 5.17149E-04
 5.17453E-04
 5.17757E-04
 5.17761E-04
 5.18065E-04
 5.18369E-04
 5.18673E-04
 5.18677E-04
 5.18981E-04
 5.18985E-04
 5.18989E-04
 5.18992E-04
 5.19296E-04
 5.19300E-04
 5.19905E-04
 5.19908E-04
 5.19912E-04
 5.20216E-04
 5.20220E-04
 5.20224E-04
 5.20228E-04
 5.20832E-04
 5.20836E-04
 5.20840E-04
 5.20844E-04
 5.20848E-04
 5.20852E-04
 5.20855E-04
 5.20859E-04
 5.20863E-04
 5.20867E-04
 5.21171E-04
 5.21475E-04
 5.21479E-04
 5.21483E-04
 5.21487E-04
 5.21791E-04
 5.21795E-04
 5.21799E-04
 5.21802E-04
 5.21806E-04
 5.21810E-04
 5.22114E-04
 5.22118E-04
 5.22122E-04
 5.22126E-04
 5.22430E-04
 5.22434E-04
 5.22438E-04
 5.22441E-04
 5.22445E-04
 5.22449E-04
 5.22753E-04
 5.22757E-04
 5.22761E-04
 5.23065E-04
 5.23069E-04
 5.23073E-04
 5.23077E-04
 5.23080E-04
 5.23084E-04
 5.23088E-04
 5.23092E-04
 5.23096E-04
 5.23400E-04
 5.23404E-04
 5.23408E-04
 5.23411E-04
 5.23415E-04
 5.23419E-04
 5.23723E-04
 5.24027E-04
 5.24031E-04
 5.24335E-04
 5.24639E-04
 5.24643E-04
 5.24647E-04
 5.24651E-04
 5.24955E-04
 5.25559E-04
 5.25863E-04
 5.25867E-04
 5.25870E-04
 5.25874E-04
 5.26178E-04
 5.26182E-04
 5.26186E-04
 5.26190E-04
 5.26494E-04
 5.26498E-04
 5.26501E-04
 5.27106E-04
 5.27710E-04
 5.27713E-04
 5.28017E-04
 5.28021E-04
 5.28025E-04
 5.28029E-04
 5.28033E-04
 5.28037E-04
 5.28041E-04
 5.28044E-04
 5.28048E-04
 5.28652E-04
 5.28656E-04
 5.28660E-04
 5.28664E-04
 5.28668E-04
 5.28671E-04
 5.28675E-04
 5.28979E-04
 5.28983E-04
 5.29287E-04
 5.29591E-04
 5.30195E-04
 5.30199E-04
 5.30503E-04
 5.30807E-04
 5.30811E-04
 5.30815E-04
 5.30818E-04
 5.31122E-04
 5.31126E-04
 5.31130E-04
 5.31434E-04
 5.31438E-04
 5.31742E-04
 5.32046E-04
 5.32049E-04
 5.32053E-04
 5.32057E-04
 5.32061E-04
 5.32065E-04
 5.32069E-04
 5.32673E-04
 5.32677E-04
 5.32680E-04
 5.32684E-04
 5.32688E-04
 5.32692E-04
 5.32696E-04
 5.32699E-04
 5.32703E-04
 5.32707E-04
 5.33011E-04
 5.33315E-04
 5.33319E-04
 5.33323E-04
 5.33326E-04
 5.33630E-04
 5.33634E-04
 5.33638E-04
 5.33642E-04
 5.33946E-04
 5.33950E-04
 5.33953E-04
 5.33957E-04
 5.33961E-04
 5.33965E-04
 5.33969E-04
 5.34272E-04
 5.34276E-04
 5.34280E-04
 5.34284E-04
 5.34588E-04
 5.34592E-04
 5.34595E-04
 5.34899E-04
 5.34903E-04
 5.35207E-04
 5.35211E-04
 5.35215E-04
 5.36119E-04
 5.36423E-04
 5.36427E-04
 5.36430E-04
 5.36734E-04
 5.37038E-04
 5.37042E-04
 5.37046E-04
 5.37050E-04
 5.37053E-04
 5.37357E-04
 5.37361E-04
 5.37365E-04
 5.37369E-04
 5.37373E-04
 5.37376E-04
 5.37980E-04
 5.37984E-04
 5.37988E-04
 5.38592E-04
 5.38596E-04
 5.38600E-04
 5.38903E-04
 5.38907E-04
 5.38911E-04
 5.38915E-04
 5.39219E-04
 5.39223E-04
 5.39526E-04
 5.39530E-04
 5.39834E-04
 5.39838E-04
 5.39842E-04
 5.39845E-04
 5.39849E-04
 5.39853E-04
 5.40157E-04
 5.40161E-04
 5.40465E-04
 5.40769E-04
 5.40772E-04
 5.41076E-04
 5.41080E-04
 5.41084E-04
 5.41088E-04
 5.41391E-04
 5.41395E-04
 5.41399E-04
 5.41403E-04
 5.41407E-04
 5.41710E-04
 5.41714E-04
 5.41718E-04
 5.41722E-04
 5.41726E-04
 5.41729E-04
 5.42033E-04
 5.42337E-04
 5.42341E-04
 5.42345E-04
 5.42648E-04
 5.42952E-04
 5.42956E-04
 5.42960E-04
 5.42964E-04
 5.42967E-04
 5.43271E-04
 5.43275E-04
 5.43279E-04
 5.43583E-04
 5.43587E-04
 5.43590E-04
 5.43594E-04
 5.43898E-04
 5.44202E-04
 5.44206E-04
 5.44209E-04
 5.44213E-04
 5.44517E-04
 5.44521E-04
 5.44524E-04
 5.44528E-04
 5.44532E-04
 5.44536E-04
 5.44840E-04
 5.45143E-04
 5.45447E-04
 5.45751E-04
 5.45755E-04
 5.45759E-04
 5.45762E-04
 5.45766E-04
 5.46070E-04
 5.46674E-04
 5.46978E-04
 5.46982E-04
 5.46985E-04
 5.46989E-04
 5.46993E-04
 5.46997E-04
 5.47000E-04
 5.47004E-04
 5.47308E-04
 5.47312E-04
 5.47616E-04
 5.47619E-04
 5.47923E-04
 5.47927E-04
 5.47931E-04
 5.47934E-04
 5.47938E-04
 5.47942E-04
 5.48246E-04
 5.48250E-04
 5.48253E-04
 5.48257E-04
 5.48261E-04
 5.48264E-04
 5.48268E-04
 5.48272E-04
 5.48276E-04
 5.48279E-04
 5.48583E-04
 5.48587E-04
 5.48591E-04
 5.48594E-04
 5.48598E-04
 5.48602E-04
 5.48606E-04
 5.48909E-04
 5.48913E-04
 5.48917E-04
 5.48921E-04
 5.48924E-04
 5.49228E-04
 5.49232E-04
 5.49536E-04
 5.49840E-04
 5.49843E-04
 5.50147E-04
 5.50451E-04
 5.50455E-04
 5.50458E-04
 5.50462E-04
 5.50466E-04
 5.50470E-04
 5.50473E-04
 5.50477E-04
 5.50481E-04
 5.50484E-04
 5.50488E-04
 5.50492E-04
 5.50796E-04
 5.50799E-04
 5.50803E-04
 5.50807E-04
 5.50811E-04
 5.50814E-04
 5.51118E-04
 5.51122E-04
 5.51126E-04
 5.51129E-04
 5.51133E-04
 5.51137E-04
 5.51140E-04
 5.51144E-04
 5.51748E-04
 5.51752E-04
 5.52656E-04
 5.52960E-04
 5.53564E-04
 5.53567E-04
 5.53571E-04
 5.53875E-04
 5.54179E-04
 5.54182E-04
 5.54186E-04
 5.54490E-04
 5.54494E-04
 5.55098E-04
 5.55401E-04
 5.55405E-04
 5.55409E-04
 5.55413E-04
 5.55716E-04
 5.56020E-04
 5.56024E-04
 5.56028E-04
 5.56031E-04
 5.56335E-04
 5.56639E-04
 5.56643E-04
 5.56646E-04
 5.56650E-04
 5.56654E-04
 5.56957E-04
 5.56961E-04
 5.56965E-04
 5.57569E-04
 5.57572E-04
 5.57576E-04
 5.57580E-04
 5.58184E-04
 5.58187E-04
 5.58191E-04
 5.58495E-04
 5.58499E-04
 5.58502E-04
 5.58506E-04
 5.58810E-04
 5.58813E-04
 5.59117E-04
 5.59121E-04
 5.59725E-04
 5.59729E-04
 5.60032E-04
 5.60036E-04
 5.60040E-04
 5.60043E-04
 5.60047E-04
 5.60051E-04
 5.60054E-04
 5.60058E-04
 5.60362E-04
 5.60366E-04
 5.60369E-04
 5.60373E-04
 5.60677E-04
 5.60680E-04
 5.60684E-04
 5.60688E-04
 5.60992E-04
 5.60995E-04
 5.60999E-04
 5.61003E-04
 5.61006E-04
 5.61010E-04
 5.61014E-04
 5.61017E-04
 5.61021E-04
 5.61325E-04
 5.61328E-04
 5.61332E-04
 5.61336E-04
 5.61339E-04
 5.61343E-04
 5.61647E-04
 5.61650E-04
 5.61654E-04
 5.61958E-04
 5.62262E-04
 5.62565E-04
 5.62569E-04
 5.62573E-04
 5.62876E-04
 5.62880E-04
 5.63184E-04
 5.63188E-04
 5.63491E-04
 5.63495E-04
 5.64099E-04
 5.64703E-04
 5.64706E-04
 5.64710E-04
 5.64714E-04
 5.64717E-04
 5.65021E-04
 5.65025E-04
 5.65029E-04
 5.65032E-04
 5.65036E-04
 5.65039E-04
 5.65043E-04
 5.65047E-04
 5.65050E-04
 5.65054E-04
 5.65958E-04
 5.66562E-04
 5.66566E-04
 5.66569E-04
 5.66573E-04
 5.66577E-04
 5.66880E-04
 5.67184E-04
 5.67488E-04
 5.67491E-04
 5.67495E-04
 5.67499E-04
 5.67803E-04
 5.67806E-04
 5.67810E-04
 5.68114E-04
 5.68117E-04
 5.68121E-04
 5.68124E-04
 5.68128E-04
 5.68132E-04
 5.68436E-04
 5.68439E-04
 5.68443E-04
 5.68446E-04
 5.68450E-04
 5.68754E-04
 5.68757E-04
 5.68761E-04
 5.68765E-04
 5.68768E-04
 5.68772E-04
 5.68776E-04
 5.69079E-04
 5.69383E-04
 5.69387E-04
 5.69690E-04
 5.69694E-04
 5.69698E-04
 5.69701E-04
 5.69705E-04
 5.69709E-04
 5.70012E-04
 5.70016E-04
 5.70020E-04
 5.70023E-04
 5.70027E-04
 5.70030E-04
 5.70034E-04
 5.70038E-04
 5.70041E-04
 5.70045E-04
 5.70049E-04
 5.70352E-04
 5.70356E-04
 5.70960E-04
 5.70963E-04
 5.70967E-04
 5.70971E-04
 5.70974E-04
 5.70978E-04
 5.70981E-04
 5.71285E-04
 5.71589E-04
 5.71593E-04
 5.71896E-04
 5.71900E-04
 5.71903E-04
 5.71907E-04
 5.71911E-04
 5.71914E-04
 5.72218E-04
 5.72222E-04
 5.73126E-04
 5.73129E-04
 5.73133E-04
 5.73136E-04
 5.73140E-04
 5.73444E-04
 5.73447E-04
 5.73451E-04
 5.73455E-04
 5.73458E-04
 5.73462E-04
 5.74066E-04
 5.74069E-04
 5.74073E-04
 5.74076E-04
 5.74380E-04
 5.74384E-04
 5.74387E-04
 5.74691E-04
 5.74995E-04
 5.74998E-04
 5.75302E-04
 5.75606E-04
 5.75910E-04
 5.75913E-04
 5.75917E-04
 5.76220E-04
 5.76224E-04
 5.76228E-04
 5.76231E-04
 5.76235E-04
 5.76839E-04
 5.77142E-04
 5.77146E-04
 5.77150E-04
 5.77153E-04
 5.77157E-04
 5.77460E-04
 5.77464E-04
 5.77468E-04
 5.77471E-04
 5.78075E-04
 5.78379E-04
 5.78682E-04
 5.78686E-04
 5.78690E-04
 5.78693E-04
 5.78697E-04
 5.78700E-04
 5.78704E-04
 5.78708E-04
 5.78711E-04
 5.78715E-04
 5.78718E-04
 5.78722E-04
 5.79026E-04
 5.79329E-04
 5.79633E-04
 5.79637E-04
 5.79940E-04
 5.79944E-04
 5.79947E-04
 5.79951E-04
 5.79955E-04
 5.79958E-04
 5.80262E-04
 5.80265E-04
 5.80269E-04
 5.80273E-04
 5.80276E-04
 5.80280E-04
 5.80283E-04
 5.80287E-04
 5.80891E-04
 5.80894E-04
 5.81198E-04
 5.81201E-04
 5.81205E-04
 5.81209E-04
 5.81212E-04
 5.81216E-04
 5.81820E-04
 5.81823E-04
 5.81827E-04
 5.81830E-04
 5.81834E-04
 5.81837E-04
 5.81841E-04
 5.81844E-04
 5.81848E-04
 5.81852E-04
 5.81855E-04
 5.81859E-04
 5.81862E-04
 5.81866E-04
 5.81869E-04
 5.82173E-04
 5.82177E-04
 5.82180E-04
 5.82484E-04
 5.82787E-04
 5.82791E-04
 5.83395E-04
 5.83398E-04
 5.83402E-04
 5.83406E-04
 5.83409E-04
 5.83413E-04
 5.83716E-04
 5.84020E-04
 5.84024E-04
 5.84027E-04
 5.84331E-04
 5.84334E-04
 5.84338E-04
 5.84341E-04
 5.84345E-04
 5.84348E-04
 5.84352E-04
 5.84356E-04
 5.84359E-04
 5.84363E-04
 5.84666E-04
 5.84970E-04
 5.84974E-04
 5.85277E-04
 5.85281E-04
 5.85284E-04
 5.85288E-04
 5.85291E-04
 5.85595E-04
 5.86199E-04
 5.86502E-04
 5.86506E-04
 5.86810E-04
 5.86813E-04
 5.87117E-04
 5.87120E-04
 5.87424E-04
 5.87728E-04
 5.87731E-04
 5.87735E-04
 5.88639E-04
 5.88642E-04
 5.88646E-04
 5.88649E-04
 5.88953E-04
 5.88956E-04
 5.88960E-04
 5.89264E-04
 5.89567E-04
 5.89571E-04
 5.89574E-04
 5.89578E-04
 5.89581E-04
 5.89585E-04
 5.89588E-04
 5.89592E-04
 5.89596E-04
 5.89599E-04
 5.89603E-04
 5.89606E-04
 5.89610E-04
 5.89913E-04
 5.90217E-04
 5.90220E-04
 5.90224E-04
 5.90227E-04
 5.90231E-04
 5.90234E-04
 5.90238E-04
 5.90242E-04
 5.90245E-04
 5.90249E-04
 5.90252E-04
 5.90556E-04
 5.90559E-04
 5.90563E-04
 5.91167E-04
 5.91770E-04
 5.91774E-04
 5.92077E-04
 5.92681E-04
 5.92685E-04
 5.92688E-04
 5.92692E-04
 5.92695E-04
 5.92699E-04
 5.92702E-04
 5.93006E-04
 5.93310E-04
 5.93313E-04
 5.93317E-04
 5.93320E-04
 5.93324E-04
 5.93327E-04
 5.93331E-04
 5.93334E-04
 5.93638E-04
 5.93641E-04
 5.93945E-04
 5.94549E-04
 5.94552E-04
 5.94556E-04
 5.94859E-04
 5.94863E-04
 5.94866E-04
 5.95170E-04
 5.95173E-04
 5.95177E-04
 5.95180E-04
 5.95184E-04
 5.95487E-04
 5.95491E-04
 5.96095E-04
 5.96098E-04
 5.96402E-04
 5.96705E-04
 5.97009E-04
 5.97313E-04
 5.97316E-04
 5.97320E-04
 5.97323E-04
 5.97327E-04
 5.97630E-04
 5.97634E-04
 5.97937E-04
 5.97941E-04
 5.97944E-04
 5.98248E-04
 5.98251E-04
 5.98555E-04
 5.98559E-04
 5.98562E-04
 5.98566E-04
 5.98569E-04
 5.98573E-04
 5.98576E-04
 5.98579E-04
 5.98583E-04
 5.98887E-04
 5.99190E-04
 5.99194E-04
 5.99197E-04
 5.99201E-04
 5.99204E-04
 5.99208E-04
 5.99211E-04
 5.99515E-04
 5.99818E-04
 5.99822E-04
 6.00125E-04
 6.00129E-04
 6.00132E-04
 6.00436E-04
 6.00439E-04
 6.00443E-04
 6.00446E-04
 6.00750E-04
 6.00753E-04
 6.00757E-04
 6.00760E-04
 6.00764E-04
 6.00767E-04
 6.01071E-04
 6.01074E-04
 6.01078E-04
 6.01081E-04
 6.01085E-04
 6.01088E-04
 6.01092E-04
 6.01095E-04
 6.01099E-04
 6.01702E-04
 6.01706E-04
 6.01709E-04
 6.02013E-04
 6.02016E-04
 6.02020E-04
 6.02023E-04
 6.02027E-04
 6.02330E-04
 6.02634E-04
 6.02637E-04
 6.02941E-04
 6.02944E-04
 6.03248E-04
 6.03251E-04
 6.03255E-04
 6.03258E-04
 6.03262E-04
 6.03265E-04
 6.03269E-04
 6.03272E-04
 6.03276E-04
 6.03579E-04
 6.03583E-04
 6.03886E-04
 6.03890E-04
 6.03893E-04
 6.03897E-04
 6.03900E-04
 6.03904E-04
 6.03907E-04
 6.03910E-04
 6.03914E-04
 6.04218E-04
 6.04221E-04
 6.04525E-04
 6.05128E-04
 6.05432E-04
 6.05435E-04
 6.05439E-04
 6.05442E-04
 6.05746E-04
 6.06349E-04
 6.06353E-04
 6.06356E-04
 6.06660E-04
 6.06663E-04
 6.06667E-04
 6.06670E-04
 6.06674E-04
 6.06677E-04
 6.07281E-04
 6.07284E-04
 6.07288E-04
 6.07291E-04
 6.07595E-04
 6.07598E-04
 6.07602E-04
 6.07905E-04
 6.07909E-04
 6.07912E-04
 6.07915E-04
 6.07919E-04
 6.07922E-04
 6.07926E-04
 6.07929E-04
 6.07933E-04
 6.07936E-04
 6.08240E-04
 6.08243E-04
 6.08247E-04
 6.08250E-04
 6.08253E-04
 6.08257E-04
 6.08560E-04
 6.08564E-04
 6.08567E-04
 6.09171E-04
 6.09174E-04
 6.09478E-04
 6.09481E-04
 6.09785E-04
 6.09788E-04
 6.09792E-04
 6.09795E-04
 6.09799E-04
 6.09802E-04
 6.09805E-04
 6.09809E-04
 6.09812E-04
 6.10116E-04
 6.10119E-04
 6.10123E-04
 6.10126E-04
 6.10430E-04
 6.10433E-04
 6.10436E-04
 6.10440E-04
 6.10743E-04
 6.10747E-04
 6.11050E-04
 6.11054E-04
 6.11057E-04
 6.11061E-04
 6.11064E-04
 6.11067E-04
 6.11071E-04
 6.11074E-04
 6.11378E-04
 6.11681E-04
 6.11985E-04
 6.11988E-04
 6.11992E-04
 6.11995E-04
 6.11999E-04
 6.12302E-04
 6.12306E-04
 6.12609E-04
 6.12612E-04
 6.12916E-04
 6.12919E-04
 6.12923E-04
 6.12926E-04
 6.12930E-04
 6.13533E-04
 6.13537E-04
 6.13540E-04
 6.13544E-04
 6.13547E-04
 6.13550E-04
 6.13554E-04
 6.13857E-04
 6.14161E-04
 6.14164E-04
 6.14168E-04
 6.14171E-04
 6.14174E-04
 6.14478E-04
 6.14481E-04
 6.14485E-04
 6.14488E-04
 6.14492E-04
 6.14795E-04
 6.15099E-04
 6.15402E-04
 6.15406E-04
 6.15709E-04
 6.15712E-04
 6.16016E-04
 6.16019E-04
 6.16023E-04
 6.16026E-04
 6.16930E-04
 6.17534E-04
 6.17537E-04
 6.17540E-04
 6.17544E-04
 6.17547E-04
 6.17551E-04
 6.17854E-04
 6.18158E-04
 6.18761E-04
 6.18765E-04
 6.18768E-04
 6.18771E-04
 6.19075E-04
 6.19378E-04
 6.19682E-04
 6.19685E-04
 6.19689E-04
 6.19692E-04
 6.19695E-04
 6.19699E-04
 6.19702E-04
 6.19706E-04
 6.20009E-04
 6.20012E-04
 6.20016E-04
 6.20019E-04
 6.20323E-04
 6.20326E-04
 6.20329E-04
 6.20633E-04
 6.20636E-04
 6.20940E-04
 6.20943E-04
 6.20947E-04
 6.20950E-04
 6.20953E-04
 6.20957E-04
 6.20960E-04
 6.20964E-04
 6.20967E-04
 6.21270E-04
 6.21274E-04
 6.21277E-04
 6.21281E-04
 6.21284E-04
 6.21287E-04
 6.21291E-04
 6.21294E-04
 6.21297E-04
 6.21301E-04
 6.21304E-04
 6.21307E-04
 6.21311E-04
 6.21614E-04
 6.21618E-04
 6.21921E-04
 6.22525E-04
 6.22828E-04
 6.22832E-04
 6.23135E-04
 6.23139E-04
 6.23142E-04
 6.23145E-04
 6.23449E-04
 6.23452E-04
 6.23455E-04
 6.23459E-04
 6.23462E-04
 6.23466E-04
 6.23469E-04
 6.23772E-04
 6.23776E-04
 6.23779E-04
 6.23782E-04
 6.23786E-04
 6.23789E-04
 6.23793E-04
 6.24096E-04
 6.24099E-04
 6.24103E-04
 6.24106E-04
 6.24109E-04
 6.24713E-04
 6.24716E-04
 6.24720E-04
 6.25023E-04
 6.25027E-04
 6.25030E-04
 6.25033E-04
 6.25037E-04
 6.25040E-04
 6.25343E-04
 6.25647E-04
 6.25650E-04
 6.25954E-04
 6.25957E-04
 6.25960E-04
 6.25964E-04
 6.25967E-04
 6.25971E-04
 6.25974E-04
 6.26277E-04
 6.26281E-04
 6.26284E-04
 6.26287E-04
 6.26291E-04
 6.26594E-04
 6.26898E-04
 6.26901E-04
 6.26904E-04
 6.26908E-04
 6.27211E-04
 6.27214E-04
 6.27518E-04
 6.27521E-04
 6.27825E-04
 6.28128E-04
 6.28432E-04
 6.28435E-04
 6.29039E-04
