-0.00000E+00
-0.00000E+00
-0.00000E+00
-0.00000E+00
-0.00000E+00
-0.00000E+00
-0.00000E+00
-0.00000E+00
-0.00000E+00
-0.00000E+00
-0.00000E+00
-0.00000E+00
-0.00000E+00
-0.00000E+00
-0.00000E+00
-0.00000E+00
-0.00000E+00
-0.00000E+00
-0.00000E+00
-0.00000E+00
-0.00000E+00
-0.00000E+00
-0.00000E+00
-0.00000E+00
-0.00000E+00
-0.00000E+00
-0.00000E+00
-0.00000E+00
-0.00000E+00
-0.00000E+00
-0.00000E+00
-0.00000E+00
-0.00000E+00
-0.00000E+00
-0.00000E+00
-0.00000E+00
-0.00000E+00
-0.00000E+00
-0.00000E+00
-0.00000E+00
 8.10584E-07
 3.21062E-07
 1.51279E-07
 8.27244E-08
 5.06575E-08
 3.27009E-08
 2.91486E-08
 2.15688E-08
 1.64617E-08
 1.30965E-08
 1.07501E-08
 9.02755E-09
 7.71378E-09
 6.68248E-09
 5.85426E-09
 5.17665E-09
 4.61356E-09
 4.13945E-09
 3.73579E-09
 3.38882E-09
 3.08820E-09
 2.82599E-09
 2.59604E-09
 2.39350E-09
 2.21454E-09
 2.05607E-09
 1.91559E-09
 1.79106E-09
 1.68082E-09
 1.58349E-09
 1.49791E-09
 1.42314E-09
 1.35838E-09
 1.30299E-09
 1.25643E-09
 1.21824E-09
 1.18810E-09
 1.16572E-09
 1.15090E-09
 1.14353E-09
 4.92176E-07
 3.22386E-07
 2.01328E-07
 1.28961E-07
 8.52970E-08
 6.41490E-08
 5.12347E-08
 3.93674E-08
 3.10429E-08
 2.51635E-08
 2.08758E-08
 1.76463E-08
 1.51451E-08
 1.31619E-08
 1.15579E-08
 1.02388E-08
 9.13814E-09
 8.20847E-09
 7.41487E-09
 6.73130E-09
 6.13799E-09
 5.61973E-09
 5.16466E-09
 4.76343E-09
 4.40859E-09
 4.09415E-09
 3.81522E-09
 3.56785E-09
 3.34875E-09
 3.15522E-09
 2.98501E-09
 2.83626E-09
 2.70740E-09
 2.59716E-09
 2.50447E-09
 2.42845E-09
 2.36843E-09
 2.32386E-09
 2.29437E-09
 2.27968E-09
 3.43559E-07
 2.74979E-07
 2.02684E-07
 1.46573E-07
 1.08655E-07
 8.51800E-08
 6.68921E-08
 5.32253E-08
 4.31438E-08
 3.56362E-08
 2.99430E-08
 2.55368E-08
 2.20584E-08
 1.92620E-08
 1.69768E-08
 1.50824E-08
 1.34918E-08
 1.21414E-08
 1.09839E-08
 9.98351E-09
 9.11272E-09
 8.35027E-09
 7.67944E-09
 7.08698E-09
 6.56226E-09
 6.09670E-09
 5.68331E-09
 5.31635E-09
 4.99110E-09
 4.70362E-09
 4.45066E-09
 4.22948E-09
 4.03782E-09
 3.87378E-09
 3.73582E-09
 3.62267E-09
 3.53330E-09
 3.46695E-09
 3.42302E-09
 3.40115E-09
 2.63521E-07
 2.31287E-07
 1.87921E-07
 1.52169E-07
 1.18498E-07
 9.53028E-08
 7.73533E-08
 6.34349E-08
 5.26655E-08
 4.42943E-08
 3.77232E-08
 3.24995E-08
 2.82897E-08
 2.48507E-08
 2.20050E-08
 1.96221E-08
 1.76051E-08
 1.58815E-08
 1.43959E-08
 1.31061E-08
 1.19791E-08
 1.09892E-08
 1.01159E-08
 9.34278E-09
 8.65676E-09
 8.04708E-09
 7.50495E-09
 7.02315E-09
 6.59567E-09
 6.21752E-09
 5.88452E-09
 5.59318E-09
 5.34060E-09
 5.12433E-09
 4.94238E-09
 4.79310E-09
 4.67517E-09
 4.58760E-09
 4.52961E-09
 4.50074E-09
 2.15772E-07
 1.98771E-07
 1.75377E-07
 1.43493E-07
 1.19777E-07
 1.00024E-07
 8.37391E-08
 7.04900E-08
 5.97884E-08
 5.11523E-08
 4.41560E-08
 3.84482E-08
 3.37503E-08
 2.98463E-08
 2.65704E-08
 2.37959E-08
 2.14252E-08
 1.93834E-08
 1.76122E-08
 1.60658E-08
 1.47085E-08
 1.35115E-08
 1.24520E-08
 1.15115E-08
 1.06749E-08
 9.92990E-09
 9.26628E-09
 8.67564E-09
 8.15092E-09
 7.68626E-09
 7.27672E-09
 6.91814E-09
 6.60706E-09
 6.34057E-09
 6.11626E-09
 5.93216E-09
 5.78670E-09
 5.67865E-09
 5.60710E-09
 5.57147E-09
 1.92892E-07
 1.75726E-07
 1.55340E-07
 1.35896E-07
 1.17679E-07
 1.01310E-07
 8.70880E-08
 7.49974E-08
 6.48457E-08
 5.63705E-08
 4.93004E-08
 4.33871E-08
 3.84169E-08
 3.42136E-08
 3.06346E-08
 2.75657E-08
 2.49165E-08
 2.26148E-08
 2.06035E-08
 1.88366E-08
 1.72775E-08
 1.58964E-08
 1.46692E-08
 1.35763E-08
 1.26015E-08
 1.17313E-08
 1.09546E-08
 1.02622E-08
 9.64612E-09
 9.09989E-09
 8.61794E-09
 8.19560E-09
 7.82893E-09
 7.51462E-09
 7.24993E-09
 7.03260E-09
 6.86082E-09
 6.73319E-09
 6.64866E-09
 6.60657E-09
 1.65074E-07
 1.55293E-07
 1.42171E-07
 1.28007E-07
 1.13838E-07
 1.00454E-07
 8.83064E-08
 7.75660E-08
 6.82266E-08
 6.01834E-08
 5.32882E-08
 4.73826E-08
 4.23167E-08
 3.79567E-08
 3.41885E-08
 3.09160E-08
 2.80602E-08
 2.55560E-08
 2.33503E-08
 2.13996E-08
 1.96684E-08
 1.81273E-08
 1.67522E-08
 1.55231E-08
 1.44234E-08
 1.34392E-08
 1.25588E-08
 1.17723E-08
 1.10715E-08
 1.04492E-08
 9.89956E-09
 9.41739E-09
 8.99843E-09
 8.63905E-09
 8.33623E-09
 8.08749E-09
 7.89080E-09
 7.74462E-09
 7.64780E-09
 7.59957E-09
 1.45102E-07
 1.39456E-07
 1.30652E-07
 1.20230E-07
 1.09224E-07
 9.83642E-08
 8.81171E-08
 7.87337E-08
 7.03113E-08
 6.28484E-08
 5.62862E-08
 5.05387E-08
 4.55104E-08
 4.11082E-08
 3.72465E-08
 3.38496E-08
 3.08522E-08
 2.81986E-08
 2.58421E-08
 2.37433E-08
 2.18692E-08
 2.01922E-08
 1.86891E-08
 1.73405E-08
 1.61299E-08
 1.50433E-08
 1.40690E-08
 1.31968E-08
 1.24183E-08
 1.17260E-08
 1.11137E-08
 1.05760E-08
 1.01083E-08
 9.70692E-09
 9.36847E-09
 9.09031E-09
 8.87028E-09
 8.70671E-09
 8.59833E-09
 8.54435E-09
 1.30532E-07
 1.26957E-07
 1.20808E-07
 1.13047E-07
 1.04464E-07
 9.56617E-08
 8.70642E-08
 7.89402E-08
 7.14365E-08
 6.46125E-08
 5.84698E-08
 5.29754E-08
 4.80781E-08
 4.37193E-08
 3.98398E-08
 3.63838E-08
 3.33003E-08
 3.05442E-08
 2.80762E-08
 2.58622E-08
 2.38728E-08
 2.20831E-08
 2.04716E-08
 1.90199E-08
 1.77123E-08
 1.65352E-08
 1.54770E-08
 1.45278E-08
 1.36788E-08
 1.29228E-08
 1.22532E-08
 1.16645E-08
 1.11521E-08
 1.07118E-08
 1.03404E-08
 1.00350E-08
 9.79331E-09
 9.61358E-09
 9.49448E-09
 9.43515E-09
 1.19513E-07
 1.17051E-07
 1.12582E-07
 1.06688E-07
 9.99237E-08
 9.27544E-08
 8.55379E-08
 7.85265E-08
 7.18821E-08
 6.56953E-08
 6.00050E-08
 5.48150E-08
 5.01072E-08
 4.58509E-08
 4.20097E-08
 3.85454E-08
 3.54210E-08
 3.26018E-08
 3.00563E-08
 2.77563E-08
 2.56768E-08
 2.37959E-08
 2.20943E-08
 2.05553E-08
 1.91641E-08
 1.79081E-08
 1.67761E-08
 1.57584E-08
 1.48465E-08
 1.40331E-08
 1.33117E-08
 1.26768E-08
 1.21236E-08
 1.16479E-08
 1.12463E-08
 1.09160E-08
 1.06544E-08
 1.04598E-08
 1.03309E-08
 1.02666E-08
 1.10956E-07
 1.09152E-07
 1.05781E-07
 1.01200E-07
 9.57881E-08
 8.98942E-08
 8.38063E-08
 7.77459E-08
 7.18701E-08
 6.62815E-08
 6.10398E-08
 5.61725E-08
 5.16848E-08
 4.75676E-08
 4.38026E-08
 4.03671E-08
 3.72364E-08
 3.43857E-08
 3.17910E-08
 2.94300E-08
 2.72823E-08
 2.53294E-08
 2.35545E-08
 2.19427E-08
 2.04808E-08
 1.91570E-08
 1.79609E-08
 1.68832E-08
 1.59158E-08
 1.50514E-08
 1.42838E-08
 1.36074E-08
 1.30175E-08
 1.25099E-08
 1.20811E-08
 1.17281E-08
 1.14485E-08
 1.12405E-08
 1.11025E-08
 1.10338E-08
 1.04203E-07
 1.02819E-07
 1.00190E-07
 9.65415E-08
 9.21350E-08
 8.72278E-08
 8.20474E-08
 7.67806E-08
 7.15708E-08
 6.65210E-08
 6.17003E-08
 5.71503E-08
 5.28921E-08
 4.89319E-08
 4.52660E-08
 4.18841E-08
 3.87719E-08
 3.59135E-08
 3.32919E-08
 3.08904E-08
 2.86931E-08
 2.66848E-08
 2.48515E-08
 2.31802E-08
 2.16594E-08
 2.02783E-08
 1.90273E-08
 1.78977E-08
 1.68819E-08
 1.59729E-08
 1.51646E-08
 1.44516E-08
 1.38292E-08
 1.32931E-08
 1.28400E-08
 1.24668E-08
 1.21711E-08
 1.19510E-08
 1.18050E-08
 1.17323E-08
 9.88330E-08
 9.77329E-08
 9.56189E-08
 9.26410E-08
 8.89827E-08
 8.48346E-08
 8.03749E-08
 7.57584E-08
 7.11113E-08
 6.65315E-08
 6.20901E-08
 5.78363E-08
 5.38012E-08
 5.00020E-08
 4.64455E-08
 4.31312E-08
 4.00537E-08
 3.72044E-08
 3.45726E-08
 3.21467E-08
 2.99148E-08
 2.78652E-08
 2.59863E-08
 2.42674E-08
 2.26983E-08
 2.12694E-08
 1.99722E-08
 1.87985E-08
 1.77412E-08
 1.67938E-08
 1.59502E-08
 1.52053E-08
 1.45544E-08
 1.39934E-08
 1.35189E-08
 1.31280E-08
 1.28181E-08
 1.25873E-08
 1.24343E-08
 1.23580E-08
 9.45633E-08
 9.36602E-08
 9.19115E-08
 8.94209E-08
 8.63203E-08
 8.27530E-08
 7.88592E-08
 7.47666E-08
 7.05848E-08
 6.64034E-08
 6.22923E-08
 5.83037E-08
 5.44746E-08
 5.08294E-08
 4.73827E-08
 4.41416E-08
 4.11075E-08
 3.82778E-08
 3.56474E-08
 3.32090E-08
 3.09544E-08
 2.88748E-08
 2.69613E-08
 2.52049E-08
 2.35968E-08
 2.21290E-08
 2.07935E-08
 1.95830E-08
 1.84908E-08
 1.75107E-08
 1.66371E-08
 1.58649E-08
 1.51896E-08
 1.46073E-08
 1.41144E-08
 1.37081E-08
 1.33859E-08
 1.31460E-08
 1.29868E-08
 1.29075E-08
 9.11968E-08
 9.04331E-08
 8.89462E-08
 8.68107E-08
 8.41246E-08
 8.09979E-08
 7.75424E-08
 7.38641E-08
 7.00579E-08
 6.62049E-08
 6.23719E-08
 5.86116E-08
 5.49640E-08
 5.14583E-08
 4.81143E-08
 4.49449E-08
 4.19567E-08
 3.91521E-08
 3.65301E-08
 3.40874E-08
 3.18189E-08
 2.97184E-08
 2.77791E-08
 2.59939E-08
 2.43553E-08
 2.28562E-08
 2.14897E-08
 2.02491E-08
 1.91282E-08
 1.81211E-08
 1.72226E-08
 1.64276E-08
 1.57319E-08
 1.51316E-08
 1.46233E-08
 1.42041E-08
 1.38716E-08
 1.36239E-08
 1.34595E-08
 1.33776E-08
 8.85939E-08
 8.79291E-08
 8.66295E-08
 8.47512E-08
 8.23695E-08
 7.95715E-08
 7.64484E-08
 7.30895E-08
 6.95777E-08
 6.59865E-08
 6.23789E-08
 5.88068E-08
 5.53116E-08
 5.19253E-08
 4.86716E-08
 4.55670E-08
 4.26223E-08
 3.98437E-08
 3.72336E-08
 3.47917E-08
 3.25154E-08
 3.04009E-08
 2.84430E-08
 2.66361E-08
 2.49742E-08
 2.34509E-08
 2.20600E-08
 2.07956E-08
 1.96518E-08
 1.86231E-08
 1.77044E-08
 1.68911E-08
 1.61789E-08
 1.55640E-08
 1.50431E-08
 1.46134E-08
 1.42724E-08
 1.40184E-08
 1.38498E-08
 1.37657E-08
 8.66558E-08
 8.60600E-08
 8.48916E-08
 8.31949E-08
 8.10306E-08
 7.84701E-08
 7.55902E-08
 7.24679E-08
 6.91769E-08
 6.57846E-08
 6.23504E-08
 5.89250E-08
 5.55502E-08
 5.22598E-08
 4.90796E-08
 4.60291E-08
 4.31219E-08
 4.03668E-08
 3.77689E-08
 3.53302E-08
 3.30502E-08
 3.09266E-08
 2.89559E-08
 2.71335E-08
 2.54544E-08
 2.39131E-08
 2.25040E-08
 2.12215E-08
 2.00602E-08
 1.90150E-08
 1.80809E-08
 1.72534E-08
 1.65285E-08
 1.59023E-08
 1.53717E-08
 1.49338E-08
 1.45864E-08
 1.43274E-08
 1.41556E-08
 1.40699E-08
 8.53137E-08
 8.47633E-08
 8.36819E-08
 8.21064E-08
 8.00881E-08
 7.76883E-08
 7.49743E-08
 7.20149E-08
 6.88774E-08
 6.56246E-08
 6.23131E-08
 5.89925E-08
 5.57046E-08
 5.24840E-08
 4.93581E-08
 4.63480E-08
 4.34693E-08
 4.07327E-08
 3.81451E-08
 3.57101E-08
 3.34285E-08
 3.12995E-08
 2.93204E-08
 2.74877E-08
 2.57969E-08
 2.42431E-08
 2.28213E-08
 2.15262E-08
 2.03527E-08
 1.92958E-08
 1.83508E-08
 1.75133E-08
 1.67793E-08
 1.61451E-08
 1.56076E-08
 1.51639E-08
 1.48118E-08
 1.45493E-08
 1.43752E-08
 1.42883E-08
 8.45219E-08
 8.39976E-08
 8.29663E-08
 8.14607E-08
 7.95269E-08
 7.72207E-08
 7.46037E-08
 7.17401E-08
 6.86933E-08
 6.55232E-08
 6.22850E-08
 5.90272E-08
 5.57917E-08
 5.26135E-08
 4.95207E-08
 4.65355E-08
 4.36745E-08
 4.09496E-08
 3.83688E-08
 3.59364E-08
 3.36544E-08
 3.15224E-08
 2.95386E-08
 2.76999E-08
 2.60022E-08
 2.44412E-08
 2.30118E-08
 2.17093E-08
 2.05285E-08
 1.94646E-08
 1.85131E-08
 1.76697E-08
 1.69303E-08
 1.62913E-08
 1.57496E-08
 1.53025E-08
 1.49476E-08
 1.46830E-08
 1.45074E-08
 1.44199E-08
 8.42544E-08
 8.37391E-08
 8.27248E-08
 8.12431E-08
 7.93382E-08
 7.70638E-08
 7.44798E-08
 7.16486E-08
 6.86323E-08
 6.54901E-08
 6.22764E-08
 5.90397E-08
 5.58217E-08
 5.26575E-08
 4.95757E-08
 4.65987E-08
 4.37436E-08
 4.10226E-08
 3.84439E-08
 3.60124E-08
 3.37301E-08
 3.15972E-08
 2.96118E-08
 2.77710E-08
 2.60710E-08
 2.45075E-08
 2.30756E-08
 2.17705E-08
 2.05873E-08
 1.95211E-08
 1.85675E-08
 1.77220E-08
 1.69808E-08
 1.63402E-08
 1.57972E-08
 1.53488E-08
 1.49930E-08
 1.47277E-08
 1.45516E-08
 1.44638E-08
 8.45022E-08
 8.39795E-08
 8.29509E-08
 8.14489E-08
 7.95190E-08
 7.72166E-08
 7.46030E-08
 7.17421E-08
 6.86972E-08
 6.55285E-08
 6.22909E-08
 5.90334E-08
 5.57978E-08
 5.26192E-08
 4.95259E-08
 4.65402E-08
 4.36786E-08
 4.09533E-08
 3.83719E-08
 3.59391E-08
 3.36567E-08
 3.15244E-08
 2.95403E-08
 2.77013E-08
 2.60034E-08
 2.44422E-08
 2.30127E-08
 2.17100E-08
 2.05291E-08
 1.94652E-08
 1.85136E-08
 1.76701E-08
 1.69306E-08
 1.62916E-08
 1.57499E-08
 1.53027E-08
 1.49478E-08
 1.46832E-08
 1.45076E-08
 1.44200E-08
 8.52728E-08
 8.47257E-08
 8.36502E-08
 8.20824E-08
 8.00724E-08
 7.76806E-08
 7.49735E-08
 7.20196E-08
 6.88860E-08
 6.56356E-08
 6.23254E-08
 5.90051E-08
 5.57169E-08
 5.24955E-08
 4.93686E-08
 4.63574E-08
 4.34775E-08
 4.07399E-08
 3.81513E-08
 3.57154E-08
 3.34331E-08
 3.13033E-08
 2.93237E-08
 2.74905E-08
 2.57992E-08
 2.42451E-08
 2.28230E-08
 2.15276E-08
 2.03539E-08
 1.92968E-08
 1.83517E-08
 1.75141E-08
 1.67800E-08
 1.61457E-08
 1.56081E-08
 1.51644E-08
 1.48123E-08
 1.45498E-08
 1.43755E-08
 1.42887E-08
 8.65906E-08
 8.60003E-08
 8.48420E-08
 8.31582E-08
 8.10076E-08
 7.84599E-08
 7.55907E-08
 7.24768E-08
 6.91915E-08
 6.58027E-08
 6.23700E-08
 5.89447E-08
 5.55692E-08
 5.22774E-08
 4.90955E-08
 4.60432E-08
 4.31342E-08
 4.03775E-08
 3.77781E-08
 3.53380E-08
 3.30569E-08
 3.09323E-08
 2.89607E-08
 2.71376E-08
 2.54579E-08
 2.39160E-08
 2.25065E-08
 2.12236E-08
 2.00620E-08
 1.90165E-08
 1.80822E-08
 1.72546E-08
 1.65295E-08
 1.59032E-08
 1.53725E-08
 1.49346E-08
 1.45870E-08
 1.43280E-08
 1.41561E-08
 1.40704E-08
 8.84986E-08
 8.78428E-08
 8.65592E-08
 8.47009E-08
 8.23398E-08
 7.95606E-08
 7.64529E-08
 7.31052E-08
 6.96007E-08
 6.60135E-08
 6.24072E-08
 5.88346E-08
 5.53378E-08
 5.19492E-08
 4.86929E-08
 4.55857E-08
 4.26386E-08
 3.98577E-08
 3.72456E-08
 3.48018E-08
 3.25241E-08
 3.04082E-08
 2.84492E-08
 2.66414E-08
 2.49786E-08
 2.34547E-08
 2.20633E-08
 2.07984E-08
 1.96541E-08
 1.86251E-08
 1.77061E-08
 1.68926E-08
 1.61802E-08
 1.55651E-08
 1.50441E-08
 1.46143E-08
 1.42733E-08
 1.40192E-08
 1.38505E-08
 1.37665E-08
 9.10625E-08
 9.03131E-08
 8.88513E-08
 8.67461E-08
 8.40903E-08
 8.09899E-08
 7.75548E-08
 7.38906E-08
 7.00926E-08
 6.62434E-08
 6.24108E-08
 5.86487E-08
 5.49982E-08
 5.14888E-08
 4.81412E-08
 4.49682E-08
 4.19767E-08
 3.91692E-08
 3.65446E-08
 3.40997E-08
 3.18293E-08
 2.97272E-08
 2.77866E-08
 2.60002E-08
 2.43606E-08
 2.28607E-08
 2.14936E-08
 2.02524E-08
 1.91310E-08
 1.81235E-08
 1.72246E-08
 1.64294E-08
 1.57335E-08
 1.51330E-08
 1.46245E-08
 1.42052E-08
 1.38726E-08
 1.36248E-08
 1.34604E-08
 1.33784E-08
 9.43758E-08
 9.34958E-08
 9.17867E-08
 8.93421E-08
 8.62853E-08
 8.27539E-08
 7.88860E-08
 7.48096E-08
 7.06358E-08
 6.64566E-08
 6.23438E-08
 5.83513E-08
 5.45172E-08
 5.08668E-08
 4.74150E-08
 4.41692E-08
 4.11309E-08
 3.82976E-08
 3.56641E-08
 3.32231E-08
 3.09663E-08
 2.88849E-08
 2.69698E-08
 2.52120E-08
 2.36029E-08
 2.21341E-08
 2.07978E-08
 1.95867E-08
 1.84940E-08
 1.75134E-08
 1.66394E-08
 1.58669E-08
 1.51914E-08
 1.46088E-08
 1.41158E-08
 1.37093E-08
 1.33871E-08
 1.31471E-08
 1.29878E-08
 1.29085E-08
 9.85691E-08
 9.75077E-08
 9.54576E-08
 9.25502E-08
 8.89549E-08
 8.48545E-08
 8.04258E-08
 7.58258E-08
 7.11846E-08
 6.66033E-08
 6.21566E-08
 5.78956E-08
 5.38527E-08
 5.00460E-08
 4.64827E-08
 4.31626E-08
 4.00800E-08
 3.72264E-08
 3.45910E-08
 3.21622E-08
 2.99279E-08
 2.78761E-08
 2.59956E-08
 2.42752E-08
 2.27049E-08
 2.12750E-08
 1.99769E-08
 1.88026E-08
 1.77447E-08
 1.67968E-08
 1.59528E-08
 1.52075E-08
 1.45563E-08
 1.39951E-08
 1.35205E-08
 1.31294E-08
 1.28193E-08
 1.25885E-08
 1.24354E-08
 1.23591E-08
 1.03824E-07
 1.02508E-07
 9.99856E-08
 9.64464E-08
 9.21295E-08
 8.72832E-08
 8.21368E-08
 7.68833E-08
 7.16732E-08
 6.66156E-08
 6.17837E-08
 5.72216E-08
 5.29521E-08
 4.89818E-08
 4.53074E-08
 4.19183E-08
 3.88003E-08
 3.59370E-08
 3.33114E-08
 3.09068E-08
 2.87068E-08
 2.66963E-08
 2.48612E-08
 2.31885E-08
 2.16664E-08
 2.02842E-08
 1.90323E-08
 1.79020E-08
 1.68856E-08
 1.59761E-08
 1.51674E-08
 1.44540E-08
 1.38312E-08
 1.32949E-08
 1.28416E-08
 1.24682E-08
 1.21724E-08
 1.19522E-08
 1.18062E-08
 1.17334E-08
 1.10393E-07
 1.08717E-07
 1.05530E-07
 1.01120E-07
 9.58335E-08
 9.00122E-08
 8.39550E-08
 7.78975E-08
 7.20094E-08
 6.64023E-08
 6.11408E-08
 5.62553E-08
 5.17520E-08
 4.76219E-08
 4.38467E-08
 4.04030E-08
 3.72658E-08
 3.44098E-08
 3.18110E-08
 2.94467E-08
 2.72963E-08
 2.53411E-08
 2.35644E-08
 2.19511E-08
 2.04879E-08
 1.91631E-08
 1.79661E-08
 1.68876E-08
 1.59195E-08
 1.50547E-08
 1.42866E-08
 1.36099E-08
 1.30197E-08
 1.25118E-08
 1.20828E-08
 1.17296E-08
 1.14499E-08
 1.12418E-08
 1.11038E-08
 1.10350E-08
 1.18640E-07
 1.16436E-07
 1.12297E-07
 1.06671E-07
 1.00072E-07
 9.29770E-08
 8.57735E-08
 7.87422E-08
 7.20647E-08
 6.58432E-08
 6.01220E-08
 5.49066E-08
 5.01788E-08
 4.59072E-08
 4.20543E-08
 3.85812E-08
 3.54500E-08
 3.26255E-08
 3.00759E-08
 2.77727E-08
 2.56905E-08
 2.38075E-08
 2.21041E-08
 2.05635E-08
 1.91712E-08
 1.79141E-08
 1.67812E-08
 1.57628E-08
 1.48503E-08
 1.40364E-08
 1.33145E-08
 1.26793E-08
 1.21257E-08
 1.16498E-08
 1.12480E-08
 1.09175E-08
 1.06558E-08
 1.04611E-08
 1.03321E-08
 1.02678E-08
 1.29089E-07
 1.26091E-07
 1.20550E-07
 1.13196E-07
 1.04807E-07
 9.60501E-08
 8.74198E-08
 7.92331E-08
 7.16641E-08
 6.47839E-08
 5.85973E-08
 5.30703E-08
 4.81495E-08
 4.37738E-08
 3.98823E-08
 3.64174E-08
 3.33274E-08
 3.05664E-08
 2.80946E-08
 2.58775E-08
 2.38858E-08
 2.20941E-08
 2.04809E-08
 1.90279E-08
 1.77191E-08
 1.65410E-08
 1.54820E-08
 1.45321E-08
 1.36825E-08
 1.29260E-08
 1.22559E-08
 1.16669E-08
 1.11542E-08
 1.07137E-08
 1.03421E-08
 1.00365E-08
 9.79469E-09
 9.61487E-09
 9.49571E-09
 9.43635E-09
 1.42537E-07
 1.38288E-07
 1.30617E-07
 1.20757E-07
 1.09908E-07
 9.89970E-08
 8.86224E-08
 7.91063E-08
 7.05746E-08
 6.30310E-08
 5.64130E-08
 5.06280E-08
 4.55749E-08
 4.11563E-08
 3.72835E-08
 3.38789E-08
 3.08759E-08
 2.82182E-08
 2.58585E-08
 2.37571E-08
 2.18809E-08
 2.02022E-08
 1.86977E-08
 1.73479E-08
 1.61362E-08
 1.50488E-08
 1.40737E-08
 1.32009E-08
 1.24218E-08
 1.17290E-08
 1.11163E-08
 1.05783E-08
 1.01104E-08
 9.70871E-09
 9.37006E-09
 9.09175E-09
 8.87161E-09
 8.70794E-09
 8.59952E-09
 8.54550E-09
 1.60234E-07
 1.53907E-07
 1.42872E-07
 1.29306E-07
 1.15072E-07
 1.01407E-07
 8.89664E-08
 7.79953E-08
 6.84970E-08
 6.03525E-08
 5.33957E-08
 4.74536E-08
 4.23660E-08
 3.79930E-08
 3.42165E-08
 3.09386E-08
 2.80790E-08
 2.55720E-08
 2.33640E-08
 2.14115E-08
 1.96786E-08
 1.81361E-08
 1.67599E-08
 1.55298E-08
 1.44292E-08
 1.34442E-08
 1.25631E-08
 1.17761E-08
 1.10747E-08
 1.04520E-08
 9.90201E-09
 9.41953E-09
 9.00031E-09
 8.64071E-09
 8.33772E-09
 8.08883E-09
 7.89204E-09
 7.74578E-09
 7.64890E-09
 7.60065E-09
 1.84259E-07
 1.74234E-07
 1.57659E-07
 1.38523E-07
 1.19667E-07
 1.02594E-07
 8.78408E-08
 7.54116E-08
 6.50654E-08
 5.64864E-08
 4.93638E-08
 4.34248E-08
 3.84424E-08
 3.42331E-08
 3.06510E-08
 2.75802E-08
 2.49295E-08
 2.26266E-08
 2.06141E-08
 1.88461E-08
 1.72859E-08
 1.59039E-08
 1.46758E-08
 1.35821E-08
 1.26065E-08
 1.17357E-08
 1.09585E-08
 1.02655E-08
 9.64902E-09
 9.10241E-09
 8.62014E-09
 8.19753E-09
 7.83062E-09
 7.51612E-09
 7.25127E-09
 7.03382E-09
 6.86194E-09
 6.73424E-09
 6.64966E-09
 6.60755E-09
 2.18307E-07
 2.01112E-07
 1.75008E-07
 1.47458E-07
 1.22481E-07
 1.01459E-07
 8.43918E-08
 7.07448E-08
 5.98668E-08
 5.11637E-08
 4.41483E-08
 3.84393E-08
 3.37456E-08
 2.98462E-08
 2.65740E-08
 2.38017E-08
 2.14323E-08
 1.93910E-08
 1.76197E-08
 1.60730E-08
 1.47151E-08
 1.35176E-08
 1.24575E-08
 1.15163E-08
 1.06792E-08
 9.93363E-09
 9.26955E-09
 8.67849E-09
 8.15342E-09
 7.68844E-09
 7.27862E-09
 6.91981E-09
 6.60853E-09
 6.34187E-09
 6.11743E-09
 5.93323E-09
 5.78768E-09
 5.67956E-09
 5.60797E-09
 5.57232E-09
 2.69552E-07
 2.36898E-07
 1.93803E-07
 1.53819E-07
 1.21341E-07
 9.63680E-08
 7.75230E-08
 6.33090E-08
 5.24931E-08
 4.41535E-08
 3.76262E-08
 3.24387E-08
 2.82545E-08
 2.48323E-08
 2.19970E-08
 1.96203E-08
 1.76070E-08
 1.58852E-08
 1.44006E-08
 1.31111E-08
 1.19840E-08
 1.09938E-08
 1.01201E-08
 9.34660E-09
 8.66017E-09
 8.05010E-09
 7.50762E-09
 7.02549E-09
 6.59772E-09
 6.21931E-09
 5.88609E-09
 5.59456E-09
 5.34181E-09
 5.12541E-09
 4.94335E-09
 4.79398E-09
 4.67598E-09
 4.58835E-09
 4.53034E-09
 4.50145E-09
 3.53450E-07
 2.83125E-07
 2.09487E-07
 1.52676E-07
 1.12695E-07
 8.51496E-08
 6.60234E-08
 5.24750E-08
 4.26433E-08
 3.53311E-08
 2.97644E-08
 2.54347E-08
 2.20014E-08
 1.92313E-08
 1.69614E-08
 1.50757E-08
 1.34901E-08
 1.21425E-08
 1.09864E-08
 9.98663E-09
 9.11604E-09
 8.35354E-09
 7.68253E-09
 7.08981E-09
 6.56481E-09
 6.09898E-09
 5.68532E-09
 5.31813E-09
 4.99266E-09
 4.70499E-09
 4.45186E-09
 4.23054E-09
 4.03875E-09
 3.87461E-09
 3.73657E-09
 3.62335E-09
 3.53393E-09
 3.46753E-09
 3.42358E-09
 3.40169E-09
 5.07674E-07
 3.32666E-07
 2.08342E-07
 1.34705E-07
 9.16119E-08
 6.55125E-08
 4.89458E-08
 3.79244E-08
 3.02739E-08
 2.47631E-08
 2.06654E-08
 1.75344E-08
 1.50852E-08
 1.31301E-08
 1.15416E-08
 1.02310E-08
 9.13514E-09
 8.20810E-09
 7.41590E-09
 6.73302E-09
 6.14000E-09
 5.62180E-09
 5.16666E-09
 4.76530E-09
 4.41029E-09
 4.09567E-09
 3.81658E-09
 3.56904E-09
 3.34980E-09
 3.15614E-09
 2.98583E-09
 2.83698E-09
 2.70804E-09
 2.59773E-09
 2.50497E-09
 2.42891E-09
 2.36885E-09
 2.32426E-09
 2.29475E-09
 2.28005E-09
 8.36907E-07
 3.31521E-07
 1.56513E-07
 8.61883E-08
 5.35357E-08
 3.63428E-08
 2.63229E-08
 2.00030E-08
 1.57647E-08
 1.27819E-08
 1.05999E-08
 8.95232E-09
 7.67494E-09
 6.66221E-09
 5.84383E-09
 5.17156E-09
 4.61140E-09
 4.13890E-09
 3.73609E-09
 3.38956E-09
 3.08914E-09
 2.82699E-09
 2.59702E-09
 2.39443E-09
 2.21539E-09
 2.05683E-09
 1.91627E-09
 1.79167E-09
 1.68136E-09
 1.58395E-09
 1.49832E-09
 1.42350E-09
 1.35870E-09
 1.30328E-09
 1.25668E-09
 1.21848E-09
 1.18831E-09
 1.16592E-09
 1.15109E-09
 1.14372E-09
 8.35766E-07
 0.00000E+00
 0.00000E+00
 0.00000E+00
 0.00000E+00
 0.00000E+00
 0.00000E+00
 0.00000E+00
 0.00000E+00
 0.00000E+00
 0.00000E+00
 0.00000E+00
 0.00000E+00
 0.00000E+00
 0.00000E+00
 0.00000E+00
 0.00000E+00
 0.00000E+00
 0.00000E+00
 0.00000E+00
 0.00000E+00
 0.00000E+00
 0.00000E+00
 0.00000E+00
 0.00000E+00
 0.00000E+00
 0.00000E+00
 0.00000E+00
 0.00000E+00
 0.00000E+00
 0.00000E+00
 0.00000E+00
 0.00000E+00
 0.00000E+00
 0.00000E+00
 0.00000E+00
 0.00000E+00
 0.00000E+00
 0.00000E+00
 0.00000E+00
