-0.00000E+00
 8.07929E-07
 4.86867E-07
 3.35589E-07
 2.52864E-07
 2.02208E-07
 1.76242E-07
 1.47066E-07
 1.25494E-07
 1.09032E-07
 9.59350E-08
 8.51848E-08
 7.61572E-08
 6.84434E-08
 6.17609E-08
 5.59065E-08
 5.07298E-08
 4.61162E-08
 4.19767E-08
 3.82408E-08
 3.48519E-08
 3.17637E-08
 2.89376E-08
 2.63415E-08
 2.39479E-08
 2.17333E-08
 1.96772E-08
 1.77615E-08
 1.59704E-08
 1.42895E-08
 1.27060E-08
 1.12080E-08
 9.78478E-09
 8.42634E-09
 7.12328E-09
 5.86679E-09
 4.64849E-09
 3.46033E-09
 2.29455E-09
 1.14359E-09
 0.00000E+00
-0.00000E+00
 3.18408E-07
 3.17084E-07
 2.67034E-07
 2.20797E-07
 1.85879E-07
 1.60138E-07
 1.38036E-07
 1.20236E-07
 1.05655E-07
 9.35879E-08
 8.34622E-08
 7.48434E-08
 6.74121E-08
 6.09326E-08
 5.52289E-08
 5.01667E-08
 4.56421E-08
 4.15730E-08
 3.78938E-08
 3.45513E-08
 3.15014E-08
 2.87076E-08
 2.61390E-08
 2.37690E-08
 2.15748E-08
 1.95367E-08
 1.76370E-08
 1.58602E-08
 1.41922E-08
 1.26204E-08
 1.11332E-08
 9.72003E-09
 8.37094E-09
 7.07671E-09
 5.82861E-09
 4.61834E-09
 3.43795E-09
 2.27974E-09
 1.13621E-09
 0.00000E+00
-0.00000E+00
 1.48617E-07
 1.96025E-07
 1.94668E-07
 1.77122E-07
 1.62453E-07
 1.41393E-07
 1.25732E-07
 1.11874E-07
 9.97729E-08
 8.93001E-08
 8.02328E-08
 7.23422E-08
 6.54289E-08
 5.93287E-08
 5.39098E-08
 4.90661E-08
 4.47124E-08
 4.07794E-08
 3.72103E-08
 3.39580E-08
 3.09832E-08
 2.82526E-08
 2.57377E-08
 2.34141E-08
 2.12604E-08
 1.92578E-08
 1.73896E-08
 1.56411E-08
 1.39986E-08
 1.24502E-08
 1.09845E-08
 9.59117E-09
 8.26070E-09
 6.98402E-09
 5.75260E-09
 4.55832E-09
 3.39338E-09
 2.25024E-09
 1.12153E-09
 0.00000E+00
-0.00000E+00
 8.00374E-08
 1.23730E-07
 1.38558E-07
 1.42467E-07
 1.32586E-07
 1.22458E-07
 1.11996E-07
 1.01787E-07
 9.22650E-08
 8.36068E-08
 7.58266E-08
 6.88638E-08
 6.26324E-08
 5.70436E-08
 5.20153E-08
 4.74755E-08
 4.33620E-08
 3.96219E-08
 3.62099E-08
 3.30872E-08
 3.02207E-08
 2.75817E-08
 2.51453E-08
 2.28894E-08
 2.07948E-08
 1.88444E-08
 1.70227E-08
 1.53158E-08
 1.37112E-08
 1.21972E-08
 1.07633E-08
 9.39951E-09
 8.09667E-09
 6.84606E-09
 5.63944E-09
 4.46896E-09
 3.32702E-09
 2.20631E-09
 1.09966E-09
 0.00000E+00
-0.00000E+00
 4.78026E-08
 8.03645E-08
 1.01827E-07
 1.10465E-07
 1.09180E-07
 1.04458E-07
 9.80719E-08
 9.10167E-08
 8.38938E-08
 7.70357E-08
 7.06028E-08
 6.46541E-08
 5.91934E-08
 5.41978E-08
 4.96324E-08
 4.54585E-08
 4.16384E-08
 3.81364E-08
 3.49200E-08
 3.19602E-08
 2.92308E-08
 2.67084E-08
 2.43722E-08
 2.22034E-08
 2.01851E-08
 1.83023E-08
 1.65409E-08
 1.48883E-08
 1.33330E-08
 1.18642E-08
 1.04719E-08
 9.14692E-09
 7.88040E-09
 6.66411E-09
 5.49016E-09
 4.35103E-09
 3.23945E-09
 2.14833E-09
 1.07079E-09
 0.00000E+00
-0.00000E+00
 3.00625E-08
 5.97637E-08
 7.97693E-08
 8.73605E-08
 8.94569E-08
 8.81716E-08
 8.48226E-08
 8.03151E-08
 7.52577E-08
 7.00395E-08
 6.48950E-08
 5.99561E-08
 5.52894E-08
 5.09220E-08
 4.68578E-08
 4.30879E-08
 3.95966E-08
 3.63651E-08
 3.33737E-08
 3.06029E-08
 2.80338E-08
 2.56489E-08
 2.34317E-08
 2.13668E-08
 1.94401E-08
 1.76386E-08
 1.59502E-08
 1.43636E-08
 1.28683E-08
 1.14547E-08
 1.01134E-08
 8.83584E-09
 7.61391E-09
 6.43980E-09
 5.30607E-09
 4.20557E-09
 3.13139E-09
 2.07679E-09
 1.03516E-09
 0.00000E+00
-0.00000E+00
 2.77879E-08
 4.82006E-08
 6.13652E-08
 6.92537E-08
 7.30951E-08
 7.39503E-08
 7.27320E-08
 7.01634E-08
 6.67824E-08
 6.29694E-08
 5.89816E-08
 5.49860E-08
 5.10861E-08
 4.73429E-08
 4.37890E-08
 4.04387E-08
 3.72949E-08
 3.43537E-08
 3.16068E-08
 2.90437E-08
 2.66528E-08
 2.44218E-08
 2.23388E-08
 2.03919E-08
 1.85699E-08
 1.68620E-08
 1.52578E-08
 1.37475E-08
 1.23221E-08
 1.09727E-08
 9.69102E-09
 8.46917E-09
 7.29960E-09
 6.17511E-09
 5.08874E-09
 4.03380E-09
 3.00376E-09
 1.99226E-09
 9.93064E-10
 0.00000E+00
-0.00000E+00
 1.99669E-08
 3.58027E-08
 4.73216E-08
 5.50982E-08
 5.97124E-08
 6.18025E-08
 6.19917E-08
 6.08240E-08
 5.87392E-08
 5.60742E-08
 5.30761E-08
 4.99200E-08
 4.67262E-08
 4.35747E-08
 4.05165E-08
 3.75828E-08
 3.47907E-08
 3.21480E-08
 2.96562E-08
 2.73125E-08
 2.51117E-08
 2.30467E-08
 2.11097E-08
 1.92922E-08
 1.75857E-08
 1.59816E-08
 1.44713E-08
 1.30467E-08
 1.16999E-08
 1.04230E-08
 9.20885E-09
 8.05021E-09
 6.94022E-09
 5.87229E-09
 4.84000E-09
 3.83711E-09
 2.85758E-09
 1.89543E-09
 9.44838E-10
 0.00000E+00
-0.00000E+00
 1.45698E-08
 2.70679E-08
 3.69111E-08
 4.40934E-08
 4.88530E-08
 5.15554E-08
 5.26082E-08
 5.24016E-08
 5.12763E-08
 4.95121E-08
 4.73285E-08
 4.48918E-08
 4.23240E-08
 3.97130E-08
 3.71196E-08
 3.45854E-08
 3.21372E-08
 2.97915E-08
 2.75574E-08
 2.54384E-08
 2.34347E-08
 2.15436E-08
 1.97611E-08
 1.80816E-08
 1.64992E-08
 1.50072E-08
 1.35992E-08
 1.22682E-08
 1.10076E-08
 9.81071E-09
 8.67116E-09
 7.58257E-09
 6.53880E-09
 5.53384E-09
 4.56184E-09
 3.61709E-09
 2.69400E-09
 1.78706E-09
 8.90855E-10
 0.00000E+00
-0.00000E+00
 1.10182E-08
 2.09247E-08
 2.91510E-08
 3.55102E-08
 4.00506E-08
 4.29579E-08
 4.44842E-08
 4.48979E-08
 4.44523E-08
 4.33694E-08
 4.18341E-08
 3.99944E-08
 3.79652E-08
 3.58335E-08
 3.36636E-08
 3.15019E-08
 2.93811E-08
 2.73235E-08
 2.53433E-08
 2.34491E-08
 2.16450E-08
 1.99321E-08
 1.83094E-08
 1.67740E-08
 1.53221E-08
 1.39491E-08
 1.26499E-08
 1.14192E-08
 1.02515E-08
 9.14110E-09
 8.08249E-09
 7.07013E-09
 6.09856E-09
 5.16242E-09
 4.25643E-09
 3.37541E-09
 2.51427E-09
 1.66796E-09
 8.31520E-10
 0.00000E+00
-0.00000E+00
 8.55727E-09
 1.64563E-08
 2.32573E-08
 2.87458E-08
 3.28813E-08
 3.57414E-08
 3.74729E-08
 3.82535E-08
 3.82654E-08
 3.76791E-08
 3.66442E-08
 3.52866E-08
 3.37090E-08
 3.19923E-08
 3.01993E-08
 2.83775E-08
 2.65620E-08
 2.47780E-08
 2.30433E-08
 2.13696E-08
 1.97640E-08
 1.82305E-08
 1.67703E-08
 1.53828E-08
 1.40661E-08
 1.28171E-08
 1.16322E-08
 1.05074E-08
 9.43807E-09
 8.41972E-09
 7.44758E-09
 6.51690E-09
 5.62290E-09
 4.76084E-09
 3.92604E-09
 3.11386E-09
 2.31969E-09
 1.53900E-09
 7.67263E-10
 0.00000E+00
-0.00000E+00
 6.75314E-09
 1.30854E-08
 1.86761E-08
 2.33342E-08
 2.69873E-08
 2.96536E-08
 3.14125E-08
 3.23777E-08
 3.26769E-08
 3.24374E-08
 3.17769E-08
 3.07990E-08
 2.95917E-08
 2.82273E-08
 2.67638E-08
 2.52468E-08
 2.37112E-08
 2.21833E-08
 2.06824E-08
 1.92219E-08
 1.78111E-08
 1.64556E-08
 1.51585E-08
 1.39209E-08
 1.27423E-08
 1.16210E-08
 1.05545E-08
 9.53992E-09
 8.57371E-09
 7.65212E-09
 6.77122E-09
 5.92698E-09
 5.11528E-09
 4.33201E-09
 3.57305E-09
 2.83429E-09
 2.11165E-09
 1.40108E-09
 6.98533E-10
 0.00000E+00
-0.00000E+00
 5.36974E-09
 1.04562E-08
 1.50274E-08
 1.89278E-08
 2.20801E-08
 2.44732E-08
 2.61457E-08
 2.71678E-08
 2.76272E-08
 2.76167E-08
 2.72269E-08
 2.65408E-08
 2.56315E-08
 2.45614E-08
 2.33818E-08
 2.21346E-08
 2.08527E-08
 1.95617E-08
 1.82809E-08
 1.70246E-08
 1.58028E-08
 1.46223E-08
 1.34873E-08
 1.24001E-08
 1.13611E-08
 1.03699E-08
 9.42497E-09
 8.52411E-09
 7.66472E-09
 6.84383E-09
 6.05821E-09
 5.30451E-09
 4.57924E-09
 3.87888E-09
 3.19985E-09
 2.53860E-09
 1.89154E-09
 1.25512E-09
 6.25792E-10
 0.00000E+00
-0.00000E+00
 4.26962E-09
 8.34224E-09
 1.20495E-08
 1.52696E-08
 1.79320E-08
 2.00135E-08
 2.15291E-08
 2.25208E-08
 2.30473E-08
 2.31753E-08
 2.29731E-08
 2.25057E-08
 2.18323E-08
 2.10049E-08
 2.00676E-08
 1.90572E-08
 1.80034E-08
 1.69299E-08
 1.58551E-08
 1.47927E-08
 1.37531E-08
 1.27434E-08
 1.17684E-08
 1.08309E-08
 9.93230E-09
 9.07268E-09
 8.25133E-09
 7.46683E-09
 6.71724E-09
 6.00025E-09
 5.31329E-09
 4.65361E-09
 4.01830E-09
 3.40440E-09
 2.80889E-09
 2.22871E-09
 1.66080E-09
 1.10209E-09
 5.49510E-10
 0.00000E+00
-0.00000E+00
 3.36650E-09
 6.59359E-09
 9.55887E-09
 1.21690E-08
 1.43647E-08
 1.61198E-08
 1.74365E-08
 1.83390E-08
 1.88659E-08
 1.90642E-08
 1.89845E-08
 1.86766E-08
 1.81871E-08
 1.75582E-08
 1.68265E-08
 1.60231E-08
 1.51738E-08
 1.42995E-08
 1.34167E-08
 1.25382E-08
 1.16736E-08
 1.08299E-08
 1.00120E-08
 9.22292E-09
 8.46444E-09
 7.73715E-09
 7.04084E-09
 6.37463E-09
 5.73715E-09
 5.12664E-09
 4.54111E-09
 3.97833E-09
 3.43595E-09
 2.91154E-09
 2.40259E-09
 1.90654E-09
 1.42085E-09
 9.42916E-10
 4.70163E-10
 0.00000E+00
-0.00000E+00
 2.60281E-09
 5.10673E-09
 7.42338E-09
 9.48288E-09
 1.12380E-08
 1.26643E-08
 1.37583E-08
 1.45328E-08
 1.50129E-08
 1.52312E-08
 1.52242E-08
 1.50290E-08
 1.46814E-08
 1.42143E-08
 1.36570E-08
 1.30349E-08
 1.23692E-08
 1.16775E-08
 1.09740E-08
 1.02697E-08
 9.57310E-09
 8.89061E-09
 8.22669E-09
 7.58434E-09
 6.96538E-09
 6.37065E-09
 5.80026E-09
 5.25371E-09
 4.73007E-09
 4.22807E-09
 3.74616E-09
 3.28264E-09
 2.83564E-09
 2.40322E-09
 1.98337E-09
 1.57404E-09
 1.17314E-09
 7.78568E-10
 3.88227E-10
 0.00000E+00
-0.00000E+00
 1.93802E-09
 3.80713E-09
 5.54502E-09
 7.10119E-09
 8.43996E-09
 9.54123E-09
 1.03994E-08
 1.10210E-08
 1.14217E-08
 1.16236E-08
 1.16521E-08
 1.15338E-08
 1.12951E-08
 1.09605E-08
 1.05524E-08
 1.00902E-08
 9.59057E-09
 9.06741E-09
 8.53202E-09
 7.99340E-09
 7.45856E-09
 6.93276E-09
 6.41982E-09
 5.92238E-09
 5.44208E-09
 4.97981E-09
 4.53582E-09
 4.10988E-09
 3.70137E-09
 3.30940E-09
 2.93284E-09
 2.57042E-09
 2.22075E-09
 1.88234E-09
 1.55365E-09
 1.23310E-09
 9.19089E-10
 6.09992E-10
 3.04175E-10
 0.00000E+00
-0.00000E+00
 1.34212E-09
 2.63875E-09
 3.84840E-09
 4.93691E-09
 5.87945E-09
 6.66126E-09
 7.27711E-09
 7.73002E-09
 8.02945E-09
 8.18941E-09
 8.22664E-09
 8.15907E-09
 8.00464E-09
 7.78038E-09
 7.50188E-09
 7.18296E-09
 6.83550E-09
 6.46954E-09
 6.09330E-09
 5.71338E-09
 5.33498E-09
 4.96204E-09
 4.59746E-09
 4.24326E-09
 3.90076E-09
 3.57070E-09
 3.25334E-09
 2.94861E-09
 2.65613E-09
 2.37531E-09
 2.10538E-09
 1.84546E-09
 1.59459E-09
 1.35173E-09
 1.11578E-09
 8.85624E-10
 6.60128E-10
 4.38136E-10
 2.18483E-10
 0.00000E+00
-0.00000E+00
 7.91729E-10
 1.55734E-09
 2.27291E-09
 2.91858E-09
 3.47969E-09
 3.94725E-09
 4.31776E-09
 4.59252E-09
 4.77663E-09
 4.87794E-09
 4.90600E-09
 4.87121E-09
 4.78402E-09
 4.65447E-09
 4.49180E-09
 4.30424E-09
 4.09895E-09
 3.88195E-09
 3.65824E-09
 3.43185E-09
 3.20595E-09
 2.98297E-09
 2.76471E-09
 2.55244E-09
 2.34700E-09
 2.14887E-09
 1.95824E-09
 1.77510E-09
 1.59924E-09
 1.43032E-09
 1.26790E-09
 1.11147E-09
 9.60439E-10
 8.14202E-10
 6.72109E-10
 5.33491E-10
 3.97665E-10
 2.63941E-10
 1.31619E-10
 0.00000E+00
-0.00000E+00
 2.67455E-10
 5.25960E-10
 7.67336E-10
 9.84819E-10
 1.17346E-09
 1.33028E-09
 1.45417E-09
 1.54568E-09
 1.60661E-09
 1.63970E-09
 1.64823E-09
 1.63573E-09
 1.60575E-09
 1.56167E-09
 1.50659E-09
 1.44327E-09
 1.37409E-09
 1.30107E-09
 1.22587E-09
 1.14983E-09
 1.07399E-09
 9.99178E-10
 9.25973E-10
 8.54800E-10
 7.85935E-10
 7.19535E-10
 6.55663E-10
 5.94309E-10
 5.35402E-10
 4.78828E-10
 4.24438E-10
 3.72057E-10
 3.21492E-10
 2.72535E-10
 2.24967E-10
 1.78566E-10
 1.33102E-10
 8.83421E-11
 4.40532E-11
 0.00000E+00
-0.00000E+00
-2.47868E-10
-4.88291E-10
-7.14348E-10
-9.20103E-10
-1.10094E-09
-1.25377E-09
-1.37703E-09
-1.47059E-09
-1.53556E-09
-1.57397E-09
-1.58851E-09
-1.58226E-09
-1.55841E-09
-1.52012E-09
-1.47037E-09
-1.41184E-09
-1.34692E-09
-1.27762E-09
-1.20565E-09
-1.13241E-09
-1.05898E-09
-9.86228E-10
-9.14798E-10
-8.45150E-10
-7.77597E-10
-7.12328E-10
-6.49435E-10
-5.88932E-10
-5.30768E-10
-4.74846E-10
-4.21033E-10
-3.69166E-10
-3.19062E-10
-2.70524E-10
-2.23340E-10
-1.77296E-10
-1.32167E-10
-8.77271E-11
-4.37482E-11
 0.00000E+00
-0.00000E+00
-7.70637E-10
-1.51691E-09
-2.21634E-09
-2.84994E-09
-3.40336E-09
-3.86739E-09
-4.23793E-09
-4.51547E-09
-4.70430E-09
-4.81151E-09
-4.84606E-09
-4.81784E-09
-4.73701E-09
-4.61339E-09
-4.45611E-09
-4.27336E-09
-4.07230E-09
-3.85899E-09
-3.63846E-09
-3.41482E-09
-3.19127E-09
-2.97031E-09
-2.75379E-09
-2.54301E-09
-2.33884E-09
-2.14181E-09
-1.95215E-09
-1.76983E-09
-1.59469E-09
-1.42641E-09
-1.26456E-09
-1.10863E-09
-9.58051E-10
-8.12226E-10
-6.70510E-10
-5.32242E-10
-3.96746E-10
-2.63336E-10
-1.31319E-10
 0.00000E+00
-0.00000E+00
-1.31777E-09
-2.59237E-09
-3.78415E-09
-4.85996E-09
-5.79518E-09
-6.57451E-09
-7.19182E-09
-7.64905E-09
-7.95465E-09
-8.12173E-09
-8.16637E-09
-8.10605E-09
-7.95840E-09
-7.74031E-09
-7.46731E-09
-7.15320E-09
-6.80993E-09
-6.44756E-09
-6.07440E-09
-5.69713E-09
-5.32098E-09
-4.94997E-09
-4.58703E-09
-4.23424E-09
-3.89296E-09
-3.56394E-09
-3.24750E-09
-2.94356E-09
-2.65177E-09
-2.37155E-09
-2.10216E-09
-1.84273E-09
-1.59229E-09
-1.34982E-09
-1.11423E-09
-8.84416E-10
-6.59239E-10
-4.37550E-10
-2.18192E-10
 0.00000E+00
-0.00000E+00
-1.90808E-09
-3.75065E-09
-5.46792E-09
-7.01059E-09
-8.34287E-09
-9.44365E-09
-1.03058E-08
-1.09343E-08
-1.13435E-08
-1.15544E-08
-1.15916E-08
-1.14816E-08
-1.12502E-08
-1.09222E-08
-1.05196E-08
-1.00622E-08
-9.56665E-09
-9.04693E-09
-8.51445E-09
-7.97831E-09
-7.44556E-09
-6.92154E-09
-6.41012E-09
-5.91398E-09
-5.43480E-09
-4.97350E-09
-4.53035E-09
-4.10513E-09
-3.69726E-09
-3.30586E-09
-2.92980E-09
-2.56784E-09
-2.21857E-09
-1.88053E-09
-1.55218E-09
-1.23195E-09
-9.18243E-10
-6.09435E-10
-3.03899E-10
 0.00000E+00
-0.00000E+00
-2.56390E-09
-5.03422E-09
-7.32630E-09
-9.37160E-09
-1.11221E-08
-1.25514E-08
-1.36534E-08
-1.44388E-08
-1.49307E-08
-1.51606E-08
-1.51642E-08
-1.49784E-08
-1.46388E-08
-1.41785E-08
-1.36268E-08
-1.30093E-08
-1.23475E-08
-1.16591E-08
-1.09582E-08
-1.02561E-08
-9.56142E-09
-8.88052E-09
-8.21794E-09
-7.57675E-09
-6.95877E-09
-6.36490E-09
-5.79526E-09
-5.24936E-09
-4.72630E-09
-4.22481E-09
-3.74336E-09
-3.28024E-09
-2.83362E-09
-2.40154E-09
-1.98201E-09
-1.57297E-09
-1.17235E-09
-7.78048E-10
-3.87969E-10
 0.00000E+00
-0.00000E+00
-3.31330E-09
-6.49604E-09
-9.43146E-09
-1.20274E-08
-1.42225E-08
-1.59865E-08
-1.73177E-08
-1.82367E-08
-1.87800E-08
-1.89932E-08
-1.89263E-08
-1.86290E-08
-1.81481E-08
-1.75261E-08
-1.67998E-08
-1.60008E-08
-1.51551E-08
-1.42836E-08
-1.34031E-08
-1.25265E-08
-1.16635E-08
-1.08212E-08
-1.00044E-08
-9.21629E-09
-8.45864E-09
-7.73209E-09
-7.03641E-09
-6.37076E-09
-5.73378E-09
-5.12372E-09
-4.53858E-09
-3.97616E-09
-3.43412E-09
-2.91001E-09
-2.40134E-09
-1.90557E-09
-1.42013E-09
-9.42441E-10
-4.69927E-10
 0.00000E+00
-0.00000E+00
-4.19327E-09
-8.20518E-09
-1.18761E-08
-1.50842E-08
-1.77538E-08
-1.98544E-08
-2.13942E-08
-2.24104E-08
-2.29592E-08
-2.31060E-08
-2.29188E-08
-2.24631E-08
-2.17986E-08
-2.09779E-08
-2.00457E-08
-1.90391E-08
-1.79883E-08
-1.69171E-08
-1.58441E-08
-1.47833E-08
-1.37449E-08
-1.27363E-08
-1.17621E-08
-1.08254E-08
-9.92742E-09
-9.06838E-09
-8.24755E-09
-7.46350E-09
-6.71432E-09
-5.99770E-09
-5.31108E-09
-4.65171E-09
-4.01668E-09
-3.40305E-09
-2.80778E-09
-2.22784E-09
-1.66015E-09
-1.10166E-09
-5.49299E-10
 0.00000E+00
-0.00000E+00
-5.25459E-09
-1.02553E-08
-1.47834E-08
-1.86796E-08
-2.18542E-08
-2.42830E-08
-2.59941E-08
-2.70517E-08
-2.75404E-08
-2.75527E-08
-2.71798E-08
-2.65059E-08
-2.56053E-08
-2.45412E-08
-2.33658E-08
-2.21216E-08
-2.08419E-08
-1.95525E-08
-1.82730E-08
-1.70176E-08
-1.57966E-08
-1.46168E-08
-1.34825E-08
-1.23957E-08
-1.13573E-08
-1.03665E-08
-9.42189E-09
-8.52137E-09
-7.66230E-09
-6.84169E-09
-6.05635E-09
-5.30289E-09
-4.57786E-09
-3.87771E-09
-3.19890E-09
-2.53785E-09
-1.89098E-09
-1.25475E-09
-6.25608E-10
 0.00000E+00
-0.00000E+00
-6.56974E-09
-1.27782E-08
-1.83226E-08
-2.29965E-08
-2.67005E-08
-2.94295E-08
-3.12476E-08
-3.22618E-08
-3.25980E-08
-3.23847E-08
-3.17418E-08
-3.07755E-08
-2.95755E-08
-2.82156E-08
-2.67549E-08
-2.52397E-08
-2.37052E-08
-2.21781E-08
-2.06776E-08
-1.92176E-08
-1.78071E-08
-1.64520E-08
-1.51552E-08
-1.39178E-08
-1.27394E-08
-1.16184E-08
-1.05522E-08
-9.53780E-09
-8.57180E-09
-7.65042E-09
-6.76972E-09
-5.92566E-09
-5.11415E-09
-4.33105E-09
-3.57226E-09
-2.83366E-09
-2.11118E-09
-1.40077E-09
-6.98378E-10
 0.00000E+00
-0.00000E+00
-8.24615E-09
-1.59652E-08
-2.27322E-08
-2.82833E-08
-3.25218E-08
-3.54866E-08
-3.73051E-08
-3.81498E-08
-3.82052E-08
-3.76461E-08
-3.66274E-08
-3.52787E-08
-3.37056E-08
-3.19909E-08
-3.01986E-08
-2.83769E-08
-2.65611E-08
-2.47769E-08
-2.30419E-08
-2.13680E-08
-1.97623E-08
-1.82287E-08
-1.67685E-08
-1.53810E-08
-1.40643E-08
-1.28154E-08
-1.16306E-08
-1.05059E-08
-9.43669E-09
-8.41846E-09
-7.44645E-09
-6.51589E-09
-5.62201E-09
-4.76009E-09
-3.92542E-09
-3.11336E-09
-2.31932E-09
-1.53875E-09
-7.67138E-10
 0.00000E+00
-0.00000E+00
-1.04496E-08
-2.01044E-08
-2.83577E-08
-3.48825E-08
-3.96170E-08
-4.26901E-08
-4.43364E-08
-4.48273E-08
-4.44267E-08
-4.33674E-08
-4.18427E-08
-4.00065E-08
-3.79772E-08
-3.58438E-08
-3.36718E-08
-3.15081E-08
-2.93856E-08
-2.73265E-08
-2.53452E-08
-2.34501E-08
-2.16454E-08
-1.99321E-08
-1.83090E-08
-1.67734E-08
-1.53213E-08
-1.39482E-08
-1.26491E-08
-1.14184E-08
-1.02506E-08
-9.14029E-09
-8.08173E-09
-7.06943E-09
-6.09793E-09
-5.16187E-09
-4.25596E-09
-3.37504E-09
-2.51398E-09
-1.66777E-09
-8.31425E-10
 0.00000E+00
-0.00000E+00
-1.34479E-08
-2.56450E-08
-3.57116E-08
-4.32721E-08
-4.83736E-08
-5.13204E-08
-5.25231E-08
-5.23963E-08
-5.13068E-08
-4.95540E-08
-4.73697E-08
-4.49273E-08
-4.23528E-08
-3.97353E-08
-3.71366E-08
-3.45981E-08
-3.21466E-08
-2.97983E-08
-2.75623E-08
-2.54419E-08
-2.34371E-08
-2.15452E-08
-1.97621E-08
-1.80822E-08
-1.64994E-08
-1.50072E-08
-1.35990E-08
-1.22679E-08
-1.10072E-08
-9.81032E-09
-8.67075E-09
-7.58217E-09
-6.53842E-09
-5.53349E-09
-4.56153E-09
-3.61684E-09
-2.69381E-09
-1.78693E-09
-8.90789E-10
 0.00000E+00
-0.00000E+00
-1.76971E-08
-3.33162E-08
-4.55716E-08
-5.41207E-08
-5.92847E-08
-6.16950E-08
-6.20391E-08
-6.09281E-08
-5.88504E-08
-5.61720E-08
-5.31547E-08
-4.99804E-08
-4.67714E-08
-4.36082E-08
-4.05412E-08
-3.76011E-08
-3.48042E-08
-3.21581E-08
-2.96636E-08
-2.73180E-08
-2.51158E-08
-2.30497E-08
-2.11119E-08
-1.92938E-08
-1.75868E-08
-1.59823E-08
-1.44718E-08
-1.30470E-08
-1.17000E-08
-1.04230E-08
-9.20878E-09
-8.05008E-09
-6.94008E-09
-5.87214E-09
-4.83985E-09
-3.83698E-09
-2.85747E-09
-1.89536E-09
-9.44800E-10
 0.00000E+00
-0.00000E+00
-2.40242E-08
-4.43511E-08
-5.91380E-08
-6.83545E-08
-7.29496E-08
-7.41358E-08
-7.30102E-08
-7.04264E-08
-6.69949E-08
-6.31287E-08
-5.90968E-08
-5.50680E-08
-5.11444E-08
-4.73846E-08
-4.38191E-08
-4.04607E-08
-3.73113E-08
-3.43660E-08
-3.16162E-08
-2.90509E-08
-2.66582E-08
-2.44260E-08
-2.23420E-08
-2.03944E-08
-1.85718E-08
-1.68634E-08
-1.52588E-08
-1.37483E-08
-1.23227E-08
-1.09731E-08
-9.69126E-09
-8.46931E-09
-7.29967E-09
-6.17513E-09
-5.08873E-09
-4.03377E-09
-3.00373E-09
-1.99224E-09
-9.93052E-10
 0.00000E+00
-0.00000E+00
-3.40486E-08
-6.09260E-08
-7.82746E-08
-8.72097E-08
-9.00234E-08
-8.88885E-08
-8.54394E-08
-8.07726E-08
-7.55739E-08
-7.02513E-08
-6.50358E-08
-6.00504E-08
-5.53537E-08
-5.09668E-08
-4.68898E-08
-4.31114E-08
-3.96142E-08
-3.63785E-08
-3.33841E-08
-3.06111E-08
-2.80403E-08
-2.56540E-08
-2.34357E-08
-2.13700E-08
-1.94427E-08
-1.76406E-08
-1.59518E-08
-1.43648E-08
-1.28693E-08
-1.14553E-08
-1.01139E-08
-8.83621E-09
-7.61417E-09
-6.43998E-09
-5.30619E-09
-4.20565E-09
-3.13144E-09
-2.07681E-09
-1.03517E-09
 0.00000E+00
-0.00000E+00
-5.12441E-08
-8.70299E-08
-1.05825E-07
-1.12186E-07
-1.11046E-07
-1.05955E-07
-9.90864E-08
-9.16506E-08
-8.42770E-08
-7.72668E-08
-7.07447E-08
-6.47441E-08
-5.92530E-08
-5.42391E-08
-4.96621E-08
-4.54808E-08
-4.16555E-08
-3.81498E-08
-3.49308E-08
-3.19689E-08
-2.92379E-08
-2.67142E-08
-2.43768E-08
-2.22072E-08
-2.01882E-08
-1.83047E-08
-1.65428E-08
-1.48899E-08
-1.33342E-08
-1.18652E-08
-1.04727E-08
-9.14749E-09
-7.88083E-09
-6.66442E-09
-5.49039E-09
-4.35119E-09
-3.23955E-09
-2.14840E-09
-1.07082E-09
 0.00000E+00
-0.00000E+00
-8.38980E-08
-1.30125E-07
-1.45808E-07
-1.44665E-07
-1.36019E-07
-1.24800E-07
-1.13300E-07
-1.02466E-07
-9.26166E-08
-8.37941E-08
-7.59323E-08
-6.89283E-08
-6.26753E-08
-5.70743E-08
-5.20388E-08
-4.74941E-08
-4.33773E-08
-3.96345E-08
-3.62204E-08
-3.30960E-08
-3.02281E-08
-2.75879E-08
-2.51503E-08
-2.28936E-08
-2.07983E-08
-1.88472E-08
-1.70250E-08
-1.53177E-08
-1.37127E-08
-1.21984E-08
-1.07642E-08
-9.40024E-09
-8.09723E-09
-6.84649E-09
-5.63976E-09
-4.46919E-09
-3.32718E-09
-2.20641E-09
-1.09971E-09
 0.00000E+00
-0.00000E+00
-1.54223E-07
-2.03763E-07
-2.02619E-07
-1.84647E-07
-1.63564E-07
-1.43926E-07
-1.26849E-07
-1.12298E-07
-9.99288E-08
-8.93608E-08
-8.02619E-08
-7.23616E-08
-6.54454E-08
-5.93442E-08
-5.39244E-08
-4.90798E-08
-4.47249E-08
-4.07906E-08
-3.72201E-08
-3.39666E-08
-3.09906E-08
-2.82589E-08
-2.57431E-08
-2.34186E-08
-2.12641E-08
-1.92609E-08
-1.73922E-08
-1.56431E-08
-1.40003E-08
-1.24515E-08
-1.09855E-08
-9.59203E-09
-8.26137E-09
-6.98453E-09
-5.75299E-09
-4.55860E-09
-3.39358E-09
-2.25037E-09
-1.12159E-09
 0.00000E+00
-0.00000E+00
-3.29232E-07
-3.28086E-07
-2.76256E-07
-2.27739E-07
-1.89663E-07
-1.60493E-07
-1.37870E-07
-1.19949E-07
-1.05440E-07
-9.34584E-08
-8.33929E-08
-7.48108E-08
-6.74006E-08
-6.09327E-08
-5.52350E-08
-5.01756E-08
-4.56519E-08
-4.15828E-08
-3.79030E-08
-3.45596E-08
-3.15088E-08
-2.87140E-08
-2.61444E-08
-2.37736E-08
-2.15787E-08
-1.95400E-08
-1.76397E-08
-1.58624E-08
-1.41940E-08
-1.26218E-08
-1.11344E-08
-9.72096E-09
-8.37168E-09
-7.07728E-09
-5.82905E-09
-4.61866E-09
-3.43817E-09
-2.27988E-09
-1.13628E-09
 0.00000E+00
-8.35766E-07
-8.34617E-07
-5.03094E-07
-3.46581E-07
-2.60392E-07
-2.06856E-07
-1.70513E-07
-1.44190E-07
-1.24187E-07
-1.08422E-07
-9.56404E-08
-8.50405E-08
-7.60882E-08
-6.84133E-08
-6.17511E-08
-5.59073E-08
-5.07358E-08
-4.61244E-08
-4.19856E-08
-3.82495E-08
-3.48600E-08
-3.17709E-08
-2.89440E-08
-2.63470E-08
-2.39526E-08
-2.17373E-08
-1.96805E-08
-1.77643E-08
-1.59727E-08
-1.42914E-08
-1.27075E-08
-1.12092E-08
-9.78576E-09
-8.42711E-09
-7.12388E-09
-5.86725E-09
-4.64883E-09
-3.46057E-09
-2.29470E-09
-1.14366E-09
 0.00000E+00
