 5.86319E-01
 1.17828E+00
 1.76849E+00
 2.42213E+00
 3.03129E+00
 3.63420E+00
 4.22052E+00
 4.80668E+00
 5.40302E+00
 5.97890E+00
 6.56439E+00
 7.15022E+00
 7.73212E+00
 8.31951E+00
 8.90567E+00
 9.49517E+00
 1.00641E+01
 1.06376E+01
 1.12222E+01
 1.18063E+01
 1.23895E+01
 1.29829E+01
 1.35638E+01
 1.41520E+01
 1.47409E+01
 1.53328E+01
 1.59139E+01
 1.64966E+01
 1.70680E+01
 1.76461E+01
 1.82288E+01
 1.88001E+01
 1.93791E+01
 1.99585E+01
 2.05338E+01
 2.11180E+01
 2.17007E+01
 2.22778E+01
 2.28510E+01
 2.34369E+01
 2.40085E+01
 2.45887E+01
 2.51828E+01
 2.57695E+01
 2.63550E+01
 2.69334E+01
 2.75126E+01
 2.80961E+01
 2.86798E+01
 2.92793E+01
 2.98829E+01
 3.04916E+01
 3.10742E+01
 3.16598E+01
 3.22553E+01
 3.28427E+01
 3.34408E+01
 3.40303E+01
 3.46217E+01
 3.52128E+01
 3.57800E+01
 3.63658E+01
 3.69553E+01
 3.75422E+01
 3.81252E+01
 3.87188E+01
 3.93088E+01
 3.98884E+01
 4.04854E+01
 4.10913E+01
 4.16604E+01
 4.22486E+01
 4.28598E+01
 4.34364E+01
 4.40319E+01
 4.46094E+01
 4.52045E+01
 4.57995E+01
 4.63902E+01
 4.69722E+01
 4.75436E+01
 4.81143E+01
 4.86963E+01
 4.92822E+01
 4.98557E+01
 5.04385E+01
 5.10180E+01
 5.16035E+01
 5.21984E+01
 5.27765E+01
 5.33566E+01
 5.39355E+01
 5.45245E+01
 5.51072E+01
 5.56971E+01
 5.62784E+01
 5.68642E+01
 5.74485E+01
 5.80297E+01
 5.86007E+01
 5.91909E+01
 5.97720E+01
 6.03576E+01
 6.09245E+01
 6.14936E+01
 6.20712E+01
 6.26531E+01
 6.32250E+01
 6.38147E+01
 6.43812E+01
 6.49529E+01
 6.55355E+01
 6.61176E+01
 6.67030E+01
 6.72814E+01
 6.78574E+01
 6.84369E+01
 6.90129E+01
 6.95977E+01
 7.01820E+01
 7.07785E+01
 7.13661E+01
 7.19500E+01
 7.25326E+01
 7.31265E+01
 7.37081E+01
 7.42833E+01
 7.48512E+01
 7.54563E+01
 7.60828E+01
 7.67071E+01
 7.73024E+01
 7.78949E+01
 7.84956E+01
 7.90789E+01
 7.96602E+01
 8.02382E+01
 8.08158E+01
 8.13842E+01
 8.19883E+01
 8.25892E+01
 8.31865E+01
 8.38025E+01
 8.43791E+01
 8.50001E+01
 8.55928E+01
 8.61797E+01
 8.67788E+01
 8.73642E+01
 8.79510E+01
 8.85427E+01
 8.91208E+01
 8.97009E+01
 9.02829E+01
 9.08685E+01
 9.14440E+01
 9.20284E+01
 9.26069E+01
 9.31874E+01
 9.37649E+01
 9.43492E+01
 9.49491E+01
 9.55729E+01
 9.61789E+01
 9.67615E+01
 9.73842E+01
 9.79724E+01
 9.85588E+01
 9.91601E+01
 9.97427E+01
 1.00338E+02
 1.00926E+02
 1.01526E+02
 1.02107E+02
 1.02707E+02
 1.03295E+02
 1.03884E+02
 1.04473E+02
 1.05081E+02
 1.05702E+02
 1.06338E+02
 1.06957E+02
 1.07579E+02
 1.08214E+02
 1.08841E+02
 1.09458E+02
 1.10088E+02
 1.10711E+02
 1.11328E+02
 1.11974E+02
 1.12609E+02
 1.13258E+02
 1.13877E+02
 1.14487E+02
 1.15119E+02
 1.15729E+02
 1.16333E+02
 1.16945E+02
 1.17568E+02
 1.18184E+02
 1.18803E+02
 1.19396E+02
 1.19993E+02
 1.20587E+02
 1.21189E+02
 1.21785E+02
 1.22398E+02
 1.23012E+02
 1.23618E+02
 1.24206E+02
 1.24806E+02
 1.25430E+02
 1.26039E+02
 1.26655E+02
 1.27259E+02
 1.27868E+02
 1.28474E+02
 1.29081E+02
 1.29703E+02
 1.30322E+02
 1.30925E+02
 1.31529E+02
 1.32135E+02
 1.32740E+02
 1.33360E+02
 1.33962E+02
 1.34582E+02
 1.35195E+02
 1.35806E+02
 1.36416E+02
 1.37012E+02
 1.37620E+02
 1.38226E+02
 1.38832E+02
 1.39433E+02
 1.40050E+02
 1.40662E+02
 1.41269E+02
 1.41879E+02
 1.42475E+02
 1.43084E+02
 1.43689E+02
 1.44298E+02
 1.44898E+02
 1.45484E+02
 1.46095E+02
 1.46686E+02
 1.47289E+02
 1.47901E+02
 1.48504E+02
 1.49105E+02
 1.49708E+02
 1.50322E+02
 1.50943E+02
 1.51529E+02
 1.52146E+02
 1.52756E+02
 1.53348E+02
 1.53970E+02
 1.54591E+02
 1.55193E+02
 1.55793E+02
 1.56417E+02
 1.57009E+02
 1.57620E+02
 1.58219E+02
 1.58833E+02
 1.59432E+02
 1.60021E+02
 1.60634E+02
 1.61238E+02
 1.61846E+02
 1.62451E+02
 1.63043E+02
 1.63649E+02
 1.64263E+02
 1.64870E+02
 1.65483E+02
 1.66074E+02
 1.66662E+02
 1.67266E+02
 1.67864E+02
 1.68464E+02
 1.69060E+02
 1.69661E+02
 1.70273E+02
 1.70879E+02
 1.71492E+02
 1.72102E+02
 1.72708E+02
 1.73316E+02
 1.73915E+02
 1.74513E+02
 1.75112E+02
 1.75725E+02
 1.76328E+02
 1.76952E+02
 1.77554E+02
 1.78157E+02
 1.78775E+02
 1.79377E+02
 1.79971E+02
 1.80580E+02
 1.81181E+02
 1.81789E+02
 1.82399E+02
 1.83012E+02
 1.83621E+02
 1.84215E+02
 1.84830E+02
 1.85443E+02
 1.86043E+02
 1.86655E+02
 1.87267E+02
 1.87871E+02
 1.88471E+02
 1.89084E+02
 1.89687E+02
 1.90290E+02
 1.90914E+02
 1.91518E+02
 1.92131E+02
 1.92726E+02
 1.93306E+02
 1.93909E+02
 1.94505E+02
 1.95117E+02
 1.95739E+02
 1.96354E+02
 1.96952E+02
 1.97566E+02
 1.98181E+02
 1.98786E+02
 1.99395E+02
 1.99982E+02
 2.00599E+02
 2.01224E+02
 2.01821E+02
 2.02426E+02
 2.03039E+02
 2.03637E+02
 2.04237E+02
 2.04852E+02
 2.05450E+02
 2.06068E+02
 2.06674E+02
 2.07283E+02
 2.07880E+02
 2.08484E+02
 2.09091E+02
 2.09685E+02
 2.10289E+02
 2.10876E+02
 2.11475E+02
 2.12087E+02
 2.12694E+02
 2.13297E+02
 2.13896E+02
 2.14490E+02
 2.15093E+02
 2.15697E+02
 2.16293E+02
 2.16902E+02
 2.17493E+02
 2.18101E+02
 2.18689E+02
 2.19295E+02
 2.19889E+02
 2.20484E+02
 2.21095E+02
 2.21710E+02
 2.22309E+02
 2.22925E+02
 2.23509E+02
 2.24111E+02
 2.24704E+02
 2.25302E+02
 2.25901E+02
 2.26507E+02
 2.27116E+02
 2.27708E+02
 2.28311E+02
 2.28927E+02
 2.29521E+02
 2.30120E+02
 2.30725E+02
 2.31339E+02
 2.31932E+02
 2.32532E+02
 2.33150E+02
 2.33747E+02
 2.34345E+02
 2.34956E+02
 2.35561E+02
 2.36176E+02
 2.36768E+02
 2.37370E+02
 2.37978E+02
 2.38573E+02
 2.39164E+02
 2.39773E+02
 2.40349E+02
 2.40949E+02
 2.41543E+02
 2.42132E+02
 2.42732E+02
 2.43334E+02
 2.43941E+02
 2.44541E+02
 2.45143E+02
 2.45753E+02
 2.46358E+02
 2.46950E+02
 2.47555E+02
 2.48152E+02
 2.48777E+02
 2.49385E+02
 2.49983E+02
 2.50573E+02
 2.51173E+02
 2.51780E+02
 2.52383E+02
 2.52977E+02
 2.53567E+02
 2.54167E+02
 2.54765E+02
 2.55374E+02
 2.55977E+02
 2.56589E+02
 2.57192E+02
 2.57788E+02
 2.58392E+02
 2.58983E+02
 2.59587E+02
 2.60185E+02
 2.60800E+02
 2.61405E+02
 2.62019E+02
 2.62622E+02
 2.63205E+02
 2.63817E+02
 2.64414E+02
 2.65023E+02
 2.65632E+02
 2.66233E+02
 2.66836E+02
 2.67430E+02
 2.68026E+02
 2.68628E+02
 2.69222E+02
 2.69830E+02
 2.70451E+02
 2.71051E+02
 2.71649E+02
 2.72245E+02
 2.72855E+02
 2.73457E+02
 2.74069E+02
 2.74670E+02
 2.75266E+02
 2.75870E+02
 2.76473E+02
 2.77081E+02
 2.77703E+02
 2.78303E+02
 2.78895E+02
 2.79495E+02
 2.80086E+02
 2.80688E+02
 2.81296E+02
 2.81905E+02
 2.82506E+02
 2.83100E+02
 2.83694E+02
 2.84302E+02
 2.84909E+02
 2.85519E+02
 2.86115E+02
 2.86718E+02
 2.87330E+02
 2.87934E+02
 2.88532E+02
 2.89144E+02
 2.89757E+02
 2.90359E+02
 2.90965E+02
 2.91556E+02
 2.92163E+02
 2.92746E+02
 2.93361E+02
 2.93955E+02
 2.94551E+02
 2.95153E+02
 2.95760E+02
 2.96346E+02
 2.96953E+02
 2.97562E+02
 2.98167E+02
 2.98760E+02
 2.99356E+02
 2.99933E+02
 3.00540E+02
 3.01141E+02
 3.01744E+02
 3.02363E+02
 3.02959E+02
 3.03549E+02
 3.04150E+02
 3.04750E+02
 3.05359E+02
 3.05965E+02
 3.06571E+02
 3.07176E+02
 3.07761E+02
 3.08364E+02
 3.08969E+02
 3.09563E+02
 3.10179E+02
 3.10773E+02
 3.11374E+02
 3.11971E+02
 3.12577E+02
 3.13179E+02
 3.13792E+02
 3.14388E+02
 3.15000E+02
 3.15589E+02
 3.16204E+02
 3.16796E+02
 3.17412E+02
 3.18003E+02
 3.18603E+02
 3.19183E+02
 3.19800E+02
 3.20411E+02
 3.21015E+02
 3.21614E+02
 3.22205E+02
 3.22787E+02
 3.23395E+02
 3.24000E+02
 3.24598E+02
 3.25202E+02
 3.25795E+02
 3.26397E+02
 3.27001E+02
 3.27599E+02
 3.28203E+02
 3.28814E+02
 3.29412E+02
 3.30001E+02
 3.30597E+02
 3.31201E+02
 3.31816E+02
 3.32420E+02
 3.33009E+02
 3.33613E+02
 3.34213E+02
 3.34823E+02
 3.35422E+02
 3.36019E+02
 3.36627E+02
 3.37238E+02
 3.37839E+02
 3.38473E+02
 3.39084E+02
 3.39685E+02
 3.40282E+02
 3.40854E+02
 3.41457E+02
 3.42064E+02
 3.42658E+02
 3.43255E+02
 3.43852E+02
 3.44454E+02
 3.45049E+02
 3.45644E+02
 3.46251E+02
 3.46841E+02
 3.47439E+02
 3.48042E+02
 3.48645E+02
 3.49237E+02
 3.49837E+02
 3.50426E+02
 3.51023E+02
 3.51631E+02
 3.52234E+02
 3.52837E+02
 3.53443E+02
 3.54050E+02
 3.54658E+02
 3.55250E+02
 3.55859E+02
 3.56460E+02
 3.57059E+02
 3.57654E+02
 3.58251E+02
 3.58851E+02
 3.59454E+02
 3.60050E+02
 3.60658E+02
 3.61262E+02
 3.61877E+02
 3.62493E+02
 3.63104E+02
 3.63706E+02
 3.64299E+02
 3.64896E+02
 3.65509E+02
 3.66097E+02
 3.66714E+02
 3.67303E+02
 3.67900E+02
 3.68493E+02
 3.69099E+02
 3.69699E+02
 3.70291E+02
 3.70893E+02
 3.71503E+02
 3.72093E+02
 3.72706E+02
 3.73300E+02
 3.73909E+02
 3.74518E+02
 3.75135E+02
 3.75735E+02
 3.76356E+02
 3.76963E+02
 3.77558E+02
 3.78158E+02
 3.78769E+02
 3.79362E+02
 3.79970E+02
 3.80570E+02
 3.81172E+02
 3.81762E+02
 3.82377E+02
 3.82978E+02
 3.83554E+02
 3.84144E+02
 3.84739E+02
 3.85343E+02
 3.85938E+02
 3.86547E+02
 3.87141E+02
 3.87737E+02
 3.88333E+02
 3.88929E+02
 3.89528E+02
 3.90122E+02
 3.90715E+02
 3.91313E+02
 3.91918E+02
 3.92520E+02
 3.93133E+02
 3.93730E+02
 3.94327E+02
 3.94923E+02
 3.95522E+02
 3.96115E+02
 3.96724E+02
 3.97321E+02
 3.97932E+02
 3.98537E+02
 3.99144E+02
 3.99748E+02
 4.00353E+02
 4.00961E+02
 4.01566E+02
 4.02169E+02
 4.02765E+02
 4.03380E+02
 4.03978E+02
 4.04586E+02
 4.05191E+02
 4.05800E+02
 4.06407E+02
 4.07005E+02
 4.07601E+02
 4.08211E+02
 4.08810E+02
 4.09406E+02
 4.09985E+02
 4.10582E+02
 4.11199E+02
 4.11790E+02
 4.12376E+02
 4.12976E+02
 4.13565E+02
 4.14168E+02
 4.14761E+02
 4.15377E+02
 4.15987E+02
 4.16574E+02
 4.17199E+02
 4.17803E+02
 4.18402E+02
 4.18998E+02
 4.19605E+02
 4.20198E+02
 4.20809E+02
 4.21394E+02
 4.21999E+02
 4.22604E+02
 4.23198E+02
 4.23790E+02
 4.24394E+02
 4.25020E+02
 4.25613E+02
 4.26218E+02
 4.26817E+02
 4.27408E+02
 4.28017E+02
 4.28632E+02
 4.29258E+02
 4.29885E+02
 4.30498E+02
 4.31084E+02
 4.31678E+02
 4.32270E+02
 4.32873E+02
 4.33475E+02
 4.34063E+02
 4.34670E+02
 4.35288E+02
 4.35887E+02
 4.36479E+02
 4.37092E+02
 4.37692E+02
 4.38296E+02
 4.38891E+02
 4.39506E+02
 4.40107E+02
 4.40701E+02
 4.41299E+02
 4.41905E+02
 4.42536E+02
 4.43131E+02
 4.43737E+02
 4.44335E+02
 4.44932E+02
 4.45529E+02
 4.46135E+02
 4.46738E+02
 4.47345E+02
 4.47943E+02
 4.48541E+02
 4.49142E+02
 4.49743E+02
 4.50344E+02
 4.50945E+02
 4.51542E+02
 4.52149E+02
 4.52748E+02
 4.53348E+02
 4.53941E+02
 4.54544E+02
 4.55144E+02
 4.55738E+02
 4.56334E+02
 4.56930E+02
 4.57523E+02
 4.58122E+02
 4.58736E+02
 4.59338E+02
 4.59953E+02
 4.60551E+02
 4.61149E+02
 4.61758E+02
 4.62350E+02
 4.62960E+02
 4.63550E+02
 4.64134E+02
 4.64742E+02
 4.65338E+02
 4.65919E+02
 4.66516E+02
 4.67110E+02
 4.67702E+02
 4.68296E+02
 4.68892E+02
 4.69490E+02
 4.70087E+02
 4.70687E+02
 4.71278E+02
 4.71884E+02
 4.72487E+02
 4.73076E+02
 4.73690E+02
 4.74304E+02
 4.74912E+02
 4.75520E+02
 4.76110E+02
 4.76707E+02
 4.77304E+02
 4.77906E+02
 4.78493E+02
 4.79099E+02
 4.79704E+02
 4.80309E+02
 4.80893E+02
 4.81492E+02
 4.82079E+02
 4.82689E+02
 4.83271E+02
 4.83869E+02
 4.84467E+02
 4.85073E+02
 4.85661E+02
 4.86258E+02
 4.86858E+02
 4.87453E+02
 4.88062E+02
 4.88669E+02
 4.89291E+02
 4.89884E+02
 4.90487E+02
 4.91082E+02
 4.91682E+02
 4.92292E+02
 4.92904E+02
 4.93502E+02
 4.94113E+02
 4.94708E+02
 4.95312E+02
 4.95907E+02
 4.96517E+02
 4.97110E+02
 4.97711E+02
 4.98324E+02
 4.98923E+02
 4.99528E+02
 5.00133E+02
 5.00733E+02
 5.01325E+02
 5.01922E+02
 5.02506E+02
 5.03100E+02
 5.03691E+02
 5.04279E+02
 5.04881E+02
 5.05481E+02
 5.06086E+02
 5.06692E+02
 5.07289E+02
 5.07885E+02
 5.08477E+02
 5.09086E+02
 5.09680E+02
 5.10284E+02
 5.10889E+02
 5.11463E+02
 5.12053E+02
 5.12639E+02
 5.13225E+02
 5.13832E+02
 5.14432E+02
 5.15034E+02
 5.15637E+02
 5.16241E+02
 5.16836E+02
 5.17441E+02
 5.18040E+02
 5.18643E+02
 5.19244E+02
 5.19863E+02
 5.20473E+02
 5.21059E+02
 5.21682E+02
 5.22290E+02
 5.22884E+02
 5.23498E+02
 5.24101E+02
 5.24710E+02
 5.25315E+02
 5.25922E+02
 5.26524E+02
 5.27115E+02
 5.27720E+02
 5.28319E+02
 5.28924E+02
 5.29526E+02
 5.30115E+02
 5.30718E+02
 5.31327E+02
 5.31927E+02
 5.32519E+02
 5.33119E+02
 5.33714E+02
 5.34309E+02
 5.34929E+02
 5.35528E+02
 5.36132E+02
 5.36739E+02
 5.37337E+02
 5.37942E+02
 5.38552E+02
 5.39137E+02
 5.39748E+02
 5.40337E+02
 5.40946E+02
 5.41537E+02
 5.42122E+02
 5.42714E+02
 5.43312E+02
 5.43914E+02
 5.44501E+02
 5.45083E+02
 5.45681E+02
 5.46282E+02
 5.46887E+02
 5.47487E+02
 5.48073E+02
 5.48671E+02
 5.49267E+02
 5.49877E+02
 5.50475E+02
 5.51071E+02
 5.51669E+02
 5.52271E+02
 5.52864E+02
 5.53458E+02
 5.54072E+02
 5.54669E+02
 5.55263E+02
 5.55860E+02
 5.56444E+02
 5.57043E+02
 5.57643E+02
 5.58251E+02
 5.58846E+02
 5.59459E+02
 5.60057E+02
 5.60667E+02
 5.61272E+02
 5.61866E+02
 5.62450E+02
 5.63046E+02
 5.63631E+02
 5.64232E+02
 5.64827E+02
 5.65439E+02
 5.66047E+02
 5.66630E+02
 5.67219E+02
 5.67816E+02
 5.68398E+02
 5.68990E+02
 5.69581E+02
 5.70175E+02
 5.70767E+02
 5.71363E+02
 5.71957E+02
 5.72557E+02
 5.73149E+02
 5.73737E+02
 5.74335E+02
 5.74926E+02
 5.75518E+02
 5.76133E+02
 5.76733E+02
 5.77339E+02
 5.77944E+02
 5.78542E+02
 5.79139E+02
 5.79748E+02
 5.80337E+02
 5.80925E+02
 5.81529E+02
 5.82134E+02
 5.82718E+02
 5.83307E+02
 5.83907E+02
 5.84502E+02
 5.85100E+02
 5.85707E+02
 5.86295E+02
 5.86888E+02
 5.87490E+02
 5.88088E+02
 5.88694E+02
 5.89305E+02
 5.89931E+02
 5.90555E+02
 5.91155E+02
 5.91764E+02
 5.92374E+02
 5.92971E+02
 5.93568E+02
 5.94169E+02
 5.94782E+02
 5.95389E+02
 5.96001E+02
 5.96585E+02
 5.97186E+02
 5.97806E+02
 5.98417E+02
 5.99022E+02
 5.99654E+02
 6.00301E+02
 6.00893E+02
 6.01490E+02
 6.02082E+02
 6.02675E+02
 6.03268E+02
 6.03895E+02
 6.04502E+02
 6.05111E+02
 6.05719E+02
 6.06310E+02
 6.06907E+02
 6.07524E+02
 6.08121E+02
 6.08715E+02
 6.09315E+02
 6.09909E+02
 6.10509E+02
 6.11121E+02
 6.11718E+02
 6.12322E+02
 6.12916E+02
 6.13505E+02
 6.14117E+02
 6.14713E+02
 6.15319E+02
 6.15910E+02
 6.16515E+02
 6.17118E+02
 6.17714E+02
 6.18309E+02
 6.18902E+02
 6.19494E+02
 6.20087E+02
 6.20680E+02
 6.21288E+02
 6.21875E+02
 6.22487E+02
 6.23094E+02
 6.23703E+02
 6.24298E+02
 6.24892E+02
 6.25482E+02
 6.26093E+02
 6.26689E+02
 6.27299E+02
 6.27899E+02
 6.28500E+02
 6.29106E+02
 6.29701E+02
 6.30292E+02
 6.30879E+02
 6.31471E+02
 6.32062E+02
 6.32659E+02
 6.33266E+02
 6.33847E+02
 6.34442E+02
 6.35041E+02
 6.35654E+02
 6.36259E+02
 6.36852E+02
 6.37452E+02
 6.38048E+02
 6.38640E+02
 6.39239E+02
 6.39830E+02
 6.40443E+02
 6.41033E+02
 6.41626E+02
 6.42190E+02
 6.42778E+02
 6.43375E+02
 6.43984E+02
 6.44576E+02
 6.45183E+02
 6.45782E+02
 6.46398E+02
 6.46987E+02
 6.47587E+02
 6.48179E+02
 6.48771E+02
 6.49362E+02
 6.49974E+02
 6.50576E+02
 6.51171E+02
 6.51765E+02
 6.52364E+02
 6.52962E+02
 6.53568E+02
 6.54155E+02
 6.54747E+02
 6.55357E+02
 6.55960E+02
 6.56572E+02
 6.57174E+02
 6.57776E+02
 6.58357E+02
 6.58950E+02
 6.59556E+02
 6.60156E+02
 6.60738E+02
 6.61339E+02
 6.61943E+02
 6.62531E+02
 6.63122E+02
 6.63712E+02
 6.64285E+02
 6.64889E+02
 6.65487E+02
 6.66079E+02
 6.66682E+02
 6.67286E+02
 6.67889E+02
 6.68496E+02
 6.69093E+02
 6.69696E+02
 6.70298E+02
 6.70891E+02
 6.71486E+02
 6.72076E+02
 6.72663E+02
 6.73252E+02
 6.73838E+02
 6.74439E+02
 6.75038E+02
 6.75633E+02
 6.76222E+02
 6.76825E+02
 6.77421E+02
 6.78019E+02
 6.78625E+02
 6.79222E+02
 6.79823E+02
 6.80414E+02
 6.81014E+02
 6.81613E+02
 6.82204E+02
 6.82813E+02
 6.83405E+02
 6.83991E+02
 6.84582E+02
 6.85189E+02
 6.85778E+02
 6.86380E+02
 6.86975E+02
 6.87571E+02
 6.88179E+02
 6.88789E+02
 6.89399E+02
 6.89991E+02
 6.90603E+02
 6.91203E+02
 6.91800E+02
 6.92406E+02
 6.93013E+02
 6.93607E+02
 6.94210E+02
 6.94838E+02
 6.95432E+02
 6.96033E+02
 6.96624E+02
 6.97217E+02
 6.97823E+02
 6.98427E+02
 6.99025E+02
 6.99636E+02
 7.00229E+02
 7.00834E+02
 7.01424E+02
 7.02032E+02
 7.02636E+02
 7.03244E+02
 7.03835E+02
 7.04427E+02
 7.05020E+02
 7.05615E+02
 7.06219E+02
 7.06825E+02
 7.07443E+02
 7.08043E+02
 7.08622E+02
 7.09219E+02
 7.09823E+02
 7.10425E+02
 7.11026E+02
 7.11614E+02
 7.12216E+02
 7.12808E+02
 7.13393E+02
 7.13982E+02
 7.14588E+02
 7.15189E+02
 7.15798E+02
 7.16391E+02
 7.16987E+02
 7.17595E+02
 7.18191E+02
 7.18782E+02
 7.19389E+02
 7.19997E+02
 7.20611E+02
 7.21202E+02
 7.21815E+02
 7.22408E+02
 7.23019E+02
 7.23618E+02
 7.24204E+02
 7.24797E+02
 7.25392E+02
 7.25988E+02
 7.26588E+02
 7.27172E+02
 7.27764E+02
 7.28354E+02
 7.28965E+02
 7.29575E+02
 7.30181E+02
 7.30799E+02
 7.31395E+02
 7.31977E+02
 7.32583E+02
 7.33161E+02
 7.33770E+02
 7.34359E+02
 7.34959E+02
 7.35560E+02
 7.36169E+02
 7.36759E+02
 7.37351E+02
 7.37963E+02
 7.38557E+02
 7.39146E+02
 7.39766E+02
 7.40368E+02
 7.40965E+02
 7.41563E+02
 7.42147E+02
 7.42754E+02
 7.43342E+02
 7.43928E+02
 7.44538E+02
 7.45127E+02
 7.45721E+02
 7.46311E+02
 7.46901E+02
 7.47492E+02
 7.48091E+02
 7.48685E+02
 7.49295E+02
 7.49917E+02
 7.50514E+02
 7.51119E+02
 7.51725E+02
 7.52325E+02
 7.52924E+02
 7.53532E+02
 7.54145E+02
 7.54739E+02
 7.55326E+02
 7.55931E+02
 7.56516E+02
 7.57106E+02
 7.57698E+02
 7.58296E+02
 7.58893E+02
 7.59498E+02
 7.60106E+02
 7.60709E+02
 7.61309E+02
 7.61907E+02
 7.62493E+02
 7.63087E+02
 7.63694E+02
 7.64273E+02
 7.64870E+02
 7.65468E+02
 7.66071E+02
 7.66672E+02
 7.67258E+02
 7.67854E+02
 7.68446E+02
 7.69025E+02
 7.69617E+02
 7.70208E+02
 7.70797E+02
 7.71403E+02
 7.71994E+02
 7.72590E+02
 7.73195E+02
 7.73782E+02
 7.74386E+02
 7.74974E+02
 7.75571E+02
 7.76186E+02
 7.76792E+02
 7.77388E+02
 7.77981E+02
 7.78571E+02
 7.79165E+02
 7.79769E+02
 7.80375E+02
 7.80975E+02
 7.81569E+02
 7.82169E+02
 7.82778E+02
 7.83372E+02
 7.83968E+02
 7.84564E+02
 7.85167E+02
 7.85763E+02
 7.86359E+02
 7.86951E+02
 7.87555E+02
 7.88157E+02
 7.88759E+02
 7.89345E+02
 7.89953E+02
 7.90556E+02
 7.91148E+02
 7.91742E+02
 7.92337E+02
 7.92929E+02
 7.93510E+02
 7.94106E+02
 7.94680E+02
 7.95277E+02
 7.95871E+02
 7.96487E+02
 7.97086E+02
 7.97687E+02
 7.98279E+02
 7.98874E+02
 7.99471E+02
 8.00069E+02
 8.00664E+02
 8.01251E+02
 8.01856E+02
 8.02440E+02
 8.03025E+02
 8.03612E+02
 8.04219E+02
 8.04796E+02
 8.05393E+02
 8.05998E+02
 8.06586E+02
 8.07187E+02
 8.07778E+02
 8.08367E+02
 8.08959E+02
 8.09557E+02
 8.10155E+02
 8.10743E+02
 8.11344E+02
 8.11944E+02
 8.12551E+02
 8.13139E+02
 8.13709E+02
 8.14305E+02
 8.14908E+02
 8.15522E+02
 8.16113E+02
 8.16700E+02
 8.17289E+02
 8.17895E+02
 8.18497E+02
 8.19086E+02
 8.19681E+02
 8.20284E+02
 8.20882E+02
 8.21485E+02
 8.22099E+02
 8.22707E+02
 8.23295E+02
 8.23885E+02
 8.24471E+02
 8.25071E+02
 8.25669E+02
 8.26288E+02
 8.26898E+02
 8.27509E+02
 8.28128E+02
 8.28709E+02
 8.29281E+02
 8.29878E+02
 8.30474E+02
 8.31077E+02
 8.31679E+02
 8.32267E+02
 8.32873E+02
 8.33478E+02
 8.34088E+02
 8.34675E+02
 8.35280E+02
 8.35890E+02
 8.36497E+02
 8.37089E+02
 8.37682E+02
 8.38288E+02
 8.38886E+02
 8.39497E+02
 8.40100E+02
 8.40708E+02
 8.41316E+02
 8.41906E+02
 8.42502E+02
 8.43104E+02
 8.43702E+02
 8.44298E+02
 8.44885E+02
 8.45474E+02
 8.46088E+02
 8.46688E+02
 8.47289E+02
 8.47882E+02
 8.48481E+02
 8.49061E+02
 8.49658E+02
 8.50251E+02
 8.50855E+02
 8.51460E+02
 8.52057E+02
 8.52646E+02
 8.53243E+02
 8.53846E+02
 8.54453E+02
 8.55057E+02
 8.55654E+02
 8.56255E+02
 8.56846E+02
 8.57429E+02
 8.58017E+02
 8.58610E+02
 8.59205E+02
 8.59796E+02
 8.60402E+02
 8.60995E+02
 8.61599E+02
 8.62188E+02
 8.62795E+02
 8.63387E+02
 8.63987E+02
 8.64574E+02
 8.65172E+02
 8.65761E+02
 8.66345E+02
 8.66946E+02
 8.67556E+02
 8.68145E+02
 8.68736E+02
 8.69317E+02
 8.69912E+02
 8.70496E+02
 8.71096E+02
 8.71691E+02
 8.72292E+02
 8.72891E+02
 8.73486E+02
 8.74078E+02
 8.74678E+02
 8.75273E+02
 8.75870E+02
 8.76464E+02
 8.77066E+02
 8.77668E+02
 8.78260E+02
 8.78854E+02
 8.79452E+02
 8.80061E+02
 8.80656E+02
 8.81267E+02
 8.81887E+02
 8.82477E+02
 8.83080E+02
 8.83685E+02
 8.84285E+02
 8.84894E+02
 8.85492E+02
 8.86082E+02
 8.86668E+02
 8.87265E+02
 8.87862E+02
 8.88457E+02
 8.89052E+02
 8.89639E+02
 8.90250E+02
 8.90865E+02
 8.91459E+02
 8.92044E+02
 8.92629E+02
 8.93219E+02
 8.93814E+02
 8.94411E+02
 8.94992E+02
 8.95580E+02
 8.96168E+02
 8.96754E+02
 8.97341E+02
 8.97935E+02
 8.98511E+02
 8.99094E+02
 8.99699E+02
 9.00269E+02
 9.00836E+02
 9.01416E+02
 9.02005E+02
 9.02664E+02
 9.03264E+02
 9.03844E+02
 9.04446E+02
 9.05098E+02
 9.05693E+02
 9.06286E+02
 9.06877E+02
 9.07495E+02
 9.08083E+02
 9.08673E+02
 9.09293E+02
 9.09925E+02
 9.10543E+02
 9.11170E+02
 9.11797E+02
 9.12418E+02
 9.13023E+02
 9.13621E+02
 9.14210E+02
 9.14789E+02
 9.15377E+02
 9.15959E+02
 9.16550E+02
 9.17155E+02
 9.17747E+02
 9.18329E+02
 9.18914E+02
 9.19511E+02
 9.20078E+02
 9.20668E+02
 9.21249E+02
 9.21829E+02
 9.22441E+02
 9.23042E+02
 9.23621E+02
 9.24215E+02
 9.24793E+02
 9.25371E+02
 9.25960E+02
 9.26543E+02
 9.27137E+02
 9.27733E+02
 9.28308E+02
 9.28884E+02
 9.29446E+02
 9.30023E+02
 9.30611E+02
 9.31199E+02
 9.31793E+02
 9.32394E+02
 9.32978E+02
 9.33582E+02
 9.34165E+02
 9.34741E+02
 9.35322E+02
 9.35917E+02
 9.36503E+02
 9.37082E+02
 9.37663E+02
 9.38240E+02
 9.38830E+02
 9.39414E+02
 9.39977E+02
 9.40553E+02
 9.41136E+02
 9.41723E+02
 9.42342E+02
 9.42922E+02
 9.43503E+02
 9.44088E+02
 9.44670E+02
 9.45253E+02
 9.45839E+02
 9.46410E+02
 9.46998E+02
 9.47585E+02
 9.48168E+02
 9.48754E+02
 9.49329E+02
 9.49916E+02
 9.50500E+02
 9.51079E+02
 9.51660E+02
 9.52240E+02
 9.52823E+02
 9.53396E+02
 9.53975E+02
 9.54554E+02
 9.55135E+02
 9.55717E+02
 9.56314E+02
 9.56905E+02
 9.57489E+02
 9.58057E+02
 9.58637E+02
 9.59209E+02
 9.59795E+02
 9.60372E+02
 9.60948E+02
 9.61524E+02
 9.62103E+02
 9.62683E+02
 9.63270E+02
 9.63852E+02
 9.64444E+02
 9.65033E+02
 9.65614E+02
 9.66212E+02
 9.66793E+02
 9.67375E+02
 9.67950E+02
 9.68525E+02
 9.69094E+02
 9.69678E+02
 9.70262E+02
 9.70842E+02
 9.71417E+02
 9.72000E+02
 9.72585E+02
 9.73166E+02
 9.73732E+02
 9.74313E+02
 9.74891E+02
 9.75474E+02
 9.76057E+02
 9.76652E+02
 9.77245E+02
 9.77821E+02
 9.78391E+02
 9.78976E+02
 9.79554E+02
 9.80133E+02
 9.80715E+02
 9.81298E+02
 9.81880E+02
 9.82458E+02
 9.83047E+02
 9.83632E+02
 9.84223E+02
 9.84803E+02
 9.85390E+02
 9.85973E+02
 9.86548E+02
 9.87114E+02
 9.87684E+02
 9.88270E+02
 9.88857E+02
 9.89445E+02
 9.90028E+02
 9.90611E+02
 9.91198E+02
 9.91770E+02
 9.92348E+02
 9.92927E+02
 9.93510E+02
 9.94086E+02
 9.94673E+02
 9.95257E+02
 9.95836E+02
 9.96414E+02
 9.96999E+02
 9.97570E+02
 9.98152E+02
 9.98734E+02
 9.99310E+02
 9.99892E+02
 1.00048E+03
 1.00106E+03
 1.00165E+03
 1.00222E+03
 1.00280E+03
 1.00339E+03
 1.00397E+03
 1.00457E+03
 1.00514E+03
 1.00572E+03
 1.00631E+03
 1.00688E+03
 1.00746E+03
 1.00805E+03
 1.00863E+03
 1.00921E+03
 1.00979E+03
 1.01037E+03
 1.01095E+03
 1.01153E+03
 1.01211E+03
 1.01268E+03
 1.01325E+03
 1.01383E+03
 1.01440E+03
 1.01497E+03
 1.01555E+03
 1.01614E+03
 1.01673E+03
 1.01731E+03
 1.01788E+03
 1.01846E+03
 1.01905E+03
 1.01961E+03
 1.02020E+03
 1.02078E+03
 1.02137E+03
 1.02194E+03
 1.02252E+03
 1.02311E+03
 1.02369E+03
 1.02427E+03
 1.02485E+03
 1.02543E+03
 1.02601E+03
 1.02659E+03
 1.02718E+03
 1.02776E+03
 1.02833E+03
 1.02891E+03
 1.02950E+03
 1.03008E+03
 1.03067E+03
 1.03124E+03
 1.03183E+03
 1.03242E+03
 1.03299E+03
 1.03357E+03
 1.03415E+03
 1.03473E+03
 1.03531E+03
 1.03590E+03
 1.03649E+03
 1.03707E+03
 1.03765E+03
 1.03823E+03
 1.03882E+03
 1.03940E+03
 1.03999E+03
 1.04057E+03
 1.04114E+03
 1.04171E+03
 1.04228E+03
 1.04286E+03
 1.04344E+03
 1.04404E+03
 1.04461E+03
 1.04520E+03
 1.04577E+03
