  0.0000000000000000E+00
  1.3458974473580060E-04
  2.5147314119289027E-04
  3.2805140731165797E-04
  3.7916127978396096E-04
  4.1441937010728305E-04
  4.3962905867350321E-04
  4.5865428289321918E-04
  4.7370169955027370E-04
  4.8634674541540244E-04
  4.9739166152194076E-04
  5.0751578860087584E-04
  5.1700202415600382E-04
  5.2613691453727563E-04
  5.3488478027491251E-04
  5.4347537226602071E-04
  5.5187422850324751E-04
  5.6024094935749045E-04
  5.6857099843687811E-04
  5.7691408421878341E-04
  5.8524464436262105E-04
  5.9356568122170372E-04
  6.0190139427994480E-04
  6.1020305231492911E-04
  6.1852591824918793E-04
  6.2683354069994915E-04
  6.3513864145582177E-04
  6.4345968216063395E-04
  6.5175495603835682E-04
  6.6006080534006836E-04
  6.6837881188159230E-04
  6.7667491415816100E-04
  6.8498081997293294E-04
  6.9329629193087383E-04
  7.0160421860573268E-04
  7.0991110072615542E-04
  7.1822591312590731E-04
  7.2654723036225230E-04
  7.3486451600338195E-04
  7.4318157448602623E-04
  7.5150458407620424E-04
  7.5983270053317238E-04
  7.6816528095785205E-04
  7.7650182064920763E-04
  7.8483809602581658E-04
  7.9316263222117215E-04
  8.0147402257738727E-04
  8.0978954813205352E-04
  8.1810907841860952E-04
  8.2643252594246958E-04
  8.3476013610202834E-04
  8.4309136229384696E-04
  8.5142641206271703E-04
  8.5976551873910014E-04
  8.6810812469122916E-04
  8.7645183543592464E-04
  8.8479920501273847E-04
  8.9315007636819660E-04
  9.0150425838417053E-04
  9.0986011764076916E-04
  9.1821580885282782E-04
  9.2657328262262613E-04
  9.3492998793755168E-04
  9.4328408058674449E-04
  9.5163565457232575E-04
  9.6001148786276828E-04
  9.6869234230756288E-04
  9.7491375821235010E-04
  9.8231887147092519E-04
  9.9151186373165612E-04
  1.0001911926869804E-03
  1.0098254215595525E-03
  1.0186404728091106E-03
  1.0283685024999017E-03
  1.0373273359230823E-03
  1.0465618508535752E-03
  1.0550791143829452E-03
  1.0640361018131703E-03
  1.0724582708006804E-03
  1.0813562287895204E-03
  1.0896996786407213E-03
  1.0984212332220272E-03
  1.1066947311271173E-03
  1.1154494069896942E-03
  1.1237803625688074E-03
  1.1324921633832129E-03
  1.1407227328547576E-03
  1.1494124155512053E-03
  1.1577159738712405E-03
  1.1664666186772330E-03
  1.1747120929227919E-03
  1.1833615532116078E-03
  1.1916556738117085E-03
  1.2003681419004066E-03
  1.2086996238468426E-03
  1.2173194373714504E-03
  1.2256118815272402E-03
  1.2342945142402465E-03
  1.2426626590987732E-03
  1.2512868144884900E-03
  1.2595824348521295E-03
  1.2682413728530367E-03
  1.2766113549827216E-03
  1.2852603832202089E-03
  1.2935624923537858E-03
  1.3022010454553381E-03
  1.3105705048528670E-03
  1.3192161819493258E-03
  1.3275069451798385E-03
  1.3361046793671197E-03
  1.3444558664158451E-03
  1.3530876102510728E-03
  1.3614025831791773E-03
  1.3700182173567296E-03
  1.3784198417999892E-03
  1.3870391033549599E-03
  1.3953036706744529E-03
  1.4037806493181685E-03
  1.4119803111013671E-03
  1.4203695052871970E-03
  1.4284482239036898E-03
  1.4367657511187774E-03
  1.4448815375757095E-03
  1.4532066507817129E-03
  1.4613012461254498E-03
  1.4696541302041597E-03
  1.4778624059786838E-03
  1.4862395304689701E-03
  1.4944279405128937E-03
  1.5028373135889366E-03
  1.5110855597060570E-03
  1.5194519083756594E-03
  1.5276681736335583E-03
  1.5360834937856844E-03
  1.5443064930843553E-03
  1.5526744521919380E-03
  1.5609095859547358E-03
  1.5693171191599187E-03
  1.5775170809330873E-03
  1.5858869188561955E-03
  1.5942040754987890E-03
  1.6025361244590658E-03
  1.6108016889514226E-03
  1.6191463001151510E-03
  1.6274106263267634E-03
  1.6357176971724292E-03
  1.6439936685941272E-03
  1.6523219205382405E-03
  1.6605693649942520E-03
  1.6688960285418605E-03
  1.6771757549550819E-03
  1.6854747310988362E-03
  1.6937519693077043E-03
  1.7020809939011889E-03
  1.7103364978974806E-03
  1.7186624547876556E-03
  1.7269335058434901E-03
  1.7352204581664078E-03
  1.7434932861523542E-03
  1.7517943281565144E-03
  1.7600505632377004E-03
  1.7683695704090257E-03
  1.7766277056106370E-03
  1.7849301377929859E-03
  1.7932304983540235E-03
  1.8015221683362272E-03
  1.8098051904540866E-03
  1.8181161049114264E-03
  1.8263893101757420E-03
  1.8347136659944349E-03
  1.8429878515857970E-03
  1.8513042069659316E-03
  1.8595983958012139E-03
  1.8679068580983035E-03
  1.8762130132364563E-03
  1.8845216608927406E-03
  1.8928274702628225E-03
  1.9011470065486457E-03
  1.9094501214477466E-03
  1.9177817572480081E-03
  1.9260837880924211E-03
  1.9344209177807115E-03
  1.9427274964573808E-03
  1.9510678306789572E-03
  1.9593805706616752E-03
  1.9677214123643865E-03
  1.9760425322575925E-03
  1.9843845845689879E-03
  1.9927131453804253E-03
  2.0010575885666465E-03
  2.0093923859920968E-03
  2.0177393433623431E-03
  2.0260682529356687E-03
  2.0344093733216761E-03
  2.0427423362178202E-03
  2.0510887141374128E-03
  2.0594254502153062E-03
  2.0677771567884557E-03
  2.0761176922444438E-03
  2.0844731424154578E-03
  2.0928191342061411E-03
  2.1011784534687096E-03
  2.1095298857279395E-03
  2.1178901886903059E-03
  2.1262498816290018E-03
  2.1346108139464054E-03
  2.1429751523739668E-03
  2.1513404963290853E-03
  2.1597069670991212E-03
  2.1680776555055310E-03
  2.1764456937955925E-03
  2.1848194784381569E-03
  2.1931918850568201E-03
  2.2015649961699157E-03
  2.2099313746345569E-03
  2.2182906621496480E-03
  2.2266472080974711E-03
  2.2350057137473199E-03
  2.2433631449593674E-03
  2.2517203119649071E-03
  2.2600765755351210E-03
  2.2684327160321319E-03
  2.2769087116065552E-03
  2.2853490081111093E-03
  2.2922439482935099E-03
  2.2981293698196830E-03
  2.3054626677922034E-03
  2.3136549736088347E-03
  2.3223295362370536E-03
  2.3312024907033643E-03
  2.3402098081625553E-03
  2.3492693197258519E-03
  2.3583136573444297E-03
  2.3673434602368548E-03
  2.3763425097147015E-03
  2.3852400517393730E-03
  2.3941812380036645E-03
  2.4032032241582475E-03
  2.4120685165987636E-03
  2.4208448400105421E-03
  2.4295665906073371E-03
  2.4382571836685614E-03
  2.4469315876337223E-03
  2.4555820589004791E-03
  2.4641107675021055E-03
  2.4726182185869365E-03
  2.4811349429005088E-03
  2.4896646697222160E-03
  2.4982089072854282E-03
  2.5067702951483838E-03
  2.5153079823786386E-03
  2.5238260015739474E-03
  2.5323069031701327E-03
  2.5407796899998155E-03
  2.5492726878461229E-03
  2.5577875087897410E-03
  2.5662850069144180E-03
  2.5747843330058587E-03
  2.5833053283819902E-03
  2.5918136371597318E-03
  2.6002941595574432E-03
  2.6087836778718215E-03
  2.6172475148896258E-03
  2.6257256840660002E-03
  2.6342260947927543E-03
  2.6427501790988240E-03
  2.6512815512490535E-03
  2.6597813282350298E-03
  2.6682239331758963E-03
  2.6766896355957014E-03
  2.6851767014836690E-03
  2.6936853663277402E-03
  2.7022135462837064E-03
  2.7107168994073786E-03
  2.7191868574632534E-03
  2.7276340304510020E-03
  2.7361021851696585E-03
  2.7445973676022799E-03
  2.7530972853542592E-03
  2.7615982028659902E-03
  2.7701184166223384E-03
  2.7786250301679630E-03
  2.7871022708159518E-03
  2.7955673716040415E-03
  2.8039987929653039E-03
  2.8124281792964662E-03
  2.8208529266370323E-03
  2.8292663379709884E-03
  2.8376539510272954E-03
  2.8459747382518848E-03
  2.8543101867938851E-03
  2.8626649980893850E-03
  2.8710467660360535E-03
  2.8794612727517177E-03
  2.8878404208873168E-03
  2.8962327769605531E-03
  2.9046382764240522E-03
  2.9130721517635423E-03
  2.9215131634665356E-03
  2.9299270285813948E-03
  2.9383251062214408E-03
  2.9466907201688140E-03
  2.9550139495276673E-03
  2.9633023195218162E-03
  2.9715658299301062E-03
  2.9798321710616852E-03
  2.9881057024082188E-03
  2.9963627800671353E-03
  3.0045800226247469E-03
  3.0127883584516804E-03
  3.0210147775778518E-03
  3.0292644430098951E-03
  3.0375198426401536E-03
  3.0457708776903416E-03
  3.0540308236676789E-03
  3.0622833301918520E-03
  3.0705534065518163E-03
  3.0788266887835604E-03
  3.0871245379665009E-03
  3.0954299203123439E-03
  3.1037374711289502E-03
  3.1120064419516888E-03
  3.1202878294927443E-03
  3.1285887635396706E-03
  3.1369073892030339E-03
  3.1451957881799384E-03
  3.1534873656864039E-03
  3.1617706922955078E-03
  3.1700674470016873E-03
  3.1783531364856857E-03
  3.1866553343916177E-03
  3.1949500693220700E-03
  3.2032525326020690E-03
  3.2115203781222755E-03
  3.2198054293981334E-03
  3.2281094648165423E-03
  3.2364120713940310E-03
  3.2446951058022156E-03
  3.2529825101807221E-03
  3.2612730498283748E-03
  3.2695618868071770E-03
  3.2778613176231777E-03
  3.2861538004190266E-03
  3.2944582524806103E-03
  3.3027308400303875E-03
  3.3110210583417671E-03
  3.3193283548230835E-03
  3.3276167335285810E-03
  3.3359024063942802E-03
  3.3441909246455809E-03
  3.3524738075141601E-03
  3.3607578397866354E-03
  3.3690477966424283E-03
  3.3773419150562633E-03
  3.3856197781437359E-03
  3.3939010046408749E-03
  3.4021989790113216E-03
  3.4104877856450193E-03
  3.4187744282510664E-03
  3.4270715893530285E-03
  3.4353548494234797E-03
  3.4436495371200299E-03
  3.4519483137972718E-03
  3.4602415732765063E-03
  3.4685347930614873E-03
  3.4768319477446333E-03
  3.4851325793544860E-03
  3.4934274332257460E-03
  3.5017333573719076E-03
  3.5100301044848122E-03
  3.5183293773453487E-03
  3.5266434833757122E-03
  3.5349381867564350E-03
  3.5432497355130958E-03
  3.5515547669841270E-03
  3.5598615520155532E-03
  3.5681712623474946E-03
  3.5764821831329582E-03
  3.5847944159854788E-03
  3.5931100006387127E-03
  3.6014222231519656E-03
  3.6097452268181902E-03
  3.6180752949030448E-03
  3.6263903022938620E-03
  3.6347100142271609E-03
  3.6430091339300307E-03
  3.6513195506477246E-03
  3.6596302815311193E-03
  3.6679395292582334E-03
  3.6762505639656960E-03
  3.6845598785059035E-03
  3.6928792583518027E-03
  3.7011927530026518E-03
  3.7095064487262454E-03
  3.7178242541447506E-03
  3.7261477729946106E-03
  3.7344694345572229E-03
  3.7427862081703999E-03
  3.7511116657432848E-03
  3.7594396743603270E-03
  3.7677676454585373E-03
  3.7760888337267083E-03
  3.7844196511428716E-03
  3.7927537832472560E-03
  3.8010871516131390E-03
  3.8094133082797557E-03
  3.8177506272969817E-03
  3.8260892883421119E-03
  3.8344252209229772E-03
  3.8427588454945710E-03
  3.8511035232156815E-03
  3.8594452851222513E-03
  3.8677831746181416E-03
  3.8761242902771316E-03
  3.8844749638320478E-03
  3.8928173300893151E-03
  3.9011580854190629E-03
  3.9095074438858972E-03
  3.9178581445129274E-03
  3.9262016076806521E-03
  3.9345489348462026E-03
  3.9430181363337537E-03
  3.9514000363551870E-03
  3.9584828371531334E-03
  3.9659438442237425E-03
  3.9741243694249636E-03
  3.9822953828182878E-03
  3.9909009825987258E-03
  3.9993186050126250E-03
  4.0080508896816625E-03
  4.0165227902938709E-03
  4.0252927760770626E-03
  4.0337045371705458E-03
  4.0423958208217585E-03
  4.0507924968625529E-03
  4.0594610004833758E-03
  4.0678326372716074E-03
  4.0764777261490864E-03
  4.0849991083151925E-03
  4.0936523442484359E-03
  4.1020838095818480E-03
  4.1106752028860841E-03
  4.1190656653332216E-03
  4.1276418291147903E-03
  4.1360200268096654E-03
  4.1445613178733350E-03
  4.1528774198777395E-03
  4.1613694035567105E-03
  4.1696873749470518E-03
  4.1781908798751103E-03
  4.1865134156130919E-03
  4.1950230328927146E-03
  4.2033595628849689E-03
  4.2118743887699138E-03
  4.2202247379215943E-03
  4.2287491107244127E-03
  4.2371093343595879E-03
  4.2456236944394647E-03
  4.2539254239140111E-03
  4.2624038306934200E-03
  4.2707193418192067E-03
  4.2792062600880204E-03
  4.2875365936748963E-03
  4.2960336071106841E-03
  4.3043771451942298E-03
  4.3128858822800917E-03
  4.3212418174690482E-03
  4.3297623287741780E-03
  4.3381216407279675E-03
  4.3466046314769909E-03
  4.3549201555924165E-03
  4.3633947547104084E-03
  4.3717234056896721E-03
  4.3802084081858272E-03
  4.3885497411238032E-03
  4.3970450609538162E-03
  4.4054668658850427E-03
  4.4140267077905559E-03
  4.4214115388764557E-03
  4.4293227482166261E-03
  4.4374983878193025E-03
  4.4447760382024925E-03
  4.4524844295569460E-03
  4.4607254712088571E-03
  4.4690916689922294E-03
  4.4777344180208876E-03
  4.4863304627933446E-03
  4.4951123992098231E-03
  4.5037851416352909E-03
  4.5125419476183919E-03
  4.5211567140242088E-03
  4.5298849895868548E-03
  4.5384841043086249E-03
  4.5471819512414259E-03
  4.5557572003458195E-03
  4.5644588523807523E-03
  4.5730297440849154E-03
  4.5818263027152320E-03
  4.5903935411673886E-03
  4.5990939394243086E-03
  4.6075959343428157E-03
  4.6163494062667013E-03
  4.6249246992823238E-03
  4.6335781484814391E-03
  4.6420939969871889E-03
  4.6506935487976289E-03
  4.6591549309988973E-03
  4.6676874072356760E-03
  4.6761201251907794E-03
  4.6846747637266520E-03
  4.6931395945339219E-03
  4.7017292691466182E-03
  4.7101997446944328E-03
  4.7187909455079389E-03
  4.7272366205053720E-03
  4.7357926349794292E-03
  4.7442575840433753E-03
  4.7528227725304531E-03
  4.7612709687133228E-03
  4.7697524373682999E-03
  4.7781258679133369E-03
  4.7865503542939671E-03
  4.7948720326836669E-03
  4.8032842544717316E-03
  4.8116047120901322E-03
  4.8199943448959445E-03
  4.8282675137500380E-03
  4.8366411802151831E-03
  4.8449086903779564E-03
  4.8532731373759084E-03
  4.8615370996680637E-03
  4.8699090364476456E-03
  4.8782165378813466E-03
  4.8866047947655348E-03
  4.8949355155846067E-03
  4.9033332920894023E-03
  4.9116482134522787E-03
  4.9200647950906357E-03
  4.9284225518212311E-03
  4.9368604581579625E-03
  4.9452139331150925E-03
  4.9536244419127835E-03
  4.9619580777877387E-03
  4.9703814921881195E-03
  4.9787466752964776E-03
  4.9871908585922874E-03
  4.9955256207121820E-03
  5.0039454091276598E-03
  5.0122820687448152E-03
  5.0207031319514147E-03
  5.0290707108534500E-03
  5.0374934089284472E-03
  5.0458325713056071E-03
  5.0542524860927116E-03
  5.0625994805040793E-03
  5.0710155131896834E-03
  5.0793534876049052E-03
  5.0877675470998428E-03
  5.0961081717075148E-03
  5.1045237081453537E-03
  5.1128676615487612E-03
  5.1212581088432583E-03
  5.1295947816008781E-03
  5.1379979902094718E-03
  5.1463365331887740E-03
  5.1547291439673617E-03
  5.1630415274135323E-03
  5.1714191085862702E-03
  5.1797563791963165E-03
  5.1881493903564359E-03
  5.1964926445665473E-03
  5.2048759098121044E-03
  5.2131986834579236E-03
  5.2215883384716119E-03
  5.2299425175404944E-03
  5.2383164972656052E-03
  5.2466593501028841E-03
  5.2550533132454886E-03
  5.2634063219574988E-03
  5.2718174546509703E-03
  5.2801758830297698E-03
  5.2885558983953185E-03
  5.2968963441207724E-03
  5.3052683794901044E-03
  5.3135783642483444E-03
  5.3219212454402387E-03
  5.3302093958222541E-03
  5.3385388784520623E-03
  5.3468113585128513E-03
  5.3551253763201370E-03
  5.3633803819210417E-03
  5.3716571079034207E-03
  5.3799019163433036E-03
  5.3881574956146346E-03
  5.3963748112606253E-03
  5.4046328788378449E-03
  5.4128546833667728E-03
  5.4211256899309506E-03
  5.4293613958502126E-03
  5.4376368666246046E-03
  5.4458696251626412E-03
  5.4541419496992975E-03
  5.4623827853367427E-03
  5.4706473772573906E-03
  5.4789001920026101E-03
  5.4871882561650497E-03
  5.4954607936677025E-03
  5.5037757047952133E-03
  5.5120634134526274E-03
  5.5203718703087960E-03
  5.5286535387182303E-03
  5.5369580506364462E-03
  5.5452402894391765E-03
  5.5535569771561133E-03
  5.5618498579504665E-03
  5.5701769983298932E-03
  5.5784904933289204E-03
  5.5868204925384269E-03
  5.5951181101043914E-03
  5.6034263210363502E-03
  5.6117187495117130E-03
  5.6200332861427293E-03
  5.6283335469082098E-03
  5.6366515240218002E-03
  5.6449588056953033E-03
  5.6532903281327007E-03
  5.6616002208613675E-03
  5.6698998351683103E-03
  5.6781923608831006E-03
  5.6865009178820192E-03
  5.6948034734889035E-03
  5.7031096711449812E-03
  5.7114197547764815E-03
  5.7197463288476899E-03
  5.7280594223344953E-03
  5.7363558424789645E-03
  5.7446483321711419E-03
  5.7529559235936518E-03
  5.7612566903330080E-03
  5.7695682065951664E-03
  5.7778830371092386E-03
  5.7862082442006468E-03
  5.7945224603238414E-03
  5.8028182514444958E-03
  5.8111163548087473E-03
  5.8194235568433551E-03
  5.8277234865827272E-03
  5.8360408330745519E-03
  5.8443626327871019E-03
  5.8526886693092712E-03
  5.8609994002042981E-03
  5.8692985356114504E-03
  5.8775978059379379E-03
  5.8859002358886761E-03
  5.8942079320257919E-03
  5.9025290957574750E-03
  5.9108391780386526E-03
  5.9191608801829184E-03
  5.9274632126734145E-03
  5.9357637138056649E-03
  5.9440598747549428E-03
  5.9523720581729032E-03
  5.9606881424825358E-03
  5.9690050363564824E-03
  5.9773286527541212E-03
  5.9856537606254711E-03
  5.9939497703707040E-03
  6.0022588373601620E-03
  6.0105751685918130E-03
  6.0188928789467076E-03
  6.0272147439069303E-03
  6.0355509099243266E-03
  6.0438700587760663E-03
  6.0521847274376843E-03
  6.0605010019054916E-03
  6.0688200169321128E-03
  6.0771427684025870E-03
  6.0854787865530051E-03
  6.0938111130745612E-03
  6.1021383993216062E-03
  6.1104645966700323E-03
  6.1187836046544299E-03
  6.1271092292764125E-03
  6.1354453246006812E-03
  6.1437785923232355E-03
  6.1521184297158304E-03
  6.1604512709661826E-03
  6.1687809854678900E-03
  6.1771106232566975E-03
  6.1854442063992605E-03
  6.1937819280260802E-03
  6.2021290906306434E-03
  6.2104626791563604E-03
  6.2188049143112375E-03
  6.2271382078862968E-03
  6.2354739764660990E-03
  6.2438149680536844E-03
  6.2521613539393752E-03
  6.2605033511197753E-03
  6.2688442777790801E-03
  6.2771811631923725E-03
  6.2855134693078638E-03
  6.2938473821425754E-03
  6.3021890156448384E-03
  6.3105266146290442E-03
  6.3188639902512058E-03
  6.3272774239436641E-03
  6.3356625627187914E-03
  6.3430616884308259E-03
  6.3507957276827988E-03
  6.3589829598014163E-03
  6.3661839360976795E-03
  6.3739402083576469E-03
  6.3820511350450790E-03
  6.3903946603424506E-03
  6.3988806537850773E-03
  6.4074267947704907E-03
  6.4160112448551328E-03
  6.4246113378777746E-03
  6.4332150534806296E-03
  6.4418113522031317E-03
  6.4504065557012573E-03
  6.4589758732339344E-03
  6.4675420026994203E-03
  6.4761007564819268E-03
  6.4846504225285588E-03
  6.4931631877396864E-03
  6.5016686200641445E-03
  6.5102377511499160E-03
  6.5188362939133642E-03
  6.5273434120241836E-03
  6.5358933405882860E-03
  6.5444895352477842E-03
  6.5530432647384462E-03
  6.5615661884299223E-03
  6.5700604425484666E-03
  6.5785497177161716E-03
  6.5870119257759275E-03
  6.5954533770405215E-03
  6.6038707894069282E-03
  6.6122929621364639E-03
  6.6207257562027463E-03
  6.6291647304133556E-03
  6.6376051242758270E-03
  6.6460434760793824E-03
  6.6544977431692099E-03
  6.6629568022030456E-03
  6.6714193733384301E-03
  6.6798511217783380E-03
  6.6882584117357062E-03
  6.6966723221097511E-03
  6.7050992466353857E-03
  6.7135353889324735E-03
  6.7219683981833518E-03
  6.7303805994618441E-03
  6.7388059393367460E-03
  6.7472412114788745E-03
  6.7556683131635821E-03
  6.7640828535570794E-03
  6.7725006210018661E-03
  6.7809283809218438E-03
  6.7893671098172587E-03
  6.7978023737168764E-03
  6.8062251350167234E-03
  6.8146503126612227E-03
  6.8230892945179448E-03
  6.8315294913022561E-03
  6.8399414996209839E-03
  6.8483411991206644E-03
  6.8567482000627651E-03
  6.8651652948877612E-03
  6.8735957059648757E-03
  6.8820296529945131E-03
  6.8904728331018279E-03
  6.8989219680056666E-03
  6.9073674351606022E-03
  6.9157747378544611E-03
  6.9241924614193663E-03
  6.9326136762395052E-03
  6.9410459944719742E-03
  6.9494843148482340E-03
  6.9579042604719530E-03
  6.9663311369105906E-03
  6.9747641318289996E-03
  6.9831893145134031E-03
  6.9916037756739503E-03
  7.0000268017451584E-03
  7.0084576393944324E-03
  7.0168795899651672E-03
  7.0253027764452516E-03
  7.0337377750222599E-03
  7.0421863464107956E-03
  7.0506430711605459E-03
  7.0590798348197595E-03
  7.0675022344605463E-03
  7.0759387861097740E-03
  7.0843760067873926E-03
  7.0928158155631063E-03
  7.1012570392003779E-03
  7.1097015911546890E-03
  7.1181299329485673E-03
  7.1265206799307947E-03
  7.1349013881810341E-03
  7.1432839525338090E-03
  7.1516598448402103E-03
  7.1600397482440847E-03
  7.1684161633839803E-03
  7.1767850850163869E-03
  7.1851523410703553E-03
  7.1935184799521192E-03
  7.2018733459034683E-03
  7.2102364127496115E-03
  7.2185921998570825E-03
  7.2269435894501263E-03
  7.2353044405259513E-03
  7.2436756700495330E-03
  7.2520544799086041E-03
  7.2604411147212146E-03
  7.2688197480006555E-03
  7.2771891796614557E-03
  7.2855681293798090E-03
  7.2939614505436604E-03
  7.3023633330464915E-03
  7.3107770436204355E-03
  7.3191859695812302E-03
  7.3275839279721162E-03
  7.3359795979275983E-03
  7.3443800082514128E-03
  7.3527853389075745E-03
  7.3611977790613500E-03
  7.3696087096322208E-03
  7.3780032044937580E-03
  7.3863972989215172E-03
  7.3947725414175280E-03
  7.4032764846093078E-03
  7.4116550670640397E-03
  7.4192802336656124E-03
  7.4270649458371271E-03
  7.4351799708587372E-03
  7.4433082626927790E-03
  7.4516455248172216E-03
  7.4599035822980712E-03
  7.4683278836775420E-03
  7.4766158358739697E-03
  7.4850407823955651E-03
  7.4933374321024459E-03
  7.5019156228918280E-03
  7.5101830831452885E-03
  7.5178664471526567E-03
  7.5255813872429052E-03
  7.5337535323875444E-03
  7.5418205783638025E-03
  7.5502429530873933E-03
  7.5584765598037777E-03
  7.5669871408416342E-03
  7.5752421604873572E-03
  7.5837699113560416E-03
  7.5920449511557749E-03
  7.6005813193784815E-03
  7.6088680263377041E-03
  7.6174168021606462E-03
  7.6257005665713376E-03
  7.6342492099906577E-03
  7.6425463406384880E-03
  7.6511600086457124E-03
  7.6594931183012124E-03
  7.6680090332239687E-03
  7.6763061518805584E-03
  7.6848040276566243E-03
  7.6930957228215939E-03
  7.7016034901976668E-03
  7.7099089033385252E-03
  7.7184303949813489E-03
  7.7267524310402581E-03
  7.7352328063347731E-03
  7.7435064319217907E-03
  7.7519869301789033E-03
  7.7603637436372873E-03
  7.7688869991362009E-03
  7.7772257722076724E-03
  7.7857031915736482E-03
  7.7939948109975012E-03
  7.8024346289910576E-03
  7.8106973962435624E-03
  7.8191250233287397E-03
  7.8274067353085175E-03
  7.8358370524000721E-03
  7.8441186201399556E-03
  7.8525635535209998E-03
  7.8608672594838482E-03
  7.8693203232022019E-03
  7.8776138528055886E-03
  7.8860459268086016E-03
  7.8943374541577335E-03
  7.9027878773395600E-03
  7.9110837498159465E-03
  7.9195026302758976E-03
  7.9277865774094094E-03
  7.9361938493620766E-03
  7.9444578270140825E-03
  7.9528643366659126E-03
  7.9611410178867283E-03
  7.9695694063709500E-03
  7.9778613827735708E-03
  7.9862962105040555E-03
  7.9945984759582766E-03
  8.0030367859814690E-03
  8.0113397077711621E-03
  8.0197794706360903E-03
  8.0280691679800592E-03
  8.0364865662844939E-03
  8.0447628257676179E-03
  8.0531817963157438E-03
  8.0614639572841491E-03
  8.0698754661286502E-03
  8.0781505035774932E-03
  8.0865634118927488E-03
  8.0948604607278384E-03
  8.1032956734579213E-03
  8.1116072253448312E-03
  8.1200356522711670E-03
  8.1283496144336671E-03
  8.1367862860928820E-03
  8.1450818839160430E-03
  8.1535016825611678E-03
  8.1617886677273575E-03
  8.1702014927644111E-03
  8.1784908517729005E-03
  8.1869092755411342E-03
  8.1952081264581485E-03
  8.2036191188006296E-03
  8.2119256441985870E-03
  8.2203587623248565E-03
  8.2286851252336528E-03
  8.2371124358469917E-03
  8.2454285245238314E-03
  8.2538459043166763E-03
  8.2621500033305904E-03
  8.2705713386141740E-03
  8.2788628283930153E-03
  8.2872587262857508E-03
  8.2955520873300194E-03
  8.3039632953103588E-03
  8.3122640118202216E-03
  8.3206688884547523E-03
  8.3289790231045688E-03
  8.3374000586807079E-03
  8.3457126271861987E-03
  8.3541193203476999E-03
  8.3624250580570103E-03
  8.3708329815548460E-03
  8.3791448992292690E-03
  8.3875509155904790E-03
  8.3958417744877025E-03
  8.4042430790885417E-03
  8.4125590667478503E-03
  8.4209727674156801E-03
  8.4292897191723306E-03
  8.4377136981449701E-03
  8.4460415636942090E-03
  8.4544603476907412E-03
  8.4627812226441366E-03
  8.4712060898608204E-03
  8.4795373303137387E-03
  8.4879584892950909E-03
  8.4962774886314270E-03
  8.5046757438635000E-03
  8.5129896770749884E-03
  8.5213914230017809E-03
  8.5297001009390933E-03
  8.5380949268647893E-03
  8.5463998508154854E-03
  8.5547844979239687E-03
  8.5630757166480810E-03
  8.5714597908376992E-03
  8.5797548191648230E-03
  8.5881258691741028E-03
  8.5964193908163213E-03
  8.6047975066885982E-03
  8.6130872629883934E-03
  8.6214672287494333E-03
  8.6297619761001362E-03
  8.6381350299052379E-03
  8.6464282057644015E-03
  8.6548032380881195E-03
  8.6630894507358485E-03
  8.6714547080553907E-03
  8.6797273350638204E-03
  8.6880788416142801E-03
  8.6963615095038971E-03
  8.7047191427038883E-03
  8.7129927180773798E-03
  8.7213332186217313E-03
  8.7295924601316459E-03
  8.7379343645999173E-03
  8.7462104811524607E-03
  8.7545582884023167E-03
  8.7628234241370357E-03
  8.7711602575722553E-03
  8.7794314041230778E-03
  8.7877786757463664E-03
  8.7960637135947005E-03
  8.8044211124512425E-03
  8.8126967162816452E-03
  8.8210371010686694E-03
  8.8293161335530612E-03
  8.8376696029066164E-03
  8.8459508364077313E-03
  8.8542883824679099E-03
  8.8625634660842358E-03
  8.8709150857463823E-03
  8.8792087348471497E-03
  8.8875683843117111E-03
  8.8958669652035461E-03
  8.9042349159568299E-03
  8.9125393739106253E-03
  8.9208960764543231E-03
  8.9291950450296441E-03
  8.9375518416403271E-03
  8.9458432021909447E-03
  8.9542020848520157E-03
  8.9625006634887778E-03
  8.9710175894293000E-03
  8.9793245846817166E-03
  8.9868708194217103E-03
  8.9945341242523291E-03
  9.0026713806622936E-03
  9.0107496142655761E-03
  9.0191546883558234E-03
  9.0273952213127066E-03
  9.0358788020854786E-03
  9.0441663502831490E-03
  9.0526944125595161E-03
  9.0610055375515211E-03
  9.0695398778961687E-03
  9.0778544768709436E-03
  9.0864001187486443E-03
  9.0947178370936899E-03
  9.1032599327056235E-03
  9.1115615991240861E-03
  9.1200723841876920E-03
  9.1283561168349365E-03
  9.1368643745206243E-03
  9.1451529362200339E-03
  9.1536703021286945E-03
  9.1619647322563943E-03
  9.1704798823915822E-03
  9.1787789788272556E-03
  9.1872959951266493E-03
  9.1957045074248789E-03
  9.2042200577341880E-03
  9.2125573089274996E-03
  9.2210502619503379E-03
  9.2293621856502483E-03
  9.2378235647208734E-03
  9.2461123942166098E-03
  9.2545603762887937E-03
  9.2628514155193072E-03
  9.2713011228083113E-03
  9.2795994970259945E-03
  9.2880462742998861E-03
  9.2963278186351563E-03
  9.3047652815781597E-03
  9.3130581160074770E-03
  9.3215060954020823E-03
  9.3298070596667514E-03
  9.3382634520984293E-03
  9.3465772967767126E-03
  9.3550439643569263E-03
  9.3633587594712017E-03
  9.3718213128276290E-03
  9.3801380411260224E-03
  9.3885820131783884E-03
  9.3968782691090640E-03
  9.4053168207324355E-03
  9.4136038292440914E-03
  9.4220356384481421E-03
  9.4303325549078051E-03
  9.4387715695147395E-03
  9.4470676078476264E-03
  9.4555053101499330E-03
  9.4638111138811501E-03
  9.4722465126301121E-03
  9.4805500529825098E-03
  9.4889932961443324E-03
  9.4973095026460765E-03
  9.5059019682097335E-03
  9.5142335366458497E-03
  9.5219435917181794E-03
  9.5296902030454142E-03
  9.5379030135312494E-03
  9.5459982881525452E-03
  9.5544544541195306E-03
  9.5626932130535684E-03
  9.5712354173648328E-03
  9.5795307230947240E-03
  9.5881096919542864E-03
  9.5964123660291986E-03
  9.6049896931910683E-03
  9.6133929592921961E-03
  9.6220008832771080E-03
  9.6296073749246210E-03
  9.6376327853879562E-03
  9.6457533855983206E-03
  9.6541304272025480E-03
  9.6624541244237951E-03
  9.6709548429147838E-03
  9.6793665052262896E-03
  9.6879241519091074E-03
  9.6963829828911434E-03
  9.7049475189880420E-03
  9.7133891298793931E-03
  9.7219326484341232E-03
  9.7303719959208300E-03
  9.7389176702557690E-03
  9.7473546072178764E-03
  9.7559537224416060E-03
  9.7644461263155201E-03
  9.7729825498995022E-03
  9.7814462571638588E-03
  9.7899515855004293E-03
  9.7983942563263735E-03
  9.8068900392036338E-03
  9.8153088633378214E-03
  9.8237855233157464E-03
  9.8322154434511613E-03
  9.8407056746357604E-03
  9.8491514625554128E-03
  9.8576282886007945E-03
  9.8661095501200793E-03
  9.8746506287072915E-03
  9.8830856785206700E-03
  9.8916107092748545E-03
  9.9000456011753557E-03
  9.9085480026753665E-03
  9.9169437004795608E-03
  9.9254357372083445E-03
  9.9338247508095126E-03
  9.9422909932303880E-03
  9.9506461503101259E-03
  9.9590951918293365E-03
  9.9674671303032793E-03
  9.9759328976359862E-03
  9.9843250568155996E-03
  9.9928107422033834E-03
  1.0001216155408270E-02
  1.0009687735165857E-02
  1.0018082458189996E-02
  1.0026566635711514E-02
  1.0034964727279662E-02
  1.0043448203844717E-02
  1.0051867748936081E-02
  1.0060358513973827E-02
  1.0068754930461788E-02
  1.0077221753348279E-02
  1.0085616135889907E-02
  1.0094064742271506E-02
  1.0102439026743572E-02
  1.0110891015320278E-02
  1.0119255565292340E-02
  1.0127680405628742E-02
  1.0136027912586781E-02
  1.0144445411665062E-02
  1.0152790401437175E-02
  1.0161196273534043E-02
  1.0169533792941261E-02
  1.0177927888680700E-02
  1.0186243062358409E-02
  1.0194621779187143E-02
  1.0202886837893317E-02
  1.0211205323270949E-02
  1.0219462942229605E-02
  1.0227787867731437E-02
  1.0236058950097850E-02
  1.0244400119215753E-02
  1.0252687046949739E-02
  1.0261039902708730E-02
  1.0269329663998550E-02
  1.0277692781753589E-02
  1.0285985949559510E-02
  1.0294344450394803E-02
  1.0302652864340312E-02
  1.0311032487605877E-02
  1.0319368505233042E-02
  1.0327758126833678E-02
  1.0336092127184464E-02
  1.0344468756142269E-02
  1.0352782210017265E-02
  1.0361147764767100E-02
  1.0369460227863402E-02
  1.0377836639712958E-02
  1.0386167694752858E-02
  1.0394560935834015E-02
  1.0402912450545363E-02
  1.0411313539532398E-02
  1.0419668783199802E-02
  1.0428062890787149E-02
  1.0436407096711021E-02
  1.0444795549165916E-02
  1.0453125464472628E-02
  1.0461507891583174E-02
  1.0469836795755602E-02
  1.0478203756223083E-02
  1.0486533083309043E-02
  1.0494916826967611E-02
  1.0503246155768238E-02
  1.0511613367699232E-02
  1.0519932799930135E-02
  1.0528301363534507E-02
  1.0536631521629267E-02
  1.0545013195950186E-02
  1.0553361258357668E-02
  1.0561756541336667E-02
  1.0570103201594436E-02
  1.0578474568828100E-02
  1.0586792558210724E-02
  1.0595153490859151E-02
  1.0603466632034896E-02
  1.0611824491512873E-02
  1.0620152667413037E-02
  1.0628528750824160E-02
  1.0636878413189981E-02
  1.0645262354129192E-02
  1.0653597200802100E-02
  1.0661963359266013E-02
  1.0670305018060464E-02
  1.0678690338922978E-02
  1.0687037715261265E-02
  1.0695419978063577E-02
  1.0703773294015782E-02
  1.0712164213363622E-02
  1.0720507530193314E-02
  1.0728856596157580E-02
  1.0737179807510549E-02
  1.0745538261103462E-02
  1.0753861831161105E-02
  1.0762221470643846E-02
  1.0770556743485335E-02
  1.0778927731688108E-02
  1.0787257155352824E-02
  1.0795601884777959E-02
  1.0803900963389132E-02
  1.0812234054894232E-02
  1.0820546083652982E-02
  1.0828892106742613E-02
  1.0837217745351057E-02
  1.0845567773750243E-02
  1.0853865418773763E-02
  1.0862185817945394E-02
  1.0870489191748881E-02
  1.0878822566714569E-02
  1.0887135593279055E-02
  1.0895478328093289E-02
  1.0903798330093684E-02
  1.0912138425371958E-02
  1.0920421368124576E-02
  1.0928727228994231E-02
  1.0937015751941793E-02
  1.0945331142323976E-02
  1.0953626536268466E-02
  1.0961944871987364E-02
  1.0970232837633593E-02
  1.0978530046497442E-02
  1.0986801566411110E-02
  1.0995098555542166E-02
  1.1003379575753947E-02
  1.1011688028158131E-02
  1.1019987193324244E-02
  1.1028299230425267E-02
  1.1036589239484482E-02
  1.1044885148291637E-02
  1.1053170579251958E-02
  1.1061481505914452E-02
  1.1069784017437793E-02
  1.1078109489217362E-02
  1.1086413599542719E-02
  1.1094722123691269E-02
  1.1103011439432247E-02
  1.1111320011112997E-02
  1.1119620038849663E-02
  1.1127940488553425E-02
  1.1136236577343915E-02
  1.1144554294728810E-02
  1.1152854302920000E-02
  1.1161167331692243E-02
  1.1169472004338335E-02
  1.1177796327203152E-02
  1.1186115231857769E-02
  1.1194455607751667E-02
  1.1202773849777191E-02
  1.1211104193402472E-02
  1.1219415746628271E-02
  1.1227745922515788E-02
  1.1236063364359663E-02
  1.1244390792966128E-02
  1.1252710518568861E-02
  1.1261035908824917E-02
  1.1269350588769590E-02
  1.1277675107157400E-02
  1.1286142949649585E-02
  1.1294480525647740E-02
  1.1302251223754920E-02
  1.1310144258043876E-02
  1.1318259901664466E-02
  1.1326384753424640E-02
  1.1334665932775217E-02
  1.1342905117035978E-02
  1.1351268008057008E-02
  1.1359556619144645E-02
  1.1367951221159215E-02
  1.1376255284595694E-02
  1.1384656474661182E-02
  1.1392976009580712E-02
  1.1401395022913910E-02
  1.1409719785787677E-02
  1.1418139090749055E-02
  1.1426447446956176E-02
  1.1434838954969754E-02
  1.1443144384183576E-02
  1.1451547327939187E-02
  1.1459854220637633E-02
  1.1468260814452897E-02
  1.1476576050584575E-02
  1.1484983335712603E-02
  1.1493296525848153E-02
  1.1501706781633474E-02
  1.1510025445352130E-02
  1.1518433275475788E-02
  1.1526739952143246E-02
  1.1535134038458026E-02
  1.1543441573860367E-02
  1.1551841335249361E-02
  1.1560274371712137E-02
  1.1568686619833374E-02
  1.1576449626579095E-02
  1.1584424645705367E-02
  1.1592537625114911E-02
  1.1600727798163209E-02
  1.1609056165002683E-02
  1.1617380600048412E-02
  1.1625754258727462E-02
  1.1634094224546841E-02
  1.1642475021342509E-02
  1.1650826168043605E-02
  1.1659221889605125E-02
  1.1667583713528875E-02
  1.1675979391413389E-02
  1.1684333659354191E-02
  1.1692729755898197E-02
  1.1701093229222337E-02
  1.1709495337749806E-02
  1.1717864181555578E-02
  1.1726259976679639E-02
  1.1734621503283112E-02
  1.1743007221073177E-02
  1.1751356706608585E-02
  1.1759731961470826E-02
  1.1768074456082125E-02
  1.1776457545643142E-02
  1.1784813775340533E-02
  1.1793208992852819E-02
  1.1801568574848348E-02
  1.1809963690531803E-02
  1.1818322458823725E-02
  1.1826719164329124E-02
  1.1835076012746156E-02
  1.1843465972162567E-02
  1.1851828824219018E-02
  1.1860234033697240E-02
  1.1868604114994144E-02
  1.1876997504963946E-02
  1.1885359631268579E-02
  1.1893732915354923E-02
  1.1902127391245890E-02
  1.1910512065417026E-02
  1.1918877878845697E-02
  1.1927248662488820E-02
  1.1935618585624431E-02
  1.1943997811558275E-02
  1.1952372211351953E-02
  1.1960753192193163E-02
  1.1969132864688245E-02
  1.1977505340222674E-02
  1.1985876859988427E-02
  1.1994252337343650E-02
  1.2002631247961188E-02
  1.2011022253691850E-02
  1.2019415234588686E-02
  1.2027813914610429E-02
  1.2036195615735131E-02
  1.2044572476667357E-02
  1.2052926249826448E-02
  1.2061282716131038E-02
  1.2069639473689803E-02
  1.2078008151298388E-02
  1.2086378944268382E-02
  1.2094758033644128E-02
  1.2103133565221849E-02
  1.2111513142448476E-02
  1.2119894421675199E-02
  1.2128276122585593E-02
  1.2136650447149577E-02
  1.2145035625734492E-02
  1.2153421843418529E-02
  1.2161818190459981E-02
  1.2170202591019467E-02
  1.2178579624926519E-02
  1.2186956685826426E-02
  1.2195343620922179E-02
  1.2203719661153918E-02
  1.2212088564916478E-02
  1.2220456014480276E-02
  1.2228833088277949E-02
  1.2237201177475721E-02
  1.2245578838726422E-02
  1.2253958382973936E-02
  1.2262347325029670E-02
  1.2270729687963888E-02
  1.2279117744367195E-02
  1.2287508276953846E-02
  1.2295900191697384E-02
  1.2304284507056396E-02
  1.2312665864675198E-02
  1.2321048475401683E-02
  1.2329439626940421E-02
  1.2337826213892370E-02
  1.2346218365610014E-02
  1.2354750645974242E-02
  1.2363131987682536E-02
  1.2370821274218459E-02
  1.2378656989911736E-02
  1.2386814407404962E-02
  1.2394986548602336E-02
  1.2403378334334719E-02
  1.2411685659768430E-02
  1.2420157167756614E-02
  1.2428515090153847E-02
  1.2437124227979820E-02
  1.2445508274960300E-02
  1.2453349782622906E-02
  1.2461199069872813E-02
  1.2469492415719097E-02
  1.2477652503802754E-02
  1.2486175999381968E-02
  1.2494488925236094E-02
  1.2503110155453051E-02
  1.2511460599202462E-02
  1.2520095170139221E-02
  1.2528451493320804E-02
  1.2537081999963787E-02
  1.2545448976456522E-02
  1.2554089013949932E-02
  1.2562454174720095E-02
  1.2571089868466738E-02
  1.2579435351847483E-02
  1.2588049484644421E-02
  1.2596389182999284E-02
  1.2604999191583513E-02
  1.2613333268759186E-02
  1.2621990997449485E-02
  1.2630397538806402E-02
  1.2639010690857140E-02
  1.2647390034434897E-02
  1.2655953548447060E-02
  1.2664281470499895E-02
  1.2672832621862851E-02
  1.2681160592244400E-02
  1.2689695618755638E-02
  1.2698002992671840E-02
  1.2706582842957588E-02
  1.2714960746585461E-02
  1.2723473264089494E-02
  1.2731803775036937E-02
  1.2740300984707452E-02
  1.2748629131481134E-02
  1.2757122820723997E-02
  1.2765438564089380E-02
  1.2773923771138677E-02
  1.2782242174940157E-02
  1.2790727760655606E-02
  1.2799041434061903E-02
  1.2807527001870440E-02
  1.2815844171394433E-02
  1.2824328349861119E-02
  1.2832632109789374E-02
  1.2841089158039975E-02
  1.2849378695016669E-02
  1.2857837814463710E-02
  1.2866148098399045E-02
  1.2874626396993504E-02
  1.2882948029150068E-02
  1.2891434218012377E-02
  1.2899774988527887E-02
  1.2908281629199252E-02
  1.2916644445789860E-02
  1.2925166000558758E-02
  1.2933521587505334E-02
  1.2942017166074515E-02
  1.2950360209008849E-02
  1.2958839445427020E-02
  1.2967171294334640E-02
  1.2975653340138076E-02
  1.2983991669587514E-02
  1.2992473281604057E-02
  1.3000798255684988E-02
  1.3009272517490742E-02
  1.3017603805034427E-02
  1.3026083623016963E-02
  1.3034425229788191E-02
  1.3042908501654207E-02
  1.3051247946573011E-02
  1.3059717340688119E-02
  1.3068017198938048E-02
  1.3076459658641014E-02
  1.3084768067140869E-02
  1.3093215427954436E-02
  1.3101529043389307E-02
  1.3109986036707844E-02
  1.3118299814148162E-02
  1.3126752441785313E-02
  1.3135075627833280E-02
  1.3143533600748597E-02
  1.3151861936260733E-02
  1.3160315796059491E-02
  1.3168621055709094E-02
  1.3177049533550436E-02
  1.3185350124524219E-02
  1.3193780543653786E-02
  1.3202081406399949E-02
  1.3210516505848988E-02
  1.3218829565038099E-02
  1.3227273462176224E-02
  1.3235596950418958E-02
  1.3244052890882386E-02
  1.3252392090857240E-02
  1.3260860335838754E-02
  1.3269204111923392E-02
  1.3277648423218352E-02
  1.3285960932729966E-02
  1.3294399227924839E-02
  1.3302726761951532E-02
  1.3311165969740231E-02
  1.3319492659954009E-02
  1.3327931165302643E-02
  1.3336261404100153E-02
  1.3344718365086645E-02
  1.3353069651846940E-02
  1.3361542245241316E-02
  1.3369890072578631E-02
  1.3378353703661227E-02
  1.3386700822634131E-02
  1.3395166644263271E-02
  1.3403520640055323E-02
  1.3411988013045563E-02
  1.3420347222250001E-02
  1.3428817286062451E-02
  1.3437176493022266E-02
  1.3445629920012222E-02
  1.3453956393111243E-02
  1.3462370669181911E-02
  1.3470662263355965E-02
  1.3479061957569099E-02
  1.3487347146572782E-02
  1.3495735800807028E-02
  1.3504022147060637E-02
  1.3512417918406475E-02
  1.3520714942789063E-02
  1.3529262197459185E-02
  1.3537569342297585E-02
  1.3545395081365061E-02
  1.3553251433152877E-02
  1.3561450381447177E-02
  1.3569541961520517E-02
  1.3577910980488958E-02
  1.3586131963132488E-02
  1.3594584399301560E-02
  1.3602827637213405E-02
  1.3611285797368590E-02
  1.3619551916624485E-02
  1.3628031713846075E-02
  1.3636321828411674E-02
  1.3644820387808848E-02
  1.3653118128545805E-02
  1.3661611022733869E-02
  1.3669913427966538E-02
  1.3678420295592924E-02
  1.3686725638986806E-02
  1.3695224041187766E-02
  1.3703534161366512E-02
  1.3712044018457121E-02
  1.3720355589145441E-02
  1.3728856046943443E-02
  1.3737171036803719E-02
  1.3745664157581277E-02
  1.3753964778430737E-02
  1.3762449070733460E-02
  1.3770746113785563E-02
  1.3779233332764361E-02
  1.3787525459280360E-02
  1.3796007089452627E-02
  1.3804434669038331E-02
  1.3812909410866877E-02
  1.3820627262505008E-02
  1.3828625760696059E-02
  1.3836729384879384E-02
  1.3844970999665260E-02
  1.3853225961097056E-02
  1.3861577649760138E-02
  1.3869913312758834E-02
  1.3878312241284775E-02
  1.3886669509393610E-02
  1.3895074577325681E-02
  1.3903432856681771E-02
  1.3911828451910505E-02
  1.3920176121111565E-02
  1.3928571181773248E-02
  1.3936912708061557E-02
  1.3945292666623437E-02
  1.3953638562923271E-02
  1.3962027183800456E-02
  1.3970376947017213E-02
  1.3978764504973871E-02
  1.3987120685519622E-02
  1.3995505638418218E-02
  1.4003855943638756E-02
  1.4012225232663527E-02
  1.4020544107669987E-02
  1.4028892057634933E-02
  1.4037196665789446E-02
  1.4045537494044722E-02
  1.4053855707916138E-02
  1.4062201731413289E-02
  1.4070522466737879E-02
  1.4078863177754988E-02
  1.4087183011635335E-02
  1.4095537475244828E-02
  1.4103872102928419E-02
  1.4112237072716688E-02
  1.4120626104227922E-02
  1.4129032049744195E-02
  1.4137349868292319E-02
  1.4145706667032881E-02
  1.4153992653545366E-02
  1.4162337303812668E-02
  1.4170626040466745E-02
  1.4178964818126043E-02
  1.4187258397244036E-02
  1.4195614384005120E-02
  1.4203926993887396E-02
  1.4212301512531977E-02
  1.4220624808219118E-02
  1.4228979915585319E-02
  1.4237265080340955E-02
  1.4245610067034868E-02
  1.4253915358763565E-02
  1.4262279120696830E-02
  1.4270603001006821E-02
  1.4278983710333532E-02
  1.4287325054827230E-02
  1.4295721412512161E-02
  1.4304065848312911E-02
  1.4312443996531626E-02
  1.4320778240123523E-02
  1.4329120901033348E-02
  1.4337406696523522E-02
  1.4345745094685260E-02
  1.4354047470586601E-02
  1.4362401629265980E-02
  1.4370714039037436E-02
  1.4379070628882292E-02
  1.4387393060937189E-02
  1.4395751063540539E-02
  1.4404066836549545E-02
  1.4412431794293145E-02
  1.4420764388138446E-02
  1.4429121824628563E-02
  1.4437443339055252E-02
  1.4445801764193985E-02
  1.4454129521313802E-02
  1.4462503988118715E-02
  1.4470843823249140E-02
  1.4479203420978921E-02
  1.4487524070160235E-02
  1.4495881538695733E-02
  1.4504196050620312E-02
  1.4512543446816175E-02
  1.4520843630625070E-02
  1.4529182374537529E-02
  1.4537494431936575E-02
  1.4545845641205795E-02
  1.4554167255583202E-02
  1.4562523848983180E-02
  1.4570845654122651E-02
  1.4579199043630692E-02
  1.4587528127339700E-02
  1.4595897580389783E-02
  1.4604238230876972E-02
  1.4612605364367188E-02
  1.4620928217029481E-02
  1.4629281411581353E-02
  1.4637606675780051E-02
  1.4645951691172616E-02
  1.4654274027797390E-02
  1.4662623738045362E-02
  1.4670943898697776E-02
  1.4679300389550683E-02
  1.4687636365677052E-02
  1.4695986887643073E-02
  1.4704301865480565E-02
  1.4712648337717139E-02
  1.4720967664972204E-02
  1.4729315953312847E-02
  1.4737645773047483E-02
  1.4746009106725270E-02
  1.4754354647295912E-02
  1.4762708760577307E-02
  1.4771036568616270E-02
  1.4779383247185321E-02
  1.4787712835343201E-02
  1.4796060447510905E-02
  1.4804387575792825E-02
  1.4812746520302005E-02
  1.4821077570772414E-02
  1.4829423727528056E-02
  1.4837749509275871E-02
  1.4846106085737760E-02
  1.4854447710544054E-02
  1.4862808344819982E-02
  1.4871148160657682E-02
  1.4879500887605829E-02
  1.4887838478111530E-02
  1.4896197210070317E-02
  1.4904530707150043E-02
  1.4912891913164661E-02
  1.4921239999118908E-02
  1.4929611775176727E-02
  1.4937951967073780E-02
  1.4946301613762526E-02
  1.4954638646306813E-02
  1.4962991288649108E-02
  1.4971326181642299E-02
  1.4979668799163161E-02
  1.4987993378300327E-02
  1.4996334800530954E-02
  1.5004664204774202E-02
  1.5013000869646360E-02
  1.5021316006245884E-02
  1.5029644152873473E-02
  1.5037947563904393E-02
  1.5046256723905461E-02
  1.5054555478964522E-02
  1.5062872880881302E-02
