 2.01279316E+06
 2.01272719E+06
 2.01268743E+06
 2.01266003E+06
 2.01263938E+06
 2.01262287E+06
 2.01260778E+06
 2.01259289E+06
 2.01257995E+06
 2.01256869E+06
 2.01255878E+06
 2.01254998E+06
 2.01254211E+06
 2.01253504E+06
 2.01252866E+06
 2.01252288E+06
 2.01251764E+06
 2.01251288E+06
 2.01250854E+06
 2.01250459E+06
 2.01250099E+06
 2.01249771E+06
 2.01249472E+06
 2.01249200E+06
 2.01248952E+06
 2.01248728E+06
 2.01248524E+06
 2.01248341E+06
 2.01248176E+06
 2.01248028E+06
 2.01247897E+06
 2.01247781E+06
 2.01247680E+06
 2.01247593E+06
 2.01247519E+06
 2.01247459E+06
 2.01247411E+06
 2.01247375E+06
 2.01247351E+06
 2.01247339E+06
 2.01272697E+06
 2.01270097E+06
 2.01267508E+06
 2.01265327E+06
 2.01263524E+06
 2.01262007E+06
 2.01260483E+06
 2.01259067E+06
 2.01257825E+06
 2.01256734E+06
 2.01255767E+06
 2.01254905E+06
 2.01254131E+06
 2.01253435E+06
 2.01252805E+06
 2.01252235E+06
 2.01251717E+06
 2.01251245E+06
 2.01250815E+06
 2.01250424E+06
 2.01250067E+06
 2.01249742E+06
 2.01249445E+06
 2.01249175E+06
 2.01248929E+06
 2.01248706E+06
 2.01248505E+06
 2.01248322E+06
 2.01248158E+06
 2.01248012E+06
 2.01247881E+06
 2.01247766E+06
 2.01247666E+06
 2.01247580E+06
 2.01247506E+06
 2.01247446E+06
 2.01247398E+06
 2.01247363E+06
 2.01247339E+06
 2.01247328E+06
 2.01268678E+06
 2.01267464E+06
 2.01265864E+06
 2.01264274E+06
 2.01262828E+06
 2.01261396E+06
 2.01259957E+06
 2.01258660E+06
 2.01257505E+06
 2.01256474E+06
 2.01255551E+06
 2.01254722E+06
 2.01253975E+06
 2.01253299E+06
 2.01252686E+06
 2.01252129E+06
 2.01251622E+06
 2.01251160E+06
 2.01250739E+06
 2.01250354E+06
 2.01250004E+06
 2.01249683E+06
 2.01249392E+06
 2.01249126E+06
 2.01248884E+06
 2.01248664E+06
 2.01248465E+06
 2.01248285E+06
 2.01248124E+06
 2.01247979E+06
 2.01247851E+06
 2.01247737E+06
 2.01247638E+06
 2.01247553E+06
 2.01247481E+06
 2.01247421E+06
 2.01247374E+06
 2.01247339E+06
 2.01247316E+06
 2.01247304E+06
 2.01265872E+06
 2.01265219E+06
 2.01264208E+06
 2.01263077E+06
 2.01261870E+06
 2.01260530E+06
 2.01259267E+06
 2.01258111E+06
 2.01257059E+06
 2.01256106E+06
 2.01255242E+06
 2.01254459E+06
 2.01253747E+06
 2.01253100E+06
 2.01252511E+06
 2.01251973E+06
 2.01251483E+06
 2.01251035E+06
 2.01250625E+06
 2.01250251E+06
 2.01249909E+06
 2.01249597E+06
 2.01249312E+06
 2.01249052E+06
 2.01248816E+06
 2.01248601E+06
 2.01248406E+06
 2.01248231E+06
 2.01248072E+06
 2.01247931E+06
 2.01247805E+06
 2.01247693E+06
 2.01247596E+06
 2.01247513E+06
 2.01247442E+06
 2.01247384E+06
 2.01247337E+06
 2.01247303E+06
 2.01247280E+06
 2.01247269E+06
 2.01263721E+06
 2.01263330E+06
 2.01262674E+06
 2.01261788E+06
 2.01260672E+06
 2.01259547E+06
 2.01258468E+06
 2.01257455E+06
 2.01256515E+06
 2.01255648E+06
 2.01254852E+06
 2.01254123E+06
 2.01253455E+06
 2.01252843E+06
 2.01252283E+06
 2.01251770E+06
 2.01251301E+06
 2.01250871E+06
 2.01250477E+06
 2.01250116E+06
 2.01249786E+06
 2.01249484E+06
 2.01249208E+06
 2.01248956E+06
 2.01248726E+06
 2.01248518E+06
 2.01248329E+06
 2.01248158E+06
 2.01248004E+06
 2.01247866E+06
 2.01247744E+06
 2.01247636E+06
 2.01247541E+06
 2.01247460E+06
 2.01247391E+06
 2.01247334E+06
 2.01247289E+06
 2.01247256E+06
 2.01247234E+06
 2.01247222E+06
 2.01261959E+06
 2.01261707E+06
 2.01261148E+06
 2.01260338E+06
 2.01259438E+06
 2.01258514E+06
 2.01257603E+06
 2.01256727E+06
 2.01255897E+06
 2.01255120E+06
 2.01254396E+06
 2.01253726E+06
 2.01253106E+06
 2.01252535E+06
 2.01252009E+06
 2.01251525E+06
 2.01251079E+06
 2.01250670E+06
 2.01250295E+06
 2.01249950E+06
 2.01249634E+06
 2.01249344E+06
 2.01249079E+06
 2.01248837E+06
 2.01248616E+06
 2.01248415E+06
 2.01248233E+06
 2.01248068E+06
 2.01247920E+06
 2.01247787E+06
 2.01247669E+06
 2.01247564E+06
 2.01247473E+06
 2.01247394E+06
 2.01247328E+06
 2.01247273E+06
 2.01247229E+06
 2.01247197E+06
 2.01247176E+06
 2.01247165E+06
 2.01260345E+06
 2.01260064E+06
 2.01259571E+06
 2.01258938E+06
 2.01258223E+06
 2.01257468E+06
 2.01256704E+06
 2.01255952E+06
 2.01255227E+06
 2.01254537E+06
 2.01253887E+06
 2.01253277E+06
 2.01252709E+06
 2.01252181E+06
 2.01251692E+06
 2.01251240E+06
 2.01250822E+06
 2.01250437E+06
 2.01250082E+06
 2.01249755E+06
 2.01249455E+06
 2.01249180E+06
 2.01248927E+06
 2.01248697E+06
 2.01248486E+06
 2.01248294E+06
 2.01248120E+06
 2.01247962E+06
 2.01247820E+06
 2.01247693E+06
 2.01247580E+06
 2.01247479E+06
 2.01247392E+06
 2.01247317E+06
 2.01247253E+06
 2.01247200E+06
 2.01247159E+06
 2.01247127E+06
 2.01247107E+06
 2.01247097E+06
 2.01258680E+06
 2.01258474E+06
 2.01258105E+06
 2.01257616E+06
 2.01257047E+06
 2.01256430E+06
 2.01255791E+06
 2.01255151E+06
 2.01254522E+06
 2.01253915E+06
 2.01253336E+06
 2.01252788E+06
 2.01252272E+06
 2.01251789E+06
 2.01251339E+06
 2.01250920E+06
 2.01250532E+06
 2.01250173E+06
 2.01249841E+06
 2.01249534E+06
 2.01249252E+06
 2.01248993E+06
 2.01248754E+06
 2.01248536E+06
 2.01248337E+06
 2.01248155E+06
 2.01247990E+06
 2.01247841E+06
 2.01247706E+06
 2.01247585E+06
 2.01247477E+06
 2.01247382E+06
 2.01247299E+06
 2.01247227E+06
 2.01247167E+06
 2.01247117E+06
 2.01247077E+06
 2.01247047E+06
 2.01247028E+06
 2.01247018E+06
 2.01257185E+06
 2.01257035E+06
 2.01256755E+06
 2.01256374E+06
 2.01255918E+06
 2.01255413E+06
 2.01254881E+06
 2.01254337E+06
 2.01253796E+06
 2.01253266E+06
 2.01252755E+06
 2.01252266E+06
 2.01251802E+06
 2.01251365E+06
 2.01250954E+06
 2.01250571E+06
 2.01250213E+06
 2.01249881E+06
 2.01249574E+06
 2.01249289E+06
 2.01249026E+06
 2.01248784E+06
 2.01248561E+06
 2.01248357E+06
 2.01248170E+06
 2.01248000E+06
 2.01247845E+06
 2.01247704E+06
 2.01247578E+06
 2.01247464E+06
 2.01247362E+06
 2.01247273E+06
 2.01247195E+06
 2.01247127E+06
 2.01247070E+06
 2.01247023E+06
 2.01246985E+06
 2.01246958E+06
 2.01246939E+06
 2.01246930E+06
 2.01255837E+06
 2.01255723E+06
 2.01255507E+06
 2.01255206E+06
 2.01254839E+06
 2.01254425E+06
 2.01253981E+06
 2.01253522E+06
 2.01253058E+06
 2.01252599E+06
 2.01252150E+06
 2.01251718E+06
 2.01251305E+06
 2.01250913E+06
 2.01250543E+06
 2.01250195E+06
 2.01249869E+06
 2.01249566E+06
 2.01249283E+06
 2.01249022E+06
 2.01248779E+06
 2.01248556E+06
 2.01248350E+06
 2.01248161E+06
 2.01247987E+06
 2.01247829E+06
 2.01247685E+06
 2.01247554E+06
 2.01247436E+06
 2.01247330E+06
 2.01247236E+06
 2.01247152E+06
 2.01247079E+06
 2.01247016E+06
 2.01246963E+06
 2.01246919E+06
 2.01246884E+06
 2.01246858E+06
 2.01246841E+06
 2.01246832E+06
 2.01254602E+06
 2.01254514E+06
 2.01254344E+06
 2.01254104E+06
 2.01253807E+06
 2.01253467E+06
 2.01253098E+06
 2.01252710E+06
 2.01252315E+06
 2.01251920E+06
 2.01251531E+06
 2.01251152E+06
 2.01250787E+06
 2.01250439E+06
 2.01250109E+06
 2.01249797E+06
 2.01249503E+06
 2.01249229E+06
 2.01248973E+06
 2.01248735E+06
 2.01248514E+06
 2.01248310E+06
 2.01248122E+06
 2.01247948E+06
 2.01247789E+06
 2.01247644E+06
 2.01247512E+06
 2.01247391E+06
 2.01247283E+06
 2.01247185E+06
 2.01247098E+06
 2.01247021E+06
 2.01246954E+06
 2.01246896E+06
 2.01246847E+06
 2.01246806E+06
 2.01246774E+06
 2.01246750E+06
 2.01246734E+06
 2.01246726E+06
 2.01253456E+06
 2.01253386E+06
 2.01253251E+06
 2.01253058E+06
 2.01252817E+06
 2.01252538E+06
 2.01252232E+06
 2.01251907E+06
 2.01251573E+06
 2.01251235E+06
 2.01250900E+06
 2.01250572E+06
 2.01250253E+06
 2.01249948E+06
 2.01249656E+06
 2.01249380E+06
 2.01249119E+06
 2.01248874E+06
 2.01248645E+06
 2.01248431E+06
 2.01248232E+06
 2.01248048E+06
 2.01247878E+06
 2.01247722E+06
 2.01247578E+06
 2.01247446E+06
 2.01247326E+06
 2.01247217E+06
 2.01247118E+06
 2.01247030E+06
 2.01246951E+06
 2.01246881E+06
 2.01246820E+06
 2.01246767E+06
 2.01246722E+06
 2.01246685E+06
 2.01246656E+06
 2.01246634E+06
 2.01246620E+06
 2.01246612E+06
 2.01252379E+06
 2.01252324E+06
 2.01252216E+06
 2.01252061E+06
 2.01251865E+06
 2.01251637E+06
 2.01251384E+06
 2.01251114E+06
 2.01250833E+06
 2.01250548E+06
 2.01250262E+06
 2.01249981E+06
 2.01249707E+06
 2.01249442E+06
 2.01249188E+06
 2.01248947E+06
 2.01248718E+06
 2.01248503E+06
 2.01248301E+06
 2.01248112E+06
 2.01247936E+06
 2.01247773E+06
 2.01247621E+06
 2.01247482E+06
 2.01247354E+06
 2.01247237E+06
 2.01247129E+06
 2.01247032E+06
 2.01246944E+06
 2.01246865E+06
 2.01246794E+06
 2.01246732E+06
 2.01246677E+06
 2.01246629E+06
 2.01246589E+06
 2.01246556E+06
 2.01246530E+06
 2.01246511E+06
 2.01246498E+06
 2.01246491E+06
 2.01251358E+06
 2.01251314E+06
 2.01251228E+06
 2.01251103E+06
 2.01250946E+06
 2.01250760E+06
 2.01250554E+06
 2.01250331E+06
 2.01250098E+06
 2.01249860E+06
 2.01249621E+06
 2.01249384E+06
 2.01249151E+06
 2.01248926E+06
 2.01248708E+06
 2.01248501E+06
 2.01248304E+06
 2.01248118E+06
 2.01247943E+06
 2.01247780E+06
 2.01247627E+06
 2.01247485E+06
 2.01247353E+06
 2.01247231E+06
 2.01247119E+06
 2.01247017E+06
 2.01246923E+06
 2.01246838E+06
 2.01246761E+06
 2.01246691E+06
 2.01246629E+06
 2.01246574E+06
 2.01246526E+06
 2.01246485E+06
 2.01246450E+06
 2.01246421E+06
 2.01246398E+06
 2.01246380E+06
 2.01246369E+06
 2.01246363E+06
 2.01250381E+06
 2.01250346E+06
 2.01250278E+06
 2.01250180E+06
 2.01250054E+06
 2.01249905E+06
 2.01249739E+06
 2.01249559E+06
 2.01249369E+06
 2.01249174E+06
 2.01248977E+06
 2.01248781E+06
 2.01248588E+06
 2.01248400E+06
 2.01248219E+06
 2.01248045E+06
 2.01247880E+06
 2.01247723E+06
 2.01247575E+06
 2.01247436E+06
 2.01247307E+06
 2.01247186E+06
 2.01247074E+06
 2.01246971E+06
 2.01246876E+06
 2.01246788E+06
 2.01246708E+06
 2.01246636E+06
 2.01246570E+06
 2.01246510E+06
 2.01246457E+06
 2.01246411E+06
 2.01246369E+06
 2.01246334E+06
 2.01246304E+06
 2.01246279E+06
 2.01246259E+06
 2.01246245E+06
 2.01246235E+06
 2.01246230E+06
 2.01249439E+06
 2.01249412E+06
 2.01249359E+06
 2.01249283E+06
 2.01249185E+06
 2.01249069E+06
 2.01248938E+06
 2.01248796E+06
 2.01248645E+06
 2.01248490E+06
 2.01248333E+06
 2.01248176E+06
 2.01248020E+06
 2.01247869E+06
 2.01247722E+06
 2.01247581E+06
 2.01247446E+06
 2.01247318E+06
 2.01247198E+06
 2.01247084E+06
 2.01246978E+06
 2.01246879E+06
 2.01246787E+06
 2.01246702E+06
 2.01246624E+06
 2.01246552E+06
 2.01246486E+06
 2.01246426E+06
 2.01246372E+06
 2.01246323E+06
 2.01246280E+06
 2.01246241E+06
 2.01246207E+06
 2.01246178E+06
 2.01246153E+06
 2.01246132E+06
 2.01246116E+06
 2.01246104E+06
 2.01246096E+06
 2.01246092E+06
 2.01248524E+06
 2.01248504E+06
 2.01248464E+06
 2.01248407E+06
 2.01248334E+06
 2.01248246E+06
 2.01248148E+06
 2.01248040E+06
 2.01247927E+06
 2.01247809E+06
 2.01247688E+06
 2.01247568E+06
 2.01247449E+06
 2.01247332E+06
 2.01247219E+06
 2.01247110E+06
 2.01247006E+06
 2.01246907E+06
 2.01246813E+06
 2.01246725E+06
 2.01246642E+06
 2.01246565E+06
 2.01246494E+06
 2.01246427E+06
 2.01246366E+06
 2.01246310E+06
 2.01246258E+06
 2.01246211E+06
 2.01246169E+06
 2.01246131E+06
 2.01246097E+06
 2.01246066E+06
 2.01246040E+06
 2.01246017E+06
 2.01245997E+06
 2.01245981E+06
 2.01245969E+06
 2.01245959E+06
 2.01245953E+06
 2.01245950E+06
 2.01247628E+06
 2.01247615E+06
 2.01247587E+06
 2.01247547E+06
 2.01247496E+06
 2.01247436E+06
 2.01247367E+06
 2.01247292E+06
 2.01247212E+06
 2.01247129E+06
 2.01247044E+06
 2.01246959E+06
 2.01246875E+06
 2.01246792E+06
 2.01246712E+06
 2.01246634E+06
 2.01246560E+06
 2.01246490E+06
 2.01246423E+06
 2.01246360E+06
 2.01246301E+06
 2.01246246E+06
 2.01246194E+06
 2.01246147E+06
 2.01246103E+06
 2.01246063E+06
 2.01246026E+06
 2.01245992E+06
 2.01245962E+06
 2.01245934E+06
 2.01245910E+06
 2.01245888E+06
 2.01245869E+06
 2.01245852E+06
 2.01245839E+06
 2.01245827E+06
 2.01245818E+06
 2.01245811E+06
 2.01245806E+06
 2.01245804E+06
 2.01246747E+06
 2.01246739E+06
 2.01246723E+06
 2.01246699E+06
 2.01246669E+06
 2.01246633E+06
 2.01246592E+06
 2.01246548E+06
 2.01246500E+06
 2.01246451E+06
 2.01246401E+06
 2.01246350E+06
 2.01246299E+06
 2.01246250E+06
 2.01246202E+06
 2.01246156E+06
 2.01246111E+06
 2.01246069E+06
 2.01246029E+06
 2.01245991E+06
 2.01245955E+06
 2.01245922E+06
 2.01245891E+06
 2.01245863E+06
 2.01245837E+06
 2.01245812E+06
 2.01245790E+06
 2.01245770E+06
 2.01245751E+06
 2.01245735E+06
 2.01245720E+06
 2.01245707E+06
 2.01245696E+06
 2.01245686E+06
 2.01245677E+06
 2.01245670E+06
 2.01245665E+06
 2.01245661E+06
 2.01245658E+06
 2.01245657E+06
 2.01245874E+06
 2.01245871E+06
 2.01245865E+06
 2.01245858E+06
 2.01245847E+06
 2.01245835E+06
 2.01245822E+06
 2.01245807E+06
 2.01245791E+06
 2.01245774E+06
 2.01245757E+06
 2.01245740E+06
 2.01245723E+06
 2.01245706E+06
 2.01245690E+06
 2.01245675E+06
 2.01245660E+06
 2.01245646E+06
 2.01245632E+06
 2.01245620E+06
 2.01245608E+06
 2.01245597E+06
 2.01245586E+06
 2.01245577E+06
 2.01245568E+06
 2.01245560E+06
 2.01245552E+06
 2.01245546E+06
 2.01245539E+06
 2.01245534E+06
 2.01245529E+06
 2.01245525E+06
 2.01245521E+06
 2.01245517E+06
 2.01245515E+06
 2.01245512E+06
 2.01245510E+06
 2.01245509E+06
 2.01245508E+06
 2.01245508E+06
 2.01245003E+06
 2.01245006E+06
 2.01245011E+06
 2.01245018E+06
 2.01245028E+06
 2.01245039E+06
 2.01245052E+06
 2.01245066E+06
 2.01245081E+06
 2.01245097E+06
 2.01245114E+06
 2.01245130E+06
 2.01245146E+06
 2.01245162E+06
 2.01245178E+06
 2.01245193E+06
 2.01245208E+06
 2.01245222E+06
 2.01245235E+06
 2.01245247E+06
 2.01245259E+06
 2.01245270E+06
 2.01245280E+06
 2.01245290E+06
 2.01245299E+06
 2.01245307E+06
 2.01245314E+06
 2.01245321E+06
 2.01245327E+06
 2.01245332E+06
 2.01245337E+06
 2.01245341E+06
 2.01245345E+06
 2.01245349E+06
 2.01245351E+06
 2.01245354E+06
 2.01245355E+06
 2.01245357E+06
 2.01245358E+06
 2.01245358E+06
 2.01244130E+06
 2.01244138E+06
 2.01244154E+06
 2.01244177E+06
 2.01244206E+06
 2.01244241E+06
 2.01244281E+06
 2.01244325E+06
 2.01244372E+06
 2.01244420E+06
 2.01244470E+06
 2.01244520E+06
 2.01244570E+06
 2.01244619E+06
 2.01244666E+06
 2.01244712E+06
 2.01244757E+06
 2.01244799E+06
 2.01244839E+06
 2.01244876E+06
 2.01244911E+06
 2.01244944E+06
 2.01244975E+06
 2.01245004E+06
 2.01245030E+06
 2.01245054E+06
 2.01245076E+06
 2.01245096E+06
 2.01245115E+06
 2.01245131E+06
 2.01245146E+06
 2.01245159E+06
 2.01245170E+06
 2.01245180E+06
 2.01245189E+06
 2.01245196E+06
 2.01245201E+06
 2.01245205E+06
 2.01245208E+06
 2.01245209E+06
 2.01243249E+06
 2.01243263E+06
 2.01243290E+06
 2.01243329E+06
 2.01243379E+06
 2.01243439E+06
 2.01243507E+06
 2.01243581E+06
 2.01243660E+06
 2.01243742E+06
 2.01243826E+06
 2.01243910E+06
 2.01243994E+06
 2.01244076E+06
 2.01244156E+06
 2.01244234E+06
 2.01244307E+06
 2.01244378E+06
 2.01244444E+06
 2.01244507E+06
 2.01244566E+06
 2.01244621E+06
 2.01244672E+06
 2.01244720E+06
 2.01244763E+06
 2.01244804E+06
 2.01244840E+06
 2.01244874E+06
 2.01244904E+06
 2.01244932E+06
 2.01244956E+06
 2.01244978E+06
 2.01244997E+06
 2.01245013E+06
 2.01245027E+06
 2.01245039E+06
 2.01245048E+06
 2.01245055E+06
 2.01245059E+06
 2.01245062E+06
 2.01242355E+06
 2.01242374E+06
 2.01242413E+06
 2.01242469E+06
 2.01242542E+06
 2.01242628E+06
 2.01242726E+06
 2.01242832E+06
 2.01242945E+06
 2.01243062E+06
 2.01243182E+06
 2.01243301E+06
 2.01243420E+06
 2.01243536E+06
 2.01243649E+06
 2.01243758E+06
 2.01243862E+06
 2.01243961E+06
 2.01244054E+06
 2.01244142E+06
 2.01244225E+06
 2.01244301E+06
 2.01244373E+06
 2.01244439E+06
 2.01244500E+06
 2.01244556E+06
 2.01244608E+06
 2.01244655E+06
 2.01244697E+06
 2.01244735E+06
 2.01244769E+06
 2.01244800E+06
 2.01244826E+06
 2.01244849E+06
 2.01244869E+06
 2.01244885E+06
 2.01244897E+06
 2.01244907E+06
 2.01244913E+06
 2.01244916E+06
 2.01241440E+06
 2.01241467E+06
 2.01241519E+06
 2.01241594E+06
 2.01241691E+06
 2.01241806E+06
 2.01241936E+06
 2.01242077E+06
 2.01242226E+06
 2.01242380E+06
 2.01242537E+06
 2.01242694E+06
 2.01242848E+06
 2.01243000E+06
 2.01243146E+06
 2.01243287E+06
 2.01243421E+06
 2.01243549E+06
 2.01243669E+06
 2.01243783E+06
 2.01243888E+06
 2.01243987E+06
 2.01244079E+06
 2.01244164E+06
 2.01244242E+06
 2.01244314E+06
 2.01244380E+06
 2.01244440E+06
 2.01244494E+06
 2.01244543E+06
 2.01244586E+06
 2.01244625E+06
 2.01244659E+06
 2.01244688E+06
 2.01244713E+06
 2.01244734E+06
 2.01244750E+06
 2.01244762E+06
 2.01244770E+06
 2.01244774E+06
 2.01240499E+06
 2.01240534E+06
 2.01240601E+06
 2.01240698E+06
 2.01240822E+06
 2.01240969E+06
 2.01241135E+06
 2.01241313E+06
 2.01241502E+06
 2.01241696E+06
 2.01241892E+06
 2.01242088E+06
 2.01242280E+06
 2.01242468E+06
 2.01242649E+06
 2.01242822E+06
 2.01242988E+06
 2.01243144E+06
 2.01243292E+06
 2.01243430E+06
 2.01243560E+06
 2.01243680E+06
 2.01243792E+06
 2.01243895E+06
 2.01243991E+06
 2.01244078E+06
 2.01244158E+06
 2.01244230E+06
 2.01244296E+06
 2.01244356E+06
 2.01244408E+06
 2.01244455E+06
 2.01244496E+06
 2.01244532E+06
 2.01244562E+06
 2.01244587E+06
 2.01244607E+06
 2.01244621E+06
 2.01244631E+06
 2.01244636E+06
 2.01239524E+06
 2.01239568E+06
 2.01239652E+06
 2.01239775E+06
 2.01239931E+06
 2.01240114E+06
 2.01240319E+06
 2.01240541E+06
 2.01240772E+06
 2.01241009E+06
 2.01241248E+06
 2.01241485E+06
 2.01241717E+06
 2.01241942E+06
 2.01242159E+06
 2.01242366E+06
 2.01242563E+06
 2.01242748E+06
 2.01242923E+06
 2.01243087E+06
 2.01243240E+06
 2.01243382E+06
 2.01243513E+06
 2.01243635E+06
 2.01243747E+06
 2.01243849E+06
 2.01243943E+06
 2.01244028E+06
 2.01244105E+06
 2.01244175E+06
 2.01244237E+06
 2.01244291E+06
 2.01244340E+06
 2.01244381E+06
 2.01244416E+06
 2.01244445E+06
 2.01244468E+06
 2.01244485E+06
 2.01244497E+06
 2.01244502E+06
 2.01238506E+06
 2.01238560E+06
 2.01238666E+06
 2.01238819E+06
 2.01239012E+06
 2.01239238E+06
 2.01239489E+06
 2.01239757E+06
 2.01240037E+06
 2.01240321E+06
 2.01240606E+06
 2.01240887E+06
 2.01241160E+06
 2.01241425E+06
 2.01241679E+06
 2.01241920E+06
 2.01242149E+06
 2.01242364E+06
 2.01242566E+06
 2.01242755E+06
 2.01242930E+06
 2.01243094E+06
 2.01243245E+06
 2.01243384E+06
 2.01243512E+06
 2.01243629E+06
 2.01243737E+06
 2.01243834E+06
 2.01243922E+06
 2.01244001E+06
 2.01244072E+06
 2.01244134E+06
 2.01244189E+06
 2.01244236E+06
 2.01244276E+06
 2.01244310E+06
 2.01244336E+06
 2.01244355E+06
 2.01244368E+06
 2.01244375E+06
 2.01237433E+06
 2.01237501E+06
 2.01237633E+06
 2.01237822E+06
 2.01238060E+06
 2.01238336E+06
 2.01238640E+06
 2.01238963E+06
 2.01239296E+06
 2.01239633E+06
 2.01239967E+06
 2.01240295E+06
 2.01240613E+06
 2.01240919E+06
 2.01241210E+06
 2.01241487E+06
 2.01241748E+06
 2.01241993E+06
 2.01242222E+06
 2.01242435E+06
 2.01242634E+06
 2.01242818E+06
 2.01242988E+06
 2.01243144E+06
 2.01243288E+06
 2.01243420E+06
 2.01243540E+06
 2.01243649E+06
 2.01243747E+06
 2.01243836E+06
 2.01243915E+06
 2.01243985E+06
 2.01244046E+06
 2.01244099E+06
 2.01244144E+06
 2.01244181E+06
 2.01244210E+06
 2.01244232E+06
 2.01244246E+06
 2.01244253E+06
 2.01236293E+06
 2.01236378E+06
 2.01236543E+06
 2.01236778E+06
 2.01237070E+06
 2.01237406E+06
 2.01237773E+06
 2.01238158E+06
 2.01238552E+06
 2.01238947E+06
 2.01239336E+06
 2.01239714E+06
 2.01240079E+06
 2.01240427E+06
 2.01240757E+06
 2.01241069E+06
 2.01241363E+06
 2.01241637E+06
 2.01241893E+06
 2.01242131E+06
 2.01242352E+06
 2.01242556E+06
 2.01242744E+06
 2.01242918E+06
 2.01243077E+06
 2.01243222E+06
 2.01243354E+06
 2.01243474E+06
 2.01243583E+06
 2.01243680E+06
 2.01243767E+06
 2.01243844E+06
 2.01243912E+06
 2.01243970E+06
 2.01244019E+06
 2.01244060E+06
 2.01244092E+06
 2.01244116E+06
 2.01244132E+06
 2.01244139E+06
 2.01235067E+06
 2.01235175E+06
 2.01235383E+06
 2.01235676E+06
 2.01236036E+06
 2.01236445E+06
 2.01236886E+06
 2.01237344E+06
 2.01237808E+06
 2.01238267E+06
 2.01238715E+06
 2.01239147E+06
 2.01239560E+06
 2.01239953E+06
 2.01240323E+06
 2.01240671E+06
 2.01240996E+06
 2.01241300E+06
 2.01241582E+06
 2.01241844E+06
 2.01242086E+06
 2.01242310E+06
 2.01242516E+06
 2.01242705E+06
 2.01242878E+06
 2.01243037E+06
 2.01243181E+06
 2.01243312E+06
 2.01243430E+06
 2.01243535E+06
 2.01243630E+06
 2.01243713E+06
 2.01243786E+06
 2.01243849E+06
 2.01243903E+06
 2.01243947E+06
 2.01243982E+06
 2.01244008E+06
 2.01244025E+06
 2.01244033E+06
 2.01233733E+06
 2.01233872E+06
 2.01234137E+06
 2.01234506E+06
 2.01234953E+06
 2.01235453E+06
 2.01235983E+06
 2.01236526E+06
 2.01237067E+06
 2.01237597E+06
 2.01238109E+06
 2.01238599E+06
 2.01239063E+06
 2.01239500E+06
 2.01239911E+06
 2.01240295E+06
 2.01240652E+06
 2.01240984E+06
 2.01241292E+06
 2.01241577E+06
 2.01241840E+06
 2.01242082E+06
 2.01242304E+06
 2.01242509E+06
 2.01242695E+06
 2.01242866E+06
 2.01243021E+06
 2.01243161E+06
 2.01243288E+06
 2.01243402E+06
 2.01243503E+06
 2.01243593E+06
 2.01243671E+06
 2.01243739E+06
 2.01243796E+06
 2.01243843E+06
 2.01243880E+06
 2.01243908E+06
 2.01243927E+06
 2.01243936E+06
 2.01232261E+06
 2.01232443E+06
 2.01232788E+06
 2.01233258E+06
 2.01233818E+06
 2.01234430E+06
 2.01235068E+06
 2.01235709E+06
 2.01236338E+06
 2.01236946E+06
 2.01237526E+06
 2.01238076E+06
 2.01238592E+06
 2.01239075E+06
 2.01239526E+06
 2.01239945E+06
 2.01240333E+06
 2.01240693E+06
 2.01241025E+06
 2.01241331E+06
 2.01241614E+06
 2.01241873E+06
 2.01242111E+06
 2.01242329E+06
 2.01242529E+06
 2.01242710E+06
 2.01242876E+06
 2.01243025E+06
 2.01243160E+06
 2.01243281E+06
 2.01243388E+06
 2.01243484E+06
 2.01243567E+06
 2.01243638E+06
 2.01243699E+06
 2.01243749E+06
 2.01243789E+06
 2.01243818E+06
 2.01243838E+06
 2.01243848E+06
 2.01230605E+06
 2.01230853E+06
 2.01231312E+06
 2.01231923E+06
 2.01232629E+06
 2.01233382E+06
 2.01234148E+06
 2.01234903E+06
 2.01235630E+06
 2.01236322E+06
 2.01236975E+06
 2.01237585E+06
 2.01238154E+06
 2.01238683E+06
 2.01239172E+06
 2.01239625E+06
 2.01240043E+06
 2.01240428E+06
 2.01240784E+06
 2.01241110E+06
 2.01241410E+06
 2.01241686E+06
 2.01241938E+06
 2.01242169E+06
 2.01242380E+06
 2.01242572E+06
 2.01242746E+06
 2.01242903E+06
 2.01243045E+06
 2.01243173E+06
 2.01243286E+06
 2.01243386E+06
 2.01243474E+06
 2.01243549E+06
 2.01243613E+06
 2.01243666E+06
 2.01243707E+06
 2.01243738E+06
 2.01243759E+06
 2.01243769E+06
 2.01228701E+06
 2.01229053E+06
 2.01229683E+06
 2.01230491E+06
 2.01231392E+06
 2.01232322E+06
 2.01233241E+06
 2.01234124E+06
 2.01234958E+06
 2.01235739E+06
 2.01236465E+06
 2.01237137E+06
 2.01237757E+06
 2.01238329E+06
 2.01238856E+06
 2.01239340E+06
 2.01239785E+06
 2.01240195E+06
 2.01240571E+06
 2.01240915E+06
 2.01241232E+06
 2.01241521E+06
 2.01241786E+06
 2.01242029E+06
 2.01242249E+06
 2.01242450E+06
 2.01242633E+06
 2.01242797E+06
 2.01242946E+06
 2.01243079E+06
 2.01243197E+06
 2.01243302E+06
 2.01243393E+06
 2.01243472E+06
 2.01243538E+06
 2.01243593E+06
 2.01243636E+06
 2.01243669E+06
 2.01243690E+06
 2.01243701E+06
 2.01226446E+06
 2.01226975E+06
 2.01227874E+06
 2.01228968E+06
 2.01230127E+06
 2.01231274E+06
 2.01232369E+06
 2.01233393E+06
 2.01234340E+06
 2.01235210E+06
 2.01236009E+06
 2.01236739E+06
 2.01237408E+06
 2.01238021E+06
 2.01238581E+06
 2.01239094E+06
 2.01239564E+06
 2.01239994E+06
 2.01240388E+06
 2.01240749E+06
 2.01241080E+06
 2.01241382E+06
 2.01241658E+06
 2.01241910E+06
 2.01242139E+06
 2.01242348E+06
 2.01242537E+06
 2.01242708E+06
 2.01242861E+06
 2.01242999E+06
 2.01243122E+06
 2.01243230E+06
 2.01243325E+06
 2.01243406E+06
 2.01243475E+06
 2.01243532E+06
 2.01243577E+06
 2.01243610E+06
 2.01243632E+06
 2.01243643E+06
 2.01223661E+06
 2.01224528E+06
 2.01225872E+06
 2.01227379E+06
 2.01228873E+06
 2.01230279E+06
 2.01231568E+06
 2.01232739E+06
 2.01233797E+06
 2.01234754E+06
 2.01235620E+06
 2.01236404E+06
 2.01237116E+06
 2.01237764E+06
 2.01238354E+06
 2.01238891E+06
 2.01239382E+06
 2.01239830E+06
 2.01240240E+06
 2.01240614E+06
 2.01240956E+06
 2.01241268E+06
 2.01241553E+06
 2.01241813E+06
 2.01242050E+06
 2.01242264E+06
 2.01242459E+06
 2.01242635E+06
 2.01242793E+06
 2.01242935E+06
 2.01243061E+06
 2.01243172E+06
 2.01243269E+06
 2.01243353E+06
 2.01243424E+06
 2.01243482E+06
 2.01243528E+06
 2.01243563E+06
 2.01243585E+06
 2.01243597E+06
 2.01220009E+06
 2.01221603E+06
 2.01223708E+06
 2.01225801E+06
 2.01227709E+06
 2.01229399E+06
 2.01230886E+06
 2.01232196E+06
 2.01233357E+06
 2.01234389E+06
 2.01235312E+06
 2.01236142E+06
 2.01236889E+06
 2.01237565E+06
 2.01238178E+06
 2.01238736E+06
 2.01239243E+06
 2.01239705E+06
 2.01240126E+06
 2.01240511E+06
 2.01240862E+06
 2.01241182E+06
 2.01241474E+06
 2.01241740E+06
 2.01241982E+06
 2.01242201E+06
 2.01242400E+06
 2.01242580E+06
 2.01242742E+06
 2.01242886E+06
 2.01243015E+06
 2.01243129E+06
 2.01243228E+06
 2.01243313E+06
 2.01243385E+06
 2.01243445E+06
 2.01243492E+06
 2.01243527E+06
 2.01243550E+06
 2.01243562E+06
 2.01214764E+06
 2.01218166E+06
 2.01221555E+06
 2.01224409E+06
 2.01226762E+06
 2.01228722E+06
 2.01230380E+06
 2.01231805E+06
 2.01233044E+06
 2.01234133E+06
 2.01235099E+06
 2.01235960E+06
 2.01236733E+06
 2.01237430E+06
 2.01238059E+06
 2.01238630E+06
 2.01239148E+06
 2.01239620E+06
 2.01240050E+06
 2.01240441E+06
 2.01240798E+06
 2.01241124E+06
 2.01241420E+06
 2.01241691E+06
 2.01241936E+06
 2.01242159E+06
 2.01242361E+06
 2.01242543E+06
 2.01242707E+06
 2.01242854E+06
 2.01242984E+06
 2.01243099E+06
 2.01243200E+06
 2.01243286E+06
 2.01243359E+06
 2.01243419E+06
 2.01243467E+06
 2.01243503E+06
 2.01243526E+06
 2.01243538E+06
 2.01206117E+06
 2.01214740E+06
 2.01219938E+06
 2.01223519E+06
 2.01226209E+06
 2.01228346E+06
 2.01230108E+06
 2.01231598E+06
 2.01232881E+06
 2.01234001E+06
 2.01234989E+06
 2.01235868E+06
 2.01236654E+06
 2.01237361E+06
 2.01237999E+06
 2.01238576E+06
 2.01239101E+06
 2.01239577E+06
 2.01240011E+06
 2.01240406E+06
 2.01240766E+06
 2.01241095E+06
 2.01241394E+06
 2.01241666E+06
 2.01241913E+06
 2.01242138E+06
 2.01242341E+06
 2.01242525E+06
 2.01242690E+06
 2.01242837E+06
 2.01242969E+06
 2.01243085E+06
 2.01243186E+06
 2.01243273E+06
 2.01243346E+06
 2.01243407E+06
 2.01243455E+06
 2.01243491E+06
 2.01243514E+06
 2.01243526E+06
