  1.0000000000000000E+00
  9.9987998836003611E-01
  9.9977279361428828E-01
  9.9970244370268146E-01
  9.9965567415586676E-01
  9.9962374417842803E-01
  9.9960107491635020E-01
  9.9958424744768359E-01
  9.9957104228699700E-01
  9.9956015115447194E-01
  9.9955068554656612E-01
  9.9954213603362074E-01
  9.9953408741625138E-01
  9.9952643770702920E-01
  9.9951906849660455E-01
  9.9951192792863908E-01
  9.9950490068731757E-01
  9.9949796410489455E-01
  9.9949101596482826E-01
  9.9948408623411888E-01
  9.9947715785156921E-01
  9.9947023120032219E-01
  9.9946332407701466E-01
  9.9945639680860643E-01
  9.9944949312950360E-01
  9.9944258168766498E-01
  9.9943567179411130E-01
  9.9942878071588037E-01
  9.9942186648247366E-01
  9.9941496441667366E-01
  9.9940807688358557E-01
  9.9940116432398385E-01
  9.9939426220634164E-01
  9.9938737088456941E-01
  9.9938046758201471E-01
  9.9937355935933814E-01
  9.9936665881004039E-01
  9.9935976398346960E-01
  9.9935285775892346E-01
  9.9934594477210292E-01
  9.9933903545650116E-01
  9.9933212830823404E-01
  9.9932522194235163E-01
  9.9931831513359759E-01
  9.9931139830198901E-01
  9.9930447629682040E-01
  9.9929755337419690E-01
  9.9929062942918589E-01
  9.9928370400391164E-01
  9.9927677683491190E-01
  9.9926984768790594E-01
  9.9926291721576688E-01
  9.9925598565670992E-01
  9.9924905350700133E-01
  9.9924211926723361E-01
  9.9923517286558661E-01
  9.9922822697510938E-01
  9.9922128358121787E-01
  9.9921434500834105E-01
  9.9920740457066559E-01
  9.9920045269869129E-01
  9.9919351267556256E-01
  9.9918657459648652E-01
  9.9917963107496599E-01
  9.9917270715007644E-01
  9.9916642260229349E-01
  9.9915441056815579E-01
  9.9914607315441395E-01
  9.9913757613113718E-01
  9.9912821196387724E-01
  9.9911962364680784E-01
  9.9911061556155600E-01
  9.9910254818402755E-01
  9.9909395099867437E-01
  9.9908616716757670E-01
  9.9907822990575978E-01
  9.9907089921805869E-01
  9.9906330155656742E-01
  9.9905621132043831E-01
  9.9904879931602375E-01
  9.9904182337274627E-01
  9.9903448897092018E-01
  9.9902756198621401E-01
  9.9902028703243073E-01
  9.9901339496034136E-01
  9.9900614369345753E-01
  9.9899924273061591E-01
  9.9899200611559769E-01
  9.9898511867633755E-01
  9.9897790678153831E-01
  9.9897100269677941E-01
  9.9896377870539410E-01
  9.9895687859146842E-01
  9.9894967667797252E-01
  9.9894277797892739E-01
  9.9893555984233573E-01
  9.9892864330626141E-01
  9.9892144787075587E-01
  9.9891454422043557E-01
  9.9890733801148379E-01
  9.9890040500072685E-01
  9.9889321525992714E-01
  9.9888629735583967E-01
  9.9887911022981779E-01
  9.9887216184099958E-01
  9.9886497813042519E-01
  9.9885804981516602E-01
  9.9885088622659501E-01
  9.9884393986696662E-01
  9.9883678645245022E-01
  9.9882987512711641E-01
  9.9882274132257387E-01
  9.9881578107676960E-01
  9.9880860886394907E-01
  9.9880163981728387E-01
  9.9879448592561981E-01
  9.9878754388923663E-01
  9.9878047454419860E-01
  9.9877367420737029E-01
  9.9876672198590810E-01
  9.9875995440982790E-01
  9.9875303781615299E-01
  9.9874632826482790E-01
  9.9873943295464873E-01
  9.9873267247702591E-01
  9.9872574120800095E-01
  9.9871896508255908E-01
  9.9871199007450662E-01
  9.9870515793752279E-01
  9.9869818884664108E-01
  9.9869138125477175E-01
  9.9868438287482064E-01
  9.9867754554577537E-01
  9.9867059114779910E-01
  9.9866375546678188E-01
  9.9865677591158375E-01
  9.9864994754089920E-01
  9.9864300855361843E-01
  9.9863614916383769E-01
  9.9862919269998573E-01
  9.9862232589903877E-01
  9.9861537919184684E-01
  9.9860849458853018E-01
  9.9860158757680062E-01
  9.9859471532692079E-01
  9.9858778372713697E-01
  9.9858092481530925E-01
  9.9857401859200057E-01
  9.9856713035158329E-01
  9.9856022649986986E-01
  9.9855336818946705E-01
  9.9854643693290801E-01
  9.9853957284721206E-01
  9.9853267511632893E-01
  9.9852578161530603E-01
  9.9851888174567893E-01
  9.9851201390606070E-01
  9.9850508668916671E-01
  9.9849822312397052E-01
  9.9849131176942352E-01
  9.9848442011605554E-01
  9.9847753158805819E-01
  9.9847063415280213E-01
  9.9846361868131228E-01
  9.9845674893462821E-01
  9.9844981079761141E-01
  9.9844293295994635E-01
  9.9843602431493872E-01
  9.9842912166155462E-01
  9.9842223417735665E-01
  9.9841531857955856E-01
  9.9840840957708665E-01
  9.9840152076086652E-01
  9.9839459137343989E-01
  9.9838772160740663E-01
  9.9838077661158509E-01
  9.9837388714160347E-01
  9.9836696290147386E-01
  9.9836005523343174E-01
  9.9835314783985640E-01
  9.9834622354387603E-01
  9.9833932928025315E-01
  9.9833239007002850E-01
  9.9832548653196940E-01
  9.9831855327705532E-01
  9.9831163943311596E-01
  9.9830471181025648E-01
  9.9829778976121875E-01
  9.9829086461603267E-01
  9.9828393664821324E-01
  9.9827701095402210E-01
  9.9827007942730994E-01
  9.9826314975115493E-01
  9.9825621705917700E-01
  9.9824928172444871E-01
  9.9824235121117300E-01
  9.9823540750808304E-01
  9.9822848243342133E-01
  9.9822152823635901E-01
  9.9821461217324425E-01
  9.9820764552771080E-01
  9.9820071611602657E-01
  9.9819376170457597E-01
  9.9818681643835461E-01
  9.9817987960080989E-01
  9.9817291711136369E-01
  9.9816598992528383E-01
  9.9815902197597439E-01
  9.9815207415618334E-01
  9.9814513583751563E-01
  9.9813816697550850E-01
  9.9813122299780388E-01
  9.9812427445722729E-01
  9.9811730847055613E-01
  9.9811036493958383E-01
  9.9810341485533127E-01
  9.9809644813400833E-01
  9.9808949988360862E-01
  9.9808256451410382E-01
  9.9807559493775622E-01
  9.9806864180585142E-01
  9.9806170287843254E-01
  9.9805476285169203E-01
  9.9804805795369278E-01
  9.9803585788922489E-01
  9.9802752867101352E-01
  9.9801878769539565E-01
  9.9800903040877254E-01
  9.9799971968617529E-01
  9.9798990781761199E-01
  9.9798084683418453E-01
  9.9797139292606774E-01
  9.9796279022695966E-01
  9.9795380598357197E-01
  9.9794562716623370E-01
  9.9793702586529676E-01
  9.9792880686216301E-01
  9.9792046790169864E-01
  9.9791273283341042E-01
  9.9790477145488976E-01
  9.9789732314557811E-01
  9.9788959500033569E-01
  9.9788232743520155E-01
  9.9787475452217300E-01
  9.9786758411633569E-01
  9.9786009448681812E-01
  9.9785300723473125E-01
  9.9784559688835051E-01
  9.9783857052472902E-01
  9.9783122074577224E-01
  9.9782423101607387E-01
  9.9781691579276455E-01
  9.9780993987567856E-01
  9.9780264443809918E-01
  9.9779569312202776E-01
  9.9778842892777464E-01
  9.9778148895435392E-01
  9.9777423681945399E-01
  9.9776730911525857E-01
  9.9776007591328475E-01
  9.9775314241165092E-01
  9.9774591448824079E-01
  9.9773897978955794E-01
  9.9773175507270573E-01
  9.9772482971335819E-01
  9.9771762398461183E-01
  9.9771071025310409E-01
  9.9770350062221747E-01
  9.9769655665262558E-01
  9.9768934590083647E-01
  9.9768241289990245E-01
  9.9767522195820113E-01
  9.9766830399878692E-01
  9.9766112138285090E-01
  9.9765418646975967E-01
  9.9764699712700300E-01
  9.9764006544034145E-01
  9.9763289253157128E-01
  9.9762595680415078E-01
  9.9761877305576740E-01
  9.9761182747705146E-01
  9.9760463878225425E-01
  9.9759768313128572E-01
  9.9759051392600817E-01
  9.9758358122438573E-01
  9.9757645566153530E-01
  9.9756958163177456E-01
  9.9756251531205431E-01
  9.9755565967727844E-01
  9.9754858189996254E-01
  9.9754172992495704E-01
  9.9753468495162445E-01
  9.9752784823780749E-01
  9.9752081049712482E-01
  9.9751394135989557E-01
  9.9750684349966745E-01
  9.9749992875430671E-01
  9.9749282242565662E-01
  9.9748590814679949E-01
  9.9747881430906282E-01
  9.9747193168225678E-01
  9.9746488255827903E-01
  9.9745803425698953E-01
  9.9745103510015309E-01
  9.9744423219319645E-01
  9.9743728482945015E-01
  9.9743052797528442E-01
  9.9742362069601265E-01
  9.9741683370922274E-01
  9.9740989990067841E-01
  9.9740314145331543E-01
  9.9739623654964937E-01
  9.9738947713503823E-01
  9.9738255818065069E-01
  9.9737576363218372E-01
  9.9736881505685526E-01
  9.9736200479379422E-01
  9.9735503421687577E-01
  9.9734821200490398E-01
  9.9734126295424286E-01
  9.9733443397886057E-01
  9.9732744239483739E-01
  9.9732059662690231E-01
  9.9731363601389433E-01
  9.9730681848652136E-01
  9.9729986050670194E-01
  9.9729300887588290E-01
  9.9728604120558861E-01
  9.9727920946126991E-01
  9.9727224378956325E-01
  9.9726541024115245E-01
  9.9725847936426315E-01
  9.9725162983479143E-01
  9.9724465755832048E-01
  9.9723781064436823E-01
  9.9723087443895397E-01
  9.9722404810647791E-01
  9.9721709710577289E-01
  9.9721023759016159E-01
  9.9720329641541650E-01
  9.9719644630922877E-01
  9.9718950825650565E-01
  9.9718268341865413E-01
  9.9717573586120389E-01
  9.9716886440652697E-01
  9.9716192243770807E-01
  9.9715508788555751E-01
  9.9714816189005928E-01
  9.9714129900109616E-01
  9.9713435407206163E-01
  9.9712749949513191E-01
  9.9712055929126775E-01
  9.9711371841424923E-01
  9.9710679967906501E-01
  9.9709991181615765E-01
  9.9709297108180572E-01
  9.9708612484038794E-01
  9.9707919781922461E-01
  9.9707233567770870E-01
  9.9706539659912352E-01
  9.9705851956370184E-01
  9.9705158768016500E-01
  9.9704474364647755E-01
  9.9703780924690777E-01
  9.9703091848859893E-01
  9.9702399167295219E-01
  9.9701712020959898E-01
  9.9701020298617349E-01
  9.9700333033460697E-01
  9.9699637799068885E-01
  9.9698949652303892E-01
  9.9698258874762191E-01
  9.9697571577983912E-01
  9.9696876481956531E-01
  9.9696188056546631E-01
  9.9695494188632494E-01
  9.9694807820556119E-01
  9.9694114598916372E-01
  9.9693423769937006E-01
  9.9692731478548802E-01
  9.9692042266543279E-01
  9.9691351181689403E-01
  9.9690658330027249E-01
  9.9689964088291094E-01
  9.9689274784675674E-01
  9.9688583059059133E-01
  9.9687891194561484E-01
  9.9687197535413785E-01
  9.9686506038466316E-01
  9.9685816169632990E-01
  9.9685123382236618E-01
  9.9684429821240994E-01
  9.9683737683969209E-01
  9.9683046343603054E-01
  9.9682355045034976E-01
  9.9681659946677537E-01
  9.9680968665566594E-01
  9.9680276064432205E-01
  9.9679585404694304E-01
  9.9678889229762013E-01
  9.9678198006249985E-01
  9.9677505036924408E-01
  9.9676813237587825E-01
  9.9676117314620338E-01
  9.9675425636385084E-01
  9.9674733067062893E-01
  9.9674039866114672E-01
  9.9673344149436804E-01
  9.9672652668710260E-01
  9.9671960083261224E-01
  9.9671265711039669E-01
  9.9670570015533644E-01
  9.9669878979512527E-01
  9.9669184435427183E-01
  9.9668489925418768E-01
  9.9667795604128839E-01
  9.9667104305918719E-01
  9.9666408668575235E-01
  9.9665713833338032E-01
  9.9665021999380776E-01
  9.9664327665464414E-01
  9.9663851420482041E-01
  9.9662912196523779E-01
  9.9662136696757642E-01
  9.9661361948088045E-01
  9.9660543121703082E-01
  9.9659740268942243E-01
  9.9658912465634719E-01
  9.9658111981853392E-01
  9.9657298691905016E-01
  9.9656516462059130E-01
  9.9655716771280956E-01
  9.9654951998926211E-01
  9.9654171486535104E-01
  9.9653419636119467E-01
  9.9652653291028370E-01
  9.9651896566366327E-01
  9.9651138798771066E-01
  9.9650397432386095E-01
  9.9649650558449465E-01
  9.9648923098089237E-01
  9.9648188000139248E-01
  9.9647473106351925E-01
  9.9646743469266841E-01
  9.9646034523695770E-01
  9.9645312105890238E-01
  9.9644604295508610E-01
  9.9643886003408944E-01
  9.9643182270719366E-01
  9.9642464770643979E-01
  9.9641765866503629E-01
  9.9641049816759264E-01
  9.9640350708396830E-01
  9.9639639878555641E-01
  9.9638940258191844E-01
  9.9638230208598966E-01
  9.9637533627845598E-01
  9.9636822552626148E-01
  9.9636128066279617E-01
  9.9635415937124805E-01
  9.9634720447401193E-01
  9.9634011707550119E-01
  9.9633315198844696E-01
  9.9632609085113522E-01
  9.9631911920450178E-01
  9.9631205013042368E-01
  9.9630510304388309E-01
  9.9629802670036172E-01
  9.9629110102536822E-01
  9.9628400584888199E-01
  9.9627707228294027E-01
  9.9626998211155460E-01
  9.9626304112492348E-01
  9.9625596901200930E-01
  9.9624902175419461E-01
  9.9624196516289842E-01
  9.9623501258733405E-01
  9.9623323079978587E-01
  9.9622250069386198E-01
  9.9621352244239947E-01
  9.9620528996469659E-01
  9.9619626290115626E-01
  9.9618747976114552E-01
  9.9617821107998850E-01
  9.9616943744369524E-01
  9.9616030620550866E-01
  9.9615170268901321E-01
  9.9614280649741738E-01
  9.9613446425843399E-01
  9.9612580613463131E-01
  9.9611765970677890E-01
  9.9610920174253170E-01
  9.9610127238538149E-01
  9.9609301126465555E-01
  9.9608526220160110E-01
  9.9607717360084091E-01
  9.9606957959012143E-01
  9.9606163279676685E-01
  9.9605413671753762E-01
  9.9604615647454375E-01
  9.9603861166144825E-01
  9.9603086367173532E-01
  9.9602349428382908E-01
  9.9601589012370184E-01
  9.9600863038290099E-01
  9.9600110694210631E-01
  9.9599389798991256E-01
  9.9598643610989601E-01
  9.9597929132434693E-01
  9.9597188807999038E-01
  9.9596478647912134E-01
  9.9595742439573498E-01
  9.9595035039372293E-01
  9.9594298917206248E-01
  9.9593590969778389E-01
  9.9592857263559897E-01
  9.9592151438091958E-01
  9.9591421534602342E-01
  9.9590720936771349E-01
  9.9589997630231941E-01
  9.9589300518899393E-01
  9.9588581278418231E-01
  9.9587891156848296E-01
  9.9587178595764769E-01
  9.9586493157628930E-01
  9.9585784743356232E-01
  9.9585102349584631E-01
  9.9584393197669041E-01
  9.9583708374673785E-01
  9.9583000922990850E-01
  9.9582317836075973E-01
  9.9581611821702765E-01
  9.9580929137800633E-01
  9.9580223406054036E-01
  9.9579537053806966E-01
  9.9578828231286376E-01
  9.9578141298363487E-01
  9.9577432638029062E-01
  9.9576744781293802E-01
  9.9576035818510444E-01
  9.9575346921066354E-01
  9.9574635973949399E-01
  9.9573946721786144E-01
  9.9573237671321757E-01
  9.9572549955749079E-01
  9.9571842904828411E-01
  9.9571156186913312E-01
  9.9570447287227704E-01
  9.9569758012371179E-01
  9.9569049290516654E-01
  9.9568360711551862E-01
  9.9567654004828743E-01
  9.9566967073202794E-01
  9.9566258505556360E-01
  9.9565569169393986E-01
  9.9564862493447681E-01
  9.9564174828728080E-01
  9.9563470243508745E-01
  9.9562783379443376E-01
  9.9562074936421574E-01
  9.9561384511069306E-01
  9.9560677932775288E-01
  9.9559989387815095E-01
  9.9559285194551317E-01
  9.9558598417267308E-01
  9.9557892413625748E-01
  9.9557203837202235E-01
  9.9556500395956526E-01
  9.9555812625177831E-01
  9.9555109673472242E-01
  9.9554421814592720E-01
  9.9553716841279427E-01
  9.9553027966401086E-01
  9.9552324845231877E-01
  9.9551637334400978E-01
  9.9550935872677782E-01
  9.9550245755998146E-01
  9.9549540789630608E-01
  9.9548848796778833E-01
  9.9548143471697126E-01
  9.9547452769970945E-01
  9.9546747724632612E-01
  9.9546055456137073E-01
  9.9545351889604106E-01
  9.9544663967545788E-01
  9.9543965328263206E-01
  9.9543281346295964E-01
  9.9542580957099414E-01
  9.9541895661312785E-01
  9.9541200365438431E-01
  9.9540519892131729E-01
  9.9539828501719796E-01
  9.9539146466885120E-01
  9.9538453825233886E-01
  9.9537774640545218E-01
  9.9537085046200591E-01
  9.9536406757236140E-01
  9.9535712464186121E-01
  9.9535031003336583E-01
  9.9534339556690443E-01
  9.9533660394325352E-01
  9.9532969789232040E-01
  9.9532287135729181E-01
  9.9531594631995235E-01
  9.9530913582087044E-01
  9.9530221840557709E-01
  9.9529536743494473E-01
  9.9528839926010659E-01
  9.9528154014511216E-01
  9.9527459348673863E-01
  9.9526775770660170E-01
  9.9526078584106037E-01
  9.9525392219420195E-01
  9.9524697979761167E-01
  9.9524012571790221E-01
  9.9523316009386331E-01
  9.9522627259933294E-01
  9.9521931184121037E-01
  9.9521245565387262E-01
  9.9520552097511616E-01
  9.9519863974112588E-01
  9.9519169058283596E-01
  9.9518483511198175E-01
  9.9517789237166254E-01
  9.9517099538977893E-01
  9.9516402954410954E-01
  9.9515715404474003E-01
  9.9515022714499346E-01
  9.9514334300556495E-01
  9.9513639448455649E-01
  9.9512953236536983E-01
  9.9512259278987680E-01
  9.9511569310257675E-01
  9.9510873037368075E-01
  9.9510185101869097E-01
  9.9509492751668283E-01
  9.9508803700269477E-01
  9.9508109145381851E-01
  9.9507422687305147E-01
  9.9506729343384526E-01
  9.9506037692942118E-01
  9.9505341927334012E-01
  9.9504654011828664E-01
  9.9503961107542360E-01
  9.9503270937927313E-01
  9.9502577319947050E-01
  9.9501891093345718E-01
  9.9501195019191724E-01
  9.9500503603951174E-01
  9.9499809127295324E-01
  9.9499122066591406E-01
  9.9498425618892483E-01
  9.9497736394039493E-01
  9.9497044526423417E-01
  9.9496354961387368E-01
  9.9495657804653714E-01
  9.9494967780931254E-01
  9.9494274632179969E-01
  9.9493582610248810E-01
  9.9492888431017146E-01
  9.9492201264830649E-01
  9.9491506684797115E-01
  9.9490814203053091E-01
  9.9490119931432952E-01
  9.9489428636500454E-01
  9.9488732660721568E-01
  9.9488043453117070E-01
  9.9487350124734086E-01
  9.9486659211428163E-01
  9.9485964427131657E-01
  9.9485273313385114E-01
  9.9484576093241417E-01
  9.9483885446793963E-01
  9.9483192026825507E-01
  9.9482499862684093E-01
  9.9481806989076071E-01
  9.9481115942016618E-01
  9.9480418124939529E-01
  9.9479726739995589E-01
  9.9479031987339850E-01
  9.9478339299577812E-01
  9.9477646424508015E-01
  9.9476955660123090E-01
  9.9476258757981373E-01
  9.9475567455559244E-01
  9.9474870230021928E-01
  9.9474177871121794E-01
  9.9473485118971317E-01
  9.9472791839720642E-01
  9.9472098701318490E-01
  9.9471405039627458E-01
  9.9470707728318053E-01
  9.9470016713566944E-01
  9.9469320012592988E-01
  9.9468628379467838E-01
  9.9467935457676027E-01
  9.9467241204939216E-01
  9.9466535945568268E-01
  9.9465840986618792E-01
  9.9465145879885097E-01
  9.9464454195460872E-01
  9.9463758965216131E-01
  9.9463069386041625E-01
  9.9462370431381364E-01
  9.9461677576214591E-01
  9.9460981519622160E-01
  9.9460288784362449E-01
  9.9460065512641682E-01
  9.9459014736028473E-01
  9.9458137753570253E-01
  9.9457325238925198E-01
  9.9456443269724137E-01
  9.9455576723180417E-01
  9.9454670589902094E-01
  9.9453805060640954E-01
  9.9452909134797596E-01
  9.9452055810898665E-01
  9.9451180916551873E-01
  9.9450352702456912E-01
  9.9449501116409489E-01
  9.9448694550493544E-01
  9.9447859536742766E-01
  9.9447070101492330E-01
  9.9446254977546455E-01
  9.9445483442086757E-01
  9.9444685273426014E-01
  9.9443928615939636E-01
  9.9443140782189632E-01
  9.9442393277501462E-01
  9.9441617538408511E-01
  9.9440860315407431E-01
  9.9440091816899057E-01
  9.9439353490801052E-01
  9.9438597108505777E-01
  9.9437869363594555E-01
  9.9437123990157195E-01
  9.9436405282419615E-01
  9.9435667060650357E-01
  9.9434949957944063E-01
  9.9434213904004143E-01
  9.9433502662362694E-01
  9.9432772479108800E-01
  9.9432066462446667E-01
  9.9431338693069449E-01
  9.9430632783632955E-01
  9.9429908006360590E-01
  9.9429205785404162E-01
  9.9428485207238215E-01
  9.9427784363493366E-01
  9.9427062782315756E-01
  9.9426362765763820E-01
  9.9425644257029944E-01
  9.9424946625513144E-01
  9.9424229902077832E-01
  9.9423530706240371E-01
  9.9422814013690197E-01
  9.9422117752307937E-01
  9.9421403680274789E-01
  9.9420707811083642E-01
  9.9419991790079221E-01
  9.9419295508803807E-01
  9.9418582511878328E-01
  9.9417888903360241E-01
  9.9417176600795076E-01
  9.9416480802848906E-01
  9.9415767815077682E-01
  9.9415073190879077E-01
  9.9414362022502134E-01
  9.9413665746097857E-01
  9.9412952463771631E-01
  9.9412257538486803E-01
  9.9411547093617181E-01
  9.9410854180556707E-01
  9.9410141661723206E-01
  9.9409446969720905E-01
  9.9408736965865352E-01
  9.9408043813480229E-01
  9.9407332975092477E-01
  9.9406636472218435E-01
  9.9405925270512463E-01
  9.9405231257279769E-01
  9.9404522267502771E-01
  9.9403826092558123E-01
  9.9403116116696666E-01
  9.9402422231141585E-01
  9.9401714323358192E-01
  9.9401018505322170E-01
  9.9400308624802092E-01
  9.9399614852291152E-01
  9.9398907835536210E-01
  9.9398213239216515E-01
  9.9397502397802540E-01
  9.9396806814579874E-01
  9.9396097227889946E-01
  9.9395400174535220E-01
  9.9394687987683406E-01
  9.9393991286471761E-01
  9.9393282951133721E-01
  9.9392587830280343E-01
  9.9391878809974832E-01
  9.9391185573053054E-01
  9.9390480477887355E-01
  9.9389787923520212E-01
  9.9389081678252089E-01
  9.9388389856591808E-01
  9.9387687261750446E-01
  9.9386995782808651E-01
  9.9386291809845229E-01
  9.9385602378729587E-01
  9.9384901790168445E-01
  9.9384209824278047E-01
  9.9383506974395253E-01
  9.9382818249760740E-01
  9.9382118140373921E-01
  9.9381427316193349E-01
  9.9380725925201152E-01
  9.9380036693354501E-01
  9.9379333613702003E-01
  9.9378640480013680E-01
  9.9377937362344471E-01
  9.9377246813471687E-01
  9.9376541116768957E-01
  9.9375848160812275E-01
  9.9375145845408841E-01
  9.9374452962207249E-01
  9.9373747444184446E-01
  9.9373053935989553E-01
  9.9372349940049098E-01
  9.9371652349309991E-01
  9.9370946087729550E-01
  9.9370252222962818E-01
  9.9369545620170208E-01
  9.9368850703643574E-01
  9.9368147126098494E-01
  9.9367453288291319E-01
  9.9366749949202493E-01
  9.9366059667256146E-01
  9.9365360507954781E-01
  9.9364670597240023E-01
  9.9363962273258644E-01
  9.9363788695709232E-01
  9.9362827977861268E-01
  9.9362006141408132E-01
  9.9361156185684774E-01
  9.9360331205302954E-01
  9.9359503530850235E-01
  9.9358658168430136E-01
  9.9357821847300221E-01
  9.9356975934079472E-01
  9.9356149203730626E-01
  9.9355316145363970E-01
  9.9354501060248379E-01
  9.9353679293987940E-01
  9.9352877386201599E-01
  9.9352069777062879E-01
  9.9351280925258112E-01
  9.9350485500925922E-01
  9.9349708894024902E-01
  9.9348924340515654E-01
  9.9348157597821807E-01
  9.9347382575718612E-01
  9.9346621976890703E-01
  9.9345852418460445E-01
  9.9345100284010202E-01
  9.9344339006736460E-01
  9.9343595084913106E-01
  9.9342841814426641E-01
  9.9342104799085351E-01
  9.9341357029679678E-01
  9.9340624929192045E-01
  9.9339880695559890E-01
  9.9339138121407777E-01
  9.9338396058881218E-01
  9.9337666090027288E-01
  9.9336932229868835E-01
  9.9336208687652761E-01
  9.9335481786927837E-01
  9.9334764317653823E-01
  9.9334041226521996E-01
  9.9333325879875600E-01
  9.9332604394632273E-01
  9.9331891279542195E-01
  9.9331173579870602E-01
  9.9330464390299089E-01
  9.9329750479599621E-01
  9.9329044954868506E-01
  9.9328332221815963E-01
  9.9327624997538089E-01
  9.9326912222190411E-01
  9.9326207297078051E-01
  9.9325497337081092E-01
  9.9324795432827895E-01
  9.9324086388896782E-01
  9.9323385188597846E-01
  9.9322678408342613E-01
  9.9321976854621352E-01
  9.9321270115122784E-01
  9.9320570706844735E-01
  9.9319864366469157E-01
  9.9319165789291930E-01
  9.9318461997667984E-01
  9.9317765937888303E-01
  9.9317063647711656E-01
  9.9316364420836822E-01
  9.9315658994191081E-01
  9.9314961175740901E-01
  9.9314258107310527E-01
  9.9313562628517760E-01
  9.9312861372505679E-01
  9.9312165900190841E-01
  9.9311462789492433E-01
  9.9310766242099746E-01
  9.9310064484189076E-01
  9.9309370214172810E-01
  9.9308668484957774E-01
  9.9307974107279784E-01
  9.9307274585569305E-01
  9.9306580478334383E-01
  9.9305878592292784E-01
  9.9305182115774315E-01
  9.9304480059957578E-01
  9.9303785371434827E-01
  9.9303085608822372E-01
  9.9302393217177243E-01
  9.9301693243889089E-01
  9.9300997114258394E-01
  9.9300295964193941E-01
  9.9299602121940722E-01
  9.9298903330042143E-01
  9.9298209524775782E-01
  9.9297510514001275E-01
  9.9296816870353510E-01
  9.9296115325501932E-01
  9.9295420628624487E-01
  9.9294718913444691E-01
  9.9294024422117366E-01
  9.9293325136311195E-01
  9.9292633030117683E-01
  9.9291933427482060E-01
  9.9291237418108169E-01
  9.9290536697552767E-01
  9.9289843162388702E-01
  9.9289145002392409E-01
  9.9288451419130463E-01
  9.9287751967963234E-01
  9.9287056457175449E-01
  9.9286355506779833E-01
  9.9285660220525396E-01
  9.9284959323329391E-01
  9.9284265645160830E-01
  9.9283567646724746E-01
  9.9282874907489405E-01
  9.9282173200902990E-01
  9.9281478696029357E-01
  9.9280779987783874E-01
  9.9280088373670417E-01
  9.9279389991976252E-01
  9.9278697023186491E-01
  9.9277996102455079E-01
  9.9277302343244433E-01
  9.9276601763626637E-01
  9.9275907943513853E-01
  9.9275209859174729E-01
  9.9274518645213983E-01
  9.9273816605949616E-01
  9.9273120924965019E-01
  9.9272421042660586E-01
  9.9271727906533758E-01
  9.9271027791314659E-01
  9.9270333618394835E-01
  9.9269630232719297E-01
  9.9268933009502858E-01
  9.9268229536976771E-01
  9.9267533274069597E-01
  9.9266833798923937E-01
  9.9266139758440097E-01
  9.9265437663670819E-01
  9.9264743297776659E-01
  9.9264046101442449E-01
  9.9263354370232026E-01
  9.9262659238218198E-01
  9.9261969251239068E-01
  9.9261272455488525E-01
  9.9260581145336291E-01
  9.9259887139543235E-01
  9.9259200743206000E-01
  9.9258508842476501E-01
  9.9257819106307554E-01
  9.9257126132073725E-01
  9.9256439365236293E-01
  9.9255746684392565E-01
  9.9255061839118852E-01
  9.9254370196028030E-01
  9.9253681750092460E-01
  9.9252987963490691E-01
  9.9252301507255380E-01
  9.9251609258034423E-01
  9.9250921570838824E-01
  9.9250227572682093E-01
  9.9249539277430654E-01
  9.9248845678207587E-01
  9.9248159292286731E-01
  9.9247466590474687E-01
  9.9246775814377652E-01
  9.9246081525988017E-01
  9.9245393344897048E-01
  9.9244697759329148E-01
  9.9244007309156268E-01
  9.9243309401981872E-01
  9.9242616263480177E-01
  9.9241920149353002E-01
  9.9241230085076748E-01
  9.9240532865125519E-01
  9.9239840365261800E-01
  9.9239143652676898E-01
  9.9238452471027361E-01
  9.9237758871558357E-01
  9.9237065892403997E-01
  9.9236366820866662E-01
  9.9235674942747210E-01
  9.9234977809049429E-01
  9.9234287112126318E-01
  9.9233853500355129E-01
  9.9233008650207277E-01
  9.9232234039401190E-01
  9.9231471496320034E-01
  9.9230694228128269E-01
  9.9229925894553772E-01
  9.9229136586274225E-01
  9.9228364495930899E-01
  9.9227578514169779E-01
  9.9226810963157286E-01
  9.9226030122140296E-01
  9.9225272751520432E-01
  9.9224503671654152E-01
  9.9223754429385558E-01
  9.9222991266524663E-01
  9.9222251561524966E-01
  9.9221498237141892E-01
  9.9220765032528413E-01
  9.9220014136875012E-01
  9.9219285842037908E-01
  9.9218543754793742E-01
  9.9217821713234766E-01
  9.9217082488745889E-01
  9.9216364999508444E-01
  9.9215633333211994E-01
  9.9214920805183937E-01
  9.9214190449478001E-01
  9.9213472053473717E-01
  9.9212745026015059E-01
  9.9212032708914022E-01
  9.9211308317759062E-01
  9.9210600386594838E-01
  9.9209882337487010E-01
  9.9209176987919179E-01
  9.9208459309317176E-01
  9.9207756992267238E-01
  9.9207044732222882E-01
  9.9206343201673841E-01
  9.9205629835666087E-01
  9.9204929543306963E-01
  9.9204218821807966E-01
  9.9203517639311511E-01
  9.9202806584603298E-01
  9.9202110001775756E-01
  9.9201400950244145E-01
  9.9200703225021380E-01
  9.9199995839265265E-01
  9.9199302615469809E-01
  9.9198593965075754E-01
  9.9197896925576268E-01
  9.9197190459995377E-01
  9.9196494602812257E-01
  9.9195786162105470E-01
  9.9195091431293081E-01
  9.9194386964714010E-01
  9.9193690812589230E-01
  9.9192985598999417E-01
  9.9192293882880345E-01
  9.9191587747961607E-01
  9.9190891990370811E-01
  9.9190187473375580E-01
  9.9189493061000811E-01
  9.9188787220054853E-01
  9.9188094522052761E-01
  9.9187391303538330E-01
  9.9186697194914253E-01
  9.9185984300598096E-01
  9.9185282966903643E-01
  9.9184577193427936E-01
  9.9183883288385499E-01
  9.9183718188371695E-01
  9.9182754752153290E-01
  9.9181911717979065E-01
  9.9181062304239098E-01
  9.9180215471450806E-01
  9.9179385868121961E-01
  9.9178517836845359E-01
  9.9177678975147276E-01
  9.9176809595580917E-01
  9.9175979713398510E-01
  9.9175124486991872E-01
  9.9174308276389511E-01
  9.9173466119671738E-01
  9.9172664685409151E-01
  9.9171838310215810E-01
  9.9171049956595214E-01
  9.9170235491486691E-01
  9.9169457147426998E-01
  9.9168652021127179E-01
  9.9167885155121460E-01
  9.9167091849818589E-01
  9.9166335241510883E-01
  9.9165552016397807E-01
  9.9164804772230242E-01
  9.9164030714809803E-01
  9.9163290880175770E-01
  9.9162522207447179E-01
  9.9161787667259160E-01
  9.9161024564046718E-01
  9.9160294947039973E-01
  9.9159528579960221E-01
  9.9158793358341135E-01
  9.9158041455180479E-01
  9.9157317083284680E-01
  9.9156571684095984E-01
  9.9155850738441020E-01
  9.9155110235778054E-01
  9.9154394425574699E-01
  9.9153658820254442E-01
  9.9152945846079399E-01
  9.9152212685283236E-01
  9.9151503043265909E-01
  9.9150772805491505E-01
  9.9150063603768868E-01
  9.9149334855129723E-01
  9.9148628903658476E-01
  9.9147903593353459E-01
  9.9147200721385376E-01
  9.9146478682365957E-01
  9.9145778730320666E-01
  9.9145057698342731E-01
  9.9144355511804894E-01
  9.9143634123059177E-01
  9.9142933506554354E-01
  9.9142213944206192E-01
  9.9141515019785076E-01
  9.9140797259677438E-01
  9.9140099735345644E-01
  9.9139383238776180E-01
  9.9138683829667573E-01
  9.9137964859015371E-01
  9.9137264468450947E-01
  9.9136545850014990E-01
  9.9135846767624558E-01
  9.9135130460703091E-01
  9.9134434239767255E-01
  9.9133720471738374E-01
  9.9133024691198623E-01
  9.9132312767832442E-01
  9.9131620147453525E-01
  9.9130910594717903E-01
  9.9130219619811855E-01
  9.9129512992045377E-01
  9.9128825917235874E-01
  9.9128120492649108E-01
  9.9127432867965326E-01
  9.9126729105895472E-01
  9.9126043505975003E-01
  9.9125341866480776E-01
  9.9124658058062121E-01
  9.9123957858309975E-01
  9.9123272347684022E-01
  9.9122568990805393E-01
  9.9121882916516579E-01
  9.9121181207050824E-01
  9.9120495346671300E-01
  9.9119793686838154E-01
  9.9119108356896990E-01
  9.9118407142319787E-01
  9.9117719026463114E-01
  9.9117014653717694E-01
  9.9116324673353251E-01
  9.9115619694240897E-01
  9.9114930261530976E-01
  9.9114226324387467E-01
  9.9113537700932774E-01
  9.9112831905758569E-01
  9.9112141654097508E-01
  9.9111437636106814E-01
  9.9110748896478806E-01
  9.9110043837900164E-01
  9.9109353163222991E-01
  9.9108648375920738E-01
  9.9107955906299494E-01
  9.9107250335297092E-01
  9.9106559549438233E-01
  9.9105855917716323E-01
  9.9105166885301976E-01
  9.9104465248734952E-01
  9.9103773680731988E-01
  9.9103067801417666E-01
  9.9102376103749923E-01
  9.9101672204851632E-01
  9.9100982302633156E-01
  9.9100280434615984E-01
  9.9099592049811092E-01
  9.9098887350317733E-01
  9.9098196190618992E-01
  9.9097490766777341E-01
  9.9096798770118288E-01
  9.9096095524820815E-01
  9.9095405529399883E-01
  9.9094702310243021E-01
  9.9094010720479364E-01
  9.9093308389396229E-01
  9.9092618932966237E-01
  9.9091917818075792E-01
  9.9091227666873993E-01
  9.9090525651874994E-01
  9.9089833991391785E-01
  9.9089131215305104E-01
  9.9088440348816487E-01
  9.9087739354494275E-01
  9.9087050636389107E-01
  9.9086350748515417E-01
  9.9085657269568939E-01
  9.9084953715504320E-01
  9.9084261874828394E-01
  9.9083560239548518E-01
  9.9082869964296183E-01
  9.9082169006859022E-01
  9.9081476750559239E-01
  9.9080775306730706E-01
  9.9080082426808025E-01
  9.9079379385857846E-01
  9.9078686156278928E-01
  9.9077981995037356E-01
  9.9077286831270506E-01
  9.9076583341763147E-01
  9.9075890966991920E-01
  9.9075190737135743E-01
  9.9074499050707221E-01
  9.9073795835569378E-01
  9.9073103186635514E-01
  9.9072403104888185E-01
  9.9071714056608651E-01
  9.9071017758422431E-01
  9.9070331182602833E-01
  9.9069634055307521E-01
  9.9068943631670137E-01
  9.9068246209888144E-01
  9.9067559461655075E-01
  9.9066865636107149E-01
  9.9066178491282919E-01
  9.9065483718921254E-01
  9.9064798887756000E-01
  9.9064105126929947E-01
  9.9063419604688174E-01
  9.9062724800596158E-01
  9.9062037883028897E-01
  9.9061344134449014E-01
  9.9060659886302815E-01
  9.9059968704375101E-01
  9.9059283269889420E-01
  9.9058586044812313E-01
  9.9057898061704153E-01
  9.9057203587509823E-01
  9.9056518081153300E-01
  9.9055824914995616E-01
  9.9055137639568114E-01
  9.9054443766010736E-01
  9.9053755247963504E-01
  9.9053060549640792E-01
  9.9052372994871696E-01
  9.9051676616523410E-01
  9.9050988620692682E-01
  9.9050293864738326E-01
  9.9049606104268995E-01
  9.9048907498744743E-01
  9.9048214785321109E-01
  9.9047516599703056E-01
  9.9046826653179643E-01
  9.9046131507577906E-01
  9.9045441622782615E-01
  9.9044744069968782E-01
  9.9044052253594983E-01
  9.9043355553024337E-01
  9.9042666775722044E-01
  9.9041969112667971E-01
  9.9041278676815703E-01
  9.9040582557007684E-01
  9.9039891369665300E-01
  9.9039192816060517E-01
  9.9038499679069392E-01
  9.9037802196728297E-01
  9.9037112409783035E-01
  9.9036418448295394E-01
  9.9035726459230222E-01
  9.9035027767639716E-01
  9.9034336586222460E-01
  9.9033641479764833E-01
  9.9032951202655994E-01
  9.9032254207981940E-01
  9.9031563445805382E-01
  9.9030865394340595E-01
  9.9030173304498204E-01
  9.9029474513801941E-01
  9.9028782908723234E-01
  9.9028087882885496E-01
  9.9027399647725656E-01
  9.9026699974264409E-01
  9.9026007281804140E-01
  9.9025311261727345E-01
  9.9024622139138774E-01
  9.9024323805917325E-01
  9.9023434574932423E-01
  9.9022633969857066E-01
  9.9021819526989574E-01
  9.9021005933961959E-01
  9.9020211658599810E-01
  9.9019392812432072E-01
  9.9018592015515594E-01
  9.9017769631020125E-01
  9.9016968992342802E-01
  9.9016153852011068E-01
  9.9015363483907204E-01
  9.9014557439700024E-01
  9.9013772813083289E-01
  9.9012971446541287E-01
  9.9012193786300429E-01
  9.9011402032952633E-01
  9.9010634949090082E-01
  9.9009852520990893E-01
  9.9009090284462642E-01
  9.9008312696102063E-01
  9.9007559174597937E-01
  9.9006790209598028E-01
  9.9006043190308013E-01
  9.9005276290299504E-01
  9.9004531617132419E-01
  9.9003770933532231E-01
  9.9003033206639279E-01
  9.9002279543587912E-01
  9.9001546905052806E-01
  9.9000795504622219E-01
  9.9000066415580290E-01
  9.8999321438030163E-01
  9.8998597516736009E-01
  9.8997855092913689E-01
  9.8997130478477502E-01
  9.8996389870739576E-01
  9.8995670399249425E-01
  9.8994934757085773E-01
  9.8994207721100569E-01
  9.8993469678008172E-01
  9.8992749506514721E-01
  9.8992020117577861E-01
  9.8991305363023474E-01
  9.8990578028025566E-01
  9.8989863117860277E-01
  9.8989137880865818E-01
  9.8988427716528693E-01
  9.8987707201250297E-01
  9.8986998788780556E-01
  9.8986277996583638E-01
  9.8985571741119072E-01
  9.8984854451523641E-01
  9.8984149568047641E-01
  9.8983430172646858E-01
  9.8982703421036955E-01
  9.8981987109545899E-01
  9.8981284585591245E-01
  9.8980570414810820E-01
  9.8979866850303122E-01
  9.8979153426783451E-01
  9.8978452900004588E-01
  9.8977740546699844E-01
  9.8977037219769948E-01
  9.8976323748299599E-01
  9.8975623549325997E-01
  9.8974913877255122E-01
  9.8974214643066394E-01
  9.8973503776675020E-01
  9.8972805883001380E-01
  9.8972097358290168E-01
  9.8971398755487727E-01
  9.8970687466776264E-01
  9.8969988847016011E-01
  9.8969281255426156E-01
  9.8968584811961013E-01
  9.8967875096706004E-01
  9.8967177785852645E-01
  9.8966471812699908E-01
  9.8965774932149508E-01
  9.8965064589122265E-01
  9.8964366383963664E-01
  9.8963659785032554E-01
  9.8962964885044380E-01
  9.8962256884056288E-01
  9.8961560768049051E-01
  9.8960856566026412E-01
  9.8960161123290080E-01
  9.8959452470658116E-01
  9.8958755489501427E-01
  9.8958050703212064E-01
  9.8957355647082068E-01
  9.8956649186013068E-01
  9.8955953551638443E-01
  9.8955250408316142E-01
  9.8954553281661839E-01
  9.8953845633956028E-01
  9.8953149251684802E-01
  9.8952445644302145E-01
  9.8951748043977406E-01
  9.8951043104158243E-01
  9.8950349264303850E-01
  9.8949646479608000E-01
  9.8948948606552212E-01
  9.8948243367592448E-01
  9.8947549043240568E-01
  9.8946843336143209E-01
  9.8946147662953376E-01
  9.8945445499388773E-01
  9.8944751476442649E-01
  9.8944046447087464E-01
  9.8943349425749272E-01
  9.8942645907440729E-01
  9.8941947621832804E-01
  9.8941243216574926E-01
  9.8940549077638695E-01
  9.8940246665931209E-01
  9.8939304221623081E-01
  9.8938472267526867E-01
  9.8937654542157161E-01
  9.8936818690302752E-01
  9.8935998929315527E-01
  9.8935143956489713E-01
  9.8934316781548415E-01
  9.8933462699133001E-01
  9.8932643104242901E-01
  9.8931797048849834E-01
  9.8930986903151130E-01
  9.8930152231177515E-01
  9.8929353897312411E-01
  9.8928533580505806E-01
  9.8927749285392197E-01
  9.8926940064729141E-01
  9.8926164268109529E-01
  9.8925364324767828E-01
  9.8924598413927656E-01
  9.8923808829678206E-01
  9.8923053561650032E-01
  9.8922273129679361E-01
  9.8921524915105741E-01
  9.8920749724948120E-01
  9.8920007791992048E-01
  9.8919239873214893E-01
  9.8918504152980002E-01
  9.8917743020389659E-01
  9.8917014043484941E-01
  9.8916256409296843E-01
  9.8915529167496152E-01
  9.8914767503021694E-01
  9.8914034395739459E-01
  9.8913285747977908E-01
  9.8912562426490624E-01
  9.8911820977118003E-01
  9.8911099806448122E-01
  9.8910360258861796E-01
  9.8909643003599257E-01
  9.8908907704169302E-01
  9.8908194386854120E-01
  9.8907461625993454E-01
  9.8906747441439868E-01
  9.8906014350524163E-01
  9.8905292198527528E-01
  9.8904562908688365E-01
  9.8903855064621404E-01
  9.8903129854837735E-01
  9.8902423831647168E-01
  9.8901698922134940E-01
  9.8900995047810558E-01
  9.8900274135209176E-01
  9.8899573479060965E-01
  9.8898855944449104E-01
  9.8898157061684444E-01
  9.8897439495925799E-01
  9.8896741215487227E-01
  9.8896025511793961E-01
  9.8895329560726297E-01
  9.8894617026044240E-01
  9.8893922040594706E-01
  9.8893208478454619E-01
  9.8892514231708561E-01
  9.8891803226947617E-01
  9.8891111278180011E-01
  9.8890402454622484E-01
  9.8889709162983730E-01
  9.8888998385093774E-01
  9.8888306185533503E-01
  9.8887597695539042E-01
  9.8886907589713813E-01
  9.8886200728844398E-01
  9.8885507237724657E-01
  9.8884797794783219E-01
  9.8884106326318677E-01
  9.8883399023774565E-01
  9.8882709360603194E-01
  9.8882001346508275E-01
  9.8881308160959402E-01
  9.8880599035343197E-01
  9.8879907069146000E-01
  9.8879199692591357E-01
  9.8878508626613326E-01
  9.8877798909336834E-01
  9.8877105958791467E-01
  9.8876397982284692E-01
  9.8875706096910465E-01
  9.8874998316057028E-01
  9.8874303257040452E-01
  9.8873593077874400E-01
  9.8872899140311221E-01
  9.8872190183735942E-01
  9.8871497480782700E-01
  9.8870787637391588E-01
  9.8870092805269749E-01
  9.8869384130340976E-01
  9.8868691375538631E-01
  9.8867984252608554E-01
  9.8867290077028569E-01
  9.8866581145715970E-01
  9.8865887931494001E-01
  9.8865179805586656E-01
  9.8864487231960330E-01
  9.8863777476142056E-01
  9.8863082118530354E-01
  9.8862373824454564E-01
  9.8861680716823397E-01
  9.8860974751717623E-01
  9.8860279629878489E-01
  9.8859571526487622E-01
  9.8858878189801447E-01
  9.8858172295683300E-01
  9.8857480005743081E-01
  9.8856771958922474E-01
  9.8856077936148745E-01
  9.8855369159349205E-01
  9.8854674035971268E-01
  9.8853964187967291E-01
  9.8853267085801733E-01
  9.8852558480310959E-01
  9.8851864420089952E-01
  9.8851158696965258E-01
  9.8850463470409389E-01
  9.8849757231050184E-01
  9.8849065412598758E-01
  9.8848362783243648E-01
  9.8847670495472828E-01
  9.8846966037643413E-01
  9.8846274996052619E-01
  9.8845572304668794E-01
  9.8844881793926176E-01
  9.8844177659740085E-01
  9.8843487086193360E-01
  9.8842785899422569E-01
  9.8842096516130618E-01
  9.8841392609172485E-01
  9.8840701956549404E-01
  9.8840000565490693E-01
  9.8839311809563579E-01
  9.8838608386743532E-01
  9.8837917891553717E-01
  9.8837216973410191E-01
  9.8836527383046835E-01
  9.8835823549486401E-01
  9.8835131928955522E-01
  9.8834430468141576E-01
  9.8833741524865371E-01
  9.8833038520001792E-01
  9.8832347170369916E-01
  9.8831645448725214E-01
  9.8831532964619939E-01
  9.8830620861168739E-01
  9.8829819548917774E-01
  9.8828986547253816E-01
  9.8828132033101912E-01
  9.8827317327820996E-01
  9.8826491189994004E-01
  9.8825668542025291E-01
  9.8824841159106647E-01
  9.8824020592001527E-01
  9.8823197408641861E-01
  9.8822386285097841E-01
  9.8821573693350617E-01
  9.8820772462750173E-01
  9.8819969818803821E-01
  9.8819177182851226E-01
  9.8818383591447223E-01
  9.8817599523550725E-01
  9.8816811152265938E-01
  9.8816033527599445E-01
  9.8815252282480825E-01
  9.8814482253559643E-01
  9.8813688418078172E-01
  9.8812925933915530E-01
  9.8812161054409842E-01
  9.8811407323721789E-01
  9.8810650148460966E-01
  9.8809904080582600E-01
  9.8809154385855680E-01
  9.8808414835484959E-01
  9.8807668987950914E-01
  9.8806932734812136E-01
  9.8806191941282717E-01
  9.8805461790354598E-01
  9.8804727176805829E-01
  9.8804002672657898E-01
  9.8803272990763258E-01
  9.8802552787644760E-01
  9.8801819770517207E-01
  9.8801094001803791E-01
  9.8800369710710001E-01
  9.8799650439670950E-01
  9.8798930291727827E-01
  9.8798214809648854E-01
  9.8797497665678091E-01
  9.8796784332630316E-01
  9.8796070373506872E-01
  9.8795360324288850E-01
  9.8794649221824793E-01
  9.8793940644775891E-01
  9.8793230546353850E-01
  9.8792523952071798E-01
  9.8791815879684575E-01
  9.8791109687588685E-01
  9.8790401272413764E-01
  9.8789696252180725E-01
  9.8788988355354823E-01
  9.8788283042480129E-01
  9.8787575127119820E-01
  9.8786869997858406E-01
  9.8786162986885018E-01
  9.8785459058998959E-01
  9.8784753461049124E-01
  9.8784051458409872E-01
  9.8783346892342849E-01
  9.8782644597132441E-01
  9.8781940584557804E-01
  9.8781239306639723E-01
  9.8780533683315197E-01
  9.8779831658591832E-01
  9.8779127819593637E-01
  9.8778427585494999E-01
  9.8777725502423164E-01
  9.8777027030620590E-01
  9.8776326681512305E-01
  9.8775629091632955E-01
  9.8774927036275773E-01
  9.8774228258747998E-01
  9.8773527532521233E-01
  9.8772828478635266E-01
  9.8772127021137590E-01
  9.8771428598849853E-01
  9.8770728158017307E-01
  9.8770031336115982E-01
  9.8769332132557930E-01
  9.8768635420857909E-01
  9.8767935139761265E-01
  9.8767237644274142E-01
  9.8766538066193732E-01
  9.8765841986810510E-01
  9.8765141686499025E-01
  9.8764445026500758E-01
  9.8763746253676132E-01
  9.8763049730546482E-01
  9.8762350959080136E-01
  9.8761655854040176E-01
  9.8760958165333057E-01
  9.8760262203803406E-01
  9.8759564094798857E-01
  9.8758869579622022E-01
  9.8758170850796900E-01
  9.8757473446805177E-01
  9.8756773588465674E-01
  9.8756077430975875E-01
  9.8755379083913508E-01
  9.8754684460671149E-01
  9.8753987645130215E-01
  9.8753292123928271E-01
  9.8752594407093786E-01
  9.8751898911021252E-01
  9.8751200338015710E-01
  9.8750503872636775E-01
  9.8749805193436191E-01
  9.8749110281482322E-01
  9.8748413166203652E-01
  9.8747719842068060E-01
  9.8747023663262112E-01
  9.8746327799534062E-01
  9.8745629096358167E-01
  9.8744933851079408E-01
  9.8744235398732549E-01
  9.8743539222092747E-01
  9.8742840821054723E-01
  9.8742146255491747E-01
  9.8741448109973751E-01
  9.8740753500188272E-01
  9.8740055645729574E-01
  9.8739360124739339E-01
  9.8738662391468768E-01
  9.8737968536636311E-01
  9.8737270586569426E-01
  9.8736574881172834E-01
  9.8735876174835724E-01
  9.8735181354179202E-01
  9.8734484310803072E-01
  9.8733791181770791E-01
  9.8733092558407487E-01
  9.8732397487506607E-01
  9.8731699446302035E-01
  9.8731003529157946E-01
  9.8730303625770099E-01
  9.8729607705897260E-01
  9.8728909652342256E-01
  9.8728215621705984E-01
  9.8727519483298876E-01
  9.8726824327023377E-01
  9.8726125650051300E-01
  9.8725431020628840E-01
  9.8724733818536425E-01
  9.8724038388966007E-01
  9.8723340861748332E-01
  9.8722647414189890E-01
  9.8721950431023375E-01
  9.8721256899767174E-01
  9.8720558223580823E-01
  9.8719863133803376E-01
  9.8719165941451714E-01
  9.8718472020992099E-01
  9.8717773376193352E-01
  9.8717077269866005E-01
  9.8716378923789061E-01
  9.8715684511964852E-01
  9.8714987699634138E-01
  9.8714292257377911E-01
  9.8713594600353205E-01
  9.8712899319765002E-01
  9.8712199790736821E-01
  9.8711503013497259E-01
  9.8710804049163958E-01
