 0.00000E+00
 0.00000E+00
 0.00000E+00
 0.00000E+00
 0.00000E+00
 2.78958E-02
 1.10693E-01
 1.19435E-01
 1.20446E-01
 1.20535E-01
 1.20543E-01
 1.20544E-01
 1.20545E-01
 1.20545E-01
 1.20546E-01
 1.20547E-01
 1.20547E-01
 1.20548E-01
 1.20548E-01
 1.20549E-01
 1.20549E-01
 1.20550E-01
 1.20550E-01
 1.20550E-01
 1.20551E-01
 1.20551E-01
 1.20551E-01
 1.20551E-01
 1.20552E-01
 1.20552E-01
 1.20552E-01
 1.20552E-01
 1.20552E-01
 1.20552E-01
 1.20553E-01
 1.20553E-01
 1.20553E-01
 1.20553E-01
 1.20553E-01
 1.20553E-01
 0.00000E+00
 0.00000E+00
 0.00000E+00
 0.00000E+00
 0.00000E+00
 7.91966E-02
 1.17047E-01
 1.20219E-01
 1.20516E-01
 1.20541E-01
 1.20543E-01
 1.20544E-01
 1.20545E-01
 1.20546E-01
 1.20546E-01
 1.20547E-01
 1.20547E-01
 1.20548E-01
 1.20548E-01
 1.20549E-01
 1.20549E-01
 1.20550E-01
 1.20550E-01
 1.20550E-01
 1.20551E-01
 1.20551E-01
 1.20551E-01
 1.20551E-01
 1.20552E-01
 1.20552E-01
 1.20552E-01
 1.20552E-01
 1.20552E-01
 1.20553E-01
 1.20553E-01
 1.20553E-01
 1.20553E-01
 1.20553E-01
 1.20553E-01
 1.20553E-01
 0.00000E+00
 0.00000E+00
 0.00000E+00
 0.00000E+00
 4.40326E-02
 1.13347E-01
 1.19813E-01
 1.20479E-01
 1.20537E-01
 1.20542E-01
 1.20543E-01
 1.20544E-01
 1.20545E-01
 1.20546E-01
 1.20546E-01
 1.20547E-01
 1.20547E-01
 1.20548E-01
 1.20548E-01
 1.20549E-01
 1.20549E-01
 1.20550E-01
 1.20550E-01
 1.20550E-01
 1.20551E-01
 1.20551E-01
 1.20551E-01
 1.20551E-01
 1.20552E-01
 1.20552E-01
 1.20552E-01
 1.20552E-01
 1.20552E-01
 1.20553E-01
 1.20553E-01
 1.20553E-01
 1.20553E-01
 1.20553E-01
 1.20553E-01
 1.20553E-01
 0.00000E+00
 0.00000E+00
 0.00000E+00
 2.80436E-02
 1.10779E-01
 1.19412E-01
 1.20434E-01
 1.20533E-01
 1.20541E-01
 1.20543E-01
 1.20544E-01
 1.20544E-01
 1.20545E-01
 1.20546E-01
 1.20546E-01
 1.20547E-01
 1.20547E-01
 1.20548E-01
 1.20548E-01
 1.20549E-01
 1.20549E-01
 1.20550E-01
 1.20550E-01
 1.20550E-01
 1.20551E-01
 1.20551E-01
 1.20551E-01
 1.20552E-01
 1.20552E-01
 1.20552E-01
 1.20552E-01
 1.20552E-01
 1.20552E-01
 1.20553E-01
 1.20553E-01
 1.20553E-01
 1.20553E-01
 1.20553E-01
 1.20553E-01
 1.20553E-01
 0.00000E+00
 0.00000E+00
 4.40326E-02
 1.10779E-01
 1.19243E-01
 1.20403E-01
 1.20529E-01
 1.20540E-01
 1.20542E-01
 1.20543E-01
 1.20544E-01
 1.20545E-01
 1.20545E-01
 1.20546E-01
 1.20547E-01
 1.20547E-01
 1.20548E-01
 1.20548E-01
 1.20549E-01
 1.20549E-01
 1.20549E-01
 1.20550E-01
 1.20550E-01
 1.20550E-01
 1.20551E-01
 1.20551E-01
 1.20551E-01
 1.20552E-01
 1.20552E-01
 1.20552E-01
 1.20552E-01
 1.20552E-01
 1.20553E-01
 1.20553E-01
 1.20553E-01
 1.20553E-01
 1.20553E-01
 1.20553E-01
 1.20553E-01
 1.20553E-01
 2.78958E-02
 7.91966E-02
 1.13347E-01
 1.19412E-01
 1.20403E-01
 1.20527E-01
 1.20540E-01
 1.20542E-01
 1.20543E-01
 1.20544E-01
 1.20544E-01
 1.20545E-01
 1.20546E-01
 1.20546E-01
 1.20547E-01
 1.20547E-01
 1.20548E-01
 1.20548E-01
 1.20549E-01
 1.20549E-01
 1.20550E-01
 1.20550E-01
 1.20550E-01
 1.20551E-01
 1.20551E-01
 1.20551E-01
 1.20551E-01
 1.20552E-01
 1.20552E-01
 1.20552E-01
 1.20552E-01
 1.20552E-01
 1.20553E-01
 1.20553E-01
 1.20553E-01
 1.20553E-01
 1.20553E-01
 1.20553E-01
 1.20553E-01
 1.20553E-01
 1.10693E-01
 1.17047E-01
 1.19813E-01
 1.20434E-01
 1.20529E-01
 1.20540E-01
 1.20542E-01
 1.20543E-01
 1.20543E-01
 1.20544E-01
 1.20545E-01
 1.20545E-01
 1.20546E-01
 1.20546E-01
 1.20547E-01
 1.20548E-01
 1.20548E-01
 1.20548E-01
 1.20549E-01
 1.20549E-01
 1.20550E-01
 1.20550E-01
 1.20550E-01
 1.20551E-01
 1.20551E-01
 1.20551E-01
 1.20552E-01
 1.20552E-01
 1.20552E-01
 1.20552E-01
 1.20552E-01
 1.20553E-01
 1.20553E-01
 1.20553E-01
 1.20553E-01
 1.20553E-01
 1.20553E-01
 1.20553E-01
 1.20553E-01
 1.20553E-01
 1.19435E-01
 1.20219E-01
 1.20479E-01
 1.20533E-01
 1.20540E-01
 1.20542E-01
 1.20543E-01
 1.20543E-01
 1.20544E-01
 1.20544E-01
 1.20545E-01
 1.20546E-01
 1.20546E-01
 1.20547E-01
 1.20547E-01
 1.20548E-01
 1.20548E-01
 1.20549E-01
 1.20549E-01
 1.20549E-01
 1.20550E-01
 1.20550E-01
 1.20551E-01
 1.20551E-01
 1.20551E-01
 1.20551E-01
 1.20552E-01
 1.20552E-01
 1.20552E-01
 1.20552E-01
 1.20553E-01
 1.20553E-01
 1.20553E-01
 1.20553E-01
 1.20553E-01
 1.20553E-01
 1.20553E-01
 1.20553E-01
 1.20553E-01
 1.20553E-01
 1.20446E-01
 1.20516E-01
 1.20537E-01
 1.20541E-01
 1.20542E-01
 1.20543E-01
 1.20543E-01
 1.20544E-01
 1.20544E-01
 1.20545E-01
 1.20546E-01
 1.20546E-01
 1.20547E-01
 1.20547E-01
 1.20548E-01
 1.20548E-01
 1.20548E-01
 1.20549E-01
 1.20549E-01
 1.20550E-01
 1.20550E-01
 1.20550E-01
 1.20551E-01
 1.20551E-01
 1.20551E-01
 1.20552E-01
 1.20552E-01
 1.20552E-01
 1.20552E-01
 1.20552E-01
 1.20553E-01
 1.20553E-01
 1.20553E-01
 1.20553E-01
 1.20553E-01
 1.20553E-01
 1.20553E-01
 1.20553E-01
 1.20554E-01
 1.20554E-01
 1.20535E-01
 1.20541E-01
 1.20542E-01
 1.20543E-01
 1.20543E-01
 1.20544E-01
 1.20544E-01
 1.20544E-01
 1.20545E-01
 1.20545E-01
 1.20546E-01
 1.20546E-01
 1.20547E-01
 1.20547E-01
 1.20548E-01
 1.20548E-01
 1.20549E-01
 1.20549E-01
 1.20549E-01
 1.20550E-01
 1.20550E-01
 1.20551E-01
 1.20551E-01
 1.20551E-01
 1.20551E-01
 1.20552E-01
 1.20552E-01
 1.20552E-01
 1.20552E-01
 1.20553E-01
 1.20553E-01
 1.20553E-01
 1.20553E-01
 1.20553E-01
 1.20553E-01
 1.20554E-01
 1.20554E-01
 1.20554E-01
 1.20554E-01
 1.20554E-01
 1.20543E-01
 1.20543E-01
 1.20543E-01
 1.20544E-01
 1.20544E-01
 1.20544E-01
 1.20545E-01
 1.20545E-01
 1.20546E-01
 1.20546E-01
 1.20546E-01
 1.20547E-01
 1.20547E-01
 1.20548E-01
 1.20548E-01
 1.20549E-01
 1.20549E-01
 1.20549E-01
 1.20550E-01
 1.20550E-01
 1.20550E-01
 1.20551E-01
 1.20551E-01
 1.20551E-01
 1.20552E-01
 1.20552E-01
 1.20552E-01
 1.20552E-01
 1.20553E-01
 1.20553E-01
 1.20553E-01
 1.20553E-01
 1.20553E-01
 1.20553E-01
 1.20554E-01
 1.20554E-01
 1.20554E-01
 1.20554E-01
 1.20554E-01
 1.20554E-01
 1.20544E-01
 1.20544E-01
 1.20544E-01
 1.20544E-01
 1.20545E-01
 1.20545E-01
 1.20545E-01
 1.20546E-01
 1.20546E-01
 1.20546E-01
 1.20547E-01
 1.20547E-01
 1.20548E-01
 1.20548E-01
 1.20548E-01
 1.20549E-01
 1.20549E-01
 1.20550E-01
 1.20550E-01
 1.20550E-01
 1.20551E-01
 1.20551E-01
 1.20551E-01
 1.20552E-01
 1.20552E-01
 1.20552E-01
 1.20552E-01
 1.20553E-01
 1.20553E-01
 1.20553E-01
 1.20553E-01
 1.20553E-01
 1.20554E-01
 1.20554E-01
 1.20554E-01
 1.20554E-01
 1.20554E-01
 1.20554E-01
 1.20554E-01
 1.20554E-01
 1.20545E-01
 1.20545E-01
 1.20545E-01
 1.20545E-01
 1.20545E-01
 1.20546E-01
 1.20546E-01
 1.20546E-01
 1.20547E-01
 1.20547E-01
 1.20547E-01
 1.20548E-01
 1.20548E-01
 1.20548E-01
 1.20549E-01
 1.20549E-01
 1.20550E-01
 1.20550E-01
 1.20550E-01
 1.20551E-01
 1.20551E-01
 1.20551E-01
 1.20552E-01
 1.20552E-01
 1.20552E-01
 1.20552E-01
 1.20553E-01
 1.20553E-01
 1.20553E-01
 1.20553E-01
 1.20553E-01
 1.20554E-01
 1.20554E-01
 1.20554E-01
 1.20554E-01
 1.20554E-01
 1.20554E-01
 1.20554E-01
 1.20554E-01
 1.20554E-01
 1.20545E-01
 1.20546E-01
 1.20546E-01
 1.20546E-01
 1.20546E-01
 1.20546E-01
 1.20546E-01
 1.20547E-01
 1.20547E-01
 1.20547E-01
 1.20548E-01
 1.20548E-01
 1.20548E-01
 1.20549E-01
 1.20549E-01
 1.20549E-01
 1.20550E-01
 1.20550E-01
 1.20550E-01
 1.20551E-01
 1.20551E-01
 1.20551E-01
 1.20552E-01
 1.20552E-01
 1.20552E-01
 1.20553E-01
 1.20553E-01
 1.20553E-01
 1.20553E-01
 1.20553E-01
 1.20554E-01
 1.20554E-01
 1.20554E-01
 1.20554E-01
 1.20554E-01
 1.20554E-01
 1.20554E-01
 1.20554E-01
 1.20555E-01
 1.20555E-01
 1.20546E-01
 1.20546E-01
 1.20546E-01
 1.20546E-01
 1.20547E-01
 1.20547E-01
 1.20547E-01
 1.20547E-01
 1.20548E-01
 1.20548E-01
 1.20548E-01
 1.20548E-01
 1.20549E-01
 1.20549E-01
 1.20549E-01
 1.20550E-01
 1.20550E-01
 1.20550E-01
 1.20551E-01
 1.20551E-01
 1.20551E-01
 1.20552E-01
 1.20552E-01
 1.20552E-01
 1.20553E-01
 1.20553E-01
 1.20553E-01
 1.20553E-01
 1.20554E-01
 1.20554E-01
 1.20554E-01
 1.20554E-01
 1.20554E-01
 1.20554E-01
 1.20554E-01
 1.20555E-01
 1.20555E-01
 1.20555E-01
 1.20555E-01
 1.20555E-01
 1.20547E-01
 1.20547E-01
 1.20547E-01
 1.20547E-01
 1.20547E-01
 1.20547E-01
 1.20548E-01
 1.20548E-01
 1.20548E-01
 1.20548E-01
 1.20549E-01
 1.20549E-01
 1.20549E-01
 1.20549E-01
 1.20550E-01
 1.20550E-01
 1.20550E-01
 1.20551E-01
 1.20551E-01
 1.20551E-01
 1.20552E-01
 1.20552E-01
 1.20552E-01
 1.20553E-01
 1.20553E-01
 1.20553E-01
 1.20553E-01
 1.20554E-01
 1.20554E-01
 1.20554E-01
 1.20554E-01
 1.20554E-01
 1.20555E-01
 1.20555E-01
 1.20555E-01
 1.20555E-01
 1.20555E-01
 1.20555E-01
 1.20555E-01
 1.20555E-01
 1.20547E-01
 1.20547E-01
 1.20547E-01
 1.20547E-01
 1.20548E-01
 1.20548E-01
 1.20548E-01
 1.20548E-01
 1.20548E-01
 1.20549E-01
 1.20549E-01
 1.20549E-01
 1.20550E-01
 1.20550E-01
 1.20550E-01
 1.20550E-01
 1.20551E-01
 1.20551E-01
 1.20551E-01
 1.20552E-01
 1.20552E-01
 1.20552E-01
 1.20553E-01
 1.20553E-01
 1.20553E-01
 1.20553E-01
 1.20554E-01
 1.20554E-01
 1.20554E-01
 1.20554E-01
 1.20554E-01
 1.20555E-01
 1.20555E-01
 1.20555E-01
 1.20555E-01
 1.20555E-01
 1.20555E-01
 1.20555E-01
 1.20555E-01
 1.20555E-01
 1.20548E-01
 1.20548E-01
 1.20548E-01
 1.20548E-01
 1.20548E-01
 1.20548E-01
 1.20548E-01
 1.20549E-01
 1.20549E-01
 1.20549E-01
 1.20549E-01
 1.20550E-01
 1.20550E-01
 1.20550E-01
 1.20550E-01
 1.20551E-01
 1.20551E-01
 1.20551E-01
 1.20552E-01
 1.20552E-01
 1.20552E-01
 1.20552E-01
 1.20553E-01
 1.20553E-01
 1.20553E-01
 1.20554E-01
 1.20554E-01
 1.20554E-01
 1.20554E-01
 1.20555E-01
 1.20555E-01
 1.20555E-01
 1.20555E-01
 1.20555E-01
 1.20555E-01
 1.20555E-01
 1.20556E-01
 1.20556E-01
 1.20556E-01
 1.20556E-01
 1.20548E-01
 1.20548E-01
 1.20548E-01
 1.20548E-01
 1.20549E-01
 1.20549E-01
 1.20549E-01
 1.20549E-01
 1.20549E-01
 1.20549E-01
 1.20550E-01
 1.20550E-01
 1.20550E-01
 1.20550E-01
 1.20551E-01
 1.20551E-01
 1.20551E-01
 1.20552E-01
 1.20552E-01
 1.20552E-01
 1.20552E-01
 1.20553E-01
 1.20553E-01
 1.20553E-01
 1.20554E-01
 1.20554E-01
 1.20554E-01
 1.20554E-01
 1.20555E-01
 1.20555E-01
 1.20555E-01
 1.20555E-01
 1.20555E-01
 1.20556E-01
 1.20556E-01
 1.20556E-01
 1.20556E-01
 1.20556E-01
 1.20556E-01
 1.20556E-01
 1.20549E-01
 1.20549E-01
 1.20549E-01
 1.20549E-01
 1.20549E-01
 1.20549E-01
 1.20549E-01
 1.20549E-01
 1.20550E-01
 1.20550E-01
 1.20550E-01
 1.20550E-01
 1.20551E-01
 1.20551E-01
 1.20551E-01
 1.20551E-01
 1.20552E-01
 1.20552E-01
 1.20552E-01
 1.20552E-01
 1.20553E-01
 1.20553E-01
 1.20553E-01
 1.20554E-01
 1.20554E-01
 1.20554E-01
 1.20554E-01
 1.20555E-01
 1.20555E-01
 1.20555E-01
 1.20555E-01
 1.20556E-01
 1.20556E-01
 1.20556E-01
 1.20556E-01
 1.20556E-01
 1.20556E-01
 1.20556E-01
 1.20556E-01
 1.20556E-01
 1.20549E-01
 1.20549E-01
 1.20549E-01
 1.20549E-01
 1.20549E-01
 1.20550E-01
 1.20550E-01
 1.20550E-01
 1.20550E-01
 1.20550E-01
 1.20550E-01
 1.20551E-01
 1.20551E-01
 1.20551E-01
 1.20551E-01
 1.20552E-01
 1.20552E-01
 1.20552E-01
 1.20552E-01
 1.20553E-01
 1.20553E-01
 1.20553E-01
 1.20554E-01
 1.20554E-01
 1.20554E-01
 1.20554E-01
 1.20555E-01
 1.20555E-01
 1.20555E-01
 1.20555E-01
 1.20556E-01
 1.20556E-01
 1.20556E-01
 1.20556E-01
 1.20556E-01
 1.20557E-01
 1.20557E-01
 1.20557E-01
 1.20557E-01
 1.20557E-01
 1.20550E-01
 1.20550E-01
 1.20550E-01
 1.20550E-01
 1.20550E-01
 1.20550E-01
 1.20550E-01
 1.20550E-01
 1.20550E-01
 1.20551E-01
 1.20551E-01
 1.20551E-01
 1.20551E-01
 1.20551E-01
 1.20552E-01
 1.20552E-01
 1.20552E-01
 1.20552E-01
 1.20553E-01
 1.20553E-01
 1.20553E-01
 1.20554E-01
 1.20554E-01
 1.20554E-01
 1.20554E-01
 1.20555E-01
 1.20555E-01
 1.20555E-01
 1.20556E-01
 1.20556E-01
 1.20556E-01
 1.20556E-01
 1.20556E-01
 1.20557E-01
 1.20557E-01
 1.20557E-01
 1.20557E-01
 1.20557E-01
 1.20557E-01
 1.20557E-01
 1.20550E-01
 1.20550E-01
 1.20550E-01
 1.20550E-01
 1.20550E-01
 1.20550E-01
 1.20550E-01
 1.20551E-01
 1.20551E-01
 1.20551E-01
 1.20551E-01
 1.20551E-01
 1.20552E-01
 1.20552E-01
 1.20552E-01
 1.20552E-01
 1.20553E-01
 1.20553E-01
 1.20553E-01
 1.20553E-01
 1.20554E-01
 1.20554E-01
 1.20554E-01
 1.20554E-01
 1.20555E-01
 1.20555E-01
 1.20555E-01
 1.20556E-01
 1.20556E-01
 1.20556E-01
 1.20556E-01
 1.20557E-01
 1.20557E-01
 1.20557E-01
 1.20557E-01
 1.20557E-01
 1.20557E-01
 1.20558E-01
 1.20558E-01
 1.20558E-01
 1.20550E-01
 1.20550E-01
 1.20550E-01
 1.20550E-01
 1.20550E-01
 1.20551E-01
 1.20551E-01
 1.20551E-01
 1.20551E-01
 1.20551E-01
 1.20551E-01
 1.20552E-01
 1.20552E-01
 1.20552E-01
 1.20552E-01
 1.20553E-01
 1.20553E-01
 1.20553E-01
 1.20553E-01
 1.20554E-01
 1.20554E-01
 1.20554E-01
 1.20554E-01
 1.20555E-01
 1.20555E-01
 1.20555E-01
 1.20556E-01
 1.20556E-01
 1.20556E-01
 1.20557E-01
 1.20557E-01
 1.20557E-01
 1.20557E-01
 1.20557E-01
 1.20558E-01
 1.20558E-01
 1.20558E-01
 1.20558E-01
 1.20558E-01
 1.20558E-01
 1.20551E-01
 1.20551E-01
 1.20551E-01
 1.20551E-01
 1.20551E-01
 1.20551E-01
 1.20551E-01
 1.20551E-01
 1.20551E-01
 1.20551E-01
 1.20552E-01
 1.20552E-01
 1.20552E-01
 1.20552E-01
 1.20553E-01
 1.20553E-01
 1.20553E-01
 1.20553E-01
 1.20554E-01
 1.20554E-01
 1.20554E-01
 1.20554E-01
 1.20555E-01
 1.20555E-01
 1.20555E-01
 1.20556E-01
 1.20556E-01
 1.20556E-01
 1.20557E-01
 1.20557E-01
 1.20557E-01
 1.20557E-01
 1.20558E-01
 1.20558E-01
 1.20558E-01
 1.20558E-01
 1.20558E-01
 1.20559E-01
 1.20559E-01
 1.20559E-01
 1.20551E-01
 1.20551E-01
 1.20551E-01
 1.20551E-01
 1.20551E-01
 1.20551E-01
 1.20551E-01
 1.20551E-01
 1.20552E-01
 1.20552E-01
 1.20552E-01
 1.20552E-01
 1.20552E-01
 1.20553E-01
 1.20553E-01
 1.20553E-01
 1.20553E-01
 1.20554E-01
 1.20554E-01
 1.20554E-01
 1.20554E-01
 1.20555E-01
 1.20555E-01
 1.20555E-01
 1.20556E-01
 1.20556E-01
 1.20556E-01
 1.20557E-01
 1.20557E-01
 1.20557E-01
 1.20558E-01
 1.20558E-01
 1.20558E-01
 1.20558E-01
 1.20559E-01
 1.20559E-01
 1.20559E-01
 1.20559E-01
 1.20559E-01
 1.20559E-01
 1.20551E-01
 1.20551E-01
 1.20551E-01
 1.20551E-01
 1.20551E-01
 1.20551E-01
 1.20552E-01
 1.20552E-01
 1.20552E-01
 1.20552E-01
 1.20552E-01
 1.20552E-01
 1.20553E-01
 1.20553E-01
 1.20553E-01
 1.20553E-01
 1.20554E-01
 1.20554E-01
 1.20554E-01
 1.20554E-01
 1.20555E-01
 1.20555E-01
 1.20555E-01
 1.20556E-01
 1.20556E-01
 1.20556E-01
 1.20557E-01
 1.20557E-01
 1.20557E-01
 1.20558E-01
 1.20558E-01
 1.20558E-01
 1.20559E-01
 1.20559E-01
 1.20559E-01
 1.20559E-01
 1.20559E-01
 1.20560E-01
 1.20560E-01
 1.20560E-01
 1.20551E-01
 1.20551E-01
 1.20551E-01
 1.20552E-01
 1.20552E-01
 1.20552E-01
 1.20552E-01
 1.20552E-01
 1.20552E-01
 1.20552E-01
 1.20552E-01
 1.20553E-01
 1.20553E-01
 1.20553E-01
 1.20553E-01
 1.20554E-01
 1.20554E-01
 1.20554E-01
 1.20554E-01
 1.20555E-01
 1.20555E-01
 1.20555E-01
 1.20556E-01
 1.20556E-01
 1.20556E-01
 1.20557E-01
 1.20557E-01
 1.20557E-01
 1.20558E-01
 1.20558E-01
 1.20558E-01
 1.20559E-01
 1.20559E-01
 1.20559E-01
 1.20560E-01
 1.20560E-01
 1.20560E-01
 1.20560E-01
 1.20560E-01
 1.20560E-01
 1.20552E-01
 1.20552E-01
 1.20552E-01
 1.20552E-01
 1.20552E-01
 1.20552E-01
 1.20552E-01
 1.20552E-01
 1.20552E-01
 1.20552E-01
 1.20553E-01
 1.20553E-01
 1.20553E-01
 1.20553E-01
 1.20554E-01
 1.20554E-01
 1.20554E-01
 1.20554E-01
 1.20555E-01
 1.20555E-01
 1.20555E-01
 1.20556E-01
 1.20556E-01
 1.20556E-01
 1.20557E-01
 1.20557E-01
 1.20557E-01
 1.20558E-01
 1.20558E-01
 1.20558E-01
 1.20559E-01
 1.20559E-01
 1.20560E-01
 1.20560E-01
 1.20560E-01
 1.20560E-01
 1.20561E-01
 1.20561E-01
 1.20561E-01
 1.20561E-01
 1.20552E-01
 1.20552E-01
 1.20552E-01
 1.20552E-01
 1.20552E-01
 1.20552E-01
 1.20552E-01
 1.20552E-01
 1.20552E-01
 1.20553E-01
 1.20553E-01
 1.20553E-01
 1.20553E-01
 1.20553E-01
 1.20554E-01
 1.20554E-01
 1.20554E-01
 1.20555E-01
 1.20555E-01
 1.20555E-01
 1.20555E-01
 1.20556E-01
 1.20556E-01
 1.20557E-01
 1.20557E-01
 1.20557E-01
 1.20558E-01
 1.20558E-01
 1.20558E-01
 1.20559E-01
 1.20559E-01
 1.20560E-01
 1.20560E-01
 1.20560E-01
 1.20561E-01
 1.20561E-01
 1.20561E-01
 1.20561E-01
 1.20562E-01
 1.20562E-01
 1.20552E-01
 1.20552E-01
 1.20552E-01
 1.20552E-01
 1.20552E-01
 1.20552E-01
 1.20552E-01
 1.20553E-01
 1.20553E-01
 1.20553E-01
 1.20553E-01
 1.20553E-01
 1.20553E-01
 1.20554E-01
 1.20554E-01
 1.20554E-01
 1.20554E-01
 1.20555E-01
 1.20555E-01
 1.20555E-01
 1.20556E-01
 1.20556E-01
 1.20556E-01
 1.20557E-01
 1.20557E-01
 1.20558E-01
 1.20558E-01
 1.20558E-01
 1.20559E-01
 1.20559E-01
 1.20560E-01
 1.20560E-01
 1.20561E-01
 1.20561E-01
 1.20561E-01
 1.20562E-01
 1.20562E-01
 1.20562E-01
 1.20562E-01
 1.20562E-01
 1.20552E-01
 1.20552E-01
 1.20552E-01
 1.20552E-01
 1.20552E-01
 1.20552E-01
 1.20553E-01
 1.20553E-01
 1.20553E-01
 1.20553E-01
 1.20553E-01
 1.20553E-01
 1.20554E-01
 1.20554E-01
 1.20554E-01
 1.20554E-01
 1.20555E-01
 1.20555E-01
 1.20555E-01
 1.20556E-01
 1.20556E-01
 1.20556E-01
 1.20557E-01
 1.20557E-01
 1.20557E-01
 1.20558E-01
 1.20558E-01
 1.20559E-01
 1.20559E-01
 1.20560E-01
 1.20560E-01
 1.20561E-01
 1.20561E-01
 1.20562E-01
 1.20562E-01
 1.20562E-01
 1.20563E-01
 1.20563E-01
 1.20563E-01
 1.20563E-01
 1.20552E-01
 1.20552E-01
 1.20552E-01
 1.20552E-01
 1.20553E-01
 1.20553E-01
 1.20553E-01
 1.20553E-01
 1.20553E-01
 1.20553E-01
 1.20553E-01
 1.20554E-01
 1.20554E-01
 1.20554E-01
 1.20554E-01
 1.20555E-01
 1.20555E-01
 1.20555E-01
 1.20555E-01
 1.20556E-01
 1.20556E-01
 1.20556E-01
 1.20557E-01
 1.20557E-01
 1.20558E-01
 1.20558E-01
 1.20559E-01
 1.20559E-01
 1.20560E-01
 1.20560E-01
 1.20561E-01
 1.20561E-01
 1.20562E-01
 1.20562E-01
 1.20563E-01
 1.20563E-01
 1.20563E-01
 1.20564E-01
 1.20564E-01
 1.20564E-01
 1.20552E-01
 1.20553E-01
 1.20553E-01
 1.20553E-01
 1.20553E-01
 1.20553E-01
 1.20553E-01
 1.20553E-01
 1.20553E-01
 1.20553E-01
 1.20553E-01
 1.20554E-01
 1.20554E-01
 1.20554E-01
 1.20554E-01
 1.20555E-01
 1.20555E-01
 1.20555E-01
 1.20556E-01
 1.20556E-01
 1.20556E-01
 1.20557E-01
 1.20557E-01
 1.20557E-01
 1.20558E-01
 1.20558E-01
 1.20559E-01
 1.20559E-01
 1.20560E-01
 1.20560E-01
 1.20561E-01
 1.20562E-01
 1.20562E-01
 1.20563E-01
 1.20563E-01
 1.20564E-01
 1.20564E-01
 1.20565E-01
 1.20565E-01
 1.20565E-01
 1.20553E-01
 1.20553E-01
 1.20553E-01
 1.20553E-01
 1.20553E-01
 1.20553E-01
 1.20553E-01
 1.20553E-01
 1.20553E-01
 1.20553E-01
 1.20554E-01
 1.20554E-01
 1.20554E-01
 1.20554E-01
 1.20554E-01
 1.20555E-01
 1.20555E-01
 1.20555E-01
 1.20556E-01
 1.20556E-01
 1.20556E-01
 1.20557E-01
 1.20557E-01
 1.20558E-01
 1.20558E-01
 1.20559E-01
 1.20559E-01
 1.20560E-01
 1.20560E-01
 1.20561E-01
 1.20561E-01
 1.20562E-01
 1.20563E-01
 1.20563E-01
 1.20564E-01
 1.20565E-01
 1.20565E-01
 1.20566E-01
 1.20566E-01
 1.20566E-01
 1.20553E-01
 1.20553E-01
 1.20553E-01
 1.20553E-01
 1.20553E-01
 1.20553E-01
 1.20553E-01
 1.20553E-01
 1.20553E-01
 1.20554E-01
 1.20554E-01
 1.20554E-01
 1.20554E-01
 1.20554E-01
 1.20555E-01
 1.20555E-01
 1.20555E-01
 1.20555E-01
 1.20556E-01
 1.20556E-01
 1.20557E-01
 1.20557E-01
 1.20557E-01
 1.20558E-01
 1.20558E-01
 1.20559E-01
 1.20559E-01
 1.20560E-01
 1.20560E-01
 1.20561E-01
 1.20562E-01
 1.20562E-01
 1.20563E-01
 1.20564E-01
 1.20565E-01
 1.20565E-01
 1.20566E-01
 1.20567E-01
 1.20567E-01
 1.20568E-01
 1.20553E-01
 1.20553E-01
 1.20553E-01
 1.20553E-01
 1.20553E-01
 1.20553E-01
 1.20553E-01
 1.20553E-01
 1.20553E-01
 1.20554E-01
 1.20554E-01
 1.20554E-01
 1.20554E-01
 1.20554E-01
 1.20555E-01
 1.20555E-01
 1.20555E-01
 1.20556E-01
 1.20556E-01
 1.20556E-01
 1.20557E-01
 1.20557E-01
 1.20557E-01
 1.20558E-01
 1.20558E-01
 1.20559E-01
 1.20559E-01
 1.20560E-01
 1.20561E-01
 1.20561E-01
 1.20562E-01
 1.20563E-01
 1.20563E-01
 1.20564E-01
 1.20565E-01
 1.20566E-01
 1.20567E-01
 1.20568E-01
 1.20568E-01
 1.20569E-01
 1.20553E-01
 1.20553E-01
 1.20553E-01
 1.20553E-01
 1.20553E-01
 1.20553E-01
 1.20553E-01
 1.20553E-01
 1.20553E-01
 1.20554E-01
 1.20554E-01
 1.20554E-01
 1.20554E-01
 1.20554E-01
 1.20555E-01
 1.20555E-01
 1.20555E-01
 1.20556E-01
 1.20556E-01
 1.20556E-01
 1.20557E-01
 1.20557E-01
 1.20558E-01
 1.20558E-01
 1.20559E-01
 1.20559E-01
 1.20560E-01
 1.20560E-01
 1.20561E-01
 1.20561E-01
 1.20562E-01
 1.20563E-01
 1.20564E-01
 1.20565E-01
 1.20566E-01
 1.20567E-01
 1.20568E-01
 1.20568E-01
 1.20569E-01
 1.20570E-01
 1.20553E-01
 1.20553E-01
 1.20553E-01
 1.20553E-01
 1.20553E-01
 1.20553E-01
 1.20553E-01
 1.20553E-01
 1.20554E-01
 1.20554E-01
 1.20554E-01
 1.20554E-01
 1.20554E-01
 1.20555E-01
 1.20555E-01
 1.20555E-01
 1.20555E-01
 1.20556E-01
 1.20556E-01
 1.20556E-01
 1.20557E-01
 1.20557E-01
 1.20558E-01
 1.20558E-01
 1.20559E-01
 1.20559E-01
 1.20560E-01
 1.20560E-01
 1.20561E-01
 1.20562E-01
 1.20562E-01
 1.20563E-01
 1.20564E-01
 1.20565E-01
 1.20566E-01
 1.20567E-01
 1.20568E-01
 1.20569E-01
 1.20570E-01
 1.20571E-01
 1.20553E-01
 1.20553E-01
 1.20553E-01
 1.20553E-01
 1.20553E-01
 1.20553E-01
 1.20553E-01
 1.20553E-01
 1.20554E-01
 1.20554E-01
 1.20554E-01
 1.20554E-01
 1.20554E-01
 1.20555E-01
 1.20555E-01
 1.20555E-01
 1.20555E-01
 1.20556E-01
 1.20556E-01
 1.20556E-01
 1.20557E-01
 1.20557E-01
 1.20558E-01
 1.20558E-01
 1.20559E-01
 1.20559E-01
 1.20560E-01
 1.20560E-01
 1.20561E-01
 1.20562E-01
 1.20562E-01
 1.20563E-01
 1.20564E-01
 1.20565E-01
 1.20566E-01
 1.20568E-01
 1.20569E-01
 1.20570E-01
 1.20571E-01
 1.20571E-01
