 1.00000E+00
 1.00000E+00
 1.00000E+00
 1.00000E+00
 1.00000E+00
 7.72078E-01
 5.17293E-01
 5.01971E-01
 5.00252E-01
 5.00099E-01
 5.00087E-01
 5.00084E-01
 5.00083E-01
 5.00081E-01
 5.00080E-01
 5.00079E-01
 5.00078E-01
 5.00077E-01
 5.00076E-01
 5.00075E-01
 5.00075E-01
 5.00074E-01
 5.00073E-01
 5.00073E-01
 5.00072E-01
 5.00071E-01
 5.00071E-01
 5.00070E-01
 5.00070E-01
 5.00070E-01
 5.00069E-01
 5.00069E-01
 5.00069E-01
 5.00068E-01
 5.00068E-01
 5.00068E-01
 5.00068E-01
 5.00068E-01
 5.00068E-01
 5.00068E-01
 1.00000E+00
 1.00000E+00
 1.00000E+00
 1.00000E+00
 9.99991E-01
 5.85605E-01
 5.06042E-01
 5.00638E-01
 5.00132E-01
 5.00090E-01
 5.00086E-01
 5.00084E-01
 5.00083E-01
 5.00081E-01
 5.00080E-01
 5.00079E-01
 5.00078E-01
 5.00077E-01
 5.00076E-01
 5.00075E-01
 5.00075E-01
 5.00074E-01
 5.00073E-01
 5.00072E-01
 5.00072E-01
 5.00071E-01
 5.00071E-01
 5.00070E-01
 5.00070E-01
 5.00069E-01
 5.00069E-01
 5.00069E-01
 5.00069E-01
 5.00068E-01
 5.00068E-01
 5.00068E-01
 5.00068E-01
 5.00068E-01
 5.00068E-01
 5.00068E-01
 1.00000E+00
 1.00000E+00
 1.00000E+00
 1.00000E+00
 6.98616E-01
 5.12532E-01
 5.01331E-01
 5.00195E-01
 5.00096E-01
 5.00088E-01
 5.00085E-01
 5.00084E-01
 5.00082E-01
 5.00081E-01
 5.00080E-01
 5.00079E-01
 5.00078E-01
 5.00077E-01
 5.00076E-01
 5.00075E-01
 5.00074E-01
 5.00074E-01
 5.00073E-01
 5.00072E-01
 5.00072E-01
 5.00071E-01
 5.00071E-01
 5.00070E-01
 5.00070E-01
 5.00069E-01
 5.00069E-01
 5.00069E-01
 5.00068E-01
 5.00068E-01
 5.00068E-01
 5.00068E-01
 5.00068E-01
 5.00068E-01
 5.00067E-01
 5.00067E-01
 1.00000E+00
 1.00000E+00
 1.00000E+00
 7.71656E-01
 5.17150E-01
 5.02014E-01
 5.00272E-01
 5.00104E-01
 5.00089E-01
 5.00087E-01
 5.00085E-01
 5.00083E-01
 5.00082E-01
 5.00081E-01
 5.00080E-01
 5.00079E-01
 5.00078E-01
 5.00077E-01
 5.00076E-01
 5.00075E-01
 5.00074E-01
 5.00074E-01
 5.00073E-01
 5.00072E-01
 5.00072E-01
 5.00071E-01
 5.00071E-01
 5.00070E-01
 5.00070E-01
 5.00069E-01
 5.00069E-01
 5.00069E-01
 5.00068E-01
 5.00068E-01
 5.00068E-01
 5.00068E-01
 5.00068E-01
 5.00067E-01
 5.00067E-01
 5.00067E-01
 1.00000E+00
 9.99991E-01
 6.98616E-01
 5.17150E-01
 5.02300E-01
 5.00326E-01
 5.00111E-01
 5.00091E-01
 5.00088E-01
 5.00086E-01
 5.00084E-01
 5.00083E-01
 5.00082E-01
 5.00080E-01
 5.00079E-01
 5.00078E-01
 5.00077E-01
 5.00076E-01
 5.00076E-01
 5.00075E-01
 5.00074E-01
 5.00073E-01
 5.00073E-01
 5.00072E-01
 5.00072E-01
 5.00071E-01
 5.00070E-01
 5.00070E-01
 5.00070E-01
 5.00069E-01
 5.00069E-01
 5.00068E-01
 5.00068E-01
 5.00068E-01
 5.00068E-01
 5.00068E-01
 5.00067E-01
 5.00067E-01
 5.00067E-01
 5.00067E-01
 7.72078E-01
 5.85605E-01
 5.12532E-01
 5.02014E-01
 5.00326E-01
 5.00114E-01
 5.00091E-01
 5.00088E-01
 5.00086E-01
 5.00085E-01
 5.00084E-01
 5.00082E-01
 5.00081E-01
 5.00080E-01
 5.00079E-01
 5.00078E-01
 5.00077E-01
 5.00076E-01
 5.00075E-01
 5.00075E-01
 5.00074E-01
 5.00073E-01
 5.00073E-01
 5.00072E-01
 5.00071E-01
 5.00071E-01
 5.00070E-01
 5.00070E-01
 5.00069E-01
 5.00069E-01
 5.00069E-01
 5.00068E-01
 5.00068E-01
 5.00068E-01
 5.00068E-01
 5.00067E-01
 5.00067E-01
 5.00067E-01
 5.00067E-01
 5.00067E-01
 5.17293E-01
 5.06042E-01
 5.01331E-01
 5.00272E-01
 5.00111E-01
 5.00091E-01
 5.00088E-01
 5.00087E-01
 5.00085E-01
 5.00084E-01
 5.00083E-01
 5.00082E-01
 5.00081E-01
 5.00080E-01
 5.00079E-01
 5.00078E-01
 5.00077E-01
 5.00076E-01
 5.00075E-01
 5.00074E-01
 5.00074E-01
 5.00073E-01
 5.00072E-01
 5.00072E-01
 5.00071E-01
 5.00071E-01
 5.00070E-01
 5.00070E-01
 5.00069E-01
 5.00069E-01
 5.00068E-01
 5.00068E-01
 5.00068E-01
 5.00068E-01
 5.00067E-01
 5.00067E-01
 5.00067E-01
 5.00067E-01
 5.00067E-01
 5.00067E-01
 5.01972E-01
 5.00638E-01
 5.00195E-01
 5.00104E-01
 5.00091E-01
 5.00088E-01
 5.00087E-01
 5.00086E-01
 5.00084E-01
 5.00083E-01
 5.00082E-01
 5.00081E-01
 5.00080E-01
 5.00079E-01
 5.00078E-01
 5.00077E-01
 5.00076E-01
 5.00075E-01
 5.00075E-01
 5.00074E-01
 5.00073E-01
 5.00073E-01
 5.00072E-01
 5.00071E-01
 5.00071E-01
 5.00070E-01
 5.00070E-01
 5.00069E-01
 5.00069E-01
 5.00069E-01
 5.00068E-01
 5.00068E-01
 5.00068E-01
 5.00067E-01
 5.00067E-01
 5.00067E-01
 5.00067E-01
 5.00067E-01
 5.00067E-01
 5.00067E-01
 5.00252E-01
 5.00132E-01
 5.00096E-01
 5.00089E-01
 5.00088E-01
 5.00086E-01
 5.00085E-01
 5.00084E-01
 5.00083E-01
 5.00082E-01
 5.00081E-01
 5.00080E-01
 5.00079E-01
 5.00078E-01
 5.00078E-01
 5.00077E-01
 5.00076E-01
 5.00075E-01
 5.00074E-01
 5.00074E-01
 5.00073E-01
 5.00072E-01
 5.00072E-01
 5.00071E-01
 5.00071E-01
 5.00070E-01
 5.00070E-01
 5.00069E-01
 5.00069E-01
 5.00068E-01
 5.00068E-01
 5.00068E-01
 5.00067E-01
 5.00067E-01
 5.00067E-01
 5.00067E-01
 5.00067E-01
 5.00066E-01
 5.00066E-01
 5.00066E-01
 5.00099E-01
 5.00090E-01
 5.00088E-01
 5.00087E-01
 5.00086E-01
 5.00085E-01
 5.00084E-01
 5.00083E-01
 5.00082E-01
 5.00081E-01
 5.00080E-01
 5.00080E-01
 5.00079E-01
 5.00078E-01
 5.00077E-01
 5.00076E-01
 5.00075E-01
 5.00075E-01
 5.00074E-01
 5.00073E-01
 5.00073E-01
 5.00072E-01
 5.00071E-01
 5.00071E-01
 5.00070E-01
 5.00070E-01
 5.00069E-01
 5.00069E-01
 5.00068E-01
 5.00068E-01
 5.00068E-01
 5.00067E-01
 5.00067E-01
 5.00067E-01
 5.00067E-01
 5.00066E-01
 5.00066E-01
 5.00066E-01
 5.00066E-01
 5.00066E-01
 5.00087E-01
 5.00086E-01
 5.00085E-01
 5.00085E-01
 5.00084E-01
 5.00084E-01
 5.00083E-01
 5.00082E-01
 5.00081E-01
 5.00080E-01
 5.00080E-01
 5.00079E-01
 5.00078E-01
 5.00077E-01
 5.00076E-01
 5.00076E-01
 5.00075E-01
 5.00074E-01
 5.00073E-01
 5.00073E-01
 5.00072E-01
 5.00072E-01
 5.00071E-01
 5.00070E-01
 5.00070E-01
 5.00069E-01
 5.00069E-01
 5.00068E-01
 5.00068E-01
 5.00068E-01
 5.00067E-01
 5.00067E-01
 5.00067E-01
 5.00066E-01
 5.00066E-01
 5.00066E-01
 5.00066E-01
 5.00066E-01
 5.00066E-01
 5.00066E-01
 5.00084E-01
 5.00084E-01
 5.00084E-01
 5.00083E-01
 5.00083E-01
 5.00082E-01
 5.00082E-01
 5.00081E-01
 5.00080E-01
 5.00080E-01
 5.00079E-01
 5.00078E-01
 5.00077E-01
 5.00077E-01
 5.00076E-01
 5.00075E-01
 5.00074E-01
 5.00074E-01
 5.00073E-01
 5.00072E-01
 5.00072E-01
 5.00071E-01
 5.00071E-01
 5.00070E-01
 5.00069E-01
 5.00069E-01
 5.00069E-01
 5.00068E-01
 5.00068E-01
 5.00067E-01
 5.00067E-01
 5.00067E-01
 5.00066E-01
 5.00066E-01
 5.00066E-01
 5.00066E-01
 5.00066E-01
 5.00065E-01
 5.00065E-01
 5.00065E-01
 5.00083E-01
 5.00083E-01
 5.00082E-01
 5.00082E-01
 5.00082E-01
 5.00081E-01
 5.00081E-01
 5.00080E-01
 5.00079E-01
 5.00079E-01
 5.00078E-01
 5.00077E-01
 5.00077E-01
 5.00076E-01
 5.00075E-01
 5.00075E-01
 5.00074E-01
 5.00073E-01
 5.00073E-01
 5.00072E-01
 5.00071E-01
 5.00071E-01
 5.00070E-01
 5.00070E-01
 5.00069E-01
 5.00069E-01
 5.00068E-01
 5.00068E-01
 5.00067E-01
 5.00067E-01
 5.00067E-01
 5.00066E-01
 5.00066E-01
 5.00066E-01
 5.00065E-01
 5.00065E-01
 5.00065E-01
 5.00065E-01
 5.00065E-01
 5.00065E-01
 5.00081E-01
 5.00081E-01
 5.00081E-01
 5.00081E-01
 5.00080E-01
 5.00080E-01
 5.00080E-01
 5.00079E-01
 5.00078E-01
 5.00078E-01
 5.00077E-01
 5.00077E-01
 5.00076E-01
 5.00075E-01
 5.00075E-01
 5.00074E-01
 5.00073E-01
 5.00073E-01
 5.00072E-01
 5.00071E-01
 5.00071E-01
 5.00070E-01
 5.00070E-01
 5.00069E-01
 5.00069E-01
 5.00068E-01
 5.00068E-01
 5.00067E-01
 5.00067E-01
 5.00066E-01
 5.00066E-01
 5.00066E-01
 5.00065E-01
 5.00065E-01
 5.00065E-01
 5.00065E-01
 5.00065E-01
 5.00065E-01
 5.00064E-01
 5.00064E-01
 5.00080E-01
 5.00080E-01
 5.00080E-01
 5.00080E-01
 5.00079E-01
 5.00079E-01
 5.00079E-01
 5.00078E-01
 5.00078E-01
 5.00077E-01
 5.00076E-01
 5.00076E-01
 5.00075E-01
 5.00075E-01
 5.00074E-01
 5.00073E-01
 5.00073E-01
 5.00072E-01
 5.00072E-01
 5.00071E-01
 5.00070E-01
 5.00070E-01
 5.00069E-01
 5.00069E-01
 5.00068E-01
 5.00068E-01
 5.00067E-01
 5.00067E-01
 5.00066E-01
 5.00066E-01
 5.00066E-01
 5.00065E-01
 5.00065E-01
 5.00065E-01
 5.00065E-01
 5.00064E-01
 5.00064E-01
 5.00064E-01
 5.00064E-01
 5.00064E-01
 5.00079E-01
 5.00079E-01
 5.00079E-01
 5.00079E-01
 5.00078E-01
 5.00078E-01
 5.00078E-01
 5.00077E-01
 5.00077E-01
 5.00076E-01
 5.00076E-01
 5.00075E-01
 5.00075E-01
 5.00074E-01
 5.00073E-01
 5.00073E-01
 5.00072E-01
 5.00072E-01
 5.00071E-01
 5.00070E-01
 5.00070E-01
 5.00069E-01
 5.00069E-01
 5.00068E-01
 5.00068E-01
 5.00067E-01
 5.00067E-01
 5.00066E-01
 5.00066E-01
 5.00066E-01
 5.00065E-01
 5.00065E-01
 5.00065E-01
 5.00064E-01
 5.00064E-01
 5.00064E-01
 5.00064E-01
 5.00064E-01
 5.00063E-01
 5.00063E-01
 5.00078E-01
 5.00078E-01
 5.00078E-01
 5.00078E-01
 5.00077E-01
 5.00077E-01
 5.00077E-01
 5.00076E-01
 5.00076E-01
 5.00075E-01
 5.00075E-01
 5.00074E-01
 5.00074E-01
 5.00073E-01
 5.00073E-01
 5.00072E-01
 5.00072E-01
 5.00071E-01
 5.00070E-01
 5.00070E-01
 5.00069E-01
 5.00069E-01
 5.00068E-01
 5.00068E-01
 5.00067E-01
 5.00067E-01
 5.00066E-01
 5.00066E-01
 5.00065E-01
 5.00065E-01
 5.00065E-01
 5.00064E-01
 5.00064E-01
 5.00064E-01
 5.00063E-01
 5.00063E-01
 5.00063E-01
 5.00063E-01
 5.00063E-01
 5.00063E-01
 5.00077E-01
 5.00077E-01
 5.00077E-01
 5.00077E-01
 5.00076E-01
 5.00076E-01
 5.00076E-01
 5.00075E-01
 5.00075E-01
 5.00075E-01
 5.00074E-01
 5.00074E-01
 5.00073E-01
 5.00073E-01
 5.00072E-01
 5.00072E-01
 5.00071E-01
 5.00070E-01
 5.00070E-01
 5.00069E-01
 5.00069E-01
 5.00068E-01
 5.00068E-01
 5.00067E-01
 5.00067E-01
 5.00066E-01
 5.00066E-01
 5.00065E-01
 5.00065E-01
 5.00064E-01
 5.00064E-01
 5.00064E-01
 5.00063E-01
 5.00063E-01
 5.00063E-01
 5.00063E-01
 5.00062E-01
 5.00062E-01
 5.00062E-01
 5.00062E-01
 5.00076E-01
 5.00076E-01
 5.00076E-01
 5.00076E-01
 5.00076E-01
 5.00075E-01
 5.00075E-01
 5.00075E-01
 5.00074E-01
 5.00074E-01
 5.00073E-01
 5.00073E-01
 5.00073E-01
 5.00072E-01
 5.00072E-01
 5.00071E-01
 5.00070E-01
 5.00070E-01
 5.00069E-01
 5.00069E-01
 5.00068E-01
 5.00068E-01
 5.00067E-01
 5.00067E-01
 5.00066E-01
 5.00066E-01
 5.00065E-01
 5.00065E-01
 5.00064E-01
 5.00064E-01
 5.00064E-01
 5.00063E-01
 5.00063E-01
 5.00063E-01
 5.00062E-01
 5.00062E-01
 5.00062E-01
 5.00062E-01
 5.00062E-01
 5.00062E-01
 5.00075E-01
 5.00075E-01
 5.00075E-01
 5.00075E-01
 5.00075E-01
 5.00075E-01
 5.00074E-01
 5.00074E-01
 5.00074E-01
 5.00073E-01
 5.00073E-01
 5.00072E-01
 5.00072E-01
 5.00071E-01
 5.00071E-01
 5.00070E-01
 5.00070E-01
 5.00069E-01
 5.00069E-01
 5.00068E-01
 5.00068E-01
 5.00067E-01
 5.00067E-01
 5.00066E-01
 5.00066E-01
 5.00065E-01
 5.00065E-01
 5.00064E-01
 5.00064E-01
 5.00063E-01
 5.00063E-01
 5.00063E-01
 5.00062E-01
 5.00062E-01
 5.00062E-01
 5.00061E-01
 5.00061E-01
 5.00061E-01
 5.00061E-01
 5.00061E-01
 5.00075E-01
 5.00075E-01
 5.00074E-01
 5.00074E-01
 5.00074E-01
 5.00074E-01
 5.00074E-01
 5.00073E-01
 5.00073E-01
 5.00073E-01
 5.00072E-01
 5.00072E-01
 5.00071E-01
 5.00071E-01
 5.00070E-01
 5.00070E-01
 5.00069E-01
 5.00069E-01
 5.00068E-01
 5.00068E-01
 5.00067E-01
 5.00067E-01
 5.00066E-01
 5.00066E-01
 5.00065E-01
 5.00065E-01
 5.00064E-01
 5.00064E-01
 5.00063E-01
 5.00063E-01
 5.00062E-01
 5.00062E-01
 5.00062E-01
 5.00061E-01
 5.00061E-01
 5.00061E-01
 5.00060E-01
 5.00060E-01
 5.00060E-01
 5.00060E-01
 5.00074E-01
 5.00074E-01
 5.00074E-01
 5.00074E-01
 5.00073E-01
 5.00073E-01
 5.00073E-01
 5.00073E-01
 5.00072E-01
 5.00072E-01
 5.00072E-01
 5.00071E-01
 5.00071E-01
 5.00070E-01
 5.00070E-01
 5.00069E-01
 5.00069E-01
 5.00068E-01
 5.00068E-01
 5.00067E-01
 5.00067E-01
 5.00066E-01
 5.00066E-01
 5.00065E-01
 5.00065E-01
 5.00064E-01
 5.00064E-01
 5.00063E-01
 5.00063E-01
 5.00062E-01
 5.00062E-01
 5.00061E-01
 5.00061E-01
 5.00061E-01
 5.00060E-01
 5.00060E-01
 5.00060E-01
 5.00060E-01
 5.00059E-01
 5.00059E-01
 5.00073E-01
 5.00073E-01
 5.00073E-01
 5.00073E-01
 5.00073E-01
 5.00073E-01
 5.00072E-01
 5.00072E-01
 5.00072E-01
 5.00071E-01
 5.00071E-01
 5.00071E-01
 5.00070E-01
 5.00070E-01
 5.00069E-01
 5.00069E-01
 5.00068E-01
 5.00068E-01
 5.00067E-01
 5.00067E-01
 5.00066E-01
 5.00066E-01
 5.00065E-01
 5.00065E-01
 5.00064E-01
 5.00063E-01
 5.00063E-01
 5.00062E-01
 5.00062E-01
 5.00061E-01
 5.00061E-01
 5.00061E-01
 5.00060E-01
 5.00060E-01
 5.00059E-01
 5.00059E-01
 5.00059E-01
 5.00059E-01
 5.00059E-01
 5.00059E-01
 5.00073E-01
 5.00072E-01
 5.00072E-01
 5.00072E-01
 5.00072E-01
 5.00072E-01
 5.00072E-01
 5.00071E-01
 5.00071E-01
 5.00071E-01
 5.00070E-01
 5.00070E-01
 5.00070E-01
 5.00069E-01
 5.00069E-01
 5.00068E-01
 5.00068E-01
 5.00067E-01
 5.00067E-01
 5.00066E-01
 5.00066E-01
 5.00065E-01
 5.00065E-01
 5.00064E-01
 5.00063E-01
 5.00063E-01
 5.00062E-01
 5.00062E-01
 5.00061E-01
 5.00061E-01
 5.00060E-01
 5.00060E-01
 5.00059E-01
 5.00059E-01
 5.00059E-01
 5.00058E-01
 5.00058E-01
 5.00058E-01
 5.00058E-01
 5.00058E-01
 5.00072E-01
 5.00072E-01
 5.00072E-01
 5.00072E-01
 5.00072E-01
 5.00071E-01
 5.00071E-01
 5.00071E-01
 5.00071E-01
 5.00070E-01
 5.00070E-01
 5.00069E-01
 5.00069E-01
 5.00069E-01
 5.00068E-01
 5.00068E-01
 5.00067E-01
 5.00067E-01
 5.00066E-01
 5.00066E-01
 5.00065E-01
 5.00065E-01
 5.00064E-01
 5.00063E-01
 5.00063E-01
 5.00062E-01
 5.00062E-01
 5.00061E-01
 5.00061E-01
 5.00060E-01
 5.00060E-01
 5.00059E-01
 5.00059E-01
 5.00058E-01
 5.00058E-01
 5.00057E-01
 5.00057E-01
 5.00057E-01
 5.00057E-01
 5.00057E-01
 5.00071E-01
 5.00071E-01
 5.00071E-01
 5.00071E-01
 5.00071E-01
 5.00071E-01
 5.00071E-01
 5.00070E-01
 5.00070E-01
 5.00070E-01
 5.00069E-01
 5.00069E-01
 5.00069E-01
 5.00068E-01
 5.00068E-01
 5.00067E-01
 5.00067E-01
 5.00066E-01
 5.00066E-01
 5.00065E-01
 5.00065E-01
 5.00064E-01
 5.00063E-01
 5.00063E-01
 5.00062E-01
 5.00062E-01
 5.00061E-01
 5.00060E-01
 5.00060E-01
 5.00059E-01
 5.00059E-01
 5.00058E-01
 5.00058E-01
 5.00057E-01
 5.00057E-01
 5.00057E-01
 5.00056E-01
 5.00056E-01
 5.00056E-01
 5.00056E-01
 5.00071E-01
 5.00071E-01
 5.00071E-01
 5.00071E-01
 5.00070E-01
 5.00070E-01
 5.00070E-01
 5.00070E-01
 5.00070E-01
 5.00069E-01
 5.00069E-01
 5.00069E-01
 5.00068E-01
 5.00068E-01
 5.00067E-01
 5.00067E-01
 5.00066E-01
 5.00066E-01
 5.00065E-01
 5.00065E-01
 5.00064E-01
 5.00064E-01
 5.00063E-01
 5.00062E-01
 5.00062E-01
 5.00061E-01
 5.00060E-01
 5.00060E-01
 5.00059E-01
 5.00059E-01
 5.00058E-01
 5.00057E-01
 5.00057E-01
 5.00056E-01
 5.00056E-01
 5.00056E-01
 5.00055E-01
 5.00055E-01
 5.00055E-01
 5.00055E-01
 5.00070E-01
 5.00070E-01
 5.00070E-01
 5.00070E-01
 5.00070E-01
 5.00070E-01
 5.00070E-01
 5.00069E-01
 5.00069E-01
 5.00069E-01
 5.00068E-01
 5.00068E-01
 5.00068E-01
 5.00067E-01
 5.00067E-01
 5.00066E-01
 5.00066E-01
 5.00065E-01
 5.00065E-01
 5.00064E-01
 5.00064E-01
 5.00063E-01
 5.00062E-01
 5.00062E-01
 5.00061E-01
 5.00060E-01
 5.00060E-01
 5.00059E-01
 5.00058E-01
 5.00058E-01
 5.00057E-01
 5.00057E-01
 5.00056E-01
 5.00055E-01
 5.00055E-01
 5.00054E-01
 5.00054E-01
 5.00054E-01
 5.00054E-01
 5.00053E-01
 5.00070E-01
 5.00070E-01
 5.00070E-01
 5.00070E-01
 5.00070E-01
 5.00069E-01
 5.00069E-01
 5.00069E-01
 5.00069E-01
 5.00068E-01
 5.00068E-01
 5.00068E-01
 5.00067E-01
 5.00067E-01
 5.00066E-01
 5.00066E-01
 5.00065E-01
 5.00065E-01
 5.00064E-01
 5.00064E-01
 5.00063E-01
 5.00063E-01
 5.00062E-01
 5.00061E-01
 5.00061E-01
 5.00060E-01
 5.00059E-01
 5.00058E-01
 5.00058E-01
 5.00057E-01
 5.00056E-01
 5.00056E-01
 5.00055E-01
 5.00054E-01
 5.00054E-01
 5.00053E-01
 5.00053E-01
 5.00053E-01
 5.00052E-01
 5.00052E-01
 5.00070E-01
 5.00069E-01
 5.00069E-01
 5.00069E-01
 5.00069E-01
 5.00069E-01
 5.00069E-01
 5.00069E-01
 5.00068E-01
 5.00068E-01
 5.00068E-01
 5.00067E-01
 5.00067E-01
 5.00066E-01
 5.00066E-01
 5.00066E-01
 5.00065E-01
 5.00064E-01
 5.00064E-01
 5.00063E-01
 5.00063E-01
 5.00062E-01
 5.00061E-01
 5.00061E-01
 5.00060E-01
 5.00059E-01
 5.00059E-01
 5.00058E-01
 5.00057E-01
 5.00056E-01
 5.00056E-01
 5.00055E-01
 5.00054E-01
 5.00053E-01
 5.00053E-01
 5.00052E-01
 5.00052E-01
 5.00051E-01
 5.00051E-01
 5.00051E-01
 5.00069E-01
 5.00069E-01
 5.00069E-01
 5.00069E-01
 5.00069E-01
 5.00069E-01
 5.00068E-01
 5.00068E-01
 5.00068E-01
 5.00068E-01
 5.00067E-01
 5.00067E-01
 5.00067E-01
 5.00066E-01
 5.00066E-01
 5.00065E-01
 5.00065E-01
 5.00064E-01
 5.00064E-01
 5.00063E-01
 5.00062E-01
 5.00062E-01
 5.00061E-01
 5.00060E-01
 5.00060E-01
 5.00059E-01
 5.00058E-01
 5.00057E-01
 5.00056E-01
 5.00056E-01
 5.00055E-01
 5.00054E-01
 5.00053E-01
 5.00052E-01
 5.00052E-01
 5.00051E-01
 5.00050E-01
 5.00050E-01
 5.00050E-01
 5.00049E-01
 5.00069E-01
 5.00069E-01
 5.00069E-01
 5.00069E-01
 5.00068E-01
 5.00068E-01
 5.00068E-01
 5.00068E-01
 5.00068E-01
 5.00067E-01
 5.00067E-01
 5.00067E-01
 5.00066E-01
 5.00066E-01
 5.00065E-01
 5.00065E-01
 5.00064E-01
 5.00064E-01
 5.00063E-01
 5.00063E-01
 5.00062E-01
 5.00061E-01
 5.00061E-01
 5.00060E-01
 5.00059E-01
 5.00058E-01
 5.00057E-01
 5.00057E-01
 5.00056E-01
 5.00055E-01
 5.00054E-01
 5.00053E-01
 5.00052E-01
 5.00051E-01
 5.00050E-01
 5.00050E-01
 5.00049E-01
 5.00048E-01
 5.00048E-01
 5.00048E-01
 5.00069E-01
 5.00069E-01
 5.00068E-01
 5.00068E-01
 5.00068E-01
 5.00068E-01
 5.00068E-01
 5.00068E-01
 5.00067E-01
 5.00067E-01
 5.00067E-01
 5.00066E-01
 5.00066E-01
 5.00065E-01
 5.00065E-01
 5.00065E-01
 5.00064E-01
 5.00063E-01
 5.00063E-01
 5.00062E-01
 5.00062E-01
 5.00061E-01
 5.00060E-01
 5.00059E-01
 5.00059E-01
 5.00058E-01
 5.00057E-01
 5.00056E-01
 5.00055E-01
 5.00054E-01
 5.00053E-01
 5.00052E-01
 5.00051E-01
 5.00050E-01
 5.00049E-01
 5.00048E-01
 5.00048E-01
 5.00047E-01
 5.00046E-01
 5.00046E-01
 5.00068E-01
 5.00068E-01
 5.00068E-01
 5.00068E-01
 5.00068E-01
 5.00068E-01
 5.00068E-01
 5.00067E-01
 5.00067E-01
 5.00067E-01
 5.00066E-01
 5.00066E-01
 5.00066E-01
 5.00065E-01
 5.00065E-01
 5.00064E-01
 5.00064E-01
 5.00063E-01
 5.00063E-01
 5.00062E-01
 5.00061E-01
 5.00061E-01
 5.00060E-01
 5.00059E-01
 5.00058E-01
 5.00057E-01
 5.00056E-01
 5.00055E-01
 5.00054E-01
 5.00053E-01
 5.00052E-01
 5.00051E-01
 5.00050E-01
 5.00049E-01
 5.00048E-01
 5.00047E-01
 5.00046E-01
 5.00045E-01
 5.00044E-01
 5.00044E-01
 5.00068E-01
 5.00068E-01
 5.00068E-01
 5.00068E-01
 5.00068E-01
 5.00068E-01
 5.00067E-01
 5.00067E-01
 5.00067E-01
 5.00067E-01
 5.00066E-01
 5.00066E-01
 5.00065E-01
 5.00065E-01
 5.00065E-01
 5.00064E-01
 5.00063E-01
 5.00063E-01
 5.00062E-01
 5.00062E-01
 5.00061E-01
 5.00060E-01
 5.00059E-01
 5.00059E-01
 5.00058E-01
 5.00057E-01
 5.00056E-01
 5.00055E-01
 5.00054E-01
 5.00053E-01
 5.00052E-01
 5.00050E-01
 5.00049E-01
 5.00048E-01
 5.00047E-01
 5.00045E-01
 5.00044E-01
 5.00043E-01
 5.00042E-01
 5.00042E-01
 5.00068E-01
 5.00068E-01
 5.00068E-01
 5.00068E-01
 5.00068E-01
 5.00067E-01
 5.00067E-01
 5.00067E-01
 5.00067E-01
 5.00066E-01
 5.00066E-01
 5.00066E-01
 5.00065E-01
 5.00065E-01
 5.00064E-01
 5.00064E-01
 5.00063E-01
 5.00063E-01
 5.00062E-01
 5.00061E-01
 5.00061E-01
 5.00060E-01
 5.00059E-01
 5.00058E-01
 5.00057E-01
 5.00057E-01
 5.00056E-01
 5.00054E-01
 5.00053E-01
 5.00052E-01
 5.00051E-01
 5.00050E-01
 5.00048E-01
 5.00047E-01
 5.00045E-01
 5.00044E-01
 5.00043E-01
 5.00041E-01
 5.00040E-01
 5.00040E-01
 5.00068E-01
 5.00068E-01
 5.00068E-01
 5.00068E-01
 5.00067E-01
 5.00067E-01
 5.00067E-01
 5.00067E-01
 5.00067E-01
 5.00066E-01
 5.00066E-01
 5.00066E-01
 5.00065E-01
 5.00065E-01
 5.00064E-01
 5.00064E-01
 5.00063E-01
 5.00062E-01
 5.00062E-01
 5.00061E-01
 5.00060E-01
 5.00060E-01
 5.00059E-01
 5.00058E-01
 5.00057E-01
 5.00056E-01
 5.00055E-01
 5.00054E-01
 5.00053E-01
 5.00052E-01
 5.00050E-01
 5.00049E-01
 5.00048E-01
 5.00046E-01
 5.00044E-01
 5.00043E-01
 5.00041E-01
 5.00039E-01
 5.00038E-01
 5.00037E-01
 5.00068E-01
 5.00068E-01
 5.00068E-01
 5.00067E-01
 5.00067E-01
 5.00067E-01
 5.00067E-01
 5.00067E-01
 5.00066E-01
 5.00066E-01
 5.00066E-01
 5.00065E-01
 5.00065E-01
 5.00065E-01
 5.00064E-01
 5.00064E-01
 5.00063E-01
 5.00062E-01
 5.00062E-01
 5.00061E-01
 5.00060E-01
 5.00060E-01
 5.00059E-01
 5.00058E-01
 5.00057E-01
 5.00056E-01
 5.00055E-01
 5.00054E-01
 5.00053E-01
 5.00051E-01
 5.00050E-01
 5.00048E-01
 5.00047E-01
 5.00045E-01
 5.00043E-01
 5.00041E-01
 5.00039E-01
 5.00038E-01
 5.00036E-01
 5.00035E-01
 5.00068E-01
 5.00068E-01
 5.00067E-01
 5.00067E-01
 5.00067E-01
 5.00067E-01
 5.00067E-01
 5.00067E-01
 5.00066E-01
 5.00066E-01
 5.00066E-01
 5.00065E-01
 5.00065E-01
 5.00064E-01
 5.00064E-01
 5.00063E-01
 5.00063E-01
 5.00062E-01
 5.00062E-01
 5.00061E-01
 5.00060E-01
 5.00059E-01
 5.00059E-01
 5.00058E-01
 5.00057E-01
 5.00056E-01
 5.00055E-01
 5.00054E-01
 5.00052E-01
 5.00051E-01
 5.00050E-01
 5.00048E-01
 5.00046E-01
 5.00044E-01
 5.00042E-01
 5.00040E-01
 5.00038E-01
 5.00036E-01
 5.00034E-01
 5.00033E-01
 5.00068E-01
 5.00068E-01
 5.00067E-01
 5.00067E-01
 5.00067E-01
 5.00067E-01
 5.00067E-01
 5.00067E-01
 5.00066E-01
 5.00066E-01
 5.00066E-01
 5.00065E-01
 5.00065E-01
 5.00064E-01
 5.00064E-01
 5.00063E-01
 5.00063E-01
 5.00062E-01
 5.00062E-01
 5.00061E-01
 5.00060E-01
 5.00059E-01
 5.00059E-01
 5.00058E-01
 5.00057E-01
 5.00056E-01
 5.00055E-01
 5.00053E-01
 5.00052E-01
 5.00051E-01
 5.00049E-01
 5.00048E-01
 5.00046E-01
 5.00044E-01
 5.00042E-01
 5.00040E-01
 5.00037E-01
 5.00035E-01
 5.00033E-01
 5.00031E-01
