  0.0000000000000000E+00
  1.3420870612020902E-04
  2.5523585044222985E-04
  3.3494549860831394E-04
  3.8805928206651224E-04
  4.2457537659022087E-04
  4.5057343502309845E-04
  4.7009246052534060E-04
  4.8544996423900634E-04
  4.9829075457443373E-04
  5.0945635937733587E-04
  5.1965310964185226E-04
  5.2919038470941723E-04
  5.3836617832887909E-04
  5.4714137390742760E-04
  5.5575005443286342E-04
  5.6415755474982325E-04
  5.7252615656544026E-04
  5.8085746670303218E-04
  5.8920158292318436E-04
  5.9753327701386966E-04
  6.0585524661456707E-04
  6.1419198650506735E-04
  6.2249446799717651E-04
  6.3081811346530541E-04
  6.3912659410916286E-04
  6.4743237552465931E-04
  6.5575405395635353E-04
  6.6405004694232049E-04
  6.7235645869035429E-04
  6.8067498946518203E-04
  6.8897169479555413E-04
  6.9727806286184969E-04
  7.0559396441908704E-04
  7.1390239367614332E-04
  7.2220964980884489E-04
  7.3052480917458885E-04
  7.3884644549864007E-04
  7.4716411376955056E-04
  7.5548144106013211E-04
  7.6380469370984020E-04
  7.7213302593478951E-04
  7.8046579572251277E-04
  7.8880249846030061E-04
  7.9713898025179886E-04
  8.0546283922928693E-04
  8.1377430839318682E-04
  8.2208988054237764E-04
  8.3040942399759013E-04
  8.3873284881082622E-04
  8.4706041217929564E-04
  8.5539153576371459E-04
  8.6372643102124310E-04
  8.7206533628419634E-04
  8.8040764729099157E-04
  8.8875104321424459E-04
  8.9709802793242648E-04
  9.0544843243138280E-04
  9.1380205337225607E-04
  9.2215721662909568E-04
  9.3051211194568253E-04
  9.3886863608487155E-04
  9.4722418566067941E-04
  9.5557691990341080E-04
  9.6392685565947452E-04
  9.7230032891190352E-04
  9.8099092065494090E-04
  9.8709232436614610E-04
  9.9441199154723619E-04
  1.0035948032812146E-03
  1.0122711287359741E-03
  1.0219372364889019E-03
  1.0307650645423334E-03
  1.0405330775610220E-03
  1.0495118060508623E-03
  1.0587711438677643E-03
  1.0672959556978895E-03
  1.0762692578164454E-03
  1.0846925288321943E-03
  1.0936018575498148E-03
  1.1019423351347304E-03
  1.1106726294135862E-03
  1.1189424466921190E-03
  1.1277044330118865E-03
  1.1360309991124628E-03
  1.1447484813152087E-03
  1.1529743859083604E-03
  1.1616700566095400E-03
  1.1699688918025554E-03
  1.1787251848703034E-03
  1.1869652158754958E-03
  1.1956200629347948E-03
  1.2039096172068212E-03
  1.2126272592334808E-03
  1.2209535669568674E-03
  1.2295783608264057E-03
  1.2378665105881681E-03
  1.2465539483671139E-03
  1.2549179436127029E-03
  1.2635460325891017E-03
  1.2718376494266592E-03
  1.2805010605695488E-03
  1.2888671816130113E-03
  1.2975198537754369E-03
  1.3058182144676119E-03
  1.3144611349094218E-03
  1.3228275651455163E-03
  1.3314775516115962E-03
  1.3397659135321975E-03
  1.3483684364932159E-03
  1.3567158829934924E-03
  1.3653493802842276E-03
  1.3736591646822465E-03
  1.3822766780382889E-03
  1.3906773291707010E-03
  1.3993048931080186E-03
  1.4075733965403564E-03
  1.4160619585105614E-03
  1.4242638549760930E-03
  1.4326599592831256E-03
  1.4407382195967401E-03
  1.4490608864927100E-03
  1.4571733484538846E-03
  1.4654994985429750E-03
  1.4735886462217652E-03
  1.4819419750748872E-03
  1.4901460402101125E-03
  1.4985248618311301E-03
  1.5067104833842073E-03
  1.5151227738965979E-03
  1.5233714575114878E-03
  1.5317378174694676E-03
  1.5399521792901817E-03
  1.5483705891866989E-03
  1.5565913465149593E-03
  1.5649623185590041E-03
  1.5731957850215975E-03
  1.5816068203372386E-03
  1.5898041560601318E-03
  1.5981765998281559E-03
  1.6064944157996458E-03
  1.6148280383277151E-03
  1.6230932765462181E-03
  1.6314394448899159E-03
  1.6397032180558123E-03
  1.6480116377705068E-03
  1.6562873875613886E-03
  1.6646164774981671E-03
  1.6728636769207206E-03
  1.6811914973795406E-03
  1.6894706006520897E-03
  1.6977706699593470E-03
  1.7060476753345873E-03
  1.7143773753287505E-03
  1.7226326578215893E-03
  1.7309599451650200E-03
  1.7392293159304200E-03
  1.7475172061992856E-03
  1.7557898442652220E-03
  1.7640914420498524E-03
  1.7723475018445553E-03
  1.7806673522732092E-03
  1.7889250060733146E-03
  1.7972282365692567E-03
  1.8055313384485541E-03
  1.8138204851757718E-03
  1.8221033815550734E-03
  1.8304147038383665E-03
  1.8386877850417268E-03
  1.8470147467587650E-03
  1.8552866273715408E-03
  1.8636036084179193E-03
  1.8718974220786864E-03
  1.8802064611943938E-03
  1.8885165834961184E-03
  1.8968215216736079E-03
  1.9051272612868562E-03
  1.9134470357740827E-03
  1.9217500729924440E-03
  1.9300819189577035E-03
  1.9383838789163665E-03
  1.9467254112212910E-03
  1.9550277861023488E-03
  1.9633691023313343E-03
  1.9716809675391308E-03
  1.9800221429528237E-03
  1.9883429807669144E-03
  1.9966853255142390E-03
  2.0050136125010988E-03
  2.0133583079459632E-03
  2.0216928402869688E-03
  2.0300396188069358E-03
  2.0383682659221350E-03
  2.0467095513618224E-03
  2.0550422342980840E-03
  2.0633887350978634E-03
  2.0717251889375361E-03
  2.0800775631215243E-03
  2.0884172370443928E-03
  2.0967759809768730E-03
  2.1051185124439675E-03
  2.1134780707996771E-03
  2.1218289449689491E-03
  2.1301890190477128E-03
  2.1385485082475210E-03
  2.1469091475359494E-03
  2.1552748091900054E-03
  2.1636383039625746E-03
  2.1720043709586123E-03
  2.1803759327529491E-03
  2.1887423577507995E-03
  2.1971156897821888E-03
  2.2054878857958012E-03
  2.2138603686192924E-03
  2.2222270973982303E-03
  2.2305843894765312E-03
  2.2389396964090057E-03
  2.2472974102853279E-03
  2.2556552888486196E-03
  2.2640102932696927E-03
  2.2723655758107864E-03
  2.2807206871603321E-03
  2.2890744546935696E-03
  2.2974412191309728E-03
  2.3061673485996938E-03
  2.3116504843853883E-03
  2.3181200171600610E-03
  2.3263763820514749E-03
  2.3345053782157185E-03
  2.3436677238537150E-03
  2.3522444343142333E-03
  2.3616650634645346E-03
  2.3703193391045366E-03
  2.3797354674443437E-03
  2.3883654739551893E-03
  2.3976186890292111E-03
  2.4065418597913647E-03
  2.4157438377913607E-03
  2.4243210442476786E-03
  2.4333181766827859E-03
  2.4417837408454010E-03
  2.4507075600804372E-03
  2.4591405443411714E-03
  2.4680445856327723E-03
  2.4763188913940145E-03
  2.4850569251781084E-03
  2.4933476056873852E-03
  2.5021037464659393E-03
  2.5104268348835174E-03
  2.5192098942120092E-03
  2.5275300805400786E-03
  2.5362834171237009E-03
  2.5445325097192884E-03
  2.5532159895055814E-03
  2.5615027363337381E-03
  2.5702234808724295E-03
  2.5785182211976675E-03
  2.5872183657843057E-03
  2.5955424558432943E-03
  2.6042592156405552E-03
  2.6125336953371683E-03
  2.6212141601880323E-03
  2.6294896051992302E-03
  2.6381539290242710E-03
  2.6464715864762327E-03
  2.6551774378449347E-03
  2.6635455964300701E-03
  2.6722044836198721E-03
  2.6804737438368138E-03
  2.6891117732251607E-03
  2.6974297132187661E-03
  2.7061068253056118E-03
  2.7144700335758657E-03
  2.7231426969846631E-03
  2.7314463079180086E-03
  2.7400514396749773E-03
  2.7483629902251682E-03
  2.7570130451334439E-03
  2.7653592431081467E-03
  2.7740104231925777E-03
  2.7823892892602999E-03
  2.7910389723987518E-03
  2.7993695016594452E-03
  2.8079797049488636E-03
  2.8162720573984166E-03
  2.8248449696529334E-03
  2.8331331463801483E-03
  2.8417009451392854E-03
  2.8499370828182820E-03
  2.8583926026908776E-03
  2.8665964448077010E-03
  2.8750801520847848E-03
  2.8833334515222446E-03
  2.8918713121567313E-03
  2.9001492642829175E-03
  2.9086379204244037E-03
  2.9169223337740550E-03
  2.9254801699896680E-03
  2.9338079907676837E-03
  2.9423426470658442E-03
  2.9506423044056841E-03
  2.9591170035672557E-03
  2.9673274315678549E-03
  2.9757278851343409E-03
  2.9838824410915168E-03
  2.9922575461130475E-03
  3.0004251556526667E-03
  3.0088114432005931E-03
  3.0169001399868189E-03
  3.0252119083317569E-03
  3.0333359915041746E-03
  3.0416828789565109E-03
  3.0498390298786485E-03
  3.0582024948753029E-03
  3.0663516507099839E-03
  3.0746908729465368E-03
  3.0828702425527606E-03
  3.0912342042143624E-03
  3.0994447537475854E-03
  3.1078539702342600E-03
  3.1160647512543365E-03
  3.1244128630528085E-03
  3.1326120310016317E-03
  3.1409952763574766E-03
  3.1492341440641867E-03
  3.1576207637610256E-03
  3.1658189105708699E-03
  3.1741756003652627E-03
  3.1823975913042274E-03
  3.1907573608057874E-03
  3.1989871993765816E-03
  3.2073806278186613E-03
  3.2155852757319459E-03
  3.2239230819768416E-03
  3.2321404739059315E-03
  3.2405121543508625E-03
  3.2487574719090666E-03
  3.2571120735933800E-03
  3.2653205926484463E-03
  3.2736742662030239E-03
  3.2819015322595444E-03
  3.2902619095979179E-03
  3.2985197306432922E-03
  3.3068586693536031E-03
  3.3150733807784574E-03
  3.3234202776341601E-03
  3.3316729015163710E-03
  3.3400365621038403E-03
  3.3482633435392936E-03
  3.3565884380751926E-03
  3.3648197330546732E-03
  3.3731544175918146E-03
  3.3814066218768590E-03
  3.3897524101139816E-03
  3.3979682890868230E-03
  3.4062963715615481E-03
  3.4145493163283474E-03
  3.4228928003926613E-03
  3.4311416509284977E-03
  3.4394657846609439E-03
  3.4477071371081694E-03
  3.4560432772081963E-03
  3.4643147463125348E-03
  3.4726483554412750E-03
  3.4808893865652395E-03
  3.4892246216931076E-03
  3.4974883625192694E-03
  3.5058370289511565E-03
  3.5140995340136680E-03
  3.5224213230718943E-03
  3.5306873109271020E-03
  3.5390376457058960E-03
  3.5473203013968654E-03
  3.5556423472339360E-03
  3.5639143620783660E-03
  3.5722514503393997E-03
  3.5805450923301211E-03
  3.5888849496211032E-03
  3.5971559127732527E-03
  3.6054989395419594E-03
  3.6137899656296427E-03
  3.6221444498908571E-03
  3.6304454071511556E-03
  3.6387728173828565E-03
  3.6470791013724670E-03
  3.6554066956043648E-03
  3.6636980533421553E-03
  3.6720101085768206E-03
  3.6803100823995386E-03
  3.6886440804238820E-03
  3.6969429508019905E-03
  3.7052589915759775E-03
  3.7135638738466617E-03
  3.7218977887712294E-03
  3.7302093556936681E-03
  3.7385269126219748E-03
  3.7468409103244503E-03
  3.7551767949657914E-03
  3.7634967981053560E-03
  3.7718181546327703E-03
  3.7801395546883379E-03
  3.7884801401204746E-03
  3.7968033240525596E-03
  3.8051315534946401E-03
  3.8134595894274816E-03
  3.8218065287218524E-03
  3.8301311523816287E-03
  3.8384662519288996E-03
  3.8468019724329427E-03
  3.8551540972771858E-03
  3.8634796734474323E-03
  3.8718213326969196E-03
  3.8801646935579075E-03
  3.8885127561919235E-03
  3.8968458303880855E-03
  3.9051949704205979E-03
  3.9135447237761906E-03
  3.9218881911884914E-03
  3.9302281795331670E-03
  3.9385846486210112E-03
  3.9469306052116173E-03
  3.9553871050307483E-03
  3.9637777173712361E-03
  3.9708288143464106E-03
  3.9782387029506094E-03
  3.9864037675930077E-03
  3.9945727266641005E-03
  4.0031796428318805E-03
  4.0115860619527200E-03
  4.0203403219461580E-03
  4.0288129347621996E-03
  4.0375886961450348E-03
  4.0460032298789894E-03
  4.0547156452374646E-03
  4.0631087431703796E-03
  4.0717932375131964E-03
  4.0801631402399823E-03
  4.0888049115399162E-03
  4.0973325415244238E-03
  4.1060011047061463E-03
  4.1144246338995624E-03
  4.1230272541727580E-03
  4.1314205520329404E-03
  4.1399940605405536E-03
  4.1483758441215142E-03
  4.1569210435033373E-03
  4.1652282127277963E-03
  4.1737308961367755E-03
  4.1820452991366761E-03
  4.1905483232002822E-03
  4.1988756825059367E-03
  4.2073841508650893E-03
  4.2157181401867591E-03
  4.2242408146483060E-03
  4.2325831429936124E-03
  4.2411139911331273E-03
  4.2494717446120251E-03
  4.2579838852282561E-03
  4.2662884658047516E-03
  4.2747648486578995E-03
  4.2830798373920198E-03
  4.2915700946670925E-03
  4.2998960951461454E-03
  4.3083992752764588E-03
  4.3167373047142393E-03
  4.3252496354162888E-03
  4.3336032344789320E-03
  4.3421250117585538E-03
  4.3504935941223429E-03
  4.3589652263418240E-03
  4.3672804675421928E-03
  4.3757554752209384E-03
  4.3840824834289940E-03
  4.3925689998831480E-03
  4.4009079855030393E-03
  4.4094057400830269E-03
  4.4177570401645770E-03
  4.4265369011276187E-03
  4.4349334756905202E-03
  4.4413483091165209E-03
  4.4480866312098461E-03
  4.4560620955953374E-03
  4.4639334229534082E-03
  4.4726327197942587E-03
  4.4809294455577060E-03
  4.4898790353358328E-03
  4.4983415482474313E-03
  4.5073678259623159E-03
  4.5158667097396571E-03
  4.5249007180349111E-03
  4.5333231424434500E-03
  4.5422381152803769E-03
  4.5506118942643600E-03
  4.5595267512923048E-03
  4.5679037720019145E-03
  4.5768165335989758E-03
  4.5851986481472914E-03
  4.5941062810346232E-03
  4.6024093079290954E-03
  4.6113935412150277E-03
  4.6199121809729939E-03
  4.6287654275616466E-03
  4.6372097464169575E-03
  4.6460176041909912E-03
  4.6544105079644469E-03
  4.6631065467295039E-03
  4.6713930918873365E-03
  4.6800503064010754E-03
  4.6883549689797780E-03
  4.6970327512726295E-03
  4.7053728437321607E-03
  4.7140854734386969E-03
  4.7224637997135459E-03
  4.7311434938901494E-03
  4.7395006593641794E-03
  4.7482184977340018E-03
  4.7565612024769799E-03
  4.7652124761295919E-03
  4.7735258096322291E-03
  4.7821581508348801E-03
  4.7903849625371671E-03
  4.7989270462781277E-03
  4.8071327337232926E-03
  4.8156552289126469E-03
  4.8238635174583603E-03
  4.8323939327033095E-03
  4.8406224945839729E-03
  4.8490746556146174E-03
  4.8571978443887592E-03
  4.8656360212599248E-03
  4.8737925676595288E-03
  4.8822671935363536E-03
  4.8904725973265336E-03
  4.8989888247724829E-03
  4.9071863617467437E-03
  4.9156937427303092E-03
  4.9239444735303750E-03
  4.9324951969720310E-03
  4.9407337511366460E-03
  4.9492531785698514E-03
  4.9574872246936613E-03
  4.9659761105878154E-03
  4.9742158454057868E-03
  4.9827331216830816E-03
  4.9910059319667639E-03
  4.9995512241707285E-03
  5.0078475512196005E-03
  5.0163622995996688E-03
  5.0246105053646257E-03
  5.0330886294758159E-03
  5.0413376331620253E-03
  5.0498433642144564E-03
  5.0581248689952557E-03
  5.0666041781366718E-03
  5.0748622972225351E-03
  5.0833674693007624E-03
  5.0916579858342123E-03
  5.1001903676305919E-03
  5.1084751891090283E-03
  5.1169139576298884E-03
  5.1251445595856832E-03
  5.1336069366889692E-03
  5.1418674735539934E-03
  5.1503544451821561E-03
  5.1586389537066138E-03
  5.1670978829069574E-03
  5.1753626886863252E-03
  5.1838445245096969E-03
  5.1920967096433790E-03
  5.2005435530545130E-03
  5.2087866547946863E-03
  5.2172096283714699E-03
  5.2254561123183827E-03
  5.2339118100414774E-03
  5.2421975728646382E-03
  5.2506896473092134E-03
  5.2589772370839798E-03
  5.2674487951052899E-03
  5.2757144903122308E-03
  5.2841760308303502E-03
  5.2924794620404086E-03
  5.3009472136502723E-03
  5.3092221695947269E-03
  5.3176703665037232E-03
  5.3259490300234299E-03
  5.3343948122943586E-03
  5.3426635784762202E-03
  5.3510145653228435E-03
  5.3591944919675911E-03
  5.3675335891006266E-03
  5.3757147363490913E-03
  5.3840571986693538E-03
  5.3922137837880768E-03
  5.4005359570486024E-03
  5.4087166732392084E-03
  5.4170612337923396E-03
  5.4252396021968116E-03
  5.4335193761298117E-03
  5.4416663650999619E-03
  5.4499718494270362E-03
  5.4581518171936457E-03
  5.4664801302674298E-03
  5.4746613614104064E-03
  5.4829994437103086E-03
  5.4912229914944712E-03
  5.4995794989083054E-03
  5.5077774816013562E-03
  5.5161092135915819E-03
  5.5243332671006127E-03
  5.5327010391290100E-03
  5.5409602008304748E-03
  5.5493229119294848E-03
  5.5575774899525353E-03
  5.5659659563477544E-03
  5.5742163233356169E-03
  5.5825674641289263E-03
  5.5907996926402234E-03
  5.5991589644809993E-03
  5.6074190318665552E-03
  5.6157984848173260E-03
  5.6240538628743548E-03
  5.6324304729763342E-03
  5.6407028832065539E-03
  5.6490562255392474E-03
  5.6572884142661907E-03
  5.6656322276590967E-03
  5.6738964852583677E-03
  5.6822624407047882E-03
  5.6905292339643121E-03
  5.6988891439327888E-03
  5.7071752153527756E-03
  5.7155184093980989E-03
  5.7237682956261986E-03
  5.7321063609022506E-03
  5.7403750142320797E-03
  5.7487344896577650E-03
  5.7569996004973702E-03
  5.7653508909527671E-03
  5.7736368495262414E-03
  5.7819752028296124E-03
  5.7902222674913444E-03
  5.7985556296813083E-03
  5.8068275375594116E-03
  5.8151793673542227E-03
  5.8234523722013381E-03
  5.8318087376581489E-03
  5.8401043340251145E-03
  5.8484324927979220E-03
  5.8566946557677491E-03
  5.8650359463709584E-03
  5.8733234414178716E-03
  5.8816653712759235E-03
  5.8899535072903762E-03
  5.8983067154943312E-03
  5.9065823508336526E-03
  5.9149006917351967E-03
  5.9231698144263977E-03
  5.9315084251485815E-03
  5.9397816791475523E-03
  5.9481251484515673E-03
  5.9564225200339771E-03
  5.9647729532432189E-03
  5.9730399164867089E-03
  5.9813733109811166E-03
  5.9896534617973844E-03
  5.9979905918271497E-03
  6.0062861183422522E-03
  6.0146381085628949E-03
  6.0229396206320776E-03
  6.0312773919416768E-03
  6.0395629363553570E-03
  6.0478970469034672E-03
  6.0561936495907541E-03
  6.0645443971423492E-03
  6.0728479336263456E-03
  6.0812082198870160E-03
  6.0895069074821699E-03
  6.0978406877285245E-03
  6.1061406556266974E-03
  6.1144886406732293E-03
  6.1227962937526054E-03
  6.1311560582314132E-03
  6.1394770395620333E-03
  6.1478187284997009E-03
  6.1561236275692790E-03
  6.1644683402739889E-03
  6.1727814872411975E-03
  6.1811412019554058E-03
  6.1894629412608615E-03
  6.1978283385932705E-03
  6.2061345940650197E-03
  6.2144804335799164E-03
  6.2227994937888321E-03
  6.2311545042474199E-03
  6.2394823598388898E-03
  6.2478498005008876E-03
  6.2561707721349698E-03
  6.2645197769758748E-03
  6.2728394162379769E-03
  6.2811939884898213E-03
  6.2895182760295647E-03
  6.2978767399331573E-03
  6.3062072256940879E-03
  6.3145466372311861E-03
  6.3228635094964144E-03
  6.3312130103680142E-03
  6.3395387562947087E-03
  6.3481389776605390E-03
  6.3565219308639653E-03
  6.3628749084928939E-03
  6.3696648655240905E-03
  6.3775450071950649E-03
  6.3854180241980415E-03
  6.3939902767480798E-03
  6.4022557723755376E-03
  6.4110392808947409E-03
  6.4194310225461453E-03
  6.4282798189404218E-03
  6.4367011488501184E-03
  6.4455615533463252E-03
  6.4539480246138953E-03
  6.4627552049025200E-03
  6.4711004713717780E-03
  6.4798907402728121E-03
  6.4882362394852022E-03
  6.4970113172881363E-03
  6.5053196266635551E-03
  6.5140443516387703E-03
  6.5223331076232280E-03
  6.5310369169568686E-03
  6.5395800009508650E-03
  6.5483465279252192E-03
  6.5567679335504017E-03
  6.5654440938209642E-03
  6.5738196613952735E-03
  6.5824778630385406E-03
  6.5908410284241589E-03
  6.5994152133899966E-03
  6.6076843394089974E-03
  6.6162379852417351E-03
  6.6245232347999844E-03
  6.6330916904827116E-03
  6.6413967875620155E-03
  6.6499699439113297E-03
  6.6582767911429848E-03
  6.6668606585605665E-03
  6.6751965674550825E-03
  6.6837825106163149E-03
  6.6920952914180628E-03
  6.7006591707512641E-03
  6.7089839998557242E-03
  6.7175276266807716E-03
  6.7258186537849920E-03
  6.7343593982771626E-03
  6.7426526926053386E-03
  6.7511927703868858E-03
  6.7595054421036660E-03
  6.7680420253567923E-03
  6.7763371852967436E-03
  6.7848659822265320E-03
  6.7931748470736741E-03
  6.8017250727054977E-03
  6.8100596660267288E-03
  6.8186232820997726E-03
  6.8269672907664671E-03
  6.8354882684072121E-03
  6.8437893473000926E-03
  6.8522967420648791E-03
  6.8605869959578328E-03
  6.8691012519463152E-03
  6.8774120817276154E-03
  6.8859482712216886E-03
  6.8942824082612875E-03
  6.9028256230434073E-03
  6.9111718620549966E-03
  6.9197258488351383E-03
  6.9280631409805605E-03
  6.9366071640425209E-03
  6.9449137044332240E-03
  6.9534185141457826E-03
  6.9617351174581631E-03
  6.9702565362959202E-03
  6.9785815417743764E-03
  6.9871106922634561E-03
  6.9954385009345027E-03
  7.0039535217213981E-03
  7.0122782992361830E-03
  7.0208005201782553E-03
  7.0291486086815355E-03
  7.0376949215359254E-03
  7.0460638801615452E-03
  7.0545774227250098E-03
  7.0629181161772732E-03
  7.0714225249842591E-03
  7.0797573219519129E-03
  7.0882755323586049E-03
  7.0966277853658360E-03
  7.1051583489970737E-03
  7.1135147914435908E-03
  7.1220387220411402E-03
  7.1303936328305480E-03
  7.1388944905611566E-03
  7.1472175113876631E-03
  7.1556816884246590E-03
  7.1639552657419151E-03
  7.1723974379345051E-03
  7.1806776115582007E-03
  7.1891231205611248E-03
  7.1974161248082062E-03
  7.2058627038529381E-03
  7.2141373680264720E-03
  7.2225752698309746E-03
  7.2308666177484130E-03
  7.2393198502924399E-03
  7.2476256999129537E-03
  7.2560832842402312E-03
  7.2643676711068705E-03
  7.2727975943340907E-03
  7.2810746814552345E-03
  7.2895113171316615E-03
  7.2978189096243352E-03
  7.3062772446880545E-03
  7.3146077825185386E-03
  7.3230916440739247E-03
  7.3314459617611879E-03
  7.3399308858161710E-03
  7.3482833582164944E-03
  7.3567655110925263E-03
  7.3650872123257336E-03
  7.3735497391705608E-03
  7.3818899903455928E-03
  7.3903620273045468E-03
  7.3987014257739332E-03
  7.4071491317721835E-03
  7.4154649481409721E-03
  7.4239045247857230E-03
  7.4322149718851925E-03
  7.4406471772676007E-03
  7.4489489567182952E-03
  7.4573434564925711E-03
  7.4658517452297762E-03
  7.4742193147379074E-03
  7.4809619328723032E-03
  7.4881521944558669E-03
  7.4959038869346064E-03
  7.5038101063458849E-03
  7.5120703840358275E-03
  7.5202928839754116E-03
  7.5287404523647220E-03
  7.5370680363407499E-03
  7.5455712030374289E-03
  7.5538907173967182E-03
  7.5623702786895243E-03
  7.5707015583607604E-03
  7.5791720951023222E-03
  7.5874861357343856E-03
  7.5959738053376150E-03
  7.6043072640085462E-03
  7.6128148045916614E-03
  7.6211682120221891E-03
  7.6296723445208239E-03
  7.6379739010599751E-03
  7.6464571712856512E-03
  7.6547833010875621E-03
  7.6632888128387753E-03
  7.6716336317554923E-03
  7.6801561032640159E-03
  7.6885082419013090E-03
  7.6970263716056456E-03
  7.7053712830126905E-03
  7.7138469721258840E-03
  7.7223485497367999E-03
  7.7308503648476383E-03
  7.7392334539270018E-03
  7.7476688612321499E-03
  7.7560181224552204E-03
  7.7644511823663793E-03
  7.7728062317834338E-03
  7.7812259091798409E-03
  7.7895523670049732E-03
  7.7979490001372749E-03
  7.8062677653302753E-03
  7.8146792785475042E-03
  7.8230180040014079E-03
  7.8314501219213673E-03
  7.8398099141832340E-03
  7.8482398330203765E-03
  7.8565618097064735E-03
  7.8649410231165593E-03
  7.8732316447319168E-03
  7.8816153025212561E-03
  7.8899277384149296E-03
  7.8983172943087147E-03
  7.9066348838492256E-03
  7.9150399517404855E-03
  7.9233398080663670E-03
  7.9317329035959484E-03
  7.9400516021010496E-03
  7.9484509019914600E-03
  7.9567797801745558E-03
  7.9652018505279570E-03
  7.9735537905634649E-03
  7.9819865439130413E-03
  7.9902680612866043E-03
  7.9986289972592845E-03
  8.0069206037705863E-03
  8.0153042483579497E-03
  8.0236188747685924E-03
  8.0320218613569878E-03
  8.0403446751071452E-03
  8.0487324815896877E-03
  8.0570413608972540E-03
  8.0654418010157134E-03
  8.0737739072417932E-03
  8.0821835942694251E-03
  8.0905246695600844E-03
  8.0989569263939607E-03
  8.1072735118177652E-03
  8.1156423992871374E-03
  8.1239328918069585E-03
  8.1323108313996768E-03
  8.1406218946393927E-03
  8.1490227360632560E-03
  8.1573570262475099E-03
  8.1657647134171230E-03
  8.1740748112139050E-03
  8.1824741154031110E-03
  8.1908073441295422E-03
  8.1992295061895735E-03
  8.2075743578979062E-03
  8.2160036736445737E-03
  8.2243166093350206E-03
  8.2326902991270989E-03
  8.2409973002715298E-03
  8.2493814998018441E-03
  8.2577012029871229E-03
  8.2661074798043386E-03
  8.2744394910020998E-03
  8.2828402042042226E-03
  8.2911520316678380E-03
  8.2995502104214313E-03
  8.3078847980791529E-03
  8.3163053892233406E-03
  8.3246519755554096E-03
  8.3330451795796730E-03
  8.3413446371690958E-03
  8.3497217264080440E-03
  8.3580299964237832E-03
  8.3664171839879526E-03
  8.3747412152131544E-03
  8.3831480438566752E-03
  8.3914796258218495E-03
  8.3998666776971820E-03
  8.4081908463022291E-03
  8.4165967860753386E-03
  8.4249398438778177E-03
  8.4333550699870110E-03
  8.4416647351287719E-03
  8.4500269741436818E-03
  8.4583280431813138E-03
  8.4667025817315774E-03
  8.4750181327617868E-03
  8.4834169767607371E-03
  8.4917589040800091E-03
  8.5001508337746931E-03
  8.5084849180584385E-03
  8.5169019641048137E-03
  8.5252636149437244E-03
  8.5336997093417039E-03
  8.5420617601585664E-03
  8.5504559984729174E-03
  8.5587938737090898E-03
  8.5672038728456888E-03
  8.5755533288965780E-03
  8.5839746965254184E-03
  8.5923230773471224E-03
  8.6007172827227783E-03
  8.6090450022072440E-03
  8.6174408573793763E-03
  8.6257641137011207E-03
  8.6341536505019009E-03
  8.6424559467493632E-03
  8.6507815176896461E-03
  8.6590353167462428E-03
  8.6673568088540560E-03
  8.6756148203777864E-03
  8.6839400588144735E-03
  8.6921827027127193E-03
  8.7004996373548291E-03
  8.7087563666696319E-03
  8.7170909676028679E-03
  8.7253594998407177E-03
  8.7336954316063423E-03
  8.7419548169864851E-03
  8.7502650975780517E-03
  8.7585054366950653E-03
  8.7668228146295640E-03
  8.7750685322599605E-03
  8.7833847206227385E-03
  8.7916403500180856E-03
  8.7999758983542623E-03
  8.8082549185053496E-03
  8.8166074177898970E-03
  8.8248890470234015E-03
  8.8332511808941021E-03
  8.8415578947742095E-03
  8.8499091325691757E-03
  8.8581873076159726E-03
  8.8665304227225020E-03
  8.8748176598677682E-03
  8.8831796422012294E-03
  8.8914856773879506E-03
  8.8998539821823763E-03
  8.9081582350964469E-03
  8.9165322271467784E-03
  8.9248506253551338E-03
  8.9332387246523429E-03
  8.9415456370985497E-03
  8.9498947700541384E-03
  8.9581914775808315E-03
  8.9665536900520072E-03
  8.9748620871905379E-03
  8.9833602446596859E-03
  8.9916795235438496E-03
  8.9991966981706317E-03
  9.0068468316426009E-03
  9.0149846818173528E-03
  9.0230646520431407E-03
  9.0314792111609605E-03
  9.0397029012625491E-03
  9.0481928118208346E-03
  9.0564695712357854E-03
  9.0649973172711850E-03
  9.0733065789281760E-03
  9.0818488034915268E-03
  9.0901558114449450E-03
  9.0986976992784574E-03
  9.1070121274402244E-03
  9.1155619529278923E-03
  9.1238638438694529E-03
  9.1323737654816078E-03
  9.1406572310783665E-03
  9.1491758071525035E-03
  9.1574641562151664E-03
  9.1659792166620090E-03
  9.1742707824810539E-03
  9.1827949770226947E-03
  9.1910934880975632E-03
  9.1996078265308683E-03
  9.2080172141822784E-03
  9.2165492544886794E-03
  9.2248867098307669E-03
  9.2333768475629172E-03
  9.2417021583176932E-03
  9.2501505228156020E-03
  9.2584337992494287E-03
  9.2668785798261117E-03
  9.2751689344142459E-03
  9.2836248684539310E-03
  9.2919215358155602E-03
  9.3003729589030346E-03
  9.3086531286666087E-03
  9.3170956700212373E-03
  9.3253821997151196E-03
  9.3338305595078944E-03
  9.3421322678952021E-03
  9.3505904016904003E-03
  9.3588995491519378E-03
  9.3673674171395778E-03
  9.3756918703542386E-03
  9.3841613513198224E-03
  9.3924660374466694E-03
  9.4009260316743493E-03
  9.4092149953774913E-03
  9.4176377229253736E-03
  9.4259222192395516E-03
  9.4343575039371810E-03
  9.4426506769616312E-03
  9.4510937758896692E-03
  9.4594015417232887E-03
  9.4678436286978560E-03
  9.4761337448138923E-03
  9.4845702799846044E-03
  9.4928718852765499E-03
  9.5013161781997042E-03
  9.5096296380376925E-03
  9.5180847752921391E-03
  9.5264078397796822E-03
  9.5348725598287196E-03
  9.5432088186240948E-03
  9.5516621047997442E-03
  9.5599663005596011E-03
  9.5686635447966347E-03
  9.5769693533366892E-03
  9.5838701913960166E-03
  9.5909764591287031E-03
  9.5989245447469906E-03
  9.6067794550415819E-03
  9.6152552981403003E-03
  9.6234454014623265E-03
  9.6321117618237400E-03
  9.6404038504331012E-03
  9.6491416371406059E-03
  9.6574931102502148E-03
  9.6662399301065544E-03
  9.6745715033970513E-03
  9.6833205767560600E-03
  9.6916267739643961E-03
  9.7003262085100048E-03
  9.7086069579468224E-03
  9.7172937641408948E-03
  9.7255724452205185E-03
  9.7342603505643482E-03
  9.7425521921801223E-03
  9.7512491937056071E-03
  9.7595528906138582E-03
  9.7682586635851557E-03
  9.7765668159009896E-03
  9.7852596717564622E-03
  9.7935534935093098E-03
  9.8022018026986870E-03
  9.8104602292224917E-03
  9.8192230742737887E-03
  9.8276443808186977E-03
  9.8363254294726362E-03
  9.8447028267680051E-03
  9.8533289066111696E-03
  9.8616330327249962E-03
  9.8702224022052948E-03
  9.8785360572553604E-03
  9.8871356752890018E-03
  9.8954215321655457E-03
  9.9039805487454845E-03
  9.9122742027085171E-03
  9.9208422239645787E-03
  9.9291329852751829E-03
  9.9377006413393400E-03
  9.9460087158023160E-03
  9.9545904755860282E-03
  9.9629159020379991E-03
  9.9715119106581138E-03
  9.9798549012835476E-03
  9.9884133293611926E-03
  9.9967021190987982E-03
  1.0005232600391678E-02
  1.0013494810652583E-02
  1.0022020693883712E-02
  1.0030309718282188E-02
  1.0038860690222126E-02
  1.0047179293228887E-02
  1.0055755097239757E-02
  1.0064085453526217E-02
  1.0072643904140989E-02
  1.0080953145303393E-02
  1.0089513547245781E-02
  1.0097847965940807E-02
  1.0106422370715934E-02
  1.0114764285941050E-02
  1.0123332087223788E-02
  1.0131653874318929E-02
  1.0140202711059599E-02
  1.0148481681526723E-02
  1.0156955468209213E-02
  1.0165171155895950E-02
  1.0173607766869883E-02
  1.0181818546348790E-02
  1.0190240123150930E-02
  1.0198441411540695E-02
  1.0206864484023860E-02
  1.0215077548843803E-02
  1.0223514935245828E-02
  1.0231746421227903E-02
  1.0240189255759572E-02
  1.0248389620460740E-02
  1.0256798761117776E-02
  1.0265008938072046E-02
  1.0273438109919897E-02
  1.0281639482567335E-02
  1.0290050265730403E-02
  1.0298274302515460E-02
  1.0306706555754587E-02
  1.0314939948325783E-02
  1.0323366812004273E-02
  1.0331588947827243E-02
  1.0340020534138678E-02
  1.0348274877061987E-02
  1.0356733399985829E-02
  1.0365012438297566E-02
  1.0373477031184184E-02
  1.0381764971188076E-02
  1.0390248637955467E-02
  1.0398555879059935E-02
  1.0407001747010824E-02
  1.0415246650687224E-02
  1.0423677296073089E-02
  1.0431927760399548E-02
  1.0440358723058690E-02
  1.0448622355896270E-02
  1.0457069995846590E-02
  1.0465353722251672E-02
  1.0473818920500791E-02
  1.0482078241108013E-02
  1.0490506278308916E-02
  1.0498775539130731E-02
  1.0507220961370717E-02
  1.0515510178357911E-02
  1.0523973105738643E-02
  1.0532271847291318E-02
  1.0540698186802354E-02
  1.0548972632313455E-02
  1.0557376836439984E-02
  1.0565632433238702E-02
  1.0574052273485764E-02
  1.0582326052733789E-02
  1.0590753270205198E-02
  1.0599032397151480E-02
  1.0607469999521797E-02
  1.0615766390234389E-02
  1.0624205299142318E-02
  1.0632481322665310E-02
  1.0640907798233666E-02
  1.0649188762944194E-02
  1.0657600839823806E-02
  1.0665860559162755E-02
  1.0674271610673204E-02
  1.0682549831076976E-02
  1.0690975296138201E-02
  1.0699229120936895E-02
  1.0707630996312922E-02
  1.0715906917192633E-02
  1.0724329832456320E-02
  1.0732631720623102E-02
  1.0741071844288869E-02
  1.0749386530896634E-02
  1.0757841335121471E-02
  1.0766152690580639E-02
  1.0774582633419580E-02
  1.0782872903194258E-02
  1.0791292420402407E-02
  1.0799593742379461E-02
  1.0808024128702822E-02
  1.0816337321576086E-02
  1.0824774645099861E-02
  1.0833066821117650E-02
  1.0841466218256162E-02
  1.0849747287480000E-02
  1.0858147343957857E-02
  1.0866431536783724E-02
  1.0874833001629603E-02
  1.0883117149276922E-02
  1.0891498187230548E-02
  1.0899713098215760E-02
  1.0908042388870007E-02
  1.0916261067979122E-02
  1.0924595148039189E-02
  1.0932816870244742E-02
  1.0941153846204402E-02
  1.0949389222150370E-02
  1.0957723243992173E-02
  1.0965944316594546E-02
  1.0974274841970276E-02
  1.0982504675736570E-02
  1.0990846982997002E-02
  1.0999093685257380E-02
  1.1007445612420558E-02
  1.1015667652917897E-02
  1.1023971523498710E-02
  1.1032183345587501E-02
  1.1040503627922573E-02
  1.1048735645123788E-02
  1.1057073590191910E-02
  1.1065321085028043E-02
  1.1073673079897827E-02
  1.1081915630256676E-02
  1.1090263222674649E-02
  1.1098526872163060E-02
  1.1106889634330659E-02
  1.1115172340983165E-02
  1.1123539938379834E-02
  1.1131810510769903E-02
  1.1140154564119297E-02
  1.1148418282391969E-02
  1.1156778542471277E-02
  1.1165061284458122E-02
  1.1173437947941138E-02
  1.1181734111322339E-02
  1.1190111339389245E-02
  1.1198396536055208E-02
  1.1206771950658952E-02
  1.1215072912543551E-02
  1.1223457811540221E-02
  1.1231757777759215E-02
  1.1240126545399392E-02
  1.1248400142094937E-02
  1.1256745756814462E-02
  1.1265018845606564E-02
  1.1273376026629714E-02
  1.1281664347959000E-02
  1.1290035347183399E-02
  1.1298326656602534E-02
  1.1306683797179674E-02
  1.1314974670844885E-02
  1.1323345355324534E-02
  1.1331648949945962E-02
  1.1340012313126997E-02
  1.1348298259928469E-02
  1.1356640531173188E-02
  1.1364919446792828E-02
  1.1373271793073687E-02
  1.1381563007684923E-02
  1.1389928572790191E-02
  1.1398233969969675E-02
  1.1406588350621147E-02
  1.1414883844908895E-02
  1.1423252672177595E-02
  1.1431564939822869E-02
  1.1440142002015040E-02
  1.1448461122236341E-02
  1.1455677646274308E-02
  1.1463073349280165E-02
  1.1471027814466902E-02
  1.1478945105439132E-02
  1.1487255888252692E-02
  1.1495404220328598E-02
  1.1503853127908538E-02
  1.1512087779516102E-02
  1.1520591372613216E-02
  1.1528861203388868E-02
  1.1537391630859279E-02
  1.1545648744132104E-02
  1.1554154724630547E-02
  1.1562410302269030E-02
  1.1570916382141314E-02
  1.1579177022991070E-02
  1.1587697977976000E-02
  1.1595955090048932E-02
  1.1604470056465067E-02
  1.1612739720517126E-02
  1.1621265329486581E-02
  1.1629532284047903E-02
  1.1638029750989364E-02
  1.1646272104020651E-02
  1.1654771215829484E-02
  1.1663030191879373E-02
  1.1671542983164413E-02
  1.1679811025499181E-02
  1.1688320257890204E-02
  1.1696592950291216E-02
  1.1705114583184455E-02
  1.1713392973366954E-02
  1.1721895226496054E-02
  1.1730137259900412E-02
  1.1738600936925735E-02
  1.1746837479964063E-02
  1.1755303782790258E-02
  1.1763683371398123E-02
  1.1772190342158709E-02
  1.1780513322677214E-02
  1.1788993538825640E-02
  1.1797289314244574E-02
  1.1805735522384012E-02
  1.1814013503200769E-02
  1.1822458702783738E-02
  1.1830749177300041E-02
  1.1839206670273005E-02
  1.1847504663925331E-02
  1.1855962859855896E-02
  1.1864271396614360E-02
  1.1872736604210263E-02
  1.1881035437189017E-02
  1.1889485494333338E-02
  1.1897788613742388E-02
  1.1906221167578727E-02
  1.1914499346925700E-02
  1.1922931790799726E-02
  1.1931214801092547E-02
  1.1939654580401093E-02
  1.1947947885119600E-02
  1.1956377190013015E-02
  1.1964658233412143E-02
  1.1973091390592499E-02
  1.1981388048055507E-02
  1.1989836230816373E-02
  1.1998143919880116E-02
  1.2006596704409862E-02
  1.2014916458996926E-02
  1.2023372194554698E-02
  1.2031681328266755E-02
  1.2040129806937444E-02
  1.2048448640097494E-02
  1.2056910374493338E-02
  1.2065203165207006E-02
  1.2073630246671371E-02
  1.2081931392207002E-02
  1.2090373145782490E-02
  1.2098666832402285E-02
  1.2107091008175292E-02
  1.2115392433011319E-02
  1.2123831078975723E-02
  1.2132147924545800E-02
  1.2140591271257429E-02
  1.2148912241665396E-02
  1.2157367168944904E-02
  1.2165686540596989E-02
  1.2174125714636287E-02
  1.2182448311569396E-02
  1.2190901534277101E-02
  1.2199237212582613E-02
  1.2207684695394879E-02
  1.2215991329448003E-02
  1.2224424866522598E-02
  1.2232728297179238E-02
  1.2241147531167723E-02
  1.2249456305625829E-02
  1.2257888792596237E-02
  1.2266206905227728E-02
  1.2274647107443495E-02
  1.2282979564258511E-02
  1.2291430798858709E-02
  1.2299755408397563E-02
  1.2308195620801182E-02
  1.2316530783328830E-02
  1.2324979693235608E-02
  1.2333324430318685E-02
  1.2341785234812950E-02
  1.2350131528313792E-02
  1.2358557739409085E-02
  1.2366867275112652E-02
  1.2375289324215171E-02
  1.2383608717467498E-02
  1.2392039307313071E-02
  1.2400374271060706E-02
  1.2409019784372184E-02
  1.2417405617369509E-02
  1.2424454986276591E-02
  1.2431689226479312E-02
  1.2439707203043769E-02
  1.2447627250127878E-02
  1.2456109967828723E-02
  1.2464331207592378E-02
  1.2472997180336747E-02
  1.2481291164626969E-02
  1.2489959580264259E-02
  1.2498258339540689E-02
  1.2506945898285632E-02
  1.2515265326406221E-02
  1.2523955457794970E-02
  1.2532273660200566E-02
  1.2540968079726985E-02
  1.2549277650155481E-02
  1.2557966287263408E-02
  1.2566282337428932E-02
  1.2574969134833386E-02
  1.2583281912413797E-02
  1.2591954554401373E-02
  1.2600249265366301E-02
  1.2608911514777311E-02
  1.2617198740812626E-02
  1.2625839874801086E-02
  1.2634101080624904E-02
  1.2642734132587416E-02
  1.2651006315983669E-02
  1.2659637585636071E-02
  1.2667900347616815E-02
  1.2676633746767465E-02
  1.2685053830437614E-02
  1.2693715034107309E-02
  1.2702097117950315E-02
  1.2710735227368321E-02
  1.2719061189296232E-02
  1.2727641444979758E-02
  1.2735955457380625E-02
  1.2744530373266928E-02
  1.2752860176697335E-02
  1.2761417100449838E-02
  1.2769719275189322E-02
  1.2778276385514712E-02
  1.2786591734154387E-02
  1.2795158553050188E-02
  1.2803482780752225E-02
  1.2812054554525694E-02
  1.2820377078343808E-02
  1.2828938249552564E-02
  1.2837259756315198E-02
  1.2845823252412561E-02
  1.2854124381139243E-02
  1.2862662446656322E-02
  1.2870960482286562E-02
  1.2879487280295612E-02
  1.2887763461941849E-02
  1.2896239545987176E-02
  1.2904469291232490E-02
  1.2912932477710031E-02
  1.2921164071685419E-02
  1.2929625124783050E-02
  1.2937864498773960E-02
  1.2946338545089527E-02
  1.2954593877786032E-02
  1.2963070442579291E-02
  1.2971307200525211E-02
  1.2979771198800057E-02
  1.2988021889326034E-02
  1.2996500611418394E-02
  1.3004768383511507E-02
  1.3013254661961217E-02
  1.3021498710483683E-02
  1.3029966363301712E-02
  1.3038227924037115E-02
  1.3046711699375293E-02
  1.3054993473345131E-02
  1.3063471581399524E-02
  1.3071712849356629E-02
  1.3080160291124122E-02
  1.3088411978850563E-02
  1.3096879592421094E-02
  1.3105152221338784E-02
  1.3113630151103018E-02
  1.3121917110194113E-02
  1.3130415450606109E-02
  1.3138715741510470E-02
  1.3147205239276830E-02
  1.3155499835521080E-02
  1.3163999898383993E-02
  1.3172312166723649E-02
  1.3180804795404370E-02
  1.3189113273294941E-02
  1.3197614831733793E-02
  1.3205931250591926E-02
  1.3214440552134513E-02
  1.3222763068766675E-02
  1.3231247557073255E-02
  1.3239547225530933E-02
  1.3248036273098918E-02
  1.3256348073525907E-02
  1.3264821924777657E-02
  1.3273119782481493E-02
  1.3281576544158211E-02
  1.3289858759484564E-02
  1.3298326652772474E-02
  1.3306624659656941E-02
  1.3315107743154369E-02
  1.3323417046524099E-02
  1.3331909620386514E-02
  1.3340237612742308E-02
  1.3348747380371697E-02
  1.3357093146495580E-02
  1.3365613617795934E-02
  1.3373964041674955E-02
  1.3382440725825810E-02
  1.3390734894501868E-02
  1.3399199001414334E-02
  1.3407500862348321E-02
  1.3415971090943361E-02
  1.3424280461296133E-02
  1.3432754418991550E-02
  1.3441063038709612E-02
  1.3449534680048359E-02
  1.3457847132435924E-02
  1.3466320685357957E-02
  1.3474613327999209E-02
  1.3483062796260726E-02
  1.3491344673460191E-02
  1.3499771893528148E-02
  1.3508046134216002E-02
  1.3516477199151519E-02
  1.3524760119853591E-02
  1.3533201453121166E-02
  1.3541463401434774E-02
  1.3549878735635465E-02
  1.3558150200896440E-02
  1.3566567997679257E-02
  1.3574832063279111E-02
  1.3583245686468286E-02
  1.3591518539257670E-02
  1.3599938953545814E-02
  1.3608202079530791E-02
  1.3616613567568213E-02
  1.3624889351239802E-02
  1.3633315097455086E-02
  1.3641603906356868E-02
  1.3650035592149791E-02
  1.3658328290512915E-02
  1.3666756437108714E-02
  1.3675356916433764E-02
  1.3683795596014686E-02
  1.3690871610603336E-02
  1.3698344554193014E-02
  1.3706195638749721E-02
  1.3714181044924494E-02
  1.3722401227454200E-02
  1.3730661667284247E-02
  1.3739057707073085E-02
  1.3747409232430081E-02
  1.3755864428121439E-02
  1.3764247803175526E-02
  1.3772731842335363E-02
  1.3781146959493062E-02
  1.3789655861811228E-02
  1.3798089758896459E-02
  1.3806607764554035E-02
  1.3815023265658716E-02
  1.3823502131095688E-02
  1.3831894332077353E-02
  1.3840368946565842E-02
  1.3848756475722509E-02
  1.3857234693180672E-02
  1.3865622263885847E-02
  1.3874093609403294E-02
  1.3882472255178694E-02
  1.3890943840187341E-02
  1.3899320362702861E-02
  1.3907789023924363E-02
  1.3916151903317906E-02
  1.3924577796698687E-02
  1.3932880058641161E-02
  1.3941265207516207E-02
  1.3949553413982864E-02
  1.3957936358028186E-02
  1.3966226499324228E-02
  1.3974615504550593E-02
  1.3982906912163785E-02
  1.3991384550423062E-02
  1.3999756292570994E-02
  1.4008123122277758E-02
  1.4016443499664020E-02
  1.4024773956968405E-02
  1.4033075731427497E-02
  1.4041380391014551E-02
  1.4049652889293168E-02
  1.4057959920214894E-02
  1.4066244654428432E-02
  1.4074568002679594E-02
  1.4082857847266345E-02
  1.4091186198234740E-02
  1.4099495112071066E-02
  1.4107846230260020E-02
  1.4116163828826737E-02
  1.4124518897094294E-02
  1.4132854404424931E-02
  1.4141211966733850E-02
  1.4149535186419626E-02
  1.4157893868729742E-02
  1.4166225089289991E-02
  1.4174588374523336E-02
  1.4182899609300017E-02
  1.4191251933329823E-02
  1.4199575243503806E-02
  1.4207931561257089E-02
  1.4216251774437640E-02
  1.4224613123938032E-02
  1.4232939302514227E-02
  1.4241267714767849E-02
  1.4249570596050217E-02
  1.4257915157957417E-02
  1.4266233968734518E-02
  1.4274594835146929E-02
  1.4282929765539276E-02
  1.4291307087460436E-02
  1.4299651424640481E-02
  1.4308016247210611E-02
  1.4316351518560614E-02
  1.4324729752932266E-02
  1.4333051584910814E-02
  1.4341403616828423E-02
  1.4349699545595281E-02
  1.4358038420651731E-02
  1.4366350572259913E-02
  1.4374702802625129E-02
  1.4383017828464842E-02
  1.4391365153673025E-02
  1.4399679093099667E-02
  1.4408036788433840E-02
  1.4416365080111637E-02
  1.4424707341592785E-02
  1.4433021993977580E-02
  1.4441380826557220E-02
  1.4449699961260831E-02
  1.4458062530468864E-02
  1.4466397139148962E-02
  1.4474773235006755E-02
  1.4483107657988154E-02
  1.4491486914449079E-02
  1.4499833594558312E-02
  1.4508175133158831E-02
  1.4516464294626828E-02
  1.4524796090484831E-02
  1.4533099492889180E-02
  1.4541447805650186E-02
  1.4549767605448528E-02
  1.4558132474205069E-02
  1.4566452719830439E-02
  1.4574818258853515E-02
  1.4583143617840987E-02
  1.4591504157325774E-02
  1.4599815842485370E-02
  1.4608173086492052E-02
  1.4616501149278755E-02
  1.4624874930452947E-02
  1.4633219439129935E-02
  1.4641605364493182E-02
  1.4649939624388916E-02
  1.4658296774525768E-02
  1.4666611816120037E-02
  1.4674961436360077E-02
  1.4683264392748720E-02
  1.4691613172796028E-02
  1.4699932384472390E-02
  1.4708288651862111E-02
  1.4716613237205757E-02
  1.4724977959711999E-02
  1.4733304152357263E-02
  1.4741676544006642E-02
  1.4750019039183583E-02
  1.4758388020864851E-02
  1.4766713895016242E-02
  1.4775081310756904E-02
  1.4783417904395923E-02
  1.4791795585118561E-02
  1.4800143057253287E-02
  1.4808498635673644E-02
  1.4816814126889609E-02
  1.4825171291088433E-02
  1.4833484016004471E-02
  1.4841824922162091E-02
  1.4850134867103446E-02
  1.4858490555385172E-02
  1.4866815062937078E-02
  1.4875185129305510E-02
  1.4883500506177759E-02
  1.4891854360837491E-02
  1.4900176745853869E-02
  1.4908540686634653E-02
  1.4916852296390271E-02
  1.4925209847298431E-02
  1.4933535707250237E-02
  1.4941900197290549E-02
  1.4950223165185338E-02
  1.4958557176749387E-02
  1.4966857362403467E-02
  1.4975203816592555E-02
  1.4983513378242472E-02
  1.4991850696286536E-02
  1.5000151675705026E-02
  1.5008500600088443E-02
  1.5016820184221916E-02
  1.5025187084758437E-02
  1.5033513349588513E-02
  1.5041887756341805E-02
  1.5050226075791873E-02
  1.5058597324451637E-02
  1.5066930201420784E-02
  1.5075311074650178E-02
