 0.00000E+00
 9.20208E-07
 2.50792E-06
 4.15414E-06
 5.77577E-06
 7.35498E-06
 8.89104E-06
 1.03779E-05
 1.18144E-05
 1.32155E-05
 1.45834E-05
 1.59202E-05
 1.72279E-05
 1.85082E-05
 1.97628E-05
 2.09934E-05
 2.22014E-05
 2.33883E-05
 2.45553E-05
 2.57037E-05
 2.68348E-05
 2.79494E-05
 2.90488E-05
 3.01339E-05
 3.12055E-05
 3.22646E-05
 3.33120E-05
 3.43483E-05
 3.53744E-05
 3.63909E-05
 3.73984E-05
 3.83974E-05
 3.93887E-05
 4.03726E-05
 4.13302E-05
 4.22811E-05
 4.32260E-05
 4.41654E-05
 4.50996E-05
 4.60290E-05
 4.69539E-05
 4.78746E-05
 4.87914E-05
 4.97047E-05
 5.06147E-05
 5.15215E-05
 5.24255E-05
 5.33269E-05
 5.42259E-05
 5.51226E-05
 5.60173E-05
 5.69101E-05
 5.78012E-05
 5.86907E-05
 5.95788E-05
 6.04655E-05
 6.13511E-05
 6.22357E-05
 6.31192E-05
 6.39981E-05
 6.48613E-05
 6.57238E-05
 6.65857E-05
 6.74470E-05
 6.83079E-05
 6.91685E-05
 7.00287E-05
 7.08887E-05
 7.17486E-05
 7.26083E-05
 7.34679E-05
 7.43275E-05
 7.51871E-05
 7.60468E-05
 7.69065E-05
 7.77665E-05
 7.86265E-05
 7.94869E-05
 8.03474E-05
 8.12082E-05
 8.20693E-05
 8.29308E-05
 8.37926E-05
 8.46548E-05
 8.55148E-05
 8.63598E-05
 8.72053E-05
 8.80512E-05
 8.88976E-05
 8.97444E-05
 9.05917E-05
 9.14396E-05
 9.22879E-05
 9.31367E-05
 9.39861E-05
 9.48360E-05
 9.56865E-05
 9.65375E-05
 9.73891E-05
 9.82413E-05
 9.90941E-05
 9.99474E-05
 1.00801E-04
 1.01656E-04
 1.02511E-04
 1.03367E-04
 1.04224E-04
 1.05081E-04
 1.05938E-04
 1.06783E-04
 1.07625E-04
 1.08468E-04
 1.09311E-04
 1.10155E-04
 1.11000E-04
 1.11845E-04
 1.12691E-04
 1.13537E-04
 1.14384E-04
 1.15232E-04
 1.16080E-04
 1.16930E-04
 1.17779E-04
 1.18630E-04
 1.19481E-04
 1.20333E-04
 1.21185E-04
 1.22039E-04
 1.22893E-04
 1.23747E-04
 1.24602E-04
 1.25458E-04
 1.26313E-04
 1.27154E-04
 1.27995E-04
 1.28838E-04
 1.29681E-04
 1.30525E-04
 1.31369E-04
 1.32214E-04
 1.33060E-04
 1.33906E-04
 1.34753E-04
 1.35601E-04
 1.36450E-04
 1.37299E-04
 1.38149E-04
 1.38999E-04
 1.39851E-04
 1.40702E-04
 1.41555E-04
 1.42408E-04
 1.43262E-04
 1.44117E-04
 1.44972E-04
 1.45826E-04
 1.46667E-04
 1.47509E-04
 1.48351E-04
 1.49195E-04
 1.50039E-04
 1.50883E-04
 1.51728E-04
 1.52574E-04
 1.53421E-04
 1.54268E-04
 1.55116E-04
 1.55965E-04
 1.56814E-04
 1.57664E-04
 1.58515E-04
 1.59366E-04
 1.60218E-04
 1.61071E-04
 1.61924E-04
 1.62778E-04
 1.63633E-04
 1.64489E-04
 1.65332E-04
 1.66174E-04
 1.67017E-04
 1.67860E-04
 1.68704E-04
 1.69548E-04
 1.70394E-04
 1.71240E-04
 1.72086E-04
 1.72934E-04
 1.73782E-04
 1.74630E-04
 1.75480E-04
 1.76330E-04
 1.77180E-04
 1.78032E-04
 1.78884E-04
 1.79736E-04
 1.80590E-04
 1.81444E-04
 1.82298E-04
 1.83151E-04
 1.83993E-04
 1.84835E-04
 1.85678E-04
 1.86521E-04
 1.87365E-04
 1.88209E-04
 1.89053E-04
 1.89898E-04
 1.90744E-04
 1.91590E-04
 1.92436E-04
 1.93283E-04
 1.94130E-04
 1.94978E-04
 1.95827E-04
 1.96675E-04
 1.97525E-04
 1.98374E-04
 1.99224E-04
 2.00075E-04
 2.00925E-04
 2.01763E-04
 2.02602E-04
 2.03441E-04
 2.04281E-04
 2.05121E-04
 2.05961E-04
 2.06802E-04
 2.07643E-04
 2.08485E-04
 2.09327E-04
 2.10169E-04
 2.11012E-04
 2.11856E-04
 2.12700E-04
 2.13545E-04
 2.14391E-04
 2.15236E-04
 2.16082E-04
 2.16929E-04
 2.17776E-04
 2.18617E-04
 2.19453E-04
 2.20289E-04
 2.21125E-04
 2.21963E-04
 2.22801E-04
 2.23639E-04
 2.24478E-04
 2.25318E-04
 2.26158E-04
 2.26999E-04
 2.27841E-04
 2.28683E-04
 2.29526E-04
 2.30369E-04
 2.31212E-04
 2.32057E-04
 2.32901E-04
 2.33747E-04
 2.34593E-04
 2.35434E-04
 2.36268E-04
 2.37101E-04
 2.37933E-04
 2.38765E-04
 2.39596E-04
 2.40426E-04
 2.41255E-04
 2.42084E-04
 2.42912E-04
 2.43740E-04
 2.44566E-04
 2.45392E-04
 2.46217E-04
 2.47042E-04
 2.47866E-04
 2.48689E-04
 2.49511E-04
 2.50333E-04
 2.51154E-04
 2.51966E-04
 2.52776E-04
 2.53588E-04
 2.54401E-04
 2.55215E-04
 2.56030E-04
 2.56847E-04
 2.57664E-04
 2.58483E-04
 2.59303E-04
 2.60124E-04
 2.60946E-04
 2.61770E-04
 2.62595E-04
 2.63420E-04
 2.64248E-04
 2.65076E-04
 2.65906E-04
 2.66736E-04
 2.67567E-04
 2.68389E-04
 2.69211E-04
 2.70033E-04
 2.70856E-04
 2.71680E-04
 2.72504E-04
 2.73329E-04
 2.74154E-04
 2.74979E-04
 2.75806E-04
 2.76632E-04
 2.77460E-04
 2.78287E-04
 2.79116E-04
 2.79945E-04
 2.80774E-04
 2.81604E-04
 2.82434E-04
 2.83262E-04
 2.84082E-04
 2.84904E-04
 2.85726E-04
 2.86548E-04
 2.87371E-04
 2.88195E-04
 2.89019E-04
 2.89843E-04
 2.90668E-04
 2.91494E-04
 2.92320E-04
 2.93147E-04
 2.93974E-04
 2.94802E-04
 2.95630E-04
 2.96459E-04
 2.97288E-04
 2.98117E-04
 2.98938E-04
 2.99758E-04
 3.00580E-04
 3.01401E-04
 3.02224E-04
 3.03047E-04
 3.03870E-04
 3.04694E-04
 3.05518E-04
 3.06343E-04
 3.07168E-04
 3.07994E-04
 3.08820E-04
 3.09647E-04
 3.10474E-04
 3.11301E-04
 3.12129E-04
 3.12954E-04
 3.13773E-04
 3.14593E-04
 3.15413E-04
 3.16233E-04
 3.17054E-04
 3.17876E-04
 3.18698E-04
 3.19521E-04
 3.20344E-04
 3.21167E-04
 3.21992E-04
 3.22816E-04
 3.23641E-04
 3.24466E-04
 3.25292E-04
 3.26118E-04
 3.26945E-04
 3.27764E-04
 3.28583E-04
 3.29402E-04
 3.30222E-04
 3.31042E-04
 3.31863E-04
 3.32684E-04
 3.33506E-04
 3.34328E-04
 3.35151E-04
 3.35975E-04
 3.36799E-04
 3.37624E-04
 3.38449E-04
 3.39274E-04
 3.40101E-04
 3.40927E-04
 3.41745E-04
 3.42564E-04
 3.43383E-04
 3.44203E-04
 3.45023E-04
 3.45844E-04
 3.46665E-04
 3.47486E-04
 3.48309E-04
 3.49131E-04
 3.49954E-04
 3.50778E-04
 3.51602E-04
 3.52427E-04
 3.53253E-04
 3.54079E-04
 3.54900E-04
 3.55718E-04
 3.56537E-04
 3.57356E-04
 3.58176E-04
 3.58997E-04
 3.59818E-04
 3.60640E-04
 3.61462E-04
 3.62284E-04
 3.63108E-04
 3.63932E-04
 3.64756E-04
 3.65581E-04
 3.66406E-04
 3.67232E-04
 3.68053E-04
 3.68872E-04
 3.69691E-04
 3.70511E-04
 3.71332E-04
 3.72153E-04
 3.72974E-04
 3.73796E-04
 3.74619E-04
 3.75442E-04
 3.76265E-04
 3.77089E-04
 3.77914E-04
 3.78739E-04
 3.79565E-04
 3.80391E-04
 3.81210E-04
 3.82029E-04
 3.82849E-04
 3.83670E-04
 3.84491E-04
 3.85313E-04
 3.86135E-04
 3.86958E-04
 3.87781E-04
 3.88605E-04
 3.89429E-04
 3.90254E-04
 3.91079E-04
 3.91905E-04
 3.92732E-04
 3.93552E-04
 3.94371E-04
 3.95191E-04
 3.96012E-04
 3.96833E-04
 3.97654E-04
 3.98476E-04
 3.99299E-04
 4.00121E-04
 4.00945E-04
 4.01768E-04
 4.02592E-04
 4.03417E-04
 4.04242E-04
 4.05067E-04
 4.05886E-04
 4.06705E-04
 4.07525E-04
 4.08346E-04
 4.09167E-04
 4.09989E-04
 4.10811E-04
 4.11634E-04
 4.12457E-04
 4.13281E-04
 4.14105E-04
 4.14929E-04
 4.15754E-04
 4.16579E-04
 4.17400E-04
 4.18219E-04
 4.19039E-04
 4.19860E-04
 4.20681E-04
 4.21502E-04
 4.22324E-04
 4.23147E-04
 4.23970E-04
 4.24794E-04
 4.25618E-04
 4.26443E-04
 4.27268E-04
 4.28094E-04
 4.28915E-04
 4.29735E-04
 4.30555E-04
 4.31377E-04
 4.32198E-04
 4.33020E-04
 4.33843E-04
 4.34667E-04
 4.35490E-04
 4.36315E-04
 4.37139E-04
 4.37965E-04
 4.38791E-04
 4.39616E-04
 4.40437E-04
 4.41258E-04
 4.42079E-04
 4.42901E-04
 4.43723E-04
 4.44546E-04
 4.45369E-04
 4.46193E-04
 4.47017E-04
 4.47841E-04
 4.48667E-04
 4.49492E-04
 4.50319E-04
 4.51140E-04
 4.51961E-04
 4.52783E-04
 4.53605E-04
 4.54427E-04
 4.55251E-04
 4.56074E-04
 4.56899E-04
 4.57723E-04
 4.58549E-04
 4.59374E-04
 4.60201E-04
 4.61027E-04
 4.61849E-04
 4.62671E-04
 4.63493E-04
 4.64316E-04
 4.65140E-04
 4.65964E-04
 4.66788E-04
 4.67613E-04
 4.68439E-04
 4.69265E-04
 4.70091E-04
 4.70918E-04
 4.71744E-04
 4.72566E-04
 4.73389E-04
 4.74213E-04
 4.75036E-04
 4.75860E-04
 4.76685E-04
 4.77509E-04
 4.78335E-04
 4.79161E-04
 4.79987E-04
 4.80814E-04
 4.81641E-04
 4.82463E-04
 4.83286E-04
 4.84109E-04
 4.84932E-04
 4.85756E-04
 4.86580E-04
 4.87405E-04
 4.88231E-04
 4.89056E-04
 4.89883E-04
 4.90710E-04
 4.91537E-04
 4.92359E-04
 4.93183E-04
 4.94006E-04
 4.94830E-04
 4.95655E-04
 4.96480E-04
 4.97306E-04
 4.98132E-04
 4.98958E-04
 4.99785E-04
 5.00612E-04
 5.01438E-04
 5.02261E-04
 5.03085E-04
 5.03909E-04
 5.04733E-04
 5.05558E-04
 5.06384E-04
 5.07210E-04
 5.08036E-04
 5.08863E-04
 5.09691E-04
 5.10518E-04
 5.11342E-04
 5.12167E-04
 5.12991E-04
 5.13816E-04
 5.14642E-04
 5.15468E-04
 5.16294E-04
 5.17121E-04
 5.17949E-04
 5.18777E-04
 5.19605E-04
 5.20430E-04
 5.21255E-04
 5.22081E-04
 5.22906E-04
 5.23733E-04
 5.24559E-04
 5.25386E-04
 5.26214E-04
 5.27042E-04
 5.27871E-04
 5.28700E-04
 5.29525E-04
 5.30351E-04
 5.31177E-04
 5.32004E-04
 5.32831E-04
 5.33658E-04
 5.34486E-04
 5.35314E-04
 5.36142E-04
 5.36971E-04
 5.37799E-04
 5.38625E-04
 5.39451E-04
 5.40277E-04
 5.41104E-04
 5.41932E-04
 5.42760E-04
 5.43588E-04
 5.44417E-04
 5.45246E-04
 5.46076E-04
 5.46902E-04
 5.47728E-04
 5.48555E-04
 5.49383E-04
 5.50211E-04
 5.51039E-04
 5.51868E-04
 5.52697E-04
 5.53526E-04
 5.54356E-04
 5.55183E-04
 5.56009E-04
 5.56836E-04
 5.57664E-04
 5.58491E-04
 5.59320E-04
 5.60148E-04
 5.60977E-04
 5.61807E-04
 5.62637E-04
 5.63463E-04
 5.64290E-04
 5.65117E-04
 5.65944E-04
 5.66772E-04
 5.67600E-04
 5.68429E-04
 5.69258E-04
 5.70087E-04
 5.70916E-04
 5.71743E-04
 5.72570E-04
 5.73398E-04
 5.74226E-04
 5.75055E-04
 5.75884E-04
 5.76713E-04
 5.77543E-04
 5.78373E-04
 5.79201E-04
 5.80029E-04
 5.80857E-04
 5.81686E-04
 5.82515E-04
 5.83344E-04
 5.84174E-04
 5.85003E-04
 5.85833E-04
 5.86662E-04
 5.87490E-04
 5.88318E-04
 5.89147E-04
 5.89976E-04
 5.90805E-04
 5.91635E-04
 5.92465E-04
 5.93295E-04
 5.94124E-04
 5.94952E-04
 5.95781E-04
 5.96610E-04
 5.97440E-04
 5.98270E-04
 5.99100E-04
 5.99930E-04
 6.00761E-04
 6.01590E-04
 6.02419E-04
 6.03249E-04
 6.04079E-04
 6.04909E-04
 6.05739E-04
 6.06570E-04
 6.07402E-04
 6.08232E-04
 6.09062E-04
 6.09892E-04
 6.10722E-04
 6.11552E-04
 6.12383E-04
 6.13214E-04
 6.14046E-04
 6.14878E-04
 6.15708E-04
 6.16538E-04
 6.17369E-04
 6.18200E-04
 6.19031E-04
 6.19863E-04
 6.20695E-04
 6.21527E-04
 6.22358E-04
 6.23189E-04
 6.24020E-04
 6.24851E-04
 6.25683E-04
 6.26514E-04
 6.27346E-04
 6.28178E-04
 6.29010E-04
 6.29841E-04
 6.30672E-04
 6.31503E-04
 6.32335E-04
 6.33167E-04
 6.33999E-04
 6.34832E-04
 6.35663E-04
 6.36494E-04
 6.37325E-04
 6.38156E-04
 6.38988E-04
 6.39820E-04
 6.40652E-04
 6.41485E-04
 6.42316E-04
 6.43147E-04
 6.43979E-04
 6.44810E-04
 6.45642E-04
 6.46474E-04
 6.47306E-04
 6.48138E-04
 6.48969E-04
 6.49800E-04
 6.50632E-04
 6.51464E-04
 6.52296E-04
 6.53128E-04
 6.53961E-04
 6.54792E-04
 6.55624E-04
 6.56456E-04
 6.57288E-04
 6.58121E-04
 6.58953E-04
 6.59786E-04
 6.60618E-04
 6.61450E-04
 6.62283E-04
 6.63115E-04
 6.63948E-04
 6.64781E-04
 6.65614E-04
 6.66446E-04
 6.67279E-04
 6.68111E-04
 6.68944E-04
 6.69776E-04
 6.70609E-04
 6.71442E-04
 6.72274E-04
 6.73106E-04
 6.73939E-04
 6.74771E-04
 6.75604E-04
 6.76437E-04
 6.77270E-04
 6.78102E-04
 6.78934E-04
 6.79766E-04
 6.80598E-04
 6.81431E-04
 6.82263E-04
 6.83248E-04
 6.84558E-04
 6.85386E-04
 6.86104E-04
 6.86929E-04
 6.87651E-04
 6.88481E-04
 6.89210E-04
 6.90055E-04
 6.90791E-04
 6.91636E-04
 6.92378E-04
 6.93229E-04
 6.93976E-04
 6.94831E-04
 6.95582E-04
 6.96448E-04
 6.97203E-04
 6.98067E-04
 6.98824E-04
 6.99689E-04
 7.00449E-04
 7.01316E-04
 7.02078E-04
 7.02947E-04
 7.03711E-04
 7.04587E-04
 7.05353E-04
 7.06228E-04
 7.06998E-04
 7.07873E-04
 7.08643E-04
 7.09521E-04
 7.10294E-04
 7.11174E-04
 7.11950E-04
 7.12832E-04
 7.13611E-04
 7.14494E-04
 7.15274E-04
 7.16160E-04
 7.16940E-04
 7.17821E-04
 7.18601E-04
 7.19483E-04
 7.20265E-04
 7.21150E-04
 7.21932E-04
 7.22816E-04
 7.23601E-04
 7.24486E-04
 7.25273E-04
 7.26160E-04
 7.26947E-04
 7.27833E-04
 7.28621E-04
 7.29506E-04
 7.30295E-04
 7.31181E-04
 7.31970E-04
 7.32855E-04
 7.33645E-04
 7.34528E-04
 7.35283E-04
 7.36155E-04
 7.36967E-04
 7.37839E-04
 7.38652E-04
 7.39521E-04
 7.40334E-04
 7.41205E-04
 7.42020E-04
 7.42892E-04
