 2.00046E+06
 0.00000E+00
 1.00000E+00
 2.00045E+06
 0.00000E+00
 1.00000E+00
 2.00049E+06
 0.00000E+00
 1.00000E+00
 2.00052E+06
 0.00000E+00
 1.00000E+00
 2.00054E+06
 0.00000E+00
 1.00000E+00
 2.00055E+06
 0.00000E+00
 1.00000E+00
 2.00056E+06
 0.00000E+00
 1.00000E+00
 2.00057E+06
 0.00000E+00
 1.00000E+00
 2.00057E+06
 0.00000E+00
 1.00000E+00
 2.00057E+06
 0.00000E+00
 1.00000E+00
 2.00057E+06
 0.00000E+00
 1.00000E+00
 2.00058E+06
 0.00000E+00
 1.00000E+00
 2.00058E+06
 0.00000E+00
 1.00000E+00
 2.00058E+06
 0.00000E+00
 1.00000E+00
 2.00058E+06
 0.00000E+00
 1.00000E+00
 2.00058E+06
 0.00000E+00
 1.00000E+00
 2.00058E+06
 0.00000E+00
 1.00000E+00
 2.00058E+06
 0.00000E+00
 1.00000E+00
 2.00058E+06
 0.00000E+00
 1.00000E+00
 2.00058E+06
 0.00000E+00
 1.00000E+00
 2.00058E+06
 0.00000E+00
 1.00000E+00
 2.00058E+06
 0.00000E+00
 1.00000E+00
 2.00058E+06
 0.00000E+00
 1.00000E+00
 2.00058E+06
 0.00000E+00
 1.00000E+00
 2.00058E+06
 0.00000E+00
 1.00000E+00
 2.00058E+06
 0.00000E+00
 1.00000E+00
 2.00058E+06
 0.00000E+00
 1.00000E+00
 2.00058E+06
 0.00000E+00
 1.00000E+00
 2.00058E+06
 0.00000E+00
 1.00000E+00
 2.00058E+06
 0.00000E+00
 1.00000E+00
 2.00058E+06
 0.00000E+00
 1.00000E+00
 2.00058E+06
 0.00000E+00
 1.00000E+00
 2.00058E+06
 0.00000E+00
 1.00000E+00
 2.00058E+06
 0.00000E+00
 1.00000E+00
 2.00058E+06
 0.00000E+00
 1.00000E+00
 2.00058E+06
 0.00000E+00
 1.00000E+00
 2.00058E+06
 0.00000E+00
 1.00000E+00
 2.00058E+06
 0.00000E+00
 1.00000E+00
 2.00058E+06
 0.00000E+00
 1.00000E+00
 2.00058E+06
 0.00000E+00
 1.00000E+00
 2.00058E+06
 0.00000E+00
 1.00000E+00
 2.00058E+06
 0.00000E+00
 1.00000E+00
 2.00058E+06
 0.00000E+00
 1.00000E+00
 2.00058E+06
 0.00000E+00
 1.00000E+00
 2.00058E+06
 0.00000E+00
 1.00000E+00
 2.00058E+06
 0.00000E+00
 1.00000E+00
 2.00058E+06
 0.00000E+00
 1.00000E+00
 2.00058E+06
 0.00000E+00
 1.00000E+00
 2.00058E+06
 0.00000E+00
 1.00000E+00
 2.00058E+06
 0.00000E+00
 1.00000E+00
 2.00058E+06
 0.00000E+00
 1.00000E+00
 2.00058E+06
 0.00000E+00
 1.00000E+00
 2.00058E+06
 0.00000E+00
 1.00000E+00
 2.00058E+06
 0.00000E+00
 1.00000E+00
 2.00058E+06
 0.00000E+00
 1.00000E+00
 2.00058E+06
 0.00000E+00
 1.00000E+00
 2.00058E+06
 0.00000E+00
 1.00000E+00
 2.00058E+06
 0.00000E+00
 1.00000E+00
 2.00058E+06
 0.00000E+00
 1.00000E+00
 2.00058E+06
 0.00000E+00
 1.00000E+00
 2.00058E+06
 0.00000E+00
 1.00000E+00
 2.00058E+06
 0.00000E+00
 1.00000E+00
 2.00058E+06
 0.00000E+00
 1.00000E+00
 2.00058E+06
 0.00000E+00
 1.00000E+00
 2.00058E+06
 0.00000E+00
 1.00000E+00
 2.00058E+06
 0.00000E+00
 1.00000E+00
 2.00058E+06
 0.00000E+00
 1.00000E+00
 2.00058E+06
 0.00000E+00
 1.00000E+00
 2.00058E+06
 0.00000E+00
 1.00000E+00
 2.00058E+06
 0.00000E+00
 1.00000E+00
 2.00058E+06
 0.00000E+00
 1.00000E+00
 2.00058E+06
 0.00000E+00
 1.00000E+00
 2.00058E+06
 0.00000E+00
 1.00000E+00
 2.00058E+06
 0.00000E+00
 1.00000E+00
 2.00058E+06
 0.00000E+00
 1.00000E+00
 2.00058E+06
 0.00000E+00
 1.00000E+00
 2.00058E+06
 0.00000E+00
 1.00000E+00
 2.00058E+06
 0.00000E+00
 1.00000E+00
 2.00058E+06
 0.00000E+00
 1.00000E+00
 2.00058E+06
 0.00000E+00
 1.00000E+00
 2.00058E+06
 0.00000E+00
 1.00000E+00
 2.00058E+06
 0.00000E+00
 1.00000E+00
 2.00058E+06
 0.00000E+00
 1.00000E+00
 2.00058E+06
 0.00000E+00
 1.00000E+00
 2.00058E+06
 0.00000E+00
 1.00000E+00
 2.00058E+06
 0.00000E+00
 1.00000E+00
 2.00058E+06
 0.00000E+00
 1.00000E+00
 2.00058E+06
 0.00000E+00
 1.00000E+00
 2.00058E+06
 0.00000E+00
 1.00000E+00
 2.00058E+06
 0.00000E+00
 1.00000E+00
 2.00058E+06
 0.00000E+00
 1.00000E+00
 2.00058E+06
 0.00000E+00
 1.00000E+00
 2.00058E+06
 0.00000E+00
 1.00000E+00
 2.00058E+06
 0.00000E+00
 1.00000E+00
 2.00058E+06
 0.00000E+00
 1.00000E+00
 2.00058E+06
 0.00000E+00
 1.00000E+00
 2.00058E+06
 0.00000E+00
 1.00000E+00
 2.00058E+06
 0.00000E+00
 1.00000E+00
 2.00058E+06
 0.00000E+00
 1.00000E+00
 2.00058E+06
 0.00000E+00
 1.00000E+00
 2.00058E+06
 0.00000E+00
 1.00000E+00
 2.00058E+06
 0.00000E+00
 1.00000E+00
 2.00058E+06
 0.00000E+00
 1.00000E+00
 2.00058E+06
 0.00000E+00
 1.00000E+00
 2.00058E+06
 0.00000E+00
 1.00000E+00
 2.00058E+06
 0.00000E+00
 1.00000E+00
 2.00058E+06
 0.00000E+00
 1.00000E+00
 2.00058E+06
 0.00000E+00
 1.00000E+00
 2.00058E+06
 0.00000E+00
 1.00000E+00
 2.00058E+06
 0.00000E+00
 1.00000E+00
 2.00058E+06
 0.00000E+00
 1.00000E+00
 2.00058E+06
 0.00000E+00
 1.00000E+00
 2.00058E+06
 0.00000E+00
 1.00000E+00
 2.00058E+06
 0.00000E+00
 1.00000E+00
 2.00058E+06
 0.00000E+00
 1.00000E+00
 2.00058E+06
 0.00000E+00
 1.00000E+00
 2.00058E+06
 0.00000E+00
 1.00000E+00
 2.00058E+06
 0.00000E+00
 1.00000E+00
 2.00058E+06
 0.00000E+00
 1.00000E+00
 2.00058E+06
 0.00000E+00
 1.00000E+00
 2.00058E+06
 6.21301E-19
 1.00000E+00
 2.00058E+06
 1.24237E-18
 1.00000E+00
 2.00058E+06
 6.23029E-19
 1.00000E+00
 2.00058E+06
 1.24383E-18
 1.00000E+00
 2.00058E+06
 6.24912E-19
 1.00000E+00
 2.00058E+06
 1.86525E-18
 1.00000E+00
 2.00058E+06
 1.86685E-18
 1.00000E+00
 2.00058E+06
 3.10993E-18
 1.00000E+00
 2.00058E+06
 3.73412E-18
 1.00000E+00
 2.00058E+06
 4.97953E-18
 1.00000E+00
 2.00058E+06
 6.22655E-18
 1.00000E+00
 2.00058E+06
 8.09450E-18
 1.00000E+00
 2.00058E+06
 1.05868E-17
 1.00000E+00
 2.00058E+06
 1.49436E-17
 1.00000E+00
 2.00058E+06
 1.86846E-17
 1.00000E+00
 2.00058E+06
 2.49135E-17
 1.00000E+00
 2.00058E+06
 3.23871E-17
 1.00000E+00
 2.00058E+06
 4.17273E-17
 1.00000E+00
 2.00058E+06
 5.41765E-17
 1.00000E+00
 2.00058E+06
 6.97396E-17
 1.00000E+00
 2.00058E+06
 8.90442E-17
 1.00000E+00
 2.00058E+06
 1.13951E-16
 1.00000E+00
 2.00058E+06
 1.44468E-16
 1.00000E+00
 2.00058E+06
 1.84315E-16
 1.00000E+00
 2.00058E+06
 2.32892E-16
 1.00000E+00
 2.00058E+06
 2.95804E-16
 1.00000E+00
 2.00058E+06
 3.71808E-16
 1.00000E+00
 2.00058E+06
 4.69001E-16
 1.00000E+00
 2.00058E+06
 5.89249E-16
 1.00000E+00
 2.00058E+06
 7.38155E-16
 1.00000E+00
 2.00058E+06
 9.21944E-16
 1.00000E+00
 2.00058E+06
 1.15118E-15
 1.00000E+00
 2.00058E+06
 1.43269E-15
 1.00000E+00
 2.00058E+06
 1.77954E-15
 1.00000E+00
 2.00058E+06
 2.20540E-15
 1.00000E+00
 2.00058E+06
 2.72786E-15
 1.00000E+00
 2.00058E+06
 3.36641E-15
 1.00000E+00
 2.00058E+06
 4.14654E-15
 1.00000E+00
 2.00058E+06
 5.09788E-15
 1.00000E+00
 2.00058E+06
 6.25412E-15
 1.00000E+00
 2.00058E+06
 7.65921E-15
 1.00000E+00
 2.00058E+06
 9.36142E-15
 1.00000E+00
 2.00058E+06
 1.14196E-14
 1.00000E+00
 2.00058E+06
 1.39018E-14
 1.00000E+00
 2.00058E+06
 1.68927E-14
 1.00000E+00
 2.00058E+06
 2.04899E-14
 1.00000E+00
 2.00058E+06
 2.48077E-14
 1.00000E+00
 2.00058E+06
 2.99839E-14
 1.00000E+00
 2.00058E+06
 3.61768E-14
 1.00000E+00
 2.00058E+06
 4.35736E-14
 1.00000E+00
 2.00058E+06
 5.23924E-14
 1.00000E+00
 2.00058E+06
 6.28891E-14
 1.00000E+00
 2.00058E+06
 7.53644E-14
 1.00000E+00
 2.00058E+06
 9.01701E-14
 1.00000E+00
 2.00058E+06
 1.07712E-13
 1.00000E+00
 2.00058E+06
 1.28470E-13
 1.00000E+00
 2.00058E+06
 1.53000E-13
 1.00000E+00
 2.00058E+06
 1.81949E-13
 1.00000E+00
 2.00058E+06
 2.16050E-13
 1.00000E+00
 2.00058E+06
 2.56158E-13
 1.00000E+00
 2.00058E+06
 3.03251E-13
 1.00000E+00
 2.00058E+06
 3.58470E-13
 1.00000E+00
 2.00058E+06
 4.23141E-13
 1.00000E+00
 2.00058E+06
 4.98762E-13
 1.00000E+00
 2.00058E+06
 5.87048E-13
 1.00000E+00
 2.00058E+06
 6.89984E-13
 1.00000E+00
 2.00058E+06
 8.09835E-13
 1.00000E+00
 2.00058E+06
 9.49248E-13
 1.00000E+00
 2.00058E+06
 1.11116E-12
 1.00000E+00
 2.00058E+06
 1.29906E-12
 1.00000E+00
 2.00058E+06
 1.51682E-12
 1.00000E+00
 2.00058E+06
 1.76889E-12
 1.00000E+00
 2.00058E+06
 2.06029E-12
 1.00000E+00
 2.00058E+06
 2.39666E-12
 1.00000E+00
 2.00058E+06
 2.78445E-12
 1.00000E+00
 2.00058E+06
 3.23105E-12
 1.00000E+00
 2.00058E+06
 3.74474E-12
 1.00000E+00
 2.00058E+06
 4.33495E-12
 1.00000E+00
 2.00058E+06
 5.01229E-12
 1.00000E+00
 2.00058E+06
 5.78885E-12
 1.00000E+00
 2.00058E+06
 6.67828E-12
 1.00000E+00
 2.00058E+06
 7.69577E-12
 1.00000E+00
 2.00058E+06
 8.85819E-12
 1.00000E+00
 2.00058E+06
 1.01847E-11
 1.00000E+00
 2.00058E+06
 1.16967E-11
 1.00000E+00
 2.00058E+06
 1.34179E-11
 1.00000E+00
 2.00058E+06
 1.53757E-11
 1.00000E+00
 2.00058E+06
 1.76010E-11
 1.00000E+00
 2.00058E+06
 2.01279E-11
 1.00000E+00
 2.00058E+06
 2.29945E-11
 1.00000E+00
 2.00058E+06
 2.62433E-11
 1.00000E+00
 2.00058E+06
 2.99211E-11
 1.00000E+00
 2.00058E+06
 3.40807E-11
 1.00000E+00
 2.00058E+06
 3.87808E-11
 1.00000E+00
 2.00058E+06
 4.40861E-11
 1.00000E+00
 2.00058E+06
 5.00691E-11
 1.00000E+00
 2.00058E+06
 5.68098E-11
 1.00000E+00
 2.00058E+06
 6.43958E-11
 1.00000E+00
 2.00058E+06
 7.29241E-11
 1.00000E+00
 2.00058E+06
 8.25048E-11
 1.00000E+00
 2.00058E+06
 9.32564E-11
 1.00000E+00
 2.00058E+06
 1.05311E-10
 1.00000E+00
 2.00058E+06
 1.18819E-10
 1.00000E+00
 2.00058E+06
 1.33939E-10
 1.00000E+00
 2.00058E+06
 1.50851E-10
 1.00000E+00
 2.00058E+06
 1.69749E-10
 1.00000E+00
 2.00058E+06
 1.90854E-10
 1.00000E+00
 2.00058E+06
 2.14407E-10
 1.00000E+00
 2.00058E+06
 2.40671E-10
 1.00000E+00
 2.00058E+06
 2.69929E-10
 1.00000E+00
 2.00058E+06
 3.02490E-10
 1.00000E+00
 2.00058E+06
 3.38713E-10
 1.00000E+00
 2.00058E+06
 3.78970E-10
 1.00000E+00
 2.00058E+06
 4.23674E-10
 1.00000E+00
 2.00058E+06
 4.73282E-10
 1.00000E+00
 2.00058E+06
 5.28280E-10
 1.00000E+00
 2.00058E+06
 5.89228E-10
 1.00000E+00
 2.00058E+06
 6.56702E-10
 1.00000E+00
 2.00058E+06
 7.31352E-10
 1.00000E+00
 2.00058E+06
 8.13871E-10
 1.00000E+00
 2.00058E+06
 9.05009E-10
 1.00000E+00
 2.00058E+06
 1.00559E-09
 1.00000E+00
 2.00058E+06
 1.11655E-09
 1.00000E+00
 2.00058E+06
 1.23883E-09
 1.00000E+00
 2.00058E+06
 1.37349E-09
 1.00000E+00
 2.00058E+06
 1.52167E-09
 1.00000E+00
 2.00058E+06
 1.68462E-09
 1.00000E+00
 2.00058E+06
 1.86374E-09
 1.00000E+00
 2.00058E+06
 2.06048E-09
 1.00000E+00
 2.00058E+06
 2.27650E-09
 1.00000E+00
 2.00058E+06
 2.51351E-09
 1.00000E+00
 2.00058E+06
 2.77336E-09
 1.00000E+00
 2.00058E+06
 3.05807E-09
 1.00000E+00
 2.00058E+06
 3.36988E-09
 1.00000E+00
 2.00058E+06
 3.71114E-09
 1.00000E+00
 2.00058E+06
 4.08434E-09
 1.00000E+00
 2.00058E+06
 4.49212E-09
 1.00000E+00
 2.00058E+06
 4.93748E-09
 1.00000E+00
 2.00058E+06
 5.42359E-09
 1.00000E+00
 2.00058E+06
 5.95383E-09
 1.00000E+00
 2.00058E+06
 6.53193E-09
 1.00000E+00
 2.00058E+06
 7.16174E-09
 1.00000E+00
 2.00058E+06
 7.84738E-09
 1.00000E+00
 2.00058E+06
 8.59351E-09
 1.00000E+00
 2.00058E+06
 9.40497E-09
 1.00000E+00
 2.00058E+06
 1.02870E-08
 1.00000E+00
 2.00058E+06
 1.12451E-08
 1.00000E+00
 2.00058E+06
 1.22850E-08
 1.00000E+00
 2.00058E+06
 1.34135E-08
 1.00000E+00
 2.00058E+06
 1.46373E-08
 1.00000E+00
 2.00058E+06
 1.59638E-08
 1.00000E+00
 2.00058E+06
 1.74006E-08
 1.00000E+00
 2.00058E+06
 1.89564E-08
 1.00000E+00
 2.00058E+06
 2.06403E-08
 1.00000E+00
 2.00058E+06
 2.24617E-08
 1.00000E+00
 2.00058E+06
 2.44305E-08
 1.00000E+00
 2.00058E+06
 2.65578E-08
 1.00000E+00
 2.00058E+06
 2.88553E-08
 1.00000E+00
 2.00058E+06
 3.13348E-08
 1.00000E+00
 2.00058E+06
 3.40099E-08
 1.00000E+00
 2.00058E+06
 3.68944E-08
 1.00000E+00
 2.00058E+06
 4.00034E-08
 1.00000E+00
 2.00058E+06
 4.33524E-08
 1.00000E+00
 2.00058E+06
 4.69577E-08
 1.00000E+00
 2.00058E+06
 5.08373E-08
 1.00000E+00
 2.00058E+06
 5.50099E-08
 1.00000E+00
 2.00058E+06
 5.94955E-08
 1.00000E+00
 2.00058E+06
 6.43154E-08
 1.00000E+00
 2.00058E+06
 6.94915E-08
 1.00000E+00
 2.00058E+06
 7.50486E-08
 1.00000E+00
 2.00058E+06
 8.10114E-08
 1.00000E+00
 2.00058E+06
 8.74071E-08
 1.00000E+00
 2.00058E+06
 9.42644E-08
 1.00000E+00
 2.00058E+06
 1.01612E-07
 1.00000E+00
 2.00058E+06
 1.09484E-07
 1.00000E+00
 2.00058E+06
 1.17913E-07
 1.00000E+00
 2.00058E+06
 1.26934E-07
 1.00000E+00
 2.00058E+06
 1.36585E-07
 1.00000E+00
 2.00058E+06
 1.46902E-07
 1.00000E+00
 2.00058E+06
 1.57930E-07
 1.00000E+00
 2.00058E+06
 1.69712E-07
 1.00000E+00
 2.00058E+06
 1.82293E-07
 1.00000E+00
 2.00058E+06
 1.95721E-07
 1.00000E+00
 2.00058E+06
 2.10048E-07
 1.00000E+00
 2.00058E+06
 2.25326E-07
 1.00000E+00
 2.00058E+06
 2.41611E-07
 1.00000E+00
 2.00058E+06
 2.58963E-07
 1.00000E+00
 2.00058E+06
 2.77444E-07
 1.00000E+00
 2.00058E+06
 2.97124E-07
 1.00000E+00
 2.00058E+06
 3.18069E-07
 1.00000E+00
 2.00058E+06
 3.40351E-07
 1.00000E+00
 2.00058E+06
 3.64045E-07
 1.00000E+00
 2.00058E+06
 3.89230E-07
 1.00000E+00
 2.00058E+06
 4.15991E-07
 1.00000E+00
 2.00058E+06
 4.44422E-07
 1.00000E+00
 2.00058E+06
 4.74616E-07
 1.00000E+00
 2.00058E+06
 5.06667E-07
 9.99999E-01
 2.00058E+06
 5.40676E-07
 9.99999E-01
 2.00058E+06
 5.76748E-07
 9.99999E-01
 2.00058E+06
 6.14990E-07
 9.99999E-01
 2.00058E+06
 6.55520E-07
 9.99999E-01
 2.00058E+06
 6.98463E-07
 9.99999E-01
 2.00058E+06
 7.43950E-07
 9.99999E-01
 2.00058E+06
 7.92117E-07
 9.99999E-01
 2.00058E+06
 8.43100E-07
 9.99999E-01
 2.00058E+06
 8.97040E-07
 9.99999E-01
 2.00058E+06
 9.54099E-07
 9.99999E-01
 2.00058E+06
 1.01444E-06
 9.99999E-01
 2.00058E+06
 1.07821E-06
 9.99999E-01
 2.00058E+06
 1.14558E-06
 9.99999E-01
 2.00058E+06
 1.21672E-06
 9.99999E-01
 2.00058E+06
 1.29183E-06
 9.99999E-01
 2.00058E+06
 1.37110E-06
 9.99999E-01
 2.00058E+06
 1.45474E-06
 9.99999E-01
 2.00058E+06
 1.54295E-06
 9.99998E-01
 2.00058E+06
 1.63595E-06
 9.99998E-01
 2.00058E+06
 1.73397E-06
 9.99998E-01
 2.00058E+06
 1.83723E-06
 9.99998E-01
 2.00058E+06
 1.94599E-06
 9.99998E-01
 2.00058E+06
 2.06053E-06
 9.99998E-01
 2.00058E+06
 2.18112E-06
 9.99998E-01
 2.00058E+06
 2.30806E-06
 9.99998E-01
 2.00058E+06
 2.44163E-06
 9.99998E-01
 2.00058E+06
 2.58212E-06
 9.99997E-01
 2.00058E+06
 2.72984E-06
 9.99997E-01
 2.00058E+06
 2.88513E-06
 9.99997E-01
 2.00058E+06
 3.04833E-06
 9.99997E-01
 2.00058E+06
 3.21977E-06
 9.99997E-01
 2.00058E+06
 3.39982E-06
 9.99997E-01
 2.00058E+06
 3.58886E-06
 9.99996E-01
 2.00058E+06
 3.78726E-06
 9.99996E-01
 2.00058E+06
 3.99542E-06
 9.99996E-01
 2.00058E+06
 4.21375E-06
 9.99996E-01
 2.00058E+06
 4.44266E-06
 9.99996E-01
 2.00058E+06
 4.68257E-06
 9.99995E-01
 2.00058E+06
 4.93395E-06
 9.99995E-01
 2.00058E+06
 5.19731E-06
 9.99995E-01
 2.00058E+06
 5.47317E-06
 9.99995E-01
 2.00058E+06
 5.76208E-06
 9.99994E-01
 2.00058E+06
 6.06452E-06
 9.99994E-01
 2.00058E+06
 6.38102E-06
 9.99994E-01
 2.00058E+06
 6.71211E-06
 9.99993E-01
 2.00058E+06
 7.05838E-06
 9.99993E-01
 2.00058E+06
 7.42042E-06
 9.99993E-01
 2.00058E+06
 7.79883E-06
 9.99992E-01
 2.00058E+06
 8.19432E-06
 9.99992E-01
 2.00058E+06
 8.60761E-06
 9.99991E-01
 2.00058E+06
 9.03935E-06
 9.99991E-01
 2.00058E+06
 9.49022E-06
 9.99991E-01
 2.00058E+06
 9.96107E-06
 9.99990E-01
 2.00058E+06
 1.04526E-05
 9.99990E-01
 2.00058E+06
 1.09656E-05
 9.99989E-01
 2.00058E+06
 1.15009E-05
 9.99988E-01
 2.00058E+06
 1.20592E-05
 9.99988E-01
 2.00058E+06
 1.26416E-05
 9.99987E-01
 2.00058E+06
 1.32487E-05
 9.99987E-01
 2.00058E+06
 1.38815E-05
 9.99986E-01
 2.00058E+06
 1.45408E-05
 9.99985E-01
 2.00058E+06
 1.52276E-05
 9.99985E-01
 2.00058E+06
 1.59430E-05
 9.99984E-01
 2.00058E+06
 1.66878E-05
 9.99983E-01
 2.00058E+06
 1.74631E-05
 9.99983E-01
 2.00058E+06
 1.82699E-05
 9.99982E-01
 2.00058E+06
 1.91093E-05
 9.99981E-01
 2.00058E+06
 1.99824E-05
 9.99980E-01
 2.00058E+06
 2.08902E-05
 9.99979E-01
 2.00058E+06
 2.18341E-05
 9.99978E-01
 2.00058E+06
 2.28152E-05
 9.99977E-01
 2.00058E+06
 2.38347E-05
 9.99976E-01
 2.00058E+06
 2.48941E-05
 9.99975E-01
 2.00058E+06
 2.59946E-05
 9.99974E-01
 2.00058E+06
 2.71372E-05
 9.99973E-01
 2.00058E+06
 2.83239E-05
 9.99972E-01
 2.00058E+06
 2.95560E-05
 9.99970E-01
 2.00058E+06
 3.08351E-05
 9.99969E-01
 2.00058E+06
 3.21627E-05
 9.99968E-01
 2.00058E+06
 3.35402E-05
 9.99966E-01
 2.00058E+06
 3.49690E-05
 9.99965E-01
 2.00058E+06
 3.64504E-05
 9.99964E-01
 2.00058E+06
 3.79863E-05
 9.99962E-01
 2.00058E+06
 3.95785E-05
 9.99960E-01
 2.00058E+06
 4.12287E-05
 9.99959E-01
 2.00058E+06
 4.29385E-05
 9.99957E-01
 2.00058E+06
 4.47096E-05
 9.99955E-01
 2.00058E+06
 4.65436E-05
 9.99953E-01
 2.00058E+06
 4.84427E-05
 9.99952E-01
 2.00058E+06
 5.04090E-05
 9.99950E-01
 2.00058E+06
 5.24446E-05
 9.99948E-01
 2.00058E+06
 5.45509E-05
 9.99945E-01
 2.00058E+06
 5.67300E-05
 9.99943E-01
 2.00058E+06
 5.89846E-05
 9.99941E-01
 2.00058E+06
 6.13162E-05
 9.99939E-01
 2.00058E+06
 6.37268E-05
 9.99936E-01
 2.00058E+06
 6.62194E-05
 9.99934E-01
 2.00058E+06
 6.87959E-05
 9.99931E-01
 2.00058E+06
 7.14584E-05
 9.99929E-01
 2.00058E+06
 7.42093E-05
 9.99926E-01
 2.00058E+06
 7.70513E-05
 9.99923E-01
 2.00058E+06
 7.99867E-05
 9.99920E-01
 2.00058E+06
 8.30180E-05
 9.99917E-01
 2.00058E+06
 8.61477E-05
 9.99914E-01
 2.00058E+06
 8.93790E-05
 9.99911E-01
 2.00058E+06
 9.27143E-05
 9.99907E-01
 2.00058E+06
 9.61562E-05
 9.99904E-01
 2.00058E+06
 9.97076E-05
 9.99900E-01
 2.00058E+06
 1.03371E-04
 9.99897E-01
 2.00058E+06
 1.07149E-04
 9.99893E-01
 2.00058E+06
 1.11045E-04
 9.99889E-01
 2.00058E+06
 1.15061E-04
 9.99885E-01
 2.00058E+06
 1.19202E-04
 9.99881E-01
 2.00058E+06
 1.23470E-04
 9.99877E-01
 2.00058E+06
 1.27869E-04
 9.99872E-01
 2.00058E+06
 1.32401E-04
 9.99868E-01
 2.00058E+06
 1.37070E-04
 9.99863E-01
 2.00058E+06
 1.41879E-04
 9.99858E-01
 2.00058E+06
 1.46830E-04
 9.99853E-01
 2.00058E+06
 1.51928E-04
 9.99848E-01
 2.00058E+06
 1.57177E-04
 9.99843E-01
 2.00058E+06
 1.62579E-04
 9.99837E-01
 2.00058E+06
 1.68139E-04
 9.99832E-01
 2.00058E+06
 1.73860E-04
 9.99826E-01
 2.00058E+06
 1.79745E-04
 9.99820E-01
 2.00058E+06
 1.85798E-04
 9.99814E-01
 2.00058E+06
 1.92023E-04
 9.99808E-01
 2.00058E+06
 1.98424E-04
 9.99802E-01
 2.00058E+06
 2.05003E-04
 9.99795E-01
 2.00058E+06
 2.11766E-04
 9.99788E-01
 2.00058E+06
 2.18716E-04
 9.99781E-01
 2.00058E+06
 2.25857E-04
 9.99774E-01
 2.00058E+06
 2.33195E-04
 9.99767E-01
 2.00058E+06
 2.40735E-04
 9.99759E-01
 2.00058E+06
 2.48480E-04
 9.99752E-01
 2.00058E+06
 2.56435E-04
 9.99744E-01
 2.00058E+06
 2.64605E-04
 9.99735E-01
 2.00058E+06
 2.72993E-04
 9.99727E-01
 2.00058E+06
 2.81603E-04
 9.99718E-01
 2.00058E+06
 2.90442E-04
 9.99710E-01
 2.00058E+06
 2.99513E-04
 9.99700E-01
 2.00058E+06
 3.08821E-04
 9.99691E-01
 2.00058E+06
 3.18369E-04
 9.99682E-01
 2.00058E+06
 3.28164E-04
 9.99672E-01
 2.00058E+06
 3.38211E-04
 9.99662E-01
 2.00058E+06
 3.48513E-04
 9.99651E-01
 2.00058E+06
 3.59075E-04
 9.99641E-01
 2.00058E+06
 3.69903E-04
 9.99630E-01
 2.00058E+06
 3.81002E-04
 9.99619E-01
 2.00058E+06
 3.92376E-04
 9.99608E-01
 2.00058E+06
 4.04030E-04
 9.99596E-01
 2.00058E+06
 4.15971E-04
 9.99584E-01
 2.00058E+06
 4.28204E-04
 9.99572E-01
 2.00058E+06
 4.40734E-04
 9.99559E-01
 2.00058E+06
 4.53567E-04
 9.99546E-01
 2.00058E+06
 4.66708E-04
 9.99533E-01
 2.00058E+06
 4.80163E-04
 9.99520E-01
 2.00058E+06
 4.93937E-04
 9.99506E-01
 2.00058E+06
 5.08036E-04
 9.99492E-01
 2.00058E+06
 5.22468E-04
 9.99478E-01
 2.00058E+06
 5.37238E-04
 9.99463E-01
 2.00058E+06
 5.52351E-04
 9.99448E-01
 2.00058E+06
 5.67811E-04
 9.99432E-01
 2.00058E+06
 5.83626E-04
 9.99416E-01
 2.00058E+06
 5.99804E-04
 9.99400E-01
 2.00058E+06
 6.16352E-04
 9.99384E-01
 2.00058E+06
 6.33277E-04
 9.99367E-01
 2.00058E+06
 6.50584E-04
 9.99349E-01
 2.00058E+06
 6.68276E-04
 9.99332E-01
 2.00058E+06
 6.86361E-04
 9.99314E-01
 2.00058E+06
 7.04851E-04
 9.99295E-01
 2.00058E+06
 7.23752E-04
 9.99276E-01
 2.00058E+06
 7.43067E-04
 9.99257E-01
 2.00058E+06
 7.62799E-04
 9.99237E-01
 2.00058E+06
 7.82958E-04
 9.99217E-01
 2.00058E+06
 8.03549E-04
 9.99196E-01
 2.00058E+06
 8.24581E-04
 9.99175E-01
 2.00058E+06
 8.46058E-04
 9.99154E-01
 2.00058E+06
 8.67986E-04
 9.99132E-01
 2.00058E+06
 8.90376E-04
 9.99110E-01
 2.00058E+06
 9.13230E-04
 9.99087E-01
 2.00058E+06
 9.36557E-04
 9.99063E-01
 2.00058E+06
 9.60367E-04
 9.99040E-01
 2.00058E+06
 9.84664E-04
 9.99015E-01
 2.00058E+06
 1.00946E-03
 9.98991E-01
 2.00058E+06
 1.03475E-03
 9.98965E-01
 2.00058E+06
 1.06056E-03
 9.98939E-01
 2.00058E+06
 1.08687E-03
 9.98913E-01
 2.00058E+06
 1.11372E-03
 9.98886E-01
 2.00058E+06
 1.14110E-03
 9.98859E-01
 2.00058E+06
 1.16902E-03
 9.98831E-01
 2.00058E+06
 1.19748E-03
 9.98803E-01
 2.00058E+06
 1.22648E-03
 9.98774E-01
 2.00058E+06
 1.25605E-03
 9.98744E-01
 2.00058E+06
 1.28618E-03
 9.98714E-01
 2.00058E+06
 1.31689E-03
 9.98683E-01
 2.00058E+06
 1.34818E-03
 9.98652E-01
 2.00058E+06
 1.38006E-03
 9.98620E-01
 2.00058E+06
 1.41255E-03
 9.98587E-01
 2.00058E+06
 1.44565E-03
 9.98554E-01
 2.00058E+06
 1.47936E-03
 9.98521E-01
 2.00058E+06
 1.51370E-03
 9.98486E-01
 2.00058E+06
 1.54867E-03
 9.98451E-01
 2.00058E+06
 1.58428E-03
 9.98416E-01
 2.00058E+06
 1.62054E-03
 9.98379E-01
 2.00058E+06
 1.65744E-03
 9.98343E-01
 2.00058E+06
 1.69502E-03
 9.98305E-01
 2.00058E+06
 1.73327E-03
 9.98267E-01
 2.00058E+06
 1.77221E-03
 9.98228E-01
 2.00058E+06
 1.81183E-03
 9.98188E-01
 2.00058E+06
 1.85215E-03
 9.98148E-01
 2.00058E+06
 1.89318E-03
 9.98107E-01
 2.00058E+06
 1.93491E-03
 9.98065E-01
 2.00058E+06
 1.97737E-03
 9.98023E-01
 2.00058E+06
 2.02055E-03
 9.97979E-01
 2.00058E+06
 2.06447E-03
 9.97936E-01
 2.00058E+06
 2.10913E-03
 9.97891E-01
 2.00058E+06
 2.15454E-03
 9.97845E-01
 2.00058E+06
 2.20072E-03
 9.97799E-01
 2.00058E+06
 2.24766E-03
 9.97752E-01
 2.00058E+06
 2.29539E-03
 9.97705E-01
 2.00058E+06
 2.34391E-03
 9.97656E-01
 2.00058E+06
 2.39321E-03
 9.97607E-01
 2.00058E+06
 2.44332E-03
 9.97557E-01
 2.00058E+06
 2.49423E-03
 9.97506E-01
 2.00058E+06
 2.54597E-03
 9.97454E-01
 2.00058E+06
 2.59853E-03
 9.97401E-01
 2.00058E+06
 2.65191E-03
 9.97348E-01
 2.00058E+06
 2.70613E-03
 9.97294E-01
 2.00058E+06
 2.76119E-03
 9.97239E-01
 2.00058E+06
 2.81711E-03
 9.97183E-01
 2.00058E+06
 2.87390E-03
 9.97126E-01
 2.00058E+06
 2.93156E-03
 9.97068E-01
 2.00058E+06
 2.99010E-03
 9.97010E-01
 2.00058E+06
 3.04954E-03
 9.96950E-01
 2.00058E+06
 3.10992E-03
 9.96890E-01
 2.00058E+06
 3.17123E-03
 9.96829E-01
 2.00058E+06
 3.23346E-03
 9.96767E-01
 2.00058E+06
 3.29663E-03
 9.96703E-01
 2.00058E+06
 3.36073E-03
 9.96639E-01
 2.00058E+06
 3.42578E-03
 9.96574E-01
 2.00058E+06
 3.49178E-03
 9.96508E-01
 2.00058E+06
 3.55873E-03
 9.96441E-01
 2.00058E+06
 3.62665E-03
 9.96373E-01
 2.00058E+06
 3.69555E-03
 9.96304E-01
 2.00058E+06
 3.76542E-03
 9.96235E-01
 2.00058E+06
 3.83630E-03
 9.96164E-01
 2.00058E+06
 3.90819E-03
 9.96092E-01
 2.00058E+06
 3.98109E-03
 9.96019E-01
 2.00058E+06
 4.05501E-03
 9.95945E-01
 2.00058E+06
 4.12995E-03
 9.95870E-01
 2.00058E+06
 4.20593E-03
 9.95794E-01
 2.00058E+06
 4.28295E-03
 9.95717E-01
 2.00058E+06
 4.36102E-03
 9.95639E-01
 2.00058E+06
 4.44014E-03
 9.95560E-01
 2.00058E+06
 4.52033E-03
 9.95480E-01
 2.00058E+06
 4.60169E-03
 9.95398E-01
 2.00058E+06
 4.68408E-03
 9.95316E-01
 2.00058E+06
 4.76754E-03
 9.95232E-01
 2.00058E+06
 4.85209E-03
 9.95148E-01
 2.00058E+06
 4.93774E-03
 9.95062E-01
 2.00058E+06
 5.02449E-03
 9.94976E-01
 2.00058E+06
 5.11235E-03
 9.94888E-01
 2.00058E+06
 5.20134E-03
 9.94799E-01
 2.00058E+06
 5.29148E-03
 9.94709E-01
 2.00058E+06
 5.38278E-03
 9.94617E-01
 2.00058E+06
 5.47525E-03
 9.94525E-01
 2.00058E+06
 5.56891E-03
 9.94431E-01
 2.00058E+06
 5.66377E-03
 9.94336E-01
 2.00058E+06
 5.75985E-03
 9.94240E-01
 2.00058E+06
 5.85714E-03
 9.94143E-01
 2.00058E+06
 5.95566E-03
 9.94044E-01
 2.00058E+06
 6.05543E-03
 9.93945E-01
 2.00058E+06
 6.15642E-03
 9.93844E-01
 2.00058E+06
 6.25863E-03
 9.93741E-01
 2.00058E+06
 6.36208E-03
 9.93638E-01
 2.00058E+06
 6.46676E-03
 9.93533E-01
 2.00058E+06
 6.57268E-03
 9.93427E-01
 2.00058E+06
 6.67985E-03
 9.93320E-01
 2.00058E+06
 6.78829E-03
 9.93212E-01
 2.00058E+06
 6.89802E-03
 9.93102E-01
 2.00058E+06
 7.00903E-03
 9.92991E-01
 2.00058E+06
 7.12134E-03
 9.92879E-01
 2.00058E+06
 7.23495E-03
 9.92765E-01
 2.00058E+06
 7.34987E-03
 9.92650E-01
 2.00058E+06
 7.46610E-03
 9.92534E-01
 2.00058E+06
 7.58365E-03
 9.92416E-01
 2.00058E+06
 7.70255E-03
 9.92297E-01
 2.00058E+06
 7.82279E-03
 9.92177E-01
 2.00058E+06
 7.94438E-03
 9.92056E-01
 2.00058E+06
 8.06734E-03
 9.91933E-01
 2.00058E+06
 8.19165E-03
 9.91808E-01
 2.00058E+06
 8.31733E-03
 9.91683E-01
 2.00058E+06
 8.44439E-03
 9.91556E-01
 2.00058E+06
 8.57283E-03
 9.91427E-01
 2.00058E+06
 8.70266E-03
 9.91297E-01
 2.00058E+06
 8.83387E-03
 9.91166E-01
 2.00058E+06
 8.96649E-03
 9.91034E-01
 2.00058E+06
 9.10053E-03
 9.90899E-01
 2.00058E+06
 9.23600E-03
 9.90764E-01
 2.00058E+06
 9.37289E-03
 9.90627E-01
 2.00058E+06
 9.51120E-03
 9.90489E-01
 2.00058E+06
 9.65097E-03
 9.90349E-01
 2.00058E+06
 9.79219E-03
 9.90208E-01
 2.00058E+06
 9.93489E-03
 9.90065E-01
 2.00058E+06
 1.00791E-02
 9.89921E-01
 2.00058E+06
 1.02247E-02
 9.89775E-01
 2.00058E+06
 1.03718E-02
 9.89628E-01
 2.00058E+06
 1.05205E-02
 9.89480E-01
 2.00058E+06
 1.06705E-02
 9.89329E-01
 2.00058E+06
 1.08221E-02
 9.89178E-01
 2.00058E+06
 1.09752E-02
 9.89025E-01
 2.00058E+06
 1.11298E-02
 9.88870E-01
 2.00058E+06
 1.12858E-02
 9.88714E-01
 2.00058E+06
 1.14435E-02
 9.88557E-01
 2.00058E+06
 1.16026E-02
 9.88397E-01
 2.00058E+06
 1.17633E-02
 9.88237E-01
 2.00058E+06
 1.19256E-02
 9.88074E-01
 2.00058E+06
 1.20894E-02
 9.87911E-01
 2.00058E+06
 1.22547E-02
 9.87745E-01
 2.00058E+06
 1.24217E-02
 9.87578E-01
 2.00058E+06
 1.25902E-02
 9.87410E-01
 2.00058E+06
 1.27603E-02
 9.87240E-01
 2.00058E+06
 1.29320E-02
 9.87068E-01
 2.00058E+06
 1.31053E-02
 9.86895E-01
 2.00058E+06
 1.32802E-02
 9.86720E-01
 2.00058E+06
 1.34567E-02
 9.86543E-01
 2.00058E+06
 1.36347E-02
 9.86365E-01
 2.00058E+06
 1.38144E-02
 9.86186E-01
 2.00058E+06
 1.39958E-02
 9.86004E-01
 2.00058E+06
 1.41788E-02
 9.85821E-01
 2.00058E+06
 1.43634E-02
 9.85637E-01
 2.00058E+06
 1.45496E-02
 9.85450E-01
 2.00058E+06
 1.47374E-02
 9.85263E-01
 2.00058E+06
 1.49269E-02
 9.85073E-01
 2.00058E+06
 1.51181E-02
 9.84882E-01
 2.00058E+06
 1.53108E-02
 9.84689E-01
 2.00058E+06
 1.55053E-02
 9.84495E-01
 2.00058E+06
 1.57014E-02
 9.84299E-01
 2.00058E+06
 1.58992E-02
 9.84101E-01
 2.00058E+06
 1.60986E-02
 9.83901E-01
 2.00058E+06
 1.62997E-02
 9.83700E-01
 2.00058E+06
 1.65026E-02
 9.83497E-01
 2.00058E+06
 1.67071E-02
 9.83293E-01
 2.00058E+06
 1.69133E-02
 9.83087E-01
 2.00058E+06
 1.71212E-02
 9.82879E-01
 2.00058E+06
 1.73309E-02
 9.82669E-01
 2.00058E+06
 1.75422E-02
 9.82458E-01
 2.00058E+06
 1.77554E-02
 9.82245E-01
 2.00058E+06
 1.79702E-02
 9.82030E-01
 2.00058E+06
 1.81868E-02
 9.81813E-01
 2.00058E+06
 1.84052E-02
 9.81595E-01
 2.00058E+06
 1.86252E-02
 9.81375E-01
 2.00058E+06
 1.88470E-02
 9.81153E-01
 2.00058E+06
 1.90706E-02
 9.80929E-01
 2.00058E+06
 1.92959E-02
 9.80704E-01
 2.00058E+06
 1.95229E-02
 9.80477E-01
 2.00058E+06
 1.97516E-02
 9.80248E-01
 2.00058E+06
 1.99821E-02
 9.80018E-01
 2.00058E+06
 2.02144E-02
 9.79786E-01
 2.00058E+06
 2.04484E-02
 9.79552E-01
 2.00058E+06
 2.06842E-02
 9.79316E-01
 2.00058E+06
 2.09217E-02
 9.79078E-01
 2.00058E+06
 2.11610E-02
 9.78839E-01
 2.00058E+06
 2.14021E-02
 9.78598E-01
 2.00058E+06
 2.16449E-02
 9.78355E-01
 2.00058E+06
 2.18893E-02
 9.78111E-01
 2.00058E+06
 2.21356E-02
 9.77864E-01
 2.00058E+06
 2.23837E-02
 9.77616E-01
 2.00058E+06
 2.26337E-02
 9.77366E-01
 2.00058E+06
 2.28854E-02
 9.77115E-01
 2.00058E+06
 2.31390E-02
 9.76861E-01
 2.00058E+06
 2.33943E-02
 9.76606E-01
 2.00058E+06
 2.36515E-02
 9.76349E-01
 2.00058E+06
 2.39105E-02
 9.76090E-01
 2.00058E+06
 2.41713E-02
 9.75829E-01
 2.00058E+06
 2.44339E-02
 9.75566E-01
 2.00058E+06
 2.46984E-02
 9.75302E-01
 2.00058E+06
 2.49646E-02
 9.75035E-01
 2.00058E+06
 2.52326E-02
 9.74767E-01
 2.00058E+06
 2.55024E-02
 9.74498E-01
 2.00058E+06
 2.57740E-02
 9.74226E-01
 2.00058E+06
 2.60475E-02
 9.73953E-01
 2.00058E+06
 2.63228E-02
 9.73677E-01
 2.00058E+06
 2.65999E-02
 9.73400E-01
 2.00058E+06
 2.68790E-02
 9.73121E-01
 2.00058E+06
 2.71599E-02
 9.72840E-01
 2.00058E+06
 2.74426E-02
 9.72557E-01
 2.00058E+06
 2.77273E-02
 9.72273E-01
 2.00058E+06
 2.80138E-02
 9.71986E-01
 2.00058E+06
 2.83021E-02
 9.71698E-01
 2.00058E+06
 2.85923E-02
 9.71408E-01
 2.00058E+06
 2.88844E-02
 9.71116E-01
 2.00058E+06
 2.91783E-02
 9.70822E-01
 2.00058E+06
 2.94741E-02
 9.70526E-01
 2.00058E+06
 2.97717E-02
 9.70228E-01
 2.00058E+06
 3.00712E-02
 9.69929E-01
 2.00058E+06
 3.03726E-02
 9.69627E-01
 2.00058E+06
 3.06759E-02
 9.69324E-01
 2.00058E+06
 3.09812E-02
 9.69019E-01
 2.00058E+06
 3.12882E-02
 9.68712E-01
 2.00058E+06
 3.15972E-02
 9.68403E-01
 2.00058E+06
 3.19079E-02
 9.68092E-01
 2.00058E+06
 3.22205E-02
 9.67779E-01
 2.00058E+06
 3.25350E-02
 9.67465E-01
 2.00058E+06
 3.28513E-02
 9.67149E-01
 2.00058E+06
 3.31694E-02
 9.66831E-01
 2.00058E+06
 3.34894E-02
 9.66511E-01
 2.00058E+06
 3.38112E-02
 9.66189E-01
 2.00058E+06
 3.41349E-02
 9.65865E-01
 2.00058E+06
 3.44604E-02
 9.65540E-01
 2.00058E+06
 3.47877E-02
 9.65212E-01
 2.00058E+06
 3.51170E-02
 9.64883E-01
 2.00058E+06
 3.54482E-02
 9.64552E-01
 2.00058E+06
 3.57813E-02
 9.64219E-01
 2.00058E+06
 3.61162E-02
 9.63884E-01
 2.00058E+06
 3.64530E-02
 9.63547E-01
 2.00058E+06
 3.67917E-02
 9.63208E-01
 2.00058E+06
 3.71322E-02
 9.62868E-01
 2.00058E+06
 3.74745E-02
 9.62525E-01
 2.00058E+06
 3.78187E-02
 9.62181E-01
 2.00058E+06
 3.81647E-02
 9.61835E-01
 2.00058E+06
 3.85126E-02
 9.61487E-01
 2.00058E+06
 3.88624E-02
 9.61138E-01
 2.00058E+06
 3.92141E-02
 9.60786E-01
 2.00058E+06
 3.95676E-02
 9.60432E-01
 2.00058E+06
 3.99230E-02
 9.60077E-01
 2.00058E+06
 4.02801E-02
 9.59720E-01
 2.00058E+06
 4.06392E-02
 9.59361E-01
 2.00058E+06
 4.10001E-02
 9.59000E-01
 2.00058E+06
 4.13629E-02
 9.58637E-01
 2.00058E+06
 4.17276E-02
 9.58272E-01
 2.00058E+06
 4.20942E-02
 9.57906E-01
 2.00058E+06
 4.24626E-02
 9.57537E-01
 2.00058E+06
 4.28330E-02
 9.57167E-01
 2.00058E+06
 4.32052E-02
 9.56795E-01
 2.00058E+06
 4.35794E-02
 9.56421E-01
 2.00058E+06
 4.39554E-02
 9.56045E-01
 2.00058E+06
 4.43332E-02
 9.55667E-01
 2.00058E+06
 4.47129E-02
 9.55287E-01
 2.00058E+06
 4.50945E-02
 9.54905E-01
 2.00058E+06
 4.54780E-02
 9.54522E-01
 2.00058E+06
 4.58633E-02
 9.54137E-01
 2.00058E+06
 4.62504E-02
 9.53750E-01
 2.00058E+06
 4.66394E-02
 9.53361E-01
 2.00058E+06
 4.70303E-02
 9.52970E-01
 2.00058E+06
 4.74230E-02
 9.52577E-01
 2.00058E+06
 4.78176E-02
 9.52182E-01
 2.00058E+06
 4.82140E-02
 9.51786E-01
 2.00058E+06
 4.86122E-02
 9.51388E-01
 2.00058E+06
 4.90122E-02
 9.50988E-01
 2.00058E+06
 4.94141E-02
 9.50586E-01
 2.00058E+06
 4.98179E-02
 9.50182E-01
 2.00058E+06
 5.02235E-02
 9.49777E-01
 2.00058E+06
 5.06310E-02
 9.49369E-01
 2.00058E+06
 5.10403E-02
 9.48960E-01
 2.00058E+06
 5.14515E-02
 9.48548E-01
 2.00058E+06
 5.18646E-02
 9.48135E-01
 2.00058E+06
 5.22795E-02
 9.47721E-01
 2.00058E+06
 5.26961E-02
 9.47304E-01
 2.00058E+06
 5.31145E-02
 9.46885E-01
 2.00058E+06
 5.35348E-02
 9.46465E-01
 2.00058E+06
 5.39568E-02
 9.46043E-01
 2.00058E+06
 5.43806E-02
 9.45619E-01
 2.00058E+06
 5.48062E-02
 9.45194E-01
 2.00058E+06
 5.52335E-02
 9.44766E-01
 2.00058E+06
 5.56626E-02
 9.44337E-01
 2.00058E+06
 5.60935E-02
 9.43906E-01
 2.00058E+06
 5.65262E-02
 9.43474E-01
 2.00058E+06
 5.69607E-02
 9.43039E-01
 2.00058E+06
 5.73969E-02
 9.42603E-01
 2.00058E+06
 5.78349E-02
 9.42165E-01
 2.00058E+06
 5.82746E-02
 9.41725E-01
 2.00058E+06
 5.87161E-02
 9.41284E-01
 2.00058E+06
 5.91591E-02
 9.40841E-01
 2.00058E+06
 5.96039E-02
 9.40396E-01
 2.00058E+06
 6.00506E-02
 9.39949E-01
 2.00058E+06
 6.04990E-02
 9.39501E-01
 2.00058E+06
 6.09493E-02
 9.39051E-01
 2.00058E+06
 6.14013E-02
 9.38599E-01
 2.00058E+06
 6.18552E-02
 9.38145E-01
 2.00058E+06
 6.23108E-02
 9.37689E-01
 2.00058E+06
 6.27682E-02
 9.37232E-01
 2.00058E+06
 6.32273E-02
 9.36773E-01
 2.00058E+06
 6.36882E-02
 9.36312E-01
 2.00058E+06
 6.41509E-02
 9.35849E-01
 2.00058E+06
 6.46153E-02
 9.35385E-01
 2.00058E+06
 6.50815E-02
 9.34919E-01
 2.00058E+06
 6.55494E-02
 9.34451E-01
 2.00058E+06
 6.60191E-02
 9.33981E-01
 2.00058E+06
 6.64905E-02
 9.33509E-01
 2.00058E+06
 6.69636E-02
 9.33036E-01
 2.00058E+06
 6.74385E-02
 9.32562E-01
 2.00058E+06
 6.79150E-02
 9.32085E-01
 2.00058E+06
 6.83932E-02
 9.31607E-01
 2.00058E+06
 6.88731E-02
 9.31127E-01
 2.00058E+06
 6.93547E-02
 9.30645E-01
 2.00058E+06
 6.98380E-02
 9.30162E-01
 2.00058E+06
 7.03230E-02
 9.29677E-01
 2.00058E+06
 7.08096E-02
 9.29190E-01
 2.00058E+06
 7.12979E-02
 9.28702E-01
 2.00058E+06
 7.17878E-02
 9.28212E-01
 2.00058E+06
 7.22794E-02
 9.27721E-01
 2.00058E+06
 7.27727E-02
 9.27227E-01
 2.00058E+06
 7.32677E-02
 9.26732E-01
 2.00058E+06
 7.37644E-02
 9.26236E-01
 2.00058E+06
 7.42627E-02
 9.25737E-01
 2.00058E+06
 7.47627E-02
 9.25237E-01
 2.00058E+06
 7.52643E-02
 9.24736E-01
 2.00058E+06
 7.57675E-02
 9.24232E-01
 2.00058E+06
 7.62724E-02
 9.23728E-01
 2.00058E+06
 7.67790E-02
 9.23221E-01
 2.00058E+06
 7.72872E-02
 9.22713E-01
 2.00058E+06
 7.77970E-02
 9.22203E-01
 2.00058E+06
 7.83085E-02
 9.21692E-01
 2.00058E+06
 7.88216E-02
 9.21178E-01
 2.00058E+06
 7.93364E-02
 9.20664E-01
 2.00058E+06
 7.98527E-02
 9.20147E-01
 2.00058E+06
 8.03706E-02
 9.19629E-01
 2.00058E+06
 8.08900E-02
 9.19110E-01
 2.00058E+06
 8.14110E-02
 9.18589E-01
 2.00058E+06
 8.19335E-02
 9.18066E-01
 2.00058E+06
 8.24577E-02
 9.17542E-01
 2.00058E+06
 8.29835E-02
 9.17017E-01
 2.00058E+06
 8.35108E-02
 9.16489E-01
 2.00058E+06
 8.40398E-02
 9.15960E-01
 2.00058E+06
 8.45703E-02
 9.15430E-01
 2.00058E+06
 8.51025E-02
 9.14898E-01
 2.00058E+06
 8.56362E-02
 9.14364E-01
 2.00058E+06
 8.61716E-02
 9.13828E-01
 2.00058E+06
 8.67085E-02
 9.13292E-01
 2.00058E+06
 8.72469E-02
 9.12753E-01
 2.00058E+06
 8.77868E-02
 9.12213E-01
 2.00058E+06
 8.83282E-02
 9.11672E-01
 2.00058E+06
 8.88710E-02
 9.11129E-01
 2.00058E+06
 8.94153E-02
 9.10585E-01
 2.00058E+06
 8.99611E-02
 9.10039E-01
 2.00058E+06
 9.05083E-02
 9.09492E-01
 2.00058E+06
 9.10571E-02
 9.08943E-01
 2.00058E+06
 9.16073E-02
 9.08393E-01
 2.00058E+06
 9.21590E-02
 9.07841E-01
 2.00058E+06
 9.27121E-02
 9.07288E-01
 2.00058E+06
 9.32666E-02
 9.06733E-01
 2.00058E+06
 9.38226E-02
 9.06177E-01
 2.00058E+06
 9.43801E-02
 9.05620E-01
 2.00058E+06
 9.49390E-02
 9.05061E-01
 2.00058E+06
 9.54995E-02
 9.04501E-01
 2.00058E+06
 9.60614E-02
 9.03939E-01
 2.00058E+06
 9.66247E-02
 9.03375E-01
 2.00058E+06
 9.71896E-02
 9.02810E-01
 2.00058E+06
 9.77558E-02
 9.02244E-01
 2.00058E+06
 9.83236E-02
 9.01676E-01
 2.00058E+06
 9.88927E-02
 9.01107E-01
 2.00058E+06
 9.94632E-02
 9.00537E-01
 2.00058E+06
 1.00035E-01
 8.99965E-01
 2.00058E+06
 1.00608E-01
 8.99392E-01
 2.00058E+06
 1.01183E-01
 8.98817E-01
 2.00058E+06
 1.01759E-01
 8.98241E-01
 2.00058E+06
 1.02336E-01
 8.97664E-01
 2.00058E+06
 1.02915E-01
 8.97085E-01
 2.00058E+06
 1.03495E-01
 8.96505E-01
 2.00058E+06
 1.04076E-01
 8.95924E-01
 2.00058E+06
 1.04659E-01
 8.95341E-01
 2.00058E+06
 1.05243E-01
 8.94757E-01
 2.00058E+06
 1.05828E-01
 8.94172E-01
 2.00058E+06
 1.06415E-01
 8.93585E-01
 2.00058E+06
 1.07003E-01
 8.92997E-01
 2.00058E+06
 1.07592E-01
 8.92408E-01
 2.00058E+06
 1.08182E-01
 8.91818E-01
 2.00058E+06
 1.08774E-01
 8.91226E-01
 2.00058E+06
 1.09367E-01
 8.90633E-01
 2.00058E+06
 1.09961E-01
 8.90039E-01
 2.00058E+06
 1.10557E-01
 8.89443E-01
 2.00058E+06
 1.11154E-01
 8.88846E-01
 2.00058E+06
 1.11752E-01
 8.88248E-01
 2.00058E+06
 1.12351E-01
 8.87649E-01
 2.00058E+06
 1.12952E-01
 8.87048E-01
 2.00058E+06
 1.13554E-01
 8.86446E-01
 2.00058E+06
 1.14157E-01
 8.85843E-01
 2.00058E+06
 1.14762E-01
 8.85238E-01
 2.00058E+06
 1.15367E-01
 8.84633E-01
 2.00058E+06
 1.15974E-01
 8.84026E-01
 2.00058E+06
 1.16583E-01
 8.83417E-01
 2.00058E+06
 1.17192E-01
 8.82808E-01
 2.00058E+06
 1.17803E-01
 8.82197E-01
 2.00058E+06
 1.18414E-01
 8.81586E-01
 2.00058E+06
 1.19027E-01
 8.80973E-01
 2.00058E+06
 1.19642E-01
 8.80358E-01
 2.00058E+06
 1.20257E-01
 8.79743E-01
 2.00058E+06
 1.20873E-01
 8.79127E-01
 2.00058E+06
 1.21491E-01
 8.78509E-01
 2.00058E+06
 1.22110E-01
 8.77890E-01
 2.00058E+06
 1.22730E-01
 8.77270E-01
 2.00058E+06
 1.23351E-01
 8.76649E-01
 2.00058E+06
 1.23973E-01
 8.76027E-01
 2.00058E+06
 1.24596E-01
 8.75404E-01
 2.00058E+06
 1.25220E-01
 8.74780E-01
 2.00058E+06
 1.25846E-01
 8.74154E-01
 2.00058E+06
 1.26472E-01
 8.73528E-01
 2.00058E+06
 1.27100E-01
 8.72900E-01
 2.00058E+06
 1.27728E-01
 8.72272E-01
 2.00058E+06
 1.28358E-01
 8.71642E-01
 2.00058E+06
 1.28988E-01
 8.71012E-01
 2.00058E+06
 1.29620E-01
 8.70380E-01
 2.00058E+06
 1.30253E-01
 8.69747E-01
 2.00058E+06
 1.30887E-01
 8.69113E-01
 2.00058E+06
 1.31522E-01
 8.68478E-01
 2.00058E+06
 1.32158E-01
 8.67842E-01
 2.00058E+06
 1.32795E-01
 8.67205E-01
 2.00058E+06
 1.33433E-01
 8.66567E-01
 2.00058E+06
 1.34072E-01
 8.65928E-01
 2.00058E+06
 1.34712E-01
 8.65288E-01
 2.00058E+06
 1.35352E-01
 8.64648E-01
 2.00058E+06
 1.35994E-01
 8.64006E-01
 2.00058E+06
 1.36637E-01
 8.63363E-01
 2.00058E+06
 1.37281E-01
 8.62719E-01
 2.00058E+06
 1.37926E-01
 8.62074E-01
 2.00058E+06
 1.38572E-01
 8.61428E-01
 2.00058E+06
 1.39219E-01
 8.60781E-01
 2.00058E+06
 1.39867E-01
 8.60133E-01
 2.00058E+06
 1.40516E-01
 8.59484E-01
 2.00058E+06
 1.41165E-01
 8.58835E-01
 2.00058E+06
 1.41816E-01
 8.58184E-01
 2.00058E+06
 1.42467E-01
 8.57533E-01
 2.00058E+06
 1.43120E-01
 8.56880E-01
 2.00058E+06
 1.43773E-01
 8.56227E-01
 2.00058E+06
 1.44427E-01
 8.55573E-01
 2.00058E+06
 1.45082E-01
 8.54918E-01
 2.00058E+06
 1.45738E-01
 8.54262E-01
 2.00058E+06
 1.46395E-01
 8.53605E-01
 2.00058E+06
 1.47053E-01
 8.52947E-01
 2.00058E+06
 1.47712E-01
 8.52288E-01
 2.00058E+06
 1.48372E-01
 8.51628E-01
 2.00058E+06
 1.49032E-01
 8.50968E-01
 2.00058E+06
 1.49693E-01
 8.50307E-01
 2.00058E+06
 1.50355E-01
 8.49645E-01
 2.00058E+06
 1.51018E-01
 8.48982E-01
 2.00058E+06
 1.51682E-01
 8.48318E-01
 2.00058E+06
 1.52346E-01
 8.47654E-01
 2.00058E+06
 1.53011E-01
 8.46989E-01
 2.00058E+06
 1.53677E-01
 8.46323E-01
 2.00058E+06
 1.54344E-01
 8.45656E-01
 2.00058E+06
 1.55011E-01
 8.44989E-01
 2.00058E+06
 1.55679E-01
 8.44321E-01
 2.00058E+06
 1.56348E-01
 8.43652E-01
 2.00058E+06
 1.57018E-01
 8.42982E-01
 2.00058E+06
 1.57688E-01
 8.42312E-01
 2.00058E+06
 1.58359E-01
 8.41641E-01
 2.00058E+06
 1.59031E-01
 8.40969E-01
 2.00058E+06
 1.59703E-01
 8.40297E-01
 2.00058E+06
 1.60376E-01
 8.39624E-01
 2.00058E+06
 1.61050E-01
 8.38950E-01
 2.00058E+06
 1.61725E-01
 8.38275E-01
 2.00058E+06
 1.62400E-01
 8.37600E-01
 2.00058E+06
 1.63076E-01
 8.36924E-01
 2.00058E+06
 1.63752E-01
 8.36248E-01
 2.00058E+06
 1.64429E-01
 8.35571E-01
 2.00058E+06
 1.65107E-01
 8.34893E-01
 2.00058E+06
 1.65785E-01
 8.34215E-01
 2.00058E+06
 1.66464E-01
 8.33536E-01
 2.00058E+06
 1.67143E-01
 8.32857E-01
 2.00058E+06
 1.67823E-01
 8.32177E-01
 2.00058E+06
 1.68504E-01
 8.31496E-01
 2.00058E+06
 1.69186E-01
 8.30814E-01
 2.00058E+06
 1.69868E-01
 8.30132E-01
 2.00058E+06
 1.70550E-01
 8.29450E-01
 2.00058E+06
 1.71233E-01
 8.28767E-01
 2.00058E+06
 1.71917E-01
 8.28083E-01
 2.00058E+06
 1.72601E-01
 8.27399E-01
 2.00058E+06
 1.73286E-01
 8.26714E-01
 2.00058E+06
 1.73971E-01
 8.26029E-01
 2.00058E+06
 1.74657E-01
 8.25343E-01
 2.00058E+06
 1.75343E-01
 8.24657E-01
 2.00058E+06
 1.76030E-01
 8.23970E-01
 2.00058E+06
 1.76717E-01
 8.23283E-01
 2.00058E+06
 1.77405E-01
 8.22595E-01
 2.00058E+06
 1.78093E-01
 8.21907E-01
 2.00058E+06
 1.78781E-01
 8.21219E-01
 2.00058E+06
 1.79470E-01
 8.20530E-01
 2.00058E+06
 1.80160E-01
 8.19840E-01
 2.00058E+06
 1.80850E-01
 8.19150E-01
 2.00058E+06
 1.81540E-01
 8.18460E-01
 2.00058E+06
 1.82231E-01
 8.17769E-01
 2.00058E+06
 1.82922E-01
 8.17078E-01
 2.00058E+06
 1.83614E-01
 8.16386E-01
 2.00058E+06
 1.84306E-01
 8.15694E-01
 2.00058E+06
 1.84999E-01
 8.15001E-01
 2.00058E+06
 1.85692E-01
 8.14308E-01
 2.00058E+06
 1.86386E-01
 8.13614E-01
 2.00058E+06
 1.87080E-01
 8.12920E-01
 2.00058E+06
 1.87774E-01
 8.12226E-01
 2.00058E+06
 1.88469E-01
 8.11531E-01
 2.00058E+06
 1.89164E-01
 8.10836E-01
 2.00058E+06
 1.89859E-01
 8.10141E-01
 2.00058E+06
 1.90555E-01
 8.09445E-01
 2.00058E+06
 1.91251E-01
 8.08749E-01
 2.00058E+06
 1.91947E-01
 8.08053E-01
 2.00058E+06
 1.92644E-01
 8.07356E-01
 2.00058E+06
 1.93341E-01
 8.06659E-01
 2.00058E+06
 1.94038E-01
 8.05962E-01
 2.00058E+06
 1.94736E-01
 8.05264E-01
 2.00058E+06
 1.95434E-01
 8.04566E-01
 2.00058E+06
 1.96132E-01
 8.03868E-01
 2.00058E+06
 1.96830E-01
 8.03170E-01
 2.00058E+06
 1.97529E-01
 8.02471E-01
 2.00058E+06
 1.98227E-01
 8.01773E-01
 2.00058E+06
 1.98926E-01
 8.01074E-01
 2.00058E+06
 1.99625E-01
 8.00375E-01
 2.00058E+06
 2.00325E-01
 7.99675E-01
 2.00058E+06
 2.01024E-01
 7.98976E-01
 2.00058E+06
 2.01724E-01
 7.98276E-01
 2.00058E+06
 2.02424E-01
 7.97576E-01
 2.00058E+06
 2.03124E-01
 7.96876E-01
 2.00058E+06
 2.03824E-01
 7.96176E-01
 2.00058E+06
 2.04525E-01
 7.95475E-01
 2.00058E+06
 2.05226E-01
 7.94774E-01
 2.00058E+06
 2.05926E-01
 7.94074E-01
 2.00058E+06
 2.06627E-01
 7.93373E-01
 2.00058E+06
 2.07328E-01
 7.92672E-01
 2.00058E+06
 2.08029E-01
 7.91971E-01
 2.00058E+06
 2.08731E-01
 7.91269E-01
 2.00059E+06
 2.09432E-01
 7.90568E-01
 2.00059E+06
 2.10134E-01
 7.89866E-01
 2.00059E+06
 2.10835E-01
 7.89165E-01
 2.00059E+06
 2.11537E-01
 7.88463E-01
 2.00059E+06
 2.12239E-01
 7.87761E-01
 2.00059E+06
 2.12941E-01
 7.87059E-01
 2.00059E+06
 2.13642E-01
 7.86358E-01
 2.00059E+06
 2.14344E-01
 7.85656E-01
 2.00059E+06
 2.15046E-01
 7.84954E-01
 2.00059E+06
 2.15748E-01
 7.84252E-01
 2.00059E+06
 2.16450E-01
 7.83550E-01
 2.00059E+06
 2.17152E-01
 7.82848E-01
 2.00059E+06
 2.17854E-01
 7.82146E-01
 2.00059E+06
 2.18556E-01
 7.81444E-01
 2.00059E+06
 2.19258E-01
 7.80742E-01
 2.00059E+06
 2.19959E-01
 7.80041E-01
 2.00059E+06
 2.20661E-01
 7.79339E-01
 2.00059E+06
 2.21363E-01
 7.78637E-01
 2.00059E+06
 2.22065E-01
 7.77935E-01
 2.00059E+06
 2.22766E-01
 7.77234E-01
 2.00059E+06
 2.23468E-01
 7.76532E-01
 2.00059E+06
 2.24170E-01
 7.75830E-01
 2.00059E+06
 2.24872E-01
 7.75128E-01
 2.00059E+06
 2.25573E-01
 7.74427E-01
 2.00059E+06
 2.26274E-01
 7.73726E-01
 2.00059E+06
 2.26976E-01
 7.73024E-01
 2.00059E+06
 2.27677E-01
 7.72323E-01
 2.00059E+06
 2.28378E-01
 7.71622E-01
 2.00059E+06
 2.29078E-01
 7.70922E-01
 2.00059E+06
 2.29779E-01
 7.70221E-01
 2.00059E+06
 2.30479E-01
 7.69521E-01
 2.00059E+06
 2.31180E-01
 7.68820E-01
 2.00059E+06
 2.31880E-01
 7.68120E-01
 2.00059E+06
 2.32580E-01
 7.67420E-01
 2.00059E+06
 2.33279E-01
 7.66721E-01
 2.00059E+06
 2.33979E-01
 7.66021E-01
 2.00059E+06
 2.34678E-01
 7.65322E-01
 2.00059E+06
 2.35377E-01
 7.64623E-01
 2.00059E+06
 2.36076E-01
 7.63924E-01
 2.00059E+06
 2.36774E-01
 7.63226E-01
 2.00059E+06
 2.37473E-01
 7.62527E-01
 2.00059E+06
 2.38171E-01
 7.61829E-01
 2.00059E+06
 2.38869E-01
 7.61131E-01
 2.00059E+06
 2.39567E-01
 7.60433E-01
 2.00059E+06
 2.40265E-01
 7.59735E-01
 2.00059E+06
 2.40962E-01
 7.59038E-01
 2.00059E+06
 2.41659E-01
 7.58341E-01
 2.00059E+06
 2.42356E-01
 7.57644E-01
 2.00059E+06
 2.43053E-01
 7.56947E-01
 2.00059E+06
 2.43749E-01
 7.56251E-01
 2.00059E+06
 2.44445E-01
 7.55555E-01
 2.00059E+06
 2.45140E-01
 7.54860E-01
 2.00059E+06
 2.45836E-01
 7.54164E-01
 2.00059E+06
 2.46531E-01
 7.53469E-01
 2.00059E+06
 2.47225E-01
 7.52775E-01
 2.00059E+06
 2.47919E-01
 7.52081E-01
 2.00059E+06
 2.48613E-01
 7.51387E-01
 2.00059E+06
 2.49306E-01
 7.50694E-01
 2.00059E+06
 2.49999E-01
 7.50001E-01
 2.00059E+06
 2.50691E-01
 7.49309E-01
 2.00059E+06
 2.51384E-01
 7.48616E-01
 2.00059E+06
 2.52075E-01
 7.47925E-01
 2.00059E+06
 2.52767E-01
 7.47233E-01
 2.00059E+06
 2.53457E-01
 7.46543E-01
 2.00059E+06
 2.54148E-01
 7.45852E-01
 2.00059E+06
 2.54837E-01
 7.45163E-01
 2.00059E+06
 2.55527E-01
 7.44473E-01
 2.00059E+06
 2.56215E-01
 7.43785E-01
 2.00059E+06
 2.56904E-01
 7.43096E-01
 2.00059E+06
 2.57591E-01
 7.42409E-01
 2.00059E+06
 2.58279E-01
 7.41721E-01
 2.00059E+06
 2.58966E-01
 7.41034E-01
 2.00059E+06
 2.59652E-01
 7.40348E-01
 2.00059E+06
 2.60338E-01
 7.39662E-01
 2.00059E+06
 2.61023E-01
 7.38977E-01
 2.00059E+06
 2.61708E-01
 7.38292E-01
 2.00059E+06
 2.62393E-01
 7.37607E-01
 2.00059E+06
 2.63077E-01
 7.36923E-01
 2.00059E+06
 2.63760E-01
 7.36240E-01
 2.00059E+06
 2.64443E-01
 7.35557E-01
 2.00059E+06
 2.65126E-01
 7.34874E-01
 2.00059E+06
 2.65808E-01
 7.34192E-01
 2.00059E+06
 2.66489E-01
 7.33511E-01
 2.00059E+06
 2.67170E-01
 7.32830E-01
 2.00059E+06
 2.67851E-01
 7.32149E-01
 2.00059E+06
 2.68531E-01
 7.31469E-01
 2.00059E+06
 2.69210E-01
 7.30790E-01
 2.00059E+06
 2.69889E-01
 7.30111E-01
 2.00059E+06
 2.70568E-01
 7.29432E-01
 2.00059E+06
 2.71246E-01
 7.28754E-01
 2.00059E+06
 2.71923E-01
 7.28077E-01
 2.00059E+06
 2.72600E-01
 7.27400E-01
 2.00059E+06
 2.73276E-01
 7.26724E-01
 2.00059E+06
 2.73952E-01
 7.26048E-01
 2.00059E+06
 2.74626E-01
 7.25374E-01
 2.00059E+06
 2.75300E-01
 7.24700E-01
 2.00059E+06
 2.75974E-01
 7.24026E-01
 2.00059E+06
 2.76647E-01
 7.23353E-01
 2.00059E+06
 2.77319E-01
 7.22681E-01
 2.00059E+06
 2.77990E-01
 7.22010E-01
 2.00059E+06
 2.78661E-01
 7.21339E-01
 2.00059E+06
 2.79331E-01
 7.20669E-01
 2.00059E+06
 2.80000E-01
 7.20000E-01
 2.00059E+06
 2.80668E-01
 7.19332E-01
 2.00059E+06
 2.81336E-01
 7.18664E-01
 2.00059E+06
 2.82003E-01
 7.17997E-01
 2.00059E+06
 2.82669E-01
 7.17331E-01
 2.00059E+06
 2.83334E-01
 7.16666E-01
 2.00059E+06
 2.83999E-01
 7.16001E-01
 2.00059E+06
 2.84663E-01
 7.15337E-01
 2.00059E+06
 2.85326E-01
 7.14674E-01
 2.00059E+06
 2.85989E-01
 7.14011E-01
 2.00059E+06
 2.86650E-01
 7.13350E-01
 2.00059E+06
 2.87311E-01
 7.12689E-01
 2.00059E+06
 2.87971E-01
 7.12029E-01
 2.00059E+06
 2.88631E-01
 7.11369E-01
 2.00059E+06
 2.89290E-01
 7.10710E-01
 2.00059E+06
 2.89947E-01
 7.10053E-01
 2.00059E+06
 2.90604E-01
 7.09396E-01
 2.00059E+06
 2.91260E-01
 7.08740E-01
 2.00059E+06
 2.91916E-01
 7.08084E-01
 2.00059E+06
 2.92570E-01
 7.07430E-01
 2.00059E+06
 2.93224E-01
 7.06776E-01
 2.00059E+06
 2.93877E-01
 7.06123E-01
 2.00059E+06
 2.94528E-01
 7.05472E-01
 2.00059E+06
 2.95179E-01
 7.04821E-01
 2.00059E+06
 2.95829E-01
 7.04171E-01
 2.00059E+06
 2.96478E-01
 7.03522E-01
 2.00059E+06
 2.97127E-01
 7.02873E-01
 2.00059E+06
 2.97774E-01
 7.02226E-01
 2.00059E+06
 2.98421E-01
 7.01579E-01
 2.00059E+06
 2.99066E-01
 7.00934E-01
 2.00059E+06
 2.99711E-01
 7.00289E-01
 2.00059E+06
 3.00355E-01
 6.99645E-01
 2.00059E+06
 3.00999E-01
 6.99001E-01
 2.00059E+06
 3.01641E-01
 6.98359E-01
 2.00059E+06
 3.02283E-01
 6.97717E-01
 2.00059E+06
 3.02923E-01
 6.97077E-01
 2.00059E+06
 3.03563E-01
 6.96437E-01
 2.00059E+06
 3.04201E-01
 6.95799E-01
 2.00059E+06
 3.04839E-01
 6.95161E-01
 2.00059E+06
 3.05476E-01
 6.94524E-01
 2.00059E+06
 3.06112E-01
 6.93888E-01
 2.00059E+06
 3.06747E-01
 6.93253E-01
 2.00059E+06
 3.07382E-01
 6.92618E-01
 2.00059E+06
 3.08015E-01
 6.91985E-01
 2.00059E+06
 3.08648E-01
 6.91352E-01
 2.00059E+06
 3.09280E-01
 6.90720E-01
 2.00059E+06
 3.09910E-01
 6.90090E-01
 2.00059E+06
 3.10540E-01
 6.89460E-01
 2.00059E+06
 3.11169E-01
 6.88831E-01
 2.00059E+06
 3.11797E-01
 6.88203E-01
 2.00059E+06
 3.12424E-01
 6.87576E-01
 2.00059E+06
 3.13051E-01
 6.86949E-01
 2.00059E+06
 3.13676E-01
 6.86324E-01
 2.00059E+06
 3.14300E-01
 6.85700E-01
 2.00059E+06
 3.14923E-01
 6.85077E-01
 2.00059E+06
 3.15545E-01
 6.84455E-01
 2.00059E+06
 3.16166E-01
 6.83834E-01
 2.00059E+06
 3.16787E-01
 6.83213E-01
 2.00059E+06
 3.17406E-01
 6.82594E-01
 2.00059E+06
 3.18024E-01
 6.81976E-01
 2.00059E+06
 3.18641E-01
 6.81359E-01
 2.00059E+06
 3.19256E-01
 6.80744E-01
 2.00059E+06
 3.19871E-01
 6.80129E-01
 2.00059E+06
 3.20485E-01
 6.79515E-01
 2.00059E+06
 3.21097E-01
 6.78903E-01
 2.00059E+06
 3.21709E-01
 6.78291E-01
 2.00059E+06
 3.22319E-01
 6.77681E-01
 2.00059E+06
 3.22928E-01
 6.77072E-01
 2.00059E+06
 3.23537E-01
 6.76463E-01
 2.00059E+06
 3.24144E-01
 6.75856E-01
 2.00059E+06
 3.24751E-01
 6.75249E-01
 2.00059E+06
 3.25356E-01
 6.74644E-01
 2.00059E+06
 3.25960E-01
 6.74040E-01
 2.00059E+06
 3.26564E-01
 6.73436E-01
 2.00059E+06
 3.27166E-01
 6.72834E-01
 2.00059E+06
 3.27768E-01
 6.72232E-01
 2.00059E+06
 3.28368E-01
 6.71632E-01
 2.00059E+06
 3.28967E-01
 6.71033E-01
 2.00059E+06
 3.29566E-01
 6.70434E-01
 2.00059E+06
 3.30163E-01
 6.69837E-01
 2.00059E+06
 3.30759E-01
 6.69241E-01
 2.00059E+06
 3.31354E-01
 6.68646E-01
 2.00059E+06
 3.31948E-01
 6.68052E-01
 2.00059E+06
 3.32541E-01
 6.67459E-01
 2.00059E+06
 3.33133E-01
 6.66867E-01
 2.00059E+06
 3.33723E-01
 6.66277E-01
 2.00059E+06
 3.34313E-01
 6.65687E-01
 2.00059E+06
 3.34901E-01
 6.65099E-01
 2.00059E+06
 3.35488E-01
 6.64512E-01
 2.00059E+06
 3.36074E-01
 6.63926E-01
 2.00059E+06
 3.36659E-01
 6.63341E-01
 2.00059E+06
 3.37243E-01
 6.62757E-01
 2.00059E+06
 3.37825E-01
 6.62175E-01
 2.00059E+06
 3.38407E-01
 6.61593E-01
 2.00059E+06
 3.38987E-01
 6.61013E-01
 2.00059E+06
 3.39567E-01
 6.60433E-01
 2.00059E+06
 3.40145E-01
 6.59855E-01
 2.00059E+06
 3.40722E-01
 6.59278E-01
 2.00059E+06
 3.41298E-01
 6.58702E-01
 2.00059E+06
 3.41872E-01
 6.58128E-01
 2.00059E+06
 3.42446E-01
 6.57554E-01
 2.00059E+06
 3.43018E-01
 6.56982E-01
 2.00059E+06
 3.43590E-01
 6.56410E-01
 2.00059E+06
 3.44160E-01
 6.55840E-01
 2.00059E+06
 3.44730E-01
 6.55270E-01
 2.00059E+06
 3.45298E-01
 6.54702E-01
 2.00059E+06
 3.45866E-01
 6.54134E-01
 2.00059E+06
 3.46432E-01
 6.53568E-01
 2.00059E+06
 3.46997E-01
 6.53003E-01
 2.00059E+06
 3.47561E-01
 6.52439E-01
 2.00059E+06
 3.48124E-01
 6.51876E-01
 2.00059E+06
 3.48686E-01
 6.51314E-01
 2.00059E+06
 3.49247E-01
 6.50753E-01
 2.00059E+06
 3.49807E-01
 6.50193E-01
 2.00059E+06
 3.50366E-01
 6.49634E-01
 2.00059E+06
 3.50924E-01
 6.49076E-01
 2.00059E+06
 3.51481E-01
 6.48519E-01
 2.00059E+06
 3.52037E-01
 6.47963E-01
 2.00059E+06
 3.52591E-01
 6.47409E-01
 2.00059E+06
 3.53144E-01
 6.46856E-01
 2.00059E+06
 3.53696E-01
 6.46304E-01
 2.00059E+06
 3.54247E-01
 6.45753E-01
 2.00059E+06
 3.54797E-01
 6.45203E-01
 2.00059E+06
 3.55346E-01
 6.44654E-01
 2.00059E+06
 3.55894E-01
 6.44106E-01
 2.00059E+06
 3.56440E-01
 6.43560E-01
 2.00059E+06
 3.56986E-01
 6.43014E-01
 2.00059E+06
 3.57530E-01
 6.42470E-01
 2.00059E+06
 3.58073E-01
 6.41927E-01
 2.00059E+06
 3.58615E-01
 6.41385E-01
 2.00059E+06
 3.59156E-01
 6.40844E-01
 2.00059E+06
 3.59696E-01
 6.40304E-01
 2.00059E+06
 3.60234E-01
 6.39766E-01
 2.00059E+06
 3.60772E-01
 6.39228E-01
 2.00059E+06
 3.61308E-01
 6.38692E-01
 2.00059E+06
 3.61844E-01
 6.38156E-01
 2.00059E+06
 3.62378E-01
 6.37622E-01
 2.00059E+06
 3.62911E-01
 6.37089E-01
 2.00059E+06
 3.63443E-01
 6.36557E-01
 2.00059E+06
 3.63973E-01
 6.36027E-01
 2.00059E+06
 3.64503E-01
 6.35497E-01
 2.00059E+06
 3.65031E-01
 6.34969E-01
 2.00059E+06
 3.65558E-01
 6.34442E-01
 2.00059E+06
 3.66084E-01
 6.33916E-01
 2.00059E+06
 3.66610E-01
 6.33390E-01
 2.00059E+06
 3.67134E-01
 6.32866E-01
 2.00059E+06
 3.67657E-01
 6.32343E-01
 2.00059E+06
 3.68179E-01
 6.31821E-01
 2.00059E+06
 3.68700E-01
 6.31300E-01
 2.00059E+06
 3.69220E-01
 6.30780E-01
 2.00059E+06
 3.69739E-01
 6.30261E-01
 2.00059E+06
 3.70257E-01
 6.29743E-01
 2.00059E+06
 3.70773E-01
 6.29227E-01
 2.00059E+06
 3.71289E-01
 6.28711E-01
 2.00059E+06
 3.71804E-01
 6.28196E-01
 2.00059E+06
 3.72317E-01
 6.27683E-01
 2.00059E+06
 3.72829E-01
 6.27171E-01
 2.00059E+06
 3.73340E-01
 6.26660E-01
 2.00059E+06
 3.73850E-01
 6.26150E-01
 2.00059E+06
 3.74359E-01
 6.25641E-01
 2.00059E+06
 3.74867E-01
 6.25133E-01
 2.00059E+06
 3.75374E-01
 6.24626E-01
 2.00059E+06
 3.75879E-01
 6.24121E-01
 2.00059E+06
 3.76384E-01
 6.23616E-01
 2.00059E+06
 3.76887E-01
 6.23113E-01
 2.00059E+06
 3.77389E-01
 6.22611E-01
 2.00059E+06
 3.77890E-01
 6.22110E-01
 2.00059E+06
 3.78389E-01
 6.21611E-01
 2.00059E+06
 3.78888E-01
 6.21112E-01
 2.00059E+06
 3.79386E-01
 6.20614E-01
 2.00059E+06
 3.79883E-01
 6.20117E-01
 2.00059E+06
 3.80378E-01
 6.19622E-01
 2.00059E+06
 3.80873E-01
 6.19127E-01
 2.00059E+06
 3.81367E-01
 6.18633E-01
 2.00059E+06
 3.81860E-01
 6.18140E-01
 2.00059E+06
 3.82351E-01
 6.17649E-01
 2.00059E+06
 3.82842E-01
 6.17158E-01
 2.00059E+06
 3.83332E-01
 6.16668E-01
 2.00059E+06
 3.83821E-01
 6.16179E-01
 2.00059E+06
 3.84308E-01
 6.15692E-01
 2.00059E+06
 3.84795E-01
 6.15205E-01
 2.00059E+06
 3.85280E-01
 6.14720E-01
 2.00059E+06
 3.85765E-01
 6.14235E-01
 2.00059E+06
 3.86248E-01
 6.13752E-01
 2.00059E+06
 3.86731E-01
 6.13269E-01
 2.00059E+06
 3.87212E-01
 6.12788E-01
 2.00059E+06
 3.87692E-01
 6.12308E-01
 2.00059E+06
 3.88172E-01
 6.11828E-01
 2.00059E+06
 3.88650E-01
 6.11350E-01
 2.00059E+06
 3.89127E-01
 6.10873E-01
 2.00059E+06
 3.89603E-01
 6.10397E-01
 2.00059E+06
 3.90079E-01
 6.09921E-01
 2.00059E+06
 3.90553E-01
 6.09447E-01
 2.00059E+06
 3.91026E-01
 6.08974E-01
 2.00059E+06
 3.91498E-01
 6.08502E-01
 2.00059E+06
 3.91970E-01
 6.08030E-01
 2.00059E+06
 3.92440E-01
 6.07560E-01
 2.00059E+06
 3.92909E-01
 6.07091E-01
 2.00059E+06
 3.93376E-01
 6.06624E-01
 2.00059E+06
 3.93843E-01
 6.06157E-01
 2.00059E+06
 3.94309E-01
 6.05691E-01
 2.00059E+06
 3.94773E-01
 6.05227E-01
 2.00059E+06
 3.95237E-01
 6.04763E-01
 2.00059E+06
 3.95700E-01
 6.04300E-01
 2.00059E+06
 3.96162E-01
 6.03838E-01
 2.00059E+06
 3.96623E-01
 6.03377E-01
 2.00059E+06
 3.97083E-01
 6.02917E-01
 2.00059E+06
 3.97542E-01
 6.02458E-01
 2.00059E+06
 3.98000E-01
 6.02000E-01
 2.00059E+06
 3.98457E-01
 6.01543E-01
 2.00059E+06
 3.98913E-01
 6.01087E-01
 2.00059E+06
 3.99368E-01
 6.00632E-01
 2.00059E+06
 3.99823E-01
 6.00177E-01
 2.00059E+06
 4.00276E-01
 5.99724E-01
 2.00059E+06
 4.00728E-01
 5.99272E-01
 2.00059E+06
 4.01180E-01
 5.98820E-01
 2.00059E+06
 4.01630E-01
 5.98370E-01
 2.00059E+06
 4.02080E-01
 5.97920E-01
 2.00059E+06
 4.02528E-01
 5.97472E-01
 2.00059E+06
 4.02975E-01
 5.97025E-01
 2.00059E+06
 4.03422E-01
 5.96578E-01
 2.00059E+06
 4.03867E-01
 5.96133E-01
 2.00059E+06
 4.04311E-01
 5.95689E-01
 2.00059E+06
 4.04755E-01
 5.95245E-01
 2.00059E+06
 4.05197E-01
 5.94803E-01
 2.00059E+06
 4.05639E-01
 5.94361E-01
 2.00059E+06
 4.06079E-01
 5.93921E-01
 2.00059E+06
 4.06519E-01
 5.93481E-01
 2.00059E+06
 4.06958E-01
 5.93042E-01
 2.00059E+06
 4.07396E-01
 5.92604E-01
 2.00059E+06
 4.07833E-01
 5.92167E-01
 2.00059E+06
 4.08269E-01
 5.91731E-01
 2.00059E+06
 4.08704E-01
 5.91296E-01
 2.00059E+06
 4.09138E-01
 5.90862E-01
 2.00059E+06
 4.09571E-01
 5.90429E-01
 2.00059E+06
 4.10004E-01
 5.89996E-01
 2.00059E+06
 4.10435E-01
 5.89565E-01
 2.00059E+06
 4.10866E-01
 5.89134E-01
 2.00059E+06
 4.11295E-01
 5.88705E-01
 2.00059E+06
 4.11724E-01
 5.88276E-01
 2.00059E+06
 4.12152E-01
 5.87848E-01
 2.00059E+06
 4.12579E-01
 5.87421E-01
 2.00059E+06
 4.13005E-01
 5.86995E-01
 2.00059E+06
 4.13430E-01
 5.86570E-01
 2.00059E+06
 4.13855E-01
 5.86145E-01
 2.00059E+06
 4.14278E-01
 5.85722E-01
 2.00059E+06
 4.14700E-01
 5.85300E-01
 2.00059E+06
 4.15122E-01
 5.84878E-01
 2.00059E+06
 4.15543E-01
 5.84457E-01
 2.00059E+06
 4.15962E-01
 5.84038E-01
 2.00059E+06
 4.16381E-01
 5.83619E-01
 2.00059E+06
 4.16799E-01
 5.83201E-01
 2.00059E+06
 4.17216E-01
 5.82784E-01
 2.00059E+06
 4.17632E-01
 5.82368E-01
 2.00059E+06
 4.18047E-01
 5.81953E-01
 2.00059E+06
 4.18462E-01
 5.81538E-01
 2.00059E+06
 4.18876E-01
 5.81124E-01
 2.00059E+06
 4.19289E-01
 5.80711E-01
 2.00059E+06
 4.19701E-01
 5.80299E-01
 2.00059E+06
 4.20112E-01
 5.79888E-01
 2.00059E+06
 4.20523E-01
 5.79477E-01
 2.00059E+06
 4.20932E-01
 5.79068E-01
 2.00059E+06
 4.21342E-01
 5.78658E-01
 2.00059E+06
 4.21750E-01
 5.78250E-01
 2.00059E+06
 4.22157E-01
 5.77843E-01
 2.00059E+06
 4.22564E-01
 5.77436E-01
 2.00059E+06
 4.22970E-01
 5.77030E-01
 2.00059E+06
 4.23375E-01
 5.76625E-01
 2.00059E+06
 4.23779E-01
 5.76221E-01
 2.00059E+06
 4.24183E-01
 5.75817E-01
 2.00059E+06
 4.24586E-01
 5.75414E-01
 2.00059E+06
 4.24988E-01
 5.75012E-01
 2.00059E+06
 4.25389E-01
 5.74611E-01
 2.00059E+06
 4.25789E-01
 5.74211E-01
 2.00059E+06
 4.26189E-01
 5.73811E-01
 2.00059E+06
 4.26588E-01
 5.73412E-01
 2.00059E+06
 4.26986E-01
 5.73014E-01
 2.00059E+06
 4.27384E-01
 5.72616E-01
 2.00060E+06
 4.27780E-01
 5.72220E-01
 2.00060E+06
 4.28176E-01
 5.71824E-01
 2.00060E+06
 4.28571E-01
 5.71429E-01
 2.00060E+06
 4.28966E-01
 5.71034E-01
 2.00060E+06
 4.29359E-01
 5.70641E-01
 2.00060E+06
 4.29752E-01
 5.70248E-01
 2.00060E+06
 4.30144E-01
 5.69856E-01
 2.00060E+06
 4.30535E-01
 5.69465E-01
 2.00060E+06
 4.30925E-01
 5.69075E-01
 2.00060E+06
 4.31315E-01
 5.68685E-01
 2.00060E+06
 4.31704E-01
 5.68296E-01
 2.00060E+06
 4.32092E-01
 5.67908E-01
 2.00060E+06
 4.32479E-01
 5.67521E-01
 2.00060E+06
 4.32865E-01
 5.67135E-01
 2.00060E+06
 4.33251E-01
 5.66749E-01
 2.00060E+06
 4.33636E-01
 5.66364E-01
 2.00060E+06
 4.34020E-01
 5.65980E-01
 2.00060E+06
 4.34404E-01
 5.65596E-01
 2.00060E+06
 4.34786E-01
 5.65214E-01
 2.00060E+06
 4.35168E-01
 5.64832E-01
 2.00060E+06
 4.35549E-01
 5.64451E-01
 2.00060E+06
 4.35930E-01
 5.64070E-01
 2.00060E+06
 4.36309E-01
 5.63691E-01
 2.00060E+06
 4.36688E-01
 5.63312E-01
 2.00060E+06
 4.37066E-01
 5.62934E-01
 2.00060E+06
 4.37444E-01
 5.62556E-01
 2.00060E+06
 4.37821E-01
 5.62179E-01
 2.00060E+06
 4.38197E-01
 5.61803E-01
 2.00060E+06
 4.38572E-01
 5.61428E-01
 2.00060E+06
 4.38946E-01
 5.61054E-01
 2.00060E+06
 4.39321E-01
 5.60679E-01
 2.00060E+06
 4.39694E-01
 5.60306E-01
 2.00060E+06
 4.40067E-01
 5.59933E-01
 2.00060E+06
 4.40439E-01
 5.59561E-01
 2.00060E+06
 4.40810E-01
 5.59190E-01
 2.00060E+06
 4.41181E-01
 5.58819E-01
 2.00060E+06
 4.41551E-01
 5.58449E-01
 2.00060E+06
 4.41920E-01
 5.58080E-01
 2.00060E+06
 4.42289E-01
 5.57711E-01
 2.00060E+06
 4.42657E-01
 5.57343E-01
 2.00060E+06
 4.43024E-01
 5.56976E-01
 2.00060E+06
 4.43391E-01
 5.56609E-01
 2.00060E+06
 4.43757E-01
 5.56243E-01
 2.00060E+06
 4.44122E-01
 5.55878E-01
 2.00060E+06
 4.44486E-01
 5.55514E-01
 2.00060E+06
 4.44850E-01
 5.55150E-01
 2.00060E+06
 4.45213E-01
 5.54787E-01
 2.00060E+06
 4.45576E-01
 5.54424E-01
 2.00060E+06
 4.45938E-01
 5.54062E-01
 2.00060E+06
 4.46299E-01
 5.53701E-01
 2.00060E+06
 4.46659E-01
 5.53341E-01
 2.00060E+06
 4.47019E-01
 5.52981E-01
 2.00060E+06
 4.47378E-01
 5.52622E-01
 2.00060E+06
 4.47737E-01
 5.52263E-01
 2.00060E+06
 4.48095E-01
 5.51905E-01
 2.00060E+06
 4.48452E-01
 5.51548E-01
 2.00060E+06
 4.48809E-01
 5.51191E-01
 2.00060E+06
 4.49165E-01
 5.50835E-01
 2.00060E+06
 4.49521E-01
 5.50479E-01
 2.00060E+06
 4.49876E-01
 5.50124E-01
 2.00060E+06
 4.50230E-01
 5.49770E-01
 2.00060E+06
 4.50584E-01
 5.49416E-01
 2.00060E+06
 4.50936E-01
 5.49064E-01
 2.00060E+06
 4.51289E-01
 5.48711E-01
 2.00060E+06
 4.51641E-01
 5.48359E-01
 2.00060E+06
 4.51992E-01
 5.48008E-01
 2.00060E+06
 4.52343E-01
 5.47657E-01
 2.00060E+06
 4.52693E-01
 5.47307E-01
 2.00060E+06
 4.53042E-01
 5.46958E-01
 2.00060E+06
 4.53391E-01
 5.46609E-01
 2.00060E+06
 4.53739E-01
 5.46261E-01
 2.00060E+06
 4.54087E-01
 5.45913E-01
 2.00060E+06
 4.54434E-01
 5.45566E-01
 2.00060E+06
 4.54780E-01
 5.45220E-01
 2.00060E+06
 4.55126E-01
 5.44874E-01
 2.00060E+06
 4.55471E-01
 5.44529E-01
 2.00060E+06
 4.55816E-01
 5.44184E-01
 2.00060E+06
 4.56159E-01
 5.43841E-01
 2.00060E+06
 4.56503E-01
 5.43497E-01
 2.00060E+06
 4.56846E-01
 5.43154E-01
 2.00060E+06
 4.57188E-01
 5.42812E-01
 2.00060E+06
 4.57530E-01
 5.42470E-01
 2.00060E+06
 4.57871E-01
 5.42129E-01
 2.00060E+06
 4.58211E-01
 5.41789E-01
 2.00060E+06
 4.58551E-01
 5.41449E-01
 2.00060E+06
 4.58891E-01
 5.41109E-01
 2.00060E+06
 4.59230E-01
 5.40770E-01
 2.00060E+06
 4.59568E-01
 5.40432E-01
 2.00060E+06
 4.59905E-01
 5.40095E-01
 2.00060E+06
 4.60243E-01
 5.39757E-01
 2.00060E+06
 4.60580E-01
 5.39420E-01
 2.00060E+06
 4.60916E-01
 5.39084E-01
 2.00060E+06
 4.61252E-01
 5.38748E-01
 2.00060E+06
 4.61587E-01
 5.38413E-01
 2.00060E+06
 4.61922E-01
 5.38078E-01
 2.00060E+06
 4.62256E-01
 5.37744E-01
 2.00060E+06
 4.62589E-01
 5.37411E-01
 2.00060E+06
 4.62923E-01
 5.37077E-01
 2.00060E+06
 4.63255E-01
 5.36745E-01
 2.00060E+06
 4.63587E-01
 5.36413E-01
 2.00060E+06
 4.63919E-01
 5.36081E-01
 2.00060E+06
 4.64250E-01
 5.35750E-01
 2.00060E+06
 4.64580E-01
 5.35420E-01
 2.00060E+06
 4.64910E-01
 5.35090E-01
 2.00060E+06
 4.65240E-01
 5.34760E-01
 2.00060E+06
 4.65569E-01
 5.34431E-01
 2.00060E+06
 4.65897E-01
 5.34103E-01
 2.00060E+06
 4.66225E-01
 5.33775E-01
 2.00060E+06
 4.66553E-01
 5.33447E-01
 2.00060E+06
 4.66880E-01
 5.33120E-01
 2.00060E+06
 4.67206E-01
 5.32794E-01
 2.00060E+06
 4.67532E-01
 5.32468E-01
 2.00060E+06
 4.67858E-01
 5.32142E-01
 2.00060E+06
 4.68183E-01
 5.31817E-01
 2.00060E+06
 4.68507E-01
 5.31493E-01
 2.00060E+06
 4.68831E-01
 5.31169E-01
 2.00060E+06
 4.69154E-01
 5.30846E-01
 2.00060E+06
 4.69477E-01
 5.30523E-01
 2.00060E+06
 4.69799E-01
 5.30201E-01
 2.00060E+06
 4.70121E-01
 5.29879E-01
 2.00060E+06
 4.70442E-01
 5.29558E-01
 2.00060E+06
 4.70763E-01
 5.29237E-01
 2.00060E+06
 4.71083E-01
 5.28917E-01
 2.00060E+06
 4.71403E-01
 5.28597E-01
 2.00060E+06
 4.71722E-01
 5.28278E-01
 2.00060E+06
 4.72041E-01
 5.27959E-01
 2.00060E+06
 4.72359E-01
 5.27641E-01
 2.00060E+06
 4.72677E-01
 5.27323E-01
 2.00060E+06
 4.72994E-01
 5.27006E-01
 2.00060E+06
 4.73311E-01
 5.26689E-01
 2.00060E+06
 4.73628E-01
 5.26372E-01
 2.00060E+06
 4.73944E-01
 5.26056E-01
 2.00060E+06
 4.74259E-01
 5.25741E-01
 2.00060E+06
 4.74574E-01
 5.25426E-01
 2.00060E+06
 4.74889E-01
 5.25111E-01
 2.00060E+06
 4.75203E-01
 5.24797E-01
 2.00060E+06
 4.75517E-01
 5.24483E-01
 2.00060E+06
 4.75830E-01
 5.24170E-01
 2.00060E+06
 4.76143E-01
 5.23857E-01
 2.00060E+06
 4.76456E-01
 5.23544E-01
 2.00060E+06
 4.76768E-01
 5.23232E-01
 2.00060E+06
 4.77079E-01
 5.22921E-01
 2.00060E+06
 4.77390E-01
 5.22610E-01
 2.00060E+06
 4.77701E-01
 5.22299E-01
 2.00060E+06
 4.78011E-01
 5.21989E-01
 2.00060E+06
 4.78321E-01
 5.21679E-01
 2.00060E+06
 4.78631E-01
 5.21369E-01
 2.00060E+06
 4.78940E-01
 5.21060E-01
 2.00060E+06
 4.79248E-01
 5.20752E-01
 2.00060E+06
 4.79556E-01
 5.20444E-01
 2.00060E+06
 4.79864E-01
 5.20136E-01
 2.00060E+06
 4.80171E-01
 5.19829E-01
 2.00060E+06
 4.80477E-01
 5.19523E-01
 2.00060E+06
 4.80784E-01
 5.19216E-01
 2.00060E+06
 4.81089E-01
 5.18911E-01
 2.00060E+06
 4.81395E-01
 5.18605E-01
 2.00060E+06
 4.81699E-01
 5.18301E-01
 2.00060E+06
 4.82004E-01
 5.17996E-01
 2.00060E+06
 4.82308E-01
 5.17692E-01
 2.00060E+06
 4.82611E-01
 5.17389E-01
 2.00060E+06
 4.82914E-01
 5.17086E-01
 2.00060E+06
 4.83216E-01
 5.16784E-01
 2.00060E+06
 4.83518E-01
 5.16482E-01
 2.00060E+06
 4.83820E-01
 5.16180E-01
 2.00060E+06
 4.84121E-01
 5.15879E-01
 2.00060E+06
 4.84422E-01
 5.15578E-01
 2.00060E+06
 4.84722E-01
 5.15278E-01
 2.00060E+06
 4.85022E-01
 5.14978E-01
 2.00060E+06
 4.85321E-01
 5.14679E-01
 2.00060E+06
 4.85621E-01
 5.14379E-01
 2.00060E+06
 4.85919E-01
 5.14081E-01
 2.00060E+06
 4.86217E-01
 5.13783E-01
 2.00060E+06
 4.86515E-01
 5.13485E-01
 2.00060E+06
 4.86813E-01
 5.13187E-01
 2.00060E+06
 4.87110E-01
 5.12890E-01
 2.00060E+06
 4.87406E-01
 5.12594E-01
 2.00060E+06
 4.87703E-01
 5.12297E-01
 2.00060E+06
 4.87998E-01
 5.12002E-01
 2.00060E+06
 4.88294E-01
 5.11706E-01
 2.00060E+06
 4.88589E-01
 5.11411E-01
 2.00060E+06
 4.88883E-01
 5.11117E-01
 2.00060E+06
 4.89178E-01
 5.10822E-01
 2.00060E+06
 4.89471E-01
 5.10529E-01
 2.00060E+06
 4.89765E-01
 5.10235E-01
 2.00060E+06
 4.90058E-01
 5.09942E-01
 2.00060E+06
 4.90350E-01
 5.09650E-01
 2.00060E+06
 4.90642E-01
 5.09358E-01
 2.00060E+06
 4.90934E-01
 5.09066E-01
 2.00060E+06
 4.91226E-01
 5.08774E-01
 2.00060E+06
 4.91517E-01
 5.08483E-01
 2.00060E+06
 4.91807E-01
 5.08193E-01
 2.00060E+06
 4.92098E-01
 5.07902E-01
 2.00060E+06
 4.92387E-01
 5.07613E-01
 2.00060E+06
 4.92677E-01
 5.07323E-01
 2.00060E+06
 4.92966E-01
 5.07034E-01
 2.00060E+06
 4.93254E-01
 5.06746E-01
 2.00060E+06
 4.93542E-01
 5.06458E-01
 2.00060E+06
 4.93830E-01
 5.06170E-01
 2.00060E+06
 4.94118E-01
 5.05882E-01
 2.00060E+06
 4.94405E-01
 5.05595E-01
 2.00060E+06
 4.94692E-01
 5.05308E-01
 2.00060E+06
 4.94978E-01
 5.05022E-01
 2.00060E+06
 4.95264E-01
 5.04736E-01
 2.00060E+06
 4.95550E-01
 5.04450E-01
 2.00060E+06
 4.95835E-01
 5.04165E-01
 2.00060E+06
 4.96120E-01
 5.03880E-01
 2.00060E+06
 4.96405E-01
 5.03595E-01
 2.00060E+06
 4.96689E-01
 5.03311E-01
 2.00060E+06
 4.96972E-01
 5.03028E-01
 2.00060E+06
 4.97256E-01
 5.02744E-01
 2.00060E+06
 4.97539E-01
 5.02461E-01
 2.00060E+06
 4.97821E-01
 5.02179E-01
 2.00060E+06
 4.98103E-01
 5.01897E-01
 2.00060E+06
 4.98385E-01
 5.01615E-01
 2.00060E+06
 4.98666E-01
 5.01334E-01
 2.00060E+06
 4.98947E-01
 5.01053E-01
 2.00060E+06
 4.99228E-01
 5.00772E-01
 2.00060E+06
 4.99508E-01
 5.00492E-01
 2.00060E+06
 4.99788E-01
 5.00212E-01
 2.00060E+06
 5.00068E-01
 4.99932E-01
 2.00060E+06
 5.00347E-01
 4.99653E-01
 2.00060E+06
 5.00626E-01
 4.99374E-01
 2.00060E+06
 5.00904E-01
 4.99096E-01
 2.00060E+06
 5.01182E-01
 4.98818E-01
 2.00060E+06
 5.01460E-01
 4.98540E-01
 2.00060E+06
 5.01738E-01
 4.98262E-01
 2.00060E+06
 5.02015E-01
 4.97985E-01
 2.00060E+06
 5.02292E-01
 4.97708E-01
 2.00060E+06
 5.02568E-01
 4.97432E-01
 2.00060E+06
 5.02844E-01
 4.97156E-01
 2.00060E+06
 5.03120E-01
 4.96880E-01
 2.00060E+06
 5.03395E-01
 4.96605E-01
 2.00060E+06
 5.03670E-01
 4.96330E-01
 2.00060E+06
 5.03945E-01
 4.96055E-01
 2.00060E+06
 5.04220E-01
 4.95780E-01
 2.00060E+06
 5.04494E-01
 4.95506E-01
 2.00060E+06
 5.04767E-01
 4.95233E-01
 2.00060E+06
 5.05041E-01
 4.94959E-01
 2.00060E+06
 5.05314E-01
 4.94686E-01
 2.00060E+06
 5.05587E-01
 4.94413E-01
 2.00060E+06
 5.05860E-01
 4.94140E-01
 2.00060E+06
 5.06132E-01
 4.93868E-01
 2.00060E+06
 5.06404E-01
 4.93596E-01
 2.00060E+06
 5.06675E-01
 4.93325E-01
 2.00060E+06
 5.06946E-01
 4.93054E-01
 2.00060E+06
 5.07217E-01
 4.92783E-01
 2.00060E+06
 5.07488E-01
 4.92512E-01
 2.00060E+06
 5.07758E-01
 4.92242E-01
 2.00060E+06
 5.08027E-01
 4.91973E-01
 2.00060E+06
 5.08297E-01
 4.91703E-01
 2.00060E+06
 5.08566E-01
 4.91434E-01
 2.00060E+06
 5.08835E-01
 4.91165E-01
 2.00060E+06
 5.09103E-01
 4.90897E-01
 2.00060E+06
 5.09372E-01
 4.90628E-01
 2.00060E+06
 5.09640E-01
 4.90360E-01
 2.00060E+06
 5.09907E-01
 4.90093E-01
 2.00060E+06
 5.10175E-01
 4.89825E-01
 2.00060E+06
 5.10442E-01
 4.89558E-01
 2.00060E+06
 5.10709E-01
 4.89291E-01
 2.00060E+06
 5.10975E-01
 4.89025E-01
 2.00060E+06
 5.11241E-01
 4.88759E-01
 2.00060E+06
 5.11507E-01
 4.88493E-01
 2.00060E+06
 5.11772E-01
 4.88228E-01
 2.00060E+06
 5.12037E-01
 4.87963E-01
 2.00060E+06
 5.12302E-01
 4.87698E-01
 2.00060E+06
 5.12566E-01
 4.87434E-01
 2.00060E+06
 5.12830E-01
 4.87170E-01
 2.00060E+06
 5.13094E-01
 4.86906E-01
 2.00060E+06
 5.13358E-01
 4.86642E-01
 2.00060E+06
 5.13621E-01
 4.86379E-01
 2.00060E+06
 5.13884E-01
 4.86116E-01
 2.00060E+06
 5.14146E-01
 4.85854E-01
 2.00060E+06
 5.14409E-01
 4.85591E-01
 2.00060E+06
 5.14671E-01
 4.85329E-01
 2.00060E+06
 5.14932E-01
 4.85068E-01
 2.00060E+06
 5.15193E-01
 4.84807E-01
 2.00060E+06
 5.15454E-01
 4.84546E-01
 2.00060E+06
 5.15715E-01
 4.84285E-01
 2.00060E+06
 5.15975E-01
 4.84025E-01
 2.00060E+06
 5.16235E-01
 4.83765E-01
 2.00060E+06
 5.16495E-01
 4.83505E-01
 2.00060E+06
 5.16754E-01
 4.83246E-01
 2.00060E+06
 5.17013E-01
 4.82987E-01
 2.00060E+06
 5.17272E-01
 4.82728E-01
 2.00060E+06
 5.17530E-01
 4.82470E-01
 2.00060E+06
 5.17788E-01
 4.82212E-01
 2.00060E+06
 5.18046E-01
 4.81954E-01
 2.00060E+06
 5.18304E-01
 4.81696E-01
 2.00060E+06
 5.18561E-01
 4.81439E-01
 2.00060E+06
 5.18818E-01
 4.81182E-01
 2.00060E+06
 5.19075E-01
 4.80925E-01
 2.00060E+06
 5.19331E-01
 4.80669E-01
 2.00060E+06
 5.19588E-01
 4.80412E-01
 2.00060E+06
 5.19844E-01
 4.80156E-01
 2.00060E+06
 5.20100E-01
 4.79900E-01
 2.00060E+06
 5.20355E-01
 4.79645E-01
 2.00060E+06
 5.20610E-01
 4.79390E-01
 2.00060E+06
 5.20865E-01
 4.79135E-01
 2.00060E+06
 5.21120E-01
 4.78880E-01
 2.00060E+06
 5.21374E-01
 4.78626E-01
 2.00060E+06
 5.21628E-01
 4.78372E-01
 2.00060E+06
 5.21881E-01
 4.78119E-01
 2.00060E+06
 5.22135E-01
 4.77865E-01
 2.00060E+06
 5.22388E-01
 4.77612E-01
 2.00060E+06
 5.22641E-01
 4.77359E-01
 2.00060E+06
 5.22893E-01
 4.77107E-01
 2.00060E+06
 5.23146E-01
 4.76854E-01
 2.00060E+06
 5.23398E-01
 4.76602E-01
 2.00060E+06
 5.23649E-01
 4.76351E-01
 2.00060E+06
 5.23901E-01
 4.76099E-01
 2.00060E+06
 5.24152E-01
 4.75848E-01
 2.00060E+06
 5.24403E-01
 4.75597E-01
 2.00060E+06
 5.24653E-01
 4.75347E-01
 2.00060E+06
 5.24904E-01
 4.75096E-01
 2.00060E+06
 5.25153E-01
 4.74847E-01
 2.00060E+06
 5.25403E-01
 4.74597E-01
 2.00060E+06
 5.25653E-01
 4.74347E-01
 2.00060E+06
 5.25902E-01
 4.74098E-01
 2.00060E+06
 5.26151E-01
 4.73849E-01
 2.00060E+06
 5.26399E-01
 4.73601E-01
 2.00060E+06
 5.26648E-01
 4.73352E-01
 2.00060E+06
 5.26896E-01
 4.73104E-01
 2.00060E+06
 5.27143E-01
 4.72857E-01
 2.00060E+06
 5.27391E-01
 4.72609E-01
 2.00060E+06
 5.27638E-01
 4.72362E-01
 2.00060E+06
 5.27885E-01
 4.72115E-01
 2.00060E+06
 5.28131E-01
 4.71869E-01
 2.00060E+06
 5.28377E-01
 4.71623E-01
 2.00060E+06
 5.28624E-01
 4.71376E-01
 2.00060E+06
 5.28869E-01
 4.71131E-01
 2.00060E+06
 5.29115E-01
 4.70885E-01
 2.00060E+06
 5.29360E-01
 4.70640E-01
 2.00060E+06
 5.29605E-01
 4.70395E-01
 2.00060E+06
 5.29850E-01
 4.70150E-01
