 2.00046E+06
 0.00000E+00
 1.00000E+00
 2.00045E+06
 0.00000E+00
 1.00000E+00
 2.00049E+06
 0.00000E+00
 1.00000E+00
 2.00052E+06
 0.00000E+00
 1.00000E+00
 2.00054E+06
 0.00000E+00
 1.00000E+00
 2.00055E+06
 0.00000E+00
 1.00000E+00
 2.00056E+06
 0.00000E+00
 1.00000E+00
 2.00057E+06
 0.00000E+00
 1.00000E+00
 2.00057E+06
 0.00000E+00
 1.00000E+00
 2.00057E+06
 0.00000E+00
 1.00000E+00
 2.00057E+06
 0.00000E+00
 1.00000E+00
 2.00058E+06
 0.00000E+00
 1.00000E+00
 2.00058E+06
 0.00000E+00
 1.00000E+00
 2.00058E+06
 0.00000E+00
 1.00000E+00
 2.00058E+06
 0.00000E+00
 1.00000E+00
 2.00058E+06
 0.00000E+00
 1.00000E+00
 2.00058E+06
 0.00000E+00
 1.00000E+00
 2.00058E+06
 0.00000E+00
 1.00000E+00
 2.00058E+06
 0.00000E+00
 1.00000E+00
 2.00058E+06
 0.00000E+00
 1.00000E+00
 2.00058E+06
 0.00000E+00
 1.00000E+00
 2.00058E+06
 0.00000E+00
 1.00000E+00
 2.00058E+06
 0.00000E+00
 1.00000E+00
 2.00058E+06
 0.00000E+00
 1.00000E+00
 2.00058E+06
 0.00000E+00
 1.00000E+00
 2.00058E+06
 0.00000E+00
 1.00000E+00
 2.00058E+06
 0.00000E+00
 1.00000E+00
 2.00058E+06
 0.00000E+00
 1.00000E+00
 2.00058E+06
 0.00000E+00
 1.00000E+00
 2.00058E+06
 0.00000E+00
 1.00000E+00
 2.00058E+06
 0.00000E+00
 1.00000E+00
 2.00058E+06
 0.00000E+00
 1.00000E+00
 2.00058E+06
 0.00000E+00
 1.00000E+00
 2.00058E+06
 0.00000E+00
 1.00000E+00
 2.00058E+06
 0.00000E+00
 1.00000E+00
 2.00058E+06
 0.00000E+00
 1.00000E+00
 2.00058E+06
 0.00000E+00
 1.00000E+00
 2.00058E+06
 0.00000E+00
 1.00000E+00
 2.00058E+06
 0.00000E+00
 1.00000E+00
 2.00058E+06
 0.00000E+00
 1.00000E+00
 2.00058E+06
 0.00000E+00
 1.00000E+00
 2.00058E+06
 0.00000E+00
 1.00000E+00
 2.00058E+06
 0.00000E+00
 1.00000E+00
 2.00058E+06
 0.00000E+00
 1.00000E+00
 2.00058E+06
 0.00000E+00
 1.00000E+00
 2.00058E+06
 0.00000E+00
 1.00000E+00
 2.00058E+06
 0.00000E+00
 1.00000E+00
 2.00058E+06
 0.00000E+00
 1.00000E+00
 2.00058E+06
 0.00000E+00
 1.00000E+00
 2.00058E+06
 0.00000E+00
 1.00000E+00
 2.00058E+06
 0.00000E+00
 1.00000E+00
 2.00058E+06
 0.00000E+00
 1.00000E+00
 2.00058E+06
 0.00000E+00
 1.00000E+00
 2.00058E+06
 0.00000E+00
 1.00000E+00
 2.00058E+06
 0.00000E+00
 1.00000E+00
 2.00058E+06
 0.00000E+00
 1.00000E+00
 2.00058E+06
 0.00000E+00
 1.00000E+00
 2.00058E+06
 0.00000E+00
 1.00000E+00
 2.00058E+06
 0.00000E+00
 1.00000E+00
 2.00058E+06
 0.00000E+00
 1.00000E+00
 2.00058E+06
 0.00000E+00
 1.00000E+00
 2.00058E+06
 0.00000E+00
 1.00000E+00
 2.00058E+06
 0.00000E+00
 1.00000E+00
 2.00058E+06
 0.00000E+00
 1.00000E+00
 2.00058E+06
 0.00000E+00
 1.00000E+00
 2.00058E+06
 0.00000E+00
 1.00000E+00
 2.00058E+06
 0.00000E+00
 1.00000E+00
 2.00058E+06
 0.00000E+00
 1.00000E+00
 2.00058E+06
 0.00000E+00
 1.00000E+00
 2.00058E+06
 0.00000E+00
 1.00000E+00
 2.00058E+06
 0.00000E+00
 1.00000E+00
 2.00058E+06
 0.00000E+00
 1.00000E+00
 2.00058E+06
 0.00000E+00
 1.00000E+00
 2.00058E+06
 0.00000E+00
 1.00000E+00
 2.00058E+06
 0.00000E+00
 1.00000E+00
 2.00058E+06
 0.00000E+00
 1.00000E+00
 2.00058E+06
 0.00000E+00
 1.00000E+00
 2.00058E+06
 0.00000E+00
 1.00000E+00
 2.00058E+06
 0.00000E+00
 1.00000E+00
 2.00058E+06
 0.00000E+00
 1.00000E+00
 2.00058E+06
 0.00000E+00
 1.00000E+00
 2.00058E+06
 0.00000E+00
 1.00000E+00
 2.00058E+06
 0.00000E+00
 1.00000E+00
 2.00058E+06
 0.00000E+00
 1.00000E+00
 2.00058E+06
 0.00000E+00
 1.00000E+00
 2.00058E+06
 0.00000E+00
 1.00000E+00
 2.00058E+06
 0.00000E+00
 1.00000E+00
 2.00058E+06
 0.00000E+00
 1.00000E+00
 2.00058E+06
 0.00000E+00
 1.00000E+00
 2.00058E+06
 0.00000E+00
 1.00000E+00
 2.00058E+06
 0.00000E+00
 1.00000E+00
 2.00058E+06
 0.00000E+00
 1.00000E+00
 2.00058E+06
 0.00000E+00
 1.00000E+00
 2.00058E+06
 0.00000E+00
 1.00000E+00
 2.00058E+06
 0.00000E+00
 1.00000E+00
 2.00058E+06
 0.00000E+00
 1.00000E+00
 2.00058E+06
 0.00000E+00
 1.00000E+00
 2.00058E+06
 0.00000E+00
 1.00000E+00
 2.00058E+06
 0.00000E+00
 1.00000E+00
 2.00058E+06
 0.00000E+00
 1.00000E+00
 2.00058E+06
 0.00000E+00
 1.00000E+00
 2.00058E+06
 0.00000E+00
 1.00000E+00
 2.00058E+06
 0.00000E+00
 1.00000E+00
 2.00058E+06
 0.00000E+00
 1.00000E+00
 2.00058E+06
 0.00000E+00
 1.00000E+00
 2.00058E+06
 0.00000E+00
 1.00000E+00
 2.00058E+06
 0.00000E+00
 1.00000E+00
 2.00058E+06
 0.00000E+00
 1.00000E+00
 2.00058E+06
 0.00000E+00
 1.00000E+00
 2.00058E+06
 0.00000E+00
 1.00000E+00
 2.00058E+06
 0.00000E+00
 1.00000E+00
 2.00058E+06
 0.00000E+00
 1.00000E+00
 2.00058E+06
 0.00000E+00
 1.00000E+00
 2.00058E+06
 0.00000E+00
 1.00000E+00
 2.00058E+06
 0.00000E+00
 1.00000E+00
 2.00058E+06
 0.00000E+00
 1.00000E+00
 2.00058E+06
 0.00000E+00
 1.00000E+00
 2.00058E+06
 0.00000E+00
 1.00000E+00
 2.00058E+06
 0.00000E+00
 1.00000E+00
 2.00058E+06
 0.00000E+00
 1.00000E+00
 2.00058E+06
 6.21300E-19
 1.00000E+00
 2.00058E+06
 1.24237E-18
 1.00000E+00
 2.00058E+06
 6.23028E-19
 1.00000E+00
 2.00058E+06
 1.24383E-18
 1.00000E+00
 2.00058E+06
 6.24911E-19
 1.00000E+00
 2.00058E+06
 1.86524E-18
 1.00000E+00
 2.00058E+06
 1.86684E-18
 1.00000E+00
 2.00058E+06
 3.10992E-18
 1.00000E+00
 2.00058E+06
 3.73412E-18
 1.00000E+00
 2.00058E+06
 4.97951E-18
 1.00000E+00
 2.00058E+06
 6.22654E-18
 1.00000E+00
 2.00058E+06
 8.09448E-18
 1.00000E+00
 2.00058E+06
 1.05868E-17
 1.00000E+00
 2.00058E+06
 1.49435E-17
 1.00000E+00
 2.00058E+06
 1.86846E-17
 1.00000E+00
 2.00058E+06
 2.49134E-17
 1.00000E+00
 2.00058E+06
 3.23870E-17
 1.00000E+00
 2.00058E+06
 4.17272E-17
 1.00000E+00
 2.00058E+06
 5.41763E-17
 1.00000E+00
 2.00058E+06
 6.97394E-17
 1.00000E+00
 2.00058E+06
 8.90440E-17
 1.00000E+00
 2.00058E+06
 1.13950E-16
 1.00000E+00
 2.00058E+06
 1.44468E-16
 1.00000E+00
 2.00058E+06
 1.84315E-16
 1.00000E+00
 2.00058E+06
 2.32891E-16
 1.00000E+00
 2.00058E+06
 2.95182E-16
 1.00000E+00
 2.00058E+06
 3.72427E-16
 1.00000E+00
 2.00058E+06
 4.68379E-16
 1.00000E+00
 2.00058E+06
 5.88627E-16
 1.00000E+00
 2.00058E+06
 7.38772E-16
 1.00000E+00
 2.00058E+06
 9.22561E-16
 1.00000E+00
 2.00058E+06
 1.15117E-15
 1.00000E+00
 2.00058E+06
 1.43269E-15
 1.00000E+00
 2.00058E+06
 1.77954E-15
 1.00000E+00
 2.00058E+06
 2.20539E-15
 1.00000E+00
 2.00058E+06
 2.72786E-15
 1.00000E+00
 2.00058E+06
 3.36579E-15
 1.00000E+00
 2.00058E+06
 4.14653E-15
 1.00000E+00
 2.00058E+06
 5.09724E-15
 1.00000E+00
 2.00058E+06
 6.25473E-15
 1.00000E+00
 2.00058E+06
 7.65794E-15
 1.00000E+00
 2.00058E+06
 9.36015E-15
 1.00000E+00
 2.00058E+06
 1.14171E-14
 1.00000E+00
 2.00058E+06
 1.39018E-14
 1.00000E+00
 2.00058E+06
 1.68914E-14
 1.00000E+00
 2.00058E+06
 2.04892E-14
 1.00000E+00
 2.00058E+06
 2.48076E-14
 1.00000E+00
 2.00058E+06
 2.99820E-14
 1.00000E+00
 2.00058E+06
 3.61755E-14
 1.00000E+00
 2.00058E+06
 4.35722E-14
 1.00000E+00
 2.00058E+06
 5.23892E-14
 1.00000E+00
 2.00058E+06
 6.28852E-14
 1.00000E+00
 2.00058E+06
 7.53592E-14
 1.00000E+00
 2.00058E+06
 9.01643E-14
 1.00000E+00
 2.00058E+06
 1.07706E-13
 1.00000E+00
 2.00058E+06
 1.28462E-13
 1.00000E+00
 2.00058E+06
 1.52992E-13
 1.00000E+00
 2.00058E+06
 1.81937E-13
 1.00000E+00
 2.00058E+06
 2.16036E-13
 1.00000E+00
 2.00058E+06
 2.56142E-13
 1.00000E+00
 2.00058E+06
 3.03232E-13
 1.00000E+00
 2.00058E+06
 3.58449E-13
 1.00000E+00
 2.00058E+06
 4.23115E-13
 1.00000E+00
 2.00058E+06
 4.98732E-13
 1.00000E+00
 2.00058E+06
 5.87013E-13
 1.00000E+00
 2.00058E+06
 6.89941E-13
 1.00000E+00
 2.00058E+06
 8.09785E-13
 1.00000E+00
 2.00058E+06
 9.49189E-13
 1.00000E+00
 2.00058E+06
 1.11109E-12
 1.00000E+00
 2.00058E+06
 1.29898E-12
 1.00000E+00
 2.00058E+06
 1.51673E-12
 1.00000E+00
 2.00058E+06
 1.76879E-12
 1.00000E+00
 2.00058E+06
 2.06016E-12
 1.00000E+00
 2.00058E+06
 2.39651E-12
 1.00000E+00
 2.00058E+06
 2.78428E-12
 1.00000E+00
 2.00058E+06
 3.23086E-12
 1.00000E+00
 2.00058E+06
 3.74451E-12
 1.00000E+00
 2.00058E+06
 4.33470E-12
 1.00000E+00
 2.00058E+06
 5.01199E-12
 1.00000E+00
 2.00058E+06
 5.78850E-12
 1.00000E+00
 2.00058E+06
 6.67789E-12
 1.00000E+00
 2.00058E+06
 7.69531E-12
 1.00000E+00
 2.00058E+06
 8.85767E-12
 1.00000E+00
 2.00058E+06
 1.01841E-11
 1.00000E+00
 2.00058E+06
 1.16960E-11
 1.00000E+00
 2.00058E+06
 1.34171E-11
 1.00000E+00
 2.00058E+06
 1.53748E-11
 1.00000E+00
 2.00058E+06
 1.76000E-11
 1.00000E+00
 2.00058E+06
 2.01267E-11
 1.00000E+00
 2.00058E+06
 2.29932E-11
 1.00000E+00
 2.00058E+06
 2.62417E-11
 1.00000E+00
 2.00058E+06
 2.99193E-11
 1.00000E+00
 2.00058E+06
 3.40787E-11
 1.00000E+00
 2.00058E+06
 3.87786E-11
 1.00000E+00
 2.00058E+06
 4.40835E-11
 1.00000E+00
 2.00058E+06
 5.00662E-11
 1.00000E+00
 2.00058E+06
 5.68066E-11
 1.00000E+00
 2.00058E+06
 6.43921E-11
 1.00000E+00
 2.00058E+06
 7.29199E-11
 1.00000E+00
 2.00058E+06
 8.25000E-11
 1.00000E+00
 2.00058E+06
 9.32511E-11
 1.00000E+00
 2.00058E+06
 1.05305E-10
 1.00000E+00
 2.00058E+06
 1.18812E-10
 1.00000E+00
 2.00058E+06
 1.33931E-10
 1.00000E+00
 2.00058E+06
 1.50842E-10
 1.00000E+00
 2.00058E+06
 1.69739E-10
 1.00000E+00
 2.00058E+06
 1.90843E-10
 1.00000E+00
 2.00058E+06
 2.14395E-10
 1.00000E+00
 2.00058E+06
 2.40658E-10
 1.00000E+00
 2.00058E+06
 2.69914E-10
 1.00000E+00
 2.00058E+06
 3.02473E-10
 1.00000E+00
 2.00058E+06
 3.38693E-10
 1.00000E+00
 2.00058E+06
 3.78949E-10
 1.00000E+00
 2.00058E+06
 4.23650E-10
 1.00000E+00
 2.00058E+06
 4.73256E-10
 1.00000E+00
 2.00058E+06
 5.28250E-10
 1.00000E+00
 2.00058E+06
 5.89195E-10
 1.00000E+00
 2.00058E+06
 6.56666E-10
 1.00000E+00
 2.00058E+06
 7.31311E-10
 1.00000E+00
 2.00058E+06
 8.13826E-10
 1.00000E+00
 2.00058E+06
 9.04958E-10
 1.00000E+00
 2.00058E+06
 1.00554E-09
 1.00000E+00
 2.00058E+06
 1.11648E-09
 1.00000E+00
 2.00058E+06
 1.23876E-09
 1.00000E+00
 2.00058E+06
 1.37342E-09
 1.00000E+00
 2.00058E+06
 1.52159E-09
 1.00000E+00
 2.00058E+06
 1.68453E-09
 1.00000E+00
 2.00058E+06
 1.86363E-09
 1.00000E+00
 2.00058E+06
 2.06037E-09
 1.00000E+00
 2.00058E+06
 2.27638E-09
 1.00000E+00
 2.00058E+06
 2.51337E-09
 1.00000E+00
 2.00058E+06
 2.77321E-09
 1.00000E+00
 2.00058E+06
 3.05791E-09
 1.00000E+00
 2.00058E+06
 3.36969E-09
 1.00000E+00
 2.00058E+06
 3.71094E-09
 1.00000E+00
 2.00058E+06
 4.08412E-09
 1.00000E+00
 2.00058E+06
 4.49188E-09
 1.00000E+00
 2.00058E+06
 4.93721E-09
 1.00000E+00
 2.00058E+06
 5.42330E-09
 1.00000E+00
 2.00058E+06
 5.95351E-09
 1.00000E+00
 2.00058E+06
 6.53158E-09
 1.00000E+00
 2.00058E+06
 7.16136E-09
 1.00000E+00
 2.00058E+06
 7.84697E-09
 1.00000E+00
 2.00058E+06
 8.59305E-09
 1.00000E+00
 2.00058E+06
 9.40447E-09
 1.00000E+00
 2.00058E+06
 1.02865E-08
 1.00000E+00
 2.00058E+06
 1.12445E-08
 1.00000E+00
 2.00058E+06
 1.22844E-08
 1.00000E+00
 2.00058E+06
 1.34128E-08
 1.00000E+00
 2.00058E+06
 1.46366E-08
 1.00000E+00
 2.00058E+06
 1.59629E-08
 1.00000E+00
 2.00058E+06
 1.73997E-08
 1.00000E+00
 2.00058E+06
 1.89554E-08
 1.00000E+00
 2.00058E+06
 2.06392E-08
 1.00000E+00
 2.00058E+06
 2.24605E-08
 1.00000E+00
 2.00058E+06
 2.44292E-08
 1.00000E+00
 2.00058E+06
 2.65564E-08
 1.00000E+00
 2.00058E+06
 2.88538E-08
 1.00000E+00
 2.00058E+06
 3.13332E-08
 1.00000E+00
 2.00058E+06
 3.40081E-08
 1.00000E+00
 2.00058E+06
 3.68925E-08
 1.00000E+00
 2.00058E+06
 4.00013E-08
 1.00000E+00
 2.00058E+06
 4.33502E-08
 1.00000E+00
 2.00058E+06
 4.69553E-08
 1.00000E+00
 2.00058E+06
 5.08347E-08
 1.00000E+00
 2.00058E+06
 5.50070E-08
 1.00000E+00
 2.00058E+06
 5.94925E-08
 1.00000E+00
 2.00058E+06
 6.43121E-08
 1.00000E+00
 2.00058E+06
 6.94880E-08
 1.00000E+00
 2.00058E+06
 7.50447E-08
 1.00000E+00
 2.00058E+06
 8.10072E-08
 1.00000E+00
 2.00058E+06
 8.74027E-08
 1.00000E+00
 2.00058E+06
 9.42596E-08
 1.00000E+00
 2.00058E+06
 1.01607E-07
 1.00000E+00
 2.00058E+06
 1.09478E-07
 1.00000E+00
 2.00058E+06
 1.17907E-07
 1.00000E+00
 2.00058E+06
 1.26927E-07
 1.00000E+00
 2.00058E+06
 1.36578E-07
 1.00000E+00
 2.00058E+06
 1.46895E-07
 1.00000E+00
 2.00058E+06
 1.57921E-07
 1.00000E+00
 2.00058E+06
 1.69702E-07
 1.00000E+00
 2.00058E+06
 1.82282E-07
 1.00000E+00
 2.00058E+06
 1.95709E-07
 1.00000E+00
 2.00058E+06
 2.10035E-07
 1.00000E+00
 2.00058E+06
 2.25312E-07
 1.00000E+00
 2.00058E+06
 2.41595E-07
 1.00000E+00
 2.00058E+06
 2.58947E-07
 1.00000E+00
 2.00058E+06
 2.77426E-07
 1.00000E+00
 2.00058E+06
 2.97105E-07
 1.00000E+00
 2.00058E+06
 3.18049E-07
 1.00000E+00
 2.00058E+06
 3.40330E-07
 1.00000E+00
 2.00058E+06
 3.64022E-07
 1.00000E+00
 2.00058E+06
 3.89206E-07
 1.00000E+00
 2.00058E+06
 4.15965E-07
 1.00000E+00
 2.00058E+06
 4.44394E-07
 1.00000E+00
 2.00058E+06
 4.74587E-07
 1.00000E+00
 2.00058E+06
 5.06635E-07
 9.99999E-01
 2.00058E+06
 5.40643E-07
 9.99999E-01
 2.00058E+06
 5.76712E-07
 9.99999E-01
 2.00058E+06
 6.14952E-07
 9.99999E-01
 2.00058E+06
 6.55480E-07
 9.99999E-01
 2.00058E+06
 6.98420E-07
 9.99999E-01
 2.00058E+06
 7.43904E-07
 9.99999E-01
 2.00058E+06
 7.92068E-07
 9.99999E-01
 2.00058E+06
 8.43048E-07
 9.99999E-01
 2.00058E+06
 8.96985E-07
 9.99999E-01
 2.00058E+06
 9.54041E-07
 9.99999E-01
 2.00058E+06
 1.01437E-06
 9.99999E-01
 2.00058E+06
 1.07814E-06
 9.99999E-01
 2.00058E+06
 1.14551E-06
 9.99999E-01
 2.00058E+06
 1.21665E-06
 9.99999E-01
 2.00058E+06
 1.29176E-06
 9.99999E-01
 2.00058E+06
 1.37102E-06
 9.99999E-01
 2.00058E+06
 1.45465E-06
 9.99999E-01
 2.00058E+06
 1.54285E-06
 9.99998E-01
 2.00058E+06
 1.63585E-06
 9.99998E-01
 2.00058E+06
 1.73386E-06
 9.99998E-01
 2.00058E+06
 1.83712E-06
 9.99998E-01
 2.00058E+06
 1.94587E-06
 9.99998E-01
 2.00058E+06
 2.06040E-06
 9.99998E-01
 2.00058E+06
 2.18099E-06
 9.99998E-01
 2.00058E+06
 2.30792E-06
 9.99998E-01
 2.00058E+06
 2.44148E-06
 9.99998E-01
 2.00058E+06
 2.58196E-06
 9.99997E-01
 2.00058E+06
 2.72967E-06
 9.99997E-01
 2.00058E+06
 2.88495E-06
 9.99997E-01
 2.00058E+06
 3.04814E-06
 9.99997E-01
 2.00058E+06
 3.21958E-06
 9.99997E-01
 2.00058E+06
 3.39961E-06
 9.99997E-01
 2.00058E+06
 3.58865E-06
 9.99996E-01
 2.00058E+06
 3.78704E-06
 9.99996E-01
 2.00058E+06
 3.99518E-06
 9.99996E-01
 2.00058E+06
 4.21350E-06
 9.99996E-01
 2.00058E+06
 4.44239E-06
 9.99996E-01
 2.00058E+06
 4.68229E-06
 9.99995E-01
 2.00058E+06
 4.93365E-06
 9.99995E-01
 2.00058E+06
 5.19699E-06
 9.99995E-01
 2.00058E+06
 5.47284E-06
 9.99995E-01
 2.00058E+06
 5.76174E-06
 9.99994E-01
 2.00058E+06
 6.06416E-06
 9.99994E-01
 2.00058E+06
 6.38064E-06
 9.99994E-01
 2.00058E+06
 6.71171E-06
 9.99993E-01
 2.00058E+06
 7.05796E-06
 9.99993E-01
 2.00058E+06
 7.41998E-06
 9.99993E-01
 2.00058E+06
 7.79836E-06
 9.99992E-01
 2.00058E+06
 8.19383E-06
 9.99992E-01
 2.00058E+06
 8.60709E-06
 9.99991E-01
 2.00058E+06
 9.03881E-06
 9.99991E-01
 2.00058E+06
 9.48965E-06
 9.99991E-01
 2.00058E+06
 9.96047E-06
 9.99990E-01
 2.00058E+06
 1.04520E-05
 9.99990E-01
 2.00058E+06
 1.09649E-05
 9.99989E-01
 2.00058E+06
 1.15002E-05
 9.99988E-01
 2.00058E+06
 1.20585E-05
 9.99988E-01
 2.00058E+06
 1.26408E-05
 9.99987E-01
 2.00058E+06
 1.32479E-05
 9.99987E-01
 2.00058E+06
 1.38806E-05
 9.99986E-01
 2.00058E+06
 1.45399E-05
 9.99985E-01
 2.00058E+06
 1.52267E-05
 9.99985E-01
 2.00058E+06
 1.59420E-05
 9.99984E-01
 2.00058E+06
 1.66868E-05
 9.99983E-01
 2.00058E+06
 1.74621E-05
 9.99983E-01
 2.00058E+06
 1.82688E-05
 9.99982E-01
 2.00058E+06
 1.91081E-05
 9.99981E-01
 2.00058E+06
 1.99812E-05
 9.99980E-01
 2.00058E+06
 2.08890E-05
 9.99979E-01
 2.00058E+06
 2.18328E-05
 9.99978E-01
 2.00058E+06
 2.28138E-05
 9.99977E-01
 2.00058E+06
 2.38333E-05
 9.99976E-01
 2.00058E+06
 2.48927E-05
 9.99975E-01
 2.00058E+06
 2.59930E-05
 9.99974E-01
 2.00058E+06
 2.71357E-05
 9.99973E-01
 2.00058E+06
 2.83222E-05
 9.99972E-01
 2.00058E+06
 2.95543E-05
 9.99970E-01
 2.00058E+06
 3.08333E-05
 9.99969E-01
 2.00058E+06
 3.21609E-05
 9.99968E-01
 2.00058E+06
 3.35383E-05
 9.99966E-01
 2.00058E+06
 3.49670E-05
 9.99965E-01
 2.00058E+06
 3.64483E-05
 9.99964E-01
 2.00058E+06
 3.79842E-05
 9.99962E-01
 2.00058E+06
 3.95762E-05
 9.99960E-01
 2.00058E+06
 4.12264E-05
 9.99959E-01
 2.00058E+06
 4.29361E-05
 9.99957E-01
 2.00058E+06
 4.47071E-05
 9.99955E-01
 2.00058E+06
 4.65410E-05
 9.99953E-01
 2.00058E+06
 4.84400E-05
 9.99952E-01
 2.00058E+06
 5.04062E-05
 9.99950E-01
 2.00058E+06
 5.24416E-05
 9.99948E-01
 2.00058E+06
 5.45479E-05
 9.99945E-01
 2.00058E+06
 5.67269E-05
 9.99943E-01
 2.00058E+06
 5.89813E-05
 9.99941E-01
 2.00058E+06
 6.13128E-05
 9.99939E-01
 2.00058E+06
 6.37233E-05
 9.99936E-01
 2.00058E+06
 6.62157E-05
 9.99934E-01
 2.00058E+06
 6.87921E-05
 9.99931E-01
 2.00058E+06
 7.14545E-05
 9.99929E-01
 2.00058E+06
 7.42053E-05
 9.99926E-01
 2.00058E+06
 7.70472E-05
 9.99923E-01
 2.00058E+06
 7.99824E-05
 9.99920E-01
 2.00058E+06
 8.30135E-05
 9.99917E-01
 2.00058E+06
 8.61431E-05
 9.99914E-01
 2.00058E+06
 8.93742E-05
 9.99911E-01
 2.00058E+06
 9.27094E-05
 9.99907E-01
 2.00058E+06
 9.61511E-05
 9.99904E-01
 2.00058E+06
 9.97023E-05
 9.99900E-01
 2.00058E+06
 1.03366E-04
 9.99897E-01
 2.00058E+06
 1.07143E-04
 9.99893E-01
 2.00058E+06
 1.11039E-04
 9.99889E-01
 2.00058E+06
 1.15055E-04
 9.99885E-01
 2.00058E+06
 1.19195E-04
 9.99881E-01
 2.00058E+06
 1.23464E-04
 9.99877E-01
 2.00058E+06
 1.27862E-04
 9.99872E-01
 2.00058E+06
 1.32395E-04
 9.99868E-01
 2.00058E+06
 1.37064E-04
 9.99863E-01
 2.00058E+06
 1.41872E-04
 9.99858E-01
 2.00058E+06
 1.46823E-04
 9.99853E-01
 2.00058E+06
 1.51920E-04
 9.99848E-01
 2.00058E+06
 1.57169E-04
 9.99843E-01
 2.00058E+06
 1.62571E-04
 9.99837E-01
 2.00058E+06
 1.68131E-04
 9.99832E-01
 2.00058E+06
 1.73851E-04
 9.99826E-01
 2.00058E+06
 1.79736E-04
 9.99820E-01
 2.00058E+06
 1.85790E-04
 9.99814E-01
 2.00058E+06
 1.92014E-04
 9.99808E-01
 2.00058E+06
 1.98414E-04
 9.99802E-01
 2.00058E+06
 2.04994E-04
 9.99795E-01
 2.00058E+06
 2.11756E-04
 9.99788E-01
 2.00058E+06
 2.18706E-04
 9.99781E-01
 2.00058E+06
 2.25847E-04
 9.99774E-01
 2.00058E+06
 2.33184E-04
 9.99767E-01
 2.00058E+06
 2.40724E-04
 9.99759E-01
 2.00058E+06
 2.48469E-04
 9.99752E-01
 2.00058E+06
 2.56424E-04
 9.99744E-01
 2.00058E+06
 2.64593E-04
 9.99735E-01
 2.00058E+06
 2.72981E-04
 9.99727E-01
 2.00058E+06
 2.81590E-04
 9.99718E-01
 2.00058E+06
 2.90429E-04
 9.99710E-01
 2.00058E+06
 2.99500E-04
 9.99701E-01
 2.00058E+06
 3.08807E-04
 9.99691E-01
 2.00058E+06
 3.18355E-04
 9.99682E-01
 2.00058E+06
 3.28150E-04
 9.99672E-01
 2.00058E+06
 3.38196E-04
 9.99662E-01
 2.00058E+06
 3.48498E-04
 9.99652E-01
 2.00058E+06
 3.59060E-04
 9.99641E-01
 2.00058E+06
 3.69888E-04
 9.99630E-01
 2.00058E+06
 3.80986E-04
 9.99619E-01
 2.00058E+06
 3.92359E-04
 9.99608E-01
 2.00058E+06
 4.04014E-04
 9.99596E-01
 2.00058E+06
 4.15953E-04
 9.99584E-01
 2.00058E+06
 4.28186E-04
 9.99572E-01
 2.00058E+06
 4.40716E-04
 9.99559E-01
 2.00058E+06
 4.53549E-04
 9.99546E-01
 2.00058E+06
 4.66690E-04
 9.99533E-01
 2.00058E+06
 4.80144E-04
 9.99520E-01
 2.00058E+06
 4.93918E-04
 9.99506E-01
 2.00058E+06
 5.08017E-04
 9.99492E-01
 2.00058E+06
 5.22448E-04
 9.99478E-01
 2.00058E+06
 5.37217E-04
 9.99463E-01
 2.00058E+06
 5.52329E-04
 9.99448E-01
 2.00058E+06
 5.67789E-04
 9.99432E-01
 2.00058E+06
 5.83604E-04
 9.99416E-01
 2.00058E+06
 5.99781E-04
 9.99400E-01
 2.00058E+06
 6.16329E-04
 9.99384E-01
 2.00058E+06
 6.33253E-04
 9.99367E-01
 2.00058E+06
 6.50559E-04
 9.99349E-01
 2.00058E+06
 6.68251E-04
 9.99332E-01
 2.00058E+06
 6.86336E-04
 9.99314E-01
 2.00058E+06
 7.04826E-04
 9.99295E-01
 2.00058E+06
 7.23726E-04
 9.99276E-01
 2.00058E+06
 7.43040E-04
 9.99257E-01
 2.00058E+06
 7.62771E-04
 9.99237E-01
 2.00058E+06
 7.82930E-04
 9.99217E-01
 2.00058E+06
 8.03520E-04
 9.99196E-01
 2.00058E+06
 8.24552E-04
 9.99175E-01
 2.00058E+06
 8.46028E-04
 9.99154E-01
 2.00058E+06
 8.67955E-04
 9.99132E-01
 2.00058E+06
 8.90345E-04
 9.99110E-01
 2.00058E+06
 9.13198E-04
 9.99087E-01
 2.00058E+06
 9.36525E-04
 9.99063E-01
 2.00058E+06
 9.60334E-04
 9.99040E-01
 2.00058E+06
 9.84631E-04
 9.99015E-01
 2.00058E+06
 1.00942E-03
 9.98991E-01
 2.00058E+06
 1.03472E-03
 9.98965E-01
 2.00058E+06
 1.06052E-03
 9.98939E-01
 2.00058E+06
 1.08684E-03
 9.98913E-01
 2.00058E+06
 1.11368E-03
 9.98886E-01
 2.00058E+06
 1.14106E-03
 9.98859E-01
 2.00058E+06
 1.16898E-03
 9.98831E-01
 2.00058E+06
 1.19744E-03
 9.98803E-01
 2.00058E+06
 1.22644E-03
 9.98774E-01
 2.00058E+06
 1.25601E-03
 9.98744E-01
 2.00058E+06
 1.28614E-03
 9.98714E-01
 2.00058E+06
 1.31685E-03
 9.98683E-01
 2.00058E+06
 1.34814E-03
 9.98652E-01
 2.00058E+06
 1.38002E-03
 9.98620E-01
 2.00058E+06
 1.41250E-03
 9.98587E-01
 2.00058E+06
 1.44560E-03
 9.98554E-01
 2.00058E+06
 1.47931E-03
 9.98521E-01
 2.00058E+06
 1.51365E-03
 9.98486E-01
 2.00058E+06
 1.54863E-03
 9.98451E-01
 2.00058E+06
 1.58424E-03
 9.98416E-01
 2.00058E+06
 1.62049E-03
 9.98380E-01
 2.00058E+06
 1.65739E-03
 9.98343E-01
 2.00058E+06
 1.69497E-03
 9.98305E-01
 2.00058E+06
 1.73322E-03
 9.98267E-01
 2.00058E+06
 1.77216E-03
 9.98228E-01
 2.00058E+06
 1.81178E-03
 9.98188E-01
 2.00058E+06
 1.85210E-03
 9.98148E-01
 2.00058E+06
 1.89312E-03
 9.98107E-01
 2.00058E+06
 1.93486E-03
 9.98065E-01
 2.00058E+06
 1.97731E-03
 9.98023E-01
 2.00058E+06
 2.02049E-03
 9.97980E-01
 2.00058E+06
 2.06441E-03
 9.97936E-01
 2.00058E+06
 2.10907E-03
 9.97891E-01
 2.00058E+06
 2.15448E-03
 9.97846E-01
 2.00058E+06
 2.20065E-03
 9.97799E-01
 2.00058E+06
 2.24759E-03
 9.97752E-01
 2.00058E+06
 2.29532E-03
 9.97705E-01
 2.00058E+06
 2.34384E-03
 9.97656E-01
 2.00058E+06
 2.39314E-03
 9.97607E-01
 2.00058E+06
 2.44325E-03
 9.97557E-01
 2.00058E+06
 2.49416E-03
 9.97506E-01
 2.00058E+06
 2.54590E-03
 9.97454E-01
 2.00058E+06
 2.59845E-03
 9.97402E-01
 2.00058E+06
 2.65183E-03
 9.97348E-01
 2.00058E+06
 2.70605E-03
 9.97294E-01
 2.00058E+06
 2.76111E-03
 9.97239E-01
 2.00058E+06
 2.81703E-03
 9.97183E-01
 2.00058E+06
 2.87382E-03
 9.97126E-01
 2.00058E+06
 2.93148E-03
 9.97069E-01
 2.00058E+06
 2.99002E-03
 9.97010E-01
 2.00058E+06
 3.04946E-03
 9.96951E-01
 2.00058E+06
 3.10984E-03
 9.96890E-01
 2.00058E+06
 3.17114E-03
 9.96829E-01
 2.00058E+06
 3.23337E-03
 9.96767E-01
 2.00058E+06
 3.29654E-03
 9.96703E-01
 2.00058E+06
 3.36064E-03
 9.96639E-01
 2.00058E+06
 3.42569E-03
 9.96574E-01
 2.00058E+06
 3.49168E-03
 9.96508E-01
 2.00058E+06
 3.55863E-03
 9.96441E-01
 2.00058E+06
 3.62655E-03
 9.96373E-01
 2.00058E+06
 3.69545E-03
 9.96305E-01
 2.00058E+06
 3.76532E-03
 9.96235E-01
 2.00058E+06
 3.83620E-03
 9.96164E-01
 2.00058E+06
 3.90808E-03
 9.96092E-01
 2.00058E+06
 3.98098E-03
 9.96019E-01
 2.00058E+06
 4.05490E-03
 9.95945E-01
 2.00058E+06
 4.12984E-03
 9.95870E-01
 2.00058E+06
 4.20582E-03
 9.95794E-01
 2.00058E+06
 4.28283E-03
 9.95717E-01
 2.00058E+06
 4.36090E-03
 9.95639E-01
 2.00058E+06
 4.44003E-03
 9.95560E-01
 2.00058E+06
 4.52021E-03
 9.95480E-01
 2.00058E+06
 4.60157E-03
 9.95398E-01
 2.00058E+06
 4.68396E-03
 9.95316E-01
 2.00058E+06
 4.76742E-03
 9.95233E-01
 2.00058E+06
 4.85197E-03
 9.95148E-01
 2.00058E+06
 4.93761E-03
 9.95062E-01
 2.00058E+06
 5.02436E-03
 9.94976E-01
 2.00058E+06
 5.11222E-03
 9.94888E-01
 2.00058E+06
 5.20121E-03
 9.94799E-01
 2.00058E+06
 5.29135E-03
 9.94709E-01
 2.00058E+06
 5.38264E-03
 9.94617E-01
 2.00058E+06
 5.47511E-03
 9.94525E-01
 2.00058E+06
 5.56877E-03
 9.94431E-01
 2.00058E+06
 5.66363E-03
 9.94336E-01
 2.00058E+06
 5.75970E-03
 9.94240E-01
 2.00058E+06
 5.85700E-03
 9.94143E-01
 2.00058E+06
 5.95551E-03
 9.94044E-01
 2.00058E+06
 6.05527E-03
 9.93945E-01
 2.00058E+06
 6.15626E-03
 9.93844E-01
 2.00058E+06
 6.25848E-03
 9.93742E-01
 2.00058E+06
 6.36192E-03
 9.93638E-01
 2.00058E+06
 6.46660E-03
 9.93533E-01
 2.00058E+06
 6.57251E-03
 9.93427E-01
 2.00058E+06
 6.67969E-03
 9.93320E-01
 2.00058E+06
 6.78813E-03
 9.93212E-01
 2.00058E+06
 6.89785E-03
 9.93102E-01
 2.00058E+06
 7.00886E-03
 9.92991E-01
 2.00058E+06
 7.12116E-03
 9.92879E-01
 2.00058E+06
 7.23477E-03
 9.92765E-01
 2.00058E+06
 7.34969E-03
 9.92650E-01
 2.00058E+06
 7.46591E-03
 9.92534E-01
 2.00058E+06
 7.58346E-03
 9.92417E-01
 2.00058E+06
 7.70236E-03
 9.92298E-01
 2.00058E+06
 7.82260E-03
 9.92177E-01
 2.00058E+06
 7.94419E-03
 9.92056E-01
 2.00058E+06
 8.06714E-03
 9.91933E-01
 2.00058E+06
 8.19145E-03
 9.91809E-01
 2.00058E+06
 8.31713E-03
 9.91683E-01
 2.00058E+06
 8.44419E-03
 9.91556E-01
 2.00058E+06
 8.57263E-03
 9.91427E-01
 2.00058E+06
 8.70245E-03
 9.91298E-01
 2.00058E+06
 8.83366E-03
 9.91166E-01
 2.00058E+06
 8.96627E-03
 9.91034E-01
 2.00058E+06
 9.10032E-03
 9.90900E-01
 2.00058E+06
 9.23578E-03
 9.90764E-01
 2.00058E+06
 9.37266E-03
 9.90627E-01
 2.00058E+06
 9.51098E-03
 9.90489E-01
 2.00058E+06
 9.65075E-03
 9.90349E-01
 2.00058E+06
 9.79196E-03
 9.90208E-01
 2.00058E+06
 9.93466E-03
 9.90065E-01
 2.00058E+06
 1.00788E-02
 9.89921E-01
 2.00058E+06
 1.02245E-02
 9.89776E-01
 2.00058E+06
 1.03716E-02
 9.89628E-01
 2.00058E+06
 1.05202E-02
 9.89480E-01
 2.00058E+06
 1.06703E-02
 9.89330E-01
 2.00058E+06
 1.08219E-02
 9.89178E-01
 2.00058E+06
 1.09749E-02
 9.89025E-01
 2.00058E+06
 1.11295E-02
 9.88870E-01
 2.00058E+06
 1.12856E-02
 9.88714E-01
 2.00058E+06
 1.14432E-02
 9.88557E-01
 2.00058E+06
 1.16024E-02
 9.88398E-01
 2.00058E+06
 1.17630E-02
 9.88237E-01
 2.00058E+06
 1.19253E-02
 9.88075E-01
 2.00058E+06
 1.20891E-02
 9.87911E-01
 2.00058E+06
 1.22545E-02
 9.87746E-01
 2.00058E+06
 1.24214E-02
 9.87579E-01
 2.00058E+06
 1.25899E-02
 9.87410E-01
 2.00058E+06
 1.27600E-02
 9.87240E-01
 2.00058E+06
 1.29317E-02
 9.87068E-01
 2.00058E+06
 1.31050E-02
 9.86895E-01
 2.00058E+06
 1.32799E-02
 9.86720E-01
 2.00058E+06
 1.34564E-02
 9.86544E-01
 2.00058E+06
 1.36344E-02
 9.86366E-01
 2.00058E+06
 1.38141E-02
 9.86186E-01
 2.00058E+06
 1.39955E-02
 9.86005E-01
 2.00058E+06
 1.41784E-02
 9.85822E-01
 2.00058E+06
 1.43630E-02
 9.85637E-01
 2.00058E+06
 1.45492E-02
 9.85451E-01
 2.00058E+06
 1.47371E-02
 9.85263E-01
 2.00058E+06
 1.49266E-02
 9.85073E-01
 2.00058E+06
 1.51177E-02
 9.84882E-01
 2.00058E+06
 1.53105E-02
 9.84689E-01
 2.00058E+06
 1.55050E-02
 9.84495E-01
 2.00058E+06
 1.57011E-02
 9.84299E-01
 2.00058E+06
 1.58988E-02
 9.84101E-01
 2.00058E+06
 1.60983E-02
 9.83902E-01
 2.00058E+06
 1.62994E-02
 9.83701E-01
 2.00058E+06
 1.65022E-02
 9.83498E-01
 2.00058E+06
 1.67067E-02
 9.83293E-01
 2.00058E+06
 1.69129E-02
 9.83087E-01
 2.00058E+06
 1.71208E-02
 9.82879E-01
 2.00058E+06
 1.73305E-02
 9.82670E-01
 2.00058E+06
 1.75419E-02
 9.82458E-01
 2.00058E+06
 1.77550E-02
 9.82245E-01
 2.00058E+06
 1.79698E-02
 9.82030E-01
 2.00058E+06
 1.81864E-02
 9.81814E-01
 2.00058E+06
 1.84048E-02
 9.81595E-01
 2.00058E+06
 1.86248E-02
 9.81375E-01
 2.00058E+06
 1.88466E-02
 9.81153E-01
 2.00058E+06
 1.90702E-02
 9.80930E-01
 2.00058E+06
 1.92954E-02
 9.80705E-01
 2.00058E+06
 1.95225E-02
 9.80478E-01
 2.00058E+06
 1.97512E-02
 9.80249E-01
 2.00058E+06
 1.99817E-02
 9.80018E-01
 2.00058E+06
 2.02140E-02
 9.79786E-01
 2.00058E+06
 2.04480E-02
 9.79552E-01
 2.00058E+06
 2.06837E-02
 9.79316E-01
 2.00058E+06
 2.09213E-02
 9.79079E-01
 2.00058E+06
 2.11606E-02
 9.78839E-01
 2.00058E+06
 2.14016E-02
 9.78598E-01
 2.00058E+06
 2.16445E-02
 9.78356E-01
 2.00058E+06
 2.18888E-02
 9.78111E-01
 2.00058E+06
 2.21351E-02
 9.77865E-01
 2.00058E+06
 2.23832E-02
 9.77617E-01
 2.00058E+06
 2.26332E-02
 9.77367E-01
 2.00058E+06
 2.28849E-02
 9.77115E-01
 2.00058E+06
 2.31385E-02
 9.76862E-01
 2.00058E+06
 2.33938E-02
 9.76606E-01
 2.00058E+06
 2.36510E-02
 9.76349E-01
 2.00058E+06
 2.39099E-02
 9.76090E-01
 2.00058E+06
 2.41708E-02
 9.75829E-01
 2.00058E+06
 2.44334E-02
 9.75567E-01
 2.00058E+06
 2.46978E-02
 9.75302E-01
 2.00058E+06
 2.49640E-02
 9.75036E-01
 2.00058E+06
 2.52320E-02
 9.74768E-01
 2.00058E+06
 2.55019E-02
 9.74498E-01
 2.00058E+06
 2.57735E-02
 9.74227E-01
 2.00058E+06
 2.60469E-02
 9.73953E-01
 2.00058E+06
 2.63222E-02
 9.73678E-01
 2.00058E+06
 2.65994E-02
 9.73401E-01
 2.00058E+06
 2.68784E-02
 9.73122E-01
 2.00058E+06
 2.71593E-02
 9.72841E-01
 2.00058E+06
 2.74420E-02
 9.72558E-01
 2.00058E+06
 2.77267E-02
 9.72273E-01
 2.00058E+06
 2.80132E-02
 9.71987E-01
 2.00058E+06
 2.83015E-02
 9.71698E-01
 2.00058E+06
 2.85917E-02
 9.71408E-01
 2.00058E+06
 2.88838E-02
 9.71116E-01
 2.00058E+06
 2.91777E-02
 9.70822E-01
 2.00058E+06
 2.94735E-02
 9.70527E-01
 2.00058E+06
 2.97711E-02
 9.70229E-01
 2.00058E+06
 3.00706E-02
 9.69929E-01
 2.00058E+06
 3.03720E-02
 9.69628E-01
 2.00058E+06
 3.06753E-02
 9.69325E-01
 2.00058E+06
 3.09805E-02
 9.69020E-01
 2.00058E+06
 3.12876E-02
 9.68712E-01
 2.00058E+06
 3.15965E-02
 9.68404E-01
 2.00058E+06
 3.19072E-02
 9.68093E-01
 2.00058E+06
 3.22199E-02
 9.67780E-01
 2.00058E+06
 3.25343E-02
 9.67466E-01
 2.00058E+06
 3.28506E-02
 9.67149E-01
 2.00058E+06
 3.31688E-02
 9.66831E-01
 2.00058E+06
 3.34887E-02
 9.66511E-01
 2.00058E+06
 3.38105E-02
 9.66189E-01
 2.00058E+06
 3.41342E-02
 9.65866E-01
 2.00058E+06
 3.44597E-02
 9.65540E-01
 2.00058E+06
 3.47870E-02
 9.65213E-01
 2.00058E+06
 3.51163E-02
 9.64884E-01
 2.00058E+06
 3.54475E-02
 9.64553E-01
 2.00058E+06
 3.57806E-02
 9.64219E-01
 2.00058E+06
 3.61155E-02
 9.63885E-01
 2.00058E+06
 3.64523E-02
 9.63548E-01
 2.00058E+06
 3.67910E-02
 9.63209E-01
 2.00058E+06
 3.71315E-02
 9.62869E-01
 2.00058E+06
 3.74738E-02
 9.62526E-01
 2.00058E+06
 3.78180E-02
 9.62182E-01
 2.00058E+06
 3.81640E-02
 9.61836E-01
 2.00058E+06
 3.85119E-02
 9.61488E-01
 2.00058E+06
 3.88617E-02
 9.61138E-01
 2.00058E+06
 3.92133E-02
 9.60787E-01
 2.00058E+06
 3.95668E-02
 9.60433E-01
 2.00058E+06
 3.99222E-02
 9.60078E-01
 2.00058E+06
 4.02794E-02
 9.59721E-01
 2.00058E+06
 4.06384E-02
 9.59362E-01
 2.00058E+06
 4.09993E-02
 9.59001E-01
 2.00058E+06
 4.13621E-02
 9.58638E-01
 2.00058E+06
 4.17268E-02
 9.58273E-01
 2.00058E+06
 4.20934E-02
 9.57907E-01
 2.00058E+06
 4.24618E-02
 9.57538E-01
 2.00058E+06
 4.28322E-02
 9.57168E-01
 2.00058E+06
 4.32044E-02
 9.56796E-01
 2.00058E+06
 4.35785E-02
 9.56421E-01
 2.00058E+06
 4.39545E-02
 9.56046E-01
 2.00058E+06
 4.43323E-02
 9.55668E-01
 2.00058E+06
 4.47120E-02
 9.55288E-01
 2.00058E+06
 4.50936E-02
 9.54906E-01
 2.00058E+06
 4.54770E-02
 9.54523E-01
 2.00058E+06
 4.58623E-02
 9.54138E-01
 2.00058E+06
 4.62495E-02
 9.53750E-01
 2.00058E+06
 4.66385E-02
 9.53361E-01
 2.00058E+06
 4.70294E-02
 9.52971E-01
 2.00058E+06
 4.74221E-02
 9.52578E-01
 2.00058E+06
 4.78167E-02
 9.52183E-01
 2.00058E+06
 4.82131E-02
 9.51787E-01
 2.00058E+06
 4.86113E-02
 9.51389E-01
 2.00058E+06
 4.90113E-02
 9.50989E-01
 2.00058E+06
 4.94132E-02
 9.50587E-01
 2.00058E+06
 4.98170E-02
 9.50183E-01
 2.00058E+06
 5.02226E-02
 9.49777E-01
 2.00058E+06
 5.06301E-02
 9.49370E-01
 2.00058E+06
 5.10394E-02
 9.48961E-01
 2.00058E+06
 5.14506E-02
 9.48549E-01
 2.00058E+06
 5.18637E-02
 9.48136E-01
 2.00058E+06
 5.22786E-02
 9.47721E-01
 2.00058E+06
 5.26952E-02
 9.47305E-01
 2.00058E+06
 5.31136E-02
 9.46886E-01
 2.00058E+06
 5.35338E-02
 9.46466E-01
 2.00058E+06
 5.39558E-02
 9.46044E-01
 2.00058E+06
 5.43796E-02
 9.45620E-01
 2.00058E+06
 5.48052E-02
 9.45195E-01
 2.00058E+06
 5.52325E-02
 9.44767E-01
 2.00058E+06
 5.56616E-02
 9.44338E-01
 2.00058E+06
 5.60925E-02
 9.43908E-01
 2.00058E+06
 5.65251E-02
 9.43475E-01
 2.00058E+06
 5.69596E-02
 9.43040E-01
 2.00058E+06
 5.73958E-02
 9.42604E-01
 2.00058E+06
 5.78338E-02
 9.42166E-01
 2.00058E+06
 5.82735E-02
 9.41727E-01
 2.00058E+06
 5.87149E-02
 9.41285E-01
 2.00058E+06
 5.91579E-02
 9.40842E-01
 2.00058E+06
 5.96027E-02
 9.40397E-01
 2.00058E+06
 6.00494E-02
 9.39951E-01
 2.00058E+06
 6.04978E-02
 9.39502E-01
 2.00058E+06
 6.09481E-02
 9.39052E-01
 2.00058E+06
 6.14002E-02
 9.38600E-01
 2.00058E+06
 6.18541E-02
 9.38146E-01
 2.00058E+06
 6.23097E-02
 9.37690E-01
 2.00058E+06
 6.27671E-02
 9.37233E-01
 2.00058E+06
 6.32263E-02
 9.36774E-01
 2.00058E+06
 6.36872E-02
 9.36313E-01
 2.00058E+06
 6.41499E-02
 9.35850E-01
 2.00058E+06
 6.46143E-02
 9.35386E-01
 2.00058E+06
 6.50805E-02
 9.34919E-01
 2.00058E+06
 6.55485E-02
 9.34452E-01
 2.00058E+06
 6.60182E-02
 9.33982E-01
 2.00058E+06
 6.64896E-02
 9.33510E-01
 2.00058E+06
 6.69627E-02
 9.33037E-01
 2.00058E+06
 6.74375E-02
 9.32563E-01
 2.00058E+06
 6.79140E-02
 9.32086E-01
 2.00058E+06
 6.83921E-02
 9.31608E-01
 2.00058E+06
 6.88720E-02
 9.31128E-01
 2.00058E+06
 6.93536E-02
 9.30646E-01
 2.00058E+06
 6.98369E-02
 9.30163E-01
 2.00058E+06
 7.03218E-02
 9.29678E-01
 2.00058E+06
 7.08084E-02
 9.29192E-01
 2.00058E+06
 7.12967E-02
 9.28703E-01
 2.00058E+06
 7.17866E-02
 9.28213E-01
 2.00058E+06
 7.22781E-02
 9.27722E-01
 2.00058E+06
 7.27713E-02
 9.27229E-01
 2.00058E+06
 7.32663E-02
 9.26734E-01
 2.00058E+06
 7.37629E-02
 9.26237E-01
 2.00058E+06
 7.42613E-02
 9.25739E-01
 2.00058E+06
 7.47612E-02
 9.25239E-01
 2.00058E+06
 7.52629E-02
 9.24737E-01
 2.00058E+06
 7.57661E-02
 9.24234E-01
 2.00058E+06
 7.62711E-02
 9.23729E-01
 2.00058E+06
 7.67776E-02
 9.23222E-01
 2.00058E+06
 7.72859E-02
 9.22714E-01
 2.00058E+06
 7.77957E-02
 9.22204E-01
 2.00058E+06
 7.83072E-02
 9.21693E-01
 2.00058E+06
 7.88204E-02
 9.21180E-01
 2.00058E+06
 7.93351E-02
 9.20665E-01
 2.00058E+06
 7.98515E-02
 9.20149E-01
 2.00058E+06
 8.03694E-02
 9.19631E-01
 2.00058E+06
 8.08888E-02
 9.19111E-01
 2.00058E+06
 8.14098E-02
 9.18590E-01
 2.00058E+06
 8.19323E-02
 9.18068E-01
 2.00058E+06
 8.24564E-02
 9.17544E-01
 2.00058E+06
 8.29822E-02
 9.17018E-01
 2.00058E+06
 8.35095E-02
 9.16490E-01
 2.00058E+06
 8.40385E-02
 9.15962E-01
 2.00058E+06
 8.45690E-02
 9.15431E-01
 2.00058E+06
 8.51011E-02
 9.14899E-01
 2.00058E+06
 8.56349E-02
 9.14365E-01
 2.00058E+06
 8.61702E-02
 9.13830E-01
 2.00058E+06
 8.67071E-02
 9.13293E-01
 2.00058E+06
 8.72455E-02
 9.12755E-01
 2.00058E+06
 8.77854E-02
 9.12215E-01
 2.00058E+06
 8.83268E-02
 9.11673E-01
 2.00058E+06
 8.88696E-02
 9.11130E-01
 2.00058E+06
 8.94139E-02
 9.10586E-01
 2.00058E+06
 8.99597E-02
 9.10040E-01
 2.00058E+06
 9.05070E-02
 9.09493E-01
 2.00058E+06
 9.10558E-02
 9.08944E-01
 2.00058E+06
 9.16060E-02
 9.08394E-01
 2.00058E+06
 9.21576E-02
 9.07842E-01
 2.00058E+06
 9.27107E-02
 9.07289E-01
 2.00058E+06
 9.32652E-02
 9.06735E-01
 2.00058E+06
 9.38212E-02
 9.06179E-01
 2.00058E+06
 9.43786E-02
 9.05621E-01
 2.00058E+06
 9.49376E-02
 9.05062E-01
 2.00058E+06
 9.54980E-02
 9.04502E-01
 2.00058E+06
 9.60599E-02
 9.03940E-01
 2.00058E+06
 9.66233E-02
 9.03377E-01
 2.00058E+06
 9.71881E-02
 9.02812E-01
 2.00058E+06
 9.77544E-02
 9.02246E-01
 2.00058E+06
 9.83222E-02
 9.01678E-01
 2.00058E+06
 9.88913E-02
 9.01109E-01
 2.00058E+06
 9.94619E-02
 9.00538E-01
 2.00058E+06
 1.00034E-01
 8.99966E-01
 2.00058E+06
 1.00607E-01
 8.99393E-01
 2.00058E+06
 1.01182E-01
 8.98818E-01
 2.00058E+06
 1.01758E-01
 8.98242E-01
 2.00058E+06
 1.02335E-01
 8.97665E-01
 2.00058E+06
 1.02914E-01
 8.97086E-01
 2.00058E+06
 1.03494E-01
 8.96506E-01
 2.00058E+06
 1.04075E-01
 8.95925E-01
 2.00058E+06
 1.04658E-01
 8.95342E-01
 2.00058E+06
 1.05242E-01
 8.94758E-01
 2.00058E+06
 1.05827E-01
 8.94173E-01
 2.00058E+06
 1.06414E-01
 8.93586E-01
 2.00058E+06
 1.07001E-01
 8.92999E-01
 2.00058E+06
 1.07591E-01
 8.92409E-01
 2.00058E+06
 1.08181E-01
 8.91819E-01
 2.00058E+06
 1.08773E-01
 8.91227E-01
 2.00058E+06
 1.09366E-01
 8.90634E-01
 2.00058E+06
 1.09960E-01
 8.90040E-01
 2.00058E+06
 1.10555E-01
 8.89445E-01
 2.00058E+06
 1.11152E-01
 8.88848E-01
 2.00058E+06
 1.11750E-01
 8.88250E-01
 2.00058E+06
 1.12350E-01
 8.87650E-01
 2.00058E+06
 1.12950E-01
 8.87050E-01
 2.00058E+06
 1.13552E-01
 8.86448E-01
 2.00058E+06
 1.14155E-01
 8.85845E-01
 2.00058E+06
 1.14760E-01
 8.85240E-01
 2.00058E+06
 1.15365E-01
 8.84635E-01
 2.00058E+06
 1.15972E-01
 8.84028E-01
 2.00058E+06
 1.16580E-01
 8.83420E-01
 2.00058E+06
 1.17190E-01
 8.82810E-01
 2.00058E+06
 1.17800E-01
 8.82200E-01
 2.00058E+06
 1.18412E-01
 8.81588E-01
 2.00058E+06
 1.19025E-01
 8.80975E-01
 2.00058E+06
 1.19639E-01
 8.80361E-01
 2.00058E+06
 1.20255E-01
 8.79745E-01
 2.00058E+06
 1.20871E-01
 8.79129E-01
 2.00058E+06
 1.21489E-01
 8.78511E-01
 2.00058E+06
 1.22108E-01
 8.77892E-01
 2.00058E+06
 1.22728E-01
 8.77272E-01
 2.00058E+06
 1.23349E-01
 8.76651E-01
 2.00058E+06
 1.23971E-01
 8.76029E-01
 2.00058E+06
 1.24594E-01
 8.75406E-01
 2.00058E+06
 1.25219E-01
 8.74781E-01
 2.00058E+06
 1.25844E-01
 8.74156E-01
 2.00058E+06
 1.26471E-01
 8.73529E-01
 2.00058E+06
 1.27098E-01
 8.72902E-01
 2.00058E+06
 1.27727E-01
 8.72273E-01
 2.00058E+06
 1.28356E-01
 8.71644E-01
 2.00058E+06
 1.28987E-01
 8.71013E-01
 2.00058E+06
 1.29619E-01
 8.70381E-01
 2.00058E+06
 1.30252E-01
 8.69748E-01
 2.00058E+06
 1.30886E-01
 8.69114E-01
 2.00058E+06
 1.31521E-01
 8.68479E-01
 2.00058E+06
 1.32157E-01
 8.67843E-01
 2.00058E+06
 1.32794E-01
 8.67206E-01
 2.00058E+06
 1.33432E-01
 8.66568E-01
 2.00058E+06
 1.34070E-01
 8.65930E-01
 2.00058E+06
 1.34710E-01
 8.65290E-01
 2.00058E+06
 1.35351E-01
 8.64649E-01
 2.00058E+06
 1.35993E-01
 8.64007E-01
 2.00058E+06
 1.36636E-01
 8.63364E-01
 2.00058E+06
 1.37280E-01
 8.62720E-01
 2.00058E+06
 1.37925E-01
 8.62075E-01
 2.00058E+06
 1.38570E-01
 8.61430E-01
 2.00058E+06
 1.39217E-01
 8.60783E-01
 2.00058E+06
 1.39865E-01
 8.60135E-01
 2.00058E+06
 1.40514E-01
 8.59486E-01
 2.00058E+06
 1.41163E-01
 8.58837E-01
 2.00058E+06
 1.41814E-01
 8.58186E-01
 2.00058E+06
 1.42465E-01
 8.57535E-01
 2.00058E+06
 1.43118E-01
 8.56882E-01
 2.00058E+06
 1.43771E-01
 8.56229E-01
 2.00058E+06
 1.44425E-01
 8.55575E-01
 2.00058E+06
 1.45080E-01
 8.54920E-01
 2.00058E+06
 1.45736E-01
 8.54264E-01
 2.00058E+06
 1.46393E-01
 8.53607E-01
 2.00058E+06
 1.47051E-01
 8.52949E-01
 2.00058E+06
 1.47710E-01
 8.52290E-01
 2.00058E+06
 1.48369E-01
 8.51631E-01
 2.00058E+06
 1.49030E-01
 8.50970E-01
 2.00058E+06
 1.49691E-01
 8.50309E-01
 2.00058E+06
 1.50353E-01
 8.49647E-01
 2.00058E+06
 1.51016E-01
 8.48984E-01
 2.00058E+06
 1.51680E-01
 8.48320E-01
 2.00058E+06
 1.52344E-01
 8.47656E-01
 2.00058E+06
 1.53009E-01
 8.46991E-01
 2.00058E+06
 1.53675E-01
 8.46325E-01
 2.00058E+06
 1.54342E-01
 8.45658E-01
 2.00058E+06
 1.55009E-01
 8.44991E-01
 2.00058E+06
 1.55677E-01
 8.44323E-01
 2.00058E+06
 1.56346E-01
 8.43654E-01
 2.00058E+06
 1.57016E-01
 8.42984E-01
 2.00058E+06
 1.57686E-01
 8.42314E-01
 2.00058E+06
 1.58357E-01
 8.41643E-01
 2.00058E+06
 1.59029E-01
 8.40971E-01
 2.00058E+06
 1.59701E-01
 8.40299E-01
 2.00058E+06
 1.60375E-01
 8.39625E-01
 2.00058E+06
 1.61049E-01
 8.38951E-01
 2.00058E+06
 1.61723E-01
 8.38277E-01
 2.00058E+06
 1.62398E-01
 8.37602E-01
 2.00058E+06
 1.63074E-01
 8.36926E-01
 2.00058E+06
 1.63751E-01
 8.36249E-01
 2.00058E+06
 1.64428E-01
 8.35572E-01
 2.00058E+06
 1.65105E-01
 8.34895E-01
 2.00058E+06
 1.65784E-01
 8.34216E-01
 2.00058E+06
 1.66462E-01
 8.33538E-01
 2.00058E+06
 1.67142E-01
 8.32858E-01
 2.00058E+06
 1.67822E-01
 8.32178E-01
 2.00058E+06
 1.68503E-01
 8.31497E-01
 2.00058E+06
 1.69184E-01
 8.30816E-01
 2.00058E+06
 1.69866E-01
 8.30134E-01
 2.00058E+06
 1.70549E-01
 8.29451E-01
 2.00058E+06
 1.71232E-01
 8.28768E-01
 2.00058E+06
 1.71915E-01
 8.28085E-01
 2.00058E+06
 1.72599E-01
 8.27401E-01
 2.00058E+06
 1.73284E-01
 8.26716E-01
 2.00058E+06
 1.73969E-01
 8.26031E-01
 2.00058E+06
 1.74655E-01
 8.25345E-01
 2.00058E+06
 1.75341E-01
 8.24659E-01
 2.00058E+06
 1.76028E-01
 8.23972E-01
 2.00058E+06
 1.76715E-01
 8.23285E-01
 2.00058E+06
 1.77403E-01
 8.22597E-01
 2.00058E+06
 1.78091E-01
 8.21909E-01
 2.00058E+06
 1.78779E-01
 8.21221E-01
 2.00058E+06
 1.79468E-01
 8.20532E-01
 2.00058E+06
 1.80157E-01
 8.19843E-01
 2.00058E+06
 1.80847E-01
 8.19153E-01
 2.00058E+06
 1.81538E-01
 8.18462E-01
 2.00058E+06
 1.82229E-01
 8.17771E-01
 2.00058E+06
 1.82920E-01
 8.17080E-01
 2.00058E+06
 1.83612E-01
 8.16388E-01
 2.00058E+06
 1.84304E-01
 8.15696E-01
 2.00058E+06
 1.84997E-01
 8.15003E-01
 2.00058E+06
 1.85690E-01
 8.14310E-01
 2.00058E+06
 1.86384E-01
 8.13616E-01
 2.00058E+06
 1.87078E-01
 8.12922E-01
 2.00058E+06
 1.87772E-01
 8.12228E-01
 2.00058E+06
 1.88467E-01
 8.11533E-01
 2.00058E+06
 1.89162E-01
 8.10838E-01
 2.00058E+06
 1.89857E-01
 8.10143E-01
 2.00058E+06
 1.90553E-01
 8.09447E-01
 2.00058E+06
 1.91249E-01
 8.08751E-01
 2.00058E+06
 1.91945E-01
 8.08055E-01
 2.00058E+06
 1.92642E-01
 8.07358E-01
 2.00058E+06
 1.93339E-01
 8.06661E-01
 2.00058E+06
 1.94037E-01
 8.05963E-01
 2.00058E+06
 1.94734E-01
 8.05266E-01
 2.00058E+06
 1.95432E-01
 8.04568E-01
 2.00058E+06
 1.96130E-01
 8.03870E-01
 2.00058E+06
 1.96829E-01
 8.03171E-01
 2.00058E+06
 1.97527E-01
 8.02473E-01
 2.00058E+06
 1.98226E-01
 8.01774E-01
 2.00058E+06
 1.98925E-01
 8.01075E-01
 2.00058E+06
 1.99624E-01
 8.00376E-01
 2.00058E+06
 2.00323E-01
 7.99677E-01
 2.00058E+06
 2.01022E-01
 7.98978E-01
 2.00058E+06
 2.01722E-01
 7.98278E-01
 2.00058E+06
 2.02422E-01
 7.97578E-01
 2.00058E+06
 2.03122E-01
 7.96878E-01
 2.00058E+06
 2.03822E-01
 7.96178E-01
 2.00058E+06
 2.04523E-01
 7.95477E-01
 2.00058E+06
 2.05224E-01
 7.94776E-01
 2.00058E+06
 2.05924E-01
 7.94076E-01
 2.00058E+06
 2.06625E-01
 7.93375E-01
 2.00058E+06
 2.07326E-01
 7.92674E-01
 2.00058E+06
 2.08027E-01
 7.91973E-01
 2.00058E+06
 2.08728E-01
 7.91272E-01
 2.00059E+06
 2.09430E-01
 7.90570E-01
 2.00059E+06
 2.10131E-01
 7.89869E-01
 2.00059E+06
 2.10833E-01
 7.89167E-01
 2.00059E+06
 2.11534E-01
 7.88466E-01
 2.00059E+06
 2.12236E-01
 7.87764E-01
 2.00059E+06
 2.12938E-01
 7.87062E-01
 2.00059E+06
 2.13640E-01
 7.86360E-01
 2.00059E+06
 2.14342E-01
 7.85658E-01
 2.00059E+06
 2.15044E-01
 7.84956E-01
 2.00059E+06
 2.15746E-01
 7.84254E-01
 2.00059E+06
 2.16448E-01
 7.83552E-01
 2.00059E+06
 2.17150E-01
 7.82850E-01
 2.00059E+06
 2.17852E-01
 7.82148E-01
 2.00059E+06
 2.18554E-01
 7.81446E-01
 2.00059E+06
 2.19256E-01
 7.80744E-01
 2.00059E+06
 2.19957E-01
 7.80043E-01
 2.00059E+06
 2.20659E-01
 7.79341E-01
 2.00059E+06
 2.21361E-01
 7.78639E-01
 2.00059E+06
 2.22063E-01
 7.77937E-01
 2.00059E+06
 2.22765E-01
 7.77235E-01
 2.00059E+06
 2.23467E-01
 7.76533E-01
 2.00059E+06
 2.24168E-01
 7.75832E-01
 2.00059E+06
 2.24870E-01
 7.75130E-01
 2.00059E+06
 2.25572E-01
 7.74428E-01
 2.00059E+06
 2.26273E-01
 7.73727E-01
 2.00059E+06
 2.26975E-01
 7.73025E-01
 2.00059E+06
 2.27676E-01
 7.72324E-01
 2.00059E+06
 2.28376E-01
 7.71624E-01
 2.00059E+06
 2.29077E-01
 7.70923E-01
 2.00059E+06
 2.29778E-01
 7.70222E-01
 2.00059E+06
 2.30478E-01
 7.69522E-01
 2.00059E+06
 2.31178E-01
 7.68822E-01
 2.00059E+06
 2.31878E-01
 7.68122E-01
 2.00059E+06
 2.32578E-01
 7.67422E-01
 2.00059E+06
 2.33278E-01
 7.66722E-01
 2.00059E+06
 2.33977E-01
 7.66023E-01
 2.00059E+06
 2.34676E-01
 7.65324E-01
 2.00059E+06
 2.35375E-01
 7.64625E-01
 2.00059E+06
 2.36074E-01
 7.63926E-01
 2.00059E+06
 2.36772E-01
 7.63228E-01
 2.00059E+06
 2.37471E-01
 7.62529E-01
 2.00059E+06
 2.38169E-01
 7.61831E-01
 2.00059E+06
 2.38867E-01
 7.61133E-01
 2.00059E+06
 2.39565E-01
 7.60435E-01
 2.00059E+06
 2.40263E-01
 7.59737E-01
 2.00059E+06
 2.40960E-01
 7.59040E-01
 2.00059E+06
 2.41657E-01
 7.58343E-01
 2.00059E+06
 2.42354E-01
 7.57646E-01
 2.00059E+06
 2.43050E-01
 7.56950E-01
 2.00059E+06
 2.43747E-01
 7.56253E-01
 2.00059E+06
 2.44443E-01
 7.55557E-01
 2.00059E+06
 2.45138E-01
 7.54862E-01
 2.00059E+06
 2.45834E-01
 7.54166E-01
 2.00059E+06
 2.46529E-01
 7.53471E-01
 2.00059E+06
 2.47223E-01
 7.52777E-01
 2.00059E+06
 2.47917E-01
 7.52083E-01
 2.00059E+06
 2.48611E-01
 7.51389E-01
 2.00059E+06
 2.49304E-01
 7.50696E-01
 2.00059E+06
 2.49997E-01
 7.50003E-01
 2.00059E+06
 2.50689E-01
 7.49311E-01
 2.00059E+06
 2.51382E-01
 7.48618E-01
 2.00059E+06
 2.52073E-01
 7.47927E-01
 2.00059E+06
 2.52765E-01
 7.47235E-01
 2.00059E+06
 2.53455E-01
 7.46545E-01
 2.00059E+06
 2.54146E-01
 7.45854E-01
 2.00059E+06
 2.54836E-01
 7.45164E-01
 2.00059E+06
 2.55525E-01
 7.44475E-01
 2.00059E+06
 2.56214E-01
 7.43786E-01
 2.00059E+06
 2.56902E-01
 7.43098E-01
 2.00059E+06
 2.57590E-01
 7.42410E-01
 2.00059E+06
 2.58277E-01
 7.41723E-01
 2.00059E+06
 2.58964E-01
 7.41036E-01
 2.00059E+06
 2.59651E-01
 7.40349E-01
 2.00059E+06
 2.60337E-01
 7.39663E-01
 2.00059E+06
 2.61022E-01
 7.38978E-01
 2.00059E+06
 2.61707E-01
 7.38293E-01
 2.00059E+06
 2.62391E-01
 7.37609E-01
 2.00059E+06
 2.63075E-01
 7.36925E-01
 2.00059E+06
 2.63759E-01
 7.36241E-01
 2.00059E+06
 2.64442E-01
 7.35558E-01
 2.00059E+06
 2.65124E-01
 7.34876E-01
 2.00059E+06
 2.65806E-01
 7.34194E-01
 2.00059E+06
 2.66487E-01
 7.33513E-01
 2.00059E+06
 2.67168E-01
 7.32832E-01
 2.00059E+06
 2.67849E-01
 7.32151E-01
 2.00059E+06
 2.68529E-01
 7.31471E-01
 2.00059E+06
 2.69208E-01
 7.30792E-01
 2.00059E+06
 2.69887E-01
 7.30113E-01
 2.00059E+06
 2.70566E-01
 7.29434E-01
 2.00059E+06
 2.71244E-01
 7.28756E-01
 2.00059E+06
 2.71921E-01
 7.28079E-01
 2.00059E+06
 2.72598E-01
 7.27402E-01
 2.00059E+06
 2.73274E-01
 7.26726E-01
 2.00059E+06
 2.73949E-01
 7.26051E-01
 2.00059E+06
 2.74624E-01
 7.25376E-01
 2.00059E+06
 2.75298E-01
 7.24702E-01
 2.00059E+06
 2.75972E-01
 7.24028E-01
 2.00059E+06
 2.76645E-01
 7.23355E-01
 2.00059E+06
 2.77317E-01
 7.22683E-01
 2.00059E+06
 2.77988E-01
 7.22012E-01
 2.00059E+06
 2.78659E-01
 7.21341E-01
 2.00059E+06
 2.79329E-01
 7.20671E-01
 2.00059E+06
 2.79998E-01
 7.20002E-01
 2.00059E+06
 2.80667E-01
 7.19333E-01
 2.00059E+06
 2.81334E-01
 7.18666E-01
 2.00059E+06
 2.82001E-01
 7.17999E-01
 2.00059E+06
 2.82667E-01
 7.17333E-01
 2.00059E+06
 2.83333E-01
 7.16667E-01
 2.00059E+06
 2.83998E-01
 7.16002E-01
 2.00059E+06
 2.84662E-01
 7.15338E-01
 2.00059E+06
 2.85325E-01
 7.14675E-01
 2.00059E+06
 2.85987E-01
 7.14013E-01
 2.00059E+06
 2.86649E-01
 7.13351E-01
 2.00059E+06
 2.87310E-01
 7.12690E-01
 2.00059E+06
 2.87970E-01
 7.12030E-01
 2.00059E+06
 2.88630E-01
 7.11370E-01
 2.00059E+06
 2.89289E-01
 7.10711E-01
 2.00059E+06
 2.89946E-01
 7.10054E-01
 2.00059E+06
 2.90603E-01
 7.09397E-01
 2.00059E+06
 2.91259E-01
 7.08741E-01
 2.00059E+06
 2.91914E-01
 7.08086E-01
 2.00059E+06
 2.92569E-01
 7.07431E-01
 2.00059E+06
 2.93223E-01
 7.06777E-01
 2.00059E+06
 2.93875E-01
 7.06125E-01
 2.00059E+06
 2.94527E-01
 7.05473E-01
 2.00059E+06
 2.95178E-01
 7.04822E-01
 2.00059E+06
 2.95828E-01
 7.04172E-01
 2.00059E+06
 2.96477E-01
 7.03523E-01
 2.00059E+06
 2.97125E-01
 7.02875E-01
 2.00059E+06
 2.97773E-01
 7.02227E-01
 2.00059E+06
 2.98419E-01
 7.01581E-01
 2.00059E+06
 2.99065E-01
 7.00935E-01
 2.00059E+06
 2.99710E-01
 7.00290E-01
 2.00059E+06
 3.00354E-01
 6.99646E-01
 2.00059E+06
 3.00997E-01
 6.99003E-01
 2.00059E+06
 3.01639E-01
 6.98361E-01
 2.00059E+06
 3.02280E-01
 6.97720E-01
 2.00059E+06
 3.02921E-01
 6.97079E-01
 2.00059E+06
 3.03561E-01
 6.96439E-01
 2.00059E+06
 3.04199E-01
 6.95801E-01
 2.00059E+06
 3.04837E-01
 6.95163E-01
 2.00059E+06
 3.05474E-01
 6.94526E-01
 2.00059E+06
 3.06110E-01
 6.93890E-01
 2.00059E+06
 3.06745E-01
 6.93255E-01
 2.00059E+06
 3.07380E-01
 6.92620E-01
 2.00059E+06
 3.08014E-01
 6.91986E-01
 2.00059E+06
 3.08646E-01
 6.91354E-01
 2.00059E+06
 3.09278E-01
 6.90722E-01
 2.00059E+06
 3.09909E-01
 6.90091E-01
 2.00059E+06
 3.10539E-01
 6.89461E-01
 2.00059E+06
 3.11168E-01
 6.88832E-01
 2.00059E+06
 3.11796E-01
 6.88204E-01
 2.00059E+06
 3.12423E-01
 6.87577E-01
 2.00059E+06
 3.13049E-01
 6.86951E-01
 2.00059E+06
 3.13674E-01
 6.86326E-01
 2.00059E+06
 3.14299E-01
 6.85701E-01
 2.00059E+06
 3.14922E-01
 6.85078E-01
 2.00059E+06
 3.15544E-01
 6.84456E-01
 2.00059E+06
 3.16165E-01
 6.83835E-01
 2.00059E+06
 3.16785E-01
 6.83215E-01
 2.00059E+06
 3.17404E-01
 6.82596E-01
 2.00059E+06
 3.18022E-01
 6.81978E-01
 2.00059E+06
 3.18639E-01
 6.81361E-01
 2.00059E+06
 3.19255E-01
 6.80745E-01
 2.00059E+06
 3.19870E-01
 6.80130E-01
 2.00059E+06
 3.20483E-01
 6.79517E-01
 2.00059E+06
 3.21096E-01
 6.78904E-01
 2.00059E+06
 3.21707E-01
 6.78293E-01
 2.00059E+06
 3.22318E-01
 6.77682E-01
 2.00059E+06
 3.22927E-01
 6.77073E-01
 2.00059E+06
 3.23536E-01
 6.76464E-01
 2.00059E+06
 3.24143E-01
 6.75857E-01
 2.00059E+06
 3.24749E-01
 6.75251E-01
 2.00059E+06
 3.25355E-01
 6.74645E-01
 2.00059E+06
 3.25959E-01
 6.74041E-01
 2.00059E+06
 3.26563E-01
 6.73437E-01
 2.00059E+06
 3.27165E-01
 6.72835E-01
 2.00059E+06
 3.27766E-01
 6.72234E-01
 2.00059E+06
 3.28367E-01
 6.71633E-01
 2.00059E+06
 3.28966E-01
 6.71034E-01
 2.00059E+06
 3.29564E-01
 6.70436E-01
 2.00059E+06
 3.30161E-01
 6.69839E-01
 2.00059E+06
 3.30757E-01
 6.69243E-01
 2.00059E+06
 3.31352E-01
 6.68648E-01
 2.00059E+06
 3.31946E-01
 6.68054E-01
 2.00059E+06
 3.32539E-01
 6.67461E-01
 2.00059E+06
 3.33131E-01
 6.66869E-01
 2.00059E+06
 3.33721E-01
 6.66279E-01
 2.00059E+06
 3.34311E-01
 6.65689E-01
 2.00059E+06
 3.34899E-01
 6.65101E-01
 2.00059E+06
 3.35486E-01
 6.64514E-01
 2.00059E+06
 3.36072E-01
 6.63928E-01
 2.00059E+06
 3.36657E-01
 6.63343E-01
 2.00059E+06
 3.37241E-01
 6.62759E-01
 2.00059E+06
 3.37824E-01
 6.62176E-01
 2.00059E+06
 3.38405E-01
 6.61595E-01
 2.00059E+06
 3.38986E-01
 6.61014E-01
 2.00059E+06
 3.39565E-01
 6.60435E-01
 2.00059E+06
 3.40143E-01
 6.59857E-01
 2.00059E+06
 3.40720E-01
 6.59280E-01
 2.00059E+06
 3.41296E-01
 6.58704E-01
 2.00059E+06
 3.41871E-01
 6.58129E-01
 2.00059E+06
 3.42444E-01
 6.57556E-01
 2.00059E+06
 3.43017E-01
 6.56983E-01
 2.00059E+06
 3.43588E-01
 6.56412E-01
 2.00059E+06
 3.44159E-01
 6.55841E-01
 2.00059E+06
 3.44729E-01
 6.55271E-01
 2.00059E+06
 3.45297E-01
 6.54703E-01
 2.00059E+06
 3.45864E-01
 6.54136E-01
 2.00059E+06
 3.46431E-01
 6.53569E-01
 2.00059E+06
 3.46996E-01
 6.53004E-01
 2.00059E+06
 3.47560E-01
 6.52440E-01
 2.00059E+06
 3.48123E-01
 6.51877E-01
 2.00059E+06
 3.48685E-01
 6.51315E-01
 2.00059E+06
 3.49246E-01
 6.50754E-01
 2.00059E+06
 3.49806E-01
 6.50194E-01
 2.00059E+06
 3.50365E-01
 6.49635E-01
 2.00059E+06
 3.50923E-01
 6.49077E-01
 2.00059E+06
 3.51480E-01
 6.48520E-01
 2.00059E+06
 3.52036E-01
 6.47964E-01
 2.00059E+06
 3.52590E-01
 6.47410E-01
 2.00059E+06
 3.53143E-01
 6.46857E-01
 2.00059E+06
 3.53696E-01
 6.46304E-01
 2.00059E+06
 3.54247E-01
 6.45753E-01
 2.00059E+06
 3.54796E-01
 6.45204E-01
 2.00059E+06
 3.55345E-01
 6.44655E-01
 2.00059E+06
 3.55893E-01
 6.44107E-01
 2.00059E+06
 3.56439E-01
 6.43561E-01
 2.00059E+06
 3.56985E-01
 6.43015E-01
 2.00059E+06
 3.57529E-01
 6.42471E-01
 2.00059E+06
 3.58072E-01
 6.41928E-01
 2.00059E+06
 3.58614E-01
 6.41386E-01
 2.00059E+06
 3.59155E-01
 6.40845E-01
 2.00059E+06
 3.59695E-01
 6.40305E-01
 2.00059E+06
 3.60233E-01
 6.39767E-01
 2.00059E+06
 3.60771E-01
 6.39229E-01
 2.00059E+06
 3.61307E-01
 6.38693E-01
 2.00059E+06
 3.61842E-01
 6.38158E-01
 2.00059E+06
 3.62376E-01
 6.37624E-01
 2.00059E+06
 3.62909E-01
 6.37091E-01
 2.00059E+06
 3.63441E-01
 6.36559E-01
 2.00059E+06
 3.63972E-01
 6.36028E-01
 2.00059E+06
 3.64501E-01
 6.35499E-01
 2.00059E+06
 3.65029E-01
 6.34971E-01
 2.00059E+06
 3.65556E-01
 6.34444E-01
 2.00059E+06
 3.66083E-01
 6.33917E-01
 2.00059E+06
 3.66608E-01
 6.33392E-01
 2.00059E+06
 3.67132E-01
 6.32868E-01
 2.00059E+06
 3.67655E-01
 6.32345E-01
 2.00059E+06
 3.68177E-01
 6.31823E-01
 2.00059E+06
 3.68698E-01
 6.31302E-01
 2.00059E+06
 3.69218E-01
 6.30782E-01
 2.00059E+06
 3.69737E-01
 6.30263E-01
 2.00059E+06
 3.70255E-01
 6.29745E-01
 2.00059E+06
 3.70772E-01
 6.29228E-01
 2.00059E+06
 3.71287E-01
 6.28713E-01
 2.00059E+06
 3.71802E-01
 6.28198E-01
 2.00059E+06
 3.72315E-01
 6.27685E-01
 2.00059E+06
 3.72828E-01
 6.27172E-01
 2.00059E+06
 3.73339E-01
 6.26661E-01
 2.00059E+06
 3.73849E-01
 6.26151E-01
 2.00059E+06
 3.74358E-01
 6.25642E-01
 2.00059E+06
 3.74866E-01
 6.25134E-01
 2.00059E+06
 3.75373E-01
 6.24627E-01
 2.00059E+06
 3.75878E-01
 6.24122E-01
 2.00059E+06
 3.76382E-01
 6.23618E-01
 2.00059E+06
 3.76886E-01
 6.23114E-01
 2.00059E+06
 3.77388E-01
 6.22612E-01
 2.00059E+06
 3.77889E-01
 6.22111E-01
 2.00059E+06
 3.78388E-01
 6.21612E-01
 2.00059E+06
 3.78887E-01
 6.21113E-01
 2.00059E+06
 3.79385E-01
 6.20615E-01
 2.00059E+06
 3.79882E-01
 6.20118E-01
 2.00059E+06
 3.80378E-01
 6.19622E-01
 2.00059E+06
 3.80873E-01
 6.19127E-01
 2.00059E+06
 3.81366E-01
 6.18634E-01
 2.00059E+06
 3.81859E-01
 6.18141E-01
 2.00059E+06
 3.82351E-01
 6.17649E-01
 2.00059E+06
 3.82842E-01
 6.17158E-01
 2.00059E+06
 3.83331E-01
 6.16669E-01
 2.00059E+06
 3.83820E-01
 6.16180E-01
 2.00059E+06
 3.84308E-01
 6.15692E-01
 2.00059E+06
 3.84795E-01
 6.15205E-01
 2.00059E+06
 3.85280E-01
 6.14720E-01
 2.00059E+06
 3.85764E-01
 6.14236E-01
 2.00059E+06
 3.86248E-01
 6.13752E-01
 2.00059E+06
 3.86730E-01
 6.13270E-01
 2.00059E+06
 3.87211E-01
 6.12789E-01
 2.00059E+06
 3.87692E-01
 6.12308E-01
 2.00059E+06
 3.88171E-01
 6.11829E-01
 2.00059E+06
 3.88649E-01
 6.11351E-01
 2.00059E+06
 3.89126E-01
 6.10874E-01
 2.00059E+06
 3.89603E-01
 6.10397E-01
 2.00059E+06
 3.90078E-01
 6.09922E-01
 2.00059E+06
 3.90552E-01
 6.09448E-01
 2.00059E+06
 3.91025E-01
 6.08975E-01
 2.00059E+06
 3.91497E-01
 6.08503E-01
 2.00059E+06
 3.91969E-01
 6.08031E-01
 2.00059E+06
 3.92439E-01
 6.07561E-01
 2.00059E+06
 3.92907E-01
 6.07093E-01
 2.00059E+06
 3.93375E-01
 6.06625E-01
 2.00059E+06
 3.93842E-01
 6.06158E-01
 2.00059E+06
 3.94307E-01
 6.05693E-01
 2.00059E+06
 3.94772E-01
 6.05228E-01
 2.00059E+06
 3.95236E-01
 6.04764E-01
 2.00059E+06
 3.95699E-01
 6.04301E-01
 2.00059E+06
 3.96161E-01
 6.03839E-01
 2.00059E+06
 3.96622E-01
 6.03378E-01
 2.00059E+06
 3.97081E-01
 6.02919E-01
 2.00059E+06
 3.97540E-01
 6.02460E-01
 2.00059E+06
 3.97998E-01
 6.02002E-01
 2.00059E+06
 3.98455E-01
 6.01545E-01
 2.00059E+06
 3.98911E-01
 6.01089E-01
 2.00059E+06
 3.99367E-01
 6.00633E-01
 2.00059E+06
 3.99821E-01
 6.00179E-01
 2.00059E+06
 4.00274E-01
 5.99726E-01
 2.00059E+06
 4.00727E-01
 5.99273E-01
 2.00059E+06
 4.01178E-01
 5.98822E-01
 2.00059E+06
 4.01629E-01
 5.98371E-01
 2.00059E+06
 4.02078E-01
 5.97922E-01
 2.00059E+06
 4.02527E-01
 5.97473E-01
 2.00059E+06
 4.02974E-01
 5.97026E-01
 2.00059E+06
 4.03420E-01
 5.96580E-01
 2.00059E+06
 4.03866E-01
 5.96134E-01
 2.00059E+06
 4.04310E-01
 5.95690E-01
 2.00059E+06
 4.04754E-01
 5.95246E-01
 2.00059E+06
 4.05196E-01
 5.94804E-01
 2.00059E+06
 4.05638E-01
 5.94362E-01
 2.00059E+06
 4.06078E-01
 5.93922E-01
 2.00059E+06
 4.06518E-01
 5.93482E-01
 2.00059E+06
 4.06957E-01
 5.93043E-01
 2.00059E+06
 4.07395E-01
 5.92605E-01
 2.00059E+06
 4.07832E-01
 5.92168E-01
 2.00059E+06
 4.08268E-01
 5.91732E-01
 2.00059E+06
 4.08703E-01
 5.91297E-01
 2.00059E+06
 4.09137E-01
 5.90863E-01
 2.00059E+06
 4.09571E-01
 5.90429E-01
 2.00059E+06
 4.10003E-01
 5.89997E-01
 2.00059E+06
 4.10435E-01
 5.89565E-01
 2.00059E+06
 4.10865E-01
 5.89135E-01
 2.00059E+06
 4.11295E-01
 5.88705E-01
 2.00059E+06
 4.11724E-01
 5.88276E-01
 2.00059E+06
 4.12152E-01
 5.87848E-01
 2.00059E+06
 4.12579E-01
 5.87421E-01
 2.00059E+06
 4.13005E-01
 5.86995E-01
 2.00059E+06
 4.13430E-01
 5.86570E-01
 2.00059E+06
 4.13855E-01
 5.86145E-01
 2.00059E+06
 4.14278E-01
 5.85722E-01
 2.00059E+06
 4.14700E-01
 5.85300E-01
 2.00059E+06
 4.15122E-01
 5.84878E-01
 2.00059E+06
 4.15542E-01
 5.84458E-01
 2.00059E+06
 4.15962E-01
 5.84038E-01
 2.00059E+06
 4.16381E-01
 5.83619E-01
 2.00059E+06
 4.16799E-01
 5.83201E-01
 2.00059E+06
 4.17215E-01
 5.82785E-01
 2.00059E+06
 4.17632E-01
 5.82368E-01
 2.00059E+06
 4.18047E-01
 5.81953E-01
 2.00059E+06
 4.18462E-01
 5.81538E-01
 2.00059E+06
 4.18875E-01
 5.81125E-01
 2.00059E+06
 4.19288E-01
 5.80712E-01
 2.00059E+06
 4.19700E-01
 5.80300E-01
 2.00059E+06
 4.20112E-01
 5.79888E-01
 2.00059E+06
 4.20522E-01
 5.79478E-01
 2.00059E+06
 4.20932E-01
 5.79068E-01
 2.00059E+06
 4.21341E-01
 5.78659E-01
 2.00059E+06
 4.21749E-01
 5.78251E-01
 2.00059E+06
 4.22157E-01
 5.77843E-01
 2.00059E+06
 4.22563E-01
 5.77437E-01
 2.00059E+06
 4.22969E-01
 5.77031E-01
 2.00059E+06
 4.23374E-01
 5.76626E-01
 2.00059E+06
 4.23778E-01
 5.76222E-01
 2.00059E+06
 4.24182E-01
 5.75818E-01
 2.00059E+06
 4.24584E-01
 5.75416E-01
 2.00059E+06
 4.24986E-01
 5.75014E-01
 2.00059E+06
 4.25388E-01
 5.74612E-01
 2.00059E+06
 4.25788E-01
 5.74212E-01
 2.00059E+06
 4.26188E-01
 5.73812E-01
 2.00059E+06
 4.26587E-01
 5.73413E-01
 2.00059E+06
 4.26985E-01
 5.73015E-01
 2.00059E+06
 4.27382E-01
 5.72618E-01
 2.00060E+06
 4.27779E-01
 5.72221E-01
 2.00060E+06
 4.28175E-01
 5.71825E-01
 2.00060E+06
 4.28570E-01
 5.71430E-01
 2.00060E+06
 4.28964E-01
 5.71036E-01
 2.00060E+06
 4.29358E-01
 5.70642E-01
 2.00060E+06
 4.29751E-01
 5.70249E-01
 2.00060E+06
 4.30143E-01
 5.69857E-01
 2.00060E+06
 4.30534E-01
 5.69466E-01
 2.00060E+06
 4.30924E-01
 5.69076E-01
 2.00060E+06
 4.31314E-01
 5.68686E-01
 2.00060E+06
 4.31702E-01
 5.68298E-01
 2.00060E+06
 4.32090E-01
 5.67910E-01
 2.00060E+06
 4.32478E-01
 5.67522E-01
 2.00060E+06
 4.32864E-01
 5.67136E-01
 2.00060E+06
 4.33250E-01
 5.66750E-01
 2.00060E+06
 4.33635E-01
 5.66365E-01
 2.00060E+06
 4.34019E-01
 5.65981E-01
 2.00060E+06
 4.34403E-01
 5.65597E-01
 2.00060E+06
 4.34785E-01
 5.65215E-01
 2.00060E+06
 4.35167E-01
 5.64833E-01
 2.00060E+06
 4.35548E-01
 5.64452E-01
 2.00060E+06
 4.35929E-01
 5.64071E-01
 2.00060E+06
 4.36308E-01
 5.63692E-01
 2.00060E+06
 4.36687E-01
 5.63313E-01
 2.00060E+06
 4.37066E-01
 5.62934E-01
 2.00060E+06
 4.37443E-01
 5.62557E-01
 2.00060E+06
 4.37820E-01
 5.62180E-01
 2.00060E+06
 4.38196E-01
 5.61804E-01
 2.00060E+06
 4.38571E-01
 5.61429E-01
 2.00060E+06
 4.38946E-01
 5.61054E-01
 2.00060E+06
 4.39320E-01
 5.60680E-01
 2.00060E+06
 4.39693E-01
 5.60307E-01
 2.00060E+06
 4.40066E-01
 5.59934E-01
 2.00060E+06
 4.40438E-01
 5.59562E-01
 2.00060E+06
 4.40810E-01
 5.59190E-01
 2.00060E+06
 4.41180E-01
 5.58820E-01
 2.00060E+06
 4.41550E-01
 5.58450E-01
 2.00060E+06
 4.41920E-01
 5.58080E-01
 2.00060E+06
 4.42288E-01
 5.57712E-01
 2.00060E+06
 4.42656E-01
 5.57344E-01
 2.00060E+06
 4.43024E-01
 5.56976E-01
 2.00060E+06
 4.43390E-01
 5.56610E-01
 2.00060E+06
 4.43756E-01
 5.56244E-01
 2.00060E+06
 4.44122E-01
 5.55878E-01
 2.00060E+06
 4.44486E-01
 5.55514E-01
 2.00060E+06
 4.44850E-01
 5.55150E-01
 2.00060E+06
 4.45213E-01
 5.54787E-01
 2.00060E+06
 4.45576E-01
 5.54424E-01
 2.00060E+06
 4.45937E-01
 5.54063E-01
 2.00060E+06
 4.46298E-01
 5.53702E-01
 2.00060E+06
 4.46659E-01
 5.53341E-01
 2.00060E+06
 4.47019E-01
 5.52981E-01
 2.00060E+06
 4.47378E-01
 5.52622E-01
 2.00060E+06
 4.47737E-01
 5.52263E-01
 2.00060E+06
 4.48095E-01
 5.51905E-01
 2.00060E+06
 4.48452E-01
 5.51548E-01
 2.00060E+06
 4.48809E-01
 5.51191E-01
 2.00060E+06
 4.49165E-01
 5.50835E-01
 2.00060E+06
 4.49520E-01
 5.50480E-01
 2.00060E+06
 4.49875E-01
 5.50125E-01
 2.00060E+06
 4.50229E-01
 5.49771E-01
 2.00060E+06
 4.50583E-01
 5.49417E-01
 2.00060E+06
 4.50936E-01
 5.49064E-01
 2.00060E+06
 4.51288E-01
 5.48712E-01
 2.00060E+06
 4.51640E-01
 5.48360E-01
 2.00060E+06
 4.51991E-01
 5.48009E-01
 2.00060E+06
 4.52342E-01
 5.47658E-01
 2.00060E+06
 4.52692E-01
 5.47308E-01
 2.00060E+06
 4.53041E-01
 5.46959E-01
 2.00060E+06
 4.53390E-01
 5.46610E-01
 2.00060E+06
 4.53739E-01
 5.46261E-01
 2.00060E+06
 4.54086E-01
 5.45914E-01
 2.00060E+06
 4.54433E-01
 5.45567E-01
 2.00060E+06
 4.54779E-01
 5.45221E-01
 2.00060E+06
 4.55125E-01
 5.44875E-01
 2.00060E+06
 4.55470E-01
 5.44530E-01
 2.00060E+06
 4.55815E-01
 5.44185E-01
 2.00060E+06
 4.56159E-01
 5.43841E-01
 2.00060E+06
 4.56502E-01
 5.43498E-01
 2.00060E+06
 4.56845E-01
 5.43155E-01
 2.00060E+06
 4.57187E-01
 5.42813E-01
 2.00060E+06
 4.57529E-01
 5.42471E-01
 2.00060E+06
 4.57870E-01
 5.42130E-01
 2.00060E+06
 4.58210E-01
 5.41790E-01
 2.00060E+06
 4.58550E-01
 5.41450E-01
 2.00060E+06
 4.58890E-01
 5.41110E-01
 2.00060E+06
 4.59228E-01
 5.40772E-01
 2.00060E+06
 4.59567E-01
 5.40433E-01
 2.00060E+06
 4.59904E-01
 5.40096E-01
 2.00060E+06
 4.60242E-01
 5.39758E-01
 2.00060E+06
 4.60578E-01
 5.39422E-01
 2.00060E+06
 4.60915E-01
 5.39085E-01
 2.00060E+06
 4.61250E-01
 5.38750E-01
 2.00060E+06
 4.61586E-01
 5.38414E-01
 2.00060E+06
 4.61920E-01
 5.38080E-01
 2.00060E+06
 4.62255E-01
 5.37745E-01
 2.00060E+06
 4.62588E-01
 5.37412E-01
 2.00060E+06
 4.62921E-01
 5.37079E-01
 2.00060E+06
 4.63254E-01
 5.36746E-01
 2.00060E+06
 4.63586E-01
 5.36414E-01
 2.00060E+06
 4.63917E-01
 5.36083E-01
 2.00060E+06
 4.64248E-01
 5.35752E-01
 2.00060E+06
 4.64579E-01
 5.35421E-01
 2.00060E+06
 4.64909E-01
 5.35091E-01
 2.00060E+06
 4.65239E-01
 5.34761E-01
 2.00060E+06
 4.65568E-01
 5.34432E-01
 2.00060E+06
 4.65896E-01
 5.34104E-01
 2.00060E+06
 4.66224E-01
 5.33776E-01
 2.00060E+06
 4.66552E-01
 5.33448E-01
 2.00060E+06
 4.66879E-01
 5.33121E-01
 2.00060E+06
 4.67205E-01
 5.32795E-01
 2.00060E+06
 4.67531E-01
 5.32469E-01
 2.00060E+06
 4.67857E-01
 5.32143E-01
 2.00060E+06
 4.68182E-01
 5.31818E-01
 2.00060E+06
 4.68506E-01
 5.31494E-01
 2.00060E+06
 4.68830E-01
 5.31170E-01
 2.00060E+06
 4.69153E-01
 5.30847E-01
 2.00060E+06
 4.69476E-01
 5.30524E-01
 2.00060E+06
 4.69798E-01
 5.30202E-01
 2.00060E+06
 4.70120E-01
 5.29880E-01
 2.00060E+06
 4.70441E-01
 5.29559E-01
 2.00060E+06
 4.70762E-01
 5.29238E-01
 2.00060E+06
 4.71082E-01
 5.28918E-01
 2.00060E+06
 4.71402E-01
 5.28598E-01
 2.00060E+06
 4.71721E-01
 5.28279E-01
 2.00060E+06
 4.72040E-01
 5.27960E-01
 2.00060E+06
 4.72358E-01
 5.27642E-01
 2.00060E+06
 4.72676E-01
 5.27324E-01
 2.00060E+06
 4.72993E-01
 5.27007E-01
 2.00060E+06
 4.73311E-01
 5.26689E-01
 2.00060E+06
 4.73627E-01
 5.26373E-01
 2.00060E+06
 4.73943E-01
 5.26057E-01
 2.00060E+06
 4.74259E-01
 5.25741E-01
 2.00060E+06
 4.74574E-01
 5.25426E-01
 2.00060E+06
 4.74889E-01
 5.25111E-01
 2.00060E+06
 4.75203E-01
 5.24797E-01
 2.00060E+06
 4.75517E-01
 5.24483E-01
 2.00060E+06
 4.75830E-01
 5.24170E-01
 2.00060E+06
 4.76143E-01
 5.23857E-01
 2.00060E+06
 4.76455E-01
 5.23545E-01
 2.00060E+06
 4.76767E-01
 5.23233E-01
 2.00060E+06
 4.77079E-01
 5.22921E-01
 2.00060E+06
 4.77390E-01
 5.22610E-01
 2.00060E+06
 4.77700E-01
 5.22300E-01
 2.00060E+06
 4.78011E-01
 5.21989E-01
 2.00060E+06
 4.78321E-01
 5.21679E-01
 2.00060E+06
 4.78630E-01
 5.21370E-01
 2.00060E+06
 4.78939E-01
 5.21061E-01
 2.00060E+06
 4.79248E-01
 5.20752E-01
 2.00060E+06
 4.79556E-01
 5.20444E-01
 2.00060E+06
 4.79863E-01
 5.20137E-01
 2.00060E+06
 4.80170E-01
 5.19830E-01
 2.00060E+06
 4.80477E-01
 5.19523E-01
 2.00060E+06
 4.80783E-01
 5.19217E-01
 2.00060E+06
 4.81089E-01
 5.18911E-01
 2.00060E+06
 4.81394E-01
 5.18606E-01
 2.00060E+06
 4.81699E-01
 5.18301E-01
 2.00060E+06
 4.82003E-01
 5.17997E-01
 2.00060E+06
 4.82307E-01
 5.17693E-01
 2.00060E+06
 4.82610E-01
 5.17390E-01
 2.00060E+06
 4.82913E-01
 5.17087E-01
 2.00060E+06
 4.83216E-01
 5.16784E-01
 2.00060E+06
 4.83518E-01
 5.16482E-01
 2.00060E+06
 4.83819E-01
 5.16181E-01
 2.00060E+06
 4.84120E-01
 5.15880E-01
 2.00060E+06
 4.84421E-01
 5.15579E-01
 2.00060E+06
 4.84721E-01
 5.15279E-01
 2.00060E+06
 4.85021E-01
 5.14979E-01
 2.00060E+06
 4.85321E-01
 5.14679E-01
 2.00060E+06
 4.85620E-01
 5.14380E-01
 2.00060E+06
 4.85918E-01
 5.14082E-01
 2.00060E+06
 4.86217E-01
 5.13783E-01
 2.00060E+06
 4.86514E-01
 5.13486E-01
 2.00060E+06
 4.86812E-01
 5.13188E-01
 2.00060E+06
 4.87109E-01
 5.12891E-01
 2.00060E+06
 4.87405E-01
 5.12595E-01
 2.00060E+06
 4.87702E-01
 5.12298E-01
 2.00060E+06
 4.87998E-01
 5.12002E-01
 2.00060E+06
 4.88293E-01
 5.11707E-01
 2.00060E+06
 4.88588E-01
 5.11412E-01
 2.00060E+06
 4.88882E-01
 5.11118E-01
 2.00060E+06
 4.89176E-01
 5.10824E-01
 2.00060E+06
 4.89470E-01
 5.10530E-01
 2.00060E+06
 4.89764E-01
 5.10236E-01
 2.00060E+06
 4.90057E-01
 5.09943E-01
 2.00060E+06
 4.90349E-01
 5.09651E-01
 2.00060E+06
 4.90641E-01
 5.09359E-01
 2.00060E+06
 4.90933E-01
 5.09067E-01
 2.00060E+06
 4.91224E-01
 5.08776E-01
 2.00060E+06
 4.91516E-01
 5.08484E-01
 2.00060E+06
 4.91806E-01
 5.08194E-01
 2.00060E+06
 4.92096E-01
 5.07904E-01
 2.00060E+06
 4.92386E-01
 5.07614E-01
 2.00060E+06
 4.92675E-01
 5.07325E-01
 2.00060E+06
 4.92964E-01
 5.07036E-01
 2.00060E+06
 4.93253E-01
 5.06747E-01
 2.00060E+06
 4.93541E-01
 5.06459E-01
 2.00060E+06
 4.93829E-01
 5.06171E-01
 2.00060E+06
 4.94116E-01
 5.05884E-01
 2.00060E+06
 4.94404E-01
 5.05596E-01
 2.00060E+06
 4.94690E-01
 5.05310E-01
 2.00060E+06
 4.94977E-01
 5.05023E-01
 2.00060E+06
 4.95263E-01
 5.04737E-01
 2.00060E+06
 4.95549E-01
 5.04451E-01
 2.00060E+06
 4.95834E-01
 5.04166E-01
 2.00060E+06
 4.96119E-01
 5.03881E-01
 2.00060E+06
 4.96404E-01
 5.03596E-01
 2.00060E+06
 4.96688E-01
 5.03312E-01
 2.00060E+06
 4.96971E-01
 5.03029E-01
 2.00060E+06
 4.97255E-01
 5.02745E-01
 2.00060E+06
 4.97538E-01
 5.02462E-01
 2.00060E+06
 4.97820E-01
 5.02180E-01
 2.00060E+06
 4.98102E-01
 5.01898E-01
 2.00060E+06
 4.98384E-01
 5.01616E-01
 2.00060E+06
 4.98666E-01
 5.01334E-01
 2.00060E+06
 4.98947E-01
 5.01053E-01
 2.00060E+06
 4.99227E-01
 5.00773E-01
 2.00060E+06
 4.99508E-01
 5.00492E-01
 2.00060E+06
 4.99787E-01
 5.00213E-01
 2.00060E+06
 5.00067E-01
 4.99933E-01
 2.00060E+06
 5.00346E-01
 4.99654E-01
 2.00060E+06
 5.00625E-01
 4.99375E-01
 2.00060E+06
 5.00904E-01
 4.99096E-01
 2.00060E+06
 5.01182E-01
 4.98818E-01
 2.00060E+06
 5.01460E-01
 4.98540E-01
 2.00060E+06
 5.01737E-01
 4.98263E-01
 2.00060E+06
 5.02014E-01
 4.97986E-01
 2.00060E+06
 5.02291E-01
 4.97709E-01
 2.00060E+06
 5.02568E-01
 4.97432E-01
 2.00060E+06
 5.02844E-01
 4.97156E-01
 2.00060E+06
 5.03120E-01
 4.96880E-01
 2.00060E+06
 5.03395E-01
 4.96605E-01
 2.00060E+06
 5.03670E-01
 4.96330E-01
 2.00060E+06
 5.03945E-01
 4.96055E-01
 2.00060E+06
 5.04219E-01
 4.95781E-01
 2.00060E+06
 5.04494E-01
 4.95506E-01
 2.00060E+06
 5.04767E-01
 4.95233E-01
 2.00060E+06
 5.05041E-01
 4.94959E-01
 2.00060E+06
 5.05314E-01
 4.94686E-01
 2.00060E+06
 5.05587E-01
 4.94413E-01
 2.00060E+06
 5.05860E-01
 4.94140E-01
 2.00060E+06
 5.06132E-01
 4.93868E-01
 2.00060E+06
 5.06404E-01
 4.93596E-01
 2.00060E+06
 5.06675E-01
 4.93325E-01
 2.00060E+06
 5.06946E-01
 4.93054E-01
 2.00060E+06
 5.07217E-01
 4.92783E-01
 2.00060E+06
 5.07487E-01
 4.92513E-01
 2.00060E+06
 5.07758E-01
 4.92242E-01
 2.00060E+06
 5.08027E-01
 4.91973E-01
 2.00060E+06
 5.08297E-01
 4.91703E-01
 2.00060E+06
 5.08566E-01
 4.91434E-01
 2.00060E+06
 5.08835E-01
 4.91165E-01
 2.00060E+06
 5.09103E-01
 4.90897E-01
 2.00060E+06
 5.09371E-01
 4.90629E-01
 2.00060E+06
 5.09639E-01
 4.90361E-01
 2.00060E+06
 5.09907E-01
 4.90093E-01
 2.00060E+06
 5.10174E-01
 4.89826E-01
 2.00060E+06
 5.10442E-01
 4.89558E-01
 2.00060E+06
 5.10708E-01
 4.89292E-01
 2.00060E+06
 5.10975E-01
 4.89025E-01
 2.00060E+06
 5.11241E-01
 4.88759E-01
 2.00060E+06
 5.11506E-01
 4.88494E-01
 2.00060E+06
 5.11772E-01
 4.88228E-01
 2.00060E+06
 5.12037E-01
 4.87963E-01
 2.00060E+06
 5.12301E-01
 4.87699E-01
 2.00060E+06
 5.12566E-01
 4.87434E-01
 2.00060E+06
 5.12830E-01
 4.87170E-01
 2.00060E+06
 5.13094E-01
 4.86906E-01
 2.00060E+06
 5.13357E-01
 4.86643E-01
 2.00060E+06
 5.13620E-01
 4.86380E-01
 2.00060E+06
 5.13883E-01
 4.86117E-01
 2.00060E+06
 5.14146E-01
 4.85854E-01
 2.00060E+06
 5.14408E-01
 4.85592E-01
 2.00060E+06
 5.14670E-01
 4.85330E-01
 2.00060E+06
 5.14931E-01
 4.85069E-01
 2.00060E+06
 5.15193E-01
 4.84807E-01
 2.00060E+06
 5.15453E-01
 4.84547E-01
 2.00060E+06
 5.15714E-01
 4.84286E-01
 2.00060E+06
 5.15974E-01
 4.84026E-01
 2.00060E+06
 5.16234E-01
 4.83766E-01
 2.00060E+06
 5.16494E-01
 4.83506E-01
 2.00060E+06
 5.16753E-01
 4.83247E-01
 2.00060E+06
 5.17012E-01
 4.82988E-01
 2.00060E+06
 5.17271E-01
 4.82729E-01
 2.00060E+06
 5.17529E-01
 4.82471E-01
 2.00060E+06
 5.17788E-01
 4.82212E-01
 2.00060E+06
 5.18045E-01
 4.81955E-01
 2.00060E+06
 5.18303E-01
 4.81697E-01
 2.00060E+06
 5.18560E-01
 4.81440E-01
 2.00060E+06
 5.18817E-01
 4.81183E-01
 2.00060E+06
 5.19074E-01
 4.80926E-01
 2.00060E+06
 5.19331E-01
 4.80669E-01
 2.00060E+06
 5.19587E-01
 4.80413E-01
 2.00060E+06
 5.19843E-01
 4.80157E-01
 2.00060E+06
 5.20099E-01
 4.79901E-01
 2.00060E+06
 5.20354E-01
 4.79646E-01
 2.00060E+06
 5.20609E-01
 4.79391E-01
 2.00060E+06
 5.20864E-01
 4.79136E-01
 2.00060E+06
 5.21119E-01
 4.78881E-01
 2.00060E+06
 5.21373E-01
 4.78627E-01
 2.00060E+06
 5.21627E-01
 4.78373E-01
 2.00060E+06
 5.21881E-01
 4.78119E-01
 2.00060E+06
 5.22134E-01
 4.77866E-01
 2.00060E+06
 5.22387E-01
 4.77613E-01
 2.00060E+06
 5.22640E-01
 4.77360E-01
 2.00060E+06
 5.22892E-01
 4.77108E-01
 2.00060E+06
 5.23145E-01
 4.76855E-01
 2.00060E+06
 5.23397E-01
 4.76603E-01
 2.00060E+06
 5.23648E-01
 4.76352E-01
 2.00060E+06
 5.23900E-01
 4.76100E-01
 2.00060E+06
 5.24151E-01
 4.75849E-01
 2.00060E+06
 5.24402E-01
 4.75598E-01
 2.00060E+06
 5.24652E-01
 4.75348E-01
 2.00060E+06
 5.24903E-01
 4.75097E-01
 2.00060E+06
 5.25153E-01
 4.74847E-01
 2.00060E+06
 5.25402E-01
 4.74598E-01
 2.00060E+06
 5.25652E-01
 4.74348E-01
 2.00060E+06
 5.25901E-01
 4.74099E-01
 2.00060E+06
 5.26150E-01
 4.73850E-01
 2.00060E+06
 5.26398E-01
 4.73602E-01
 2.00060E+06
 5.26647E-01
 4.73353E-01
 2.00060E+06
 5.26895E-01
 4.73105E-01
 2.00060E+06
 5.27142E-01
 4.72858E-01
 2.00060E+06
 5.27390E-01
 4.72610E-01
 2.00060E+06
 5.27637E-01
 4.72363E-01
 2.00060E+06
 5.27884E-01
 4.72116E-01
 2.00060E+06
 5.28130E-01
 4.71870E-01
 2.00060E+06
 5.28377E-01
 4.71623E-01
 2.00060E+06
 5.28623E-01
 4.71377E-01
 2.00060E+06
 5.28869E-01
 4.71131E-01
 2.00060E+06
 5.29114E-01
 4.70886E-01
 2.00060E+06
 5.29360E-01
 4.70640E-01
 2.00060E+06
 5.29605E-01
 4.70395E-01
 2.00060E+06
 5.29849E-01
 4.70151E-01
