 2.00046E+06
 0.00000E+00
 1.00000E+00
 2.00045E+06
 0.00000E+00
 1.00000E+00
 2.00049E+06
 0.00000E+00
 1.00000E+00
 2.00052E+06
 0.00000E+00
 1.00000E+00
 2.00054E+06
 0.00000E+00
 1.00000E+00
 2.00056E+06
 0.00000E+00
 1.00000E+00
 2.00057E+06
 0.00000E+00
 1.00000E+00
 2.00057E+06
 0.00000E+00
 1.00000E+00
 2.00057E+06
 0.00000E+00
 1.00000E+00
 2.00058E+06
 0.00000E+00
 1.00000E+00
 2.00058E+06
 0.00000E+00
 1.00000E+00
 2.00058E+06
 0.00000E+00
 1.00000E+00
 2.00058E+06
 0.00000E+00
 1.00000E+00
 2.00058E+06
 0.00000E+00
 1.00000E+00
 2.00058E+06
 0.00000E+00
 1.00000E+00
 2.00058E+06
 0.00000E+00
 1.00000E+00
 2.00058E+06
 0.00000E+00
 1.00000E+00
 2.00058E+06
 0.00000E+00
 1.00000E+00
 2.00058E+06
 0.00000E+00
 1.00000E+00
 2.00058E+06
 0.00000E+00
 1.00000E+00
 2.00058E+06
 0.00000E+00
 1.00000E+00
 2.00058E+06
 0.00000E+00
 1.00000E+00
 2.00058E+06
 0.00000E+00
 1.00000E+00
 2.00058E+06
 0.00000E+00
 1.00000E+00
 2.00058E+06
 0.00000E+00
 1.00000E+00
 2.00058E+06
 0.00000E+00
 1.00000E+00
 2.00058E+06
 0.00000E+00
 1.00000E+00
 2.00058E+06
 0.00000E+00
 1.00000E+00
 2.00058E+06
 0.00000E+00
 1.00000E+00
 2.00058E+06
 0.00000E+00
 1.00000E+00
 2.00058E+06
 0.00000E+00
 1.00000E+00
 2.00058E+06
 0.00000E+00
 1.00000E+00
 2.00058E+06
 0.00000E+00
 1.00000E+00
 2.00058E+06
 0.00000E+00
 1.00000E+00
 2.00058E+06
 0.00000E+00
 1.00000E+00
 2.00058E+06
 0.00000E+00
 1.00000E+00
 2.00058E+06
 0.00000E+00
 1.00000E+00
 2.00058E+06
 0.00000E+00
 1.00000E+00
 2.00058E+06
 0.00000E+00
 1.00000E+00
 2.00058E+06
 0.00000E+00
 1.00000E+00
 2.00058E+06
 1.33482E-47
 1.00000E+00
 2.00058E+06
 4.94278E-46
 1.00000E+00
 2.00058E+06
 9.36106E-45
 1.00000E+00
 2.00058E+06
 1.20863E-43
 1.00000E+00
 2.00058E+06
 1.19642E-42
 1.00000E+00
 2.00058E+06
 9.68238E-42
 1.00000E+00
 2.00058E+06
 6.67068E-41
 1.00000E+00
 2.00058E+06
 4.02284E-40
 1.00000E+00
 2.00058E+06
 2.16708E-39
 1.00000E+00
 2.00058E+06
 1.05899E-38
 1.00000E+00
 2.00058E+06
 4.75147E-38
 1.00000E+00
 2.00058E+06
 1.97655E-37
 1.00000E+00
 2.00058E+06
 7.68408E-37
 1.00000E+00
 2.00058E+06
 2.81041E-36
 1.00000E+00
 2.00058E+06
 9.72486E-36
 1.00000E+00
 2.00058E+06
 3.19906E-35
 1.00000E+00
 2.00058E+06
 1.00459E-34
 1.00000E+00
 2.00058E+06
 3.02248E-34
 1.00000E+00
 2.00058E+06
 8.74023E-34
 1.00000E+00
 2.00058E+06
 2.43608E-33
 1.00000E+00
 2.00058E+06
 6.56083E-33
 1.00000E+00
 2.00058E+06
 1.71118E-32
 1.00000E+00
 2.00058E+06
 4.33094E-32
 1.00000E+00
 2.00058E+06
 1.06562E-31
 1.00000E+00
 2.00058E+06
 2.55317E-31
 1.00000E+00
 2.00058E+06
 5.96573E-31
 1.00000E+00
 2.00058E+06
 1.36129E-30
 1.00000E+00
 2.00058E+06
 3.03729E-30
 1.00000E+00
 2.00058E+06
 6.63394E-30
 1.00000E+00
 2.00058E+06
 1.41994E-29
 1.00000E+00
 2.00058E+06
 2.98134E-29
 1.00000E+00
 2.00058E+06
 6.14594E-29
 1.00000E+00
 2.00058E+06
 1.24500E-28
 1.00000E+00
 2.00058E+06
 2.48023E-28
 1.00000E+00
 2.00058E+06
 4.86272E-28
 1.00000E+00
 2.00058E+06
 9.38916E-28
 1.00000E+00
 2.00058E+06
 1.78654E-27
 1.00000E+00
 2.00058E+06
 3.35193E-27
 1.00000E+00
 2.00058E+06
 6.20469E-27
 1.00000E+00
 2.00058E+06
 1.13375E-26
 1.00000E+00
 2.00058E+06
 2.04598E-26
 1.00000E+00
 2.00058E+06
 3.64817E-26
 1.00000E+00
 2.00058E+06
 6.43031E-26
 1.00000E+00
 2.00058E+06
 1.12086E-25
 1.00000E+00
 2.00058E+06
 1.93290E-25
 1.00000E+00
 2.00058E+06
 3.29885E-25
 1.00000E+00
 2.00058E+06
 5.57401E-25
 1.00000E+00
 2.00058E+06
 9.32760E-25
 1.00000E+00
 2.00058E+06
 1.54635E-24
 1.00000E+00
 2.00058E+06
 2.54046E-24
 1.00000E+00
 2.00058E+06
 4.13724E-24
 1.00000E+00
 2.00058E+06
 6.68069E-24
 1.00000E+00
 2.00058E+06
 1.06993E-23
 1.00000E+00
 2.00058E+06
 1.69992E-23
 1.00000E+00
 2.00058E+06
 2.68001E-23
 1.00000E+00
 2.00058E+06
 4.19354E-23
 1.00000E+00
 2.00058E+06
 6.51415E-23
 1.00000E+00
 2.00058E+06
 1.00475E-22
 1.00000E+00
 2.00058E+06
 1.53909E-22
 1.00000E+00
 2.00058E+06
 2.34187E-22
 1.00000E+00
 2.00058E+06
 3.54024E-22
 1.00000E+00
 2.00058E+06
 5.31803E-22
 1.00000E+00
 2.00058E+06
 7.93944E-22
 1.00000E+00
 2.00058E+06
 1.17820E-21
 1.00000E+00
 2.00058E+06
 1.73823E-21
 1.00000E+00
 2.00058E+06
 2.54989E-21
 1.00000E+00
 2.00058E+06
 3.71980E-21
 1.00000E+00
 2.00058E+06
 5.39716E-21
 1.00000E+00
 2.00058E+06
 7.78960E-21
 1.00000E+00
 2.00058E+06
 1.11847E-20
 1.00000E+00
 2.00058E+06
 1.59790E-20
 1.00000E+00
 2.00058E+06
 2.27164E-20
 1.00000E+00
 2.00058E+06
 3.21400E-20
 1.00000E+00
 2.00058E+06
 4.52602E-20
 1.00000E+00
 2.00058E+06
 6.34452E-20
 1.00000E+00
 2.00058E+06
 8.85394E-20
 1.00000E+00
 2.00058E+06
 1.23020E-19
 1.00000E+00
 2.00058E+06
 1.70198E-19
 1.00000E+00
 2.00058E+06
 2.34485E-19
 1.00000E+00
 2.00058E+06
 3.21736E-19
 1.00000E+00
 2.00058E+06
 4.39687E-19
 1.00000E+00
 2.00058E+06
 5.98528E-19
 1.00000E+00
 2.00058E+06
 8.11630E-19
 1.00000E+00
 2.00058E+06
 1.09648E-18
 1.00000E+00
 2.00058E+06
 1.47585E-18
 1.00000E+00
 2.00058E+06
 1.97933E-18
 1.00000E+00
 2.00058E+06
 2.64520E-18
 1.00000E+00
 2.00058E+06
 3.52286E-18
 1.00000E+00
 2.00058E+06
 4.67582E-18
 1.00000E+00
 2.00058E+06
 6.18550E-18
 1.00000E+00
 2.00058E+06
 8.15594E-18
 1.00000E+00
 2.00058E+06
 1.07197E-17
 1.00000E+00
 2.00058E+06
 1.40452E-17
 1.00000E+00
 2.00058E+06
 1.83458E-17
 1.00000E+00
 2.00058E+06
 2.38908E-17
 1.00000E+00
 2.00058E+06
 3.10196E-17
 1.00000E+00
 2.00058E+06
 4.01584E-17
 1.00000E+00
 2.00058E+06
 5.18412E-17
 1.00000E+00
 2.00058E+06
 6.67350E-17
 1.00000E+00
 2.00058E+06
 8.56712E-17
 1.00000E+00
 2.00058E+06
 1.09683E-16
 1.00000E+00
 2.00058E+06
 1.40051E-16
 1.00000E+00
 2.00058E+06
 1.78361E-16
 1.00000E+00
 2.00058E+06
 2.26567E-16
 1.00000E+00
 2.00058E+06
 2.87075E-16
 1.00000E+00
 2.00058E+06
 3.62841E-16
 1.00000E+00
 2.00058E+06
 4.57486E-16
 1.00000E+00
 2.00058E+06
 5.75434E-16
 1.00000E+00
 2.00058E+06
 7.22086E-16
 1.00000E+00
 2.00058E+06
 9.04011E-16
 1.00000E+00
 2.00058E+06
 1.12919E-15
 1.00000E+00
 2.00058E+06
 1.40729E-15
 1.00000E+00
 2.00058E+06
 1.75001E-15
 1.00000E+00
 2.00058E+06
 2.17146E-15
 1.00000E+00
 2.00058E+06
 2.68865E-15
 1.00000E+00
 2.00058E+06
 3.32202E-15
 1.00000E+00
 2.00058E+06
 4.09608E-15
 1.00000E+00
 2.00058E+06
 5.04020E-15
 1.00000E+00
 2.00058E+06
 6.18947E-15
 1.00000E+00
 2.00058E+06
 7.58577E-15
 1.00000E+00
 2.00058E+06
 9.27894E-15
 1.00000E+00
 2.00058E+06
 1.13283E-14
 1.00000E+00
 2.00058E+06
 1.38040E-14
 1.00000E+00
 2.00058E+06
 1.67896E-14
 1.00000E+00
 2.00058E+06
 2.03833E-14
 1.00000E+00
 2.00058E+06
 2.47016E-14
 1.00000E+00
 2.00058E+06
 2.98813E-14
 1.00000E+00
 2.00058E+06
 3.60837E-14
 1.00000E+00
 2.00058E+06
 4.34981E-14
 1.00000E+00
 2.00058E+06
 5.23465E-14
 1.00000E+00
 2.00058E+06
 6.28889E-14
 1.00000E+00
 2.00058E+06
 7.54292E-14
 1.00000E+00
 2.00058E+06
 9.03220E-14
 1.00000E+00
 2.00058E+06
 1.07981E-13
 1.00000E+00
 2.00058E+06
 1.28887E-13
 1.00000E+00
 2.00058E+06
 1.53599E-13
 1.00000E+00
 2.00058E+06
 1.82766E-13
 1.00000E+00
 2.00058E+06
 2.17140E-13
 1.00000E+00
 2.00058E+06
 2.57590E-13
 1.00000E+00
 2.00058E+06
 3.05121E-13
 1.00000E+00
 2.00058E+06
 3.60893E-13
 1.00000E+00
 2.00058E+06
 4.26241E-13
 1.00000E+00
 2.00058E+06
 5.02703E-13
 1.00000E+00
 2.00058E+06
 5.92045E-13
 1.00000E+00
 2.00058E+06
 6.96296E-13
 1.00000E+00
 2.00058E+06
 8.17779E-13
 1.00000E+00
 2.00058E+06
 9.59155E-13
 1.00000E+00
 2.00058E+06
 1.12347E-12
 1.00000E+00
 2.00058E+06
 1.31418E-12
 1.00000E+00
 2.00058E+06
 1.53527E-12
 1.00000E+00
 2.00058E+06
 1.79125E-12
 1.00000E+00
 2.00058E+06
 2.08724E-12
 1.00000E+00
 2.00058E+06
 2.42908E-12
 1.00000E+00
 2.00058E+06
 2.82341E-12
 1.00000E+00
 2.00058E+06
 3.27772E-12
 1.00000E+00
 2.00058E+06
 3.80052E-12
 1.00000E+00
 2.00058E+06
 4.40144E-12
 1.00000E+00
 2.00058E+06
 5.09134E-12
 1.00000E+00
 2.00058E+06
 5.88250E-12
 1.00000E+00
 2.00058E+06
 6.78876E-12
 1.00000E+00
 2.00058E+06
 7.82570E-12
 1.00000E+00
 2.00058E+06
 9.01085E-12
 1.00000E+00
 2.00058E+06
 1.03639E-11
 1.00000E+00
 2.00058E+06
 1.19071E-11
 1.00000E+00
 2.00058E+06
 1.36651E-11
 1.00000E+00
 2.00058E+06
 1.56658E-11
 1.00000E+00
 2.00058E+06
 1.79403E-11
 1.00000E+00
 2.00058E+06
 2.05235E-11
 1.00000E+00
 2.00058E+06
 2.34542E-11
 1.00000E+00
 2.00058E+06
 2.67758E-11
 1.00000E+00
 2.00058E+06
 3.05368E-11
 1.00000E+00
 2.00058E+06
 3.47911E-11
 1.00000E+00
 2.00058E+06
 3.95988E-11
 1.00000E+00
 2.00058E+06
 4.50265E-11
 1.00000E+00
 2.00058E+06
 5.11484E-11
 1.00000E+00
 2.00058E+06
 5.80468E-11
 1.00000E+00
 2.00058E+06
 6.58130E-11
 1.00000E+00
 2.00058E+06
 7.45481E-11
 1.00000E+00
 2.00058E+06
 8.43640E-11
 1.00000E+00
 2.00058E+06
 9.53846E-11
 1.00000E+00
 2.00058E+06
 1.07747E-10
 1.00000E+00
 2.00058E+06
 1.21601E-10
 1.00000E+00
 2.00058E+06
 1.37115E-10
 1.00000E+00
 2.00058E+06
 1.54472E-10
 1.00000E+00
 2.00058E+06
 1.73874E-10
 1.00000E+00
 2.00058E+06
 1.95544E-10
 1.00000E+00
 2.00058E+06
 2.19727E-10
 1.00000E+00
 2.00058E+06
 2.46692E-10
 1.00000E+00
 2.00058E+06
 2.76734E-10
 1.00000E+00
 2.00058E+06
 3.10179E-10
 1.00000E+00
 2.00058E+06
 3.47380E-10
 1.00000E+00
 2.00058E+06
 3.88727E-10
 1.00000E+00
 2.00058E+06
 4.34646E-10
 1.00000E+00
 2.00058E+06
 4.85603E-10
 1.00000E+00
 2.00058E+06
 5.42108E-10
 1.00000E+00
 2.00058E+06
 6.04716E-10
 1.00000E+00
 2.00058E+06
 6.74035E-10
 1.00000E+00
 2.00058E+06
 7.50726E-10
 1.00000E+00
 2.00058E+06
 8.35511E-10
 1.00000E+00
 2.00058E+06
 9.29175E-10
 1.00000E+00
 2.00058E+06
 1.03257E-09
 1.00000E+00
 2.00058E+06
 1.14664E-09
 1.00000E+00
 2.00058E+06
 1.27237E-09
 1.00000E+00
 2.00058E+06
 1.41088E-09
 1.00000E+00
 2.00058E+06
 1.56336E-09
 1.00000E+00
 2.00058E+06
 1.73108E-09
 1.00000E+00
 2.00058E+06
 1.91546E-09
 1.00000E+00
 2.00058E+06
 2.11802E-09
 1.00000E+00
 2.00058E+06
 2.34038E-09
 1.00000E+00
 2.00058E+06
 2.58434E-09
 1.00000E+00
 2.00058E+06
 2.85180E-09
 1.00000E+00
 2.00058E+06
 3.14484E-09
 1.00000E+00
 2.00058E+06
 3.46571E-09
 1.00000E+00
 2.00058E+06
 3.81682E-09
 1.00000E+00
 2.00058E+06
 4.20077E-09
 1.00000E+00
 2.00058E+06
 4.62038E-09
 1.00000E+00
 2.00058E+06
 5.07867E-09
 1.00000E+00
 2.00058E+06
 5.57889E-09
 1.00000E+00
 2.00058E+06
 6.12456E-09
 1.00000E+00
 2.00058E+06
 6.71944E-09
 1.00000E+00
 2.00058E+06
 7.36757E-09
 1.00000E+00
 2.00058E+06
 8.07331E-09
 1.00000E+00
 2.00058E+06
 8.84133E-09
 1.00000E+00
 2.00058E+06
 9.67663E-09
 1.00000E+00
 2.00058E+06
 1.05846E-08
 1.00000E+00
 2.00058E+06
 1.15709E-08
 1.00000E+00
 2.00058E+06
 1.26418E-08
 1.00000E+00
 2.00058E+06
 1.38039E-08
 1.00000E+00
 2.00058E+06
 1.50642E-08
 1.00000E+00
 2.00058E+06
 1.64303E-08
 1.00000E+00
 2.00058E+06
 1.79101E-08
 1.00000E+00
 2.00058E+06
 1.95125E-08
 1.00000E+00
 2.00058E+06
 2.12464E-08
 1.00000E+00
 2.00058E+06
 2.31218E-08
 1.00000E+00
 2.00058E+06
 2.51491E-08
 1.00000E+00
 2.00058E+06
 2.73395E-08
 1.00000E+00
 2.00058E+06
 2.97048E-08
 1.00000E+00
 2.00058E+06
 3.22577E-08
 1.00000E+00
 2.00058E+06
 3.50116E-08
 1.00000E+00
 2.00058E+06
 3.79810E-08
 1.00000E+00
 2.00058E+06
 4.11810E-08
 1.00000E+00
 2.00058E+06
 4.46279E-08
 1.00000E+00
 2.00058E+06
 4.83387E-08
 1.00000E+00
 2.00058E+06
 5.23319E-08
 1.00000E+00
 2.00058E+06
 5.66267E-08
 1.00000E+00
 2.00058E+06
 6.12438E-08
 1.00000E+00
 2.00058E+06
 6.62049E-08
 1.00000E+00
 2.00058E+06
 7.15332E-08
 1.00000E+00
 2.00058E+06
 7.72531E-08
 1.00000E+00
 2.00058E+06
 8.33905E-08
 1.00000E+00
 2.00058E+06
 8.99729E-08
 1.00000E+00
 2.00058E+06
 9.70294E-08
 1.00000E+00
 2.00058E+06
 1.04590E-07
 1.00000E+00
 2.00058E+06
 1.12689E-07
 1.00000E+00
 2.00058E+06
 1.21358E-07
 1.00000E+00
 2.00058E+06
 1.30636E-07
 1.00000E+00
 2.00058E+06
 1.40559E-07
 1.00000E+00
 2.00058E+06
 1.51168E-07
 1.00000E+00
 2.00058E+06
 1.62506E-07
 1.00000E+00
 2.00058E+06
 1.74617E-07
 1.00000E+00
 2.00058E+06
 1.87549E-07
 1.00000E+00
 2.00058E+06
 2.01351E-07
 1.00000E+00
 2.00058E+06
 2.16077E-07
 1.00000E+00
 2.00058E+06
 2.31780E-07
 1.00000E+00
 2.00058E+06
 2.48520E-07
 1.00000E+00
 2.00058E+06
 2.66357E-07
 1.00000E+00
 2.00058E+06
 2.85355E-07
 1.00000E+00
 2.00058E+06
 3.05582E-07
 1.00000E+00
 2.00058E+06
 3.27108E-07
 1.00000E+00
 2.00058E+06
 3.50009E-07
 1.00000E+00
 2.00058E+06
 3.74361E-07
 1.00000E+00
 2.00058E+06
 4.00248E-07
 1.00000E+00
 2.00058E+06
 4.27754E-07
 1.00000E+00
 2.00058E+06
 4.56971E-07
 1.00000E+00
 2.00058E+06
 4.87993E-07
 1.00000E+00
 2.00058E+06
 5.20918E-07
 9.99999E-01
 2.00058E+06
 5.55850E-07
 9.99999E-01
 2.00058E+06
 5.92898E-07
 9.99999E-01
 2.00058E+06
 6.32175E-07
 9.99999E-01
 2.00058E+06
 6.73800E-07
 9.99999E-01
 2.00058E+06
 7.17898E-07
 9.99999E-01
 2.00058E+06
 7.64598E-07
 9.99999E-01
 2.00058E+06
 8.14036E-07
 9.99999E-01
 2.00058E+06
 8.66354E-07
 9.99999E-01
 2.00058E+06
 9.21699E-07
 9.99999E-01
 2.00058E+06
 9.80228E-07
 9.99999E-01
 2.00058E+06
 1.04210E-06
 9.99999E-01
 2.00058E+06
 1.10749E-06
 9.99999E-01
 2.00058E+06
 1.17656E-06
 9.99999E-01
 2.00058E+06
 1.24950E-06
 9.99999E-01
 2.00058E+06
 1.32651E-06
 9.99999E-01
 2.00058E+06
 1.40778E-06
 9.99999E-01
 2.00058E+06
 1.49352E-06
 9.99999E-01
 2.00058E+06
 1.58393E-06
 9.99998E-01
 2.00058E+06
 1.67926E-06
 9.99998E-01
 2.00058E+06
 1.77973E-06
 9.99998E-01
 2.00058E+06
 1.88559E-06
 9.99998E-01
 2.00058E+06
 1.99708E-06
 9.99998E-01
 2.00058E+06
 2.11447E-06
 9.99998E-01
 2.00058E+06
 2.23804E-06
 9.99998E-01
 2.00058E+06
 2.36806E-06
 9.99998E-01
 2.00058E+06
 2.50484E-06
 9.99997E-01
 2.00058E+06
 2.64867E-06
 9.99997E-01
 2.00058E+06
 2.79987E-06
 9.99997E-01
 2.00058E+06
 2.95878E-06
 9.99997E-01
 2.00058E+06
 3.12574E-06
 9.99997E-01
 2.00058E+06
 3.30110E-06
 9.99997E-01
 2.00058E+06
 3.48523E-06
 9.99997E-01
 2.00058E+06
 3.67850E-06
 9.99996E-01
 2.00058E+06
 3.88132E-06
 9.99996E-01
 2.00058E+06
 4.09409E-06
 9.99996E-01
 2.00058E+06
 4.31724E-06
 9.99996E-01
 2.00058E+06
 4.55120E-06
 9.99995E-01
 2.00058E+06
 4.79643E-06
 9.99995E-01
 2.00058E+06
 5.05340E-06
 9.99995E-01
 2.00058E+06
 5.32258E-06
 9.99995E-01
 2.00058E+06
 5.60450E-06
 9.99994E-01
 2.00058E+06
 5.89966E-06
 9.99994E-01
 2.00058E+06
 6.20859E-06
 9.99994E-01
 2.00058E+06
 6.53187E-06
 9.99993E-01
 2.00058E+06
 6.87005E-06
 9.99993E-01
 2.00058E+06
 7.22373E-06
 9.99993E-01
 2.00058E+06
 7.59351E-06
 9.99992E-01
 2.00058E+06
 7.98004E-06
 9.99992E-01
 2.00058E+06
 8.38395E-06
 9.99992E-01
 2.00058E+06
 8.80592E-06
 9.99991E-01
 2.00058E+06
 9.24665E-06
 9.99991E-01
 2.00058E+06
 9.70684E-06
 9.99990E-01
 2.00058E+06
 1.01872E-05
 9.99990E-01
 2.00058E+06
 1.06886E-05
 9.99989E-01
 2.00058E+06
 1.12117E-05
 9.99989E-01
 2.00058E+06
 1.17573E-05
 9.99988E-01
 2.00058E+06
 1.23263E-05
 9.99988E-01
 2.00058E+06
 1.29195E-05
 9.99987E-01
 2.00058E+06
 1.35379E-05
 9.99986E-01
 2.00058E+06
 1.41822E-05
 9.99986E-01
 2.00058E+06
 1.48535E-05
 9.99985E-01
 2.00058E+06
 1.55526E-05
 9.99984E-01
 2.00058E+06
 1.62806E-05
 9.99984E-01
 2.00058E+06
 1.70386E-05
 9.99983E-01
 2.00058E+06
 1.78274E-05
 9.99982E-01
 2.00058E+06
 1.86482E-05
 9.99981E-01
 2.00058E+06
 1.95021E-05
 9.99980E-01
 2.00058E+06
 2.03902E-05
 9.99980E-01
 2.00058E+06
 2.13137E-05
 9.99979E-01
 2.00058E+06
 2.22737E-05
 9.99978E-01
 2.00058E+06
 2.32715E-05
 9.99977E-01
 2.00058E+06
 2.43083E-05
 9.99976E-01
 2.00058E+06
 2.53854E-05
 9.99975E-01
 2.00058E+06
 2.65041E-05
 9.99973E-01
 2.00058E+06
 2.76657E-05
 9.99972E-01
 2.00058E+06
 2.88717E-05
 9.99971E-01
 2.00058E+06
 3.01235E-05
 9.99970E-01
 2.00058E+06
 3.14225E-05
 9.99969E-01
 2.00058E+06
 3.27701E-05
 9.99967E-01
 2.00058E+06
 3.41680E-05
 9.99966E-01
 2.00058E+06
 3.56177E-05
 9.99964E-01
 2.00058E+06
 3.71208E-05
 9.99963E-01
 2.00058E+06
 3.86788E-05
 9.99961E-01
 2.00058E+06
 4.02936E-05
 9.99960E-01
 2.00058E+06
 4.19668E-05
 9.99958E-01
 2.00058E+06
 4.37001E-05
 9.99956E-01
 2.00058E+06
 4.54953E-05
 9.99955E-01
 2.00058E+06
 4.73543E-05
 9.99953E-01
 2.00058E+06
 4.92790E-05
 9.99951E-01
 2.00058E+06
 5.12713E-05
 9.99949E-01
 2.00058E+06
 5.33330E-05
 9.99947E-01
 2.00058E+06
 5.54662E-05
 9.99945E-01
 2.00058E+06
 5.76731E-05
 9.99942E-01
 2.00058E+06
 5.99555E-05
 9.99940E-01
 2.00058E+06
 6.23157E-05
 9.99938E-01
 2.00058E+06
 6.47559E-05
 9.99935E-01
 2.00058E+06
 6.72782E-05
 9.99933E-01
 2.00058E+06
 6.98850E-05
 9.99930E-01
 2.00058E+06
 7.25785E-05
 9.99927E-01
 2.00058E+06
 7.53611E-05
 9.99925E-01
 2.00058E+06
 7.82352E-05
 9.99922E-01
 2.00058E+06
 8.12033E-05
 9.99919E-01
 2.00058E+06
 8.42678E-05
 9.99916E-01
 2.00058E+06
 8.74314E-05
 9.99913E-01
 2.00058E+06
 9.06965E-05
 9.99909E-01
 2.00058E+06
 9.40659E-05
 9.99906E-01
 2.00058E+06
 9.75423E-05
 9.99902E-01
 2.00058E+06
 1.01128E-04
 9.99899E-01
 2.00058E+06
 1.04827E-04
 9.99895E-01
 2.00058E+06
 1.08641E-04
 9.99891E-01
 2.00058E+06
 1.12573E-04
 9.99887E-01
 2.00058E+06
 1.16626E-04
 9.99883E-01
 2.00058E+06
 1.20803E-04
 9.99879E-01
 2.00058E+06
 1.25108E-04
 9.99875E-01
 2.00058E+06
 1.29543E-04
 9.99870E-01
 2.00058E+06
 1.34111E-04
 9.99866E-01
 2.00058E+06
 1.38817E-04
 9.99861E-01
 2.00058E+06
 1.43662E-04
 9.99856E-01
 2.00058E+06
 1.48651E-04
 9.99851E-01
 2.00058E+06
 1.53786E-04
 9.99846E-01
 2.00058E+06
 1.59071E-04
 9.99841E-01
 2.00058E+06
 1.64510E-04
 9.99835E-01
 2.00058E+06
 1.70107E-04
 9.99830E-01
 2.00058E+06
 1.75864E-04
 9.99824E-01
 2.00058E+06
 1.81785E-04
 9.99818E-01
 2.00058E+06
 1.87875E-04
 9.99812E-01
 2.00058E+06
 1.94136E-04
 9.99806E-01
 2.00058E+06
 2.00573E-04
 9.99799E-01
 2.00058E+06
 2.07190E-04
 9.99793E-01
 2.00058E+06
 2.13991E-04
 9.99786E-01
 2.00058E+06
 2.20978E-04
 9.99779E-01
 2.00058E+06
 2.28158E-04
 9.99772E-01
 2.00058E+06
 2.35533E-04
 9.99764E-01
 2.00058E+06
 2.43108E-04
 9.99757E-01
 2.00058E+06
 2.50888E-04
 9.99749E-01
 2.00058E+06
 2.58875E-04
 9.99741E-01
 2.00058E+06
 2.67076E-04
 9.99733E-01
 2.00058E+06
 2.75493E-04
 9.99725E-01
 2.00058E+06
 2.84133E-04
 9.99716E-01
 2.00058E+06
 2.92998E-04
 9.99707E-01
 2.00058E+06
 3.02094E-04
 9.99698E-01
 2.00058E+06
 3.11426E-04
 9.99689E-01
 2.00058E+06
 3.20997E-04
 9.99679E-01
 2.00058E+06
 3.30814E-04
 9.99669E-01
 2.00058E+06
 3.40880E-04
 9.99659E-01
 2.00058E+06
 3.51200E-04
 9.99649E-01
 2.00058E+06
 3.61780E-04
 9.99638E-01
 2.00058E+06
 3.72624E-04
 9.99627E-01
 2.00058E+06
 3.83738E-04
 9.99616E-01
 2.00058E+06
 3.95127E-04
 9.99605E-01
 2.00058E+06
 4.06795E-04
 9.99593E-01
 2.00058E+06
 4.18748E-04
 9.99581E-01
 2.00058E+06
 4.30991E-04
 9.99569E-01
 2.00058E+06
 4.43530E-04
 9.99556E-01
 2.00058E+06
 4.56370E-04
 9.99544E-01
 2.00058E+06
 4.69517E-04
 9.99530E-01
 2.00058E+06
 4.82975E-04
 9.99517E-01
 2.00058E+06
 4.96751E-04
 9.99503E-01
 2.00058E+06
 5.10850E-04
 9.99489E-01
 2.00058E+06
 5.25279E-04
 9.99475E-01
 2.00058E+06
 5.40041E-04
 9.99460E-01
 2.00058E+06
 5.55144E-04
 9.99445E-01
 2.00058E+06
 5.70594E-04
 9.99429E-01
 2.00058E+06
 5.86395E-04
 9.99414E-01
 2.00058E+06
 6.02555E-04
 9.99397E-01
 2.00058E+06
 6.19079E-04
 9.99381E-01
 2.00058E+06
 6.35973E-04
 9.99364E-01
 2.00058E+06
 6.53243E-04
 9.99347E-01
 2.00058E+06
 6.70896E-04
 9.99329E-01
 2.00058E+06
 6.88938E-04
 9.99311E-01
 2.00058E+06
 7.07376E-04
 9.99293E-01
 2.00058E+06
 7.26214E-04
 9.99274E-01
 2.00058E+06
 7.45460E-04
 9.99255E-01
 2.00058E+06
 7.65121E-04
 9.99235E-01
 2.00058E+06
 7.85203E-04
 9.99215E-01
 2.00058E+06
 8.05712E-04
 9.99194E-01
 2.00058E+06
 8.26655E-04
 9.99173E-01
 2.00058E+06
 8.48039E-04
 9.99152E-01
 2.00058E+06
 8.69870E-04
 9.99130E-01
 2.00058E+06
 8.92156E-04
 9.99108E-01
 2.00058E+06
 9.14902E-04
 9.99085E-01
 2.00058E+06
 9.38117E-04
 9.99062E-01
 2.00058E+06
 9.61806E-04
 9.99038E-01
 2.00058E+06
 9.85977E-04
 9.99014E-01
 2.00058E+06
 1.01064E-03
 9.98989E-01
 2.00058E+06
 1.03579E-03
 9.98964E-01
 2.00058E+06
 1.06145E-03
 9.98939E-01
 2.00058E+06
 1.08762E-03
 9.98912E-01
 2.00058E+06
 1.11430E-03
 9.98886E-01
 2.00058E+06
 1.14152E-03
 9.98858E-01
 2.00058E+06
 1.16926E-03
 9.98831E-01
 2.00058E+06
 1.19754E-03
 9.98802E-01
 2.00058E+06
 1.22637E-03
 9.98774E-01
 2.00058E+06
 1.25575E-03
 9.98744E-01
 2.00058E+06
 1.28569E-03
 9.98714E-01
 2.00058E+06
 1.31620E-03
 9.98684E-01
 2.00058E+06
 1.34729E-03
 9.98653E-01
 2.00058E+06
 1.37896E-03
 9.98621E-01
 2.00058E+06
 1.41122E-03
 9.98589E-01
 2.00058E+06
 1.44409E-03
 9.98556E-01
 2.00058E+06
 1.47756E-03
 9.98522E-01
 2.00058E+06
 1.51164E-03
 9.98488E-01
 2.00058E+06
 1.54635E-03
 9.98454E-01
 2.00058E+06
 1.58168E-03
 9.98418E-01
 2.00058E+06
 1.61766E-03
 9.98382E-01
 2.00058E+06
 1.65428E-03
 9.98346E-01
 2.00058E+06
 1.69155E-03
 9.98308E-01
 2.00058E+06
 1.72949E-03
 9.98271E-01
 2.00058E+06
 1.76810E-03
 9.98232E-01
 2.00058E+06
 1.80738E-03
 9.98193E-01
 2.00058E+06
 1.84735E-03
 9.98153E-01
 2.00058E+06
 1.88801E-03
 9.98112E-01
 2.00058E+06
 1.92937E-03
 9.98071E-01
 2.00058E+06
 1.97145E-03
 9.98029E-01
 2.00058E+06
 2.01424E-03
 9.97986E-01
 2.00058E+06
 2.05775E-03
 9.97942E-01
 2.00058E+06
 2.10201E-03
 9.97898E-01
 2.00058E+06
 2.14700E-03
 9.97853E-01
 2.00058E+06
 2.19274E-03
 9.97807E-01
 2.00058E+06
 2.23925E-03
 9.97761E-01
 2.00058E+06
 2.28652E-03
 9.97713E-01
 2.00058E+06
 2.33456E-03
 9.97665E-01
 2.00058E+06
 2.38340E-03
 9.97617E-01
 2.00058E+06
 2.43302E-03
 9.97567E-01
 2.00058E+06
 2.48344E-03
 9.97517E-01
 2.00058E+06
 2.53467E-03
 9.97465E-01
 2.00058E+06
 2.58672E-03
 9.97413E-01
 2.00058E+06
 2.63960E-03
 9.97360E-01
 2.00058E+06
 2.69331E-03
 9.97307E-01
 2.00058E+06
 2.74786E-03
 9.97252E-01
 2.00058E+06
 2.80326E-03
 9.97197E-01
 2.00058E+06
 2.85952E-03
 9.97140E-01
 2.00058E+06
 2.91665E-03
 9.97083E-01
 2.00058E+06
 2.97466E-03
 9.97025E-01
 2.00058E+06
 3.03355E-03
 9.96966E-01
 2.00058E+06
 3.09333E-03
 9.96907E-01
 2.00058E+06
 3.15401E-03
 9.96846E-01
 2.00058E+06
 3.21561E-03
 9.96784E-01
 2.00058E+06
 3.27812E-03
 9.96722E-01
 2.00058E+06
 3.34156E-03
 9.96658E-01
 2.00058E+06
 3.40593E-03
 9.96594E-01
 2.00058E+06
 3.47125E-03
 9.96529E-01
 2.00058E+06
 3.53753E-03
 9.96462E-01
 2.00058E+06
 3.60476E-03
 9.96395E-01
 2.00058E+06
 3.67296E-03
 9.96327E-01
 2.00058E+06
 3.74215E-03
 9.96258E-01
 2.00058E+06
 3.81231E-03
 9.96188E-01
 2.00058E+06
 3.88348E-03
 9.96117E-01
 2.00058E+06
 3.95564E-03
 9.96044E-01
 2.00058E+06
 4.02882E-03
 9.95971E-01
 2.00058E+06
 4.10302E-03
 9.95897E-01
 2.00058E+06
 4.17825E-03
 9.95822E-01
 2.00058E+06
 4.25452E-03
 9.95745E-01
 2.00058E+06
 4.33183E-03
 9.95668E-01
 2.00058E+06
 4.41020E-03
 9.95590E-01
 2.00058E+06
 4.48964E-03
 9.95510E-01
 2.00058E+06
 4.57014E-03
 9.95430E-01
 2.00058E+06
 4.65172E-03
 9.95348E-01
 2.00058E+06
 4.73440E-03
 9.95266E-01
 2.00058E+06
 4.81817E-03
 9.95182E-01
 2.00058E+06
 4.90304E-03
 9.95097E-01
 2.00058E+06
 4.98903E-03
 9.95011E-01
 2.00058E+06
 5.07614E-03
 9.94924E-01
 2.00058E+06
 5.16438E-03
 9.94836E-01
 2.00058E+06
 5.25376E-03
 9.94746E-01
 2.00058E+06
 5.34428E-03
 9.94656E-01
 2.00058E+06
 5.43596E-03
 9.94564E-01
 2.00058E+06
 5.52880E-03
 9.94471E-01
 2.00058E+06
 5.62282E-03
 9.94377E-01
 2.00058E+06
 5.71801E-03
 9.94282E-01
 2.00058E+06
 5.81439E-03
 9.94186E-01
 2.00058E+06
 5.91197E-03
 9.94088E-01
 2.00058E+06
 6.01076E-03
 9.93989E-01
 2.00058E+06
 6.11075E-03
 9.93889E-01
 2.00058E+06
 6.21197E-03
 9.93788E-01
 2.00058E+06
 6.31442E-03
 9.93686E-01
 2.00058E+06
 6.41810E-03
 9.93582E-01
 2.00058E+06
 6.52303E-03
 9.93477E-01
 2.00058E+06
 6.62921E-03
 9.93371E-01
 2.00058E+06
 6.73666E-03
 9.93263E-01
 2.00058E+06
 6.84537E-03
 9.93155E-01
 2.00058E+06
 6.95536E-03
 9.93045E-01
 2.00058E+06
 7.06663E-03
 9.92933E-01
 2.00058E+06
 7.17920E-03
 9.92821E-01
 2.00058E+06
 7.29307E-03
 9.92707E-01
 2.00058E+06
 7.40824E-03
 9.92592E-01
 2.00058E+06
 7.52473E-03
 9.92475E-01
 2.00058E+06
 7.64255E-03
 9.92357E-01
 2.00058E+06
 7.76169E-03
 9.92238E-01
 2.00058E+06
 7.88217E-03
 9.92118E-01
 2.00058E+06
 8.00400E-03
 9.91996E-01
 2.00058E+06
 8.12718E-03
 9.91873E-01
 2.00058E+06
 8.25173E-03
 9.91748E-01
 2.00058E+06
 8.37764E-03
 9.91622E-01
 2.00058E+06
 8.50493E-03
 9.91495E-01
 2.00058E+06
 8.63360E-03
 9.91366E-01
 2.00058E+06
 8.76366E-03
 9.91236E-01
 2.00058E+06
 8.89512E-03
 9.91105E-01
 2.00058E+06
 9.02799E-03
 9.90972E-01
 2.00058E+06
 9.16226E-03
 9.90838E-01
 2.00058E+06
 9.29796E-03
 9.90702E-01
 2.00058E+06
 9.43509E-03
 9.90565E-01
 2.00058E+06
 9.57365E-03
 9.90426E-01
 2.00058E+06
 9.71366E-03
 9.90286E-01
 2.00058E+06
 9.85511E-03
 9.90145E-01
 2.00058E+06
 9.99802E-03
 9.90002E-01
 2.00058E+06
 1.01424E-02
 9.89858E-01
 2.00058E+06
 1.02882E-02
 9.89712E-01
 2.00058E+06
 1.04355E-02
 9.89564E-01
 2.00058E+06
 1.05843E-02
 9.89416E-01
 2.00058E+06
 1.07346E-02
 9.89265E-01
 2.00058E+06
 1.08864E-02
 9.89114E-01
 2.00058E+06
 1.10397E-02
 9.88960E-01
 2.00058E+06
 1.11945E-02
 9.88806E-01
 2.00058E+06
 1.13508E-02
 9.88649E-01
 2.00058E+06
 1.15086E-02
 9.88491E-01
 2.00058E+06
 1.16680E-02
 9.88332E-01
 2.00058E+06
 1.18289E-02
 9.88171E-01
 2.00058E+06
 1.19913E-02
 9.88009E-01
 2.00058E+06
 1.21553E-02
 9.87845E-01
 2.00058E+06
 1.23208E-02
 9.87679E-01
 2.00058E+06
 1.24879E-02
 9.87512E-01
 2.00058E+06
 1.26566E-02
 9.87343E-01
 2.00058E+06
 1.28268E-02
 9.87173E-01
 2.00058E+06
 1.29986E-02
 9.87001E-01
 2.00058E+06
 1.31720E-02
 9.86828E-01
 2.00058E+06
 1.33470E-02
 9.86653E-01
 2.00058E+06
 1.35236E-02
 9.86476E-01
 2.00058E+06
 1.37018E-02
 9.86298E-01
 2.00058E+06
 1.38816E-02
 9.86118E-01
 2.00058E+06
 1.40630E-02
 9.85937E-01
 2.00058E+06
 1.42460E-02
 9.85754E-01
 2.00058E+06
 1.44306E-02
 9.85569E-01
 2.00058E+06
 1.46169E-02
 9.85383E-01
 2.00058E+06
 1.48048E-02
 9.85195E-01
 2.00058E+06
 1.49943E-02
 9.85006E-01
 2.00058E+06
 1.51855E-02
 9.84814E-01
 2.00058E+06
 1.53784E-02
 9.84622E-01
 2.00058E+06
 1.55729E-02
 9.84427E-01
 2.00058E+06
 1.57690E-02
 9.84231E-01
 2.00058E+06
 1.59668E-02
 9.84033E-01
 2.00058E+06
 1.61663E-02
 9.83834E-01
 2.00058E+06
 1.63675E-02
 9.83633E-01
 2.00058E+06
 1.65703E-02
 9.83430E-01
 2.00058E+06
 1.67749E-02
 9.83225E-01
 2.00058E+06
 1.69811E-02
 9.83019E-01
 2.00058E+06
 1.71890E-02
 9.82811E-01
 2.00058E+06
 1.73986E-02
 9.82601E-01
 2.00058E+06
 1.76099E-02
 9.82390E-01
 2.00058E+06
 1.78229E-02
 9.82177E-01
 2.00058E+06
 1.80377E-02
 9.81962E-01
 2.00058E+06
 1.82541E-02
 9.81746E-01
 2.00058E+06
 1.84723E-02
 9.81528E-01
 2.00058E+06
 1.86922E-02
 9.81308E-01
 2.00058E+06
 1.89138E-02
 9.81086E-01
 2.00058E+06
 1.91372E-02
 9.80863E-01
 2.00058E+06
 1.93622E-02
 9.80638E-01
 2.00058E+06
 1.95891E-02
 9.80411E-01
 2.00058E+06
 1.98177E-02
 9.80182E-01
 2.00058E+06
 2.00480E-02
 9.79952E-01
 2.00058E+06
 2.02801E-02
 9.79720E-01
 2.00058E+06
 2.05139E-02
 9.79486E-01
 2.00058E+06
 2.07495E-02
 9.79250E-01
 2.00058E+06
 2.09869E-02
 9.79013E-01
 2.00058E+06
 2.12260E-02
 9.78774E-01
 2.00058E+06
 2.14669E-02
 9.78533E-01
 2.00058E+06
 2.17096E-02
 9.78290E-01
 2.00058E+06
 2.19541E-02
 9.78046E-01
 2.00058E+06
 2.22003E-02
 9.77800E-01
 2.00058E+06
 2.24483E-02
 9.77552E-01
 2.00058E+06
 2.26981E-02
 9.77302E-01
 2.00058E+06
 2.29497E-02
 9.77050E-01
 2.00058E+06
 2.32031E-02
 9.76797E-01
 2.00058E+06
 2.34583E-02
 9.76542E-01
 2.00058E+06
 2.37152E-02
 9.76285E-01
 2.00058E+06
 2.39740E-02
 9.76026E-01
 2.00058E+06
 2.42346E-02
 9.75765E-01
 2.00058E+06
 2.44970E-02
 9.75503E-01
 2.00058E+06
 2.47611E-02
 9.75239E-01
 2.00058E+06
 2.50272E-02
 9.74973E-01
 2.00058E+06
 2.52950E-02
 9.74705E-01
 2.00058E+06
 2.55646E-02
 9.74435E-01
 2.00058E+06
 2.58361E-02
 9.74164E-01
 2.00058E+06
 2.61093E-02
 9.73891E-01
 2.00058E+06
 2.63844E-02
 9.73616E-01
 2.00058E+06
 2.66614E-02
 9.73339E-01
 2.00058E+06
 2.69401E-02
 9.73060E-01
 2.00058E+06
 2.72207E-02
 9.72779E-01
 2.00058E+06
 2.75031E-02
 9.72497E-01
 2.00058E+06
 2.77873E-02
 9.72213E-01
 2.00058E+06
 2.80734E-02
 9.71927E-01
 2.00058E+06
 2.83613E-02
 9.71639E-01
 2.00058E+06
 2.86511E-02
 9.71349E-01
 2.00058E+06
 2.89427E-02
 9.71057E-01
 2.00058E+06
 2.92361E-02
 9.70764E-01
 2.00058E+06
 2.95314E-02
 9.70469E-01
 2.00058E+06
 2.98285E-02
 9.70171E-01
 2.00058E+06
 3.01275E-02
 9.69873E-01
 2.00058E+06
 3.04283E-02
 9.69572E-01
 2.00058E+06
 3.07310E-02
 9.69269E-01
 2.00058E+06
 3.10355E-02
 9.68965E-01
 2.00058E+06
 3.13418E-02
 9.68658E-01
 2.00058E+06
 3.16500E-02
 9.68350E-01
 2.00058E+06
 3.19601E-02
 9.68040E-01
 2.00058E+06
 3.22720E-02
 9.67728E-01
 2.00058E+06
 3.25857E-02
 9.67414E-01
 2.00058E+06
 3.29013E-02
 9.67099E-01
 2.00058E+06
 3.32188E-02
 9.66781E-01
 2.00058E+06
 3.35381E-02
 9.66462E-01
 2.00058E+06
 3.38593E-02
 9.66141E-01
 2.00058E+06
 3.41823E-02
 9.65818E-01
 2.00058E+06
 3.45072E-02
 9.65493E-01
 2.00058E+06
 3.48340E-02
 9.65166E-01
 2.00058E+06
 3.51626E-02
 9.64837E-01
 2.00058E+06
 3.54930E-02
 9.64507E-01
 2.00058E+06
 3.58254E-02
 9.64175E-01
 2.00058E+06
 3.61595E-02
 9.63840E-01
 2.00058E+06
 3.64956E-02
 9.63504E-01
 2.00058E+06
 3.68335E-02
 9.63167E-01
 2.00058E+06
 3.71733E-02
 9.62827E-01
 2.00058E+06
 3.75149E-02
 9.62485E-01
 2.00058E+06
 3.78584E-02
 9.62142E-01
 2.00058E+06
 3.82037E-02
 9.61796E-01
 2.00058E+06
 3.85509E-02
 9.61449E-01
 2.00058E+06
 3.89000E-02
 9.61100E-01
 2.00058E+06
 3.92509E-02
 9.60749E-01
 2.00058E+06
 3.96036E-02
 9.60396E-01
 2.00058E+06
 3.99582E-02
 9.60042E-01
 2.00058E+06
 4.03147E-02
 9.59685E-01
 2.00058E+06
 4.06730E-02
 9.59327E-01
 2.00058E+06
 4.10332E-02
 9.58967E-01
 2.00058E+06
 4.13952E-02
 9.58605E-01
 2.00058E+06
 4.17591E-02
 9.58241E-01
 2.00058E+06
 4.21248E-02
 9.57875E-01
 2.00058E+06
 4.24924E-02
 9.57508E-01
 2.00058E+06
 4.28618E-02
 9.57138E-01
 2.00058E+06
 4.32331E-02
 9.56767E-01
 2.00058E+06
 4.36062E-02
 9.56394E-01
 2.00058E+06
 4.39812E-02
 9.56019E-01
 2.00058E+06
 4.43580E-02
 9.55642E-01
 2.00058E+06
 4.47367E-02
 9.55263E-01
 2.00058E+06
 4.51172E-02
 9.54883E-01
 2.00058E+06
 4.54995E-02
 9.54501E-01
 2.00058E+06
 4.58837E-02
 9.54116E-01
 2.00058E+06
 4.62697E-02
 9.53730E-01
 2.00058E+06
 4.66575E-02
 9.53342E-01
 2.00058E+06
 4.70472E-02
 9.52953E-01
 2.00058E+06
 4.74387E-02
 9.52561E-01
 2.00058E+06
 4.78321E-02
 9.52168E-01
 2.00058E+06
 4.82273E-02
 9.51773E-01
 2.00058E+06
 4.86243E-02
 9.51376E-01
 2.00058E+06
 4.90231E-02
 9.50977E-01
 2.00058E+06
 4.94237E-02
 9.50576E-01
 2.00058E+06
 4.98262E-02
 9.50174E-01
 2.00058E+06
 5.02305E-02
 9.49769E-01
 2.00058E+06
 5.06366E-02
 9.49363E-01
 2.00058E+06
 5.10445E-02
 9.48955E-01
 2.00058E+06
 5.14543E-02
 9.48546E-01
 2.00058E+06
 5.18658E-02
 9.48134E-01
 2.00058E+06
 5.22792E-02
 9.47721E-01
 2.00058E+06
 5.26944E-02
 9.47306E-01
 2.00058E+06
 5.31114E-02
 9.46889E-01
 2.00058E+06
 5.35301E-02
 9.46470E-01
 2.00058E+06
 5.39507E-02
 9.46049E-01
 2.00058E+06
 5.43730E-02
 9.45627E-01
 2.00058E+06
 5.47972E-02
 9.45203E-01
 2.00058E+06
 5.52231E-02
 9.44777E-01
 2.00058E+06
 5.56508E-02
 9.44349E-01
 2.00058E+06
 5.60803E-02
 9.43920E-01
 2.00058E+06
 5.65116E-02
 9.43488E-01
 2.00058E+06
 5.69447E-02
 9.43055E-01
 2.00058E+06
 5.73796E-02
 9.42620E-01
 2.00058E+06
 5.78162E-02
 9.42184E-01
 2.00058E+06
 5.82546E-02
 9.41745E-01
 2.00058E+06
 5.86948E-02
 9.41305E-01
 2.00058E+06
 5.91367E-02
 9.40863E-01
 2.00058E+06
 5.95803E-02
 9.40420E-01
 2.00058E+06
 6.00258E-02
 9.39974E-01
 2.00058E+06
 6.04730E-02
 9.39527E-01
 2.00058E+06
 6.09219E-02
 9.39078E-01
 2.00058E+06
 6.13726E-02
 9.38627E-01
 2.00058E+06
 6.18250E-02
 9.38175E-01
 2.00058E+06
 6.22792E-02
 9.37721E-01
 2.00058E+06
 6.27351E-02
 9.37265E-01
 2.00058E+06
 6.31927E-02
 9.36807E-01
 2.00058E+06
 6.36521E-02
 9.36348E-01
 2.00058E+06
 6.41132E-02
 9.35887E-01
 2.00058E+06
 6.45760E-02
 9.35424E-01
 2.00058E+06
 6.50406E-02
 9.34959E-01
 2.00058E+06
 6.55069E-02
 9.34493E-01
 2.00058E+06
 6.59748E-02
 9.34025E-01
 2.00058E+06
 6.64445E-02
 9.33555E-01
 2.00058E+06
 6.69159E-02
 9.33084E-01
 2.00058E+06
 6.73890E-02
 9.32611E-01
 2.00058E+06
 6.78638E-02
 9.32136E-01
 2.00058E+06
 6.83403E-02
 9.31660E-01
 2.00058E+06
 6.88185E-02
 9.31182E-01
 2.00058E+06
 6.92983E-02
 9.30702E-01
 2.00058E+06
 6.97798E-02
 9.30220E-01
 2.00058E+06
 7.02630E-02
 9.29737E-01
 2.00058E+06
 7.07479E-02
 9.29252E-01
 2.00058E+06
 7.12345E-02
 9.28766E-01
 2.00058E+06
 7.17227E-02
 9.28277E-01
 2.00058E+06
 7.22125E-02
 9.27787E-01
 2.00058E+06
 7.27040E-02
 9.27296E-01
 2.00058E+06
 7.31972E-02
 9.26803E-01
 2.00058E+06
 7.36920E-02
 9.26308E-01
 2.00058E+06
 7.41884E-02
 9.25812E-01
 2.00058E+06
 7.46865E-02
 9.25313E-01
 2.00058E+06
 7.51862E-02
 9.24814E-01
 2.00058E+06
 7.56875E-02
 9.24312E-01
 2.00058E+06
 7.61905E-02
 9.23809E-01
 2.00058E+06
 7.66951E-02
 9.23305E-01
 2.00058E+06
 7.72013E-02
 9.22799E-01
 2.00058E+06
 7.77091E-02
 9.22291E-01
 2.00058E+06
 7.82185E-02
 9.21782E-01
 2.00058E+06
 7.87295E-02
 9.21271E-01
 2.00058E+06
 7.92421E-02
 9.20758E-01
 2.00058E+06
 7.97563E-02
 9.20244E-01
 2.00058E+06
 8.02720E-02
 9.19728E-01
 2.00058E+06
 8.07894E-02
 9.19211E-01
 2.00058E+06
 8.13083E-02
 9.18692E-01
 2.00058E+06
 8.18288E-02
 9.18171E-01
 2.00058E+06
 8.23508E-02
 9.17649E-01
 2.00058E+06
 8.28744E-02
 9.17126E-01
 2.00058E+06
 8.33996E-02
 9.16600E-01
 2.00058E+06
 8.39263E-02
 9.16074E-01
 2.00058E+06
 8.44546E-02
 9.15545E-01
 2.00058E+06
 8.49844E-02
 9.15016E-01
 2.00058E+06
 8.55157E-02
 9.14484E-01
 2.00058E+06
 8.60486E-02
 9.13951E-01
 2.00058E+06
 8.65830E-02
 9.13417E-01
 2.00058E+06
 8.71189E-02
 9.12881E-01
 2.00058E+06
 8.76563E-02
 9.12344E-01
 2.00058E+06
 8.81952E-02
 9.11805E-01
 2.00058E+06
 8.87356E-02
 9.11264E-01
 2.00058E+06
 8.92775E-02
 9.10723E-01
 2.00058E+06
 8.98209E-02
 9.10179E-01
 2.00058E+06
 9.03657E-02
 9.09634E-01
 2.00058E+06
 9.09120E-02
 9.09088E-01
 2.00058E+06
 9.14598E-02
 9.08540E-01
 2.00058E+06
 9.20091E-02
 9.07991E-01
 2.00058E+06
 9.25598E-02
 9.07440E-01
 2.00058E+06
 9.31120E-02
 9.06888E-01
 2.00058E+06
 9.36656E-02
 9.06334E-01
 2.00058E+06
 9.42207E-02
 9.05779E-01
 2.00058E+06
 9.47772E-02
 9.05223E-01
 2.00058E+06
 9.53351E-02
 9.04665E-01
 2.00058E+06
 9.58945E-02
 9.04106E-01
 2.00058E+06
 9.64553E-02
 9.03545E-01
 2.00058E+06
 9.70175E-02
 9.02983E-01
 2.00058E+06
 9.75811E-02
 9.02419E-01
 2.00058E+06
 9.81461E-02
 9.01854E-01
 2.00058E+06
 9.87125E-02
 9.01288E-01
 2.00058E+06
 9.92803E-02
 9.00720E-01
 2.00058E+06
 9.98495E-02
 9.00151E-01
 2.00058E+06
 1.00420E-01
 8.99580E-01
 2.00058E+06
 1.00992E-01
 8.99008E-01
 2.00058E+06
 1.01565E-01
 8.98435E-01
 2.00058E+06
 1.02140E-01
 8.97860E-01
 2.00058E+06
 1.02716E-01
 8.97284E-01
 2.00058E+06
 1.03293E-01
 8.96707E-01
 2.00058E+06
 1.03872E-01
 8.96128E-01
 2.00058E+06
 1.04452E-01
 8.95548E-01
 2.00058E+06
 1.05033E-01
 8.94967E-01
 2.00058E+06
 1.05616E-01
 8.94384E-01
 2.00058E+06
 1.06200E-01
 8.93800E-01
 2.00058E+06
 1.06785E-01
 8.93215E-01
 2.00058E+06
 1.07372E-01
 8.92628E-01
 2.00058E+06
 1.07960E-01
 8.92040E-01
 2.00058E+06
 1.08549E-01
 8.91451E-01
 2.00058E+06
 1.09139E-01
 8.90861E-01
 2.00058E+06
 1.09731E-01
 8.90269E-01
 2.00058E+06
 1.10324E-01
 8.89676E-01
 2.00058E+06
 1.10918E-01
 8.89082E-01
 2.00058E+06
 1.11513E-01
 8.88487E-01
 2.00058E+06
 1.12110E-01
 8.87890E-01
 2.00058E+06
 1.12708E-01
 8.87292E-01
 2.00058E+06
 1.13307E-01
 8.86693E-01
 2.00058E+06
 1.13908E-01
 8.86092E-01
 2.00058E+06
 1.14509E-01
 8.85491E-01
 2.00058E+06
 1.15112E-01
 8.84888E-01
 2.00058E+06
 1.15716E-01
 8.84284E-01
 2.00058E+06
 1.16321E-01
 8.83679E-01
 2.00058E+06
 1.16928E-01
 8.83072E-01
 2.00058E+06
 1.17535E-01
 8.82465E-01
 2.00058E+06
 1.18144E-01
 8.81856E-01
 2.00058E+06
 1.18754E-01
 8.81246E-01
 2.00058E+06
 1.19365E-01
 8.80635E-01
 2.00058E+06
 1.19978E-01
 8.80022E-01
 2.00058E+06
 1.20591E-01
 8.79409E-01
 2.00058E+06
 1.21206E-01
 8.78794E-01
 2.00058E+06
 1.21821E-01
 8.78179E-01
 2.00058E+06
 1.22438E-01
 8.77562E-01
 2.00058E+06
 1.23056E-01
 8.76944E-01
 2.00058E+06
 1.23675E-01
 8.76325E-01
 2.00058E+06
 1.24296E-01
 8.75704E-01
 2.00058E+06
 1.24917E-01
 8.75083E-01
 2.00058E+06
 1.25539E-01
 8.74461E-01
 2.00058E+06
 1.26163E-01
 8.73837E-01
 2.00058E+06
 1.26788E-01
 8.73212E-01
 2.00058E+06
 1.27413E-01
 8.72587E-01
 2.00058E+06
 1.28040E-01
 8.71960E-01
 2.00058E+06
 1.28668E-01
 8.71332E-01
 2.00058E+06
 1.29297E-01
 8.70703E-01
 2.00058E+06
 1.29926E-01
 8.70074E-01
 2.00058E+06
 1.30557E-01
 8.69443E-01
 2.00058E+06
 1.31189E-01
 8.68811E-01
 2.00058E+06
 1.31822E-01
 8.68178E-01
 2.00058E+06
 1.32456E-01
 8.67544E-01
 2.00058E+06
 1.33091E-01
 8.66909E-01
 2.00058E+06
 1.33727E-01
 8.66273E-01
 2.00058E+06
 1.34364E-01
 8.65636E-01
 2.00058E+06
 1.35002E-01
 8.64998E-01
 2.00058E+06
 1.35641E-01
 8.64359E-01
 2.00058E+06
 1.36281E-01
 8.63719E-01
 2.00058E+06
 1.36922E-01
 8.63078E-01
 2.00058E+06
 1.37563E-01
 8.62437E-01
 2.00058E+06
 1.38206E-01
 8.61794E-01
 2.00058E+06
 1.38850E-01
 8.61150E-01
 2.00058E+06
 1.39494E-01
 8.60506E-01
 2.00058E+06
 1.40140E-01
 8.59860E-01
 2.00058E+06
 1.40786E-01
 8.59214E-01
 2.00058E+06
 1.41434E-01
 8.58566E-01
 2.00058E+06
 1.42082E-01
 8.57918E-01
 2.00058E+06
 1.42731E-01
 8.57269E-01
 2.00058E+06
 1.43381E-01
 8.56619E-01
 2.00058E+06
 1.44032E-01
 8.55968E-01
 2.00058E+06
 1.44684E-01
 8.55316E-01
 2.00058E+06
 1.45336E-01
 8.54664E-01
 2.00058E+06
 1.45990E-01
 8.54010E-01
 2.00058E+06
 1.46644E-01
 8.53356E-01
 2.00058E+06
 1.47299E-01
 8.52701E-01
 2.00058E+06
 1.47955E-01
 8.52045E-01
 2.00058E+06
 1.48612E-01
 8.51388E-01
 2.00058E+06
 1.49270E-01
 8.50730E-01
 2.00058E+06
 1.49928E-01
 8.50072E-01
 2.00058E+06
 1.50588E-01
 8.49412E-01
 2.00058E+06
 1.51248E-01
 8.48752E-01
 2.00058E+06
 1.51909E-01
 8.48091E-01
 2.00058E+06
 1.52570E-01
 8.47430E-01
 2.00058E+06
 1.53233E-01
 8.46767E-01
 2.00058E+06
 1.53896E-01
 8.46104E-01
 2.00058E+06
 1.54560E-01
 8.45440E-01
 2.00058E+06
 1.55224E-01
 8.44776E-01
 2.00058E+06
 1.55890E-01
 8.44110E-01
 2.00058E+06
 1.56556E-01
 8.43444E-01
 2.00058E+06
 1.57223E-01
 8.42777E-01
 2.00058E+06
 1.57891E-01
 8.42109E-01
 2.00058E+06
 1.58559E-01
 8.41441E-01
 2.00058E+06
 1.59228E-01
 8.40772E-01
 2.00058E+06
 1.59897E-01
 8.40103E-01
 2.00058E+06
 1.60568E-01
 8.39432E-01
 2.00058E+06
 1.61239E-01
 8.38761E-01
 2.00058E+06
 1.61910E-01
 8.38090E-01
 2.00058E+06
 1.62583E-01
 8.37417E-01
 2.00058E+06
 1.63256E-01
 8.36744E-01
 2.00058E+06
 1.63929E-01
 8.36071E-01
 2.00058E+06
 1.64604E-01
 8.35396E-01
 2.00058E+06
 1.65278E-01
 8.34722E-01
 2.00058E+06
 1.65954E-01
 8.34046E-01
 2.00058E+06
 1.66630E-01
 8.33370E-01
 2.00058E+06
 1.67307E-01
 8.32693E-01
 2.00058E+06
 1.67984E-01
 8.32016E-01
 2.00058E+06
 1.68662E-01
 8.31338E-01
 2.00058E+06
 1.69340E-01
 8.30660E-01
 2.00058E+06
 1.70019E-01
 8.29981E-01
 2.00058E+06
 1.70699E-01
 8.29301E-01
 2.00058E+06
 1.71379E-01
 8.28621E-01
 2.00058E+06
 1.72060E-01
 8.27940E-01
 2.00058E+06
 1.72741E-01
 8.27259E-01
 2.00058E+06
 1.73423E-01
 8.26577E-01
 2.00058E+06
 1.74105E-01
 8.25895E-01
 2.00058E+06
 1.74788E-01
 8.25212E-01
 2.00058E+06
 1.75471E-01
 8.24529E-01
 2.00058E+06
 1.76155E-01
 8.23845E-01
 2.00058E+06
 1.76839E-01
 8.23161E-01
 2.00058E+06
 1.77524E-01
 8.22476E-01
 2.00058E+06
 1.78209E-01
 8.21791E-01
 2.00058E+06
 1.78895E-01
 8.21105E-01
 2.00058E+06
 1.79581E-01
 8.20419E-01
 2.00058E+06
 1.80267E-01
 8.19733E-01
 2.00058E+06
 1.80954E-01
 8.19046E-01
 2.00058E+06
 1.81642E-01
 8.18358E-01
 2.00058E+06
 1.82329E-01
 8.17671E-01
 2.00058E+06
 1.83018E-01
 8.16982E-01
 2.00058E+06
 1.83706E-01
 8.16294E-01
 2.00058E+06
 1.84395E-01
 8.15605E-01
 2.00058E+06
 1.85085E-01
 8.14915E-01
 2.00058E+06
 1.85775E-01
 8.14225E-01
 2.00058E+06
 1.86465E-01
 8.13535E-01
 2.00058E+06
 1.87156E-01
 8.12844E-01
 2.00058E+06
 1.87846E-01
 8.12154E-01
 2.00058E+06
 1.88538E-01
 8.11462E-01
 2.00058E+06
 1.89229E-01
 8.10771E-01
 2.00058E+06
 1.89921E-01
 8.10079E-01
 2.00058E+06
 1.90613E-01
 8.09387E-01
 2.00058E+06
 1.91306E-01
 8.08694E-01
 2.00058E+06
 1.91999E-01
 8.08001E-01
 2.00058E+06
 1.92692E-01
 8.07308E-01
 2.00058E+06
 1.93385E-01
 8.06615E-01
 2.00058E+06
 1.94079E-01
 8.05921E-01
 2.00058E+06
 1.94773E-01
 8.05227E-01
 2.00058E+06
 1.95467E-01
 8.04533E-01
 2.00058E+06
 1.96162E-01
 8.03838E-01
 2.00058E+06
 1.96857E-01
 8.03143E-01
 2.00058E+06
 1.97552E-01
 8.02448E-01
 2.00058E+06
 1.98247E-01
 8.01753E-01
 2.00058E+06
 1.98943E-01
 8.01057E-01
 2.00058E+06
 1.99638E-01
 8.00362E-01
 2.00058E+06
 2.00334E-01
 7.99666E-01
 2.00058E+06
 2.01030E-01
 7.98970E-01
 2.00058E+06
 2.01726E-01
 7.98274E-01
 2.00058E+06
 2.02423E-01
 7.97577E-01
 2.00058E+06
 2.03119E-01
 7.96881E-01
 2.00058E+06
 2.03816E-01
 7.96184E-01
 2.00058E+06
 2.04513E-01
 7.95487E-01
 2.00058E+06
 2.05210E-01
 7.94790E-01
 2.00059E+06
 2.05907E-01
 7.94093E-01
 2.00059E+06
 2.06604E-01
 7.93396E-01
 2.00059E+06
 2.07302E-01
 7.92698E-01
 2.00059E+06
 2.07999E-01
 7.92001E-01
 2.00059E+06
 2.08697E-01
 7.91303E-01
 2.00059E+06
 2.09395E-01
 7.90605E-01
 2.00059E+06
 2.10092E-01
 7.89908E-01
 2.00059E+06
 2.10790E-01
 7.89210E-01
 2.00059E+06
 2.11488E-01
 7.88512E-01
 2.00059E+06
 2.12186E-01
 7.87814E-01
 2.00059E+06
 2.12884E-01
 7.87116E-01
 2.00059E+06
 2.13582E-01
 7.86418E-01
 2.00059E+06
 2.14280E-01
 7.85720E-01
 2.00059E+06
 2.14979E-01
 7.85021E-01
 2.00059E+06
 2.15677E-01
 7.84323E-01
 2.00059E+06
 2.16375E-01
 7.83625E-01
 2.00059E+06
 2.17073E-01
 7.82927E-01
 2.00059E+06
 2.17771E-01
 7.82229E-01
 2.00059E+06
 2.18470E-01
 7.81530E-01
 2.00059E+06
 2.19168E-01
 7.80832E-01
 2.00059E+06
 2.19866E-01
 7.80134E-01
 2.00059E+06
 2.20564E-01
 7.79436E-01
 2.00059E+06
 2.21262E-01
 7.78738E-01
 2.00059E+06
 2.21960E-01
 7.78040E-01
 2.00059E+06
 2.22658E-01
 7.77342E-01
 2.00059E+06
 2.23356E-01
 7.76644E-01
 2.00059E+06
 2.24054E-01
 7.75946E-01
 2.00059E+06
 2.24751E-01
 7.75249E-01
 2.00059E+06
 2.25449E-01
 7.74551E-01
 2.00059E+06
 2.26146E-01
 7.73854E-01
 2.00059E+06
 2.26844E-01
 7.73156E-01
 2.00059E+06
 2.27541E-01
 7.72459E-01
 2.00059E+06
 2.28238E-01
 7.71762E-01
 2.00059E+06
 2.28935E-01
 7.71065E-01
 2.00059E+06
 2.29632E-01
 7.70368E-01
 2.00059E+06
 2.30329E-01
 7.69671E-01
 2.00059E+06
 2.31025E-01
 7.68975E-01
 2.00059E+06
 2.31722E-01
 7.68278E-01
 2.00059E+06
 2.32418E-01
 7.67582E-01
 2.00059E+06
 2.33114E-01
 7.66886E-01
 2.00059E+06
 2.33809E-01
 7.66191E-01
 2.00059E+06
 2.34505E-01
 7.65495E-01
 2.00059E+06
 2.35200E-01
 7.64800E-01
 2.00059E+06
 2.35896E-01
 7.64104E-01
 2.00059E+06
 2.36591E-01
 7.63409E-01
 2.00059E+06
 2.37285E-01
 7.62715E-01
 2.00059E+06
 2.37980E-01
 7.62020E-01
 2.00059E+06
 2.38674E-01
 7.61326E-01
 2.00059E+06
 2.39368E-01
 7.60632E-01
 2.00059E+06
 2.40061E-01
 7.59939E-01
 2.00059E+06
 2.40755E-01
 7.59245E-01
 2.00059E+06
 2.41448E-01
 7.58552E-01
 2.00059E+06
 2.42141E-01
 7.57859E-01
 2.00059E+06
 2.42833E-01
 7.57167E-01
 2.00059E+06
 2.43525E-01
 7.56475E-01
 2.00059E+06
 2.44217E-01
 7.55783E-01
 2.00059E+06
 2.44909E-01
 7.55091E-01
 2.00059E+06
 2.45600E-01
 7.54400E-01
 2.00059E+06
 2.46291E-01
 7.53709E-01
 2.00059E+06
 2.46981E-01
 7.53019E-01
 2.00059E+06
 2.47671E-01
 7.52329E-01
 2.00059E+06
 2.48361E-01
 7.51639E-01
 2.00059E+06
 2.49051E-01
 7.50949E-01
 2.00059E+06
 2.49740E-01
 7.50260E-01
 2.00059E+06
 2.50428E-01
 7.49572E-01
 2.00059E+06
 2.51117E-01
 7.48883E-01
 2.00059E+06
 2.51804E-01
 7.48196E-01
 2.00059E+06
 2.52492E-01
 7.47508E-01
 2.00059E+06
 2.53179E-01
 7.46821E-01
 2.00059E+06
 2.53866E-01
 7.46134E-01
 2.00059E+06
 2.54552E-01
 7.45448E-01
 2.00059E+06
 2.55238E-01
 7.44762E-01
 2.00059E+06
 2.55923E-01
 7.44077E-01
 2.00059E+06
 2.56608E-01
 7.43392E-01
 2.00059E+06
 2.57292E-01
 7.42708E-01
 2.00059E+06
 2.57976E-01
 7.42024E-01
 2.00059E+06
 2.58659E-01
 7.41341E-01
 2.00059E+06
 2.59342E-01
 7.40658E-01
 2.00059E+06
 2.60024E-01
 7.39976E-01
 2.00059E+06
 2.60706E-01
 7.39294E-01
 2.00059E+06
 2.61388E-01
 7.38612E-01
 2.00059E+06
 2.62069E-01
 7.37931E-01
 2.00059E+06
 2.62749E-01
 7.37251E-01
 2.00059E+06
 2.63429E-01
 7.36571E-01
 2.00059E+06
 2.64108E-01
 7.35892E-01
 2.00059E+06
 2.64787E-01
 7.35213E-01
 2.00059E+06
 2.65465E-01
 7.34535E-01
 2.00059E+06
 2.66143E-01
 7.33857E-01
 2.00059E+06
 2.66820E-01
 7.33180E-01
 2.00059E+06
 2.67496E-01
 7.32504E-01
 2.00059E+06
 2.68172E-01
 7.31828E-01
 2.00059E+06
 2.68848E-01
 7.31152E-01
 2.00059E+06
 2.69522E-01
 7.30478E-01
 2.00059E+06
 2.70196E-01
 7.29804E-01
 2.00059E+06
 2.70870E-01
 7.29130E-01
 2.00059E+06
 2.71543E-01
 7.28457E-01
 2.00059E+06
 2.72215E-01
 7.27785E-01
 2.00059E+06
 2.72887E-01
 7.27113E-01
 2.00059E+06
 2.73558E-01
 7.26442E-01
 2.00059E+06
 2.74228E-01
 7.25772E-01
 2.00059E+06
 2.74898E-01
 7.25102E-01
 2.00059E+06
 2.75567E-01
 7.24433E-01
 2.00059E+06
 2.76236E-01
 7.23764E-01
 2.00059E+06
 2.76904E-01
 7.23096E-01
 2.00059E+06
 2.77571E-01
 7.22429E-01
 2.00059E+06
 2.78237E-01
 7.21763E-01
 2.00059E+06
 2.78903E-01
 7.21097E-01
 2.00059E+06
 2.79568E-01
 7.20432E-01
 2.00059E+06
 2.80232E-01
 7.19768E-01
 2.00059E+06
 2.80896E-01
 7.19104E-01
 2.00059E+06
 2.81559E-01
 7.18441E-01
 2.00059E+06
 2.82221E-01
 7.17779E-01
 2.00059E+06
 2.82883E-01
 7.17117E-01
 2.00059E+06
 2.83543E-01
 7.16457E-01
 2.00059E+06
 2.84203E-01
 7.15797E-01
 2.00059E+06
 2.84862E-01
 7.15138E-01
 2.00059E+06
 2.85521E-01
 7.14479E-01
 2.00059E+06
 2.86179E-01
 7.13821E-01
 2.00059E+06
 2.86836E-01
 7.13164E-01
 2.00059E+06
 2.87492E-01
 7.12508E-01
 2.00059E+06
 2.88147E-01
 7.11853E-01
 2.00059E+06
 2.88802E-01
 7.11198E-01
 2.00059E+06
 2.89456E-01
 7.10544E-01
 2.00059E+06
 2.90109E-01
 7.09891E-01
 2.00059E+06
 2.90761E-01
 7.09239E-01
 2.00059E+06
 2.91412E-01
 7.08588E-01
 2.00059E+06
 2.92063E-01
 7.07937E-01
 2.00059E+06
 2.92712E-01
 7.07288E-01
 2.00059E+06
 2.93361E-01
 7.06639E-01
 2.00059E+06
 2.94009E-01
 7.05991E-01
 2.00059E+06
 2.94657E-01
 7.05343E-01
 2.00059E+06
 2.95303E-01
 7.04697E-01
 2.00059E+06
 2.95949E-01
 7.04051E-01
 2.00059E+06
 2.96594E-01
 7.03406E-01
 2.00059E+06
 2.97237E-01
 7.02763E-01
 2.00059E+06
 2.97880E-01
 7.02120E-01
 2.00059E+06
 2.98523E-01
 7.01477E-01
 2.00059E+06
 2.99164E-01
 7.00836E-01
 2.00059E+06
 2.99804E-01
 7.00196E-01
 2.00059E+06
 3.00444E-01
 6.99556E-01
 2.00059E+06
 3.01083E-01
 6.98917E-01
 2.00059E+06
 3.01720E-01
 6.98280E-01
 2.00059E+06
 3.02357E-01
 6.97643E-01
 2.00059E+06
 3.02993E-01
 6.97007E-01
 2.00059E+06
 3.03628E-01
 6.96372E-01
 2.00059E+06
 3.04263E-01
 6.95737E-01
 2.00059E+06
 3.04896E-01
 6.95104E-01
 2.00059E+06
 3.05528E-01
 6.94472E-01
 2.00059E+06
 3.06160E-01
 6.93840E-01
 2.00059E+06
 3.06790E-01
 6.93210E-01
 2.00059E+06
 3.07420E-01
 6.92580E-01
 2.00059E+06
 3.08048E-01
 6.91952E-01
 2.00059E+06
 3.08676E-01
 6.91324E-01
 2.00059E+06
 3.09303E-01
 6.90697E-01
 2.00059E+06
 3.09929E-01
 6.90071E-01
 2.00059E+06
 3.10554E-01
 6.89446E-01
 2.00059E+06
 3.11177E-01
 6.88823E-01
 2.00059E+06
 3.11800E-01
 6.88200E-01
 2.00059E+06
 3.12422E-01
 6.87578E-01
 2.00059E+06
 3.13043E-01
 6.86957E-01
 2.00059E+06
 3.13663E-01
 6.86337E-01
 2.00059E+06
 3.14283E-01
 6.85717E-01
 2.00059E+06
 3.14901E-01
 6.85099E-01
 2.00059E+06
 3.15518E-01
 6.84482E-01
 2.00059E+06
 3.16134E-01
 6.83866E-01
 2.00059E+06
 3.16749E-01
 6.83251E-01
 2.00059E+06
 3.17363E-01
 6.82637E-01
 2.00059E+06
 3.17976E-01
 6.82024E-01
 2.00059E+06
 3.18589E-01
 6.81411E-01
 2.00059E+06
 3.19200E-01
 6.80800E-01
 2.00059E+06
 3.19810E-01
 6.80190E-01
 2.00059E+06
 3.20419E-01
 6.79581E-01
 2.00059E+06
 3.21027E-01
 6.78973E-01
 2.00059E+06
 3.21634E-01
 6.78366E-01
 2.00059E+06
 3.22240E-01
 6.77760E-01
 2.00059E+06
 3.22845E-01
 6.77155E-01
 2.00059E+06
 3.23449E-01
 6.76551E-01
 2.00059E+06
 3.24052E-01
 6.75948E-01
 2.00059E+06
 3.24653E-01
 6.75347E-01
 2.00059E+06
 3.25254E-01
 6.74746E-01
 2.00059E+06
 3.25854E-01
 6.74146E-01
 2.00059E+06
 3.26453E-01
 6.73547E-01
 2.00059E+06
 3.27050E-01
 6.72950E-01
 2.00059E+06
 3.27647E-01
 6.72353E-01
 2.00059E+06
 3.28243E-01
 6.71757E-01
 2.00059E+06
 3.28837E-01
 6.71163E-01
 2.00059E+06
 3.29431E-01
 6.70569E-01
 2.00059E+06
 3.30023E-01
 6.69977E-01
 2.00059E+06
 3.30614E-01
 6.69386E-01
 2.00059E+06
 3.31205E-01
 6.68795E-01
 2.00059E+06
 3.31794E-01
 6.68206E-01
 2.00059E+06
 3.32382E-01
 6.67618E-01
 2.00059E+06
 3.32969E-01
 6.67031E-01
 2.00059E+06
 3.33555E-01
 6.66445E-01
 2.00059E+06
 3.34140E-01
 6.65860E-01
 2.00059E+06
 3.34724E-01
 6.65276E-01
 2.00059E+06
 3.35307E-01
 6.64693E-01
 2.00059E+06
 3.35889E-01
 6.64111E-01
 2.00059E+06
 3.36469E-01
 6.63531E-01
 2.00059E+06
 3.37049E-01
 6.62951E-01
 2.00059E+06
 3.37628E-01
 6.62372E-01
 2.00059E+06
 3.38205E-01
 6.61795E-01
 2.00059E+06
 3.38781E-01
 6.61219E-01
 2.00059E+06
 3.39357E-01
 6.60643E-01
 2.00059E+06
 3.39931E-01
 6.60069E-01
 2.00059E+06
 3.40504E-01
 6.59496E-01
 2.00059E+06
 3.41076E-01
 6.58924E-01
 2.00059E+06
 3.41647E-01
 6.58353E-01
 2.00059E+06
 3.42217E-01
 6.57783E-01
 2.00059E+06
 3.42785E-01
 6.57215E-01
 2.00059E+06
 3.43353E-01
 6.56647E-01
 2.00059E+06
 3.43920E-01
 6.56080E-01
 2.00059E+06
 3.44485E-01
 6.55515E-01
 2.00059E+06
 3.45049E-01
 6.54951E-01
 2.00059E+06
 3.45613E-01
 6.54387E-01
 2.00059E+06
 3.46175E-01
 6.53825E-01
 2.00059E+06
 3.46736E-01
 6.53264E-01
 2.00059E+06
 3.47296E-01
 6.52704E-01
 2.00059E+06
 3.47855E-01
 6.52145E-01
 2.00059E+06
 3.48413E-01
 6.51587E-01
 2.00059E+06
 3.48969E-01
 6.51031E-01
 2.00059E+06
 3.49525E-01
 6.50475E-01
 2.00059E+06
 3.50079E-01
 6.49921E-01
 2.00059E+06
 3.50633E-01
 6.49367E-01
 2.00059E+06
 3.51185E-01
 6.48815E-01
 2.00059E+06
 3.51736E-01
 6.48264E-01
 2.00059E+06
 3.52286E-01
 6.47714E-01
 2.00059E+06
 3.52835E-01
 6.47165E-01
 2.00059E+06
 3.53383E-01
 6.46617E-01
 2.00059E+06
 3.53930E-01
 6.46070E-01
 2.00059E+06
 3.54475E-01
 6.45525E-01
 2.00059E+06
 3.55020E-01
 6.44980E-01
 2.00059E+06
 3.55563E-01
 6.44437E-01
 2.00059E+06
 3.56105E-01
 6.43895E-01
 2.00059E+06
 3.56647E-01
 6.43353E-01
 2.00059E+06
 3.57187E-01
 6.42813E-01
 2.00059E+06
 3.57726E-01
 6.42274E-01
 2.00059E+06
 3.58264E-01
 6.41736E-01
 2.00059E+06
 3.58800E-01
 6.41200E-01
 2.00059E+06
 3.59336E-01
 6.40664E-01
 2.00059E+06
 3.59870E-01
 6.40130E-01
 2.00059E+06
 3.60404E-01
 6.39596E-01
 2.00059E+06
 3.60936E-01
 6.39064E-01
 2.00059E+06
 3.61467E-01
 6.38533E-01
 2.00059E+06
 3.61997E-01
 6.38003E-01
 2.00059E+06
 3.62526E-01
 6.37474E-01
 2.00059E+06
 3.63054E-01
 6.36946E-01
 2.00059E+06
 3.63581E-01
 6.36419E-01
 2.00059E+06
 3.64107E-01
 6.35893E-01
 2.00059E+06
 3.64632E-01
 6.35368E-01
 2.00059E+06
 3.65155E-01
 6.34845E-01
 2.00059E+06
 3.65678E-01
 6.34322E-01
 2.00059E+06
 3.66199E-01
 6.33801E-01
 2.00059E+06
 3.66719E-01
 6.33281E-01
 2.00059E+06
 3.67238E-01
 6.32762E-01
 2.00059E+06
 3.67756E-01
 6.32244E-01
 2.00059E+06
 3.68273E-01
 6.31727E-01
 2.00059E+06
 3.68789E-01
 6.31211E-01
 2.00059E+06
 3.69304E-01
 6.30696E-01
 2.00059E+06
 3.69818E-01
 6.30182E-01
 2.00059E+06
 3.70331E-01
 6.29669E-01
 2.00059E+06
 3.70842E-01
 6.29158E-01
 2.00059E+06
 3.71353E-01
 6.28647E-01
 2.00059E+06
 3.71862E-01
 6.28138E-01
 2.00059E+06
 3.72371E-01
 6.27629E-01
 2.00059E+06
 3.72878E-01
 6.27122E-01
 2.00059E+06
 3.73384E-01
 6.26616E-01
 2.00059E+06
 3.73889E-01
 6.26111E-01
 2.00059E+06
 3.74393E-01
 6.25607E-01
 2.00059E+06
 3.74896E-01
 6.25104E-01
 2.00059E+06
 3.75398E-01
 6.24602E-01
 2.00059E+06
 3.75899E-01
 6.24101E-01
 2.00059E+06
 3.76399E-01
 6.23601E-01
 2.00059E+06
 3.76898E-01
 6.23102E-01
 2.00059E+06
 3.77396E-01
 6.22604E-01
 2.00059E+06
 3.77892E-01
 6.22108E-01
 2.00059E+06
 3.78388E-01
 6.21612E-01
 2.00059E+06
 3.78882E-01
 6.21118E-01
 2.00059E+06
 3.79376E-01
 6.20624E-01
 2.00059E+06
 3.79868E-01
 6.20132E-01
 2.00059E+06
 3.80359E-01
 6.19641E-01
 2.00059E+06
 3.80850E-01
 6.19150E-01
 2.00059E+06
 3.81339E-01
 6.18661E-01
 2.00059E+06
 3.81827E-01
 6.18173E-01
 2.00059E+06
 3.82314E-01
 6.17686E-01
 2.00059E+06
 3.82801E-01
 6.17199E-01
 2.00059E+06
 3.83286E-01
 6.16714E-01
 2.00059E+06
 3.83770E-01
 6.16230E-01
 2.00059E+06
 3.84253E-01
 6.15747E-01
 2.00059E+06
 3.84735E-01
 6.15265E-01
 2.00059E+06
 3.85216E-01
 6.14784E-01
 2.00059E+06
 3.85696E-01
 6.14304E-01
 2.00059E+06
 3.86175E-01
 6.13825E-01
 2.00059E+06
 3.86653E-01
 6.13347E-01
 2.00059E+06
 3.87130E-01
 6.12870E-01
 2.00059E+06
 3.87606E-01
 6.12394E-01
 2.00059E+06
 3.88080E-01
 6.11920E-01
 2.00059E+06
 3.88554E-01
 6.11446E-01
 2.00059E+06
 3.89027E-01
 6.10973E-01
 2.00059E+06
 3.89499E-01
 6.10501E-01
 2.00059E+06
 3.89970E-01
 6.10030E-01
 2.00059E+06
 3.90440E-01
 6.09560E-01
 2.00059E+06
 3.90908E-01
 6.09092E-01
 2.00059E+06
 3.91376E-01
 6.08624E-01
 2.00059E+06
 3.91843E-01
 6.08157E-01
 2.00059E+06
 3.92309E-01
 6.07691E-01
 2.00059E+06
 3.92774E-01
 6.07226E-01
 2.00059E+06
 3.93237E-01
 6.06763E-01
 2.00059E+06
 3.93700E-01
 6.06300E-01
 2.00059E+06
 3.94162E-01
 6.05838E-01
 2.00059E+06
 3.94623E-01
 6.05377E-01
 2.00059E+06
 3.95083E-01
 6.04917E-01
 2.00059E+06
 3.95542E-01
 6.04458E-01
 2.00059E+06
 3.96000E-01
 6.04000E-01
 2.00059E+06
 3.96457E-01
 6.03543E-01
 2.00059E+06
 3.96913E-01
 6.03087E-01
 2.00059E+06
 3.97368E-01
 6.02632E-01
 2.00059E+06
 3.97822E-01
 6.02178E-01
 2.00059E+06
 3.98275E-01
 6.01725E-01
 2.00059E+06
 3.98727E-01
 6.01273E-01
 2.00059E+06
 3.99178E-01
 6.00822E-01
 2.00059E+06
 3.99629E-01
 6.00371E-01
 2.00059E+06
 4.00078E-01
 5.99922E-01
 2.00059E+06
 4.00526E-01
 5.99474E-01
 2.00059E+06
 4.00974E-01
 5.99026E-01
 2.00059E+06
 4.01420E-01
 5.98580E-01
 2.00059E+06
 4.01866E-01
 5.98134E-01
 2.00059E+06
 4.02311E-01
 5.97689E-01
 2.00059E+06
 4.02754E-01
 5.97246E-01
 2.00059E+06
 4.03197E-01
 5.96803E-01
 2.00059E+06
 4.03639E-01
 5.96361E-01
 2.00059E+06
 4.04080E-01
 5.95920E-01
 2.00059E+06
 4.04520E-01
 5.95480E-01
 2.00059E+06
 4.04959E-01
 5.95041E-01
 2.00059E+06
 4.05397E-01
 5.94603E-01
 2.00059E+06
 4.05835E-01
 5.94165E-01
 2.00059E+06
 4.06271E-01
 5.93729E-01
 2.00059E+06
 4.06707E-01
 5.93293E-01
 2.00059E+06
 4.07141E-01
 5.92859E-01
 2.00059E+06
 4.07575E-01
 5.92425E-01
 2.00059E+06
 4.08008E-01
 5.91992E-01
 2.00059E+06
 4.08439E-01
 5.91561E-01
 2.00059E+06
 4.08870E-01
 5.91130E-01
 2.00059E+06
 4.09301E-01
 5.90699E-01
 2.00059E+06
 4.09730E-01
 5.90270E-01
 2.00059E+06
 4.10158E-01
 5.89842E-01
 2.00059E+06
 4.10586E-01
 5.89414E-01
 2.00059E+06
 4.11012E-01
 5.88988E-01
 2.00059E+06
 4.11438E-01
 5.88562E-01
 2.00059E+06
 4.11863E-01
 5.88137E-01
 2.00059E+06
 4.12287E-01
 5.87713E-01
 2.00059E+06
 4.12710E-01
 5.87290E-01
 2.00059E+06
 4.13132E-01
 5.86868E-01
 2.00059E+06
 4.13554E-01
 5.86446E-01
 2.00059E+06
 4.13974E-01
 5.86026E-01
 2.00059E+06
 4.14394E-01
 5.85606E-01
 2.00059E+06
 4.14813E-01
 5.85187E-01
 2.00059E+06
 4.15231E-01
 5.84769E-01
 2.00059E+06
 4.15648E-01
 5.84352E-01
 2.00059E+06
 4.16064E-01
 5.83936E-01
 2.00059E+06
 4.16480E-01
 5.83520E-01
 2.00059E+06
 4.16894E-01
 5.83106E-01
 2.00059E+06
 4.17308E-01
 5.82692E-01
 2.00059E+06
 4.17721E-01
 5.82279E-01
 2.00059E+06
 4.18133E-01
 5.81867E-01
 2.00059E+06
 4.18545E-01
 5.81455E-01
 2.00059E+06
 4.18955E-01
 5.81045E-01
 2.00059E+06
 4.19365E-01
 5.80635E-01
 2.00059E+06
 4.19774E-01
 5.80226E-01
 2.00059E+06
 4.20182E-01
 5.79818E-01
 2.00059E+06
 4.20589E-01
 5.79411E-01
 2.00059E+06
 4.20995E-01
 5.79005E-01
 2.00059E+06
 4.21401E-01
 5.78599E-01
 2.00059E+06
 4.21806E-01
 5.78194E-01
 2.00059E+06
 4.22210E-01
 5.77790E-01
 2.00059E+06
 4.22613E-01
 5.77387E-01
 2.00059E+06
 4.23015E-01
 5.76985E-01
 2.00059E+06
 4.23417E-01
 5.76583E-01
 2.00059E+06
 4.23818E-01
 5.76182E-01
 2.00059E+06
 4.24218E-01
 5.75782E-01
 2.00059E+06
 4.24617E-01
 5.75383E-01
 2.00059E+06
 4.25016E-01
 5.74984E-01
 2.00059E+06
 4.25414E-01
 5.74586E-01
 2.00059E+06
 4.25811E-01
 5.74189E-01
 2.00059E+06
 4.26207E-01
 5.73793E-01
 2.00060E+06
 4.26602E-01
 5.73398E-01
 2.00060E+06
 4.26997E-01
 5.73003E-01
 2.00060E+06
 4.27391E-01
 5.72609E-01
 2.00060E+06
 4.27784E-01
 5.72216E-01
 2.00060E+06
 4.28176E-01
 5.71824E-01
 2.00060E+06
 4.28568E-01
 5.71432E-01
 2.00060E+06
 4.28959E-01
 5.71041E-01
 2.00060E+06
 4.29349E-01
 5.70651E-01
 2.00060E+06
 4.29738E-01
 5.70262E-01
 2.00060E+06
 4.30127E-01
 5.69873E-01
 2.00060E+06
 4.30515E-01
 5.69485E-01
 2.00060E+06
 4.30902E-01
 5.69098E-01
 2.00060E+06
 4.31288E-01
 5.68712E-01
 2.00060E+06
 4.31674E-01
 5.68326E-01
 2.00060E+06
 4.32059E-01
 5.67941E-01
 2.00060E+06
 4.32443E-01
 5.67557E-01
 2.00060E+06
 4.32827E-01
 5.67173E-01
 2.00060E+06
 4.33210E-01
 5.66790E-01
 2.00060E+06
 4.33592E-01
 5.66408E-01
 2.00060E+06
 4.33973E-01
 5.66027E-01
 2.00060E+06
 4.34354E-01
 5.65646E-01
 2.00060E+06
 4.34734E-01
 5.65266E-01
 2.00060E+06
 4.35113E-01
 5.64887E-01
 2.00060E+06
 4.35491E-01
 5.64509E-01
 2.00060E+06
 4.35869E-01
 5.64131E-01
 2.00060E+06
 4.36246E-01
 5.63754E-01
 2.00060E+06
 4.36623E-01
 5.63377E-01
 2.00060E+06
 4.36999E-01
 5.63001E-01
 2.00060E+06
 4.37374E-01
 5.62626E-01
 2.00060E+06
 4.37748E-01
 5.62252E-01
 2.00060E+06
 4.38122E-01
 5.61878E-01
 2.00060E+06
 4.38495E-01
 5.61505E-01
 2.00060E+06
 4.38867E-01
 5.61133E-01
 2.00060E+06
 4.39239E-01
 5.60761E-01
 2.00060E+06
 4.39610E-01
 5.60390E-01
 2.00060E+06
 4.39980E-01
 5.60020E-01
 2.00060E+06
 4.40350E-01
 5.59650E-01
 2.00060E+06
 4.40719E-01
 5.59281E-01
 2.00060E+06
 4.41087E-01
 5.58913E-01
 2.00060E+06
 4.41455E-01
 5.58545E-01
 2.00060E+06
 4.41822E-01
 5.58178E-01
 2.00060E+06
 4.42188E-01
 5.57812E-01
 2.00060E+06
 4.42554E-01
 5.57446E-01
 2.00060E+06
 4.42919E-01
 5.57081E-01
 2.00060E+06
 4.43283E-01
 5.56717E-01
 2.00060E+06
 4.43647E-01
 5.56353E-01
 2.00060E+06
 4.44010E-01
 5.55990E-01
 2.00060E+06
 4.44372E-01
 5.55628E-01
 2.00060E+06
 4.44734E-01
 5.55266E-01
 2.00060E+06
 4.45095E-01
 5.54905E-01
 2.00060E+06
 4.45456E-01
 5.54544E-01
 2.00060E+06
 4.45815E-01
 5.54185E-01
 2.00060E+06
 4.46175E-01
 5.53825E-01
 2.00060E+06
 4.46533E-01
 5.53467E-01
 2.00060E+06
 4.46891E-01
 5.53109E-01
 2.00060E+06
 4.47248E-01
 5.52752E-01
 2.00060E+06
 4.47605E-01
 5.52395E-01
 2.00060E+06
 4.47961E-01
 5.52039E-01
 2.00060E+06
 4.48317E-01
 5.51683E-01
 2.00060E+06
 4.48672E-01
 5.51328E-01
 2.00060E+06
 4.49026E-01
 5.50974E-01
 2.00060E+06
 4.49379E-01
 5.50621E-01
 2.00060E+06
 4.49732E-01
 5.50268E-01
 2.00060E+06
 4.50085E-01
 5.49915E-01
 2.00060E+06
 4.50437E-01
 5.49563E-01
 2.00060E+06
 4.50788E-01
 5.49212E-01
 2.00060E+06
 4.51139E-01
 5.48861E-01
 2.00060E+06
 4.51489E-01
 5.48511E-01
 2.00060E+06
 4.51838E-01
 5.48162E-01
 2.00060E+06
 4.52187E-01
 5.47813E-01
 2.00060E+06
 4.52535E-01
 5.47465E-01
 2.00060E+06
 4.52883E-01
 5.47117E-01
 2.00060E+06
 4.53230E-01
 5.46770E-01
 2.00060E+06
 4.53576E-01
 5.46424E-01
 2.00060E+06
 4.53922E-01
 5.46078E-01
 2.00060E+06
 4.54267E-01
 5.45733E-01
 2.00060E+06
 4.54612E-01
 5.45388E-01
 2.00060E+06
 4.54956E-01
 5.45044E-01
 2.00060E+06
 4.55300E-01
 5.44700E-01
 2.00060E+06
 4.55643E-01
 5.44357E-01
 2.00060E+06
 4.55985E-01
 5.44015E-01
 2.00060E+06
 4.56327E-01
 5.43673E-01
 2.00060E+06
 4.56669E-01
 5.43331E-01
 2.00060E+06
 4.57009E-01
 5.42991E-01
 2.00060E+06
 4.57350E-01
 5.42650E-01
 2.00060E+06
 4.57689E-01
 5.42311E-01
 2.00060E+06
 4.58028E-01
 5.41972E-01
 2.00060E+06
 4.58367E-01
 5.41633E-01
 2.00060E+06
 4.58705E-01
 5.41295E-01
 2.00060E+06
 4.59042E-01
 5.40958E-01
 2.00060E+06
 4.59379E-01
 5.40621E-01
 2.00060E+06
 4.59715E-01
 5.40285E-01
 2.00060E+06
 4.60051E-01
 5.39949E-01
 2.00060E+06
 4.60386E-01
 5.39614E-01
 2.00060E+06
 4.60721E-01
 5.39279E-01
 2.00060E+06
 4.61055E-01
 5.38945E-01
 2.00060E+06
 4.61389E-01
 5.38611E-01
 2.00060E+06
 4.61722E-01
 5.38278E-01
 2.00060E+06
 4.62055E-01
 5.37945E-01
 2.00060E+06
 4.62387E-01
 5.37613E-01
 2.00060E+06
 4.62718E-01
 5.37282E-01
 2.00060E+06
 4.63049E-01
 5.36951E-01
 2.00060E+06
 4.63380E-01
 5.36620E-01
 2.00060E+06
 4.63710E-01
 5.36290E-01
 2.00060E+06
 4.64039E-01
 5.35961E-01
 2.00060E+06
 4.64368E-01
 5.35632E-01
 2.00060E+06
 4.64696E-01
 5.35304E-01
 2.00060E+06
 4.65024E-01
 5.34976E-01
 2.00060E+06
 4.65352E-01
 5.34648E-01
 2.00060E+06
 4.65679E-01
 5.34321E-01
 2.00060E+06
 4.66005E-01
 5.33995E-01
 2.00060E+06
 4.66331E-01
 5.33669E-01
 2.00060E+06
 4.66656E-01
 5.33344E-01
 2.00060E+06
 4.66981E-01
 5.33019E-01
 2.00060E+06
 4.67305E-01
 5.32695E-01
 2.00060E+06
 4.67629E-01
 5.32371E-01
 2.00060E+06
 4.67953E-01
 5.32047E-01
 2.00060E+06
 4.68275E-01
 5.31725E-01
 2.00060E+06
 4.68598E-01
 5.31402E-01
 2.00060E+06
 4.68920E-01
 5.31080E-01
 2.00060E+06
 4.69241E-01
 5.30759E-01
 2.00060E+06
 4.69562E-01
 5.30438E-01
 2.00060E+06
 4.69882E-01
 5.30118E-01
 2.00060E+06
 4.70202E-01
 5.29798E-01
 2.00060E+06
 4.70521E-01
 5.29479E-01
 2.00060E+06
 4.70840E-01
 5.29160E-01
 2.00060E+06
 4.71159E-01
 5.28841E-01
 2.00060E+06
 4.71477E-01
 5.28523E-01
 2.00060E+06
 4.71794E-01
 5.28206E-01
 2.00060E+06
 4.72111E-01
 5.27889E-01
 2.00060E+06
 4.72428E-01
 5.27572E-01
 2.00060E+06
 4.72744E-01
 5.27256E-01
 2.00060E+06
 4.73059E-01
 5.26941E-01
 2.00060E+06
 4.73374E-01
 5.26626E-01
 2.00060E+06
 4.73689E-01
 5.26311E-01
 2.00060E+06
 4.74003E-01
 5.25997E-01
 2.00060E+06
 4.74317E-01
 5.25683E-01
 2.00060E+06
 4.74630E-01
 5.25370E-01
 2.00060E+06
 4.74943E-01
 5.25057E-01
 2.00060E+06
 4.75255E-01
 5.24745E-01
 2.00060E+06
 4.75567E-01
 5.24433E-01
 2.00060E+06
 4.75878E-01
 5.24122E-01
 2.00060E+06
 4.76189E-01
 5.23811E-01
 2.00060E+06
 4.76499E-01
 5.23501E-01
 2.00060E+06
 4.76809E-01
 5.23191E-01
 2.00060E+06
 4.77119E-01
 5.22881E-01
 2.00060E+06
 4.77428E-01
 5.22572E-01
 2.00060E+06
 4.77737E-01
 5.22263E-01
 2.00060E+06
 4.78045E-01
 5.21955E-01
 2.00060E+06
 4.78353E-01
 5.21647E-01
 2.00060E+06
 4.78660E-01
 5.21340E-01
 2.00060E+06
 4.78967E-01
 5.21033E-01
 2.00060E+06
 4.79273E-01
 5.20727E-01
 2.00060E+06
 4.79579E-01
 5.20421E-01
 2.00060E+06
 4.79885E-01
 5.20115E-01
 2.00060E+06
 4.80190E-01
 5.19810E-01
 2.00060E+06
 4.80495E-01
 5.19505E-01
 2.00060E+06
 4.80799E-01
 5.19201E-01
 2.00060E+06
 4.81103E-01
 5.18897E-01
 2.00060E+06
 4.81406E-01
 5.18594E-01
 2.00060E+06
 4.81709E-01
 5.18291E-01
 2.00060E+06
 4.82012E-01
 5.17988E-01
 2.00060E+06
 4.82314E-01
 5.17686E-01
 2.00060E+06
 4.82615E-01
 5.17385E-01
 2.00060E+06
 4.82917E-01
 5.17083E-01
 2.00060E+06
 4.83217E-01
 5.16783E-01
 2.00060E+06
 4.83518E-01
 5.16482E-01
 2.00060E+06
 4.83818E-01
 5.16182E-01
 2.00060E+06
 4.84117E-01
 5.15883E-01
 2.00060E+06
 4.84417E-01
 5.15583E-01
 2.00060E+06
 4.84715E-01
 5.15285E-01
 2.00060E+06
 4.85014E-01
 5.14986E-01
 2.00060E+06
 4.85312E-01
 5.14688E-01
 2.00060E+06
 4.85609E-01
 5.14391E-01
 2.00060E+06
 4.85906E-01
 5.14094E-01
 2.00060E+06
 4.86203E-01
 5.13797E-01
 2.00060E+06
 4.86499E-01
 5.13501E-01
 2.00060E+06
 4.86795E-01
 5.13205E-01
 2.00060E+06
 4.87091E-01
 5.12909E-01
 2.00060E+06
 4.87386E-01
 5.12614E-01
 2.00060E+06
 4.87680E-01
 5.12320E-01
 2.00060E+06
 4.87975E-01
 5.12025E-01
 2.00060E+06
 4.88269E-01
 5.11731E-01
 2.00060E+06
 4.88562E-01
 5.11438E-01
 2.00060E+06
 4.88855E-01
 5.11145E-01
 2.00060E+06
 4.89148E-01
 5.10852E-01
 2.00060E+06
 4.89440E-01
 5.10560E-01
 2.00060E+06
 4.89732E-01
 5.10268E-01
 2.00060E+06
 4.90024E-01
 5.09976E-01
 2.00060E+06
 4.90315E-01
 5.09685E-01
 2.00060E+06
 4.90605E-01
 5.09395E-01
 2.00060E+06
 4.90896E-01
 5.09104E-01
 2.00060E+06
 4.91186E-01
 5.08814E-01
 2.00060E+06
 4.91475E-01
 5.08525E-01
 2.00060E+06
 4.91764E-01
 5.08236E-01
 2.00060E+06
 4.92053E-01
 5.07947E-01
 2.00060E+06
 4.92341E-01
 5.07659E-01
 2.00060E+06
 4.92629E-01
 5.07371E-01
 2.00060E+06
 4.92917E-01
 5.07083E-01
 2.00060E+06
 4.93204E-01
 5.06796E-01
 2.00060E+06
 4.93491E-01
 5.06509E-01
 2.00060E+06
 4.93777E-01
 5.06223E-01
 2.00060E+06
 4.94064E-01
 5.05936E-01
 2.00060E+06
 4.94349E-01
 5.05651E-01
 2.00060E+06
 4.94635E-01
 5.05365E-01
 2.00060E+06
 4.94919E-01
 5.05081E-01
 2.00060E+06
 4.95204E-01
 5.04796E-01
 2.00060E+06
 4.95488E-01
 5.04512E-01
 2.00060E+06
 4.95772E-01
 5.04228E-01
 2.00060E+06
 4.96056E-01
 5.03944E-01
 2.00060E+06
 4.96339E-01
 5.03661E-01
 2.00060E+06
 4.96621E-01
 5.03379E-01
 2.00060E+06
 4.96904E-01
 5.03096E-01
 2.00060E+06
 4.97186E-01
 5.02814E-01
 2.00060E+06
 4.97467E-01
 5.02533E-01
 2.00060E+06
 4.97749E-01
 5.02251E-01
 2.00060E+06
 4.98030E-01
 5.01970E-01
 2.00060E+06
 4.98310E-01
 5.01690E-01
 2.00060E+06
 4.98590E-01
 5.01410E-01
 2.00060E+06
 4.98870E-01
 5.01130E-01
 2.00060E+06
 4.99150E-01
 5.00850E-01
 2.00060E+06
 4.99429E-01
 5.00571E-01
 2.00060E+06
 4.99708E-01
 5.00292E-01
 2.00060E+06
 4.99986E-01
 5.00014E-01
 2.00060E+06
 5.00264E-01
 4.99736E-01
 2.00060E+06
 5.00542E-01
 4.99458E-01
 2.00060E+06
 5.00819E-01
 4.99181E-01
 2.00060E+06
 5.01096E-01
 4.98904E-01
 2.00060E+06
 5.01373E-01
 4.98627E-01
 2.00060E+06
 5.01649E-01
 4.98351E-01
 2.00060E+06
 5.01925E-01
 4.98075E-01
 2.00060E+06
 5.02201E-01
 4.97799E-01
 2.00060E+06
 5.02476E-01
 4.97524E-01
 2.00060E+06
 5.02751E-01
 4.97249E-01
 2.00060E+06
 5.03026E-01
 4.96974E-01
 2.00060E+06
 5.03300E-01
 4.96700E-01
 2.00060E+06
 5.03574E-01
 4.96426E-01
 2.00060E+06
 5.03848E-01
 4.96152E-01
 2.00060E+06
 5.04121E-01
 4.95879E-01
 2.00060E+06
 5.04394E-01
 4.95606E-01
 2.00060E+06
 5.04667E-01
 4.95333E-01
 2.00060E+06
 5.04939E-01
 4.95061E-01
 2.00060E+06
 5.05211E-01
 4.94789E-01
 2.00060E+06
 5.05482E-01
 4.94518E-01
 2.00060E+06
 5.05754E-01
 4.94246E-01
 2.00060E+06
 5.06025E-01
 4.93975E-01
 2.00060E+06
 5.06295E-01
 4.93705E-01
 2.00060E+06
 5.06565E-01
 4.93435E-01
 2.00060E+06
 5.06835E-01
 4.93165E-01
 2.00060E+06
 5.07105E-01
 4.92895E-01
 2.00060E+06
 5.07374E-01
 4.92626E-01
 2.00060E+06
 5.07643E-01
 4.92357E-01
 2.00060E+06
 5.07912E-01
 4.92088E-01
 2.00060E+06
 5.08180E-01
 4.91820E-01
 2.00060E+06
 5.08448E-01
 4.91552E-01
 2.00060E+06
 5.08716E-01
 4.91284E-01
 2.00060E+06
 5.08983E-01
 4.91017E-01
 2.00060E+06
 5.09250E-01
 4.90750E-01
 2.00060E+06
 5.09517E-01
 4.90483E-01
 2.00060E+06
 5.09783E-01
 4.90217E-01
 2.00060E+06
 5.10049E-01
 4.89951E-01
 2.00060E+06
 5.10315E-01
 4.89685E-01
 2.00060E+06
 5.10580E-01
 4.89420E-01
 2.00060E+06
 5.10845E-01
 4.89155E-01
 2.00060E+06
 5.11110E-01
 4.88890E-01
 2.00060E+06
 5.11375E-01
 4.88625E-01
 2.00060E+06
 5.11639E-01
 4.88361E-01
 2.00060E+06
 5.11903E-01
 4.88097E-01
 2.00060E+06
 5.12166E-01
 4.87834E-01
 2.00060E+06
 5.12429E-01
 4.87571E-01
 2.00060E+06
 5.12692E-01
 4.87308E-01
 2.00060E+06
 5.12955E-01
 4.87045E-01
 2.00060E+06
 5.13217E-01
 4.86783E-01
 2.00060E+06
 5.13479E-01
 4.86521E-01
 2.00060E+06
 5.13741E-01
 4.86259E-01
 2.00060E+06
 5.14002E-01
 4.85998E-01
 2.00060E+06
 5.14263E-01
 4.85737E-01
 2.00060E+06
 5.14524E-01
 4.85476E-01
 2.00060E+06
 5.14784E-01
 4.85216E-01
 2.00060E+06
 5.15044E-01
 4.84956E-01
 2.00060E+06
 5.15304E-01
 4.84696E-01
 2.00060E+06
 5.15564E-01
 4.84436E-01
 2.00060E+06
 5.15823E-01
 4.84177E-01
 2.00060E+06
 5.16082E-01
 4.83918E-01
 2.00060E+06
 5.16340E-01
 4.83660E-01
 2.00060E+06
 5.16599E-01
 4.83401E-01
 2.00060E+06
 5.16857E-01
 4.83143E-01
 2.00060E+06
 5.17114E-01
 4.82886E-01
 2.00060E+06
 5.17372E-01
 4.82628E-01
 2.00060E+06
 5.17629E-01
 4.82371E-01
 2.00060E+06
 5.17886E-01
 4.82114E-01
 2.00060E+06
 5.18142E-01
 4.81858E-01
 2.00060E+06
 5.18399E-01
 4.81601E-01
 2.00060E+06
 5.18655E-01
 4.81345E-01
 2.00060E+06
 5.18910E-01
 4.81090E-01
 2.00060E+06
 5.19166E-01
 4.80834E-01
 2.00060E+06
 5.19421E-01
 4.80579E-01
 2.00060E+06
 5.19676E-01
 4.80324E-01
 2.00060E+06
 5.19930E-01
 4.80070E-01
 2.00060E+06
 5.20185E-01
 4.79815E-01
 2.00060E+06
 5.20438E-01
 4.79562E-01
 2.00060E+06
 5.20692E-01
 4.79308E-01
 2.00060E+06
 5.20946E-01
 4.79054E-01
 2.00060E+06
 5.21199E-01
 4.78801E-01
 2.00060E+06
 5.21451E-01
 4.78549E-01
 2.00060E+06
 5.21704E-01
 4.78296E-01
 2.00060E+06
 5.21956E-01
 4.78044E-01
 2.00060E+06
 5.22208E-01
 4.77792E-01
 2.00060E+06
 5.22460E-01
 4.77540E-01
 2.00060E+06
 5.22711E-01
 4.77289E-01
 2.00060E+06
 5.22963E-01
 4.77037E-01
 2.00060E+06
 5.23213E-01
 4.76787E-01
 2.00060E+06
 5.23464E-01
 4.76536E-01
 2.00060E+06
 5.23714E-01
 4.76286E-01
 2.00060E+06
 5.23964E-01
 4.76036E-01
 2.00060E+06
 5.24214E-01
 4.75786E-01
 2.00060E+06
 5.24463E-01
 4.75537E-01
 2.00060E+06
 5.24713E-01
 4.75287E-01
 2.00060E+06
 5.24962E-01
 4.75038E-01
 2.00060E+06
 5.25210E-01
 4.74790E-01
 2.00060E+06
 5.25459E-01
 4.74541E-01
 2.00060E+06
 5.25707E-01
 4.74293E-01
 2.00060E+06
 5.25955E-01
 4.74045E-01
 2.00060E+06
 5.26202E-01
 4.73798E-01
 2.00060E+06
 5.26450E-01
 4.73550E-01
 2.00060E+06
 5.26697E-01
 4.73303E-01
 2.00060E+06
 5.26943E-01
 4.73057E-01
 2.00060E+06
 5.27190E-01
 4.72810E-01
 2.00060E+06
 5.27436E-01
 4.72564E-01
 2.00060E+06
 5.27682E-01
 4.72318E-01
 2.00060E+06
 5.27928E-01
 4.72072E-01
 2.00060E+06
 5.28173E-01
 4.71827E-01
 2.00060E+06
 5.28418E-01
 4.71582E-01
