 2.00001E+06
 0.00000E+00
 1.00000E+00
 2.00001E+06
 0.00000E+00
 1.00000E+00
 2.00040E+06
 0.00000E+00
 1.00000E+00
 2.00069E+06
 0.00000E+00
 1.00000E+00
 2.00091E+06
 0.00000E+00
 1.00000E+00
 2.00107E+06
 0.00000E+00
 1.00000E+00
 2.00116E+06
 0.00000E+00
 1.00000E+00
 2.00121E+06
 0.00000E+00
 1.00000E+00
 2.00124E+06
 0.00000E+00
 1.00000E+00
 2.00126E+06
 0.00000E+00
 1.00000E+00
 2.00128E+06
 0.00000E+00
 1.00000E+00
 2.00128E+06
 0.00000E+00
 1.00000E+00
 2.00129E+06
 0.00000E+00
 1.00000E+00
 2.00129E+06
 0.00000E+00
 1.00000E+00
 2.00129E+06
 0.00000E+00
 1.00000E+00
 2.00129E+06
 0.00000E+00
 1.00000E+00
 2.00129E+06
 0.00000E+00
 1.00000E+00
 2.00129E+06
 0.00000E+00
 1.00000E+00
 2.00129E+06
 0.00000E+00
 1.00000E+00
 2.00129E+06
 0.00000E+00
 1.00000E+00
 2.00129E+06
 0.00000E+00
 1.00000E+00
 2.00129E+06
 0.00000E+00
 1.00000E+00
 2.00129E+06
 0.00000E+00
 1.00000E+00
 2.00129E+06
 0.00000E+00
 1.00000E+00
 2.00129E+06
 0.00000E+00
 1.00000E+00
 2.00129E+06
 0.00000E+00
 1.00000E+00
 2.00129E+06
 0.00000E+00
 1.00000E+00
 2.00129E+06
 0.00000E+00
 1.00000E+00
 2.00129E+06
 0.00000E+00
 1.00000E+00
 2.00129E+06
 0.00000E+00
 1.00000E+00
 2.00129E+06
 0.00000E+00
 1.00000E+00
 2.00129E+06
 0.00000E+00
 1.00000E+00
 2.00129E+06
 0.00000E+00
 1.00000E+00
 2.00129E+06
 0.00000E+00
 1.00000E+00
 2.00129E+06
 0.00000E+00
 1.00000E+00
 2.00129E+06
 0.00000E+00
 1.00000E+00
 2.00129E+06
 0.00000E+00
 1.00000E+00
 2.00129E+06
 0.00000E+00
 1.00000E+00
 2.00129E+06
 0.00000E+00
 1.00000E+00
 2.00129E+06
 9.93378E-52
 1.00000E+00
 2.00129E+06
 3.73541E-50
 1.00000E+00
 2.00129E+06
 7.18817E-49
 1.00000E+00
 2.00129E+06
 9.43471E-48
 1.00000E+00
 2.00129E+06
 9.49851E-47
 1.00000E+00
 2.00129E+06
 7.82095E-46
 1.00000E+00
 2.00129E+06
 5.48407E-45
 1.00000E+00
 2.00129E+06
 3.36708E-44
 1.00000E+00
 2.00129E+06
 1.84716E-43
 1.00000E+00
 2.00129E+06
 9.19462E-43
 1.00000E+00
 2.00129E+06
 4.20321E-42
 1.00000E+00
 2.00129E+06
 1.78179E-41
 1.00000E+00
 2.00129E+06
 7.06015E-41
 1.00000E+00
 2.00129E+06
 2.63230E-40
 1.00000E+00
 2.00129E+06
 9.28658E-40
 1.00000E+00
 2.00129E+06
 3.11501E-39
 1.00000E+00
 2.00129E+06
 9.97571E-39
 1.00000E+00
 2.00129E+06
 3.06112E-38
 1.00000E+00
 2.00129E+06
 9.02914E-38
 1.00000E+00
 2.00129E+06
 2.56721E-37
 1.00000E+00
 2.00129E+06
 7.05358E-37
 1.00000E+00
 2.00129E+06
 1.87699E-36
 1.00000E+00
 2.00129E+06
 4.84718E-36
 1.00000E+00
 2.00129E+06
 1.21697E-35
 1.00000E+00
 2.00129E+06
 2.97544E-35
 1.00000E+00
 2.00129E+06
 7.09499E-35
 1.00000E+00
 2.00129E+06
 1.65225E-34
 1.00000E+00
 2.00129E+06
 3.76240E-34
 1.00000E+00
 2.00129E+06
 8.38733E-34
 1.00000E+00
 2.00129E+06
 1.83236E-33
 1.00000E+00
 2.00129E+06
 3.92691E-33
 1.00000E+00
 2.00129E+06
 8.26307E-33
 1.00000E+00
 2.00129E+06
 1.70862E-32
 1.00000E+00
 2.00129E+06
 3.47461E-32
 1.00000E+00
 2.00129E+06
 6.95404E-32
 1.00000E+00
 2.00129E+06
 1.37069E-31
 1.00000E+00
 2.00129E+06
 2.66246E-31
 1.00000E+00
 2.00129E+06
 5.09957E-31
 1.00000E+00
 2.00129E+06
 9.63677E-31
 1.00000E+00
 2.00129E+06
 1.79766E-30
 1.00000E+00
 2.00129E+06
 3.31188E-30
 1.00000E+00
 2.00129E+06
 6.02887E-30
 1.00000E+00
 2.00129E+06
 1.08489E-29
 1.00000E+00
 2.00129E+06
 1.93063E-29
 1.00000E+00
 2.00129E+06
 3.39902E-29
 1.00000E+00
 2.00129E+06
 5.92252E-29
 1.00000E+00
 2.00129E+06
 1.02167E-28
 1.00000E+00
 2.00129E+06
 1.74549E-28
 1.00000E+00
 2.00129E+06
 2.95434E-28
 1.00000E+00
 2.00129E+06
 4.95531E-28
 1.00000E+00
 2.00129E+06
 8.23900E-28
 1.00000E+00
 2.00129E+06
 1.35829E-27
 1.00000E+00
 2.00129E+06
 2.22092E-27
 1.00000E+00
 2.00129E+06
 3.60256E-27
 1.00000E+00
 2.00129E+06
 5.79863E-27
 1.00000E+00
 2.00129E+06
 9.26354E-27
 1.00000E+00
 2.00129E+06
 1.46913E-26
 1.00000E+00
 2.00129E+06
 2.31346E-26
 1.00000E+00
 2.00129E+06
 3.61804E-26
 1.00000E+00
 2.00129E+06
 5.62051E-26
 1.00000E+00
 2.00129E+06
 8.67456E-26
 1.00000E+00
 2.00129E+06
 1.33035E-25
 1.00000E+00
 2.00129E+06
 2.02770E-25
 1.00000E+00
 2.00129E+06
 3.07207E-25
 1.00000E+00
 2.00129E+06
 4.62718E-25
 1.00000E+00
 2.00129E+06
 6.92983E-25
 1.00000E+00
 2.00129E+06
 1.03208E-24
 1.00000E+00
 2.00129E+06
 1.52880E-24
 1.00000E+00
 2.00129E+06
 2.25263E-24
 1.00000E+00
 2.00129E+06
 3.30207E-24
 1.00000E+00
 2.00129E+06
 4.81611E-24
 1.00000E+00
 2.00129E+06
 6.98987E-24
 1.00000E+00
 2.00129E+06
 1.00962E-23
 1.00000E+00
 2.00129E+06
 1.45146E-23
 1.00000E+00
 2.00129E+06
 2.07713E-23
 1.00000E+00
 2.00129E+06
 2.95922E-23
 1.00000E+00
 2.00129E+06
 4.19746E-23
 1.00000E+00
 2.00129E+06
 5.92838E-23
 1.00000E+00
 2.00129E+06
 8.33807E-23
 1.00000E+00
 2.00129E+06
 1.16792E-22
 1.00000E+00
 2.00129E+06
 1.62938E-22
 1.00000E+00
 2.00129E+06
 2.26424E-22
 1.00000E+00
 2.00129E+06
 3.13441E-22
 1.00000E+00
 2.00129E+06
 4.32267E-22
 1.00000E+00
 2.00129E+06
 5.93947E-22
 1.00000E+00
 2.00129E+06
 8.13157E-22
 1.00000E+00
 2.00129E+06
 1.10934E-21
 1.00000E+00
 2.00129E+06
 1.50815E-21
 1.00000E+00
 2.00129E+06
 2.04339E-21
 1.00000E+00
 2.00129E+06
 2.75937E-21
 1.00000E+00
 2.00129E+06
 3.71405E-21
 1.00000E+00
 2.00129E+06
 4.98302E-21
 1.00000E+00
 2.00129E+06
 6.66455E-21
 1.00000E+00
 2.00129E+06
 8.88605E-21
 1.00000E+00
 2.00129E+06
 1.18135E-20
 1.00000E+00
 2.00129E+06
 1.56604E-20
 1.00000E+00
 2.00129E+06
 2.07009E-20
 1.00000E+00
 2.00129E+06
 2.72871E-20
 1.00000E+00
 2.00129E+06
 3.58691E-20
 1.00000E+00
 2.00129E+06
 4.70215E-20
 1.00000E+00
 2.00129E+06
 6.14755E-20
 1.00000E+00
 2.00129E+06
 8.01595E-20
 1.00000E+00
 2.00129E+06
 1.04249E-19
 1.00000E+00
 2.00129E+06
 1.35231E-19
 1.00000E+00
 2.00129E+06
 1.74977E-19
 1.00000E+00
 2.00129E+06
 2.25843E-19
 1.00000E+00
 2.00129E+06
 2.90783E-19
 1.00000E+00
 2.00129E+06
 3.73497E-19
 1.00000E+00
 2.00129E+06
 4.78605E-19
 1.00000E+00
 2.00129E+06
 6.11867E-19
 1.00000E+00
 2.00129E+06
 7.80446E-19
 1.00000E+00
 2.00129E+06
 9.93229E-19
 1.00000E+00
 2.00129E+06
 1.26123E-18
 1.00000E+00
 2.00129E+06
 1.59805E-18
 1.00000E+00
 2.00129E+06
 2.02047E-18
 1.00000E+00
 2.00129E+06
 2.54916E-18
 1.00000E+00
 2.00129E+06
 3.20950E-18
 1.00000E+00
 2.00129E+06
 4.03263E-18
 1.00000E+00
 2.00129E+06
 5.05665E-18
 1.00000E+00
 2.00129E+06
 6.32811E-18
 1.00000E+00
 2.00129E+06
 7.90378E-18
 1.00000E+00
 2.00129E+06
 9.85276E-18
 1.00000E+00
 2.00129E+06
 1.22590E-17
 1.00000E+00
 2.00129E+06
 1.52244E-17
 1.00000E+00
 2.00129E+06
 1.88723E-17
 1.00000E+00
 2.00129E+06
 2.33517E-17
 1.00000E+00
 2.00129E+06
 2.88427E-17
 1.00000E+00
 2.00129E+06
 3.55619E-17
 1.00000E+00
 2.00129E+06
 4.37702E-17
 1.00000E+00
 2.00129E+06
 5.37808E-17
 1.00000E+00
 2.00129E+06
 6.59691E-17
 1.00000E+00
 2.00129E+06
 8.07848E-17
 1.00000E+00
 2.00129E+06
 9.87653E-17
 1.00000E+00
 2.00129E+06
 1.20552E-16
 1.00000E+00
 2.00129E+06
 1.46909E-16
 1.00000E+00
 2.00129E+06
 1.78747E-16
 1.00000E+00
 2.00129E+06
 2.17146E-16
 1.00000E+00
 2.00129E+06
 2.63389E-16
 1.00000E+00
 2.00129E+06
 3.18996E-16
 1.00000E+00
 2.00129E+06
 3.85765E-16
 1.00000E+00
 2.00129E+06
 4.65821E-16
 1.00000E+00
 2.00129E+06
 5.61672E-16
 1.00000E+00
 2.00129E+06
 6.76273E-16
 1.00000E+00
 2.00129E+06
 8.13101E-16
 1.00000E+00
 2.00129E+06
 9.76246E-16
 1.00000E+00
 2.00129E+06
 1.17050E-15
 1.00000E+00
 2.00129E+06
 1.40150E-15
 1.00000E+00
 2.00129E+06
 1.67582E-15
 1.00000E+00
 2.00129E+06
 2.00117E-15
 1.00000E+00
 2.00129E+06
 2.38654E-15
 1.00000E+00
 2.00129E+06
 2.84243E-15
 1.00000E+00
 2.00129E+06
 3.38107E-15
 1.00000E+00
 2.00129E+06
 4.01669E-15
 1.00000E+00
 2.00129E+06
 4.76582E-15
 1.00000E+00
 2.00129E+06
 5.64768E-15
 1.00000E+00
 2.00129E+06
 6.68455E-15
 1.00000E+00
 2.00129E+06
 7.90222E-15
 1.00000E+00
 2.00129E+06
 9.33057E-15
 1.00000E+00
 2.00129E+06
 1.10041E-14
 1.00000E+00
 2.00129E+06
 1.29627E-14
 1.00000E+00
 2.00129E+06
 1.52523E-14
 1.00000E+00
 2.00129E+06
 1.79260E-14
 1.00000E+00
 2.00129E+06
 2.10446E-14
 1.00000E+00
 2.00129E+06
 2.46783E-14
 1.00000E+00
 2.00129E+06
 2.89077E-14
 1.00000E+00
 2.00129E+06
 3.38250E-14
 1.00000E+00
 2.00129E+06
 3.95363E-14
 1.00000E+00
 2.00129E+06
 4.61629E-14
 1.00000E+00
 2.00129E+06
 5.38436E-14
 1.00000E+00
 2.00129E+06
 6.27369E-14
 1.00000E+00
 2.00129E+06
 7.30241E-14
 1.00000E+00
 2.00129E+06
 8.49118E-14
 1.00000E+00
 2.00129E+06
 9.86354E-14
 1.00000E+00
 2.00129E+06
 1.14463E-13
 1.00000E+00
 2.00129E+06
 1.32700E-13
 1.00000E+00
 2.00129E+06
 1.53694E-13
 1.00000E+00
 2.00129E+06
 1.77837E-13
 1.00000E+00
 2.00129E+06
 2.05576E-13
 1.00000E+00
 2.00129E+06
 2.37419E-13
 1.00000E+00
 2.00129E+06
 2.73938E-13
 1.00000E+00
 2.00129E+06
 3.15782E-13
 1.00000E+00
 2.00129E+06
 3.63687E-13
 1.00000E+00
 2.00129E+06
 4.18480E-13
 1.00000E+00
 2.00129E+06
 4.81098E-13
 1.00000E+00
 2.00129E+06
 5.52597E-13
 1.00000E+00
 2.00129E+06
 6.34167E-13
 1.00000E+00
 2.00129E+06
 7.27146E-13
 1.00000E+00
 2.00129E+06
 8.33043E-13
 1.00000E+00
 2.00129E+06
 9.53552E-13
 1.00000E+00
 2.00129E+06
 1.09058E-12
 1.00000E+00
 2.00129E+06
 1.24625E-12
 1.00000E+00
 2.00129E+06
 1.42298E-12
 1.00000E+00
 2.00129E+06
 1.62344E-12
 1.00000E+00
 2.00129E+06
 1.85064E-12
 1.00000E+00
 2.00129E+06
 2.10795E-12
 1.00000E+00
 2.00129E+06
 2.39914E-12
 1.00000E+00
 2.00129E+06
 2.72841E-12
 1.00000E+00
 2.00129E+06
 3.10045E-12
 1.00000E+00
 2.00129E+06
 3.52052E-12
 1.00000E+00
 2.00129E+06
 3.99445E-12
 1.00000E+00
 2.00129E+06
 4.52877E-12
 1.00000E+00
 2.00129E+06
 5.13071E-12
 1.00000E+00
 2.00129E+06
 5.80836E-12
 1.00000E+00
 2.00129E+06
 6.57068E-12
 1.00000E+00
 2.00129E+06
 7.42764E-12
 1.00000E+00
 2.00129E+06
 8.39033E-12
 1.00000E+00
 2.00129E+06
 9.47103E-12
 1.00000E+00
 2.00129E+06
 1.06834E-11
 1.00000E+00
 2.00130E+06
 1.20424E-11
 1.00000E+00
 2.00130E+06
 1.35649E-11
 1.00000E+00
 2.00130E+06
 1.52694E-11
 1.00000E+00
 2.00130E+06
 1.71763E-11
 1.00000E+00
 2.00130E+06
 1.93083E-11
 1.00000E+00
 2.00130E+06
 2.16904E-11
 1.00000E+00
 2.00130E+06
 2.43503E-11
 1.00000E+00
 2.00130E+06
 2.73183E-11
 1.00000E+00
 2.00130E+06
 3.06280E-11
 1.00000E+00
 2.00130E+06
 3.43166E-11
 1.00000E+00
 2.00130E+06
 3.84248E-11
 1.00000E+00
 2.00130E+06
 4.29975E-11
 1.00000E+00
 2.00130E+06
 4.80840E-11
 1.00000E+00
 2.00130E+06
 5.37387E-11
 1.00000E+00
 2.00130E+06
 6.00213E-11
 1.00000E+00
 2.00130E+06
 6.69972E-11
 1.00000E+00
 2.00130E+06
 7.47384E-11
 1.00000E+00
 2.00130E+06
 8.33238E-11
 1.00000E+00
 2.00130E+06
 9.28400E-11
 1.00000E+00
 2.00130E+06
 1.03382E-10
 1.00000E+00
 2.00130E+06
 1.15052E-10
 1.00000E+00
 2.00130E+06
 1.27966E-10
 1.00000E+00
 2.00130E+06
 1.42247E-10
 1.00000E+00
 2.00130E+06
 1.58032E-10
 1.00000E+00
 2.00130E+06
 1.75467E-10
 1.00000E+00
 2.00130E+06
 1.94717E-10
 1.00000E+00
 2.00130E+06
 2.15958E-10
 1.00000E+00
 2.00130E+06
 2.39383E-10
 1.00000E+00
 2.00130E+06
 2.65202E-10
 1.00000E+00
 2.00130E+06
 2.93647E-10
 1.00000E+00
 2.00130E+06
 3.24966E-10
 1.00000E+00
 2.00130E+06
 3.59432E-10
 1.00000E+00
 2.00130E+06
 3.97343E-10
 1.00000E+00
 2.00130E+06
 4.39020E-10
 1.00000E+00
 2.00130E+06
 4.84815E-10
 1.00000E+00
 2.00130E+06
 5.35109E-10
 1.00000E+00
 2.00130E+06
 5.90316E-10
 1.00000E+00
 2.00130E+06
 6.50887E-10
 1.00000E+00
 2.00130E+06
 7.17308E-10
 1.00000E+00
 2.00130E+06
 7.90110E-10
 1.00000E+00
 2.00130E+06
 8.69866E-10
 1.00000E+00
 2.00130E+06
 9.57201E-10
 1.00000E+00
 2.00130E+06
 1.05279E-09
 1.00000E+00
 2.00130E+06
 1.15735E-09
 1.00000E+00
 2.00130E+06
 1.27169E-09
 1.00000E+00
 2.00130E+06
 1.39665E-09
 1.00000E+00
 2.00130E+06
 1.53317E-09
 1.00000E+00
 2.00130E+06
 1.68224E-09
 1.00000E+00
 2.00130E+06
 1.84494E-09
 1.00000E+00
 2.00130E+06
 2.02242E-09
 1.00000E+00
 2.00130E+06
 2.21596E-09
 1.00000E+00
 2.00130E+06
 2.42691E-09
 1.00000E+00
 2.00130E+06
 2.65672E-09
 1.00000E+00
 2.00130E+06
 2.90697E-09
 1.00000E+00
 2.00130E+06
 3.17939E-09
 1.00000E+00
 2.00130E+06
 3.47580E-09
 1.00000E+00
 2.00130E+06
 3.79820E-09
 1.00000E+00
 2.00130E+06
 4.14874E-09
 1.00000E+00
 2.00130E+06
 4.52970E-09
 1.00000E+00
 2.00130E+06
 4.94358E-09
 1.00000E+00
 2.00130E+06
 5.39302E-09
 1.00000E+00
 2.00130E+06
 5.88091E-09
 1.00000E+00
 2.00130E+06
 6.41030E-09
 1.00000E+00
 2.00130E+06
 6.98452E-09
 1.00000E+00
 2.00130E+06
 7.60709E-09
 1.00000E+00
 2.00130E+06
 8.28184E-09
 1.00000E+00
 2.00130E+06
 9.01284E-09
 1.00000E+00
 2.00130E+06
 9.80447E-09
 1.00000E+00
 2.00130E+06
 1.06614E-08
 1.00000E+00
 2.00130E+06
 1.15888E-08
 1.00000E+00
 2.00130E+06
 1.25918E-08
 1.00000E+00
 2.00130E+06
 1.36764E-08
 1.00000E+00
 2.00130E+06
 1.48486E-08
 1.00000E+00
 2.00130E+06
 1.61152E-08
 1.00000E+00
 2.00130E+06
 1.74831E-08
 1.00000E+00
 2.00130E+06
 1.89599E-08
 1.00000E+00
 2.00130E+06
 2.05537E-08
 1.00000E+00
 2.00130E+06
 2.22731E-08
 1.00000E+00
 2.00130E+06
 2.41273E-08
 1.00000E+00
 2.00130E+06
 2.61260E-08
 1.00000E+00
 2.00130E+06
 2.82799E-08
 1.00000E+00
 2.00130E+06
 3.06001E-08
 1.00000E+00
 2.00130E+06
 3.30984E-08
 1.00000E+00
 2.00130E+06
 3.57877E-08
 1.00000E+00
 2.00130E+06
 3.86813E-08
 1.00000E+00
 2.00130E+06
 4.17939E-08
 1.00000E+00
 2.00130E+06
 4.51406E-08
 1.00000E+00
 2.00130E+06
 4.87380E-08
 1.00000E+00
 2.00130E+06
 5.26033E-08
 1.00000E+00
 2.00130E+06
 5.67552E-08
 1.00000E+00
 2.00130E+06
 6.12133E-08
 1.00000E+00
 2.00130E+06
 6.59984E-08
 1.00000E+00
 2.00130E+06
 7.11329E-08
 1.00000E+00
 2.00130E+06
 7.66405E-08
 1.00000E+00
 2.00130E+06
 8.25461E-08
 1.00000E+00
 2.00130E+06
 8.88766E-08
 1.00000E+00
 2.00130E+06
 9.56601E-08
 1.00000E+00
 2.00130E+06
 1.02927E-07
 1.00000E+00
 2.00131E+06
 1.10708E-07
 1.00000E+00
 2.00131E+06
 1.19038E-07
 1.00000E+00
 2.00131E+06
 1.27953E-07
 1.00000E+00
 2.00131E+06
 1.37489E-07
 1.00000E+00
 2.00131E+06
 1.47689E-07
 1.00000E+00
 2.00131E+06
 1.58593E-07
 1.00000E+00
 2.00131E+06
 1.70248E-07
 1.00000E+00
 2.00131E+06
 1.82700E-07
 1.00000E+00
 2.00131E+06
 1.96001E-07
 1.00000E+00
 2.00131E+06
 2.10204E-07
 1.00000E+00
 2.00131E+06
 2.25364E-07
 1.00000E+00
 2.00131E+06
 2.41542E-07
 1.00000E+00
 2.00131E+06
 2.58800E-07
 1.00000E+00
 2.00131E+06
 2.77206E-07
 1.00000E+00
 2.00131E+06
 2.96829E-07
 1.00000E+00
 2.00131E+06
 3.17744E-07
 1.00000E+00
 2.00131E+06
 3.40029E-07
 1.00000E+00
 2.00131E+06
 3.63768E-07
 1.00000E+00
 2.00131E+06
 3.89047E-07
 1.00000E+00
 2.00131E+06
 4.15958E-07
 1.00000E+00
 2.00131E+06
 4.44598E-07
 1.00000E+00
 2.00131E+06
 4.75069E-07
 1.00000E+00
 2.00131E+06
 5.07479E-07
 9.99999E-01
 2.00131E+06
 5.41942E-07
 9.99999E-01
 2.00131E+06
 5.78577E-07
 9.99999E-01
 2.00131E+06
 6.17509E-07
 9.99999E-01
 2.00131E+06
 6.58872E-07
 9.99999E-01
 2.00131E+06
 7.02805E-07
 9.99999E-01
 2.00131E+06
 7.49454E-07
 9.99999E-01
 2.00131E+06
 7.98973E-07
 9.99999E-01
 2.00131E+06
 8.51528E-07
 9.99999E-01
 2.00131E+06
 9.07287E-07
 9.99999E-01
 2.00131E+06
 9.66427E-07
 9.99999E-01
 2.00131E+06
 1.02914E-06
 9.99999E-01
 2.00131E+06
 1.09562E-06
 9.99999E-01
 2.00131E+06
 1.16607E-06
 9.99999E-01
 2.00131E+06
 1.24072E-06
 9.99999E-01
 2.00131E+06
 1.31979E-06
 9.99999E-01
 2.00131E+06
 1.40352E-06
 9.99999E-01
 2.00131E+06
 1.49217E-06
 9.99999E-01
 2.00131E+06
 1.58599E-06
 9.99998E-01
 2.00131E+06
 1.68527E-06
 9.99998E-01
 2.00131E+06
 1.79029E-06
 9.99998E-01
 2.00131E+06
 1.90136E-06
 9.99998E-01
 2.00131E+06
 2.01879E-06
 9.99998E-01
 2.00131E+06
 2.14293E-06
 9.99998E-01
 2.00131E+06
 2.27412E-06
 9.99998E-01
 2.00131E+06
 2.41273E-06
 9.99998E-01
 2.00131E+06
 2.55913E-06
 9.99997E-01
 2.00131E+06
 2.71372E-06
 9.99997E-01
 2.00131E+06
 2.87693E-06
 9.99997E-01
 2.00131E+06
 3.04919E-06
 9.99997E-01
 2.00131E+06
 3.23097E-06
 9.99997E-01
 2.00131E+06
 3.42272E-06
 9.99997E-01
 2.00131E+06
 3.62497E-06
 9.99996E-01
 2.00131E+06
 3.83822E-06
 9.99996E-01
 2.00131E+06
 4.06303E-06
 9.99996E-01
 2.00131E+06
 4.29997E-06
 9.99996E-01
 2.00131E+06
 4.54962E-06
 9.99995E-01
 2.00131E+06
 4.81259E-06
 9.99995E-01
 2.00131E+06
 5.08955E-06
 9.99995E-01
 2.00131E+06
 5.38120E-06
 9.99995E-01
 2.00131E+06
 5.68821E-06
 9.99994E-01
 2.00131E+06
 6.01132E-06
 9.99994E-01
 2.00131E+06
 6.35130E-06
 9.99994E-01
 2.00131E+06
 6.70894E-06
 9.99993E-01
 2.00131E+06
 7.08508E-06
 9.99993E-01
 2.00131E+06
 7.48059E-06
 9.99993E-01
 2.00131E+06
 7.89636E-06
 9.99992E-01
 2.00131E+06
 8.33333E-06
 9.99992E-01
 2.00131E+06
 8.79248E-06
 9.99991E-01
 2.00131E+06
 9.27484E-06
 9.99991E-01
 2.00131E+06
 9.78145E-06
 9.99990E-01
 2.00131E+06
 1.03134E-05
 9.99990E-01
 2.00131E+06
 1.08719E-05
 9.99989E-01
 2.00131E+06
 1.14581E-05
 9.99989E-01
 2.00131E+06
 1.20732E-05
 9.99988E-01
 2.00132E+06
 1.27186E-05
 9.99987E-01
 2.00132E+06
 1.33955E-05
 9.99987E-01
 2.00132E+06
 1.41054E-05
 9.99986E-01
 2.00132E+06
 1.48498E-05
 9.99985E-01
 2.00132E+06
 1.56302E-05
 9.99984E-01
 2.00132E+06
 1.64480E-05
 9.99984E-01
 2.00132E+06
 1.73049E-05
 9.99983E-01
 2.00132E+06
 1.82027E-05
 9.99982E-01
 2.00132E+06
 1.91429E-05
 9.99981E-01
 2.00132E+06
 2.01275E-05
 9.99980E-01
 2.00132E+06
 2.11582E-05
 9.99979E-01
 2.00132E+06
 2.22372E-05
 9.99978E-01
 2.00132E+06
 2.33663E-05
 9.99977E-01
 2.00132E+06
 2.45477E-05
 9.99975E-01
 2.00132E+06
 2.57835E-05
 9.99974E-01
 2.00132E+06
 2.70760E-05
 9.99973E-01
 2.00132E+06
 2.84275E-05
 9.99972E-01
 2.00132E+06
 2.98404E-05
 9.99970E-01
 2.00132E+06
 3.13173E-05
 9.99969E-01
 2.00132E+06
 3.28607E-05
 9.99967E-01
 2.00132E+06
 3.44733E-05
 9.99966E-01
 2.00132E+06
 3.61578E-05
 9.99964E-01
 2.00132E+06
 3.79176E-05
 9.99962E-01
 2.00132E+06
 3.97552E-05
 9.99960E-01
 2.00132E+06
 4.16736E-05
 9.99958E-01
 2.00132E+06
 4.36761E-05
 9.99956E-01
 2.00132E+06
 4.57660E-05
 9.99954E-01
 2.00132E+06
 4.79465E-05
 9.99952E-01
 2.00132E+06
 5.02213E-05
 9.99950E-01
 2.00132E+06
 5.25939E-05
 9.99947E-01
 2.00132E+06
 5.50681E-05
 9.99945E-01
 2.00132E+06
 5.76472E-05
 9.99942E-01
 2.00132E+06
 6.03357E-05
 9.99940E-01
 2.00132E+06
 6.31377E-05
 9.99937E-01
 2.00132E+06
 6.60573E-05
 9.99934E-01
 2.00132E+06
 6.90991E-05
 9.99931E-01
 2.00132E+06
 7.22676E-05
 9.99928E-01
 2.00132E+06
 7.55674E-05
 9.99924E-01
 2.00132E+06
 7.90033E-05
 9.99921E-01
 2.00132E+06
 8.25802E-05
 9.99917E-01
 2.00132E+06
 8.63032E-05
 9.99914E-01
 2.00132E+06
 9.01776E-05
 9.99910E-01
 2.00132E+06
 9.42089E-05
 9.99906E-01
 2.00132E+06
 9.84040E-05
 9.99902E-01
 2.00132E+06
 1.02767E-04
 9.99897E-01
 2.00132E+06
 1.07305E-04
 9.99893E-01
 2.00132E+06
 1.12023E-04
 9.99888E-01
 2.00132E+06
 1.16927E-04
 9.99883E-01
 2.00132E+06
 1.22025E-04
 9.99878E-01
 2.00132E+06
 1.27323E-04
 9.99873E-01
 2.00132E+06
 1.32827E-04
 9.99867E-01
 2.00132E+06
 1.38545E-04
 9.99861E-01
 2.00132E+06
 1.44484E-04
 9.99856E-01
 2.00132E+06
 1.50651E-04
 9.99849E-01
 2.00132E+06
 1.57055E-04
 9.99843E-01
 2.00132E+06
 1.63703E-04
 9.99836E-01
 2.00132E+06
 1.70603E-04
 9.99829E-01
 2.00132E+06
 1.77765E-04
 9.99822E-01
 2.00132E+06
 1.85195E-04
 9.99815E-01
 2.00132E+06
 1.92904E-04
 9.99807E-01
 2.00132E+06
 2.00900E-04
 9.99799E-01
 2.00132E+06
 2.09192E-04
 9.99791E-01
 2.00132E+06
 2.17790E-04
 9.99782E-01
 2.00132E+06
 2.26704E-04
 9.99773E-01
 2.00132E+06
 2.35943E-04
 9.99764E-01
 2.00133E+06
 2.45524E-04
 9.99754E-01
 2.00133E+06
 2.55452E-04
 9.99745E-01
 2.00133E+06
 2.65737E-04
 9.99734E-01
 2.00133E+06
 2.76392E-04
 9.99724E-01
 2.00133E+06
 2.87428E-04
 9.99713E-01
 2.00133E+06
 2.98856E-04
 9.99701E-01
 2.00133E+06
 3.10688E-04
 9.99689E-01
 2.00133E+06
 3.22937E-04
 9.99677E-01
 2.00133E+06
 3.35616E-04
 9.99664E-01
 2.00133E+06
 3.48737E-04
 9.99651E-01
 2.00133E+06
 3.62313E-04
 9.99638E-01
 2.00133E+06
 3.76359E-04
 9.99624E-01
 2.00133E+06
 3.90888E-04
 9.99609E-01
 2.00133E+06
 4.05914E-04
 9.99594E-01
 2.00133E+06
 4.21455E-04
 9.99579E-01
 2.00133E+06
 4.37523E-04
 9.99562E-01
 2.00133E+06
 4.54133E-04
 9.99546E-01
 2.00133E+06
 4.71301E-04
 9.99529E-01
 2.00133E+06
 4.89043E-04
 9.99511E-01
 2.00133E+06
 5.07375E-04
 9.99493E-01
 2.00133E+06
 5.26314E-04
 9.99474E-01
 2.00133E+06
 5.45878E-04
 9.99454E-01
 2.00133E+06
 5.66099E-04
 9.99434E-01
 2.00133E+06
 5.86981E-04
 9.99413E-01
 2.00133E+06
 6.08541E-04
 9.99391E-01
 2.00133E+06
 6.30799E-04
 9.99369E-01
 2.00133E+06
 6.53773E-04
 9.99346E-01
 2.00133E+06
 6.77484E-04
 9.99323E-01
 2.00133E+06
 7.01951E-04
 9.99298E-01
 2.00133E+06
 7.27195E-04
 9.99273E-01
 2.00133E+06
 7.53236E-04
 9.99247E-01
 2.00133E+06
 7.80096E-04
 9.99220E-01
 2.00133E+06
 8.07796E-04
 9.99192E-01
 2.00133E+06
 8.36358E-04
 9.99164E-01
 2.00133E+06
 8.65805E-04
 9.99134E-01
 2.00133E+06
 8.96159E-04
 9.99104E-01
 2.00133E+06
 9.27445E-04
 9.99073E-01
 2.00133E+06
 9.59686E-04
 9.99040E-01
 2.00133E+06
 9.92906E-04
 9.99007E-01
 2.00133E+06
 1.02714E-03
 9.98973E-01
 2.00133E+06
 1.06240E-03
 9.98938E-01
 2.00133E+06
 1.09872E-03
 9.98901E-01
 2.00133E+06
 1.13616E-03
 9.98864E-01
 2.00133E+06
 1.17471E-03
 9.98825E-01
 2.00133E+06
 1.21441E-03
 9.98786E-01
 2.00133E+06
 1.25527E-03
 9.98745E-01
 2.00133E+06
 1.29732E-03
 9.98703E-01
 2.00133E+06
 1.34060E-03
 9.98659E-01
 2.00133E+06
 1.38514E-03
 9.98615E-01
 2.00133E+06
 1.43095E-03
 9.98569E-01
 2.00133E+06
 1.47808E-03
 9.98522E-01
 2.00133E+06
 1.52656E-03
 9.98473E-01
 2.00133E+06
 1.57641E-03
 9.98424E-01
 2.00133E+06
 1.62774E-03
 9.98372E-01
 2.00133E+06
 1.68052E-03
 9.98319E-01
 2.00133E+06
 1.73478E-03
 9.98265E-01
 2.00134E+06
 1.79055E-03
 9.98209E-01
 2.00134E+06
 1.84788E-03
 9.98152E-01
 2.00134E+06
 1.90679E-03
 9.98093E-01
 2.00134E+06
 1.96733E-03
 9.98033E-01
 2.00134E+06
 2.02952E-03
 9.97970E-01
 2.00134E+06
 2.09341E-03
 9.97907E-01
 2.00134E+06
 2.15903E-03
 9.97841E-01
 2.00134E+06
 2.22642E-03
 9.97774E-01
 2.00134E+06
 2.29562E-03
 9.97704E-01
 2.00134E+06
 2.36670E-03
 9.97633E-01
 2.00134E+06
 2.43966E-03
 9.97560E-01
 2.00134E+06
 2.51455E-03
 9.97485E-01
 2.00134E+06
 2.59141E-03
 9.97409E-01
 2.00134E+06
 2.67028E-03
 9.97330E-01
 2.00134E+06
 2.75120E-03
 9.97249E-01
 2.00134E+06
 2.83422E-03
 9.97166E-01
 2.00134E+06
 2.91937E-03
 9.97081E-01
 2.00134E+06
 3.00670E-03
 9.96993E-01
 2.00134E+06
 3.09626E-03
 9.96904E-01
 2.00134E+06
 3.18808E-03
 9.96812E-01
 2.00134E+06
 3.28222E-03
 9.96718E-01
 2.00134E+06
 3.37871E-03
 9.96621E-01
 2.00134E+06
 3.47761E-03
 9.96522E-01
 2.00134E+06
 3.57897E-03
 9.96421E-01
 2.00134E+06
 3.68282E-03
 9.96317E-01
 2.00134E+06
 3.78921E-03
 9.96211E-01
 2.00134E+06
 3.89820E-03
 9.96102E-01
 2.00134E+06
 4.00984E-03
 9.95990E-01
 2.00134E+06
 4.12416E-03
 9.95876E-01
 2.00134E+06
 4.24123E-03
 9.95759E-01
 2.00134E+06
 4.36109E-03
 9.95639E-01
 2.00134E+06
 4.48379E-03
 9.95516E-01
 2.00134E+06
 4.60938E-03
 9.95391E-01
 2.00134E+06
 4.73794E-03
 9.95262E-01
 2.00134E+06
 4.86949E-03
 9.95131E-01
 2.00134E+06
 5.00410E-03
 9.94996E-01
 2.00134E+06
 5.14180E-03
 9.94858E-01
 2.00134E+06
 5.28267E-03
 9.94717E-01
 2.00134E+06
 5.42684E-03
 9.94573E-01
 2.00134E+06
 5.57428E-03
 9.94426E-01
 2.00134E+06
 5.72504E-03
 9.94275E-01
 2.00134E+06
 5.87918E-03
 9.94121E-01
 2.00134E+06
 6.03676E-03
 9.93963E-01
 2.00134E+06
 6.19784E-03
 9.93802E-01
 2.00134E+06
 6.36246E-03
 9.93638E-01
 2.00134E+06
 6.53070E-03
 9.93469E-01
 2.00134E+06
 6.70260E-03
 9.93297E-01
 2.00134E+06
 6.87823E-03
 9.93122E-01
 2.00135E+06
 7.05764E-03
 9.92942E-01
 2.00135E+06
 7.24089E-03
 9.92759E-01
 2.00135E+06
 7.42805E-03
 9.92572E-01
 2.00135E+06
 7.61918E-03
 9.92381E-01
 2.00135E+06
 7.81432E-03
 9.92186E-01
 2.00135E+06
 8.01356E-03
 9.91986E-01
 2.00135E+06
 8.21694E-03
 9.91783E-01
 2.00135E+06
 8.42452E-03
 9.91575E-01
 2.00135E+06
 8.63638E-03
 9.91364E-01
 2.00135E+06
 8.85257E-03
 9.91147E-01
 2.00135E+06
 9.07315E-03
 9.90927E-01
 2.00135E+06
 9.29820E-03
 9.90702E-01
 2.00135E+06
 9.52776E-03
 9.90472E-01
 2.00135E+06
 9.76194E-03
 9.90238E-01
 2.00135E+06
 1.00008E-02
 9.89999E-01
 2.00135E+06
 1.02443E-02
 9.89756E-01
 2.00135E+06
 1.04926E-02
 9.89507E-01
 2.00135E+06
 1.07458E-02
 9.89254E-01
 2.00135E+06
 1.10039E-02
 9.88996E-01
 2.00135E+06
 1.12669E-02
 9.88733E-01
 2.00135E+06
 1.15350E-02
 9.88465E-01
 2.00135E+06
 1.18085E-02
 9.88192E-01
 2.00135E+06
 1.20871E-02
 9.87913E-01
 2.00135E+06
 1.23710E-02
 9.87629E-01
 2.00135E+06
 1.26602E-02
 9.87340E-01
 2.00135E+06
 1.29548E-02
 9.87045E-01
 2.00135E+06
 1.32548E-02
 9.86745E-01
 2.00135E+06
 1.35603E-02
 9.86440E-01
 2.00135E+06
 1.38714E-02
 9.86129E-01
 2.00135E+06
 1.41881E-02
 9.85812E-01
 2.00135E+06
 1.45105E-02
 9.85489E-01
 2.00135E+06
 1.48387E-02
 9.85161E-01
 2.00135E+06
 1.51727E-02
 9.84827E-01
 2.00135E+06
 1.55126E-02
 9.84487E-01
 2.00135E+06
 1.58585E-02
 9.84141E-01
 2.00135E+06
 1.62104E-02
 9.83790E-01
 2.00135E+06
 1.65685E-02
 9.83432E-01
 2.00135E+06
 1.69327E-02
 9.83067E-01
 2.00135E+06
 1.73031E-02
 9.82697E-01
 2.00135E+06
 1.76799E-02
 9.82320E-01
 2.00135E+06
 1.80630E-02
 9.81937E-01
 2.00135E+06
 1.84525E-02
 9.81547E-01
 2.00135E+06
 1.88486E-02
 9.81151E-01
 2.00136E+06
 1.92513E-02
 9.80749E-01
 2.00136E+06
 1.96606E-02
 9.80339E-01
 2.00136E+06
 2.00766E-02
 9.79923E-01
 2.00136E+06
 2.04994E-02
 9.79501E-01
 2.00136E+06
 2.09291E-02
 9.79071E-01
 2.00136E+06
 2.13656E-02
 9.78634E-01
 2.00136E+06
 2.18091E-02
 9.78191E-01
 2.00136E+06
 2.22596E-02
 9.77740E-01
 2.00136E+06
 2.27171E-02
 9.77283E-01
 2.00136E+06
 2.31819E-02
 9.76818E-01
 2.00136E+06
 2.36538E-02
 9.76346E-01
 2.00136E+06
 2.41331E-02
 9.75867E-01
 2.00136E+06
 2.46209E-02
 9.75379E-01
 2.00136E+06
 2.51161E-02
 9.74884E-01
 2.00136E+06
 2.56187E-02
 9.74381E-01
 2.00136E+06
 2.61289E-02
 9.73871E-01
 2.00136E+06
 2.66467E-02
 9.73353E-01
 2.00136E+06
 2.71721E-02
 9.72828E-01
 2.00136E+06
 2.77053E-02
 9.72295E-01
 2.00136E+06
 2.82462E-02
 9.71754E-01
 2.00136E+06
 2.87950E-02
 9.71205E-01
 2.00136E+06
 2.93516E-02
 9.70648E-01
 2.00136E+06
 2.99162E-02
 9.70084E-01
 2.00136E+06
 3.04889E-02
 9.69511E-01
 2.00136E+06
 3.10696E-02
 9.68930E-01
 2.00136E+06
 3.16584E-02
 9.68342E-01
 2.00136E+06
 3.22554E-02
 9.67745E-01
 2.00136E+06
 3.28606E-02
 9.67139E-01
 2.00136E+06
 3.34742E-02
 9.66526E-01
 2.00136E+06
 3.40961E-02
 9.65904E-01
 2.00136E+06
 3.47263E-02
 9.65274E-01
 2.00136E+06
 3.53651E-02
 9.64635E-01
 2.00136E+06
 3.60125E-02
 9.63987E-01
 2.00136E+06
 3.66685E-02
 9.63331E-01
 2.00136E+06
 3.73331E-02
 9.62667E-01
 2.00136E+06
 3.80064E-02
 9.61994E-01
 2.00136E+06
 3.86884E-02
 9.61312E-01
 2.00136E+06
 3.93791E-02
 9.60621E-01
 2.00136E+06
 4.00787E-02
 9.59921E-01
 2.00137E+06
 4.07871E-02
 9.59213E-01
 2.00137E+06
 4.15044E-02
 9.58496E-01
 2.00137E+06
 4.22306E-02
 9.57769E-01
 2.00137E+06
 4.29659E-02
 9.57034E-01
 2.00137E+06
 4.37102E-02
 9.56290E-01
 2.00137E+06
 4.44636E-02
 9.55536E-01
 2.00137E+06
 4.52261E-02
 9.54774E-01
 2.00137E+06
 4.59978E-02
 9.54002E-01
 2.00137E+06
 4.67786E-02
 9.53221E-01
 2.00137E+06
 4.75741E-02
 9.52426E-01
 2.00137E+06
 4.83788E-02
 9.51621E-01
 2.00137E+06
 4.91928E-02
 9.50807E-01
 2.00137E+06
 5.00161E-02
 9.49984E-01
 2.00137E+06
 5.08488E-02
 9.49151E-01
 2.00137E+06
 5.16908E-02
 9.48309E-01
 2.00137E+06
 5.25423E-02
 9.47458E-01
 2.00137E+06
 5.34033E-02
 9.46597E-01
 2.00137E+06
 5.42737E-02
 9.45726E-01
 2.00137E+06
 5.51537E-02
 9.44846E-01
 2.00137E+06
 5.60432E-02
 9.43957E-01
 2.00137E+06
 5.69423E-02
 9.43058E-01
 2.00137E+06
 5.78510E-02
 9.42149E-01
 2.00137E+06
 5.87694E-02
 9.41231E-01
 2.00137E+06
 5.96974E-02
 9.40303E-01
 2.00137E+06
 6.06351E-02
 9.39365E-01
 2.00137E+06
 6.15826E-02
 9.38417E-01
 2.00137E+06
 6.25398E-02
 9.37460E-01
 2.00137E+06
 6.35067E-02
 9.36493E-01
 2.00137E+06
 6.44839E-02
 9.35516E-01
 2.00137E+06
 6.54708E-02
 9.34529E-01
 2.00137E+06
 6.64676E-02
 9.33532E-01
 2.00137E+06
 6.74742E-02
 9.32526E-01
 2.00137E+06
 6.84907E-02
 9.31509E-01
 2.00137E+06
 6.95171E-02
 9.30483E-01
 2.00137E+06
 7.05534E-02
 9.29447E-01
 2.00137E+06
 7.15996E-02
 9.28400E-01
 2.00138E+06
 7.26557E-02
 9.27344E-01
 2.00138E+06
 7.37218E-02
 9.26278E-01
 2.00138E+06
 7.47978E-02
 9.25202E-01
 2.00138E+06
 7.58838E-02
 9.24116E-01
 2.00138E+06
 7.69798E-02
 9.23020E-01
 2.00138E+06
 7.80858E-02
 9.21914E-01
 2.00138E+06
 7.92018E-02
 9.20798E-01
 2.00138E+06
 8.03277E-02
 9.19672E-01
 2.00138E+06
 8.14637E-02
 9.18536E-01
 2.00138E+06
 8.26098E-02
 9.17390E-01
 2.00138E+06
 8.37659E-02
 9.16234E-01
 2.00138E+06
 8.49578E-02
 9.15042E-01
 2.00138E+06
 8.61616E-02
 9.13838E-01
 2.00138E+06
 8.73773E-02
 9.12623E-01
 2.00138E+06
 8.86049E-02
 9.11395E-01
 2.00138E+06
 8.98444E-02
 9.10156E-01
 2.00138E+06
 9.10956E-02
 9.08904E-01
 2.00138E+06
 9.23587E-02
 9.07641E-01
 2.00138E+06
 9.36335E-02
 9.06366E-01
 2.00138E+06
 9.49201E-02
 9.05080E-01
 2.00138E+06
 9.62184E-02
 9.03782E-01
 2.00138E+06
 9.75285E-02
 9.02472E-01
 2.00138E+06
 9.88502E-02
 9.01150E-01
 2.00138E+06
 1.00184E-01
 8.99816E-01
 2.00138E+06
 1.01529E-01
 8.98471E-01
 2.00138E+06
 1.02885E-01
 8.97115E-01
 2.00138E+06
 1.04253E-01
 8.95747E-01
 2.00138E+06
 1.05633E-01
 8.94367E-01
 2.00138E+06
 1.07025E-01
 8.92975E-01
 2.00138E+06
 1.08428E-01
 8.91572E-01
 2.00138E+06
 1.09842E-01
 8.90158E-01
 2.00138E+06
 1.11269E-01
 8.88731E-01
 2.00139E+06
 1.12706E-01
 8.87294E-01
 2.00139E+06
 1.14156E-01
 8.85844E-01
 2.00139E+06
 1.15617E-01
 8.84383E-01
 2.00139E+06
 1.17089E-01
 8.82911E-01
 2.00139E+06
 1.18572E-01
 8.81428E-01
 2.00139E+06
 1.20067E-01
 8.79933E-01
 2.00139E+06
 1.21573E-01
 8.78427E-01
 2.00139E+06
 1.23091E-01
 8.76909E-01
 2.00139E+06
 1.24620E-01
 8.75380E-01
 2.00139E+06
 1.26160E-01
 8.73840E-01
 2.00139E+06
 1.27711E-01
 8.72289E-01
 2.00139E+06
 1.29274E-01
 8.70726E-01
 2.00139E+06
 1.30848E-01
 8.69152E-01
 2.00139E+06
 1.32432E-01
 8.67568E-01
 2.00139E+06
 1.34028E-01
 8.65972E-01
 2.00139E+06
 1.35635E-01
 8.64365E-01
 2.00139E+06
 1.37253E-01
 8.62747E-01
 2.00139E+06
 1.38882E-01
 8.61118E-01
 2.00139E+06
 1.40522E-01
 8.59478E-01
 2.00139E+06
 1.42173E-01
 8.57827E-01
 2.00139E+06
 1.43777E-01
 8.56223E-01
 2.00139E+06
 1.45394E-01
 8.54606E-01
 2.00139E+06
 1.47024E-01
 8.52976E-01
 2.00139E+06
 1.48666E-01
 8.51334E-01
 2.00139E+06
 1.50321E-01
 8.49679E-01
 2.00139E+06
 1.51989E-01
 8.48011E-01
 2.00139E+06
 1.53668E-01
 8.46332E-01
 2.00139E+06
 1.55360E-01
 8.44640E-01
 2.00139E+06
 1.57064E-01
 8.42936E-01
 2.00139E+06
 1.58779E-01
 8.41221E-01
 2.00139E+06
 1.60507E-01
 8.39493E-01
 2.00139E+06
 1.62246E-01
 8.37754E-01
 2.00140E+06
 1.63996E-01
 8.36004E-01
 2.00140E+06
 1.65758E-01
 8.34242E-01
 2.00140E+06
 1.67532E-01
 8.32468E-01
 2.00140E+06
 1.69316E-01
 8.30684E-01
 2.00140E+06
 1.71112E-01
 8.28888E-01
 2.00140E+06
 1.72918E-01
 8.27082E-01
 2.00140E+06
 1.74736E-01
 8.25264E-01
 2.00140E+06
 1.76562E-01
 8.23438E-01
 2.00140E+06
 1.78398E-01
 8.21602E-01
 2.00140E+06
 1.80245E-01
 8.19755E-01
 2.00140E+06
 1.82102E-01
 8.17898E-01
 2.00140E+06
 1.83969E-01
 8.16031E-01
 2.00140E+06
 1.85847E-01
 8.14153E-01
 2.00140E+06
 1.87734E-01
 8.12266E-01
 2.00140E+06
 1.89631E-01
 8.10369E-01
 2.00140E+06
 1.91538E-01
 8.08462E-01
 2.00140E+06
 1.93455E-01
 8.06545E-01
 2.00140E+06
 1.95381E-01
 8.04619E-01
 2.00140E+06
 1.97316E-01
 8.02684E-01
 2.00140E+06
 1.99261E-01
 8.00739E-01
 2.00140E+06
 2.01214E-01
 7.98786E-01
 2.00140E+06
 2.03177E-01
 7.96823E-01
 2.00140E+06
 2.05149E-01
 7.94851E-01
 2.00140E+06
 2.07130E-01
 7.92870E-01
 2.00140E+06
 2.09119E-01
 7.90881E-01
 2.00140E+06
 2.11118E-01
 7.88882E-01
 2.00140E+06
 2.13125E-01
 7.86875E-01
 2.00140E+06
 2.15141E-01
 7.84859E-01
 2.00140E+06
 2.17165E-01
 7.82835E-01
 2.00140E+06
 2.19197E-01
 7.80803E-01
 2.00141E+06
 2.21238E-01
 7.78762E-01
 2.00141E+06
 2.23275E-01
 7.76725E-01
 2.00141E+06
 2.25320E-01
 7.74680E-01
 2.00141E+06
 2.27374E-01
 7.72626E-01
 2.00141E+06
 2.29435E-01
 7.70565E-01
 2.00141E+06
 2.31505E-01
 7.68495E-01
 2.00141E+06
 2.33584E-01
 7.66416E-01
 2.00141E+06
 2.35670E-01
 7.64330E-01
 2.00141E+06
 2.37764E-01
 7.62236E-01
 2.00141E+06
 2.39865E-01
 7.60135E-01
 2.00141E+06
 2.41975E-01
 7.58025E-01
 2.00141E+06
 2.44092E-01
 7.55908E-01
 2.00141E+06
 2.46216E-01
 7.53784E-01
 2.00141E+06
 2.48348E-01
 7.51652E-01
 2.00141E+06
 2.50487E-01
 7.49513E-01
 2.00141E+06
 2.52633E-01
 7.47367E-01
 2.00141E+06
 2.54786E-01
 7.45214E-01
 2.00141E+06
 2.56946E-01
 7.43054E-01
 2.00141E+06
 2.59114E-01
 7.40886E-01
 2.00141E+06
 2.61290E-01
 7.38710E-01
 2.00141E+06
 2.63620E-01
 7.36380E-01
 2.00141E+06
 2.65958E-01
 7.34042E-01
 2.00141E+06
 2.68303E-01
 7.31697E-01
 2.00141E+06
 2.70656E-01
 7.29344E-01
 2.00141E+06
 2.73017E-01
 7.26983E-01
 2.00141E+06
 2.75384E-01
 7.24616E-01
 2.00141E+06
 2.77759E-01
 7.22241E-01
 2.00141E+06
 2.80141E-01
 7.19859E-01
 2.00142E+06
 2.82530E-01
 7.17470E-01
 2.00142E+06
 2.84926E-01
 7.15074E-01
 2.00142E+06
 2.87329E-01
 7.12671E-01
 2.00142E+06
 2.89742E-01
 7.10258E-01
 2.00142E+06
 2.92162E-01
 7.07838E-01
 2.00142E+06
 2.94588E-01
 7.05412E-01
 2.00142E+06
 2.97020E-01
 7.02980E-01
 2.00142E+06
 2.99459E-01
 7.00541E-01
 2.00142E+06
 3.01905E-01
 6.98095E-01
 2.00142E+06
 3.04356E-01
 6.95644E-01
 2.00142E+06
 3.06814E-01
 6.93186E-01
 2.00142E+06
 3.09278E-01
 6.90722E-01
 2.00142E+06
 3.11748E-01
 6.88252E-01
 2.00142E+06
 3.14223E-01
 6.85777E-01
 2.00142E+06
 3.16705E-01
 6.83295E-01
 2.00142E+06
 3.19192E-01
 6.80808E-01
 2.00142E+06
 3.21685E-01
 6.78315E-01
 2.00142E+06
 3.24183E-01
 6.75817E-01
 2.00142E+06
 3.26687E-01
 6.73313E-01
 2.00142E+06
 3.29199E-01
 6.70801E-01
 2.00142E+06
 3.31716E-01
 6.68284E-01
 2.00142E+06
 3.34240E-01
 6.65760E-01
 2.00142E+06
 3.36768E-01
 6.63232E-01
 2.00142E+06
 3.39302E-01
 6.60698E-01
 2.00142E+06
 3.41840E-01
 6.58160E-01
 2.00142E+06
 3.44383E-01
 6.55617E-01
 2.00142E+06
 3.46931E-01
 6.53069E-01
 2.00142E+06
 3.49484E-01
 6.50516E-01
 2.00143E+06
 3.52041E-01
 6.47959E-01
 2.00143E+06
 3.54603E-01
 6.45397E-01
 2.00143E+06
 3.57169E-01
 6.42831E-01
 2.00143E+06
 3.59739E-01
 6.40261E-01
 2.00143E+06
 3.62313E-01
 6.37687E-01
 2.00143E+06
 3.64891E-01
 6.35109E-01
 2.00143E+06
 3.67474E-01
 6.32526E-01
 2.00143E+06
 3.70060E-01
 6.29940E-01
 2.00143E+06
 3.72649E-01
 6.27351E-01
 2.00143E+06
 3.75242E-01
 6.24758E-01
 2.00143E+06
 3.77948E-01
 6.22052E-01
 2.00143E+06
 3.80653E-01
 6.19347E-01
 2.00143E+06
 3.83357E-01
 6.16643E-01
 2.00143E+06
 3.86059E-01
 6.13941E-01
 2.00143E+06
 3.88760E-01
 6.11240E-01
 2.00143E+06
 3.91459E-01
 6.08541E-01
 2.00143E+06
 3.94156E-01
 6.05844E-01
 2.00143E+06
 3.96852E-01
 6.03148E-01
 2.00143E+06
 3.99546E-01
 6.00454E-01
 2.00143E+06
 4.02228E-01
 5.97772E-01
 2.00143E+06
 4.04908E-01
 5.95092E-01
 2.00143E+06
 4.07586E-01
 5.92414E-01
 2.00143E+06
 4.10261E-01
 5.89739E-01
 2.00143E+06
 4.12934E-01
 5.87066E-01
 2.00143E+06
 4.15605E-01
 5.84395E-01
 2.00143E+06
 4.18273E-01
 5.81727E-01
 2.00143E+06
 4.20939E-01
 5.79061E-01
 2.00143E+06
 4.23602E-01
 5.76398E-01
 2.00144E+06
 4.26263E-01
 5.73737E-01
 2.00144E+06
 4.28920E-01
 5.71080E-01
 2.00144E+06
 4.31575E-01
 5.68425E-01
 2.00144E+06
 4.34228E-01
 5.65772E-01
 2.00144E+06
 4.36877E-01
 5.63123E-01
 2.00144E+06
 4.39522E-01
 5.60478E-01
 2.00144E+06
 4.42164E-01
 5.57836E-01
 2.00144E+06
 4.44803E-01
 5.55197E-01
 2.00144E+06
 4.47439E-01
 5.52561E-01
 2.00144E+06
 4.50072E-01
 5.49928E-01
 2.00144E+06
 4.52701E-01
 5.47299E-01
 2.00144E+06
 4.55327E-01
 5.44673E-01
 2.00144E+06
 4.57951E-01
 5.42049E-01
 2.00144E+06
 4.60570E-01
 5.39430E-01
 2.00144E+06
 4.63186E-01
 5.36814E-01
 2.00144E+06
 4.65799E-01
 5.34201E-01
 2.00144E+06
 4.68408E-01
 5.31592E-01
 2.00144E+06
 4.71013E-01
 5.28987E-01
 2.00144E+06
 4.73614E-01
 5.26386E-01
 2.00144E+06
 4.76211E-01
 5.23789E-01
 2.00144E+06
 4.78804E-01
 5.21196E-01
 2.00144E+06
 4.81394E-01
 5.18606E-01
 2.00144E+06
 4.83979E-01
 5.16021E-01
 2.00144E+06
 4.86560E-01
 5.13440E-01
 2.00144E+06
 4.89136E-01
 5.10864E-01
 2.00144E+06
 4.91709E-01
 5.08291E-01
 2.00144E+06
 4.94277E-01
 5.05723E-01
 2.00145E+06
 4.96841E-01
 5.03159E-01
 2.00145E+06
 4.99400E-01
 5.00600E-01
 2.00145E+06
 5.01955E-01
 4.98045E-01
 2.00145E+06
 5.04505E-01
 4.95495E-01
 2.00145E+06
 5.07080E-01
 4.92920E-01
 2.00145E+06
 5.09650E-01
 4.90350E-01
 2.00145E+06
 5.12215E-01
 4.87785E-01
 2.00145E+06
 5.14775E-01
 4.85225E-01
 2.00145E+06
 5.17330E-01
 4.82670E-01
 2.00145E+06
 5.19879E-01
 4.80121E-01
 2.00145E+06
 5.22423E-01
 4.77577E-01
 2.00145E+06
 5.24902E-01
 4.75098E-01
 2.00145E+06
 5.27377E-01
 4.72623E-01
 2.00145E+06
 5.29847E-01
 4.70153E-01
 2.00145E+06
 5.32312E-01
 4.67688E-01
 2.00145E+06
 5.34773E-01
 4.65227E-01
 2.00145E+06
 5.37229E-01
 4.62771E-01
 2.00145E+06
 5.39680E-01
 4.60320E-01
 2.00145E+06
 5.42127E-01
 4.57873E-01
 2.00145E+06
 5.44568E-01
 4.55432E-01
 2.00145E+06
 5.47004E-01
 4.52996E-01
 2.00145E+06
 5.49436E-01
 4.50564E-01
 2.00145E+06
 5.51862E-01
 4.48138E-01
 2.00145E+06
 5.54280E-01
 4.45720E-01
 2.00145E+06
 5.56692E-01
 4.43308E-01
 2.00145E+06
 5.59099E-01
 4.40901E-01
 2.00146E+06
 5.61501E-01
 4.38499E-01
 2.00146E+06
 5.63897E-01
 4.36103E-01
 2.00146E+06
 5.66287E-01
 4.33713E-01
 2.00146E+06
 5.68672E-01
 4.31328E-01
 2.00146E+06
 5.71052E-01
 4.28948E-01
 2.00146E+06
 5.73425E-01
 4.26575E-01
 2.00146E+06
 5.75793E-01
 4.24207E-01
 2.00146E+06
 5.78155E-01
 4.21845E-01
 2.00146E+06
 5.80511E-01
 4.19489E-01
 2.00146E+06
 5.82862E-01
 4.17138E-01
 2.00146E+06
 5.85207E-01
 4.14793E-01
 2.00146E+06
 5.87546E-01
 4.12454E-01
 2.00146E+06
 5.89879E-01
 4.10121E-01
 2.00146E+06
 5.92205E-01
 4.07795E-01
 2.00146E+06
 5.94526E-01
 4.05474E-01
 2.00146E+06
 5.96840E-01
 4.03160E-01
 2.00146E+06
 5.99148E-01
 4.00852E-01
 2.00146E+06
 6.01449E-01
 3.98551E-01
 2.00146E+06
 6.03744E-01
 3.96256E-01
 2.00146E+06
 6.06033E-01
 3.93967E-01
 2.00146E+06
 6.08315E-01
 3.91685E-01
 2.00146E+06
 6.10591E-01
 3.89409E-01
 2.00146E+06
 6.12859E-01
 3.87141E-01
 2.00146E+06
 6.15122E-01
 3.84878E-01
 2.00146E+06
 6.17377E-01
 3.82623E-01
 2.00146E+06
 6.19626E-01
 3.80374E-01
 2.00147E+06
 6.21867E-01
 3.78133E-01
 2.00147E+06
 6.24102E-01
 3.75898E-01
 2.00147E+06
 6.26329E-01
 3.73671E-01
 2.00147E+06
 6.28550E-01
 3.71450E-01
 2.00147E+06
 6.30773E-01
 3.69227E-01
 2.00147E+06
 6.32989E-01
 3.67011E-01
 2.00147E+06
 6.35198E-01
 3.64802E-01
 2.00147E+06
 6.37400E-01
 3.62600E-01
 2.00147E+06
 6.39594E-01
 3.60406E-01
 2.00147E+06
 6.41794E-01
 3.58206E-01
 2.00147E+06
 6.43987E-01
 3.56013E-01
 2.00147E+06
 6.46173E-01
 3.53827E-01
 2.00147E+06
 6.48350E-01
 3.51650E-01
 2.00147E+06
 6.50520E-01
 3.49480E-01
 2.00147E+06
 6.52683E-01
 3.47317E-01
 2.00147E+06
 6.54837E-01
 3.45163E-01
 2.00147E+06
 6.56984E-01
 3.43016E-01
 2.00147E+06
 6.59124E-01
 3.40876E-01
 2.00147E+06
 6.61248E-01
 3.38752E-01
 2.00147E+06
 6.63364E-01
 3.36636E-01
 2.00147E+06
 6.65473E-01
 3.34527E-01
 2.00147E+06
 6.67573E-01
 3.32427E-01
 2.00147E+06
 6.69666E-01
 3.30334E-01
 2.00147E+06
 6.71751E-01
 3.28249E-01
 2.00147E+06
 6.73828E-01
 3.26172E-01
 2.00147E+06
 6.75897E-01
 3.24103E-01
 2.00148E+06
 6.77959E-01
 3.22041E-01
 2.00148E+06
 6.80012E-01
 3.19988E-01
 2.00148E+06
 6.82058E-01
 3.17942E-01
 2.00148E+06
 6.84095E-01
 3.15905E-01
 2.00148E+06
 6.86124E-01
 3.13876E-01
 2.00148E+06
 6.88146E-01
 3.11854E-01
 2.00148E+06
 6.90159E-01
 3.09841E-01
 2.00148E+06
 6.92164E-01
 3.07836E-01
 2.00148E+06
 6.94161E-01
 3.05839E-01
 2.00148E+06
 6.96150E-01
 3.03850E-01
 2.00148E+06
 6.98131E-01
 3.01869E-01
 2.00148E+06
 7.00104E-01
 2.99896E-01
 2.00148E+06
 7.02069E-01
 2.97931E-01
 2.00148E+06
 7.04025E-01
 2.95975E-01
 2.00148E+06
 7.05974E-01
 2.94026E-01
 2.00148E+06
 7.07914E-01
 2.92086E-01
 2.00148E+06
 7.09846E-01
 2.90154E-01
 2.00148E+06
 7.11769E-01
 2.88231E-01
 2.00148E+06
 7.13683E-01
 2.86317E-01
 2.00148E+06
 7.15590E-01
 2.84410E-01
 2.00148E+06
 7.17488E-01
 2.82512E-01
 2.00148E+06
 7.19377E-01
 2.80623E-01
 2.00148E+06
 7.21259E-01
 2.78741E-01
 2.00148E+06
 7.23132E-01
 2.76868E-01
 2.00148E+06
 7.24996E-01
 2.75004E-01
 2.00149E+06
 7.26853E-01
 2.73147E-01
 2.00149E+06
 7.28701E-01
 2.71299E-01
 2.00149E+06
 7.30540E-01
 2.69460E-01
 2.00149E+06
 7.32372E-01
 2.67628E-01
 2.00149E+06
 7.34195E-01
 2.65805E-01
 2.00149E+06
 7.36009E-01
 2.63991E-01
 2.00149E+06
 7.37816E-01
 2.62184E-01
 2.00149E+06
 7.39614E-01
 2.60386E-01
 2.00149E+06
 7.41403E-01
 2.58597E-01
 2.00149E+06
 7.43188E-01
 2.56812E-01
 2.00149E+06
 7.44964E-01
 2.55036E-01
 2.00149E+06
 7.46742E-01
 2.53258E-01
 2.00149E+06
 7.48511E-01
 2.51489E-01
 2.00149E+06
 7.50272E-01
 2.49728E-01
 2.00149E+06
 7.52025E-01
 2.47975E-01
 2.00149E+06
 7.53768E-01
 2.46232E-01
 2.00149E+06
 7.55503E-01
 2.44497E-01
 2.00149E+06
 7.57218E-01
 2.42782E-01
 2.00149E+06
 7.58924E-01
 2.41076E-01
 2.00149E+06
 7.60621E-01
 2.39379E-01
 2.00149E+06
 7.62311E-01
 2.37689E-01
 2.00149E+06
 7.63992E-01
 2.36008E-01
 2.00149E+06
 7.65664E-01
 2.34336E-01
 2.00149E+06
 7.67328E-01
 2.32672E-01
 2.00149E+06
 7.68984E-01
 2.31016E-01
 2.00149E+06
 7.70632E-01
 2.29368E-01
 2.00150E+06
 7.72271E-01
 2.27729E-01
 2.00150E+06
 7.73902E-01
 2.26098E-01
 2.00150E+06
 7.75525E-01
 2.24475E-01
 2.00150E+06
 7.77139E-01
 2.22861E-01
 2.00150E+06
 7.78745E-01
 2.21255E-01
 2.00150E+06
 7.80343E-01
 2.19657E-01
 2.00150E+06
 7.81933E-01
 2.18067E-01
 2.00150E+06
 7.83514E-01
 2.16486E-01
 2.00150E+06
 7.85087E-01
 2.14913E-01
 2.00150E+06
 7.86651E-01
 2.13349E-01
 2.00150E+06
 7.88207E-01
 2.11793E-01
 2.00150E+06
 7.89756E-01
 2.10244E-01
 2.00150E+06
 7.91295E-01
 2.08705E-01
 2.00150E+06
 7.92825E-01
 2.07175E-01
 2.00150E+06
 7.94347E-01
 2.05653E-01
 2.00150E+06
 7.95860E-01
 2.04140E-01
 2.00150E+06
 7.97366E-01
 2.02634E-01
 2.00150E+06
 7.98863E-01
 2.01137E-01
 2.00150E+06
 8.00352E-01
 1.99648E-01
 2.00150E+06
 8.01833E-01
 1.98167E-01
 2.00150E+06
 8.03306E-01
 1.96694E-01
 2.00150E+06
 8.04771E-01
 1.95229E-01
 2.00150E+06
 8.06228E-01
 1.93772E-01
 2.00150E+06
 8.07676E-01
 1.92324E-01
 2.00150E+06
 8.09116E-01
 1.90884E-01
 2.00150E+06
 8.10549E-01
 1.89451E-01
 2.00151E+06
 8.11973E-01
 1.88027E-01
 2.00151E+06
 8.13389E-01
 1.86611E-01
 2.00151E+06
 8.14797E-01
 1.85203E-01
 2.00151E+06
 8.16197E-01
 1.83803E-01
 2.00151E+06
 8.17589E-01
 1.82411E-01
 2.00151E+06
 8.18973E-01
 1.81027E-01
 2.00151E+06
 8.20349E-01
 1.79651E-01
 2.00151E+06
 8.21718E-01
 1.78282E-01
 2.00151E+06
 8.23078E-01
 1.76922E-01
 2.00151E+06
 8.24430E-01
 1.75570E-01
 2.00151E+06
 8.25774E-01
 1.74226E-01
 2.00151E+06
 8.27111E-01
 1.72889E-01
 2.00151E+06
 8.28440E-01
 1.71560E-01
 2.00151E+06
 8.29761E-01
 1.70239E-01
 2.00151E+06
 8.31074E-01
 1.68926E-01
 2.00151E+06
 8.32380E-01
 1.67620E-01
 2.00151E+06
 8.33684E-01
 1.66316E-01
 2.00151E+06
 8.34979E-01
 1.65021E-01
 2.00151E+06
 8.36267E-01
 1.63733E-01
 2.00151E+06
 8.37547E-01
 1.62453E-01
 2.00151E+06
 8.38819E-01
 1.61181E-01
 2.00151E+06
 8.40083E-01
 1.59917E-01
 2.00151E+06
 8.41340E-01
 1.58660E-01
 2.00151E+06
 8.42589E-01
 1.57411E-01
 2.00151E+06
 8.43830E-01
 1.56170E-01
 2.00151E+06
 8.45063E-01
 1.54937E-01
 2.00152E+06
 8.46289E-01
 1.53711E-01
 2.00152E+06
 8.47507E-01
 1.52493E-01
 2.00152E+06
 8.48718E-01
 1.51282E-01
 2.00152E+06
 8.49921E-01
 1.50079E-01
 2.00152E+06
 8.51116E-01
 1.48884E-01
 2.00152E+06
 8.52304E-01
 1.47696E-01
 2.00152E+06
 8.53485E-01
 1.46515E-01
 2.00152E+06
 8.54658E-01
 1.45342E-01
 2.00152E+06
 8.55823E-01
 1.44177E-01
 2.00152E+06
 8.56981E-01
 1.43019E-01
 2.00152E+06
 8.58132E-01
 1.41868E-01
 2.00152E+06
 8.59273E-01
 1.40727E-01
 2.00152E+06
 8.60406E-01
 1.39594E-01
 2.00152E+06
 8.61533E-01
 1.38467E-01
 2.00152E+06
 8.62652E-01
 1.37348E-01
 2.00152E+06
 8.63763E-01
 1.36237E-01
 2.00152E+06
 8.64868E-01
 1.35132E-01
 2.00152E+06
 8.65965E-01
 1.34035E-01
 2.00152E+06
 8.67055E-01
 1.32945E-01
 2.00152E+06
 8.68138E-01
 1.31862E-01
 2.00152E+06
 8.69214E-01
 1.30786E-01
 2.00152E+06
 8.70282E-01
 1.29718E-01
 2.00152E+06
 8.71344E-01
 1.28656E-01
 2.00152E+06
 8.72399E-01
 1.27601E-01
 2.00152E+06
 8.73447E-01
 1.26553E-01
 2.00152E+06
 8.74487E-01
 1.25513E-01
 2.00153E+06
 8.75521E-01
 1.24479E-01
 2.00153E+06
 8.76548E-01
 1.23452E-01
 2.00153E+06
 8.77568E-01
 1.22432E-01
 2.00153E+06
 8.78581E-01
 1.21419E-01
 2.00153E+06
 8.79588E-01
 1.20412E-01
 2.00153E+06
 8.80587E-01
 1.19413E-01
 2.00153E+06
 8.81580E-01
 1.18420E-01
 2.00153E+06
 8.82566E-01
 1.17434E-01
 2.00153E+06
 8.83545E-01
 1.16455E-01
 2.00153E+06
 8.84518E-01
 1.15482E-01
 2.00153E+06
 8.85484E-01
 1.14516E-01
 2.00153E+06
 8.86443E-01
 1.13557E-01
 2.00153E+06
 8.87395E-01
 1.12605E-01
 2.00153E+06
 8.88342E-01
 1.11658E-01
 2.00153E+06
 8.89281E-01
 1.10719E-01
 2.00153E+06
 8.90214E-01
 1.09786E-01
 2.00153E+06
 8.91141E-01
 1.08859E-01
 2.00153E+06
 8.92061E-01
 1.07939E-01
 2.00153E+06
 8.92974E-01
 1.07026E-01
 2.00153E+06
 8.93881E-01
 1.06119E-01
 2.00153E+06
 8.94782E-01
 1.05218E-01
 2.00153E+06
 8.95677E-01
 1.04323E-01
 2.00153E+06
 8.96565E-01
 1.03435E-01
 2.00153E+06
 8.97446E-01
 1.02554E-01
 2.00153E+06
 8.98325E-01
 1.01675E-01
 2.00153E+06
 8.99198E-01
 1.00802E-01
 2.00153E+06
 9.00065E-01
 9.99348E-02
 2.00154E+06
 9.00926E-01
 9.90738E-02
 2.00154E+06
 9.01781E-01
 9.82191E-02
 2.00154E+06
 9.02629E-01
 9.73705E-02
 2.00154E+06
 9.03472E-01
 9.65281E-02
 2.00154E+06
 9.04308E-01
 9.56918E-02
 2.00154E+06
 9.05138E-01
 9.48616E-02
 2.00154E+06
 9.05963E-01
 9.40375E-02
 2.00154E+06
 9.06781E-01
 9.32194E-02
 2.00154E+06
 9.07592E-01
 9.24076E-02
 2.00154E+06
 9.08398E-01
 9.16018E-02
 2.00154E+06
 9.09198E-01
 9.08020E-02
 2.00154E+06
 9.09990E-01
 9.00100E-02
 2.00154E+06
 9.10776E-01
 8.92239E-02
 2.00154E+06
 9.11556E-01
 8.84437E-02
 2.00154E+06
 9.12331E-01
 8.76691E-02
 2.00154E+06
 9.13100E-01
 8.69004E-02
 2.00154E+06
 9.13863E-01
 8.61373E-02
 2.00154E+06
 9.14620E-01
 8.53799E-02
 2.00154E+06
 9.15372E-01
 8.46281E-02
 2.00154E+06
 9.16118E-01
 8.38820E-02
 2.00154E+06
 9.16859E-01
 8.31414E-02
 2.00154E+06
 9.17594E-01
 8.24065E-02
 2.00154E+06
 9.18323E-01
 8.16770E-02
 2.00154E+06
 9.19047E-01
 8.09530E-02
 2.00154E+06
 9.19765E-01
 8.02345E-02
 2.00154E+06
 9.20479E-01
 7.95215E-02
 2.00154E+06
 9.21186E-01
 7.88138E-02
 2.00155E+06
 9.21888E-01
 7.81116E-02
 2.00155E+06
 9.22585E-01
 7.74146E-02
 2.00155E+06
 9.23277E-01
 7.67230E-02
 2.00155E+06
 9.23963E-01
 7.60367E-02
 2.00155E+06
 9.24644E-01
 7.53555E-02
 2.00155E+06
 9.25320E-01
 7.46797E-02
 2.00155E+06
 9.25991E-01
 7.40090E-02
 2.00155E+06
 9.26657E-01
 7.33435E-02
 2.00155E+06
 9.27317E-01
 7.26831E-02
 2.00155E+06
 9.27972E-01
 7.20278E-02
 2.00155E+06
 9.28622E-01
 7.13777E-02
 2.00155E+06
 9.29267E-01
 7.07326E-02
 2.00155E+06
 9.29908E-01
 7.00925E-02
 2.00155E+06
 9.30543E-01
 6.94574E-02
 2.00155E+06
 9.31173E-01
 6.88272E-02
 2.00155E+06
 9.31798E-01
 6.82021E-02
 2.00155E+06
 9.32418E-01
 6.75818E-02
 2.00155E+06
 9.33034E-01
 6.69664E-02
 2.00155E+06
 9.33644E-01
 6.63558E-02
 2.00155E+06
 9.34250E-01
 6.57501E-02
 2.00155E+06
 9.34851E-01
 6.51492E-02
 2.00155E+06
 9.35447E-01
 6.45530E-02
 2.00155E+06
 9.36038E-01
 6.39615E-02
 2.00155E+06
 9.36625E-01
 6.33748E-02
 2.00155E+06
 9.37207E-01
 6.27928E-02
 2.00155E+06
 9.37785E-01
 6.22154E-02
 2.00155E+06
 9.38357E-01
 6.16426E-02
 2.00155E+06
 9.38926E-01
 6.10744E-02
 2.00155E+06
 9.39489E-01
 6.05107E-02
 2.00156E+06
 9.40048E-01
 5.99520E-02
 2.00156E+06
 9.40603E-01
 5.93967E-02
 2.00156E+06
 9.41155E-01
 5.88451E-02
 2.00156E+06
 9.41702E-01
 5.82978E-02
 2.00156E+06
 9.42245E-01
 5.77549E-02
 2.00156E+06
 9.42784E-01
 5.72165E-02
 2.00156E+06
 9.43318E-01
 5.66824E-02
 2.00156E+06
 9.43847E-01
 5.61528E-02
 2.00156E+06
 9.44373E-01
 5.56274E-02
 2.00156E+06
 9.44894E-01
 5.51064E-02
 2.00156E+06
 9.45410E-01
 5.45896E-02
 2.00156E+06
 9.45922E-01
 5.40775E-02
 2.00156E+06
 9.46430E-01
 5.35696E-02
 2.00156E+06
 9.46934E-01
 5.30659E-02
 2.00156E+06
 9.47434E-01
 5.25664E-02
 2.00156E+06
 9.47929E-01
 5.20710E-02
 2.00156E+06
 9.48420E-01
 5.15797E-02
 2.00156E+06
 9.48907E-01
 5.10925E-02
 2.00156E+06
 9.49391E-01
 5.06094E-02
 2.00156E+06
 9.49870E-01
 5.01302E-02
 2.00156E+06
 9.50345E-01
 4.96551E-02
 2.00156E+06
 9.50816E-01
 4.91840E-02
 2.00156E+06
 9.51283E-01
 4.87168E-02
 2.00156E+06
 9.51747E-01
 4.82535E-02
 2.00156E+06
 9.52206E-01
 4.77941E-02
 2.00156E+06
 9.52661E-01
 4.73386E-02
 2.00156E+06
 9.53113E-01
 4.68869E-02
 2.00156E+06
 9.53561E-01
 4.64391E-02
 2.00156E+06
 9.54005E-01
 4.59950E-02
 2.00156E+06
 9.54445E-01
 4.55547E-02
 2.00157E+06
 9.54882E-01
 4.51182E-02
 2.00157E+06
 9.55315E-01
 4.46853E-02
 2.00157E+06
 9.55744E-01
 4.42562E-02
 2.00157E+06
 9.56169E-01
 4.38307E-02
 2.00157E+06
 9.56591E-01
 4.34088E-02
 2.00157E+06
 9.57009E-01
 4.29905E-02
 2.00157E+06
 9.57424E-01
 4.25758E-02
 2.00157E+06
 9.57835E-01
 4.21647E-02
 2.00157E+06
 9.58243E-01
 4.17571E-02
 2.00157E+06
 9.58647E-01
 4.13530E-02
 2.00157E+06
 9.59048E-01
 4.09524E-02
 2.00157E+06
 9.59445E-01
 4.05553E-02
 2.00157E+06
 9.59838E-01
 4.01616E-02
 2.00157E+06
 9.60229E-01
 3.97713E-02
 2.00157E+06
 9.60616E-01
 3.93844E-02
 2.00157E+06
 9.60999E-01
 3.90009E-02
 2.00157E+06
 9.61379E-01
 3.86207E-02
 2.00157E+06
 9.61756E-01
 3.82438E-02
 2.00157E+06
 9.62130E-01
 3.78702E-02
 2.00157E+06
 9.62500E-01
 3.74999E-02
 2.00157E+06
 9.62867E-01
 3.71328E-02
 2.00157E+06
 9.63231E-01
 3.67689E-02
 2.00157E+06
 9.63591E-01
 3.64086E-02
 2.00157E+06
 9.63949E-01
 3.60515E-02
 2.00157E+06
 9.64303E-01
 3.56975E-02
 2.00157E+06
 9.64653E-01
 3.53466E-02
 2.00157E+06
 9.65001E-01
 3.49988E-02
 2.00157E+06
 9.65346E-01
 3.46541E-02
 2.00157E+06
 9.65688E-01
 3.43124E-02
 2.00157E+06
 9.66026E-01
 3.39738E-02
 2.00157E+06
 9.66362E-01
 3.36382E-02
 2.00158E+06
 9.66694E-01
 3.33055E-02
 2.00158E+06
 9.67024E-01
 3.29758E-02
 2.00158E+06
 9.67351E-01
 3.26491E-02
 2.00158E+06
 9.67675E-01
 3.23247E-02
 2.00158E+06
 9.67997E-01
 3.20033E-02
 2.00158E+06
 9.68316E-01
 3.16845E-02
 2.00158E+06
 9.68631E-01
 3.13685E-02
 2.00158E+06
 9.68945E-01
 3.10553E-02
 2.00158E+06
 9.69255E-01
 3.07449E-02
 2.00158E+06
 9.69563E-01
 3.04372E-02
 2.00158E+06
 9.69868E-01
 3.01322E-02
 2.00158E+06
 9.70170E-01
 2.98300E-02
 2.00158E+06
 9.70469E-01
 2.95306E-02
 2.00158E+06
 9.70766E-01
 2.92338E-02
 2.00158E+06
 9.71060E-01
 2.89398E-02
 2.00158E+06
 9.71352E-01
 2.86485E-02
 2.00158E+06
 9.71640E-01
 2.83598E-02
 2.00158E+06
 9.71926E-01
 2.80737E-02
 2.00158E+06
 9.72210E-01
 2.77903E-02
 2.00158E+06
 9.72491E-01
 2.75094E-02
 2.00158E+06
 9.72769E-01
 2.72312E-02
 2.00158E+06
 9.73045E-01
 2.69555E-02
 2.00158E+06
 9.73318E-01
 2.66823E-02
 2.00158E+06
 9.73588E-01
 2.64116E-02
 2.00158E+06
 9.73857E-01
 2.61434E-02
 2.00158E+06
 9.74122E-01
 2.58777E-02
 2.00158E+06
 9.74385E-01
 2.56145E-02
 2.00158E+06
 9.74646E-01
 2.53537E-02
 2.00158E+06
 9.74905E-01
 2.50953E-02
 2.00158E+06
 9.75161E-01
 2.48393E-02
 2.00158E+06
 9.75414E-01
 2.45857E-02
 2.00158E+06
 9.75666E-01
 2.43345E-02
 2.00158E+06
 9.75914E-01
 2.40856E-02
 2.00159E+06
 9.76161E-01
 2.38390E-02
 2.00159E+06
 9.76405E-01
 2.35947E-02
 2.00159E+06
 9.76647E-01
 2.33527E-02
 2.00159E+06
 9.76887E-01
 2.31129E-02
 2.00159E+06
 9.77125E-01
 2.28754E-02
 2.00159E+06
 9.77360E-01
 2.26401E-02
 2.00159E+06
 9.77593E-01
 2.24071E-02
 2.00159E+06
 9.77824E-01
 2.21762E-02
 2.00159E+06
 9.78053E-01
 2.19475E-02
 2.00159E+06
 9.78279E-01
 2.17210E-02
 2.00159E+06
 9.78503E-01
 2.14966E-02
 2.00159E+06
 9.78726E-01
 2.12743E-02
 2.00159E+06
 9.78946E-01
 2.10543E-02
 2.00159E+06
 9.79164E-01
 2.08365E-02
 2.00159E+06
 9.79379E-01
 2.06207E-02
 2.00159E+06
 9.79593E-01
 2.04069E-02
 2.00159E+06
 9.79805E-01
 2.01952E-02
 2.00159E+06
 9.80014E-01
 1.99855E-02
 2.00159E+06
 9.80222E-01
 1.97778E-02
 2.00159E+06
 9.80428E-01
 1.95721E-02
 2.00159E+06
 9.80632E-01
 1.93683E-02
 2.00159E+06
 9.80834E-01
 1.91665E-02
 2.00159E+06
 9.81033E-01
 1.89666E-02
 2.00159E+06
 9.81231E-01
 1.87686E-02
 2.00159E+06
 9.81427E-01
 1.85725E-02
 2.00159E+06
 9.81622E-01
 1.83783E-02
 2.00159E+06
 9.81814E-01
 1.81860E-02
 2.00159E+06
 9.82004E-01
 1.79955E-02
 2.00159E+06
 9.82193E-01
 1.78069E-02
 2.00159E+06
 9.82380E-01
 1.76200E-02
 2.00159E+06
 9.82565E-01
 1.74350E-02
 2.00159E+06
 9.82748E-01
 1.72518E-02
 2.00159E+06
 9.82930E-01
 1.70703E-02
 2.00159E+06
 9.83109E-01
 1.68906E-02
 2.00159E+06
 9.83288E-01
 1.67124E-02
 2.00160E+06
 9.83464E-01
 1.65360E-02
 2.00160E+06
 9.83639E-01
 1.63613E-02
 2.00160E+06
 9.83812E-01
 1.61883E-02
 2.00160E+06
 9.83983E-01
 1.60168E-02
 2.00160E+06
 9.84153E-01
 1.58469E-02
 2.00160E+06
 9.84321E-01
 1.56786E-02
 2.00160E+06
 9.84488E-01
 1.55120E-02
 2.00160E+06
 9.84653E-01
 1.53470E-02
 2.00160E+06
 9.84816E-01
 1.51837E-02
 2.00160E+06
 9.84978E-01
 1.50219E-02
 2.00160E+06
 9.85138E-01
 1.48617E-02
 2.00160E+06
 9.85297E-01
 1.47031E-02
 2.00160E+06
 9.85454E-01
 1.45461E-02
 2.00160E+06
 9.85609E-01
 1.43906E-02
 2.00160E+06
 9.85763E-01
 1.42367E-02
 2.00160E+06
 9.85916E-01
 1.40842E-02
 2.00160E+06
 9.86067E-01
 1.39333E-02
 2.00160E+06
 9.86216E-01
 1.37839E-02
 2.00160E+06
 9.86364E-01
 1.36360E-02
 2.00160E+06
 9.86510E-01
 1.34895E-02
 2.00160E+06
 9.86655E-01
 1.33445E-02
 2.00160E+06
 9.86799E-01
 1.32010E-02
 2.00160E+06
 9.86941E-01
 1.30588E-02
 2.00160E+06
 9.87082E-01
 1.29181E-02
 2.00160E+06
 9.87221E-01
 1.27788E-02
 2.00160E+06
 9.87359E-01
 1.26409E-02
 2.00160E+06
 9.87496E-01
 1.25044E-02
 2.00160E+06
 9.87631E-01
 1.23693E-02
 2.00160E+06
 9.87765E-01
 1.22355E-02
 2.00160E+06
 9.87897E-01
 1.21030E-02
 2.00160E+06
 9.88028E-01
 1.19719E-02
 2.00160E+06
 9.88158E-01
 1.18421E-02
 2.00160E+06
 9.88286E-01
 1.17136E-02
 2.00160E+06
 9.88414E-01
 1.15864E-02
 2.00160E+06
 9.88539E-01
 1.14606E-02
 2.00160E+06
 9.88664E-01
 1.13360E-02
 2.00160E+06
 9.88787E-01
 1.12127E-02
 2.00161E+06
 9.88909E-01
 1.10906E-02
 2.00161E+06
 9.89030E-01
 1.09698E-02
 2.00161E+06
 9.89150E-01
 1.08502E-02
 2.00161E+06
 9.89268E-01
 1.07318E-02
 2.00161E+06
 9.89385E-01
 1.06146E-02
 2.00161E+06
 9.89501E-01
 1.04986E-02
 2.00161E+06
 9.89616E-01
 1.03838E-02
 2.00161E+06
 9.89730E-01
 1.02702E-02
 2.00161E+06
 9.89842E-01
 1.01577E-02
 2.00161E+06
 9.89954E-01
 1.00464E-02
 2.00161E+06
 9.90064E-01
 9.93617E-03
 2.00161E+06
 9.90173E-01
 9.82710E-03
 2.00161E+06
 9.90281E-01
 9.71915E-03
 2.00161E+06
 9.90388E-01
 9.61231E-03
 2.00161E+06
 9.90493E-01
 9.50656E-03
 2.00161E+06
 9.90598E-01
 9.40190E-03
 2.00161E+06
 9.90702E-01
 9.29832E-03
 2.00161E+06
 9.90804E-01
 9.19580E-03
 2.00161E+06
 9.90906E-01
 9.09434E-03
 2.00161E+06
 9.91006E-01
 8.99393E-03
 2.00161E+06
 9.91105E-01
 8.89455E-03
 2.00161E+06
 9.91204E-01
 8.79620E-03
 2.00161E+06
 9.91301E-01
 8.69886E-03
 2.00161E+06
 9.91397E-01
 8.60253E-03
 2.00161E+06
 9.91493E-01
 8.50720E-03
 2.00161E+06
 9.91587E-01
 8.41286E-03
 2.00161E+06
 9.91681E-01
 8.31950E-03
 2.00161E+06
 9.91773E-01
 8.22711E-03
 2.00161E+06
 9.91864E-01
 8.13568E-03
 2.00161E+06
 9.91955E-01
 8.04512E-03
 2.00161E+06
 9.92045E-01
 7.95543E-03
 2.00161E+06
 9.92133E-01
 7.86668E-03
 2.00161E+06
 9.92221E-01
 7.77886E-03
 2.00161E+06
 9.92308E-01
 7.69195E-03
 2.00161E+06
 9.92394E-01
 7.60596E-03
 2.00161E+06
 9.92479E-01
 7.52086E-03
 2.00161E+06
 9.92563E-01
 7.43663E-03
 2.00161E+06
 9.92647E-01
 7.35328E-03
 2.00161E+06
 9.92729E-01
 7.27080E-03
 2.00161E+06
 9.92811E-01
 7.18918E-03
 2.00162E+06
 9.92892E-01
 7.10842E-03
 2.00162E+06
 9.92971E-01
 7.02851E-03
 2.00162E+06
 9.93051E-01
 6.94944E-03
 2.00162E+06
 9.93129E-01
 6.87121E-03
 2.00162E+06
 9.93206E-01
 6.79381E-03
 2.00162E+06
 9.93283E-01
 6.71723E-03
 2.00162E+06
 9.93359E-01
 6.64146E-03
 2.00162E+06
 9.93434E-01
 6.56649E-03
 2.00162E+06
 9.93508E-01
 6.49232E-03
 2.00162E+06
 9.93581E-01
 6.41893E-03
 2.00162E+06
 9.93654E-01
 6.34633E-03
 2.00162E+06
 9.93726E-01
 6.27450E-03
 2.00162E+06
 9.93797E-01
 6.20343E-03
 2.00162E+06
 9.93867E-01
 6.13312E-03
 2.00162E+06
 9.93936E-01
 6.06356E-03
 2.00162E+06
 9.94005E-01
 5.99475E-03
 2.00162E+06
 9.94073E-01
 5.92667E-03
 2.00162E+06
 9.94141E-01
 5.85932E-03
 2.00162E+06
 9.94207E-01
 5.79268E-03
 2.00162E+06
 9.94273E-01
 5.72677E-03
 2.00162E+06
 9.94338E-01
 5.66156E-03
 2.00162E+06
 9.94403E-01
 5.59705E-03
 2.00162E+06
 9.94467E-01
 5.53323E-03
 2.00162E+06
 9.94530E-01
 5.47010E-03
 2.00162E+06
 9.94592E-01
 5.40765E-03
 2.00162E+06
 9.94654E-01
 5.34587E-03
 2.00162E+06
 9.94715E-01
 5.28477E-03
 2.00162E+06
 9.94776E-01
 5.22433E-03
 2.00162E+06
 9.94835E-01
 5.16455E-03
 2.00162E+06
 9.94895E-01
 5.10542E-03
 2.00162E+06
 9.94953E-01
 5.04692E-03
 2.00162E+06
 9.95011E-01
 4.98906E-03
 2.00162E+06
 9.95068E-01
 4.93182E-03
 2.00162E+06
 9.95125E-01
 4.87520E-03
 2.00162E+06
 9.95181E-01
 4.81920E-03
 2.00162E+06
 9.95236E-01
 4.76380E-03
 2.00162E+06
 9.95291E-01
 4.70901E-03
 2.00162E+06
 9.95345E-01
 4.65481E-03
 2.00162E+06
 9.95399E-01
 4.60120E-03
 2.00162E+06
 9.95452E-01
 4.54818E-03
 2.00162E+06
 9.95504E-01
 4.49573E-03
 2.00162E+06
 9.95556E-01
 4.44386E-03
 2.00163E+06
 9.95607E-01
 4.39255E-03
 2.00163E+06
 9.95658E-01
 4.34180E-03
 2.00163E+06
 9.95708E-01
 4.29161E-03
 2.00163E+06
 9.95758E-01
 4.24196E-03
 2.00163E+06
 9.95807E-01
 4.19286E-03
 2.00163E+06
 9.95856E-01
 4.14430E-03
 2.00163E+06
 9.95904E-01
 4.09627E-03
 2.00163E+06
 9.95951E-01
 4.04876E-03
 2.00163E+06
 9.95998E-01
 4.00178E-03
 2.00163E+06
 9.96045E-01
 3.95532E-03
 2.00163E+06
 9.96091E-01
 3.90936E-03
 2.00163E+06
 9.96136E-01
 3.86392E-03
 2.00163E+06
 9.96181E-01
 3.81897E-03
 2.00163E+06
 9.96225E-01
 3.77452E-03
 2.00163E+06
 9.96269E-01
 3.73057E-03
 2.00163E+06
 9.96313E-01
 3.68711E-03
 2.00163E+06
 9.96356E-01
 3.64407E-03
 2.00163E+06
 9.96398E-01
 3.60151E-03
 2.00163E+06
 9.96441E-01
 3.55942E-03
 2.00163E+06
 9.96482E-01
 3.51779E-03
 2.00163E+06
 9.96523E-01
 3.47663E-03
 2.00163E+06
 9.96564E-01
 3.43592E-03
 2.00163E+06
 9.96604E-01
 3.39567E-03
 2.00163E+06
 9.96644E-01
 3.35586E-03
 2.00163E+06
 9.96683E-01
 3.31650E-03
 2.00163E+06
 9.96722E-01
 3.27756E-03
 2.00163E+06
 9.96761E-01
 3.23906E-03
 2.00163E+06
 9.96799E-01
 3.20099E-03
 2.00163E+06
 9.96837E-01
 3.16334E-03
 2.00163E+06
 9.96874E-01
 3.12610E-03
 2.00163E+06
 9.96911E-01
 3.08929E-03
 2.00163E+06
 9.96947E-01
 3.05288E-03
 2.00163E+06
 9.96983E-01
 3.01689E-03
 2.00163E+06
 9.97019E-01
 2.98129E-03
 2.00163E+06
 9.97054E-01
 2.94610E-03
 2.00163E+06
 9.97089E-01
 2.91129E-03
 2.00163E+06
 9.97123E-01
 2.87687E-03
 2.00163E+06
 9.97157E-01
 2.84284E-03
 2.00163E+06
 9.97191E-01
 2.80919E-03
 2.00163E+06
 9.97224E-01
 2.77592E-03
 2.00163E+06
 9.97257E-01
 2.74303E-03
 2.00163E+06
 9.97289E-01
 2.71050E-03
 2.00163E+06
 9.97322E-01
 2.67835E-03
 2.00163E+06
 9.97353E-01
 2.64655E-03
 2.00163E+06
 9.97385E-01
 2.61512E-03
 2.00164E+06
 9.97416E-01
 2.58404E-03
 2.00164E+06
 9.97447E-01
 2.55331E-03
 2.00164E+06
 9.97477E-01
 2.52294E-03
 2.00164E+06
 9.97507E-01
 2.49290E-03
 2.00164E+06
 9.97537E-01
 2.46321E-03
 2.00164E+06
 9.97566E-01
 2.43385E-03
 2.00164E+06
 9.97595E-01
 2.40483E-03
 2.00164E+06
 9.97624E-01
 2.37613E-03
 2.00164E+06
 9.97652E-01
 2.34777E-03
 2.00164E+06
 9.97680E-01
 2.31972E-03
 2.00164E+06
 9.97708E-01
 2.29201E-03
 2.00164E+06
 9.97735E-01
 2.26461E-03
 2.00164E+06
 9.97762E-01
 2.23753E-03
 2.00164E+06
 9.97789E-01
 2.21075E-03
 2.00164E+06
 9.97816E-01
 2.18428E-03
 2.00164E+06
 9.97842E-01
 2.15811E-03
 2.00164E+06
 9.97868E-01
 2.13224E-03
 2.00164E+06
 9.97893E-01
 2.10667E-03
 2.00164E+06
 9.97919E-01
 2.08139E-03
 2.00164E+06
 9.97944E-01
 2.05640E-03
 2.00164E+06
 9.97968E-01
 2.03169E-03
 2.00164E+06
 9.97993E-01
 2.00727E-03
 2.00164E+06
 9.98017E-01
 1.98313E-03
 2.00164E+06
 9.98041E-01
 1.95927E-03
 2.00164E+06
 9.98064E-01
 1.93568E-03
 2.00164E+06
 9.98088E-01
 1.91236E-03
 2.00164E+06
 9.98111E-01
 1.88931E-03
 2.00164E+06
 9.98133E-01
 1.86652E-03
 2.00164E+06
 9.98156E-01
 1.84400E-03
 2.00164E+06
 9.98178E-01
 1.82174E-03
 2.00164E+06
 9.98200E-01
 1.79973E-03
 2.00164E+06
 9.98222E-01
 1.77798E-03
 2.00164E+06
 9.98244E-01
 1.75648E-03
 2.00164E+06
 9.98265E-01
 1.73523E-03
 2.00164E+06
 9.98286E-01
 1.71423E-03
 2.00164E+06
 9.98307E-01
 1.69346E-03
 2.00164E+06
 9.98327E-01
 1.67294E-03
 2.00164E+06
 9.98347E-01
 1.65266E-03
 2.00164E+06
 9.98367E-01
 1.63260E-03
 2.00164E+06
 9.98387E-01
 1.61277E-03
 2.00164E+06
 9.98407E-01
 1.59316E-03
 2.00164E+06
 9.98426E-01
 1.57378E-03
 2.00164E+06
 9.98445E-01
 1.55463E-03
 2.00164E+06
 9.98464E-01
 1.53570E-03
 2.00164E+06
 9.98483E-01
 1.51699E-03
 2.00164E+06
 9.98502E-01
 1.49850E-03
 2.00164E+06
 9.98520E-01
 1.48022E-03
 2.00164E+06
 9.98538E-01
 1.46216E-03
 2.00165E+06
 9.98556E-01
 1.44431E-03
 2.00165E+06
 9.98573E-01
 1.42667E-03
 2.00165E+06
 9.98591E-01
 1.40924E-03
 2.00165E+06
 9.98608E-01
 1.39200E-03
 2.00165E+06
 9.98625E-01
 1.37498E-03
 2.00165E+06
 9.98642E-01
 1.35814E-03
 2.00165E+06
 9.98659E-01
 1.34150E-03
 2.00165E+06
 9.98675E-01
 1.32505E-03
 2.00165E+06
 9.98691E-01
 1.30879E-03
 2.00165E+06
 9.98707E-01
 1.29273E-03
 2.00165E+06
 9.98723E-01
 1.27685E-03
 2.00165E+06
 9.98739E-01
 1.26117E-03
 2.00165E+06
 9.98754E-01
 1.24567E-03
 2.00165E+06
 9.98770E-01
 1.23035E-03
 2.00165E+06
 9.98785E-01
 1.21521E-03
 2.00165E+06
 9.98800E-01
 1.20026E-03
 2.00165E+06
 9.98815E-01
 1.18548E-03
 2.00165E+06
 9.98829E-01
 1.17087E-03
 2.00165E+06
 9.98844E-01
 1.15644E-03
 2.00165E+06
 9.98858E-01
 1.14217E-03
 2.00165E+06
 9.98872E-01
 1.12808E-03
 2.00165E+06
 9.98886E-01
 1.11415E-03
 2.00165E+06
 9.98900E-01
 1.10039E-03
 2.00165E+06
 9.98913E-01
 1.08679E-03
 2.00165E+06
 9.98927E-01
 1.07335E-03
 2.00165E+06
 9.98940E-01
 1.06008E-03
 2.00165E+06
 9.98953E-01
 1.04696E-03
 2.00165E+06
 9.98966E-01
 1.03399E-03
 2.00165E+06
 9.98979E-01
 1.02118E-03
 2.00165E+06
 9.98991E-01
 1.00853E-03
 2.00165E+06
 9.99004E-01
 9.96018E-04
 2.00165E+06
 9.99016E-01
 9.83661E-04
 2.00165E+06
 9.99029E-01
 9.71451E-04
 2.00165E+06
 9.99041E-01
 9.59386E-04
 2.00165E+06
 9.99053E-01
 9.47466E-04
 2.00165E+06
 9.99064E-01
 9.35687E-04
 2.00165E+06
 9.99076E-01
 9.24050E-04
 2.00165E+06
 9.99087E-01
 9.12552E-04
 2.00165E+06
 9.99099E-01
 9.01191E-04
 2.00165E+06
 9.99110E-01
 8.89967E-04
 2.00165E+06
 9.99121E-01
 8.78877E-04
 2.00165E+06
 9.99132E-01
 8.67919E-04
 2.00165E+06
 9.99143E-01
 8.57094E-04
 2.00165E+06
 9.99154E-01
 8.46398E-04
 2.00165E+06
 9.99164E-01
 8.35830E-04
 2.00165E+06
 9.99175E-01
 8.25390E-04
 2.00165E+06
 9.99185E-01
 8.15075E-04
 2.00165E+06
 9.99195E-01
 8.04884E-04
 2.00165E+06
 9.99205E-01
 7.94816E-04
 2.00165E+06
 9.99215E-01
 7.84869E-04
 2.00165E+06
 9.99225E-01
 7.75042E-04
 2.00166E+06
 9.99235E-01
 7.65333E-04
 2.00166E+06
 9.99244E-01
 7.55741E-04
 2.00166E+06
 9.99254E-01
 7.46265E-04
 2.00166E+06
 9.99263E-01
 7.36904E-04
 2.00166E+06
 9.99272E-01
 7.27656E-04
 2.00166E+06
 9.99281E-01
 7.18519E-04
 2.00166E+06
 9.99291E-01
 7.09493E-04
 2.00166E+06
 9.99299E-01
 7.00577E-04
 2.00166E+06
 9.99308E-01
 6.91764E-04
 2.00166E+06
 9.99317E-01
 6.83057E-04
 2.00166E+06
 9.99326E-01
 6.74457E-04
 2.00166E+06
 9.99334E-01
 6.65960E-04
 2.00166E+06
 9.99342E-01
 6.57567E-04
 2.00166E+06
 9.99351E-01
 6.49273E-04
 2.00166E+06
 9.99359E-01
 6.41080E-04
 2.00166E+06
 9.99367E-01
 6.32988E-04
 2.00166E+06
 9.99375E-01
 6.24994E-04
 2.00166E+06
 9.99383E-01
 6.17097E-04
 2.00166E+06
 9.99391E-01
 6.09296E-04
 2.00166E+06
 9.99398E-01
 6.01587E-04
 2.00166E+06
 9.99406E-01
 5.93972E-04
 2.00166E+06
 9.99414E-01
 5.86451E-04
 2.00166E+06
 9.99421E-01
 5.79021E-04
 2.00166E+06
 9.99428E-01
 5.71682E-04
 2.00166E+06
 9.99436E-01
 5.64432E-04
 2.00166E+06
 9.99443E-01
 5.57272E-04
 2.00166E+06
 9.99450E-01
 5.50199E-04
 2.00166E+06
 9.99457E-01
 5.43211E-04
 2.00166E+06
 9.99464E-01
 5.36309E-04
 2.00166E+06
 9.99471E-01
 5.29491E-04
 2.00166E+06
 9.99477E-01
 5.22757E-04
 2.00166E+06
 9.99484E-01
 5.16105E-04
 2.00166E+06
 9.99490E-01
 5.09536E-04
 2.00166E+06
 9.99497E-01
 5.03047E-04
 2.00166E+06
 9.99503E-01
 4.96638E-04
 2.00166E+06
 9.99510E-01
 4.90307E-04
 2.00166E+06
 9.99516E-01
 4.84055E-04
 2.00166E+06
 9.99522E-01
 4.77880E-04
 2.00166E+06
 9.99528E-01
 4.71781E-04
 2.00166E+06
 9.99534E-01
 4.65757E-04
 2.00166E+06
 9.99540E-01
 4.59807E-04
 2.00166E+06
 9.99546E-01
 4.53931E-04
 2.00166E+06
 9.99552E-01
 4.48127E-04
 2.00166E+06
 9.99558E-01
 4.42396E-04
 2.00166E+06
 9.99563E-01
 4.36735E-04
 2.00166E+06
 9.99569E-01
 4.31144E-04
 2.00166E+06
 9.99574E-01
 4.25622E-04
 2.00166E+06
 9.99580E-01
 4.20168E-04
 2.00166E+06
 9.99585E-01
 4.14783E-04
 2.00166E+06
 9.99591E-01
 4.09463E-04
 2.00166E+06
 9.99596E-01
 4.04210E-04
 2.00166E+06
 9.99601E-01
 3.99022E-04
 2.00166E+06
 9.99606E-01
 3.93899E-04
 2.00166E+06
 9.99611E-01
 3.88839E-04
 2.00167E+06
 9.99616E-01
 3.83842E-04
 2.00167E+06
 9.99621E-01
 3.78907E-04
 2.00167E+06
 9.99626E-01
 3.74033E-04
 2.00167E+06
 9.99631E-01
 3.69220E-04
 2.00167E+06
 9.99636E-01
 3.64467E-04
 2.00167E+06
 9.99640E-01
 3.59773E-04
 2.00167E+06
 9.99645E-01
 3.55138E-04
 2.00167E+06
 9.99649E-01
 3.50561E-04
 2.00167E+06
 9.99654E-01
 3.46040E-04
 2.00167E+06
 9.99658E-01
 3.41576E-04
 2.00167E+06
 9.99663E-01
 3.37168E-04
 2.00167E+06
 9.99667E-01
 3.32815E-04
 2.00167E+06
 9.99671E-01
 3.28516E-04
 2.00167E+06
 9.99676E-01
 3.24272E-04
 2.00167E+06
 9.99680E-01
 3.20080E-04
 2.00167E+06
 9.99684E-01
 3.15940E-04
 2.00167E+06
 9.99688E-01
 3.11853E-04
 2.00167E+06
 9.99692E-01
 3.07817E-04
 2.00167E+06
 9.99696E-01
 3.03831E-04
 2.00167E+06
 9.99700E-01
 2.99895E-04
 2.00167E+06
 9.99704E-01
 2.96008E-04
 2.00167E+06
 9.99708E-01
 2.92171E-04
 2.00167E+06
 9.99712E-01
 2.88381E-04
 2.00167E+06
 9.99715E-01
 2.84639E-04
 2.00167E+06
 9.99719E-01
 2.80943E-04
 2.00167E+06
 9.99723E-01
 2.77293E-04
 2.00167E+06
 9.99726E-01
 2.73689E-04
 2.00167E+06
 9.99730E-01
 2.70131E-04
 2.00167E+06
 9.99733E-01
 2.66617E-04
 2.00167E+06
 9.99737E-01
 2.63148E-04
 2.00167E+06
 9.99740E-01
 2.59723E-04
 2.00167E+06
 9.99744E-01
 2.56341E-04
 2.00167E+06
 9.99747E-01
 2.52999E-04
 2.00167E+06
 9.99750E-01
 2.49699E-04
 2.00167E+06
 9.99754E-01
 2.46442E-04
 2.00167E+06
 9.99757E-01
 2.43225E-04
 2.00167E+06
 9.99760E-01
 2.40049E-04
 2.00167E+06
 9.99763E-01
 2.36914E-04
 2.00167E+06
 9.99766E-01
 2.33818E-04
 2.00167E+06
 9.99769E-01
 2.30761E-04
 2.00167E+06
 9.99772E-01
 2.27743E-04
 2.00167E+06
 9.99775E-01
 2.24764E-04
 2.00167E+06
 9.99778E-01
 2.21822E-04
 2.00167E+06
 9.99781E-01
 2.18918E-04
 2.00167E+06
 9.99784E-01
 2.16051E-04
 2.00167E+06
 9.99787E-01
 2.13220E-04
 2.00167E+06
 9.99790E-01
 2.10425E-04
 2.00167E+06
 9.99792E-01
 2.07665E-04
 2.00167E+06
 9.99795E-01
 2.04941E-04
 2.00167E+06
 9.99798E-01
 2.02251E-04
 2.00167E+06
 9.99800E-01
 1.99595E-04
 2.00167E+06
 9.99803E-01
 1.96973E-04
 2.00167E+06
 9.99806E-01
 1.94384E-04
 2.00167E+06
 9.99808E-01
 1.91829E-04
 2.00167E+06
 9.99811E-01
 1.89306E-04
 2.00167E+06
 9.99813E-01
 1.86815E-04
 2.00167E+06
 9.99816E-01
 1.84357E-04
 2.00168E+06
 9.99818E-01
 1.81929E-04
 2.00168E+06
 9.99820E-01
 1.79533E-04
 2.00168E+06
 9.99823E-01
 1.77167E-04
 2.00168E+06
 9.99825E-01
 1.74832E-04
 2.00168E+06
 9.99827E-01
 1.72527E-04
 2.00168E+06
 9.99830E-01
 1.70251E-04
 2.00168E+06
 9.99832E-01
 1.68004E-04
 2.00168E+06
 9.99834E-01
 1.65786E-04
 2.00168E+06
 9.99836E-01
 1.63597E-04
 2.00168E+06
 9.99839E-01
 1.61436E-04
 2.00168E+06
 9.99841E-01
 1.59302E-04
 2.00168E+06
 9.99843E-01
 1.57196E-04
 2.00168E+06
 9.99845E-01
 1.55117E-04
 2.00168E+06
 9.99847E-01
 1.53064E-04
 2.00168E+06
 9.99849E-01
 1.51038E-04
 2.00168E+06
 9.99851E-01
 1.49039E-04
 2.00168E+06
 9.99853E-01
 1.47064E-04
 2.00168E+06
 9.99855E-01
 1.45116E-04
 2.00168E+06
 9.99857E-01
 1.43192E-04
 2.00168E+06
 9.99859E-01
 1.41293E-04
 2.00168E+06
 9.99861E-01
 1.39419E-04
 2.00168E+06
 9.99862E-01
 1.37568E-04
 2.00168E+06
 9.99864E-01
 1.35742E-04
 2.00168E+06
 9.99866E-01
 1.33939E-04
 2.00168E+06
 9.99868E-01
 1.32159E-04
 2.00168E+06
 9.99870E-01
 1.30402E-04
 2.00168E+06
 9.99871E-01
 1.28668E-04
 2.00168E+06
 9.99873E-01
 1.26957E-04
 2.00168E+06
 9.99875E-01
 1.25268E-04
 2.00168E+06
 9.99876E-01
 1.23600E-04
 2.00168E+06
 9.99878E-01
 1.21954E-04
 2.00168E+06
 9.99880E-01
 1.20330E-04
 2.00168E+06
 9.99881E-01
 1.18726E-04
 2.00168E+06
 9.99883E-01
 1.17144E-04
 2.00168E+06
 9.99884E-01
 1.15582E-04
 2.00168E+06
 9.99886E-01
 1.14040E-04
 2.00168E+06
 9.99887E-01
 1.12518E-04
 2.00168E+06
 9.99889E-01
 1.11016E-04
 2.00168E+06
 9.99890E-01
 1.09533E-04
 2.00168E+06
 9.99892E-01
 1.08069E-04
 2.00168E+06
 9.99893E-01
 1.06624E-04
 2.00168E+06
 9.99895E-01
 1.05199E-04
 2.00168E+06
 9.99896E-01
 1.03791E-04
 2.00168E+06
 9.99898E-01
 1.02401E-04
 2.00168E+06
 9.99899E-01
 1.01030E-04
