 2.00046E+06
 0.00000E+00
 1.00000E+00
 2.00046E+06
 3.98039E-01
 6.01961E-01
 2.00178E+06
 8.27532E-01
 1.72468E-01
 2.00223E+06
 9.50602E-01
 4.93980E-02
 2.00257E+06
 9.85868E-01
 1.41316E-02
 2.00268E+06
 9.95960E-01
 4.04044E-03
 2.00282E+06
 9.98849E-01
 1.15112E-03
 2.00287E+06
 9.99671E-01
 3.28772E-04
 2.00292E+06
 9.99906E-01
 9.39717E-05
 2.00295E+06
 9.99973E-01
 2.68659E-05
 2.00297E+06
 9.99992E-01
 7.68142E-06
 2.00298E+06
 9.99998E-01
 2.19632E-06
 2.00299E+06
 9.99999E-01
 6.27998E-07
 2.00299E+06
 1.00000E+00
 1.79565E-07
 2.00300E+06
 1.00000E+00
 5.13439E-08
 2.00301E+06
 1.00000E+00
 1.46812E-08
 2.00301E+06
 1.00000E+00
 4.19793E-09
 2.00301E+06
 1.00000E+00
 1.20035E-09
 2.00301E+06
 1.00000E+00
 3.43227E-10
 2.00302E+06
 1.00000E+00
 9.81427E-11
 2.00302E+06
 1.00000E+00
 2.80630E-11
 2.00302E+06
 1.00000E+00
 8.02453E-12
 2.00302E+06
 1.00000E+00
 2.29442E-12
 2.00302E+06
 1.00000E+00
 6.56101E-13
 2.00303E+06
 1.00000E+00
 1.87738E-13
 2.00303E+06
 1.00000E+00
 5.36034E-14
 2.00303E+06
 1.00000E+00
 1.53924E-14
 2.00303E+06
 1.00000E+00
 4.29373E-15
 2.00303E+06
 1.00000E+00
 1.12270E-15
 2.00303E+06
 1.00000E+00
 3.29940E-16
 2.00303E+06
 1.00000E+00
 1.28367E-17
 2.00304E+06
 1.00000E+00
 1.28367E-17
 2.00304E+06
 1.00000E+00
 1.28367E-17
 2.00303E+06
 1.00000E+00
 1.28367E-17
 2.00304E+06
 1.00000E+00
 1.28367E-17
 2.00304E+06
 1.00000E+00
 1.28366E-17
 2.00304E+06
 1.00000E+00
 1.28366E-17
 2.00304E+06
 1.00000E+00
 1.28366E-17
 2.00304E+06
 1.00000E+00
 1.28366E-17
 2.00304E+06
 1.00000E+00
 1.28366E-17
 2.00304E+06
 1.00000E+00
 1.28366E-17
 2.00304E+06
 1.00000E+00
 1.28366E-17
 2.00304E+06
 1.00000E+00
 1.28366E-17
 2.00304E+06
 1.00000E+00
 1.28366E-17
 2.00305E+06
 1.00000E+00
 1.28366E-17
 2.00305E+06
 1.00000E+00
 1.28365E-17
 2.00305E+06
 1.00000E+00
 1.28365E-17
 2.00305E+06
 1.00000E+00
 1.28365E-17
 2.00305E+06
 1.00000E+00
 1.28365E-17
 2.00305E+06
 1.00000E+00
 1.28365E-17
 2.00305E+06
 1.00000E+00
 1.28365E-17
 2.00305E+06
 1.00000E+00
 1.28365E-17
 2.00305E+06
 1.00000E+00
 1.28365E-17
 2.00305E+06
 1.00000E+00
 1.28365E-17
 2.00305E+06
 1.00000E+00
 1.28365E-17
 2.00305E+06
 1.00000E+00
 1.28365E-17
 2.00305E+06
 1.00000E+00
 1.28365E-17
 2.00305E+06
 1.00000E+00
 1.28365E-17
 2.00305E+06
 1.00000E+00
 1.28365E-17
 2.00305E+06
 1.00000E+00
 1.28365E-17
 2.00305E+06
 1.00000E+00
 1.28365E-17
 2.00305E+06
 1.00000E+00
 1.28365E-17
 2.00305E+06
 1.00000E+00
 1.28364E-17
 2.00305E+06
 1.00000E+00
 1.28364E-17
 2.00305E+06
 1.00000E+00
 1.28364E-17
 2.00305E+06
 1.00000E+00
 1.28364E-17
 2.00305E+06
 1.00000E+00
 1.28364E-17
 2.00306E+06
 1.00000E+00
 1.28364E-17
 2.00306E+06
 1.00000E+00
 1.28364E-17
 2.00306E+06
 1.00000E+00
 1.28364E-17
 2.00306E+06
 1.00000E+00
 1.28364E-17
 2.00306E+06
 1.00000E+00
 1.28364E-17
 2.00306E+06
 1.00000E+00
 1.28364E-17
 2.00306E+06
 1.00000E+00
 1.28364E-17
 2.00306E+06
 1.00000E+00
 1.28364E-17
 2.00306E+06
 1.00000E+00
 1.28364E-17
 2.00306E+06
 1.00000E+00
 1.28364E-17
 2.00306E+06
 1.00000E+00
 1.28364E-17
 2.00306E+06
 1.00000E+00
 1.28364E-17
 2.00306E+06
 1.00000E+00
 1.28364E-17
 2.00306E+06
 1.00000E+00
 1.28364E-17
 2.00306E+06
 1.00000E+00
 1.28364E-17
 2.00306E+06
 1.00000E+00
 1.28364E-17
 2.00306E+06
 1.00000E+00
 1.28364E-17
 2.00306E+06
 1.00000E+00
 1.28364E-17
 2.00306E+06
 1.00000E+00
 1.28364E-17
 2.00306E+06
 1.00000E+00
 1.28364E-17
 2.00306E+06
 1.00000E+00
 1.28364E-17
 2.00306E+06
 1.00000E+00
 1.28364E-17
 2.00306E+06
 1.00000E+00
 1.28364E-17
 2.00306E+06
 1.00000E+00
 1.28364E-17
 2.00306E+06
 1.00000E+00
 1.28364E-17
 2.00306E+06
 1.00000E+00
 1.28363E-17
 2.00306E+06
 1.00000E+00
 1.28363E-17
 2.00306E+06
 1.00000E+00
 1.28363E-17
 2.00306E+06
 1.00000E+00
 1.28363E-17
 2.00306E+06
 1.00000E+00
 1.28363E-17
 2.00306E+06
 1.00000E+00
 1.28363E-17
 2.00306E+06
 1.00000E+00
 1.28363E-17
 2.00306E+06
 1.00000E+00
 1.28363E-17
 2.00306E+06
 1.00000E+00
 1.28363E-17
 2.00306E+06
 1.00000E+00
 1.28363E-17
 2.00306E+06
 1.00000E+00
 1.28363E-17
 2.00306E+06
 1.00000E+00
 1.28363E-17
 2.00306E+06
 1.00000E+00
 1.28363E-17
 2.00306E+06
 1.00000E+00
 1.28363E-17
 2.00306E+06
 1.00000E+00
 1.28363E-17
 2.00306E+06
 1.00000E+00
 1.28363E-17
 2.00306E+06
 1.00000E+00
 1.28363E-17
 2.00306E+06
 1.00000E+00
 1.28363E-17
 2.00306E+06
 1.00000E+00
 1.28363E-17
 2.00306E+06
 1.00000E+00
 1.28363E-17
 2.00306E+06
 1.00000E+00
 1.28363E-17
 2.00306E+06
 1.00000E+00
 1.28363E-17
 2.00307E+06
 1.00000E+00
 1.28363E-17
 2.00307E+06
 1.00000E+00
 1.28363E-17
 2.00307E+06
 1.00000E+00
 1.28363E-17
 2.00307E+06
 1.00000E+00
 1.28363E-17
 2.00307E+06
 1.00000E+00
 1.28363E-17
 2.00307E+06
 1.00000E+00
 1.28363E-17
 2.00307E+06
 1.00000E+00
 1.28363E-17
 2.00307E+06
 1.00000E+00
 1.28363E-17
 2.00307E+06
 1.00000E+00
 1.28363E-17
 2.00307E+06
 1.00000E+00
 1.28363E-17
 2.00306E+06
 1.00000E+00
 1.28363E-17
 2.00306E+06
 1.00000E+00
 1.28363E-17
 2.00307E+06
 1.00000E+00
 1.28363E-17
 2.00307E+06
 1.00000E+00
 1.28363E-17
 2.00307E+06
 1.00000E+00
 1.28363E-17
 2.00307E+06
 1.00000E+00
 1.28363E-17
 2.00307E+06
 1.00000E+00
 1.28363E-17
 2.00307E+06
 1.00000E+00
 1.28363E-17
 2.00307E+06
 1.00000E+00
 1.28363E-17
 2.00307E+06
 1.00000E+00
 1.28363E-17
 2.00307E+06
 1.00000E+00
 1.28363E-17
 2.00307E+06
 1.00000E+00
 1.28363E-17
 2.00307E+06
 1.00000E+00
 1.28363E-17
 2.00307E+06
 1.00000E+00
 1.28363E-17
 2.00307E+06
 1.00000E+00
 1.28363E-17
 2.00307E+06
 1.00000E+00
 1.28363E-17
 2.00307E+06
 1.00000E+00
 1.28363E-17
 2.00307E+06
 1.00000E+00
 1.28363E-17
 2.00307E+06
 1.00000E+00
 1.28363E-17
 2.00307E+06
 1.00000E+00
 1.28363E-17
 2.00307E+06
 1.00000E+00
 1.28363E-17
 2.00307E+06
 1.00000E+00
 1.28363E-17
 2.00307E+06
 1.00000E+00
 1.28363E-17
 2.00307E+06
 1.00000E+00
 1.28363E-17
 2.00307E+06
 1.00000E+00
 1.28363E-17
 2.00307E+06
 1.00000E+00
 1.28363E-17
 2.00307E+06
 1.00000E+00
 1.28363E-17
 2.00307E+06
 1.00000E+00
 1.28363E-17
 2.00307E+06
 1.00000E+00
 1.28363E-17
 2.00307E+06
 1.00000E+00
 1.28363E-17
 2.00307E+06
 1.00000E+00
 1.28363E-17
 2.00307E+06
 1.00000E+00
 1.28363E-17
 2.00307E+06
 1.00000E+00
 1.28363E-17
 2.00307E+06
 1.00000E+00
 1.28363E-17
 2.00307E+06
 1.00000E+00
 1.28362E-17
 2.00307E+06
 1.00000E+00
 1.28362E-17
 2.00307E+06
 1.00000E+00
 1.28362E-17
 2.00307E+06
 1.00000E+00
 1.28362E-17
 2.00307E+06
 1.00000E+00
 1.28362E-17
 2.00307E+06
 1.00000E+00
 1.28362E-17
 2.00307E+06
 1.00000E+00
 1.28362E-17
 2.00307E+06
 1.00000E+00
 1.28363E-17
 2.00307E+06
 1.00000E+00
 1.28363E-17
 2.00307E+06
 1.00000E+00
 1.28363E-17
 2.00307E+06
 1.00000E+00
 1.28362E-17
 2.00307E+06
 1.00000E+00
 1.28363E-17
 2.00307E+06
 1.00000E+00
 1.28363E-17
 2.00307E+06
 1.00000E+00
 1.28363E-17
 2.00307E+06
 1.00000E+00
 1.28363E-17
 2.00307E+06
 1.00000E+00
 1.28363E-17
 2.00307E+06
 1.00000E+00
 1.28363E-17
 2.00307E+06
 1.00000E+00
 1.28362E-17
 2.00307E+06
 1.00000E+00
 1.28362E-17
 2.00307E+06
 1.00000E+00
 1.28362E-17
 2.00307E+06
 1.00000E+00
 1.28362E-17
 2.00307E+06
 1.00000E+00
 1.28362E-17
 2.00307E+06
 1.00000E+00
 1.28362E-17
 2.00307E+06
 1.00000E+00
 1.28362E-17
 2.00307E+06
 1.00000E+00
 1.28362E-17
 2.00307E+06
 1.00000E+00
 1.28362E-17
 2.00307E+06
 1.00000E+00
 1.28362E-17
 2.00307E+06
 1.00000E+00
 1.28362E-17
 2.00307E+06
 1.00000E+00
 1.28363E-17
 2.00307E+06
 1.00000E+00
 1.28362E-17
 2.00307E+06
 1.00000E+00
 1.28363E-17
 2.00307E+06
 1.00000E+00
 1.28362E-17
 2.00307E+06
 1.00000E+00
 1.28362E-17
 2.00307E+06
 1.00000E+00
 1.28362E-17
 2.00307E+06
 1.00000E+00
 1.28362E-17
 2.00307E+06
 1.00000E+00
 1.28362E-17
 2.00307E+06
 1.00000E+00
 1.28362E-17
 2.00307E+06
 1.00000E+00
 1.28362E-17
 2.00307E+06
 1.00000E+00
 1.28362E-17
 2.00307E+06
 1.00000E+00
 1.28362E-17
 2.00307E+06
 1.00000E+00
 1.28362E-17
 2.00307E+06
 1.00000E+00
 1.28362E-17
 2.00307E+06
 1.00000E+00
 1.28362E-17
 2.00307E+06
 1.00000E+00
 1.28362E-17
 2.00307E+06
 1.00000E+00
 1.28362E-17
 2.00307E+06
 1.00000E+00
 1.28362E-17
 2.00307E+06
 1.00000E+00
 1.28362E-17
 2.00307E+06
 1.00000E+00
 1.28362E-17
 2.00307E+06
 1.00000E+00
 1.28362E-17
 2.00307E+06
 1.00000E+00
 1.28362E-17
 2.00307E+06
 1.00000E+00
 1.28362E-17
 2.00307E+06
 1.00000E+00
 1.28362E-17
 2.00307E+06
 1.00000E+00
 1.28362E-17
 2.00307E+06
 1.00000E+00
 1.28362E-17
 2.00307E+06
 1.00000E+00
 1.28362E-17
 2.00307E+06
 1.00000E+00
 1.28362E-17
 2.00307E+06
 1.00000E+00
 1.28362E-17
 2.00307E+06
 1.00000E+00
 1.28362E-17
 2.00307E+06
 1.00000E+00
 1.28362E-17
 2.00307E+06
 1.00000E+00
 1.28362E-17
 2.00307E+06
 1.00000E+00
 1.28362E-17
 2.00307E+06
 1.00000E+00
 1.28362E-17
 2.00307E+06
 1.00000E+00
 1.28362E-17
 2.00307E+06
 1.00000E+00
 1.28362E-17
 2.00307E+06
 1.00000E+00
 1.28362E-17
 2.00307E+06
 1.00000E+00
 1.28362E-17
 2.00307E+06
 1.00000E+00
 1.28362E-17
 2.00307E+06
 1.00000E+00
 1.28362E-17
 2.00307E+06
 1.00000E+00
 1.28362E-17
 2.00307E+06
 1.00000E+00
 1.28362E-17
 2.00307E+06
 1.00000E+00
 1.28362E-17
 2.00307E+06
 1.00000E+00
 1.28362E-17
 2.00307E+06
 1.00000E+00
 1.28362E-17
 2.00307E+06
 1.00000E+00
 1.28362E-17
 2.00307E+06
 1.00000E+00
 1.28362E-17
 2.00307E+06
 1.00000E+00
 1.28362E-17
 2.00307E+06
 1.00000E+00
 1.28362E-17
 2.00307E+06
 1.00000E+00
 1.28362E-17
 2.00307E+06
 1.00000E+00
 1.28362E-17
 2.00307E+06
 1.00000E+00
 1.28362E-17
 2.00307E+06
 1.00000E+00
 1.28362E-17
 2.00307E+06
 1.00000E+00
 1.28362E-17
 2.00307E+06
 1.00000E+00
 1.28362E-17
 2.00307E+06
 1.00000E+00
 1.28362E-17
 2.00307E+06
 1.00000E+00
 1.28362E-17
 2.00307E+06
 1.00000E+00
 1.28362E-17
 2.00307E+06
 1.00000E+00
 1.28362E-17
 2.00307E+06
 1.00000E+00
 1.28362E-17
 2.00307E+06
 1.00000E+00
 1.28362E-17
 2.00307E+06
 1.00000E+00
 1.28362E-17
 2.00307E+06
 1.00000E+00
 1.28362E-17
 2.00307E+06
 1.00000E+00
 1.28362E-17
 2.00307E+06
 1.00000E+00
 1.28362E-17
 2.00307E+06
 1.00000E+00
 1.28362E-17
 2.00307E+06
 1.00000E+00
 1.28362E-17
 2.00307E+06
 1.00000E+00
 1.28362E-17
 2.00307E+06
 1.00000E+00
 1.28362E-17
 2.00307E+06
 1.00000E+00
 1.28362E-17
 2.00307E+06
 1.00000E+00
 1.28362E-17
 2.00307E+06
 1.00000E+00
 1.28362E-17
 2.00307E+06
 1.00000E+00
 1.28362E-17
 2.00307E+06
 1.00000E+00
 1.28362E-17
 2.00307E+06
 1.00000E+00
 1.28362E-17
 2.00307E+06
 1.00000E+00
 1.28362E-17
 2.00307E+06
 1.00000E+00
 1.28362E-17
 2.00307E+06
 1.00000E+00
 1.28362E-17
 2.00307E+06
 1.00000E+00
 1.28362E-17
 2.00307E+06
 1.00000E+00
 1.28362E-17
 2.00307E+06
 1.00000E+00
 1.28362E-17
 2.00307E+06
 1.00000E+00
 1.28362E-17
 2.00307E+06
 1.00000E+00
 1.28362E-17
 2.00307E+06
 1.00000E+00
 1.28362E-17
 2.00307E+06
 1.00000E+00
 1.28362E-17
 2.00307E+06
 1.00000E+00
 1.28362E-17
 2.00307E+06
 1.00000E+00
 1.28362E-17
 2.00307E+06
 1.00000E+00
 1.28362E-17
 2.00307E+06
 1.00000E+00
 1.28362E-17
 2.00307E+06
 1.00000E+00
 1.28362E-17
 2.00307E+06
 1.00000E+00
 1.28362E-17
 2.00307E+06
 1.00000E+00
 1.28362E-17
 2.00307E+06
 1.00000E+00
 1.28362E-17
 2.00307E+06
 1.00000E+00
 1.28362E-17
 2.00307E+06
 1.00000E+00
 1.28362E-17
 2.00307E+06
 1.00000E+00
 1.28362E-17
 2.00307E+06
 1.00000E+00
 1.28362E-17
 2.00307E+06
 1.00000E+00
 1.28362E-17
 2.00307E+06
 1.00000E+00
 1.28362E-17
 2.00307E+06
 1.00000E+00
 1.28362E-17
 2.00307E+06
 1.00000E+00
 1.28362E-17
 2.00307E+06
 1.00000E+00
 1.28362E-17
 2.00307E+06
 1.00000E+00
 1.28362E-17
 2.00307E+06
 1.00000E+00
 1.28362E-17
 2.00307E+06
 1.00000E+00
 1.28362E-17
 2.00307E+06
 1.00000E+00
 1.28362E-17
 2.00307E+06
 1.00000E+00
 1.28362E-17
 2.00307E+06
 1.00000E+00
 1.28362E-17
 2.00307E+06
 1.00000E+00
 1.28362E-17
 2.00307E+06
 1.00000E+00
 1.28362E-17
 2.00307E+06
 1.00000E+00
 1.28362E-17
 2.00307E+06
 1.00000E+00
 1.28362E-17
 2.00307E+06
 1.00000E+00
 1.28362E-17
 2.00307E+06
 1.00000E+00
 1.28362E-17
 2.00307E+06
 1.00000E+00
 1.28362E-17
 2.00307E+06
 1.00000E+00
 1.28362E-17
 2.00307E+06
 1.00000E+00
 1.28362E-17
 2.00307E+06
 1.00000E+00
 1.28362E-17
 2.00307E+06
 1.00000E+00
 1.28362E-17
 2.00307E+06
 1.00000E+00
 1.28362E-17
 2.00307E+06
 1.00000E+00
 1.28362E-17
 2.00307E+06
 1.00000E+00
 1.28362E-17
 2.00307E+06
 1.00000E+00
 1.28362E-17
 2.00307E+06
 1.00000E+00
 1.28362E-17
 2.00307E+06
 1.00000E+00
 1.28362E-17
 2.00307E+06
 1.00000E+00
 1.28362E-17
 2.00307E+06
 1.00000E+00
 1.28362E-17
 2.00307E+06
 1.00000E+00
 1.28362E-17
 2.00307E+06
 1.00000E+00
 1.28362E-17
 2.00307E+06
 1.00000E+00
 1.28362E-17
 2.00307E+06
 1.00000E+00
 1.28362E-17
 2.00307E+06
 1.00000E+00
 1.28362E-17
 2.00307E+06
 1.00000E+00
 1.28362E-17
 2.00307E+06
 1.00000E+00
 1.28362E-17
 2.00307E+06
 1.00000E+00
 1.28362E-17
 2.00307E+06
 1.00000E+00
 1.28362E-17
 2.00307E+06
 1.00000E+00
 1.28362E-17
 2.00307E+06
 1.00000E+00
 1.28362E-17
 2.00307E+06
 1.00000E+00
 1.28362E-17
 2.00307E+06
 1.00000E+00
 1.28362E-17
 2.00307E+06
 1.00000E+00
 1.28362E-17
 2.00307E+06
 1.00000E+00
 1.28362E-17
 2.00307E+06
 1.00000E+00
 1.28362E-17
 2.00307E+06
 1.00000E+00
 1.28362E-17
 2.00307E+06
 1.00000E+00
 1.28362E-17
 2.00307E+06
 1.00000E+00
 1.28362E-17
 2.00307E+06
 1.00000E+00
 1.28362E-17
 2.00307E+06
 1.00000E+00
 1.28362E-17
 2.00307E+06
 1.00000E+00
 1.28362E-17
 2.00307E+06
 1.00000E+00
 1.28362E-17
 2.00307E+06
 1.00000E+00
 1.28362E-17
 2.00307E+06
 1.00000E+00
 1.28362E-17
 2.00307E+06
 1.00000E+00
 1.28362E-17
 2.00307E+06
 1.00000E+00
 1.28362E-17
 2.00307E+06
 1.00000E+00
 1.28362E-17
 2.00307E+06
 1.00000E+00
 1.28362E-17
 2.00307E+06
 1.00000E+00
 1.28362E-17
 2.00307E+06
 1.00000E+00
 1.28362E-17
 2.00307E+06
 1.00000E+00
 1.28362E-17
 2.00307E+06
 1.00000E+00
 1.28362E-17
 2.00307E+06
 1.00000E+00
 1.28362E-17
 2.00307E+06
 1.00000E+00
 1.28362E-17
 2.00307E+06
 1.00000E+00
 1.28362E-17
 2.00307E+06
 1.00000E+00
 1.28362E-17
 2.00307E+06
 1.00000E+00
 1.28362E-17
 2.00307E+06
 1.00000E+00
 1.28362E-17
 2.00307E+06
 1.00000E+00
 1.28362E-17
 2.00307E+06
 1.00000E+00
 1.28362E-17
 2.00307E+06
 1.00000E+00
 1.28362E-17
 2.00307E+06
 1.00000E+00
 1.28362E-17
 2.00307E+06
 1.00000E+00
 1.28362E-17
 2.00307E+06
 1.00000E+00
 1.28362E-17
 2.00307E+06
 1.00000E+00
 1.28362E-17
 2.00307E+06
 1.00000E+00
 1.28362E-17
 2.00307E+06
 1.00000E+00
 1.28362E-17
 2.00307E+06
 1.00000E+00
 1.28362E-17
 2.00307E+06
 1.00000E+00
 1.28362E-17
 2.00307E+06
 1.00000E+00
 1.28362E-17
 2.00307E+06
 1.00000E+00
 1.28362E-17
 2.00307E+06
 1.00000E+00
 1.28362E-17
 2.00307E+06
 1.00000E+00
 1.28362E-17
 2.00307E+06
 1.00000E+00
 1.28362E-17
 2.00307E+06
 1.00000E+00
 1.28362E-17
 2.00307E+06
 1.00000E+00
 1.28362E-17
 2.00307E+06
 1.00000E+00
 1.28362E-17
 2.00307E+06
 1.00000E+00
 1.28362E-17
 2.00307E+06
 1.00000E+00
 1.28362E-17
 2.00307E+06
 1.00000E+00
 1.28362E-17
 2.00307E+06
 1.00000E+00
 1.28362E-17
 2.00307E+06
 1.00000E+00
 1.28362E-17
 2.00307E+06
 1.00000E+00
 1.28362E-17
 2.00307E+06
 1.00000E+00
 1.28362E-17
 2.00307E+06
 1.00000E+00
 1.28362E-17
 2.00307E+06
 1.00000E+00
 1.28362E-17
 2.00307E+06
 1.00000E+00
 1.28362E-17
 2.00307E+06
 1.00000E+00
 1.28362E-17
 2.00307E+06
 1.00000E+00
 1.28362E-17
 2.00307E+06
 1.00000E+00
 1.28362E-17
 2.00307E+06
 1.00000E+00
 1.28362E-17
 2.00307E+06
 1.00000E+00
 1.28362E-17
 2.00307E+06
 1.00000E+00
 1.28362E-17
 2.00307E+06
 1.00000E+00
 1.28362E-17
 2.00307E+06
 1.00000E+00
 1.28362E-17
 2.00307E+06
 1.00000E+00
 1.28362E-17
 2.00307E+06
 1.00000E+00
 1.28362E-17
 2.00307E+06
 1.00000E+00
 1.28362E-17
 2.00307E+06
 1.00000E+00
 1.28362E-17
 2.00307E+06
 1.00000E+00
 1.28362E-17
 2.00307E+06
 1.00000E+00
 1.28362E-17
 2.00308E+06
 1.00000E+00
 1.28362E-17
 2.00308E+06
 1.00000E+00
 1.28362E-17
 2.00308E+06
 1.00000E+00
 1.28362E-17
 2.00308E+06
 1.00000E+00
 1.28362E-17
 2.00308E+06
 1.00000E+00
 1.28362E-17
 2.00308E+06
 1.00000E+00
 1.28362E-17
 2.00308E+06
 1.00000E+00
 1.28362E-17
 2.00308E+06
 1.00000E+00
 1.28362E-17
 2.00308E+06
 1.00000E+00
 1.28362E-17
 2.00308E+06
 1.00000E+00
 1.28362E-17
 2.00308E+06
 1.00000E+00
 1.28362E-17
 2.00308E+06
 1.00000E+00
 1.28362E-17
 2.00308E+06
 1.00000E+00
 1.28362E-17
 2.00308E+06
 1.00000E+00
 1.28362E-17
 2.00308E+06
 1.00000E+00
 1.28362E-17
 2.00308E+06
 1.00000E+00
 1.28362E-17
 2.00308E+06
 1.00000E+00
 1.28362E-17
 2.00308E+06
 1.00000E+00
 1.28362E-17
 2.00308E+06
 1.00000E+00
 1.28362E-17
 2.00308E+06
 1.00000E+00
 1.28362E-17
 2.00308E+06
 1.00000E+00
 1.28362E-17
 2.00308E+06
 1.00000E+00
 1.28362E-17
 2.00308E+06
 1.00000E+00
 1.28362E-17
 2.00308E+06
 1.00000E+00
 1.28362E-17
 2.00308E+06
 1.00000E+00
 1.28362E-17
 2.00308E+06
 1.00000E+00
 1.28362E-17
 2.00308E+06
 1.00000E+00
 1.28362E-17
 2.00308E+06
 1.00000E+00
 1.28362E-17
 2.00308E+06
 1.00000E+00
 1.28362E-17
 2.00308E+06
 1.00000E+00
 1.28362E-17
 2.00308E+06
 1.00000E+00
 1.28362E-17
 2.00308E+06
 1.00000E+00
 1.28362E-17
 2.00308E+06
 1.00000E+00
 1.28362E-17
 2.00308E+06
 1.00000E+00
 1.28362E-17
 2.00308E+06
 1.00000E+00
 1.28362E-17
 2.00308E+06
 1.00000E+00
 1.28361E-17
 2.00308E+06
 1.00000E+00
 1.28361E-17
 2.00308E+06
 1.00000E+00
 1.28361E-17
 2.00308E+06
 1.00000E+00
 1.28361E-17
 2.00308E+06
 1.00000E+00
 1.28361E-17
 2.00308E+06
 1.00000E+00
 1.28361E-17
 2.00308E+06
 1.00000E+00
 1.28361E-17
 2.00308E+06
 1.00000E+00
 1.28361E-17
 2.00308E+06
 1.00000E+00
 1.28361E-17
 2.00308E+06
 1.00000E+00
 1.28361E-17
 2.00308E+06
 1.00000E+00
 1.28361E-17
 2.00308E+06
 1.00000E+00
 1.28361E-17
 2.00308E+06
 1.00000E+00
 1.28361E-17
 2.00308E+06
 1.00000E+00
 1.28361E-17
 2.00308E+06
 1.00000E+00
 1.28361E-17
 2.00308E+06
 1.00000E+00
 1.28361E-17
 2.00308E+06
 1.00000E+00
 1.28361E-17
 2.00308E+06
 1.00000E+00
 1.28361E-17
 2.00308E+06
 1.00000E+00
 1.28361E-17
 2.00308E+06
 1.00000E+00
 1.28361E-17
 2.00308E+06
 1.00000E+00
 1.28361E-17
 2.00308E+06
 1.00000E+00
 1.28361E-17
 2.00308E+06
 1.00000E+00
 1.28361E-17
 2.00308E+06
 1.00000E+00
 1.28361E-17
 2.00308E+06
 1.00000E+00
 1.28361E-17
 2.00308E+06
 1.00000E+00
 1.28361E-17
 2.00308E+06
 1.00000E+00
 1.28361E-17
 2.00308E+06
 1.00000E+00
 1.28361E-17
 2.00308E+06
 1.00000E+00
 1.28361E-17
 2.00308E+06
 1.00000E+00
 1.28361E-17
 2.00308E+06
 1.00000E+00
 1.28361E-17
 2.00308E+06
 1.00000E+00
 1.28361E-17
 2.00308E+06
 1.00000E+00
 1.28361E-17
 2.00308E+06
 1.00000E+00
 1.28361E-17
 2.00308E+06
 1.00000E+00
 1.28361E-17
 2.00308E+06
 1.00000E+00
 1.28361E-17
 2.00308E+06
 1.00000E+00
 1.28361E-17
 2.00308E+06
 1.00000E+00
 1.28361E-17
 2.00308E+06
 1.00000E+00
 1.28361E-17
 2.00308E+06
 1.00000E+00
 1.28361E-17
 2.00308E+06
 1.00000E+00
 1.28361E-17
 2.00308E+06
 1.00000E+00
 1.28361E-17
 2.00308E+06
 1.00000E+00
 1.28361E-17
 2.00308E+06
 1.00000E+00
 1.28361E-17
 2.00308E+06
 1.00000E+00
 1.28361E-17
 2.00308E+06
 1.00000E+00
 1.28361E-17
 2.00308E+06
 1.00000E+00
 1.28361E-17
 2.00308E+06
 1.00000E+00
 1.28361E-17
 2.00308E+06
 1.00000E+00
 1.28361E-17
 2.00308E+06
 1.00000E+00
 1.28361E-17
 2.00308E+06
 1.00000E+00
 1.28361E-17
 2.00308E+06
 1.00000E+00
 1.28361E-17
 2.00308E+06
 1.00000E+00
 1.28361E-17
 2.00308E+06
 1.00000E+00
 1.28361E-17
 2.00308E+06
 1.00000E+00
 1.28361E-17
 2.00308E+06
 1.00000E+00
 1.28361E-17
 2.00308E+06
 1.00000E+00
 1.28361E-17
 2.00308E+06
 1.00000E+00
 1.28361E-17
 2.00308E+06
 1.00000E+00
 1.28361E-17
 2.00308E+06
 1.00000E+00
 1.28361E-17
 2.00308E+06
 1.00000E+00
 1.28361E-17
 2.00308E+06
 1.00000E+00
 1.28361E-17
 2.00308E+06
 1.00000E+00
 1.28361E-17
 2.00308E+06
 1.00000E+00
 1.28361E-17
 2.00308E+06
 1.00000E+00
 1.28361E-17
 2.00308E+06
 1.00000E+00
 1.28361E-17
 2.00308E+06
 1.00000E+00
 1.28361E-17
 2.00308E+06
 1.00000E+00
 1.28361E-17
 2.00308E+06
 1.00000E+00
 1.28361E-17
 2.00308E+06
 1.00000E+00
 1.28361E-17
 2.00308E+06
 1.00000E+00
 1.28361E-17
 2.00308E+06
 1.00000E+00
 1.28361E-17
 2.00308E+06
 1.00000E+00
 1.28361E-17
 2.00308E+06
 1.00000E+00
 1.28361E-17
 2.00308E+06
 1.00000E+00
 1.28361E-17
 2.00308E+06
 1.00000E+00
 1.28361E-17
 2.00308E+06
 1.00000E+00
 1.28361E-17
 2.00308E+06
 1.00000E+00
 1.28361E-17
 2.00308E+06
 1.00000E+00
 1.28361E-17
 2.00308E+06
 1.00000E+00
 1.28361E-17
 2.00308E+06
 1.00000E+00
 1.28361E-17
 2.00308E+06
 1.00000E+00
 1.28361E-17
 2.00308E+06
 1.00000E+00
 1.28361E-17
 2.00308E+06
 1.00000E+00
 1.28361E-17
 2.00308E+06
 1.00000E+00
 1.28361E-17
 2.00308E+06
 1.00000E+00
 1.28361E-17
 2.00308E+06
 1.00000E+00
 1.28361E-17
 2.00308E+06
 1.00000E+00
 1.28361E-17
 2.00308E+06
 1.00000E+00
 1.28361E-17
 2.00308E+06
 1.00000E+00
 1.28361E-17
 2.00308E+06
 1.00000E+00
 1.28361E-17
 2.00308E+06
 1.00000E+00
 1.28361E-17
 2.00308E+06
 1.00000E+00
 1.28361E-17
 2.00308E+06
 1.00000E+00
 1.28361E-17
 2.00308E+06
 1.00000E+00
 1.28361E-17
 2.00308E+06
 1.00000E+00
 1.28361E-17
 2.00308E+06
 1.00000E+00
 1.28361E-17
 2.00308E+06
 1.00000E+00
 1.28361E-17
 2.00308E+06
 1.00000E+00
 1.28361E-17
 2.00308E+06
 1.00000E+00
 1.28361E-17
 2.00308E+06
 1.00000E+00
 1.28361E-17
 2.00308E+06
 1.00000E+00
 1.28361E-17
 2.00308E+06
 1.00000E+00
 1.28361E-17
 2.00308E+06
 1.00000E+00
 1.28361E-17
 2.00308E+06
 1.00000E+00
 1.28361E-17
 2.00308E+06
 1.00000E+00
 1.28361E-17
 2.00308E+06
 1.00000E+00
 1.28360E-17
 2.00308E+06
 1.00000E+00
 1.28360E-17
 2.00308E+06
 1.00000E+00
 1.28360E-17
 2.00308E+06
 1.00000E+00
 1.28360E-17
 2.00308E+06
 1.00000E+00
 1.28360E-17
 2.00308E+06
 1.00000E+00
 1.28360E-17
 2.00308E+06
 1.00000E+00
 1.28360E-17
 2.00308E+06
 1.00000E+00
 1.28360E-17
 2.00308E+06
 1.00000E+00
 1.28360E-17
 2.00308E+06
 1.00000E+00
 1.28360E-17
 2.00308E+06
 1.00000E+00
 1.28360E-17
 2.00308E+06
 1.00000E+00
 1.28360E-17
 2.00308E+06
 1.00000E+00
 1.28360E-17
 2.00308E+06
 1.00000E+00
 1.28360E-17
 2.00308E+06
 1.00000E+00
 1.28360E-17
 2.00308E+06
 1.00000E+00
 1.28360E-17
 2.00308E+06
 1.00000E+00
 1.28360E-17
 2.00308E+06
 1.00000E+00
 1.28360E-17
 2.00309E+06
 1.00000E+00
 1.28360E-17
 2.00309E+06
 1.00000E+00
 1.28360E-17
 2.00309E+06
 1.00000E+00
 1.28360E-17
 2.00309E+06
 1.00000E+00
 1.28360E-17
 2.00309E+06
 1.00000E+00
 1.28360E-17
 2.00309E+06
 1.00000E+00
 1.28360E-17
 2.00309E+06
 1.00000E+00
 1.28360E-17
 2.00309E+06
 1.00000E+00
 1.28360E-17
 2.00309E+06
 1.00000E+00
 1.28360E-17
 2.00309E+06
 1.00000E+00
 1.28360E-17
 2.00309E+06
 1.00000E+00
 1.28360E-17
 2.00309E+06
 1.00000E+00
 1.28360E-17
 2.00309E+06
 1.00000E+00
 1.28360E-17
 2.00309E+06
 1.00000E+00
 1.28360E-17
 2.00309E+06
 1.00000E+00
 1.28360E-17
 2.00309E+06
 1.00000E+00
 1.28360E-17
 2.00309E+06
 1.00000E+00
 1.28360E-17
 2.00309E+06
 1.00000E+00
 1.28360E-17
 2.00309E+06
 1.00000E+00
 1.28360E-17
 2.00309E+06
 1.00000E+00
 1.28360E-17
 2.00309E+06
 1.00000E+00
 1.28360E-17
 2.00309E+06
 1.00000E+00
 1.28360E-17
 2.00309E+06
 1.00000E+00
 1.28360E-17
 2.00309E+06
 1.00000E+00
 1.28360E-17
 2.00309E+06
 1.00000E+00
 1.28360E-17
 2.00309E+06
 1.00000E+00
 1.28360E-17
 2.00309E+06
 1.00000E+00
 1.28360E-17
 2.00309E+06
 1.00000E+00
 1.28360E-17
 2.00309E+06
 1.00000E+00
 1.28360E-17
 2.00309E+06
 1.00000E+00
 1.28360E-17
 2.00309E+06
 1.00000E+00
 1.28360E-17
 2.00309E+06
 1.00000E+00
 1.28360E-17
 2.00309E+06
 1.00000E+00
 1.28360E-17
 2.00309E+06
 1.00000E+00
 1.28360E-17
 2.00309E+06
 1.00000E+00
 1.28360E-17
 2.00309E+06
 1.00000E+00
 1.28360E-17
 2.00309E+06
 1.00000E+00
 1.28360E-17
 2.00309E+06
 1.00000E+00
 1.28360E-17
 2.00309E+06
 1.00000E+00
 1.28360E-17
 2.00309E+06
 1.00000E+00
 1.28360E-17
 2.00309E+06
 1.00000E+00
 1.28360E-17
 2.00309E+06
 1.00000E+00
 1.28360E-17
 2.00309E+06
 1.00000E+00
 1.28360E-17
 2.00309E+06
 1.00000E+00
 1.28360E-17
 2.00309E+06
 1.00000E+00
 1.28360E-17
 2.00309E+06
 1.00000E+00
 1.28360E-17
 2.00309E+06
 1.00000E+00
 1.28360E-17
 2.00309E+06
 1.00000E+00
 1.28360E-17
 2.00309E+06
 1.00000E+00
 1.28360E-17
 2.00309E+06
 1.00000E+00
 1.28360E-17
 2.00309E+06
 1.00000E+00
 1.28360E-17
 2.00309E+06
 1.00000E+00
 1.28360E-17
 2.00309E+06
 1.00000E+00
 1.28359E-17
 2.00309E+06
 1.00000E+00
 1.28359E-17
 2.00309E+06
 1.00000E+00
 1.28359E-17
 2.00309E+06
 1.00000E+00
 1.28359E-17
 2.00309E+06
 1.00000E+00
 1.28359E-17
 2.00309E+06
 1.00000E+00
 1.28359E-17
 2.00309E+06
 1.00000E+00
 1.28359E-17
 2.00309E+06
 1.00000E+00
 1.28359E-17
 2.00309E+06
 1.00000E+00
 1.28359E-17
 2.00309E+06
 1.00000E+00
 1.28359E-17
 2.00309E+06
 1.00000E+00
 1.28359E-17
 2.00309E+06
 1.00000E+00
 1.28359E-17
 2.00309E+06
 1.00000E+00
 1.28359E-17
 2.00309E+06
 1.00000E+00
 1.28359E-17
 2.00309E+06
 1.00000E+00
 1.28359E-17
 2.00309E+06
 1.00000E+00
 1.28359E-17
 2.00309E+06
 1.00000E+00
 1.28359E-17
 2.00309E+06
 1.00000E+00
 1.28359E-17
 2.00309E+06
 1.00000E+00
 1.28359E-17
 2.00309E+06
 1.00000E+00
 1.28359E-17
 2.00309E+06
 1.00000E+00
 1.28359E-17
 2.00309E+06
 1.00000E+00
 1.28359E-17
 2.00309E+06
 1.00000E+00
 1.28359E-17
 2.00309E+06
 1.00000E+00
 1.28359E-17
 2.00309E+06
 1.00000E+00
 1.28359E-17
 2.00309E+06
 1.00000E+00
 1.28359E-17
 2.00309E+06
 1.00000E+00
 1.28359E-17
 2.00309E+06
 1.00000E+00
 1.28359E-17
 2.00309E+06
 1.00000E+00
 1.28359E-17
 2.00309E+06
 1.00000E+00
 1.28359E-17
 2.00310E+06
 1.00000E+00
 1.28359E-17
 2.00310E+06
 1.00000E+00
 1.28359E-17
 2.00310E+06
 1.00000E+00
 1.28359E-17
 2.00310E+06
 1.00000E+00
 1.28359E-17
 2.00310E+06
 1.00000E+00
 1.28359E-17
 2.00310E+06
 1.00000E+00
 1.28359E-17
 2.00310E+06
 1.00000E+00
 1.28359E-17
 2.00310E+06
 1.00000E+00
 1.28359E-17
 2.00310E+06
 1.00000E+00
 1.28359E-17
 2.00310E+06
 1.00000E+00
 1.28359E-17
 2.00310E+06
 1.00000E+00
 1.28359E-17
 2.00310E+06
 1.00000E+00
 1.28359E-17
 2.00310E+06
 1.00000E+00
 1.28359E-17
 2.00310E+06
 1.00000E+00
 1.28359E-17
 2.00310E+06
 1.00000E+00
 1.28359E-17
 2.00310E+06
 1.00000E+00
 1.28359E-17
 2.00310E+06
 1.00000E+00
 1.28359E-17
 2.00310E+06
 1.00000E+00
 1.28359E-17
 2.00310E+06
 1.00000E+00
 1.28359E-17
 2.00310E+06
 1.00000E+00
 1.28359E-17
 2.00310E+06
 1.00000E+00
 1.28359E-17
 2.00310E+06
 1.00000E+00
 1.28359E-17
 2.00310E+06
 1.00000E+00
 1.28359E-17
 2.00310E+06
 1.00000E+00
 1.28359E-17
 2.00310E+06
 1.00000E+00
 1.28359E-17
 2.00310E+06
 1.00000E+00
 1.28358E-17
 2.00310E+06
 1.00000E+00
 1.28358E-17
 2.00310E+06
 1.00000E+00
 1.28358E-17
 2.00310E+06
 1.00000E+00
 1.28358E-17
 2.00310E+06
 1.00000E+00
 1.28358E-17
 2.00310E+06
 1.00000E+00
 1.28358E-17
 2.00310E+06
 1.00000E+00
 1.28358E-17
 2.00310E+06
 1.00000E+00
 1.28358E-17
 2.00310E+06
 1.00000E+00
 1.28358E-17
 2.00310E+06
 1.00000E+00
 1.28358E-17
 2.00310E+06
 1.00000E+00
 1.28358E-17
 2.00310E+06
 1.00000E+00
 1.28358E-17
 2.00310E+06
 1.00000E+00
 1.28358E-17
 2.00310E+06
 1.00000E+00
 1.28358E-17
 2.00310E+06
 1.00000E+00
 1.28358E-17
 2.00310E+06
 1.00000E+00
 1.28358E-17
 2.00310E+06
 1.00000E+00
 1.28358E-17
 2.00310E+06
 1.00000E+00
 1.28358E-17
 2.00310E+06
 1.00000E+00
 1.28358E-17
 2.00310E+06
 1.00000E+00
 1.28358E-17
 2.00310E+06
 1.00000E+00
 1.28358E-17
 2.00310E+06
 1.00000E+00
 1.28358E-17
 2.00310E+06
 1.00000E+00
 1.28358E-17
 2.00310E+06
 1.00000E+00
 1.28358E-17
 2.00310E+06
 1.00000E+00
 1.28358E-17
 2.00310E+06
 1.00000E+00
 1.28358E-17
 2.00310E+06
 1.00000E+00
 1.28358E-17
 2.00310E+06
 1.00000E+00
 1.28358E-17
 2.00310E+06
 1.00000E+00
 1.28358E-17
 2.00310E+06
 1.00000E+00
 1.28358E-17
 2.00310E+06
 1.00000E+00
 1.28358E-17
 2.00310E+06
 1.00000E+00
 1.28358E-17
 2.00310E+06
 1.00000E+00
 1.28358E-17
 2.00310E+06
 1.00000E+00
 1.28358E-17
 2.00310E+06
 1.00000E+00
 1.28358E-17
 2.00310E+06
 1.00000E+00
 1.28358E-17
 2.00310E+06
 1.00000E+00
 1.28358E-17
 2.00310E+06
 1.00000E+00
 1.28358E-17
 2.00311E+06
 1.00000E+00
 1.28358E-17
 2.00311E+06
 1.00000E+00
 1.28358E-17
 2.00311E+06
 1.00000E+00
 1.28358E-17
 2.00311E+06
 1.00000E+00
 1.28358E-17
 2.00311E+06
 1.00000E+00
 1.28357E-17
 2.00311E+06
 1.00000E+00
 1.28357E-17
 2.00311E+06
 1.00000E+00
 1.28357E-17
 2.00311E+06
 1.00000E+00
 1.28357E-17
 2.00311E+06
 1.00000E+00
 1.28357E-17
 2.00311E+06
 1.00000E+00
 1.28357E-17
 2.00311E+06
 1.00000E+00
 1.28357E-17
 2.00311E+06
 1.00000E+00
 1.28357E-17
 2.00311E+06
 1.00000E+00
 1.28357E-17
 2.00311E+06
 1.00000E+00
 1.28357E-17
 2.00311E+06
 1.00000E+00
 1.28357E-17
 2.00311E+06
 1.00000E+00
 1.28357E-17
 2.00311E+06
 1.00000E+00
 1.28357E-17
 2.00311E+06
 1.00000E+00
 1.28357E-17
 2.00311E+06
 1.00000E+00
 1.28357E-17
 2.00311E+06
 1.00000E+00
 1.28357E-17
 2.00311E+06
 1.00000E+00
 1.28357E-17
 2.00311E+06
 1.00000E+00
 1.28357E-17
 2.00311E+06
 1.00000E+00
 1.28357E-17
 2.00311E+06
 1.00000E+00
 1.28357E-17
 2.00311E+06
 1.00000E+00
 1.28357E-17
 2.00311E+06
 1.00000E+00
 1.28357E-17
 2.00311E+06
 1.00000E+00
 1.28357E-17
 2.00311E+06
 1.00000E+00
 1.28357E-17
 2.00311E+06
 1.00000E+00
 1.28357E-17
 2.00311E+06
 1.00000E+00
 1.28357E-17
 2.00311E+06
 1.00000E+00
 1.28357E-17
 2.00311E+06
 1.00000E+00
 1.28357E-17
 2.00311E+06
 1.00000E+00
 1.28357E-17
 2.00311E+06
 1.00000E+00
 1.28357E-17
 2.00311E+06
 1.00000E+00
 1.28357E-17
 2.00311E+06
 1.00000E+00
 1.28357E-17
 2.00311E+06
 1.00000E+00
 1.28357E-17
 2.00311E+06
 1.00000E+00
 1.28357E-17
 2.00311E+06
 1.00000E+00
 1.28357E-17
 2.00311E+06
 1.00000E+00
 1.28357E-17
 2.00311E+06
 1.00000E+00
 1.28357E-17
 2.00311E+06
 1.00000E+00
 1.28356E-17
 2.00311E+06
 1.00000E+00
 1.28356E-17
 2.00311E+06
 1.00000E+00
 1.28356E-17
 2.00311E+06
 1.00000E+00
 1.28356E-17
 2.00311E+06
 1.00000E+00
 1.28356E-17
 2.00311E+06
 1.00000E+00
 1.28356E-17
 2.00311E+06
 1.00000E+00
 1.28356E-17
 2.00311E+06
 1.00000E+00
 1.28356E-17
 2.00312E+06
 1.00000E+00
 1.28356E-17
 2.00312E+06
 1.00000E+00
 1.28356E-17
 2.00312E+06
 1.00000E+00
 1.28356E-17
 2.00312E+06
 1.00000E+00
 1.28356E-17
 2.00312E+06
 1.00000E+00
 1.28356E-17
 2.00312E+06
 1.00000E+00
 1.28356E-17
 2.00312E+06
 1.00000E+00
 1.28356E-17
 2.00312E+06
 1.00000E+00
 1.28356E-17
 2.00312E+06
 1.00000E+00
 1.28356E-17
 2.00312E+06
 1.00000E+00
 1.28356E-17
 2.00312E+06
 1.00000E+00
 1.28356E-17
 2.00312E+06
 1.00000E+00
 1.28356E-17
 2.00312E+06
 1.00000E+00
 1.28356E-17
 2.00312E+06
 1.00000E+00
 1.28356E-17
 2.00312E+06
 1.00000E+00
 1.28356E-17
 2.00312E+06
 1.00000E+00
 1.28356E-17
 2.00312E+06
 1.00000E+00
 1.28356E-17
 2.00312E+06
 1.00000E+00
 1.28356E-17
 2.00312E+06
 1.00000E+00
 1.28356E-17
 2.00312E+06
 1.00000E+00
 1.28356E-17
 2.00312E+06
 1.00000E+00
 1.28356E-17
 2.00312E+06
 1.00000E+00
 1.28356E-17
 2.00312E+06
 1.00000E+00
 1.28356E-17
 2.00312E+06
 1.00000E+00
 1.28355E-17
 2.00312E+06
 1.00000E+00
 1.28355E-17
 2.00312E+06
 1.00000E+00
 1.28355E-17
 2.00312E+06
 1.00000E+00
 1.28355E-17
 2.00312E+06
 1.00000E+00
 1.28355E-17
 2.00312E+06
 1.00000E+00
 1.28355E-17
 2.00312E+06
 1.00000E+00
 1.28355E-17
 2.00312E+06
 1.00000E+00
 1.28355E-17
 2.00312E+06
 1.00000E+00
 1.28355E-17
 2.00312E+06
 1.00000E+00
 1.28355E-17
 2.00312E+06
 1.00000E+00
 1.28355E-17
 2.00312E+06
 1.00000E+00
 1.28355E-17
 2.00312E+06
 1.00000E+00
 1.28355E-17
 2.00312E+06
 1.00000E+00
 1.28355E-17
 2.00312E+06
 1.00000E+00
 1.28355E-17
 2.00312E+06
 1.00000E+00
 1.28355E-17
 2.00312E+06
 1.00000E+00
 1.28355E-17
 2.00313E+06
 1.00000E+00
 1.28355E-17
 2.00313E+06
 1.00000E+00
 1.28355E-17
 2.00313E+06
 1.00000E+00
 1.28355E-17
 2.00313E+06
 1.00000E+00
 1.28355E-17
 2.00313E+06
 1.00000E+00
 1.28355E-17
 2.00313E+06
 1.00000E+00
 1.28355E-17
 2.00313E+06
 1.00000E+00
 1.28355E-17
 2.00313E+06
 1.00000E+00
 1.28355E-17
 2.00313E+06
 1.00000E+00
 1.28355E-17
 2.00313E+06
 1.00000E+00
 1.28355E-17
 2.00313E+06
 1.00000E+00
 1.28355E-17
 2.00313E+06
 1.00000E+00
 1.28355E-17
 2.00313E+06
 1.00000E+00
 1.28355E-17
 2.00313E+06
 1.00000E+00
 1.28354E-17
 2.00313E+06
 1.00000E+00
 1.28354E-17
 2.00313E+06
 1.00000E+00
 1.28354E-17
 2.00313E+06
 1.00000E+00
 1.28354E-17
 2.00313E+06
 1.00000E+00
 1.28354E-17
 2.00313E+06
 1.00000E+00
 1.28354E-17
 2.00313E+06
 1.00000E+00
 1.28354E-17
 2.00313E+06
 1.00000E+00
 1.28354E-17
 2.00313E+06
 1.00000E+00
 1.28354E-17
 2.00313E+06
 1.00000E+00
 1.28354E-17
 2.00313E+06
 1.00000E+00
 1.28354E-17
 2.00313E+06
 1.00000E+00
 1.28354E-17
 2.00313E+06
 1.00000E+00
 1.28354E-17
 2.00313E+06
 1.00000E+00
 1.28354E-17
 2.00313E+06
 1.00000E+00
 1.28354E-17
 2.00313E+06
 1.00000E+00
 1.28354E-17
 2.00313E+06
 1.00000E+00
 1.28354E-17
 2.00313E+06
 1.00000E+00
 1.28354E-17
 2.00313E+06
 1.00000E+00
 1.28354E-17
 2.00313E+06
 1.00000E+00
 1.28354E-17
 2.00313E+06
 1.00000E+00
 1.28354E-17
 2.00313E+06
 1.00000E+00
 1.28354E-17
 2.00313E+06
 1.00000E+00
 1.28354E-17
 2.00313E+06
 1.00000E+00
 1.28354E-17
 2.00313E+06
 1.00000E+00
 1.28354E-17
 2.00314E+06
 1.00000E+00
 1.28354E-17
 2.00314E+06
 1.00000E+00
 1.28354E-17
 2.00314E+06
 1.00000E+00
 1.28354E-17
 2.00314E+06
 1.00000E+00
 1.28353E-17
 2.00314E+06
 1.00000E+00
 1.28353E-17
 2.00314E+06
 1.00000E+00
 1.28353E-17
 2.00314E+06
 1.00000E+00
 1.28353E-17
 2.00314E+06
 1.00000E+00
 1.28353E-17
 2.00314E+06
 1.00000E+00
 1.28353E-17
 2.00314E+06
 1.00000E+00
 1.28353E-17
 2.00314E+06
 1.00000E+00
 1.28353E-17
 2.00314E+06
 1.00000E+00
 1.28353E-17
 2.00314E+06
 1.00000E+00
 1.28353E-17
 2.00314E+06
 1.00000E+00
 1.28353E-17
 2.00314E+06
 1.00000E+00
 1.28353E-17
 2.00314E+06
 1.00000E+00
 1.28353E-17
 2.00314E+06
 1.00000E+00
 1.28353E-17
 2.00314E+06
 1.00000E+00
 1.28353E-17
 2.00314E+06
 1.00000E+00
 1.28353E-17
 2.00314E+06
 1.00000E+00
 1.28353E-17
 2.00314E+06
 1.00000E+00
 1.28353E-17
 2.00314E+06
 1.00000E+00
 1.28353E-17
 2.00314E+06
 1.00000E+00
 1.28353E-17
 2.00314E+06
 1.00000E+00
 1.28353E-17
 2.00314E+06
 1.00000E+00
 1.28353E-17
 2.00314E+06
 1.00000E+00
 1.28353E-17
 2.00314E+06
 1.00000E+00
 1.28353E-17
 2.00314E+06
 1.00000E+00
 1.28353E-17
 2.00314E+06
 1.00000E+00
 1.28353E-17
 2.00314E+06
 1.00000E+00
 1.28352E-17
 2.00314E+06
 1.00000E+00
 1.28352E-17
 2.00314E+06
 1.00000E+00
 1.28352E-17
 2.00314E+06
 1.00000E+00
 1.28352E-17
 2.00314E+06
 1.00000E+00
 1.28352E-17
 2.00314E+06
 1.00000E+00
 1.28352E-17
 2.00315E+06
 1.00000E+00
 1.28352E-17
 2.00315E+06
 1.00000E+00
 1.28352E-17
 2.00315E+06
 1.00000E+00
 1.28352E-17
 2.00315E+06
 1.00000E+00
 1.28352E-17
 2.00315E+06
 1.00000E+00
 1.28352E-17
 2.00315E+06
 1.00000E+00
 1.28352E-17
 2.00315E+06
 1.00000E+00
 1.28352E-17
 2.00315E+06
 1.00000E+00
 1.28352E-17
 2.00315E+06
 1.00000E+00
 1.28352E-17
 2.00315E+06
 1.00000E+00
 1.28352E-17
 2.00315E+06
 1.00000E+00
 1.28352E-17
 2.00315E+06
 1.00000E+00
 1.28352E-17
 2.00315E+06
 1.00000E+00
 1.28352E-17
 2.00315E+06
 1.00000E+00
 1.28352E-17
 2.00315E+06
 1.00000E+00
 1.28352E-17
 2.00315E+06
 1.00000E+00
 1.28352E-17
 2.00315E+06
 1.00000E+00
 1.28352E-17
 2.00315E+06
 1.00000E+00
 1.28352E-17
 2.00315E+06
 1.00000E+00
 1.28352E-17
 2.00315E+06
 1.00000E+00
 1.28351E-17
 2.00315E+06
 1.00000E+00
 1.28351E-17
 2.00315E+06
 1.00000E+00
 1.28351E-17
 2.00315E+06
 1.00000E+00
 1.28351E-17
 2.00315E+06
 1.00000E+00
 1.28351E-17
 2.00315E+06
 1.00000E+00
 1.28351E-17
 2.00315E+06
 1.00000E+00
 1.28351E-17
 2.00315E+06
 1.00000E+00
 1.28351E-17
 2.00315E+06
 1.00000E+00
 1.28351E-17
 2.00315E+06
 1.00000E+00
 1.28351E-17
 2.00315E+06
 1.00000E+00
 1.28351E-17
 2.00315E+06
 1.00000E+00
 1.28351E-17
 2.00316E+06
 1.00000E+00
 1.28351E-17
 2.00316E+06
 1.00000E+00
 1.28351E-17
 2.00316E+06
 1.00000E+00
 1.28351E-17
 2.00316E+06
 1.00000E+00
 1.28351E-17
 2.00316E+06
 1.00000E+00
 1.28351E-17
 2.00316E+06
 1.00000E+00
 1.28351E-17
 2.00316E+06
 1.00000E+00
 1.28351E-17
 2.00316E+06
 1.00000E+00
 1.28351E-17
 2.00316E+06
 1.00000E+00
 1.28351E-17
 2.00316E+06
 1.00000E+00
 1.28351E-17
 2.00316E+06
 1.00000E+00
 1.28350E-17
 2.00316E+06
 1.00000E+00
 1.28350E-17
 2.00316E+06
 1.00000E+00
 1.28350E-17
 2.00316E+06
 1.00000E+00
 1.28350E-17
 2.00316E+06
 1.00000E+00
 1.28350E-17
 2.00316E+06
 1.00000E+00
 1.28350E-17
 2.00316E+06
 1.00000E+00
 1.28350E-17
 2.00316E+06
 1.00000E+00
 1.28350E-17
 2.00316E+06
 1.00000E+00
 1.28350E-17
 2.00316E+06
 1.00000E+00
 1.28350E-17
 2.00316E+06
 1.00000E+00
 1.28350E-17
 2.00316E+06
 1.00000E+00
 1.28350E-17
 2.00316E+06
 1.00000E+00
 1.28350E-17
 2.00316E+06
 1.00000E+00
 1.28350E-17
 2.00316E+06
 1.00000E+00
 1.28350E-17
 2.00316E+06
 1.00000E+00
 1.28350E-17
 2.00316E+06
 1.00000E+00
 1.28350E-17
 2.00316E+06
 1.00000E+00
 1.28350E-17
 2.00316E+06
 1.00000E+00
 1.28350E-17
 2.00316E+06
 1.00000E+00
 1.28350E-17
 2.00316E+06
 1.00000E+00
 1.28350E-17
 2.00317E+06
 1.00000E+00
 1.28350E-17
 2.00317E+06
 1.00000E+00
 1.28350E-17
 2.00317E+06
 1.00000E+00
 1.28350E-17
 2.00317E+06
 1.00000E+00
 1.28349E-17
 2.00317E+06
 1.00000E+00
 1.28349E-17
 2.00317E+06
 1.00000E+00
 1.28349E-17
 2.00317E+06
 1.00000E+00
 1.28349E-17
 2.00317E+06
 1.00000E+00
 1.28349E-17
 2.00317E+06
 1.00000E+00
 1.28349E-17
 2.00317E+06
 1.00000E+00
 1.28349E-17
 2.00317E+06
 1.00000E+00
 1.28349E-17
 2.00317E+06
 1.00000E+00
 1.28349E-17
 2.00317E+06
 1.00000E+00
 1.28349E-17
 2.00317E+06
 1.00000E+00
 1.28349E-17
 2.00317E+06
 1.00000E+00
 1.28349E-17
 2.00317E+06
 1.00000E+00
 1.28349E-17
 2.00317E+06
 1.00000E+00
 1.28349E-17
 2.00317E+06
 1.00000E+00
 1.28349E-17
 2.00317E+06
 1.00000E+00
 1.28349E-17
 2.00317E+06
 1.00000E+00
 1.28349E-17
 2.00317E+06
 1.00000E+00
 1.28349E-17
 2.00317E+06
 1.00000E+00
 1.28349E-17
 2.00317E+06
 1.00000E+00
 1.28349E-17
 2.00317E+06
 1.00000E+00
 1.28348E-17
 2.00317E+06
 1.00000E+00
 1.28348E-17
 2.00317E+06
 1.00000E+00
 1.28348E-17
 2.00317E+06
 1.00000E+00
 1.28348E-17
 2.00318E+06
 1.00000E+00
 1.28348E-17
 2.00318E+06
 1.00000E+00
 1.28348E-17
 2.00318E+06
 1.00000E+00
 1.28348E-17
 2.00318E+06
 1.00000E+00
 1.28348E-17
 2.00318E+06
 1.00000E+00
 1.28348E-17
 2.00318E+06
 1.00000E+00
 1.28348E-17
 2.00318E+06
 1.00000E+00
 1.28348E-17
 2.00318E+06
 1.00000E+00
 1.28348E-17
 2.00318E+06
 1.00000E+00
 1.28348E-17
 2.00318E+06
 1.00000E+00
 1.28348E-17
 2.00318E+06
 1.00000E+00
 1.28348E-17
 2.00318E+06
 1.00000E+00
 1.28348E-17
 2.00318E+06
 1.00000E+00
 1.28348E-17
 2.00318E+06
 1.00000E+00
 1.28348E-17
 2.00318E+06
 1.00000E+00
 1.28348E-17
 2.00318E+06
 1.00000E+00
 1.28348E-17
 2.00318E+06
 1.00000E+00
 1.28348E-17
 2.00318E+06
 1.00000E+00
 1.28347E-17
 2.00318E+06
 1.00000E+00
 1.28347E-17
 2.00318E+06
 1.00000E+00
 1.28347E-17
 2.00318E+06
 1.00000E+00
 1.28347E-17
 2.00318E+06
 1.00000E+00
 1.28347E-17
 2.00318E+06
 1.00000E+00
 1.28347E-17
 2.00318E+06
 1.00000E+00
 1.28347E-17
 2.00318E+06
 1.00000E+00
 1.28347E-17
 2.00318E+06
 1.00000E+00
 1.28347E-17
 2.00318E+06
 1.00000E+00
 1.28347E-17
 2.00318E+06
 1.00000E+00
 1.28347E-17
 2.00318E+06
 1.00000E+00
 1.28347E-17
 2.00318E+06
 1.00000E+00
 1.28347E-17
 2.00319E+06
 1.00000E+00
 1.28347E-17
 2.00319E+06
 1.00000E+00
 1.28347E-17
 2.00319E+06
 1.00000E+00
 1.28347E-17
 2.00319E+06
 1.00000E+00
 1.28347E-17
 2.00319E+06
 1.00000E+00
 1.28347E-17
 2.00319E+06
 1.00000E+00
 1.28347E-17
 2.00319E+06
 1.00000E+00
 1.28347E-17
 2.00319E+06
 1.00000E+00
 1.28347E-17
 2.00319E+06
 1.00000E+00
 1.28347E-17
 2.00319E+06
 1.00000E+00
 1.28346E-17
 2.00319E+06
 1.00000E+00
 1.28346E-17
 2.00319E+06
 1.00000E+00
 1.28346E-17
 2.00319E+06
 1.00000E+00
 1.28346E-17
 2.00319E+06
 1.00000E+00
 1.28346E-17
 2.00319E+06
 1.00000E+00
 1.28346E-17
 2.00319E+06
 1.00000E+00
 1.28346E-17
 2.00319E+06
 1.00000E+00
 1.28346E-17
 2.00319E+06
 1.00000E+00
 1.28346E-17
 2.00319E+06
 1.00000E+00
 1.28346E-17
 2.00319E+06
 1.00000E+00
 1.28346E-17
 2.00319E+06
 1.00000E+00
 1.28346E-17
 2.00319E+06
 1.00000E+00
 1.28346E-17
 2.00319E+06
 1.00000E+00
 1.28346E-17
 2.00319E+06
 1.00000E+00
 1.28346E-17
 2.00319E+06
 1.00000E+00
 1.28346E-17
 2.00319E+06
 1.00000E+00
 1.28346E-17
 2.00319E+06
 1.00000E+00
 1.28346E-17
 2.00320E+06
 1.00000E+00
 1.28346E-17
 2.00320E+06
 1.00000E+00
 1.28346E-17
 2.00320E+06
 1.00000E+00
 1.28345E-17
 2.00320E+06
 1.00000E+00
 1.28345E-17
 2.00320E+06
 1.00000E+00
 1.28345E-17
 2.00320E+06
 1.00000E+00
 1.28345E-17
 2.00320E+06
 1.00000E+00
 1.28345E-17
 2.00320E+06
 1.00000E+00
 1.28345E-17
 2.00320E+06
 1.00000E+00
 1.28345E-17
 2.00320E+06
 1.00000E+00
 1.28345E-17
 2.00320E+06
 1.00000E+00
 1.28345E-17
 2.00320E+06
 1.00000E+00
 1.28345E-17
 2.00320E+06
 1.00000E+00
 1.28345E-17
 2.00320E+06
 1.00000E+00
 1.28345E-17
 2.00320E+06
 1.00000E+00
 1.28345E-17
 2.00320E+06
 1.00000E+00
 1.28345E-17
 2.00320E+06
 1.00000E+00
 1.28345E-17
 2.00320E+06
 1.00000E+00
 1.28345E-17
 2.00320E+06
 1.00000E+00
 1.28345E-17
 2.00320E+06
 1.00000E+00
 1.28345E-17
 2.00320E+06
 1.00000E+00
 1.28345E-17
 2.00320E+06
 1.00000E+00
 1.28345E-17
 2.00320E+06
 1.00000E+00
 1.28344E-17
 2.00320E+06
 1.00000E+00
 1.28344E-17
 2.00320E+06
 1.00000E+00
 1.28344E-17
 2.00320E+06
 1.00000E+00
 1.28344E-17
 2.00320E+06
 1.00000E+00
 1.28344E-17
 2.00321E+06
 1.00000E+00
 1.28344E-17
 2.00321E+06
 1.00000E+00
 1.28344E-17
 2.00321E+06
 1.00000E+00
 1.28344E-17
 2.00321E+06
 1.00000E+00
 1.28344E-17
 2.00321E+06
 1.00000E+00
 1.28344E-17
 2.00321E+06
 1.00000E+00
 1.28344E-17
 2.00321E+06
 1.00000E+00
 1.28344E-17
 2.00321E+06
 1.00000E+00
 1.28344E-17
 2.00321E+06
 1.00000E+00
 1.28344E-17
 2.00321E+06
 1.00000E+00
 1.28344E-17
 2.00321E+06
 1.00000E+00
 1.28344E-17
 2.00321E+06
 1.00000E+00
 1.28344E-17
 2.00321E+06
 1.00000E+00
 1.28344E-17
 2.00321E+06
 1.00000E+00
 1.28344E-17
 2.00321E+06
 1.00000E+00
 1.28344E-17
 2.00321E+06
 1.00000E+00
 1.28344E-17
 2.00321E+06
 1.00000E+00
 1.28343E-17
 2.00321E+06
 1.00000E+00
 1.28343E-17
 2.00321E+06
 1.00000E+00
 1.28343E-17
 2.00321E+06
 1.00000E+00
 1.28343E-17
 2.00321E+06
 1.00000E+00
 1.28343E-17
 2.00321E+06
 1.00000E+00
 1.28343E-17
 2.00321E+06
 1.00000E+00
 1.28343E-17
 2.00321E+06
 1.00000E+00
 1.28343E-17
 2.00321E+06
 1.00000E+00
 1.28343E-17
 2.00321E+06
 1.00000E+00
 1.28343E-17
 2.00321E+06
 1.00000E+00
 1.28343E-17
 2.00322E+06
 1.00000E+00
 1.28343E-17
 2.00322E+06
 1.00000E+00
 1.28343E-17
 2.00322E+06
 1.00000E+00
 1.28343E-17
 2.00322E+06
 1.00000E+00
 1.28343E-17
 2.00322E+06
 1.00000E+00
 1.28343E-17
 2.00322E+06
 1.00000E+00
 1.28343E-17
 2.00322E+06
 1.00000E+00
 1.28343E-17
 2.00322E+06
 1.00000E+00
 1.28343E-17
 2.00322E+06
 1.00000E+00
 1.28343E-17
 2.00322E+06
 1.00000E+00
 1.28342E-17
 2.00322E+06
 1.00000E+00
 1.28342E-17
 2.00322E+06
 1.00000E+00
 1.28342E-17
 2.00322E+06
 1.00000E+00
 1.28342E-17
 2.00322E+06
 1.00000E+00
 1.28342E-17
 2.00322E+06
 1.00000E+00
 1.28342E-17
 2.00322E+06
 1.00000E+00
 1.28342E-17
 2.00322E+06
 1.00000E+00
 1.28342E-17
 2.00322E+06
 1.00000E+00
 1.28342E-17
 2.00322E+06
 1.00000E+00
 1.28342E-17
 2.00322E+06
 1.00000E+00
 1.28342E-17
 2.00322E+06
 1.00000E+00
 1.28342E-17
 2.00322E+06
 1.00000E+00
 1.28342E-17
 2.00322E+06
 1.00000E+00
 1.28342E-17
 2.00322E+06
 1.00000E+00
 1.28342E-17
 2.00322E+06
 1.00000E+00
 1.28342E-17
 2.00322E+06
 1.00000E+00
 1.28342E-17
 2.00322E+06
 1.00000E+00
 1.28342E-17
 2.00323E+06
 1.00000E+00
 1.28342E-17
 2.00323E+06
 1.00000E+00
 1.28341E-17
 2.00323E+06
 1.00000E+00
 1.28341E-17
 2.00323E+06
 1.00000E+00
 1.28341E-17
 2.00323E+06
 1.00000E+00
 1.28341E-17
 2.00323E+06
 1.00000E+00
 1.28341E-17
 2.00323E+06
 1.00000E+00
 1.28341E-17
 2.00323E+06
 1.00000E+00
 1.28341E-17
 2.00323E+06
 1.00000E+00
 1.28341E-17
 2.00323E+06
 1.00000E+00
 1.28341E-17
 2.00323E+06
 1.00000E+00
 1.28341E-17
 2.00323E+06
 1.00000E+00
 1.28341E-17
 2.00323E+06
 1.00000E+00
 1.28341E-17
 2.00323E+06
 1.00000E+00
 1.28341E-17
 2.00323E+06
 1.00000E+00
 1.28341E-17
 2.00323E+06
 1.00000E+00
 1.28341E-17
 2.00323E+06
 1.00000E+00
 1.28341E-17
 2.00323E+06
 1.00000E+00
 1.28341E-17
 2.00323E+06
 1.00000E+00
 1.28341E-17
 2.00323E+06
 1.00000E+00
 1.28341E-17
 2.00323E+06
 1.00000E+00
 1.28341E-17
 2.00323E+06
 1.00000E+00
 1.28341E-17
 2.00323E+06
 1.00000E+00
 1.28341E-17
 2.00323E+06
 1.00000E+00
 1.28340E-17
 2.00323E+06
 1.00000E+00
 1.28340E-17
 2.00323E+06
 1.00000E+00
 1.28340E-17
 2.00323E+06
 1.00000E+00
 1.28340E-17
 2.00323E+06
 1.00000E+00
 1.28340E-17
 2.00324E+06
 1.00000E+00
 1.28340E-17
 2.00324E+06
 1.00000E+00
 1.28340E-17
 2.00324E+06
 1.00000E+00
 1.28340E-17
 2.00324E+06
 1.00000E+00
 1.28340E-17
 2.00324E+06
 1.00000E+00
 1.28340E-17
 2.00324E+06
 1.00000E+00
 1.28340E-17
 2.00324E+06
 1.00000E+00
 1.28340E-17
 2.00324E+06
 1.00000E+00
 1.28340E-17
 2.00324E+06
 1.00000E+00
 1.28340E-17
 2.00324E+06
 1.00000E+00
 1.28340E-17
 2.00324E+06
 1.00000E+00
 1.28340E-17
 2.00324E+06
 1.00000E+00
 1.28340E-17
 2.00324E+06
 1.00000E+00
 1.28340E-17
 2.00324E+06
 1.00000E+00
 1.28340E-17
 2.00324E+06
 1.00000E+00
 1.28339E-17
 2.00324E+06
 1.00000E+00
 1.28339E-17
 2.00324E+06
 1.00000E+00
 1.28339E-17
 2.00324E+06
 1.00000E+00
 1.28339E-17
 2.00324E+06
 1.00000E+00
 1.28339E-17
 2.00324E+06
 1.00000E+00
 1.28339E-17
 2.00324E+06
 1.00000E+00
 1.28339E-17
 2.00324E+06
 1.00000E+00
 1.28339E-17
 2.00324E+06
 1.00000E+00
 1.28339E-17
 2.00324E+06
 1.00000E+00
 1.28339E-17
 2.00324E+06
 1.00000E+00
 1.28339E-17
 2.00324E+06
 1.00000E+00
 1.28339E-17
 2.00324E+06
 1.00000E+00
 1.28339E-17
 2.00325E+06
 1.00000E+00
 1.28339E-17
 2.00325E+06
 1.00000E+00
 1.28339E-17
 2.00325E+06
 1.00000E+00
 1.28339E-17
 2.00325E+06
 1.00000E+00
 1.28339E-17
 2.00325E+06
 1.00000E+00
 1.28339E-17
 2.00325E+06
 1.00000E+00
 1.28339E-17
 2.00325E+06
 1.00000E+00
 1.28339E-17
 2.00325E+06
 1.00000E+00
 1.28339E-17
 2.00325E+06
 1.00000E+00
 1.28339E-17
 2.00325E+06
 1.00000E+00
 1.28338E-17
 2.00325E+06
 1.00000E+00
 1.28338E-17
 2.00325E+06
 1.00000E+00
 1.28338E-17
 2.00325E+06
 1.00000E+00
 1.28338E-17
 2.00325E+06
 1.00000E+00
 1.28338E-17
 2.00325E+06
 1.00000E+00
 1.28338E-17
 2.00325E+06
 1.00000E+00
 1.28338E-17
 2.00325E+06
 1.00000E+00
 1.28338E-17
 2.00325E+06
 1.00000E+00
 1.28338E-17
 2.00325E+06
 1.00000E+00
 1.28338E-17
 2.00325E+06
 1.00000E+00
 1.28338E-17
 2.00325E+06
 1.00000E+00
 1.28338E-17
 2.00325E+06
 1.00000E+00
 1.28338E-17
 2.00325E+06
 1.00000E+00
 1.28338E-17
 2.00325E+06
 1.00000E+00
 1.28338E-17
 2.00325E+06
 1.00000E+00
 1.28338E-17
 2.00325E+06
 1.00000E+00
 1.28338E-17
 2.00325E+06
 1.00000E+00
 1.28338E-17
 2.00325E+06
 1.00000E+00
 1.28338E-17
 2.00325E+06
 1.00000E+00
 1.28338E-17
 2.00326E+06
 1.00000E+00
 1.28338E-17
 2.00326E+06
 1.00000E+00
 1.28338E-17
 2.00326E+06
 1.00000E+00
 1.28337E-17
 2.00326E+06
 1.00000E+00
 1.28337E-17
 2.00326E+06
 1.00000E+00
 1.28337E-17
 2.00326E+06
 1.00000E+00
 1.28337E-17
 2.00326E+06
 1.00000E+00
 1.28337E-17
 2.00326E+06
 1.00000E+00
 1.28337E-17
 2.00326E+06
 1.00000E+00
 1.28337E-17
 2.00326E+06
 1.00000E+00
 1.28337E-17
 2.00326E+06
 1.00000E+00
 1.28337E-17
 2.00326E+06
 1.00000E+00
 1.28337E-17
 2.00326E+06
 1.00000E+00
 1.28337E-17
 2.00326E+06
 1.00000E+00
 1.28337E-17
 2.00326E+06
 1.00000E+00
 1.28337E-17
 2.00326E+06
 1.00000E+00
 1.28337E-17
 2.00326E+06
 1.00000E+00
 1.28337E-17
 2.00326E+06
 1.00000E+00
 1.28337E-17
 2.00326E+06
 1.00000E+00
 1.28337E-17
 2.00326E+06
 1.00000E+00
 1.28337E-17
 2.00326E+06
 1.00000E+00
 1.28337E-17
 2.00326E+06
 1.00000E+00
 1.28337E-17
 2.00326E+06
 1.00000E+00
 1.28337E-17
 2.00326E+06
 1.00000E+00
 1.28336E-17
 2.00326E+06
 1.00000E+00
 1.28336E-17
 2.00326E+06
 1.00000E+00
 1.28336E-17
 2.00326E+06
 1.00000E+00
 1.28336E-17
 2.00326E+06
 1.00000E+00
 1.28336E-17
 2.00327E+06
 1.00000E+00
 1.28336E-17
 2.00327E+06
 1.00000E+00
 1.28336E-17
 2.00327E+06
 1.00000E+00
 1.28336E-17
 2.00327E+06
 1.00000E+00
 1.28336E-17
 2.00327E+06
 1.00000E+00
 1.28336E-17
 2.00327E+06
 1.00000E+00
 1.28336E-17
 2.00327E+06
 1.00000E+00
 1.28336E-17
 2.00327E+06
 1.00000E+00
 1.28336E-17
 2.00327E+06
 1.00000E+00
 1.28336E-17
 2.00327E+06
 1.00000E+00
 1.28336E-17
 2.00327E+06
 1.00000E+00
 1.28336E-17
 2.00327E+06
 1.00000E+00
 1.28336E-17
 2.00327E+06
 1.00000E+00
 1.28336E-17
 2.00327E+06
 1.00000E+00
 1.28336E-17
 2.00327E+06
 1.00000E+00
 1.28336E-17
 2.00327E+06
 1.00000E+00
 1.28336E-17
 2.00327E+06
 1.00000E+00
 1.28336E-17
 2.00327E+06
 1.00000E+00
 1.28336E-17
 2.00327E+06
 1.00000E+00
 1.28335E-17
 2.00327E+06
 1.00000E+00
 1.28335E-17
 2.00327E+06
 1.00000E+00
 1.28335E-17
 2.00327E+06
 1.00000E+00
 1.28335E-17
 2.00327E+06
 1.00000E+00
 1.28335E-17
 2.00327E+06
 1.00000E+00
 1.28335E-17
 2.00327E+06
 1.00000E+00
 1.28335E-17
 2.00327E+06
 1.00000E+00
 1.28335E-17
 2.00327E+06
 1.00000E+00
 1.28335E-17
 2.00327E+06
 1.00000E+00
 1.28335E-17
 2.00327E+06
 1.00000E+00
 1.28335E-17
 2.00327E+06
 1.00000E+00
 1.28335E-17
 2.00327E+06
 1.00000E+00
 1.28335E-17
 2.00327E+06
 1.00000E+00
 1.28335E-17
 2.00328E+06
 1.00000E+00
 1.28335E-17
 2.00328E+06
 1.00000E+00
 1.28335E-17
 2.00328E+06
 1.00000E+00
 1.28335E-17
 2.00328E+06
 1.00000E+00
 1.28335E-17
 2.00328E+06
 1.00000E+00
 1.28335E-17
 2.00328E+06
 1.00000E+00
 1.28335E-17
 2.00328E+06
 1.00000E+00
 1.28335E-17
 2.00328E+06
 1.00000E+00
 1.28335E-17
 2.00328E+06
 1.00000E+00
 1.28335E-17
 2.00328E+06
 1.00000E+00
 1.28335E-17
 2.00328E+06
 1.00000E+00
 1.28334E-17
 2.00328E+06
 1.00000E+00
 1.28334E-17
 2.00328E+06
 1.00000E+00
 1.28334E-17
 2.00328E+06
 1.00000E+00
 1.28334E-17
 2.00328E+06
 1.00000E+00
 1.28334E-17
 2.00328E+06
 1.00000E+00
 1.28334E-17
 2.00328E+06
 1.00000E+00
 1.28334E-17
 2.00328E+06
 1.00000E+00
 1.28334E-17
 2.00328E+06
 1.00000E+00
 1.28334E-17
 2.00328E+06
 1.00000E+00
 1.28334E-17
 2.00328E+06
 1.00000E+00
 1.28334E-17
 2.00328E+06
 1.00000E+00
 1.28334E-17
 2.00328E+06
 1.00000E+00
 1.28334E-17
 2.00328E+06
 1.00000E+00
 1.28334E-17
 2.00328E+06
 1.00000E+00
 1.28334E-17
 2.00328E+06
 1.00000E+00
 1.28334E-17
 2.00328E+06
 1.00000E+00
 1.28334E-17
 2.00328E+06
 1.00000E+00
 1.28334E-17
 2.00328E+06
 1.00000E+00
 1.28334E-17
 2.00328E+06
 1.00000E+00
 1.28334E-17
 2.00328E+06
 1.00000E+00
 1.28334E-17
 2.00329E+06
 1.00000E+00
 1.28334E-17
 2.00329E+06
 1.00000E+00
 1.28334E-17
 2.00329E+06
 1.00000E+00
 1.28333E-17
 2.00329E+06
 1.00000E+00
 1.28333E-17
 2.00329E+06
 1.00000E+00
 1.28333E-17
 2.00329E+06
 1.00000E+00
 1.28333E-17
 2.00329E+06
 1.00000E+00
 1.28333E-17
 2.00329E+06
 1.00000E+00
 1.28333E-17
 2.00329E+06
 1.00000E+00
 1.28333E-17
 2.00329E+06
 1.00000E+00
 1.28333E-17
 2.00329E+06
 1.00000E+00
 1.28333E-17
 2.00329E+06
 1.00000E+00
 1.28333E-17
 2.00329E+06
 1.00000E+00
 1.28333E-17
 2.00329E+06
 1.00000E+00
 1.28333E-17
 2.00329E+06
 1.00000E+00
 1.28333E-17
 2.00329E+06
 1.00000E+00
 1.28333E-17
 2.00329E+06
 1.00000E+00
 1.28333E-17
 2.00329E+06
 1.00000E+00
 1.28333E-17
 2.00329E+06
 1.00000E+00
 1.28333E-17
 2.00329E+06
 1.00000E+00
 1.28333E-17
 2.00329E+06
 1.00000E+00
 1.28333E-17
 2.00329E+06
 1.00000E+00
 1.28333E-17
 2.00329E+06
 1.00000E+00
 1.28333E-17
 2.00329E+06
 1.00000E+00
 1.28333E-17
 2.00329E+06
 1.00000E+00
 1.28333E-17
 2.00329E+06
 1.00000E+00
 1.28333E-17
 2.00329E+06
 1.00000E+00
 1.28333E-17
 2.00329E+06
 1.00000E+00
 1.28332E-17
 2.00329E+06
 1.00000E+00
 1.28332E-17
 2.00329E+06
 1.00000E+00
 1.28332E-17
 2.00329E+06
 1.00000E+00
 1.28332E-17
 2.00329E+06
 1.00000E+00
 1.28332E-17
 2.00329E+06
 1.00000E+00
 1.28332E-17
 2.00329E+06
 1.00000E+00
 1.28332E-17
 2.00330E+06
 1.00000E+00
 1.28332E-17
 2.00330E+06
 1.00000E+00
 1.28332E-17
 2.00330E+06
 1.00000E+00
 1.28332E-17
 2.00330E+06
 1.00000E+00
 1.28332E-17
 2.00330E+06
 1.00000E+00
 1.28332E-17
 2.00330E+06
 1.00000E+00
 1.28332E-17
 2.00330E+06
 1.00000E+00
 1.28332E-17
 2.00330E+06
 1.00000E+00
 1.28332E-17
 2.00330E+06
 1.00000E+00
 1.28332E-17
 2.00330E+06
 1.00000E+00
 1.28332E-17
 2.00330E+06
 1.00000E+00
 1.28332E-17
 2.00330E+06
 1.00000E+00
 1.28332E-17
 2.00330E+06
 1.00000E+00
 1.28332E-17
 2.00330E+06
 1.00000E+00
 1.28332E-17
 2.00330E+06
 1.00000E+00
 1.28332E-17
 2.00330E+06
 1.00000E+00
 1.28332E-17
 2.00330E+06
 1.00000E+00
 1.28332E-17
 2.00330E+06
 1.00000E+00
 1.28332E-17
 2.00330E+06
 1.00000E+00
 1.28332E-17
 2.00330E+06
 1.00000E+00
 1.28332E-17
 2.00330E+06
 1.00000E+00
 1.28331E-17
 2.00330E+06
 1.00000E+00
 1.28331E-17
 2.00330E+06
 1.00000E+00
 1.28331E-17
 2.00330E+06
 1.00000E+00
 1.28331E-17
 2.00330E+06
 1.00000E+00
 1.28331E-17
 2.00330E+06
 1.00000E+00
 1.28331E-17
 2.00330E+06
 1.00000E+00
 1.28331E-17
 2.00330E+06
 1.00000E+00
 1.28331E-17
 2.00330E+06
 1.00000E+00
 1.28331E-17
 2.00330E+06
 1.00000E+00
 1.28331E-17
 2.00330E+06
 1.00000E+00
 1.28331E-17
 2.00330E+06
 1.00000E+00
 1.28331E-17
 2.00330E+06
 1.00000E+00
 1.28331E-17
 2.00330E+06
 1.00000E+00
 1.28331E-17
 2.00330E+06
 1.00000E+00
 1.28331E-17
 2.00330E+06
 1.00000E+00
 1.28331E-17
 2.00331E+06
 1.00000E+00
 1.28331E-17
 2.00331E+06
 1.00000E+00
 1.28331E-17
 2.00331E+06
 1.00000E+00
 1.28331E-17
 2.00331E+06
 1.00000E+00
 1.28331E-17
 2.00331E+06
 1.00000E+00
 1.28331E-17
 2.00331E+06
 1.00000E+00
 1.28331E-17
 2.00331E+06
 1.00000E+00
 1.28331E-17
 2.00331E+06
 1.00000E+00
 1.28331E-17
 2.00331E+06
 1.00000E+00
 1.28331E-17
 2.00331E+06
 1.00000E+00
 1.28331E-17
 2.00331E+06
 1.00000E+00
 1.28331E-17
 2.00331E+06
 1.00000E+00
 1.28331E-17
 2.00331E+06
 1.00000E+00
 1.28330E-17
 2.00331E+06
 1.00000E+00
 1.28330E-17
 2.00331E+06
 1.00000E+00
 1.28330E-17
 2.00331E+06
 1.00000E+00
 1.28330E-17
 2.00331E+06
 1.00000E+00
 1.28330E-17
 2.00331E+06
 1.00000E+00
 1.28330E-17
 2.00331E+06
 1.00000E+00
 1.28330E-17
 2.00331E+06
 1.00000E+00
 1.28330E-17
 2.00331E+06
 1.00000E+00
 1.28330E-17
 2.00331E+06
 1.00000E+00
 1.28330E-17
 2.00331E+06
 1.00000E+00
 1.28330E-17
 2.00331E+06
 1.00000E+00
 1.28330E-17
 2.00331E+06
 1.00000E+00
 1.28330E-17
 2.00331E+06
 1.00000E+00
 1.28330E-17
 2.00331E+06
 1.00000E+00
 1.28330E-17
 2.00331E+06
 1.00000E+00
 1.28330E-17
 2.00331E+06
 1.00000E+00
 1.28330E-17
 2.00331E+06
 1.00000E+00
 1.28330E-17
 2.00331E+06
 1.00000E+00
 1.28330E-17
 2.00331E+06
 1.00000E+00
 1.28330E-17
 2.00331E+06
 1.00000E+00
 1.28330E-17
 2.00331E+06
 1.00000E+00
 1.28330E-17
 2.00331E+06
 1.00000E+00
 1.28330E-17
 2.00331E+06
 1.00000E+00
 1.28330E-17
 2.00331E+06
 1.00000E+00
 1.28330E-17
 2.00331E+06
 1.00000E+00
 1.28330E-17
 2.00331E+06
 1.00000E+00
 1.28330E-17
 2.00331E+06
 1.00000E+00
 1.28330E-17
 2.00332E+06
 1.00000E+00
 1.28330E-17
 2.00332E+06
 1.00000E+00
 1.28330E-17
 2.00332E+06
 1.00000E+00
 1.28329E-17
 2.00332E+06
 1.00000E+00
 1.28329E-17
 2.00332E+06
 1.00000E+00
 1.28329E-17
 2.00332E+06
 1.00000E+00
 1.28329E-17
 2.00332E+06
 1.00000E+00
 1.28329E-17
 2.00332E+06
 1.00000E+00
 1.28329E-17
 2.00332E+06
 1.00000E+00
 1.28329E-17
 2.00332E+06
 1.00000E+00
 1.28329E-17
 2.00332E+06
 1.00000E+00
 1.28329E-17
 2.00332E+06
 1.00000E+00
 1.28329E-17
 2.00332E+06
 1.00000E+00
 1.28329E-17
 2.00332E+06
 1.00000E+00
 1.28329E-17
 2.00332E+06
 1.00000E+00
 1.28329E-17
 2.00332E+06
 1.00000E+00
 1.28329E-17
 2.00332E+06
 1.00000E+00
 1.28329E-17
 2.00332E+06
 1.00000E+00
 1.28329E-17
 2.00332E+06
 1.00000E+00
 1.28329E-17
 2.00332E+06
 1.00000E+00
 1.28329E-17
 2.00332E+06
 1.00000E+00
 1.28329E-17
 2.00332E+06
 1.00000E+00
 1.28329E-17
 2.00332E+06
 1.00000E+00
 1.28329E-17
 2.00332E+06
 1.00000E+00
 1.28329E-17
 2.00332E+06
 1.00000E+00
 1.28329E-17
 2.00332E+06
 1.00000E+00
 1.28329E-17
 2.00332E+06
 1.00000E+00
 1.28329E-17
 2.00332E+06
 1.00000E+00
 1.28329E-17
 2.00332E+06
 1.00000E+00
 1.28329E-17
 2.00332E+06
 1.00000E+00
 1.28329E-17
 2.00332E+06
 1.00000E+00
 1.28329E-17
 2.00332E+06
 1.00000E+00
 1.28328E-17
 2.00332E+06
 1.00000E+00
 1.28328E-17
 2.00332E+06
 1.00000E+00
 1.28328E-17
 2.00332E+06
 1.00000E+00
 1.28328E-17
 2.00332E+06
 1.00000E+00
 1.28328E-17
 2.00332E+06
 1.00000E+00
 1.28328E-17
 2.00332E+06
 1.00000E+00
 1.28328E-17
 2.00332E+06
 1.00000E+00
 1.28328E-17
 2.00332E+06
 1.00000E+00
 1.28328E-17
 2.00333E+06
 1.00000E+00
 1.28328E-17
 2.00333E+06
 1.00000E+00
 1.28328E-17
 2.00333E+06
 1.00000E+00
 1.28328E-17
 2.00333E+06
 1.00000E+00
 1.28328E-17
 2.00333E+06
 1.00000E+00
 1.28328E-17
 2.00333E+06
 1.00000E+00
 1.28328E-17
 2.00333E+06
 1.00000E+00
 1.28328E-17
 2.00333E+06
 1.00000E+00
 1.28328E-17
 2.00333E+06
 1.00000E+00
 1.28328E-17
 2.00333E+06
 1.00000E+00
 1.28328E-17
 2.00333E+06
 1.00000E+00
 1.28328E-17
 2.00333E+06
 1.00000E+00
 1.28328E-17
 2.00333E+06
 1.00000E+00
 1.28328E-17
 2.00333E+06
 1.00000E+00
 1.28328E-17
 2.00333E+06
 1.00000E+00
 1.28328E-17
 2.00333E+06
 1.00000E+00
 1.28328E-17
 2.00333E+06
 1.00000E+00
 1.28328E-17
 2.00333E+06
 1.00000E+00
 1.28328E-17
 2.00333E+06
 1.00000E+00
 1.28328E-17
 2.00333E+06
 1.00000E+00
 1.28328E-17
 2.00333E+06
 1.00000E+00
 1.28328E-17
 2.00333E+06
 1.00000E+00
 1.28328E-17
 2.00333E+06
 1.00000E+00
 1.28328E-17
 2.00333E+06
 1.00000E+00
 1.28327E-17
 2.00333E+06
 1.00000E+00
 1.28327E-17
 2.00333E+06
 1.00000E+00
 1.28327E-17
 2.00333E+06
 1.00000E+00
 1.28327E-17
 2.00333E+06
 1.00000E+00
 1.28327E-17
 2.00333E+06
 1.00000E+00
 1.28327E-17
 2.00333E+06
 1.00000E+00
 1.28327E-17
 2.00333E+06
 1.00000E+00
 1.28327E-17
 2.00333E+06
 1.00000E+00
 1.28327E-17
 2.00333E+06
 1.00000E+00
 1.28327E-17
 2.00333E+06
 1.00000E+00
 1.28327E-17
 2.00333E+06
 1.00000E+00
 1.28327E-17
 2.00333E+06
 1.00000E+00
 1.28327E-17
 2.00333E+06
 1.00000E+00
 1.28327E-17
 2.00333E+06
 1.00000E+00
 1.28327E-17
 2.00333E+06
 1.00000E+00
 1.28327E-17
 2.00333E+06
 1.00000E+00
 1.28327E-17
 2.00333E+06
 1.00000E+00
 1.28327E-17
 2.00333E+06
 1.00000E+00
 1.28327E-17
 2.00333E+06
 1.00000E+00
 1.28327E-17
 2.00333E+06
 1.00000E+00
 1.28327E-17
 2.00334E+06
 1.00000E+00
 1.28327E-17
 2.00334E+06
 1.00000E+00
 1.28327E-17
 2.00334E+06
 1.00000E+00
 1.28327E-17
 2.00334E+06
 1.00000E+00
 1.28327E-17
 2.00334E+06
 1.00000E+00
 1.28327E-17
 2.00334E+06
 1.00000E+00
 1.28327E-17
 2.00334E+06
 1.00000E+00
 1.28327E-17
 2.00334E+06
 1.00000E+00
 1.28327E-17
 2.00334E+06
 1.00000E+00
 1.28327E-17
 2.00334E+06
 1.00000E+00
 1.28327E-17
 2.00334E+06
 1.00000E+00
 1.28327E-17
 2.00334E+06
 1.00000E+00
 1.28327E-17
 2.00334E+06
 1.00000E+00
 1.28327E-17
 2.00334E+06
 1.00000E+00
 1.28326E-17
 2.00334E+06
 1.00000E+00
 1.28326E-17
 2.00334E+06
 1.00000E+00
 1.28326E-17
 2.00334E+06
 1.00000E+00
 1.28326E-17
 2.00334E+06
 1.00000E+00
 1.28326E-17
 2.00334E+06
 1.00000E+00
 1.28326E-17
 2.00334E+06
 1.00000E+00
 1.28326E-17
 2.00334E+06
 1.00000E+00
 1.28326E-17
 2.00334E+06
 1.00000E+00
 1.28326E-17
 2.00334E+06
 1.00000E+00
 1.28326E-17
 2.00334E+06
 1.00000E+00
 1.28326E-17
 2.00334E+06
 1.00000E+00
 1.28326E-17
 2.00334E+06
 1.00000E+00
 1.28326E-17
 2.00334E+06
 1.00000E+00
 1.28326E-17
 2.00334E+06
 1.00000E+00
 1.28326E-17
 2.00334E+06
 1.00000E+00
 1.28326E-17
 2.00334E+06
 1.00000E+00
 1.28326E-17
 2.00334E+06
 1.00000E+00
 1.28326E-17
 2.00334E+06
 1.00000E+00
 1.28326E-17
 2.00334E+06
 1.00000E+00
 1.28326E-17
 2.00334E+06
 1.00000E+00
 1.28326E-17
 2.00334E+06
 1.00000E+00
 1.28326E-17
 2.00334E+06
 1.00000E+00
 1.28326E-17
 2.00334E+06
 1.00000E+00
 1.28326E-17
 2.00334E+06
 1.00000E+00
 1.28326E-17
 2.00334E+06
 1.00000E+00
 1.28326E-17
 2.00334E+06
 1.00000E+00
 1.28326E-17
 2.00334E+06
 1.00000E+00
 1.28326E-17
 2.00334E+06
 1.00000E+00
 1.28326E-17
 2.00334E+06
 1.00000E+00
 1.28326E-17
 2.00334E+06
 1.00000E+00
 1.28326E-17
 2.00334E+06
 1.00000E+00
 1.28326E-17
 2.00334E+06
 1.00000E+00
 1.28326E-17
 2.00334E+06
 1.00000E+00
 1.28326E-17
 2.00334E+06
 1.00000E+00
 1.28326E-17
 2.00335E+06
 1.00000E+00
 1.28326E-17
 2.00335E+06
 1.00000E+00
 1.28325E-17
 2.00335E+06
 1.00000E+00
 1.28325E-17
 2.00335E+06
 1.00000E+00
 1.28325E-17
 2.00335E+06
 1.00000E+00
 1.28325E-17
 2.00335E+06
 1.00000E+00
 1.28325E-17
 2.00335E+06
 1.00000E+00
 1.28325E-17
 2.00335E+06
 1.00000E+00
 1.28325E-17
 2.00335E+06
 1.00000E+00
 1.28325E-17
 2.00335E+06
 1.00000E+00
 1.28325E-17
 2.00335E+06
 1.00000E+00
 1.28325E-17
 2.00335E+06
 1.00000E+00
 1.28325E-17
 2.00335E+06
 1.00000E+00
 1.28325E-17
 2.00335E+06
 1.00000E+00
 1.28325E-17
 2.00335E+06
 1.00000E+00
 1.28325E-17
 2.00335E+06
 1.00000E+00
 1.28325E-17
 2.00335E+06
 1.00000E+00
 1.28325E-17
 2.00335E+06
 1.00000E+00
 1.28325E-17
 2.00335E+06
 1.00000E+00
 1.28325E-17
 2.00335E+06
 1.00000E+00
 1.28325E-17
 2.00335E+06
 1.00000E+00
 1.28325E-17
 2.00335E+06
 1.00000E+00
 1.28325E-17
 2.00335E+06
 1.00000E+00
 1.28325E-17
 2.00335E+06
 1.00000E+00
 1.28325E-17
 2.00335E+06
 1.00000E+00
 1.28325E-17
 2.00335E+06
 1.00000E+00
 1.28325E-17
 2.00335E+06
 1.00000E+00
 1.28325E-17
 2.00335E+06
 1.00000E+00
 1.28325E-17
 2.00335E+06
 1.00000E+00
 1.28325E-17
 2.00335E+06
 1.00000E+00
 1.28325E-17
 2.00335E+06
 1.00000E+00
 1.28325E-17
 2.00335E+06
 1.00000E+00
 1.28325E-17
 2.00335E+06
 1.00000E+00
 1.28325E-17
 2.00335E+06
 1.00000E+00
 1.28325E-17
 2.00335E+06
 1.00000E+00
 1.28325E-17
 2.00335E+06
 1.00000E+00
 1.28325E-17
 2.00335E+06
 1.00000E+00
 1.28325E-17
 2.00335E+06
 1.00000E+00
 1.28325E-17
 2.00335E+06
 1.00000E+00
 1.28325E-17
 2.00335E+06
 1.00000E+00
 1.28324E-17
 2.00335E+06
 1.00000E+00
 1.28324E-17
 2.00335E+06
 1.00000E+00
 1.28324E-17
 2.00335E+06
 1.00000E+00
 1.28324E-17
 2.00335E+06
 1.00000E+00
 1.28324E-17
 2.00335E+06
 1.00000E+00
 1.28324E-17
 2.00335E+06
 1.00000E+00
 1.28324E-17
 2.00335E+06
 1.00000E+00
 1.28324E-17
 2.00335E+06
 1.00000E+00
 1.28324E-17
 2.00335E+06
 1.00000E+00
 1.28324E-17
 2.00336E+06
 1.00000E+00
 1.28324E-17
 2.00336E+06
 1.00000E+00
 1.28324E-17
 2.00336E+06
 1.00000E+00
 1.28324E-17
 2.00336E+06
 1.00000E+00
 1.28324E-17
 2.00336E+06
 1.00000E+00
 1.28324E-17
 2.00336E+06
 1.00000E+00
 1.28324E-17
 2.00336E+06
 1.00000E+00
 1.28324E-17
 2.00336E+06
 1.00000E+00
 1.28324E-17
 2.00336E+06
 1.00000E+00
 1.28324E-17
 2.00336E+06
 1.00000E+00
 1.28324E-17
 2.00336E+06
 1.00000E+00
 1.28324E-17
 2.00336E+06
 1.00000E+00
 1.28324E-17
 2.00336E+06
 1.00000E+00
 1.28324E-17
 2.00336E+06
 1.00000E+00
 1.28324E-17
 2.00336E+06
 1.00000E+00
 1.28324E-17
 2.00336E+06
 1.00000E+00
 1.28324E-17
 2.00336E+06
 1.00000E+00
 1.28324E-17
 2.00336E+06
 1.00000E+00
 1.28324E-17
 2.00336E+06
 1.00000E+00
 1.28324E-17
 2.00336E+06
 1.00000E+00
 1.28324E-17
 2.00336E+06
 1.00000E+00
 1.28324E-17
 2.00336E+06
 1.00000E+00
 1.28324E-17
 2.00336E+06
 1.00000E+00
 1.28324E-17
 2.00336E+06
 1.00000E+00
 1.28324E-17
 2.00336E+06
 1.00000E+00
 1.28324E-17
 2.00336E+06
 1.00000E+00
 1.28324E-17
 2.00336E+06
 1.00000E+00
 1.28324E-17
 2.00336E+06
 1.00000E+00
 1.28323E-17
 2.00336E+06
 1.00000E+00
 1.28323E-17
 2.00336E+06
 1.00000E+00
 1.28323E-17
 2.00336E+06
 1.00000E+00
 1.28323E-17
 2.00336E+06
 1.00000E+00
 1.28323E-17
 2.00336E+06
 1.00000E+00
 1.28323E-17
 2.00336E+06
 1.00000E+00
 1.28323E-17
 2.00336E+06
 1.00000E+00
 1.28323E-17
 2.00336E+06
 1.00000E+00
 1.28323E-17
 2.00336E+06
 1.00000E+00
 1.28323E-17
 2.00336E+06
 1.00000E+00
 1.28323E-17
 2.00336E+06
 1.00000E+00
 1.28323E-17
 2.00336E+06
 1.00000E+00
 1.28323E-17
 2.00336E+06
 1.00000E+00
 1.28323E-17
 2.00336E+06
 1.00000E+00
 1.28323E-17
 2.00336E+06
 1.00000E+00
 1.28323E-17
 2.00336E+06
 1.00000E+00
 1.28323E-17
 2.00336E+06
 1.00000E+00
 1.28323E-17
 2.00336E+06
 1.00000E+00
 1.28323E-17
 2.00336E+06
 1.00000E+00
 1.28323E-17
 2.00336E+06
 1.00000E+00
 1.28323E-17
 2.00336E+06
 1.00000E+00
 1.28323E-17
 2.00336E+06
 1.00000E+00
 1.28323E-17
 2.00336E+06
 1.00000E+00
 1.28323E-17
 2.00336E+06
 1.00000E+00
 1.28323E-17
 2.00337E+06
 1.00000E+00
 1.28323E-17
 2.00337E+06
 1.00000E+00
 1.28323E-17
 2.00337E+06
 1.00000E+00
 1.28323E-17
 2.00337E+06
 1.00000E+00
 1.28323E-17
 2.00337E+06
 1.00000E+00
 1.28323E-17
 2.00337E+06
 1.00000E+00
 1.28323E-17
 2.00337E+06
 1.00000E+00
 1.28323E-17
 2.00337E+06
 1.00000E+00
 1.28323E-17
 2.00337E+06
 1.00000E+00
 1.28323E-17
 2.00337E+06
 1.00000E+00
 1.28323E-17
 2.00337E+06
 1.00000E+00
 1.28323E-17
 2.00337E+06
 1.00000E+00
 1.28323E-17
 2.00337E+06
 1.00000E+00
 1.28323E-17
 2.00337E+06
 1.00000E+00
 1.28323E-17
 2.00337E+06
 1.00000E+00
 1.28322E-17
 2.00337E+06
 1.00000E+00
 1.28322E-17
 2.00337E+06
 1.00000E+00
 1.28322E-17
 2.00337E+06
 1.00000E+00
 1.28322E-17
 2.00337E+06
 1.00000E+00
 1.28322E-17
 2.00337E+06
 1.00000E+00
 1.28322E-17
 2.00337E+06
 1.00000E+00
 1.28322E-17
 2.00337E+06
 1.00000E+00
 1.28322E-17
 2.00337E+06
 1.00000E+00
 1.28322E-17
 2.00337E+06
 1.00000E+00
 1.28322E-17
 2.00337E+06
 1.00000E+00
 1.28322E-17
 2.00337E+06
 1.00000E+00
 1.28322E-17
 2.00337E+06
 1.00000E+00
 1.28322E-17
 2.00337E+06
 1.00000E+00
 1.28322E-17
 2.00337E+06
 1.00000E+00
 1.28322E-17
 2.00337E+06
 1.00000E+00
 1.28322E-17
 2.00337E+06
 1.00000E+00
 1.28322E-17
 2.00337E+06
 1.00000E+00
 1.28322E-17
 2.00337E+06
 1.00000E+00
 1.28322E-17
 2.00337E+06
 1.00000E+00
 1.28322E-17
 2.00337E+06
 1.00000E+00
 1.28322E-17
 2.00337E+06
 1.00000E+00
 1.28322E-17
 2.00337E+06
 1.00000E+00
 1.28322E-17
 2.00337E+06
 1.00000E+00
 1.28322E-17
 2.00337E+06
 1.00000E+00
 1.28322E-17
 2.00337E+06
 1.00000E+00
 1.28322E-17
 2.00337E+06
 1.00000E+00
 1.28322E-17
 2.00337E+06
 1.00000E+00
 1.28322E-17
 2.00337E+06
 1.00000E+00
 1.28322E-17
 2.00337E+06
 1.00000E+00
 1.28322E-17
 2.00337E+06
 1.00000E+00
 1.28322E-17
 2.00337E+06
 1.00000E+00
 1.28322E-17
 2.00337E+06
 1.00000E+00
 1.28322E-17
 2.00337E+06
 1.00000E+00
 1.28322E-17
 2.00337E+06
 1.00000E+00
 1.28322E-17
 2.00337E+06
 1.00000E+00
 1.28322E-17
 2.00337E+06
 1.00000E+00
 1.28322E-17
 2.00337E+06
 1.00000E+00
 1.28322E-17
 2.00337E+06
 1.00000E+00
 1.28322E-17
 2.00337E+06
 1.00000E+00
 1.28322E-17
 2.00337E+06
 1.00000E+00
 1.28322E-17
 2.00337E+06
 1.00000E+00
 1.28322E-17
 2.00338E+06
 1.00000E+00
 1.28322E-17
 2.00338E+06
 1.00000E+00
 1.28322E-17
 2.00338E+06
 1.00000E+00
 1.28321E-17
 2.00338E+06
 1.00000E+00
 1.28321E-17
 2.00338E+06
 1.00000E+00
 1.28321E-17
 2.00338E+06
 1.00000E+00
 1.28321E-17
 2.00338E+06
 1.00000E+00
 1.28321E-17
 2.00338E+06
 1.00000E+00
 1.28321E-17
 2.00338E+06
 1.00000E+00
 1.28321E-17
 2.00338E+06
 1.00000E+00
 1.28321E-17
 2.00338E+06
 1.00000E+00
 1.28321E-17
 2.00338E+06
 1.00000E+00
 1.28321E-17
 2.00338E+06
 1.00000E+00
 1.28321E-17
 2.00338E+06
 1.00000E+00
 1.28321E-17
 2.00338E+06
 1.00000E+00
 1.28321E-17
 2.00338E+06
 1.00000E+00
 1.28321E-17
 2.00338E+06
 1.00000E+00
 1.28321E-17
 2.00338E+06
 1.00000E+00
 1.28321E-17
 2.00338E+06
 1.00000E+00
 1.28321E-17
 2.00338E+06
 1.00000E+00
 1.28321E-17
 2.00338E+06
 1.00000E+00
 1.28321E-17
 2.00338E+06
 1.00000E+00
 1.28321E-17
 2.00338E+06
 1.00000E+00
 1.28321E-17
 2.00338E+06
 1.00000E+00
 1.28321E-17
 2.00338E+06
 1.00000E+00
 1.28321E-17
 2.00338E+06
 1.00000E+00
 1.28321E-17
 2.00338E+06
 1.00000E+00
 1.28321E-17
 2.00338E+06
 1.00000E+00
 1.28321E-17
 2.00338E+06
 1.00000E+00
 1.28321E-17
 2.00338E+06
 1.00000E+00
 1.28321E-17
 2.00338E+06
 1.00000E+00
 1.28321E-17
 2.00338E+06
 1.00000E+00
 1.28321E-17
 2.00338E+06
 1.00000E+00
 1.28321E-17
 2.00338E+06
 1.00000E+00
 1.28321E-17
 2.00338E+06
 1.00000E+00
 1.28321E-17
 2.00338E+06
 1.00000E+00
 1.28321E-17
 2.00338E+06
 1.00000E+00
 1.28321E-17
 2.00338E+06
 1.00000E+00
 1.28321E-17
 2.00338E+06
 1.00000E+00
 1.28321E-17
 2.00338E+06
 1.00000E+00
 1.28321E-17
 2.00338E+06
 1.00000E+00
 1.28321E-17
 2.00338E+06
 1.00000E+00
 1.28321E-17
 2.00338E+06
 1.00000E+00
 1.28321E-17
 2.00338E+06
 1.00000E+00
 1.28321E-17
 2.00338E+06
 1.00000E+00
 1.28321E-17
 2.00338E+06
 1.00000E+00
 1.28320E-17
 2.00338E+06
 1.00000E+00
 1.28320E-17
 2.00338E+06
 1.00000E+00
 1.28320E-17
 2.00338E+06
 1.00000E+00
 1.28320E-17
 2.00338E+06
 1.00000E+00
 1.28320E-17
 2.00338E+06
 1.00000E+00
 1.28320E-17
 2.00338E+06
 1.00000E+00
 1.28320E-17
 2.00338E+06
 1.00000E+00
 1.28320E-17
 2.00338E+06
 1.00000E+00
 1.28320E-17
 2.00338E+06
 1.00000E+00
 1.28320E-17
 2.00338E+06
 1.00000E+00
 1.28320E-17
 2.00338E+06
 1.00000E+00
 1.28320E-17
 2.00338E+06
 1.00000E+00
 1.28320E-17
 2.00339E+06
 1.00000E+00
 1.28320E-17
 2.00339E+06
 1.00000E+00
 1.28320E-17
 2.00339E+06
 1.00000E+00
 1.28320E-17
 2.00339E+06
 1.00000E+00
 1.28320E-17
 2.00339E+06
 1.00000E+00
 1.28320E-17
 2.00339E+06
 1.00000E+00
 1.28320E-17
 2.00339E+06
 1.00000E+00
 1.28320E-17
 2.00339E+06
 1.00000E+00
 1.28320E-17
 2.00339E+06
 1.00000E+00
 1.28320E-17
 2.00339E+06
 1.00000E+00
 1.28320E-17
 2.00339E+06
 1.00000E+00
 1.28320E-17
 2.00339E+06
 1.00000E+00
 1.28320E-17
 2.00339E+06
 1.00000E+00
 1.28320E-17
 2.00339E+06
 1.00000E+00
 1.28320E-17
 2.00339E+06
 1.00000E+00
 1.28320E-17
 2.00339E+06
 1.00000E+00
 1.28320E-17
 2.00339E+06
 1.00000E+00
 1.28320E-17
 2.00339E+06
 1.00000E+00
 1.28320E-17
 2.00339E+06
 1.00000E+00
 1.28320E-17
 2.00339E+06
 1.00000E+00
 1.28320E-17
 2.00339E+06
 1.00000E+00
 1.28320E-17
 2.00339E+06
 1.00000E+00
 1.28320E-17
 2.00339E+06
 1.00000E+00
 1.28320E-17
 2.00339E+06
 1.00000E+00
 1.28320E-17
 2.00339E+06
 1.00000E+00
 1.28320E-17
 2.00339E+06
 1.00000E+00
 1.28320E-17
 2.00339E+06
 1.00000E+00
 1.28320E-17
 2.00339E+06
 1.00000E+00
 1.28320E-17
 2.00339E+06
 1.00000E+00
 1.28320E-17
 2.00339E+06
 1.00000E+00
 1.28320E-17
 2.00339E+06
 1.00000E+00
 1.28320E-17
 2.00339E+06
 1.00000E+00
 1.28320E-17
