 0.00000E+00
 2.66048E-04
 4.89304E-04
 7.88171E-04
 1.12073E-03
 1.51051E-03
 1.91262E-03
 2.34096E-03
 2.77545E-03
 3.21606E-03
 3.66142E-03
 4.10874E-03
 4.55786E-03
 5.01010E-03
 5.46056E-03
 5.91151E-03
 6.36442E-03
 6.81786E-03
 7.26956E-03
 7.72064E-03
 8.17164E-03
 8.62380E-03
 9.07680E-03
 9.52782E-03
 9.97823E-03
 1.04298E-02
 1.08820E-02
 1.13339E-02
 1.17856E-02
 1.22370E-02
 1.26891E-02
 1.31403E-02
 1.35918E-02
 1.40438E-02
 1.44954E-02
 1.49465E-02
 1.53974E-02
 1.58491E-02
 1.63011E-02
 1.67526E-02
 1.72042E-02
 1.76550E-02
 1.81057E-02
 1.85570E-02
 1.90080E-02
 1.94589E-02
 1.99104E-02
 2.03623E-02
 2.08142E-02
 2.12650E-02
 2.17161E-02
 2.21670E-02
 2.26183E-02
 2.30699E-02
 2.35209E-02
 2.39720E-02
 2.44234E-02
 2.48749E-02
 2.53259E-02
 2.57762E-02
 2.62269E-02
 2.66774E-02
 2.71283E-02
 2.75796E-02
 2.80309E-02
 2.84820E-02
 2.89331E-02
 2.93836E-02
 2.98345E-02
 3.02853E-02
 3.07365E-02
 3.11876E-02
 3.16385E-02
 3.20894E-02
 3.25406E-02
 3.29920E-02
 3.34433E-02
 3.38939E-02
 3.43445E-02
 3.47952E-02
 3.52459E-02
 3.56964E-02
 3.61473E-02
 3.65984E-02
 3.70495E-02
 3.75003E-02
 3.79510E-02
 3.84020E-02
 3.88527E-02
 3.93034E-02
 3.97540E-02
 4.02043E-02
 4.06547E-02
 4.11054E-02
 4.15564E-02
 4.20071E-02
 4.24581E-02
 4.29093E-02
 4.33606E-02
 4.38117E-02
 4.42623E-02
 4.47128E-02
 4.51634E-02
 4.56141E-02
 4.60649E-02
 4.65157E-02
 4.69664E-02
 4.74172E-02
 4.78679E-02
 4.83184E-02
 4.87689E-02
 4.92195E-02
 4.96700E-02
 5.01205E-02
 5.05709E-02
 5.10216E-02
 5.14720E-02
 5.19226E-02
 5.23732E-02
 5.28240E-02
 5.32747E-02
 5.37256E-02
 5.41764E-02
 5.46271E-02
 5.50780E-02
 5.55288E-02
 5.59791E-02
 5.64294E-02
 5.68798E-02
 5.73302E-02
 5.77807E-02
 5.82313E-02
 5.86818E-02
 5.91323E-02
 5.95828E-02
 6.00336E-02
 6.04844E-02
 6.09351E-02
 6.13857E-02
 6.18363E-02
 6.22867E-02
 6.27371E-02
 6.31876E-02
 6.36382E-02
 6.40886E-02
 6.45389E-02
 6.49894E-02
 6.54398E-02
 6.58903E-02
 6.63408E-02
 6.67912E-02
 6.72416E-02
 6.76922E-02
 6.81427E-02
 6.85931E-02
 6.90436E-02
 6.94940E-02
 6.99445E-02
 7.03948E-02
 7.08452E-02
 7.12959E-02
 7.17466E-02
 7.21972E-02
 7.26478E-02
 7.30984E-02
 7.35490E-02
 7.39994E-02
 7.44499E-02
 7.49003E-02
 7.53508E-02
 7.58013E-02
 7.62517E-02
 7.67020E-02
 7.71521E-02
 7.76024E-02
 7.80527E-02
 7.85029E-02
 7.89531E-02
 7.94035E-02
 7.98540E-02
 8.03047E-02
 8.07552E-02
 8.12057E-02
 8.16562E-02
 8.21068E-02
 8.25573E-02
 8.30078E-02
 8.34581E-02
 8.39085E-02
 8.43586E-02
 8.48088E-02
 8.52590E-02
 8.57093E-02
 8.61597E-02
 8.66102E-02
 8.70605E-02
 8.75108E-02
 8.79611E-02
 8.84113E-02
 8.88616E-02
 8.93118E-02
 8.97623E-02
 9.02129E-02
 9.06634E-02
 9.11139E-02
 9.15645E-02
 9.20150E-02
 9.24652E-02
 9.29154E-02
 9.33656E-02
 9.38158E-02
 9.42661E-02
 9.47164E-02
 9.51667E-02
 9.56171E-02
 9.60674E-02
 9.65178E-02
 9.69682E-02
 9.74186E-02
 9.78689E-02
 9.83192E-02
 9.87695E-02
 9.92198E-02
 9.96701E-02
 1.00120E-01
 1.00571E-01
 1.01021E-01
 1.01471E-01
 1.01921E-01
 1.02371E-01
 1.02822E-01
 1.03272E-01
 1.03722E-01
 1.04172E-01
 1.04623E-01
 1.05073E-01
 1.05523E-01
 1.05974E-01
 1.06424E-01
 1.06874E-01
 1.07325E-01
 1.07775E-01
 1.08225E-01
 1.08676E-01
 1.09126E-01
 1.09576E-01
 1.10026E-01
 1.10477E-01
 1.10927E-01
 1.11377E-01
 1.11827E-01
 1.12277E-01
 1.12727E-01
 1.13178E-01
 1.13628E-01
 1.14078E-01
 1.14529E-01
 1.14979E-01
 1.15429E-01
 1.15879E-01
 1.16330E-01
 1.16780E-01
 1.17231E-01
 1.17681E-01
 1.18131E-01
 1.18581E-01
 1.19032E-01
 1.19482E-01
 1.19932E-01
 1.20382E-01
 1.20832E-01
 1.21282E-01
 1.21732E-01
 1.22182E-01
 1.22632E-01
 1.23083E-01
 1.23533E-01
 1.23983E-01
 1.24433E-01
 1.24883E-01
 1.25333E-01
 1.25784E-01
 1.26234E-01
 1.26684E-01
 1.27134E-01
 1.27585E-01
 1.28035E-01
 1.28485E-01
 1.28935E-01
 1.29386E-01
 1.29836E-01
 1.30286E-01
 1.30736E-01
 1.31187E-01
 1.31637E-01
 1.32087E-01
 1.32537E-01
 1.32987E-01
 1.33437E-01
 1.33888E-01
 1.34338E-01
 1.34788E-01
 1.35238E-01
 1.35688E-01
 1.36139E-01
 1.36589E-01
 1.37039E-01
 1.37489E-01
 1.37939E-01
 1.38389E-01
 1.38839E-01
 1.39290E-01
 1.39740E-01
 1.40190E-01
 1.40640E-01
 1.41090E-01
 1.41540E-01
 1.41990E-01
 1.42440E-01
 1.42891E-01
 1.43341E-01
 1.43791E-01
 1.44241E-01
 1.44691E-01
 1.45141E-01
 1.45591E-01
 1.46041E-01
 1.46491E-01
 1.46941E-01
 1.47392E-01
 1.47842E-01
 1.48292E-01
 1.48742E-01
 1.49192E-01
 1.49642E-01
 1.50093E-01
 1.50543E-01
 1.50993E-01
 1.51443E-01
 1.51893E-01
 1.52343E-01
 1.52793E-01
 1.53243E-01
 1.53693E-01
 1.54144E-01
 1.54594E-01
 1.55044E-01
 1.55494E-01
 1.55944E-01
 1.56394E-01
 1.56845E-01
 1.57295E-01
 1.57745E-01
 1.58195E-01
 1.58645E-01
 1.59095E-01
 1.59546E-01
 1.59996E-01
 1.60446E-01
 1.60896E-01
 1.61346E-01
 1.61796E-01
 1.62246E-01
 1.62696E-01
 1.63146E-01
 1.63596E-01
 1.64046E-01
 1.64496E-01
 1.64946E-01
 1.65395E-01
 1.65845E-01
 1.66295E-01
 1.66745E-01
 1.67195E-01
 1.67645E-01
 1.68096E-01
 1.68546E-01
 1.68996E-01
 1.69446E-01
 1.69896E-01
 1.70346E-01
 1.70796E-01
 1.71247E-01
 1.71697E-01
 1.72147E-01
 1.72597E-01
 1.73047E-01
 1.73497E-01
 1.73948E-01
 1.74398E-01
 1.74848E-01
 1.75298E-01
 1.75748E-01
 1.76198E-01
 1.76648E-01
 1.77098E-01
 1.77548E-01
 1.77998E-01
 1.78448E-01
 1.78898E-01
 1.79348E-01
 1.79798E-01
 1.80248E-01
 1.80698E-01
 1.81148E-01
 1.81598E-01
 1.82048E-01
 1.82498E-01
 1.82948E-01
 1.83398E-01
 1.83848E-01
 1.84298E-01
 1.84748E-01
 1.85198E-01
 1.85648E-01
 1.86098E-01
 1.86548E-01
 1.86998E-01
 1.87448E-01
 1.87898E-01
 1.88348E-01
 1.88798E-01
 1.89248E-01
 1.89698E-01
 1.90148E-01
 1.90598E-01
 1.91048E-01
 1.91498E-01
 1.91948E-01
 1.92398E-01
 1.92848E-01
 1.93297E-01
 1.93747E-01
 1.94197E-01
 1.94647E-01
 1.95097E-01
 1.95547E-01
 1.95997E-01
 1.96447E-01
 1.96897E-01
 1.97347E-01
 1.97797E-01
 1.98247E-01
 1.98697E-01
 1.99147E-01
 1.99597E-01
 2.00047E-01
 2.00497E-01
 2.00947E-01
 2.01397E-01
 2.01847E-01
 2.02297E-01
 2.02747E-01
 2.03196E-01
 2.03646E-01
 2.04096E-01
 2.04546E-01
 2.04996E-01
 2.05446E-01
 2.05896E-01
 2.06345E-01
 2.06795E-01
 2.07245E-01
 2.07695E-01
 2.08145E-01
 2.08595E-01
 2.09044E-01
 2.09494E-01
 2.09944E-01
 2.10394E-01
 2.10843E-01
 2.11293E-01
 2.11743E-01
 2.12192E-01
 2.12642E-01
 2.13091E-01
 2.13541E-01
 2.13991E-01
 2.14440E-01
 2.14890E-01
 2.15340E-01
 2.15790E-01
 2.16239E-01
 2.16689E-01
 2.17139E-01
 2.17588E-01
 2.18038E-01
 2.18488E-01
 2.18937E-01
 2.19387E-01
 2.19837E-01
 2.20286E-01
 2.20736E-01
 2.21186E-01
 2.21635E-01
 2.22085E-01
 2.22535E-01
 2.22984E-01
 2.23434E-01
 2.23883E-01
 2.24333E-01
 2.24782E-01
 2.25232E-01
 2.25681E-01
 2.26131E-01
 2.26580E-01
 2.27029E-01
 2.27479E-01
 2.27928E-01
 2.28378E-01
 2.28827E-01
 2.29277E-01
 2.29726E-01
 2.30175E-01
 2.30624E-01
 2.31074E-01
 2.31523E-01
 2.31972E-01
 2.32421E-01
 2.32870E-01
 2.33319E-01
 2.33768E-01
 2.34217E-01
 2.34667E-01
 2.35116E-01
 2.35565E-01
 2.36014E-01
 2.36463E-01
 2.36911E-01
 2.37360E-01
 2.37809E-01
 2.38258E-01
 2.38707E-01
 2.39156E-01
 2.39605E-01
 2.40054E-01
 2.40503E-01
 2.40952E-01
 2.41401E-01
 2.41850E-01
 2.42299E-01
 2.42747E-01
 2.43196E-01
 2.43645E-01
 2.44094E-01
 2.44542E-01
 2.44991E-01
 2.45439E-01
 2.45888E-01
 2.46336E-01
 2.46785E-01
 2.47233E-01
 2.47681E-01
 2.48130E-01
 2.48578E-01
 2.49026E-01
 2.49474E-01
 2.49923E-01
 2.50371E-01
 2.50819E-01
 2.51267E-01
 2.51715E-01
 2.52164E-01
 2.52612E-01
 2.53060E-01
 2.53508E-01
 2.53956E-01
 2.54404E-01
 2.54852E-01
 2.55300E-01
 2.55747E-01
 2.56195E-01
 2.56643E-01
 2.57091E-01
 2.57538E-01
 2.57986E-01
 2.58433E-01
 2.58881E-01
 2.59328E-01
 2.59776E-01
 2.60223E-01
 2.60670E-01
 2.61117E-01
 2.61564E-01
 2.62011E-01
 2.62459E-01
 2.62905E-01
 2.63352E-01
 2.63799E-01
 2.64246E-01
 2.64693E-01
 2.65140E-01
 2.65587E-01
 2.66034E-01
 2.66480E-01
 2.66927E-01
 2.67374E-01
 2.67820E-01
 2.68267E-01
 2.68713E-01
 2.69159E-01
 2.69606E-01
 2.70052E-01
 2.70498E-01
 2.70944E-01
 2.71390E-01
 2.71836E-01
 2.72282E-01
 2.72728E-01
 2.73174E-01
 2.73620E-01
 2.74066E-01
 2.74511E-01
 2.74957E-01
 2.75403E-01
 2.75848E-01
 2.76293E-01
 2.76739E-01
 2.77184E-01
 2.77629E-01
 2.78074E-01
 2.78519E-01
 2.78964E-01
 2.79409E-01
 2.79854E-01
 2.80298E-01
 2.80743E-01
 2.81188E-01
 2.81632E-01
 2.82076E-01
 2.82521E-01
 2.82965E-01
 2.83409E-01
 2.83853E-01
 2.84297E-01
 2.84740E-01
 2.85184E-01
 2.85628E-01
 2.86071E-01
 2.86515E-01
 2.86958E-01
 2.87402E-01
 2.87845E-01
 2.88288E-01
 2.88731E-01
 2.89174E-01
 2.89617E-01
 2.90060E-01
 2.90503E-01
 2.90946E-01
 2.91389E-01
 2.91832E-01
 2.92274E-01
 2.92717E-01
 2.93159E-01
 2.93601E-01
 2.94043E-01
 2.94485E-01
 2.94927E-01
 2.95369E-01
 2.95810E-01
 2.96252E-01
 2.96693E-01
 2.97135E-01
 2.97576E-01
 2.98017E-01
 2.98458E-01
 2.98899E-01
 2.99339E-01
 2.99780E-01
 3.00221E-01
 3.00661E-01
 3.01101E-01
 3.01542E-01
 3.01982E-01
 3.02422E-01
 3.02861E-01
 3.03301E-01
 3.03741E-01
 3.04180E-01
 3.04619E-01
 3.05059E-01
 3.05498E-01
 3.05937E-01
 3.06375E-01
 3.06814E-01
 3.07253E-01
 3.07691E-01
 3.08130E-01
 3.08568E-01
 3.09006E-01
 3.09444E-01
 3.09882E-01
 3.10320E-01
 3.10758E-01
 3.11195E-01
 3.11632E-01
 3.12070E-01
 3.12507E-01
 3.12944E-01
 3.13381E-01
 3.13817E-01
 3.14254E-01
 3.14690E-01
 3.15127E-01
 3.15563E-01
 3.15999E-01
 3.16435E-01
 3.16871E-01
 3.17306E-01
 3.17742E-01
 3.18177E-01
 3.18612E-01
 3.19047E-01
 3.19482E-01
 3.19917E-01
 3.20351E-01
 3.20786E-01
 3.21220E-01
 3.21654E-01
 3.22088E-01
 3.22522E-01
 3.22956E-01
 3.23389E-01
 3.23822E-01
 3.24255E-01
 3.24688E-01
 3.25121E-01
 3.25554E-01
 3.25986E-01
 3.26418E-01
 3.26850E-01
 3.27282E-01
 3.27714E-01
 3.28146E-01
 3.28577E-01
 3.29009E-01
 3.29440E-01
 3.29871E-01
 3.30302E-01
 3.30732E-01
 3.31163E-01
 3.31593E-01
 3.32023E-01
 3.32453E-01
 3.32883E-01
 3.33312E-01
 3.33741E-01
 3.34170E-01
 3.34599E-01
 3.35028E-01
 3.35457E-01
 3.35885E-01
 3.36313E-01
 3.36741E-01
 3.37169E-01
 3.37597E-01
 3.38025E-01
 3.38452E-01
 3.38879E-01
 3.39306E-01
 3.39733E-01
 3.40160E-01
 3.40586E-01
 3.41013E-01
 3.41439E-01
 3.41865E-01
 3.42290E-01
 3.42716E-01
 3.43141E-01
 3.43566E-01
 3.43991E-01
 3.44415E-01
 3.44840E-01
 3.45264E-01
 3.45688E-01
 3.46112E-01
 3.46536E-01
 3.46959E-01
 3.47382E-01
 3.47805E-01
 3.48228E-01
 3.48651E-01
 3.49073E-01
 3.49495E-01
 3.49917E-01
 3.50339E-01
 3.50761E-01
 3.51182E-01
 3.51603E-01
 3.52024E-01
 3.52445E-01
 3.52865E-01
 3.53285E-01
 3.53705E-01
 3.54125E-01
 3.54544E-01
 3.54964E-01
 3.55383E-01
 3.55802E-01
 3.56220E-01
 3.56639E-01
 3.57057E-01
 3.57475E-01
 3.57892E-01
 3.58310E-01
 3.58727E-01
 3.59144E-01
 3.59561E-01
 3.59977E-01
 3.60394E-01
 3.60810E-01
 3.61226E-01
 3.61641E-01
 3.62057E-01
 3.62472E-01
 3.62887E-01
 3.63301E-01
 3.63716E-01
 3.64130E-01
 3.64544E-01
 3.64958E-01
 3.65371E-01
 3.65784E-01
 3.66197E-01
 3.66610E-01
 3.67022E-01
 3.67435E-01
 3.67847E-01
 3.68259E-01
 3.68670E-01
 3.69082E-01
 3.69493E-01
 3.69904E-01
 3.70314E-01
 3.70725E-01
 3.71135E-01
 3.71545E-01
 3.71955E-01
 3.72364E-01
 3.72773E-01
 3.73182E-01
 3.73590E-01
 3.73998E-01
 3.74406E-01
 3.74814E-01
 3.75221E-01
 3.75629E-01
 3.76036E-01
 3.76442E-01
 3.76849E-01
 3.77255E-01
 3.77661E-01
 3.78067E-01
 3.78472E-01
 3.78877E-01
 3.79282E-01
 3.79686E-01
 3.80091E-01
 3.80495E-01
 3.80898E-01
 3.81302E-01
 3.81705E-01
 3.82108E-01
 3.82510E-01
 3.82913E-01
 3.83315E-01
 3.83717E-01
 3.84118E-01
 3.84519E-01
 3.84920E-01
 3.85321E-01
 3.85722E-01
 3.86122E-01
 3.86522E-01
 3.86922E-01
 3.87321E-01
 3.87720E-01
 3.88119E-01
 3.88517E-01
 3.88916E-01
 3.89314E-01
 3.89711E-01
 3.90109E-01
 3.90506E-01
 3.90903E-01
 3.91299E-01
 3.91696E-01
 3.92092E-01
 3.92487E-01
 3.92883E-01
 3.93278E-01
 3.93673E-01
 3.94067E-01
 3.94462E-01
 3.94856E-01
 3.95249E-01
 3.95643E-01
 3.96036E-01
 3.96428E-01
 3.96821E-01
 3.97213E-01
 3.97605E-01
 3.97997E-01
 3.98388E-01
 3.98779E-01
 3.99170E-01
 3.99560E-01
 3.99950E-01
 4.00340E-01
 4.00730E-01
 4.01119E-01
 4.01508E-01
 4.01896E-01
 4.02285E-01
 4.02673E-01
 4.03060E-01
 4.03448E-01
 4.03835E-01
 4.04222E-01
 4.04608E-01
 4.04994E-01
 4.05380E-01
 4.05766E-01
 4.06151E-01
 4.06536E-01
 4.06921E-01
 4.07305E-01
 4.07689E-01
 4.08073E-01
 4.08457E-01
 4.08840E-01
 4.09223E-01
 4.09605E-01
 4.09988E-01
 4.10370E-01
 4.10751E-01
 4.11133E-01
 4.11514E-01
 4.11895E-01
 4.12275E-01
 4.12655E-01
 4.13035E-01
 4.13415E-01
 4.13794E-01
 4.14173E-01
 4.14551E-01
 4.14929E-01
 4.15307E-01
 4.15685E-01
 4.16062E-01
 4.16439E-01
 4.16816E-01
 4.17192E-01
 4.17568E-01
 4.17944E-01
 4.18320E-01
 4.18695E-01
 4.19070E-01
 4.19444E-01
 4.19818E-01
 4.20192E-01
 4.20565E-01
 4.20938E-01
 4.21311E-01
 4.21684E-01
 4.22056E-01
 4.22428E-01
 4.22799E-01
 4.23170E-01
 4.23541E-01
 4.23912E-01
 4.24282E-01
 4.24652E-01
 4.25021E-01
 4.25391E-01
 4.25760E-01
 4.26128E-01
 4.26497E-01
 4.26865E-01
 4.27233E-01
 4.27600E-01
 4.27967E-01
 4.28334E-01
 4.28700E-01
 4.29066E-01
 4.29432E-01
 4.29798E-01
 4.30163E-01
 4.30528E-01
 4.30892E-01
 4.31256E-01
 4.31620E-01
 4.31984E-01
 4.32347E-01
 4.32710E-01
 4.33073E-01
 4.33435E-01
 4.33797E-01
 4.34158E-01
 4.34519E-01
 4.34880E-01
 4.35241E-01
 4.35601E-01
 4.35961E-01
 4.36321E-01
 4.36680E-01
 4.37039E-01
 4.37398E-01
 4.37756E-01
 4.38114E-01
 4.38472E-01
 4.38829E-01
 4.39186E-01
 4.39543E-01
 4.39899E-01
 4.40255E-01
 4.40611E-01
 4.40966E-01
 4.41321E-01
 4.41676E-01
 4.42030E-01
 4.42384E-01
 4.42738E-01
 4.43091E-01
 4.43444E-01
 4.43797E-01
 4.44149E-01
 4.44502E-01
 4.44853E-01
 4.45205E-01
 4.45556E-01
 4.45907E-01
 4.46257E-01
 4.46607E-01
 4.46957E-01
 4.47306E-01
 4.47656E-01
 4.48004E-01
 4.48353E-01
 4.48701E-01
 4.49049E-01
 4.49396E-01
 4.49743E-01
 4.50090E-01
 4.50437E-01
 4.50783E-01
 4.51129E-01
 4.51474E-01
 4.51820E-01
 4.52164E-01
 4.52509E-01
 4.52853E-01
 4.53197E-01
 4.53540E-01
 4.53884E-01
 4.54227E-01
 4.54569E-01
 4.54911E-01
 4.55253E-01
 4.55595E-01
 4.55936E-01
 4.56277E-01
 4.56618E-01
 4.56958E-01
 4.57298E-01
 4.57638E-01
 4.57977E-01
 4.58316E-01
 4.58654E-01
 4.58993E-01
 4.59330E-01
 4.59668E-01
 4.60005E-01
 4.60342E-01
 4.60679E-01
 4.61015E-01
 4.61351E-01
 4.61687E-01
 4.62022E-01
 4.62357E-01
 4.62692E-01
 4.63026E-01
 4.63360E-01
 4.63694E-01
 4.64028E-01
 4.64361E-01
 4.64694E-01
 4.65026E-01
 4.65358E-01
 4.65690E-01
 4.66022E-01
 4.66353E-01
 4.66684E-01
 4.67014E-01
 4.67345E-01
 4.67675E-01
 4.68004E-01
 4.68333E-01
 4.68662E-01
 4.68991E-01
 4.69319E-01
 4.69647E-01
 4.69975E-01
 4.70302E-01
 4.70629E-01
 4.70956E-01
 4.71282E-01
 4.71608E-01
 4.71934E-01
 4.72260E-01
 4.72585E-01
 4.72909E-01
 4.73234E-01
 4.73558E-01
 4.73882E-01
 4.74205E-01
 4.74528E-01
 4.74851E-01
 4.75174E-01
 4.75496E-01
 4.75818E-01
 4.76139E-01
 4.76461E-01
 4.76781E-01
 4.77102E-01
 4.77423E-01
 4.77743E-01
 4.78062E-01
 4.78382E-01
 4.78701E-01
 4.79020E-01
 4.79338E-01
 4.79656E-01
 4.79974E-01
 4.80292E-01
 4.80609E-01
 4.80926E-01
 4.81243E-01
 4.81559E-01
 4.81875E-01
 4.82191E-01
 4.82506E-01
 4.82821E-01
 4.83136E-01
 4.83450E-01
 4.83765E-01
 4.84078E-01
 4.84392E-01
 4.84705E-01
 4.85018E-01
 4.85331E-01
 4.85643E-01
 4.85955E-01
 4.86267E-01
 4.86578E-01
 4.86889E-01
 4.87200E-01
 4.87511E-01
 4.87821E-01
 4.88131E-01
 4.88440E-01
 4.88749E-01
 4.89058E-01
 4.89367E-01
 4.89675E-01
 4.89984E-01
 4.90291E-01
 4.90599E-01
 4.90906E-01
 4.91213E-01
 4.91519E-01
 4.91826E-01
 4.92132E-01
 4.92437E-01
 4.92743E-01
 4.93048E-01
 4.93353E-01
 4.93657E-01
 4.93961E-01
 4.94265E-01
 4.94569E-01
 4.94872E-01
 4.95176E-01
 4.95478E-01
 4.95781E-01
 4.96083E-01
 4.96385E-01
 4.96687E-01
 4.96988E-01
 4.97289E-01
 4.97590E-01
 4.97891E-01
 4.98191E-01
 4.98491E-01
 4.98790E-01
 4.99090E-01
 4.99389E-01
 4.99688E-01
 4.99986E-01
 5.00284E-01
 5.00582E-01
 5.00880E-01
 5.01177E-01
 5.01474E-01
 5.01771E-01
 5.02067E-01
 5.02364E-01
 5.02660E-01
 5.02955E-01
 5.03251E-01
 5.03546E-01
 5.03841E-01
 5.04135E-01
 5.04430E-01
 5.04724E-01
 5.05018E-01
 5.05311E-01
 5.05604E-01
 5.05897E-01
 5.06190E-01
 5.06482E-01
 5.06775E-01
 5.07066E-01
 5.07358E-01
 5.07649E-01
 5.07940E-01
 5.08231E-01
 5.08522E-01
 5.08812E-01
 5.09102E-01
 5.09392E-01
 5.09681E-01
 5.09970E-01
 5.10259E-01
 5.10548E-01
 5.10836E-01
 5.11124E-01
 5.11412E-01
 5.11700E-01
 5.11987E-01
 5.12274E-01
 5.12561E-01
 5.12847E-01
 5.13133E-01
 5.13419E-01
 5.13705E-01
 5.13990E-01
 5.14275E-01
 5.14560E-01
 5.14845E-01
 5.15129E-01
 5.15413E-01
 5.15697E-01
 5.15981E-01
 5.16264E-01
 5.16547E-01
 5.16830E-01
 5.17113E-01
 5.17395E-01
 5.17678E-01
 5.17960E-01
 5.18241E-01
 5.18523E-01
 5.18804E-01
 5.19085E-01
 5.19365E-01
 5.19646E-01
 5.19926E-01
 5.20206E-01
 5.20485E-01
 5.20765E-01
 5.21044E-01
 5.21323E-01
 5.21602E-01
 5.21880E-01
 5.22158E-01
 5.22436E-01
 5.22714E-01
 5.22991E-01
 5.23268E-01
 5.23545E-01
 5.23822E-01
 5.24098E-01
 5.24375E-01
 5.24651E-01
 5.24926E-01
 5.25202E-01
 5.25477E-01
 5.25752E-01
 5.26027E-01
 5.26302E-01
 5.26576E-01
 5.26850E-01
 5.27124E-01
 5.27398E-01
 5.27671E-01
 5.27944E-01
 5.28217E-01
 5.28490E-01
 5.28762E-01
 5.29035E-01
 5.29307E-01
 5.29578E-01
 5.29850E-01
 5.30121E-01
 5.30393E-01
 5.30663E-01
 5.30934E-01
 5.31204E-01
 5.31475E-01
 5.31745E-01
 5.32014E-01
 5.32284E-01
 5.32553E-01
 5.32822E-01
 5.33091E-01
 5.33360E-01
 5.33628E-01
 5.33896E-01
 5.34164E-01
 5.34432E-01
 5.34699E-01
 5.34967E-01
 5.35234E-01
 5.35500E-01
 5.35767E-01
 5.36033E-01
 5.36300E-01
 5.36565E-01
 5.36831E-01
 5.37097E-01
 5.37362E-01
 5.37627E-01
 5.37892E-01
 5.38157E-01
 5.38421E-01
 5.38685E-01
 5.38949E-01
 5.39213E-01
 5.39477E-01
 5.39740E-01
 5.40003E-01
 5.40266E-01
 5.40529E-01
 5.40792E-01
 5.41054E-01
 5.41316E-01
 5.41578E-01
 5.41840E-01
 5.42102E-01
 5.42363E-01
 5.42624E-01
 5.42885E-01
 5.43146E-01
 5.43406E-01
 5.43667E-01
 5.43927E-01
 5.44187E-01
 5.44447E-01
 5.44706E-01
 5.44965E-01
 5.45224E-01
 5.45483E-01
 5.45742E-01
 5.46001E-01
 5.46259E-01
 5.46517E-01
 5.46775E-01
 5.47032E-01
 5.47290E-01
 5.47547E-01
 5.47804E-01
 5.48061E-01
 5.48318E-01
 5.48574E-01
 5.48831E-01
 5.49087E-01
 5.49343E-01
 5.49598E-01
 5.49854E-01
 5.50109E-01
 5.50364E-01
 5.50619E-01
 5.50874E-01
 5.51128E-01
 5.51382E-01
 5.51636E-01
 5.51890E-01
 5.52144E-01
 5.52397E-01
 5.52651E-01
 5.52904E-01
 5.53157E-01
 5.53409E-01
 5.53662E-01
 5.53914E-01
 5.54167E-01
 5.54418E-01
 5.54670E-01
 5.54922E-01
 5.55173E-01
 5.55425E-01
 5.55676E-01
 5.55927E-01
 5.56177E-01
 5.56428E-01
 5.56678E-01
 5.56929E-01
 5.57179E-01
 5.57428E-01
 5.57678E-01
 5.57927E-01
 5.58177E-01
 5.58426E-01
 5.58675E-01
 5.58923E-01
 5.59172E-01
 5.59420E-01
 5.59669E-01
 5.59917E-01
 5.60165E-01
 5.60412E-01
 5.60660E-01
 5.60907E-01
 5.61154E-01
 5.61401E-01
 5.61648E-01
 5.61895E-01
 5.62141E-01
 5.62387E-01
 5.62633E-01
 5.62879E-01
 5.63125E-01
 5.63371E-01
 5.63616E-01
 5.63861E-01
 5.64106E-01
 5.64351E-01
 5.64596E-01
 5.64840E-01
 5.65085E-01
 5.65329E-01
 5.65573E-01
 5.65817E-01
 5.66061E-01
 5.66304E-01
 5.66547E-01
 5.66791E-01
 5.67034E-01
 5.67276E-01
 5.67519E-01
 5.67762E-01
 5.68004E-01
 5.68246E-01
 5.68488E-01
 5.68730E-01
 5.68971E-01
 5.69213E-01
 5.69454E-01
 5.69695E-01
 5.69936E-01
 5.70177E-01
 5.70418E-01
 5.70658E-01
 5.70898E-01
 5.71138E-01
 5.71378E-01
 5.71618E-01
 5.71858E-01
 5.72097E-01
 5.72336E-01
 5.72576E-01
 5.72814E-01
 5.73053E-01
 5.73292E-01
 5.73530E-01
 5.73769E-01
 5.74007E-01
 5.74245E-01
 5.74483E-01
 5.74720E-01
 5.74958E-01
 5.75195E-01
 5.75432E-01
 5.75669E-01
 5.75906E-01
 5.76143E-01
 5.76380E-01
 5.76616E-01
 5.76852E-01
 5.77089E-01
 5.77325E-01
 5.77560E-01
 5.77796E-01
 5.78032E-01
 5.78267E-01
 5.78502E-01
 5.78737E-01
 5.78972E-01
 5.79207E-01
 5.79442E-01
 5.79676E-01
 5.79910E-01
 5.80144E-01
 5.80378E-01
 5.80612E-01
 5.80846E-01
 5.81080E-01
 5.81313E-01
 5.81546E-01
 5.81779E-01
 5.82012E-01
 5.82245E-01
 5.82478E-01
 5.82710E-01
 5.82942E-01
 5.83175E-01
 5.83407E-01
 5.83639E-01
 5.83870E-01
 5.84102E-01
 5.84333E-01
 5.84565E-01
 5.84796E-01
 5.85027E-01
 5.85257E-01
 5.85488E-01
 5.85719E-01
 5.85949E-01
 5.86179E-01
 5.86409E-01
 5.86639E-01
 5.86869E-01
 5.87099E-01
 5.87328E-01
 5.87558E-01
 5.87787E-01
 5.88016E-01
 5.88245E-01
 5.88474E-01
 5.88702E-01
 5.88931E-01
 5.89159E-01
 5.89387E-01
 5.89615E-01
 5.89843E-01
 5.90071E-01
 5.90299E-01
 5.90526E-01
 5.90753E-01
 5.90981E-01
 5.91208E-01
 5.91435E-01
 5.91661E-01
 5.91888E-01
 5.92114E-01
 5.92341E-01
 5.92567E-01
 5.92793E-01
 5.93019E-01
 5.93245E-01
 5.93470E-01
 5.93696E-01
 5.93921E-01
 5.94146E-01
 5.94371E-01
 5.94596E-01
 5.94821E-01
 5.95046E-01
 5.95270E-01
 5.95495E-01
 5.95719E-01
 5.95943E-01
 5.96167E-01
 5.96391E-01
 5.96615E-01
 5.96839E-01
 5.97062E-01
 5.97285E-01
 5.97509E-01
 5.97732E-01
 5.97955E-01
 5.98177E-01
 5.98400E-01
 5.98623E-01
 5.98845E-01
 5.99067E-01
 5.99289E-01
 5.99511E-01
 5.99733E-01
 5.99955E-01
 6.00176E-01
 6.00398E-01
 6.00619E-01
 6.00840E-01
 6.01061E-01
 6.01282E-01
 6.01503E-01
 6.01724E-01
 6.01944E-01
 6.02165E-01
 6.02385E-01
 6.02605E-01
 6.02825E-01
 6.03045E-01
 6.03264E-01
 6.03484E-01
 6.03704E-01
 6.03923E-01
 6.04142E-01
 6.04361E-01
 6.04580E-01
 6.04799E-01
 6.05017E-01
 6.05236E-01
 6.05454E-01
 6.05672E-01
 6.05891E-01
 6.06109E-01
 6.06326E-01
 6.06544E-01
 6.06762E-01
 6.06979E-01
 6.07197E-01
 6.07414E-01
 6.07631E-01
 6.07848E-01
 6.08065E-01
 6.08281E-01
 6.08498E-01
 6.08714E-01
 6.08931E-01
 6.09147E-01
 6.09363E-01
 6.09579E-01
 6.09795E-01
 6.10010E-01
 6.10226E-01
 6.10441E-01
 6.10657E-01
 6.10872E-01
 6.11087E-01
 6.11302E-01
 6.11517E-01
 6.11732E-01
 6.11946E-01
 6.12161E-01
 6.12375E-01
 6.12589E-01
 6.12803E-01
 6.13017E-01
 6.13231E-01
 6.13445E-01
 6.13658E-01
 6.13872E-01
 6.14085E-01
 6.14299E-01
 6.14512E-01
 6.14725E-01
 6.14938E-01
 6.15150E-01
 6.15363E-01
 6.15576E-01
 6.15788E-01
 6.16000E-01
 6.16212E-01
 6.16425E-01
 6.16636E-01
 6.16848E-01
 6.17060E-01
 6.17271E-01
 6.17483E-01
 6.17694E-01
 6.17905E-01
 6.18116E-01
 6.18327E-01
 6.18538E-01
 6.18749E-01
 6.18959E-01
 6.19170E-01
 6.19380E-01
 6.19591E-01
 6.19801E-01
 6.20011E-01
 6.20220E-01
 6.20430E-01
 6.20640E-01
 6.20849E-01
 6.21059E-01
 6.21268E-01
 6.21477E-01
 6.21686E-01
 6.21895E-01
 6.22104E-01
 6.22313E-01
 6.22521E-01
 6.22730E-01
 6.22938E-01
 6.23146E-01
 6.23354E-01
 6.23562E-01
 6.23770E-01
 6.23978E-01
 6.24186E-01
 6.24393E-01
 6.24601E-01
 6.24808E-01
 6.25015E-01
 6.25222E-01
 6.25429E-01
 6.25636E-01
 6.25843E-01
 6.26049E-01
 6.26256E-01
 6.26462E-01
 6.26669E-01
 6.26875E-01
 6.27081E-01
 6.27287E-01
 6.27492E-01
 6.27698E-01
 6.27904E-01
 6.28109E-01
 6.28315E-01
 6.28520E-01
 6.28725E-01
 6.28930E-01
 6.29135E-01
 6.29340E-01
 6.29544E-01
 6.29749E-01
 6.29953E-01
 6.30158E-01
 6.30362E-01
 6.30566E-01
 6.30770E-01
 6.30974E-01
 6.31178E-01
 6.31382E-01
 6.31585E-01
 6.31789E-01
 6.31992E-01
 6.32196E-01
 6.32399E-01
 6.32602E-01
 6.32805E-01
 6.33008E-01
 6.33210E-01
 6.33413E-01
 6.33616E-01
 6.33818E-01
