 0.00000E+00
 9.26082E-07
 2.52160E-06
 4.17528E-06
 5.80353E-06
 7.38854E-06
 8.92965E-06
 1.04209E-05
 1.18612E-05
 1.32656E-05
 1.46363E-05
 1.59755E-05
 1.72851E-05
 1.85670E-05
 1.98230E-05
 2.10546E-05
 2.22634E-05
 2.34508E-05
 2.46181E-05
 2.57667E-05
 2.68977E-05
 2.80123E-05
 2.91114E-05
 3.01961E-05
 3.12673E-05
 3.23258E-05
 3.33725E-05
 3.44082E-05
 3.54336E-05
 3.64493E-05
 3.74560E-05
 3.84542E-05
 3.94446E-05
 4.04277E-05
 4.13845E-05
 4.23345E-05
 4.32786E-05
 4.42171E-05
 4.51504E-05
 4.60789E-05
 4.70030E-05
 4.79229E-05
 4.88389E-05
 4.97514E-05
 5.06606E-05
 5.15667E-05
 5.24700E-05
 5.33706E-05
 5.42689E-05
 5.51650E-05
 5.60590E-05
 5.69511E-05
 5.78416E-05
 5.87305E-05
 5.96180E-05
 6.05042E-05
 6.13893E-05
 6.22733E-05
 6.31564E-05
 6.40349E-05
 6.48976E-05
 6.57597E-05
 6.66211E-05
 6.74821E-05
 6.83427E-05
 6.92029E-05
 7.00628E-05
 7.09225E-05
 7.17820E-05
 7.26414E-05
 7.35007E-05
 7.43601E-05
 7.52195E-05
 7.60789E-05
 7.69385E-05
 7.77982E-05
 7.86581E-05
 7.95182E-05
 8.03786E-05
 8.12393E-05
 8.21003E-05
 8.29616E-05
 8.38233E-05
 8.46854E-05
 8.55453E-05
 8.63903E-05
 8.72357E-05
 8.80816E-05
 8.89279E-05
 8.97747E-05
 9.06220E-05
 9.14698E-05
 9.23181E-05
 9.31669E-05
 9.40163E-05
 9.48662E-05
 9.57167E-05
 9.65677E-05
 9.74193E-05
 9.82716E-05
 9.91244E-05
 9.99778E-05
 1.00832E-04
 1.01687E-04
 1.02542E-04
 1.03398E-04
 1.04254E-04
 1.05111E-04
 1.05969E-04
 1.06814E-04
 1.07656E-04
 1.08499E-04
 1.09342E-04
 1.10186E-04
 1.11031E-04
 1.11876E-04
 1.12722E-04
 1.13569E-04
 1.14416E-04
 1.15264E-04
 1.16113E-04
 1.16962E-04
 1.17812E-04
 1.18663E-04
 1.19514E-04
 1.20366E-04
 1.21219E-04
 1.22072E-04
 1.22926E-04
 1.23781E-04
 1.24637E-04
 1.25493E-04
 1.26347E-04
 1.27189E-04
 1.28030E-04
 1.28873E-04
 1.29716E-04
 1.30560E-04
 1.31405E-04
 1.32250E-04
 1.33096E-04
 1.33943E-04
 1.34790E-04
 1.35638E-04
 1.36487E-04
 1.37337E-04
 1.38187E-04
 1.39038E-04
 1.39889E-04
 1.40741E-04
 1.41594E-04
 1.42448E-04
 1.43302E-04
 1.44157E-04
 1.45013E-04
 1.45866E-04
 1.46708E-04
 1.47550E-04
 1.48393E-04
 1.49236E-04
 1.50081E-04
 1.50926E-04
 1.51771E-04
 1.52617E-04
 1.53464E-04
 1.54312E-04
 1.55160E-04
 1.56009E-04
 1.56859E-04
 1.57709E-04
 1.58560E-04
 1.59412E-04
 1.60265E-04
 1.61118E-04
 1.61972E-04
 1.62826E-04
 1.63681E-04
 1.64537E-04
 1.65381E-04
 1.66223E-04
 1.67065E-04
 1.67908E-04
 1.68752E-04
 1.69596E-04
 1.70441E-04
 1.71287E-04
 1.72133E-04
 1.72980E-04
 1.73827E-04
 1.74675E-04
 1.75524E-04
 1.76373E-04
 1.77223E-04
 1.78074E-04
 1.78925E-04
 1.79777E-04
 1.80629E-04
 1.81482E-04
 1.82336E-04
 1.83188E-04
 1.84029E-04
 1.84870E-04
 1.85712E-04
 1.86554E-04
 1.87397E-04
 1.88240E-04
 1.89084E-04
 1.89928E-04
 1.90772E-04
 1.91617E-04
 1.92462E-04
 1.93308E-04
 1.94154E-04
 1.95001E-04
 1.95848E-04
 1.96696E-04
 1.97544E-04
 1.98392E-04
 1.99241E-04
 2.00091E-04
 2.00940E-04
 2.01777E-04
 2.02614E-04
 2.03452E-04
 2.04291E-04
 2.05130E-04
 2.05970E-04
 2.06810E-04
 2.07651E-04
 2.08493E-04
 2.09335E-04
 2.10177E-04
 2.11020E-04
 2.11864E-04
 2.12708E-04
 2.13553E-04
 2.14399E-04
 2.15245E-04
 2.16091E-04
 2.16938E-04
 2.17786E-04
 2.18628E-04
 2.19464E-04
 2.20300E-04
 2.21137E-04
 2.21975E-04
 2.22813E-04
 2.23652E-04
 2.24492E-04
 2.25332E-04
 2.26173E-04
 2.27015E-04
 2.27857E-04
 2.28699E-04
 2.29543E-04
 2.30387E-04
 2.31231E-04
 2.32076E-04
 2.32922E-04
 2.33769E-04
 2.34616E-04
 2.35458E-04
 2.36293E-04
 2.37127E-04
 2.37960E-04
 2.38793E-04
 2.39624E-04
 2.40456E-04
 2.41286E-04
 2.42116E-04
 2.42945E-04
 2.43773E-04
 2.44601E-04
 2.45428E-04
 2.46255E-04
 2.47080E-04
 2.47905E-04
 2.48729E-04
 2.49551E-04
 2.50373E-04
 2.51195E-04
 2.52008E-04
 2.52818E-04
 2.53630E-04
 2.54443E-04
 2.55257E-04
 2.56073E-04
 2.56889E-04
 2.57707E-04
 2.58526E-04
 2.59346E-04
 2.60167E-04
 2.60989E-04
 2.61812E-04
 2.62637E-04
 2.63463E-04
 2.64290E-04
 2.65118E-04
 2.65948E-04
 2.66778E-04
 2.67608E-04
 2.68430E-04
 2.69251E-04
 2.70074E-04
 2.70896E-04
 2.71720E-04
 2.72543E-04
 2.73368E-04
 2.74192E-04
 2.75018E-04
 2.75844E-04
 2.76670E-04
 2.77497E-04
 2.78325E-04
 2.79153E-04
 2.79981E-04
 2.80810E-04
 2.81640E-04
 2.82470E-04
 2.83297E-04
 2.84117E-04
 2.84938E-04
 2.85759E-04
 2.86581E-04
 2.87403E-04
 2.88226E-04
 2.89050E-04
 2.89874E-04
 2.90699E-04
 2.91524E-04
 2.92349E-04
 2.93176E-04
 2.94002E-04
 2.94829E-04
 2.95657E-04
 2.96486E-04
 2.97314E-04
 2.98143E-04
 2.98963E-04
 2.99783E-04
 3.00604E-04
 3.01425E-04
 3.02247E-04
 3.03070E-04
 3.03893E-04
 3.04716E-04
 3.05540E-04
 3.06365E-04
 3.07190E-04
 3.08016E-04
 3.08842E-04
 3.09669E-04
 3.10496E-04
 3.11324E-04
 3.12152E-04
 3.12978E-04
 3.13798E-04
 3.14618E-04
 3.15439E-04
 3.16260E-04
 3.17082E-04
 3.17904E-04
 3.18726E-04
 3.19549E-04
 3.20372E-04
 3.21196E-04
 3.22020E-04
 3.22845E-04
 3.23670E-04
 3.24496E-04
 3.25322E-04
 3.26149E-04
 3.26977E-04
 3.27796E-04
 3.28615E-04
 3.29434E-04
 3.30254E-04
 3.31075E-04
 3.31896E-04
 3.32717E-04
 3.33539E-04
 3.34362E-04
 3.35185E-04
 3.36009E-04
 3.36833E-04
 3.37658E-04
 3.38483E-04
 3.39309E-04
 3.40135E-04
 3.40961E-04
 3.41780E-04
 3.42598E-04
 3.43418E-04
 3.44238E-04
 3.45058E-04
 3.45879E-04
 3.46700E-04
 3.47522E-04
 3.48345E-04
 3.49168E-04
 3.49992E-04
 3.50816E-04
 3.51641E-04
 3.52466E-04
 3.53292E-04
 3.54118E-04
 3.54940E-04
 3.55759E-04
 3.56578E-04
 3.57398E-04
 3.58219E-04
 3.59040E-04
 3.59861E-04
 3.60683E-04
 3.61506E-04
 3.62329E-04
 3.63152E-04
 3.63976E-04
 3.64801E-04
 3.65626E-04
 3.66452E-04
 3.67278E-04
 3.68100E-04
 3.68919E-04
 3.69738E-04
 3.70559E-04
 3.71379E-04
 3.72201E-04
 3.73022E-04
 3.73845E-04
 3.74668E-04
 3.75491E-04
 3.76315E-04
 3.77140E-04
 3.77965E-04
 3.78790E-04
 3.79616E-04
 3.80442E-04
 3.81261E-04
 3.82080E-04
 3.82900E-04
 3.83720E-04
 3.84541E-04
 3.85363E-04
 3.86185E-04
 3.87007E-04
 3.87829E-04
 3.88653E-04
 3.89477E-04
 3.90301E-04
 3.91126E-04
 3.91951E-04
 3.92777E-04
 3.93597E-04
 3.94416E-04
 3.95236E-04
 3.96056E-04
 3.96877E-04
 3.97698E-04
 3.98520E-04
 3.99343E-04
 4.00166E-04
 4.00989E-04
 4.01813E-04
 4.02638E-04
 4.03463E-04
 4.04289E-04
 4.05114E-04
 4.05933E-04
 4.06753E-04
 4.07573E-04
 4.08394E-04
 4.09215E-04
 4.10037E-04
 4.10859E-04
 4.11681E-04
 4.12504E-04
 4.13328E-04
 4.14152E-04
 4.14977E-04
 4.15802E-04
 4.16628E-04
 4.17449E-04
 4.18268E-04
 4.19089E-04
 4.19909E-04
 4.20731E-04
 4.21553E-04
 4.22375E-04
 4.23198E-04
 4.24021E-04
 4.24845E-04
 4.25670E-04
 4.26495E-04
 4.27321E-04
 4.28147E-04
 4.28968E-04
 4.29789E-04
 4.30609E-04
 4.31431E-04
 4.32252E-04
 4.33074E-04
 4.33897E-04
 4.34720E-04
 4.35544E-04
 4.36369E-04
 4.37193E-04
 4.38019E-04
 4.38844E-04
 4.39670E-04
 4.40490E-04
 4.41311E-04
 4.42132E-04
 4.42953E-04
 4.43775E-04
 4.44598E-04
 4.45421E-04
 4.46244E-04
 4.47068E-04
 4.47893E-04
 4.48717E-04
 4.49543E-04
 4.50368E-04
 4.51189E-04
 4.52010E-04
 4.52831E-04
 4.53653E-04
 4.54475E-04
 4.55298E-04
 4.56121E-04
 4.56945E-04
 4.57769E-04
 4.58593E-04
 4.59418E-04
 4.60244E-04
 4.61070E-04
 4.61891E-04
 4.62712E-04
 4.63534E-04
 4.64356E-04
 4.65179E-04
 4.66002E-04
 4.66826E-04
 4.67650E-04
 4.68475E-04
 4.69301E-04
 4.70126E-04
 4.70953E-04
 4.71778E-04
 4.72599E-04
 4.73421E-04
 4.74244E-04
 4.75067E-04
 4.75890E-04
 4.76714E-04
 4.77539E-04
 4.78364E-04
 4.79189E-04
 4.80015E-04
 4.80842E-04
 4.81668E-04
 4.82490E-04
 4.83313E-04
 4.84136E-04
 4.84960E-04
 4.85784E-04
 4.86608E-04
 4.87433E-04
 4.88259E-04
 4.89085E-04
 4.89911E-04
 4.90738E-04
 4.91566E-04
 4.92388E-04
 4.93212E-04
 4.94036E-04
 4.94860E-04
 4.95685E-04
 4.96510E-04
 4.97336E-04
 4.98162E-04
 4.98988E-04
 4.99815E-04
 5.00642E-04
 5.01468E-04
 5.02291E-04
 5.03114E-04
 5.03938E-04
 5.04762E-04
 5.05587E-04
 5.06413E-04
 5.07238E-04
 5.08064E-04
 5.08891E-04
 5.09718E-04
 5.10546E-04
 5.11369E-04
 5.12193E-04
 5.13017E-04
 5.13842E-04
 5.14667E-04
 5.15493E-04
 5.16319E-04
 5.17146E-04
 5.17973E-04
 5.18800E-04
 5.19628E-04
 5.20453E-04
 5.21277E-04
 5.22102E-04
 5.22927E-04
 5.23753E-04
 5.24579E-04
 5.25406E-04
 5.26233E-04
 5.27060E-04
 5.27889E-04
 5.28717E-04
 5.29542E-04
 5.30367E-04
 5.31193E-04
 5.32019E-04
 5.32845E-04
 5.33672E-04
 5.34500E-04
 5.35328E-04
 5.36156E-04
 5.36985E-04
 5.37812E-04
 5.38638E-04
 5.39464E-04
 5.40290E-04
 5.41117E-04
 5.41944E-04
 5.42772E-04
 5.43600E-04
 5.44429E-04
 5.45258E-04
 5.46087E-04
 5.46913E-04
 5.47740E-04
 5.48567E-04
 5.49394E-04
 5.50222E-04
 5.51050E-04
 5.51879E-04
 5.52708E-04
 5.53538E-04
 5.54368E-04
 5.55195E-04
 5.56022E-04
 5.56849E-04
 5.57677E-04
 5.58505E-04
 5.59333E-04
 5.60162E-04
 5.60991E-04
 5.61821E-04
 5.62651E-04
 5.63477E-04
 5.64305E-04
 5.65132E-04
 5.65960E-04
 5.66788E-04
 5.67616E-04
 5.68445E-04
 5.69274E-04
 5.70103E-04
 5.70932E-04
 5.71759E-04
 5.72587E-04
 5.73414E-04
 5.74243E-04
 5.75071E-04
 5.75900E-04
 5.76730E-04
 5.77559E-04
 5.78389E-04
 5.79217E-04
 5.80044E-04
 5.80872E-04
 5.81701E-04
 5.82530E-04
 5.83359E-04
 5.84188E-04
 5.85018E-04
 5.85849E-04
 5.86677E-04
 5.87505E-04
 5.88334E-04
 5.89163E-04
 5.89992E-04
 5.90822E-04
 5.91652E-04
 5.92483E-04
 5.93313E-04
 5.94143E-04
 5.94971E-04
 5.95800E-04
 5.96630E-04
 5.97460E-04
 5.98290E-04
 5.99120E-04
 5.99951E-04
 6.00782E-04
 6.01611E-04
 6.02441E-04
 6.03270E-04
 6.04100E-04
 6.04930E-04
 6.05761E-04
 6.06592E-04
 6.07424E-04
 6.08255E-04
 6.09084E-04
 6.09914E-04
 6.10745E-04
 6.11575E-04
 6.12406E-04
 6.13238E-04
 6.14069E-04
 6.14901E-04
 6.15731E-04
 6.16562E-04
 6.17392E-04
 6.18223E-04
 6.19054E-04
 6.19885E-04
 6.20716E-04
 6.21548E-04
 6.22379E-04
 6.23209E-04
 6.24040E-04
 6.24871E-04
 6.25702E-04
 6.26534E-04
 6.27366E-04
 6.28198E-04
 6.29029E-04
 6.29860E-04
 6.30691E-04
 6.31522E-04
 6.32353E-04
 6.33185E-04
 6.34017E-04
 6.34849E-04
 6.35681E-04
 6.36512E-04
 6.37343E-04
 6.38175E-04
 6.39007E-04
 6.39839E-04
 6.40671E-04
 6.41504E-04
 6.42335E-04
 6.43166E-04
 6.43998E-04
 6.44830E-04
 6.45662E-04
 6.46495E-04
 6.47328E-04
 6.48160E-04
 6.48992E-04
 6.49824E-04
 6.50656E-04
 6.51489E-04
 6.52321E-04
 6.53154E-04
 6.53988E-04
 6.54820E-04
 6.55652E-04
 6.56485E-04
 6.57318E-04
 6.58151E-04
 6.58984E-04
 6.59818E-04
 6.60650E-04
 6.61483E-04
 6.62316E-04
 6.63149E-04
 6.63982E-04
 6.64815E-04
 6.65649E-04
 6.66482E-04
 6.67314E-04
 6.68147E-04
 6.68980E-04
 6.69814E-04
 6.70647E-04
 6.71481E-04
 6.72314E-04
 6.73147E-04
 6.73980E-04
 6.74813E-04
 6.75647E-04
 6.76480E-04
 6.77314E-04
 6.78147E-04
 6.78980E-04
 6.79812E-04
 6.80645E-04
 6.81477E-04
 6.82310E-04
 6.83295E-04
 6.84606E-04
 6.85425E-04
 6.86153E-04
 6.86970E-04
 6.87702E-04
 6.88523E-04
 6.89263E-04
 6.90098E-04
 6.90843E-04
 6.91679E-04
 6.92430E-04
 6.93271E-04
 6.94027E-04
 6.94872E-04
 6.95631E-04
 6.96485E-04
 6.97247E-04
 6.98099E-04
 6.98866E-04
 6.99722E-04
 7.00492E-04
 7.01350E-04
 7.02123E-04
 7.02982E-04
 7.03756E-04
 7.04621E-04
 7.05397E-04
 7.06260E-04
 7.07039E-04
 7.07904E-04
 7.08685E-04
 7.09551E-04
 7.10334E-04
 7.11202E-04
 7.11986E-04
 7.12852E-04
 7.13637E-04
 7.14504E-04
 7.15291E-04
 7.16162E-04
 7.16951E-04
 7.17820E-04
 7.18611E-04
 7.19480E-04
 7.20270E-04
 7.21137E-04
 7.21926E-04
 7.22790E-04
 7.23579E-04
 7.24443E-04
 7.25230E-04
 7.26092E-04
 7.26877E-04
 7.27736E-04
 7.28520E-04
 7.29376E-04
 7.30161E-04
 7.31019E-04
 7.31805E-04
 7.32663E-04
 7.33451E-04
 7.34309E-04
 7.35062E-04
 7.35910E-04
 7.36715E-04
 7.37565E-04
 7.38370E-04
 7.39217E-04
 7.40022E-04
 7.40869E-04
 7.41675E-04
 7.42521E-04
