2.000458e+06
2.000435e+06
2.000411e+06
2.000388e+06
2.000364e+06
2.000341e+06
2.000317e+06
2.000294e+06
2.000270e+06
2.000247e+06
2.000223e+06
2.000200e+06
2.000176e+06
2.000153e+06
2.000129e+06
2.000106e+06
2.000082e+06
2.000059e+06
2.000035e+06
2.000012e+06
1.999988e+06
1.999965e+06
1.999941e+06
1.999918e+06
1.999894e+06
1.999871e+06
1.999847e+06
1.999824e+06
1.999800e+06
1.999777e+06
1.999753e+06
1.999730e+06
1.999706e+06
1.999683e+06
1.999659e+06
1.999636e+06
1.999612e+06
1.999589e+06
1.999566e+06
1.999542e+06
