2.004678e+06
2.004630e+06
2.004583e+06
2.004536e+06
2.004489e+06
2.004442e+06
2.004395e+06
2.004348e+06
2.004301e+06
2.004254e+06
2.004207e+06
2.004160e+06
2.004113e+06
2.004065e+06
2.004018e+06
2.003971e+06
2.003924e+06
2.003877e+06
2.003830e+06
2.003783e+06
2.003736e+06
2.003689e+06
2.003642e+06
2.003595e+06
2.003548e+06
2.003501e+06
2.003454e+06
2.003406e+06
2.003359e+06
2.003312e+06
2.003265e+06
2.003218e+06
2.003171e+06
2.003124e+06
2.003077e+06
2.003030e+06
2.002983e+06
2.002936e+06
2.002889e+06
2.002842e+06
2.002795e+06
2.002748e+06
2.002701e+06
2.002654e+06
2.002607e+06
2.002560e+06
2.002513e+06
2.002466e+06
2.002418e+06
2.002371e+06
2.002324e+06
2.002277e+06
2.002230e+06
2.002183e+06
2.002136e+06
2.002089e+06
2.002042e+06
2.001995e+06
2.001948e+06
2.001901e+06
2.001854e+06
2.001807e+06
2.001760e+06
2.001713e+06
2.001666e+06
2.001619e+06
2.001572e+06
2.001525e+06
2.001478e+06
2.001431e+06
2.001384e+06
2.001337e+06
2.001290e+06
2.001243e+06
2.001196e+06
2.001149e+06
2.001102e+06
2.001055e+06
2.001008e+06
2.000961e+06
2.000914e+06
2.000867e+06
2.000820e+06
2.000773e+06
2.000726e+06
2.000679e+06
2.000632e+06
2.000585e+06
2.000538e+06
2.000491e+06
2.000444e+06
2.000397e+06
2.000350e+06
2.000303e+06
2.000256e+06
2.000209e+06
2.000162e+06
2.000115e+06
2.000068e+06
2.000021e+06
1.999974e+06
1.999927e+06
1.999880e+06
1.999833e+06
1.999786e+06
1.999739e+06
1.999692e+06
1.999645e+06
1.999598e+06
1.999552e+06
1.999505e+06
1.999458e+06
1.999411e+06
1.999364e+06
1.999317e+06
1.999270e+06
1.999223e+06
1.999176e+06
1.999129e+06
1.999082e+06
1.999035e+06
1.998988e+06
1.998941e+06
1.998894e+06
1.998847e+06
1.998800e+06
1.998753e+06
1.998706e+06
1.998659e+06
1.998613e+06
1.998566e+06
1.998519e+06
1.998472e+06
1.998425e+06
1.998378e+06
1.998331e+06
1.998284e+06
1.998237e+06
1.998190e+06
1.998143e+06
1.998096e+06
1.998049e+06
1.998002e+06
1.997955e+06
1.997909e+06
1.997862e+06
1.997815e+06
1.997768e+06
1.997721e+06
1.997674e+06
1.997627e+06
1.997580e+06
1.997533e+06
1.997486e+06
1.997439e+06
1.997393e+06
1.997346e+06
1.997299e+06
1.997252e+06
1.997205e+06
1.997158e+06
1.997111e+06
1.997064e+06
1.997017e+06
1.996970e+06
1.996923e+06
1.996877e+06
1.996830e+06
1.996783e+06
1.996736e+06
1.996689e+06
1.996642e+06
1.996595e+06
1.996548e+06
1.996501e+06
1.996455e+06
1.996408e+06
1.996361e+06
1.996314e+06
1.996267e+06
1.996220e+06
1.996173e+06
1.996126e+06
1.996080e+06
1.996033e+06
1.995986e+06
1.995939e+06
1.995892e+06
1.995845e+06
1.995798e+06
1.995751e+06
1.995705e+06
1.995658e+06
1.995611e+06
1.995564e+06
1.995517e+06
1.995470e+06
1.995423e+06
1.995377e+06
1.995330e+06
