2.004583e+06
2.004348e+06
2.004113e+06
2.003877e+06
2.003642e+06
2.003406e+06
2.003171e+06
2.002936e+06
2.002701e+06
2.002466e+06
2.002230e+06
2.001995e+06
2.001760e+06
2.001525e+06
2.001290e+06
2.001055e+06
2.000820e+06
2.000585e+06
2.000350e+06
2.000115e+06
1.999880e+06
1.999645e+06
1.999411e+06
1.999176e+06
1.998941e+06
1.998706e+06
1.998472e+06
1.998237e+06
1.998002e+06
1.997768e+06
1.997533e+06
1.997299e+06
1.997064e+06
1.996830e+06
1.996595e+06
1.996361e+06
1.996126e+06
1.995892e+06
1.995658e+06
1.995423e+06
