2.004662e+06
2.004583e+06
2.004505e+06
2.004426e+06
2.004348e+06
2.004269e+06
2.004191e+06
2.004113e+06
2.004034e+06
2.003956e+06
2.003877e+06
2.003799e+06
2.003720e+06
2.003642e+06
2.003563e+06
2.003485e+06
2.003406e+06
2.003328e+06
2.003250e+06
2.003171e+06
2.003093e+06
2.003014e+06
2.002936e+06
2.002858e+06
2.002779e+06
2.002701e+06
2.002622e+06
2.002544e+06
2.002466e+06
2.002387e+06
2.002309e+06
2.002230e+06
2.002152e+06
2.002074e+06
2.001995e+06
2.001917e+06
2.001838e+06
2.001760e+06
2.001682e+06
2.001603e+06
2.001525e+06
2.001447e+06
2.001368e+06
2.001290e+06
2.001212e+06
2.001133e+06
2.001055e+06
2.000977e+06
2.000898e+06
2.000820e+06
2.000742e+06
2.000663e+06
2.000585e+06
2.000507e+06
2.000428e+06
2.000350e+06
2.000272e+06
2.000193e+06
2.000115e+06
2.000037e+06
1.999959e+06
1.999880e+06
1.999802e+06
1.999724e+06
1.999645e+06
1.999567e+06
1.999489e+06
1.999411e+06
1.999332e+06
1.999254e+06
1.999176e+06
1.999098e+06
1.999019e+06
1.998941e+06
1.998863e+06
1.998785e+06
1.998706e+06
1.998628e+06
1.998550e+06
1.998472e+06
1.998393e+06
1.998315e+06
1.998237e+06
1.998159e+06
1.998081e+06
1.998002e+06
1.997924e+06
1.997846e+06
1.997768e+06
1.997690e+06
1.997611e+06
1.997533e+06
1.997455e+06
1.997377e+06
1.997299e+06
1.997221e+06
1.997142e+06
1.997064e+06
1.996986e+06
1.996908e+06
1.996830e+06
1.996752e+06
1.996673e+06
1.996595e+06
1.996517e+06
1.996439e+06
1.996361e+06
1.996283e+06
1.996205e+06
1.996126e+06
1.996048e+06
1.995970e+06
1.995892e+06
1.995814e+06
1.995736e+06
1.995658e+06
1.995580e+06
1.995502e+06
1.995423e+06
1.995345e+06
