2.004672e+06
2.004613e+06
2.004554e+06
2.004495e+06
2.004436e+06
2.004377e+06
2.004319e+06
2.004260e+06
2.004201e+06
2.004142e+06
2.004083e+06
2.004024e+06
2.003965e+06
2.003907e+06
2.003848e+06
2.003789e+06
2.003730e+06
2.003671e+06
2.003612e+06
2.003554e+06
2.003495e+06
2.003436e+06
2.003377e+06
2.003318e+06
2.003259e+06
2.003201e+06
2.003142e+06
2.003083e+06
2.003024e+06
2.002965e+06
2.002907e+06
2.002848e+06
2.002789e+06
2.002730e+06
2.002671e+06
2.002613e+06
2.002554e+06
2.002495e+06
2.002436e+06
2.002377e+06
2.002319e+06
2.002260e+06
2.002201e+06
2.002142e+06
2.002083e+06
2.002025e+06
2.001966e+06
2.001907e+06
2.001848e+06
2.001789e+06
2.001731e+06
2.001672e+06
2.001613e+06
2.001554e+06
2.001496e+06
2.001437e+06
2.001378e+06
2.001319e+06
2.001261e+06
2.001202e+06
2.001143e+06
2.001084e+06
2.001026e+06
2.000967e+06
2.000908e+06
2.000849e+06
2.000791e+06
2.000732e+06
2.000673e+06
2.000614e+06
2.000556e+06
2.000497e+06
2.000438e+06
2.000379e+06
2.000321e+06
2.000262e+06
2.000203e+06
2.000145e+06
2.000086e+06
2.000027e+06
1.999968e+06
1.999910e+06
1.999851e+06
1.999792e+06
1.999734e+06
1.999675e+06
1.999616e+06
1.999557e+06
1.999499e+06
1.999440e+06
1.999381e+06
1.999323e+06
1.999264e+06
1.999205e+06
1.999147e+06
1.999088e+06
1.999029e+06
1.998970e+06
1.998912e+06
1.998853e+06
1.998794e+06
1.998736e+06
1.998677e+06
1.998618e+06
1.998560e+06
1.998501e+06
1.998442e+06
1.998384e+06
1.998325e+06
1.998266e+06
1.998208e+06
1.998149e+06
1.998090e+06
1.998032e+06
1.997973e+06
1.997914e+06
1.997856e+06
1.997797e+06
1.997738e+06
1.997680e+06
1.997621e+06
1.997563e+06
1.997504e+06
1.997445e+06
1.997387e+06
1.997328e+06
1.997269e+06
1.997211e+06
1.997152e+06
1.997093e+06
1.997035e+06
1.996976e+06
1.996918e+06
1.996859e+06
1.996800e+06
1.996742e+06
1.996683e+06
1.996625e+06
1.996566e+06
1.996507e+06
1.996449e+06
1.996390e+06
1.996332e+06
1.996273e+06
1.996214e+06
1.996156e+06
1.996097e+06
1.996039e+06
1.995980e+06
1.995921e+06
1.995863e+06
1.995804e+06
1.995746e+06
1.995687e+06
1.995628e+06
1.995570e+06
1.995511e+06
1.995453e+06
1.995394e+06
1.995336e+06
