2.000468e+06
2.000466e+06
2.000463e+06
2.000461e+06
2.000458e+06
2.000455e+06
2.000453e+06
2.000450e+06
2.000448e+06
2.000445e+06
2.000442e+06
2.000440e+06
2.000437e+06
2.000435e+06
2.000432e+06
2.000429e+06
2.000427e+06
2.000424e+06
2.000421e+06
2.000419e+06
2.000416e+06
2.000414e+06
2.000411e+06
2.000408e+06
2.000406e+06
2.000403e+06
2.000401e+06
2.000398e+06
2.000395e+06
2.000393e+06
2.000390e+06
2.000388e+06
2.000385e+06
2.000382e+06
2.000380e+06
2.000377e+06
2.000375e+06
2.000372e+06
2.000369e+06
2.000367e+06
2.000364e+06
2.000361e+06
2.000359e+06
2.000356e+06
2.000354e+06
2.000351e+06
2.000348e+06
2.000346e+06
2.000343e+06
2.000341e+06
2.000338e+06
2.000335e+06
2.000333e+06
2.000330e+06
2.000328e+06
2.000325e+06
2.000322e+06
2.000320e+06
2.000317e+06
2.000314e+06
2.000312e+06
2.000309e+06
2.000307e+06
2.000304e+06
2.000301e+06
2.000299e+06
2.000296e+06
2.000294e+06
2.000291e+06
2.000288e+06
2.000286e+06
2.000283e+06
2.000281e+06
2.000278e+06
2.000275e+06
2.000273e+06
2.000270e+06
2.000267e+06
2.000265e+06
2.000262e+06
2.000260e+06
2.000257e+06
2.000254e+06
2.000252e+06
2.000249e+06
2.000247e+06
2.000244e+06
2.000241e+06
2.000239e+06
2.000236e+06
2.000234e+06
2.000231e+06
2.000228e+06
2.000226e+06
2.000223e+06
2.000221e+06
2.000218e+06
2.000215e+06
2.000213e+06
2.000210e+06
2.000207e+06
2.000205e+06
2.000202e+06
2.000200e+06
2.000197e+06
2.000194e+06
2.000192e+06
2.000189e+06
2.000187e+06
2.000184e+06
2.000181e+06
2.000179e+06
2.000176e+06
2.000174e+06
2.000171e+06
2.000168e+06
2.000166e+06
2.000163e+06
2.000160e+06
2.000158e+06
2.000155e+06
2.000153e+06
2.000150e+06
2.000147e+06
2.000145e+06
2.000142e+06
2.000140e+06
2.000137e+06
2.000134e+06
2.000132e+06
2.000129e+06
2.000127e+06
2.000124e+06
2.000121e+06
2.000119e+06
2.000116e+06
2.000114e+06
2.000111e+06
2.000108e+06
2.000106e+06
2.000103e+06
2.000100e+06
2.000098e+06
2.000095e+06
2.000093e+06
2.000090e+06
2.000087e+06
2.000085e+06
2.000082e+06
2.000080e+06
2.000077e+06
2.000074e+06
2.000072e+06
2.000069e+06
2.000067e+06
2.000064e+06
2.000061e+06
2.000059e+06
2.000056e+06
2.000053e+06
2.000051e+06
2.000048e+06
2.000046e+06
2.000043e+06
2.000040e+06
2.000038e+06
2.000035e+06
2.000033e+06
2.000030e+06
2.000027e+06
2.000025e+06
2.000022e+06
2.000020e+06
2.000017e+06
2.000014e+06
2.000012e+06
2.000009e+06
2.000007e+06
2.000004e+06
2.000001e+06
1.999999e+06
1.999996e+06
1.999993e+06
1.999991e+06
1.999988e+06
1.999986e+06
1.999983e+06
1.999980e+06
1.999978e+06
1.999975e+06
1.999973e+06
1.999970e+06
1.999967e+06
1.999965e+06
1.999962e+06
1.999960e+06
1.999957e+06
1.999954e+06
1.999952e+06
1.999949e+06
1.999946e+06
1.999944e+06
1.999941e+06
1.999939e+06
1.999936e+06
1.999933e+06
1.999931e+06
1.999928e+06
1.999926e+06
1.999923e+06
1.999920e+06
1.999918e+06
1.999915e+06
1.999913e+06
1.999910e+06
1.999907e+06
1.999905e+06
1.999902e+06
1.999900e+06
1.999897e+06
1.999894e+06
1.999892e+06
1.999889e+06
1.999886e+06
1.999884e+06
1.999881e+06
1.999879e+06
1.999876e+06
1.999873e+06
1.999871e+06
1.999868e+06
1.999866e+06
1.999863e+06
1.999860e+06
1.999858e+06
1.999855e+06
1.999853e+06
1.999850e+06
1.999847e+06
1.999845e+06
1.999842e+06
1.999839e+06
1.999837e+06
1.999834e+06
1.999832e+06
1.999829e+06
1.999826e+06
1.999824e+06
1.999821e+06
1.999819e+06
1.999816e+06
1.999813e+06
1.999811e+06
1.999808e+06
1.999806e+06
1.999803e+06
1.999800e+06
1.999798e+06
1.999795e+06
1.999793e+06
1.999790e+06
1.999787e+06
1.999785e+06
1.999782e+06
1.999779e+06
1.999777e+06
1.999774e+06
1.999772e+06
1.999769e+06
1.999766e+06
1.999764e+06
1.999761e+06
1.999759e+06
1.999756e+06
1.999753e+06
1.999751e+06
1.999748e+06
1.999746e+06
1.999743e+06
1.999740e+06
1.999738e+06
1.999735e+06
1.999733e+06
1.999730e+06
1.999727e+06
1.999725e+06
1.999722e+06
1.999719e+06
1.999717e+06
1.999714e+06
1.999712e+06
1.999709e+06
1.999706e+06
1.999704e+06
1.999701e+06
1.999699e+06
1.999696e+06
1.999693e+06
1.999691e+06
1.999688e+06
1.999686e+06
1.999683e+06
1.999680e+06
1.999678e+06
1.999675e+06
1.999672e+06
1.999670e+06
1.999667e+06
1.999665e+06
1.999662e+06
1.999659e+06
1.999657e+06
1.999654e+06
1.999652e+06
1.999649e+06
1.999646e+06
1.999644e+06
1.999641e+06
1.999639e+06
1.999636e+06
1.999633e+06
1.999631e+06
1.999628e+06
1.999626e+06
1.999623e+06
1.999620e+06
1.999618e+06
1.999615e+06
1.999612e+06
1.999610e+06
1.999607e+06
1.999605e+06
1.999602e+06
1.999599e+06
1.999597e+06
1.999594e+06
1.999592e+06
1.999589e+06
1.999586e+06
1.999584e+06
1.999581e+06
1.999579e+06
1.999576e+06
1.999573e+06
1.999571e+06
1.999568e+06
1.999566e+06
1.999563e+06
1.999560e+06
1.999558e+06
1.999555e+06
1.999552e+06
1.999550e+06
1.999547e+06
1.999545e+06
1.999542e+06
1.999539e+06
1.999537e+06
1.999534e+06
1.999532e+06
