2.000469e+06
2.000466e+06
2.000464e+06
2.000462e+06
2.000459e+06
2.000457e+06
2.000455e+06
2.000452e+06
2.000450e+06
2.000447e+06
2.000445e+06
2.000443e+06
2.000440e+06
2.000438e+06
2.000436e+06
2.000433e+06
2.000431e+06
2.000429e+06
2.000426e+06
2.000424e+06
2.000422e+06
2.000419e+06
2.000417e+06
2.000415e+06
2.000412e+06
2.000410e+06
2.000408e+06
2.000405e+06
2.000403e+06
2.000400e+06
2.000398e+06
2.000396e+06
2.000393e+06
2.000391e+06
2.000389e+06
2.000386e+06
2.000384e+06
2.000382e+06
2.000379e+06
2.000377e+06
2.000375e+06
2.000372e+06
2.000370e+06
2.000368e+06
2.000365e+06
2.000363e+06
2.000361e+06
2.000358e+06
2.000356e+06
2.000353e+06
2.000351e+06
2.000349e+06
2.000346e+06
2.000344e+06
2.000342e+06
2.000339e+06
2.000337e+06
2.000335e+06
2.000332e+06
2.000330e+06
2.000328e+06
2.000325e+06
2.000323e+06
2.000321e+06
2.000318e+06
2.000316e+06
2.000314e+06
2.000311e+06
2.000309e+06
2.000307e+06
2.000304e+06
2.000302e+06
2.000299e+06
2.000297e+06
2.000295e+06
2.000292e+06
2.000290e+06
2.000288e+06
2.000285e+06
2.000283e+06
2.000281e+06
2.000278e+06
2.000276e+06
2.000274e+06
2.000271e+06
2.000269e+06
2.000267e+06
2.000264e+06
2.000262e+06
2.000260e+06
2.000257e+06
2.000255e+06
2.000252e+06
2.000250e+06
2.000248e+06
2.000245e+06
2.000243e+06
2.000241e+06
2.000238e+06
2.000236e+06
2.000234e+06
2.000231e+06
2.000229e+06
2.000227e+06
2.000224e+06
2.000222e+06
2.000220e+06
2.000217e+06
2.000215e+06
2.000213e+06
2.000210e+06
2.000208e+06
2.000206e+06
2.000203e+06
2.000201e+06
2.000198e+06
2.000196e+06
2.000194e+06
2.000191e+06
2.000189e+06
2.000187e+06
2.000184e+06
2.000182e+06
2.000180e+06
2.000177e+06
2.000175e+06
2.000173e+06
2.000170e+06
2.000168e+06
2.000166e+06
2.000163e+06
2.000161e+06
2.000159e+06
2.000156e+06
2.000154e+06
2.000151e+06
2.000149e+06
2.000147e+06
2.000144e+06
2.000142e+06
2.000140e+06
2.000137e+06
2.000135e+06
2.000133e+06
2.000130e+06
2.000128e+06
2.000126e+06
2.000123e+06
2.000121e+06
2.000119e+06
2.000116e+06
2.000114e+06
2.000112e+06
2.000109e+06
2.000107e+06
2.000104e+06
2.000102e+06
2.000100e+06
2.000097e+06
2.000095e+06
2.000093e+06
2.000090e+06
2.000088e+06
2.000086e+06
2.000083e+06
2.000081e+06
2.000079e+06
2.000076e+06
2.000074e+06
2.000072e+06
2.000069e+06
2.000067e+06
2.000065e+06
2.000062e+06
2.000060e+06
2.000058e+06
2.000055e+06
2.000053e+06
2.000050e+06
2.000048e+06
2.000046e+06
2.000043e+06
2.000041e+06
2.000039e+06
2.000036e+06
2.000034e+06
2.000032e+06
2.000029e+06
2.000027e+06
2.000025e+06
2.000022e+06
2.000020e+06
2.000018e+06
2.000015e+06
2.000013e+06
2.000011e+06
2.000008e+06
2.000006e+06
2.000004e+06
2.000001e+06
1.999999e+06
1.999996e+06
1.999994e+06
1.999992e+06
1.999989e+06
1.999987e+06
1.999985e+06
1.999982e+06
1.999980e+06
1.999978e+06
1.999975e+06
1.999973e+06
1.999971e+06
1.999968e+06
1.999966e+06
1.999964e+06
1.999961e+06
1.999959e+06
1.999957e+06
1.999954e+06
1.999952e+06
1.999949e+06
1.999947e+06
1.999945e+06
1.999942e+06
1.999940e+06
1.999938e+06
1.999935e+06
1.999933e+06
1.999931e+06
1.999928e+06
1.999926e+06
1.999924e+06
1.999921e+06
1.999919e+06
1.999917e+06
1.999914e+06
1.999912e+06
1.999910e+06
1.999907e+06
1.999905e+06
1.999903e+06
1.999900e+06
1.999898e+06
1.999895e+06
1.999893e+06
1.999891e+06
1.999888e+06
1.999886e+06
1.999884e+06
1.999881e+06
1.999879e+06
1.999877e+06
1.999874e+06
1.999872e+06
1.999870e+06
1.999867e+06
1.999865e+06
1.999863e+06
1.999860e+06
1.999858e+06
1.999856e+06
1.999853e+06
1.999851e+06
1.999848e+06
1.999846e+06
1.999844e+06
1.999841e+06
1.999839e+06
1.999837e+06
1.999834e+06
1.999832e+06
1.999830e+06
1.999827e+06
1.999825e+06
1.999823e+06
1.999820e+06
1.999818e+06
1.999816e+06
1.999813e+06
1.999811e+06
1.999809e+06
1.999806e+06
1.999804e+06
1.999802e+06
1.999799e+06
1.999797e+06
1.999794e+06
1.999792e+06
1.999790e+06
1.999787e+06
1.999785e+06
1.999783e+06
1.999780e+06
1.999778e+06
1.999776e+06
1.999773e+06
1.999771e+06
1.999769e+06
1.999766e+06
1.999764e+06
1.999762e+06
1.999759e+06
1.999757e+06
1.999755e+06
1.999752e+06
1.999750e+06
1.999748e+06
1.999745e+06
1.999743e+06
1.999740e+06
1.999738e+06
1.999736e+06
1.999733e+06
1.999731e+06
1.999729e+06
1.999726e+06
1.999724e+06
1.999722e+06
1.999719e+06
1.999717e+06
1.999715e+06
1.999712e+06
1.999710e+06
1.999708e+06
1.999705e+06
1.999703e+06
1.999701e+06
1.999698e+06
1.999696e+06
1.999693e+06
1.999691e+06
1.999689e+06
1.999686e+06
1.999684e+06
1.999682e+06
1.999679e+06
1.999677e+06
1.999675e+06
1.999672e+06
1.999670e+06
1.999668e+06
1.999665e+06
1.999663e+06
1.999661e+06
1.999658e+06
1.999656e+06
1.999654e+06
1.999651e+06
1.999649e+06
1.999647e+06
1.999644e+06
1.999642e+06
1.999639e+06
1.999637e+06
1.999635e+06
1.999632e+06
1.999630e+06
1.999628e+06
1.999625e+06
1.999623e+06
1.999621e+06
1.999618e+06
1.999616e+06
1.999614e+06
1.999611e+06
1.999609e+06
1.999607e+06
1.999604e+06
1.999602e+06
1.999600e+06
1.999597e+06
1.999595e+06
1.999593e+06
1.999590e+06
1.999588e+06
1.999585e+06
1.999583e+06
1.999581e+06
1.999578e+06
1.999576e+06
1.999574e+06
1.999571e+06
1.999569e+06
1.999567e+06
1.999564e+06
1.999562e+06
1.999560e+06
1.999557e+06
1.999555e+06
1.999553e+06
1.999550e+06
1.999548e+06
1.999546e+06
1.999543e+06
1.999541e+06
1.999539e+06
1.999536e+06
1.999534e+06
1.999531e+06
