2.000469e+06
2.000467e+06
2.000464e+06
2.000462e+06
2.000460e+06
2.000458e+06
2.000456e+06
2.000454e+06
2.000452e+06
2.000449e+06
2.000447e+06
2.000445e+06
2.000443e+06
2.000441e+06
2.000439e+06
2.000437e+06
2.000435e+06
2.000432e+06
2.000430e+06
2.000428e+06
2.000426e+06
2.000424e+06
2.000422e+06
2.000420e+06
2.000417e+06
2.000415e+06
2.000413e+06
2.000411e+06
2.000409e+06
2.000407e+06
2.000405e+06
2.000403e+06
2.000400e+06
2.000398e+06
2.000396e+06
2.000394e+06
2.000392e+06
2.000390e+06
2.000388e+06
2.000385e+06
2.000383e+06
2.000381e+06
2.000379e+06
2.000377e+06
2.000375e+06
2.000373e+06
2.000370e+06
2.000368e+06
2.000366e+06
2.000364e+06
2.000362e+06
2.000360e+06
2.000358e+06
2.000356e+06
2.000353e+06
2.000351e+06
2.000349e+06
2.000347e+06
2.000345e+06
2.000343e+06
2.000341e+06
2.000338e+06
2.000336e+06
2.000334e+06
2.000332e+06
2.000330e+06
2.000328e+06
2.000326e+06
2.000323e+06
2.000321e+06
2.000319e+06
2.000317e+06
2.000315e+06
2.000313e+06
2.000311e+06
2.000309e+06
2.000306e+06
2.000304e+06
2.000302e+06
2.000300e+06
2.000298e+06
2.000296e+06
2.000294e+06
2.000291e+06
2.000289e+06
2.000287e+06
2.000285e+06
2.000283e+06
2.000281e+06
2.000279e+06
2.000277e+06
2.000274e+06
2.000272e+06
2.000270e+06
2.000268e+06
2.000266e+06
2.000264e+06
2.000262e+06
2.000259e+06
2.000257e+06
2.000255e+06
2.000253e+06
2.000251e+06
2.000249e+06
2.000247e+06
2.000244e+06
2.000242e+06
2.000240e+06
2.000238e+06
2.000236e+06
2.000234e+06
2.000232e+06
2.000230e+06
2.000227e+06
2.000225e+06
2.000223e+06
2.000221e+06
2.000219e+06
2.000217e+06
2.000215e+06
2.000212e+06
2.000210e+06
2.000208e+06
2.000206e+06
2.000204e+06
2.000202e+06
2.000200e+06
2.000197e+06
2.000195e+06
2.000193e+06
2.000191e+06
2.000189e+06
2.000187e+06
2.000185e+06
2.000183e+06
2.000180e+06
2.000178e+06
2.000176e+06
2.000174e+06
2.000172e+06
2.000170e+06
2.000168e+06
2.000165e+06
2.000163e+06
2.000161e+06
2.000159e+06
2.000157e+06
2.000155e+06
2.000153e+06
2.000151e+06
2.000148e+06
2.000146e+06
2.000144e+06
2.000142e+06
2.000140e+06
2.000138e+06
2.000136e+06
2.000133e+06
2.000131e+06
2.000129e+06
2.000127e+06
2.000125e+06
2.000123e+06
2.000121e+06
2.000118e+06
2.000116e+06
2.000114e+06
2.000112e+06
2.000110e+06
2.000108e+06
2.000106e+06
2.000104e+06
2.000101e+06
2.000099e+06
2.000097e+06
2.000095e+06
2.000093e+06
2.000091e+06
2.000089e+06
2.000086e+06
2.000084e+06
2.000082e+06
2.000080e+06
2.000078e+06
2.000076e+06
2.000074e+06
2.000072e+06
2.000069e+06
2.000067e+06
2.000065e+06
2.000063e+06
2.000061e+06
2.000059e+06
2.000057e+06
2.000054e+06
2.000052e+06
2.000050e+06
2.000048e+06
2.000046e+06
2.000044e+06
2.000042e+06
2.000039e+06
2.000037e+06
2.000035e+06
2.000033e+06
2.000031e+06
2.000029e+06
2.000027e+06
2.000025e+06
2.000022e+06
2.000020e+06
2.000018e+06
2.000016e+06
2.000014e+06
2.000012e+06
2.000010e+06
2.000007e+06
2.000005e+06
2.000003e+06
2.000001e+06
1.999999e+06
1.999997e+06
1.999995e+06
1.999993e+06
1.999990e+06
1.999988e+06
1.999986e+06
1.999984e+06
1.999982e+06
1.999980e+06
1.999978e+06
1.999975e+06
1.999973e+06
1.999971e+06
1.999969e+06
1.999967e+06
1.999965e+06
1.999963e+06
1.999960e+06
1.999958e+06
1.999956e+06
1.999954e+06
1.999952e+06
1.999950e+06
1.999948e+06
1.999946e+06
1.999943e+06
1.999941e+06
1.999939e+06
1.999937e+06
1.999935e+06
1.999933e+06
1.999931e+06
1.999928e+06
1.999926e+06
1.999924e+06
1.999922e+06
1.999920e+06
1.999918e+06
1.999916e+06
1.999914e+06
1.999911e+06
1.999909e+06
1.999907e+06
1.999905e+06
1.999903e+06
1.999901e+06
1.999899e+06
1.999896e+06
1.999894e+06
1.999892e+06
1.999890e+06
1.999888e+06
1.999886e+06
1.999884e+06
1.999881e+06
1.999879e+06
1.999877e+06
1.999875e+06
1.999873e+06
1.999871e+06
1.999869e+06
1.999867e+06
1.999864e+06
1.999862e+06
1.999860e+06
1.999858e+06
1.999856e+06
1.999854e+06
1.999852e+06
1.999849e+06
1.999847e+06
1.999845e+06
1.999843e+06
1.999841e+06
1.999839e+06
1.999837e+06
1.999835e+06
1.999832e+06
1.999830e+06
1.999828e+06
1.999826e+06
1.999824e+06
1.999822e+06
1.999820e+06
1.999817e+06
1.999815e+06
1.999813e+06
1.999811e+06
1.999809e+06
1.999807e+06
1.999805e+06
1.999802e+06
1.999800e+06
1.999798e+06
1.999796e+06
1.999794e+06
1.999792e+06
1.999790e+06
1.999788e+06
1.999785e+06
1.999783e+06
1.999781e+06
1.999779e+06
1.999777e+06
1.999775e+06
1.999773e+06
1.999770e+06
1.999768e+06
1.999766e+06
1.999764e+06
1.999762e+06
1.999760e+06
1.999758e+06
1.999756e+06
1.999753e+06
1.999751e+06
1.999749e+06
1.999747e+06
1.999745e+06
1.999743e+06
1.999741e+06
1.999738e+06
1.999736e+06
1.999734e+06
1.999732e+06
1.999730e+06
1.999728e+06
1.999726e+06
1.999723e+06
1.999721e+06
1.999719e+06
1.999717e+06
1.999715e+06
1.999713e+06
1.999711e+06
1.999709e+06
1.999706e+06
1.999704e+06
1.999702e+06
1.999700e+06
1.999698e+06
1.999696e+06
1.999694e+06
1.999691e+06
1.999689e+06
1.999687e+06
1.999685e+06
1.999683e+06
1.999681e+06
1.999679e+06
1.999677e+06
1.999674e+06
1.999672e+06
1.999670e+06
1.999668e+06
1.999666e+06
1.999664e+06
1.999662e+06
1.999659e+06
1.999657e+06
1.999655e+06
1.999653e+06
1.999651e+06
1.999649e+06
1.999647e+06
1.999645e+06
1.999642e+06
1.999640e+06
1.999638e+06
1.999636e+06
1.999634e+06
1.999632e+06
1.999630e+06
1.999627e+06
1.999625e+06
1.999623e+06
1.999621e+06
1.999619e+06
1.999617e+06
1.999615e+06
1.999612e+06
1.999610e+06
1.999608e+06
1.999606e+06
1.999604e+06
1.999602e+06
1.999600e+06
1.999598e+06
1.999595e+06
1.999593e+06
1.999591e+06
1.999589e+06
1.999587e+06
1.999585e+06
1.999583e+06
1.999580e+06
1.999578e+06
1.999576e+06
1.999574e+06
1.999572e+06
1.999570e+06
1.999568e+06
1.999566e+06
1.999563e+06
1.999561e+06
1.999559e+06
1.999557e+06
1.999555e+06
1.999553e+06
1.999551e+06
1.999548e+06
1.999546e+06
1.999544e+06
1.999542e+06
1.999540e+06
1.999538e+06
1.999536e+06
1.999534e+06
1.999531e+06
