2.004681e+06
2.004642e+06
2.004603e+06
2.004564e+06
2.004525e+06
2.004485e+06
2.004446e+06
2.004407e+06
2.004368e+06
2.004328e+06
2.004289e+06
2.004250e+06
2.004211e+06
2.004171e+06
2.004132e+06
2.004093e+06
2.004054e+06
2.004014e+06
2.003975e+06
2.003936e+06
2.003897e+06
2.003858e+06
2.003818e+06
2.003779e+06
2.003740e+06
2.003701e+06
2.003661e+06
2.003622e+06
2.003583e+06
2.003544e+06
2.003505e+06
2.003465e+06
2.003426e+06
2.003387e+06
2.003348e+06
2.003308e+06
2.003269e+06
2.003230e+06
2.003191e+06
2.003152e+06
2.003112e+06
2.003073e+06
2.003034e+06
2.002995e+06
2.002956e+06
2.002916e+06
2.002877e+06
2.002838e+06
2.002799e+06
2.002760e+06
2.002720e+06
2.002681e+06
2.002642e+06
2.002603e+06
2.002564e+06
2.002524e+06
2.002485e+06
2.002446e+06
2.002407e+06
2.002368e+06
2.002328e+06
2.002289e+06
2.002250e+06
2.002211e+06
2.002172e+06
2.002132e+06
2.002093e+06
2.002054e+06
2.002015e+06
2.001976e+06
2.001936e+06
2.001897e+06
2.001858e+06
2.001819e+06
2.001780e+06
2.001740e+06
2.001701e+06
2.001662e+06
2.001623e+06
2.001584e+06
2.001545e+06
2.001505e+06
2.001466e+06
2.001427e+06
2.001388e+06
2.001349e+06
2.001310e+06
2.001270e+06
2.001231e+06
2.001192e+06
2.001153e+06
2.001114e+06
2.001075e+06
2.001035e+06
2.000996e+06
2.000957e+06
2.000918e+06
2.000879e+06
2.000840e+06
2.000800e+06
2.000761e+06
2.000722e+06
2.000683e+06
2.000644e+06
2.000605e+06
2.000565e+06
2.000526e+06
2.000487e+06
2.000448e+06
2.000409e+06
2.000370e+06
2.000330e+06
2.000291e+06
2.000252e+06
2.000213e+06
2.000174e+06
2.000135e+06
2.000096e+06
2.000056e+06
2.000017e+06
1.999978e+06
1.999939e+06
1.999900e+06
1.999861e+06
1.999822e+06
1.999782e+06
1.999743e+06
1.999704e+06
1.999665e+06
1.999626e+06
1.999587e+06
1.999548e+06
1.999508e+06
1.999469e+06
1.999430e+06
1.999391e+06
1.999352e+06
1.999313e+06
1.999274e+06
1.999235e+06
1.999195e+06
1.999156e+06
1.999117e+06
1.999078e+06
1.999039e+06
1.999000e+06
1.998961e+06
1.998922e+06
1.998882e+06
1.998843e+06
1.998804e+06
1.998765e+06
1.998726e+06
1.998687e+06
1.998648e+06
1.998609e+06
1.998569e+06
1.998530e+06
1.998491e+06
1.998452e+06
1.998413e+06
1.998374e+06
1.998335e+06
1.998296e+06
1.998257e+06
1.998217e+06
1.998178e+06
1.998139e+06
1.998100e+06
1.998061e+06
1.998022e+06
1.997983e+06
1.997944e+06
1.997905e+06
1.997866e+06
1.997826e+06
1.997787e+06
1.997748e+06
1.997709e+06
1.997670e+06
1.997631e+06
1.997592e+06
1.997553e+06
1.997514e+06
1.997475e+06
1.997436e+06
1.997396e+06
1.997357e+06
1.997318e+06
1.997279e+06
1.997240e+06
1.997201e+06
1.997162e+06
1.997123e+06
1.997084e+06
1.997045e+06
1.997006e+06
1.996966e+06
1.996927e+06
1.996888e+06
1.996849e+06
1.996810e+06
1.996771e+06
1.996732e+06
1.996693e+06
1.996654e+06
1.996615e+06
1.996576e+06
1.996537e+06
1.996498e+06
1.996459e+06
1.996419e+06
1.996380e+06
1.996341e+06
1.996302e+06
1.996263e+06
1.996224e+06
1.996185e+06
1.996146e+06
1.996107e+06
1.996068e+06
1.996029e+06
1.995990e+06
1.995951e+06
1.995912e+06
1.995873e+06
1.995833e+06
1.995794e+06
1.995755e+06
1.995716e+06
1.995677e+06
1.995638e+06
1.995599e+06
1.995560e+06
1.995521e+06
1.995482e+06
1.995443e+06
1.995404e+06
1.995365e+06
1.995326e+06
