2.004684e+06
2.004651e+06
2.004617e+06
2.004583e+06
2.004550e+06
2.004516e+06
2.004482e+06
2.004449e+06
2.004415e+06
2.004382e+06
2.004348e+06
2.004314e+06
2.004281e+06
2.004247e+06
2.004213e+06
2.004180e+06
2.004146e+06
2.004113e+06
2.004079e+06
2.004045e+06
2.004012e+06
2.003978e+06
2.003944e+06
2.003911e+06
2.003877e+06
2.003844e+06
2.003810e+06
2.003776e+06
2.003743e+06
2.003709e+06
2.003675e+06
2.003642e+06
2.003608e+06
2.003575e+06
2.003541e+06
2.003507e+06
2.003474e+06
2.003440e+06
2.003406e+06
2.003373e+06
2.003339e+06
2.003306e+06
2.003272e+06
2.003238e+06
2.003205e+06
2.003171e+06
2.003138e+06
2.003104e+06
2.003070e+06
2.003037e+06
2.003003e+06
2.002970e+06
2.002936e+06
2.002902e+06
2.002869e+06
2.002835e+06
2.002802e+06
2.002768e+06
2.002734e+06
2.002701e+06
2.002667e+06
2.002634e+06
2.002600e+06
2.002566e+06
2.002533e+06
2.002499e+06
2.002466e+06
2.002432e+06
2.002398e+06
2.002365e+06
2.002331e+06
2.002298e+06
2.002264e+06
2.002230e+06
2.002197e+06
2.002163e+06
2.002130e+06
2.002096e+06
2.002062e+06
2.002029e+06
2.001995e+06
2.001962e+06
2.001928e+06
2.001894e+06
2.001861e+06
2.001827e+06
2.001794e+06
2.001760e+06
2.001727e+06
2.001693e+06
2.001659e+06
2.001626e+06
2.001592e+06
2.001559e+06
2.001525e+06
2.001491e+06
2.001458e+06
2.001424e+06
2.001391e+06
2.001357e+06
2.001324e+06
2.001290e+06
2.001256e+06
2.001223e+06
2.001189e+06
2.001156e+06
2.001122e+06
2.001089e+06
2.001055e+06
2.001021e+06
2.000988e+06
2.000954e+06
2.000921e+06
2.000887e+06
2.000854e+06
2.000820e+06
2.000786e+06
2.000753e+06
2.000719e+06
2.000686e+06
2.000652e+06
2.000619e+06
2.000585e+06
2.000551e+06
2.000518e+06
2.000484e+06
2.000451e+06
2.000417e+06
2.000384e+06
2.000350e+06
2.000317e+06
2.000283e+06
2.000249e+06
2.000216e+06
2.000182e+06
2.000149e+06
2.000115e+06
2.000082e+06
2.000048e+06
2.000015e+06
1.999981e+06
1.999947e+06
1.999914e+06
1.999880e+06
1.999847e+06
1.999813e+06
1.999780e+06
1.999746e+06
1.999713e+06
1.999679e+06
1.999645e+06
1.999612e+06
1.999578e+06
1.999545e+06
1.999511e+06
1.999478e+06
1.999444e+06
1.999411e+06
1.999377e+06
1.999344e+06
1.999310e+06
1.999276e+06
1.999243e+06
1.999209e+06
1.999176e+06
1.999142e+06
1.999109e+06
1.999075e+06
1.999042e+06
1.999008e+06
1.998975e+06
1.998941e+06
1.998908e+06
1.998874e+06
1.998841e+06
1.998807e+06
1.998773e+06
1.998740e+06
1.998706e+06
1.998673e+06
1.998639e+06
1.998606e+06
1.998572e+06
1.998539e+06
1.998505e+06
1.998472e+06
1.998438e+06
1.998405e+06
1.998371e+06
1.998338e+06
1.998304e+06
1.998271e+06
1.998237e+06
1.998204e+06
1.998170e+06
1.998136e+06
1.998103e+06
1.998069e+06
1.998036e+06
1.998002e+06
1.997969e+06
1.997935e+06
1.997902e+06
1.997868e+06
1.997835e+06
1.997801e+06
1.997768e+06
1.997734e+06
1.997701e+06
1.997667e+06
1.997634e+06
1.997600e+06
1.997567e+06
1.997533e+06
1.997500e+06
1.997466e+06
1.997433e+06
1.997399e+06
1.997366e+06
1.997332e+06
1.997299e+06
1.997265e+06
1.997232e+06
1.997198e+06
1.997165e+06
1.997131e+06
1.997098e+06
1.997064e+06
1.997031e+06
1.996997e+06
1.996964e+06
1.996930e+06
1.996897e+06
1.996863e+06
1.996830e+06
1.996796e+06
1.996763e+06
1.996729e+06
1.996696e+06
1.996662e+06
1.996629e+06
1.996595e+06
1.996562e+06
1.996528e+06
1.996495e+06
1.996461e+06
1.996428e+06
1.996394e+06
1.996361e+06
1.996327e+06
1.996294e+06
1.996260e+06
1.996227e+06
1.996193e+06
1.996160e+06
1.996126e+06
1.996093e+06
1.996059e+06
1.996026e+06
1.995993e+06
1.995959e+06
1.995926e+06
1.995892e+06
1.995859e+06
1.995825e+06
1.995792e+06
1.995758e+06
1.995725e+06
1.995691e+06
1.995658e+06
1.995624e+06
1.995591e+06
1.995557e+06
1.995524e+06
1.995490e+06
1.995457e+06
1.995423e+06
1.995390e+06
1.995357e+06
1.995323e+06
