2.004686e+06
2.004657e+06
2.004628e+06
2.004598e+06
2.004569e+06
2.004539e+06
2.004510e+06
2.004480e+06
2.004451e+06
2.004422e+06
2.004392e+06
2.004363e+06
2.004333e+06
2.004304e+06
2.004274e+06
2.004245e+06
2.004216e+06
2.004186e+06
2.004157e+06
2.004127e+06
2.004098e+06
2.004068e+06
2.004039e+06
2.004010e+06
2.003980e+06
2.003951e+06
2.003921e+06
2.003892e+06
2.003862e+06
2.003833e+06
2.003804e+06
2.003774e+06
2.003745e+06
2.003715e+06
2.003686e+06
2.003657e+06
2.003627e+06
2.003598e+06
2.003568e+06
2.003539e+06
2.003509e+06
2.003480e+06
2.003451e+06
2.003421e+06
2.003392e+06
2.003362e+06
2.003333e+06
2.003304e+06
2.003274e+06
2.003245e+06
2.003215e+06
2.003186e+06
2.003156e+06
2.003127e+06
2.003098e+06
2.003068e+06
2.003039e+06
2.003009e+06
2.002980e+06
2.002951e+06
2.002921e+06
2.002892e+06
2.002862e+06
2.002833e+06
2.002804e+06
2.002774e+06
2.002745e+06
2.002715e+06
2.002686e+06
2.002657e+06
2.002627e+06
2.002598e+06
2.002568e+06
2.002539e+06
2.002510e+06
2.002480e+06
2.002451e+06
2.002421e+06
2.002392e+06
2.002363e+06
2.002333e+06
2.002304e+06
2.002274e+06
2.002245e+06
2.002216e+06
2.002186e+06
2.002157e+06
2.002127e+06
2.002098e+06
2.002069e+06
2.002039e+06
2.002010e+06
2.001981e+06
2.001951e+06
2.001922e+06
2.001892e+06
2.001863e+06
2.001834e+06
2.001804e+06
2.001775e+06
2.001745e+06
2.001716e+06
2.001687e+06
2.001657e+06
2.001628e+06
2.001598e+06
2.001569e+06
2.001540e+06
2.001510e+06
2.001481e+06
2.001452e+06
2.001422e+06
2.001393e+06
2.001363e+06
2.001334e+06
2.001305e+06
2.001275e+06
2.001246e+06
2.001217e+06
2.001187e+06
2.001158e+06
2.001128e+06
2.001099e+06
2.001070e+06
2.001040e+06
2.001011e+06
2.000982e+06
2.000952e+06
2.000923e+06
2.000893e+06
2.000864e+06
2.000835e+06
2.000805e+06
2.000776e+06
2.000747e+06
2.000717e+06
2.000688e+06
2.000658e+06
2.000629e+06
2.000600e+06
2.000570e+06
2.000541e+06
2.000512e+06
2.000482e+06
2.000453e+06
2.000423e+06
2.000394e+06
2.000365e+06
2.000335e+06
2.000306e+06
2.000277e+06
2.000247e+06
2.000218e+06
2.000189e+06
2.000159e+06
2.000130e+06
2.000100e+06
2.000071e+06
2.000042e+06
2.000012e+06
1.999983e+06
1.999954e+06
1.999924e+06
1.999895e+06
1.999866e+06
1.999836e+06
1.999807e+06
1.999778e+06
1.999748e+06
1.999719e+06
1.999689e+06
1.999660e+06
1.999631e+06
1.999601e+06
1.999572e+06
1.999543e+06
1.999513e+06
1.999484e+06
1.999455e+06
1.999425e+06
1.999396e+06
1.999367e+06
1.999337e+06
1.999308e+06
1.999279e+06
1.999249e+06
1.999220e+06
1.999191e+06
1.999161e+06
1.999132e+06
1.999103e+06
1.999073e+06
1.999044e+06
1.999014e+06
1.998985e+06
1.998956e+06
1.998926e+06
1.998897e+06
1.998868e+06
1.998838e+06
1.998809e+06
1.998780e+06
1.998750e+06
1.998721e+06
1.998692e+06
1.998662e+06
1.998633e+06
1.998604e+06
1.998574e+06
1.998545e+06
1.998516e+06
1.998486e+06
1.998457e+06
1.998428e+06
1.998398e+06
1.998369e+06
1.998340e+06
1.998310e+06
1.998281e+06
1.998252e+06
1.998222e+06
1.998193e+06
1.998164e+06
1.998134e+06
1.998105e+06
1.998076e+06
1.998046e+06
1.998017e+06
1.997988e+06
1.997958e+06
1.997929e+06
1.997900e+06
1.997870e+06
1.997841e+06
1.997812e+06
1.997782e+06
1.997753e+06
1.997724e+06
1.997695e+06
1.997665e+06
1.997636e+06
1.997607e+06
1.997577e+06
1.997548e+06
1.997519e+06
1.997489e+06
1.997460e+06
1.997431e+06
1.997401e+06
1.997372e+06
1.997343e+06
1.997313e+06
1.997284e+06
1.997255e+06
1.997225e+06
1.997196e+06
1.997167e+06
1.997137e+06
1.997108e+06
1.997079e+06
1.997050e+06
1.997020e+06
1.996991e+06
1.996962e+06
1.996932e+06
1.996903e+06
1.996874e+06
1.996844e+06
1.996815e+06
1.996786e+06
1.996756e+06
1.996727e+06
1.996698e+06
1.996669e+06
1.996639e+06
1.996610e+06
1.996581e+06
1.996551e+06
1.996522e+06
1.996493e+06
1.996463e+06
1.996434e+06
1.996405e+06
1.996375e+06
1.996346e+06
1.996317e+06
1.996288e+06
1.996258e+06
1.996229e+06
1.996200e+06
1.996170e+06
1.996141e+06
1.996112e+06
1.996082e+06
1.996053e+06
1.996024e+06
1.995995e+06
1.995965e+06
1.995936e+06
1.995907e+06
1.995877e+06
1.995848e+06
1.995819e+06
1.995790e+06
1.995760e+06
1.995731e+06
1.995702e+06
1.995672e+06
1.995643e+06
1.995614e+06
1.995585e+06
1.995555e+06
1.995526e+06
1.995497e+06
1.995467e+06
1.995438e+06
1.995409e+06
1.995380e+06
1.995350e+06
1.995321e+06
