2.004688e+06
2.004662e+06
2.004636e+06
2.004610e+06
2.004583e+06
2.004557e+06
2.004531e+06
2.004505e+06
2.004479e+06
2.004453e+06
2.004426e+06
2.004400e+06
2.004374e+06
2.004348e+06
2.004322e+06
2.004296e+06
2.004269e+06
2.004243e+06
2.004217e+06
2.004191e+06
2.004165e+06
2.004139e+06
2.004113e+06
2.004086e+06
2.004060e+06
2.004034e+06
2.004008e+06
2.003982e+06
2.003956e+06
2.003929e+06
2.003903e+06
2.003877e+06
2.003851e+06
2.003825e+06
2.003799e+06
2.003773e+06
2.003746e+06
2.003720e+06
2.003694e+06
2.003668e+06
2.003642e+06
2.003616e+06
2.003590e+06
2.003563e+06
2.003537e+06
2.003511e+06
2.003485e+06
2.003459e+06
2.003433e+06
2.003406e+06
2.003380e+06
2.003354e+06
2.003328e+06
2.003302e+06
2.003276e+06
2.003250e+06
2.003223e+06
2.003197e+06
2.003171e+06
2.003145e+06
2.003119e+06
2.003093e+06
2.003067e+06
2.003040e+06
2.003014e+06
2.002988e+06
2.002962e+06
2.002936e+06
2.002910e+06
2.002884e+06
2.002858e+06
2.002831e+06
2.002805e+06
2.002779e+06
2.002753e+06
2.002727e+06
2.002701e+06
2.002675e+06
2.002648e+06
2.002622e+06
2.002596e+06
2.002570e+06
2.002544e+06
2.002518e+06
2.002492e+06
2.002466e+06
2.002439e+06
2.002413e+06
2.002387e+06
2.002361e+06
2.002335e+06
2.002309e+06
2.002283e+06
2.002256e+06
2.002230e+06
2.002204e+06
2.002178e+06
2.002152e+06
2.002126e+06
2.002100e+06
2.002074e+06
2.002047e+06
2.002021e+06
2.001995e+06
2.001969e+06
2.001943e+06
2.001917e+06
2.001891e+06
2.001865e+06
2.001838e+06
2.001812e+06
2.001786e+06
2.001760e+06
2.001734e+06
2.001708e+06
2.001682e+06
2.001656e+06
2.001629e+06
2.001603e+06
2.001577e+06
2.001551e+06
2.001525e+06
2.001499e+06
2.001473e+06
2.001447e+06
2.001421e+06
2.001394e+06
2.001368e+06
2.001342e+06
2.001316e+06
2.001290e+06
2.001264e+06
2.001238e+06
2.001212e+06
2.001186e+06
2.001159e+06
2.001133e+06
2.001107e+06
2.001081e+06
2.001055e+06
2.001029e+06
2.001003e+06
2.000977e+06
2.000950e+06
2.000924e+06
2.000898e+06
2.000872e+06
2.000846e+06
2.000820e+06
2.000794e+06
2.000768e+06
2.000742e+06
2.000716e+06
2.000689e+06
2.000663e+06
2.000637e+06
2.000611e+06
2.000585e+06
2.000559e+06
2.000533e+06
2.000507e+06
2.000481e+06
2.000454e+06
2.000428e+06
2.000402e+06
2.000376e+06
2.000350e+06
2.000324e+06
2.000298e+06
2.000272e+06
2.000246e+06
2.000220e+06
2.000193e+06
2.000167e+06
2.000141e+06
2.000115e+06
2.000089e+06
2.000063e+06
2.000037e+06
2.000011e+06
1.999985e+06
1.999959e+06
1.999932e+06
1.999906e+06
1.999880e+06
1.999854e+06
1.999828e+06
1.999802e+06
1.999776e+06
1.999750e+06
1.999724e+06
1.999698e+06
1.999672e+06
1.999645e+06
1.999619e+06
1.999593e+06
1.999567e+06
1.999541e+06
1.999515e+06
1.999489e+06
1.999463e+06
1.999437e+06
1.999411e+06
1.999385e+06
1.999358e+06
1.999332e+06
1.999306e+06
1.999280e+06
1.999254e+06
1.999228e+06
1.999202e+06
1.999176e+06
1.999150e+06
1.999124e+06
1.999098e+06
1.999072e+06
1.999045e+06
1.999019e+06
1.998993e+06
1.998967e+06
1.998941e+06
1.998915e+06
1.998889e+06
1.998863e+06
1.998837e+06
1.998811e+06
1.998785e+06
1.998759e+06
1.998732e+06
1.998706e+06
1.998680e+06
1.998654e+06
1.998628e+06
1.998602e+06
1.998576e+06
1.998550e+06
1.998524e+06
1.998498e+06
1.998472e+06
1.998446e+06
1.998420e+06
1.998393e+06
1.998367e+06
1.998341e+06
1.998315e+06
1.998289e+06
1.998263e+06
1.998237e+06
1.998211e+06
1.998185e+06
1.998159e+06
1.998133e+06
1.998107e+06
1.998081e+06
1.998055e+06
1.998028e+06
1.998002e+06
1.997976e+06
1.997950e+06
1.997924e+06
1.997898e+06
1.997872e+06
1.997846e+06
1.997820e+06
1.997794e+06
1.997768e+06
1.997742e+06
1.997716e+06
1.997690e+06
1.997664e+06
1.997637e+06
1.997611e+06
1.997585e+06
1.997559e+06
1.997533e+06
1.997507e+06
1.997481e+06
1.997455e+06
1.997429e+06
1.997403e+06
1.997377e+06
1.997351e+06
1.997325e+06
1.997299e+06
1.997273e+06
1.997247e+06
1.997221e+06
1.997194e+06
1.997168e+06
1.997142e+06
1.997116e+06
1.997090e+06
1.997064e+06
1.997038e+06
1.997012e+06
1.996986e+06
1.996960e+06
1.996934e+06
1.996908e+06
1.996882e+06
1.996856e+06
1.996830e+06
1.996804e+06
1.996778e+06
1.996752e+06
1.996726e+06
1.996699e+06
1.996673e+06
1.996647e+06
1.996621e+06
1.996595e+06
1.996569e+06
1.996543e+06
1.996517e+06
1.996491e+06
1.996465e+06
1.996439e+06
1.996413e+06
1.996387e+06
1.996361e+06
1.996335e+06
1.996309e+06
1.996283e+06
1.996257e+06
1.996231e+06
1.996205e+06
1.996179e+06
1.996152e+06
1.996126e+06
1.996100e+06
1.996074e+06
1.996048e+06
1.996022e+06
1.995996e+06
1.995970e+06
1.995944e+06
1.995918e+06
1.995892e+06
1.995866e+06
1.995840e+06
1.995814e+06
1.995788e+06
1.995762e+06
1.995736e+06
1.995710e+06
1.995684e+06
1.995658e+06
1.995632e+06
1.995606e+06
1.995580e+06
1.995554e+06
1.995528e+06
1.995502e+06
1.995476e+06
1.995449e+06
1.995423e+06
1.995397e+06
1.995371e+06
1.995345e+06
1.995319e+06
