2.004689e+06
2.004666e+06
2.004642e+06
2.004619e+06
2.004595e+06
2.004572e+06
2.004548e+06
2.004525e+06
2.004501e+06
2.004477e+06
2.004454e+06
2.004430e+06
2.004407e+06
2.004383e+06
2.004360e+06
2.004336e+06
2.004313e+06
2.004289e+06
2.004266e+06
2.004242e+06
2.004218e+06
2.004195e+06
2.004171e+06
2.004148e+06
2.004124e+06
2.004101e+06
2.004077e+06
2.004054e+06
2.004030e+06
2.004007e+06
2.003983e+06
2.003960e+06
2.003936e+06
2.003912e+06
2.003889e+06
2.003865e+06
2.003842e+06
2.003818e+06
2.003795e+06
2.003771e+06
2.003748e+06
2.003724e+06
2.003701e+06
2.003677e+06
2.003654e+06
2.003630e+06
2.003607e+06
2.003583e+06
2.003559e+06
2.003536e+06
2.003512e+06
2.003489e+06
2.003465e+06
2.003442e+06
2.003418e+06
2.003395e+06
2.003371e+06
2.003348e+06
2.003324e+06
2.003301e+06
2.003277e+06
2.003254e+06
2.003230e+06
2.003206e+06
2.003183e+06
2.003159e+06
2.003136e+06
2.003112e+06
2.003089e+06
2.003065e+06
2.003042e+06
2.003018e+06
2.002995e+06
2.002971e+06
2.002948e+06
2.002924e+06
2.002901e+06
2.002877e+06
2.002854e+06
2.002830e+06
2.002807e+06
2.002783e+06
2.002760e+06
2.002736e+06
2.002712e+06
2.002689e+06
2.002665e+06
2.002642e+06
2.002618e+06
2.002595e+06
2.002571e+06
2.002548e+06
2.002524e+06
2.002501e+06
2.002477e+06
2.002454e+06
2.002430e+06
2.002407e+06
2.002383e+06
2.002360e+06
2.002336e+06
2.002313e+06
2.002289e+06
2.002266e+06
2.002242e+06
2.002219e+06
2.002195e+06
2.002172e+06
2.002148e+06
2.002125e+06
2.002101e+06
2.002077e+06
2.002054e+06
2.002030e+06
2.002007e+06
2.001983e+06
2.001960e+06
2.001936e+06
2.001913e+06
2.001889e+06
2.001866e+06
2.001842e+06
2.001819e+06
2.001795e+06
2.001772e+06
2.001748e+06
2.001725e+06
2.001701e+06
2.001678e+06
2.001654e+06
2.001631e+06
2.001607e+06
2.001584e+06
2.001560e+06
2.001537e+06
2.001513e+06
2.001490e+06
2.001466e+06
2.001443e+06
2.001419e+06
2.001396e+06
2.001372e+06
2.001349e+06
2.001325e+06
2.001302e+06
2.001278e+06
2.001255e+06
2.001231e+06
2.001208e+06
2.001184e+06
2.001161e+06
2.001137e+06
2.001114e+06
2.001090e+06
2.001067e+06
2.001043e+06
2.001020e+06
2.000996e+06
2.000973e+06
2.000949e+06
2.000926e+06
2.000902e+06
2.000879e+06
2.000855e+06
2.000832e+06
2.000808e+06
2.000785e+06
2.000761e+06
2.000738e+06
2.000714e+06
2.000691e+06
2.000667e+06
2.000644e+06
2.000620e+06
2.000597e+06
2.000573e+06
2.000550e+06
2.000526e+06
2.000503e+06
2.000479e+06
2.000456e+06
2.000432e+06
2.000409e+06
2.000385e+06
2.000362e+06
2.000338e+06
2.000315e+06
2.000291e+06
2.000268e+06
2.000244e+06
2.000221e+06
2.000197e+06
2.000174e+06
2.000150e+06
2.000127e+06
2.000103e+06
2.000080e+06
2.000056e+06
2.000033e+06
2.000009e+06
1.999986e+06
1.999962e+06
1.999939e+06
1.999916e+06
1.999892e+06
1.999869e+06
1.999845e+06
1.999822e+06
1.999798e+06
1.999775e+06
1.999751e+06
1.999728e+06
1.999704e+06
1.999681e+06
1.999657e+06
1.999634e+06
1.999610e+06
1.999587e+06
1.999563e+06
1.999540e+06
1.999516e+06
1.999493e+06
1.999469e+06
1.999446e+06
1.999422e+06
1.999399e+06
1.999375e+06
1.999352e+06
1.999328e+06
1.999305e+06
1.999282e+06
1.999258e+06
1.999235e+06
1.999211e+06
1.999188e+06
1.999164e+06
1.999141e+06
1.999117e+06
1.999094e+06
1.999070e+06
1.999047e+06
1.999023e+06
1.999000e+06
1.998976e+06
1.998953e+06
1.998929e+06
1.998906e+06
1.998882e+06
1.998859e+06
1.998835e+06
1.998812e+06
1.998789e+06
1.998765e+06
1.998742e+06
1.998718e+06
1.998695e+06
1.998671e+06
1.998648e+06
1.998624e+06
1.998601e+06
1.998577e+06
1.998554e+06
1.998530e+06
1.998507e+06
1.998483e+06
1.998460e+06
1.998437e+06
1.998413e+06
1.998390e+06
1.998366e+06
1.998343e+06
1.998319e+06
1.998296e+06
1.998272e+06
1.998249e+06
1.998225e+06
1.998202e+06
1.998178e+06
1.998155e+06
1.998131e+06
1.998108e+06
1.998085e+06
1.998061e+06
1.998038e+06
1.998014e+06
1.997991e+06
1.997967e+06
1.997944e+06
1.997920e+06
1.997897e+06
1.997873e+06
1.997850e+06
1.997826e+06
1.997803e+06
1.997780e+06
1.997756e+06
1.997733e+06
1.997709e+06
1.997686e+06
1.997662e+06
1.997639e+06
1.997615e+06
1.997592e+06
1.997568e+06
1.997545e+06
1.997522e+06
1.997498e+06
1.997475e+06
1.997451e+06
1.997428e+06
1.997404e+06
1.997381e+06
1.997357e+06
1.997334e+06
1.997310e+06
1.997287e+06
1.997264e+06
1.997240e+06
1.997217e+06
1.997193e+06
1.997170e+06
1.997146e+06
1.997123e+06
1.997099e+06
1.997076e+06
1.997052e+06
1.997029e+06
1.997006e+06
1.996982e+06
1.996959e+06
1.996935e+06
1.996912e+06
1.996888e+06
1.996865e+06
1.996841e+06
1.996818e+06
1.996795e+06
1.996771e+06
1.996748e+06
1.996724e+06
1.996701e+06
1.996677e+06
1.996654e+06
1.996630e+06
1.996607e+06
1.996584e+06
1.996560e+06
1.996537e+06
1.996513e+06
1.996490e+06
1.996466e+06
1.996443e+06
1.996419e+06
1.996396e+06
1.996373e+06
1.996349e+06
1.996326e+06
1.996302e+06
1.996279e+06
1.996255e+06
1.996232e+06
1.996208e+06
1.996185e+06
1.996162e+06
1.996138e+06
1.996115e+06
1.996091e+06
1.996068e+06
1.996044e+06
1.996021e+06
1.995998e+06
1.995974e+06
1.995951e+06
1.995927e+06
1.995904e+06
1.995880e+06
1.995857e+06
1.995833e+06
1.995810e+06
1.995787e+06
1.995763e+06
1.995740e+06
1.995716e+06
1.995693e+06
1.995669e+06
1.995646e+06
1.995623e+06
1.995599e+06
1.995576e+06
1.995552e+06
1.995529e+06
1.995505e+06
1.995482e+06
1.995459e+06
1.995435e+06
1.995412e+06
1.995388e+06
1.995365e+06
1.995341e+06
1.995318e+06
