2.004690e+06
2.004669e+06
2.004648e+06
2.004626e+06
2.004605e+06
2.004583e+06
2.004562e+06
2.004541e+06
2.004519e+06
2.004498e+06
2.004476e+06
2.004455e+06
2.004434e+06
2.004412e+06
2.004391e+06
2.004369e+06
2.004348e+06
2.004327e+06
2.004305e+06
2.004284e+06
2.004262e+06
2.004241e+06
2.004220e+06
2.004198e+06
2.004177e+06
2.004155e+06
2.004134e+06
2.004113e+06
2.004091e+06
2.004070e+06
2.004048e+06
2.004027e+06
2.004006e+06
2.003984e+06
2.003963e+06
2.003941e+06
2.003920e+06
2.003899e+06
2.003877e+06
2.003856e+06
2.003834e+06
2.003813e+06
2.003792e+06
2.003770e+06
2.003749e+06
2.003727e+06
2.003706e+06
2.003685e+06
2.003663e+06
2.003642e+06
2.003620e+06
2.003599e+06
2.003578e+06
2.003556e+06
2.003535e+06
2.003513e+06
2.003492e+06
2.003471e+06
2.003449e+06
2.003428e+06
2.003406e+06
2.003385e+06
2.003364e+06
2.003342e+06
2.003321e+06
2.003300e+06
2.003278e+06
2.003257e+06
2.003235e+06
2.003214e+06
2.003193e+06
2.003171e+06
2.003150e+06
2.003128e+06
2.003107e+06
2.003086e+06
2.003064e+06
2.003043e+06
2.003021e+06
2.003000e+06
2.002979e+06
2.002957e+06
2.002936e+06
2.002915e+06
2.002893e+06
2.002872e+06
2.002850e+06
2.002829e+06
2.002808e+06
2.002786e+06
2.002765e+06
2.002743e+06
2.002722e+06
2.002701e+06
2.002679e+06
2.002658e+06
2.002637e+06
2.002615e+06
2.002594e+06
2.002572e+06
2.002551e+06
2.002530e+06
2.002508e+06
2.002487e+06
2.002466e+06
2.002444e+06
2.002423e+06
2.002401e+06
2.002380e+06
2.002359e+06
2.002337e+06
2.002316e+06
2.002294e+06
2.002273e+06
2.002252e+06
2.002230e+06
2.002209e+06
2.002188e+06
2.002166e+06
2.002145e+06
2.002123e+06
2.002102e+06
2.002081e+06
2.002059e+06
2.002038e+06
2.002017e+06
2.001995e+06
2.001974e+06
2.001952e+06
2.001931e+06
2.001910e+06
2.001888e+06
2.001867e+06
2.001846e+06
2.001824e+06
2.001803e+06
2.001781e+06
2.001760e+06
2.001739e+06
2.001717e+06
2.001696e+06
2.001675e+06
2.001653e+06
2.001632e+06
2.001610e+06
2.001589e+06
2.001568e+06
2.001546e+06
2.001525e+06
2.001504e+06
2.001482e+06
2.001461e+06
2.001440e+06
2.001418e+06
2.001397e+06
2.001375e+06
2.001354e+06
2.001333e+06
2.001311e+06
2.001290e+06
2.001269e+06
2.001247e+06
2.001226e+06
2.001204e+06
2.001183e+06
2.001162e+06
2.001140e+06
2.001119e+06
2.001098e+06
2.001076e+06
2.001055e+06
2.001034e+06
2.001012e+06
2.000991e+06
2.000969e+06
2.000948e+06
2.000927e+06
2.000905e+06
2.000884e+06
2.000863e+06
2.000841e+06
2.000820e+06
2.000799e+06
2.000777e+06
2.000756e+06
2.000735e+06
2.000713e+06
2.000692e+06
2.000670e+06
2.000649e+06
2.000628e+06
2.000606e+06
2.000585e+06
2.000564e+06
2.000542e+06
2.000521e+06
2.000500e+06
2.000478e+06
2.000457e+06
2.000435e+06
2.000414e+06
2.000393e+06
2.000371e+06
2.000350e+06
2.000329e+06
2.000307e+06
2.000286e+06
2.000265e+06
2.000243e+06
2.000222e+06
2.000201e+06
2.000179e+06
2.000158e+06
2.000137e+06
2.000115e+06
2.000094e+06
2.000072e+06
2.000051e+06
2.000030e+06
2.000008e+06
1.999987e+06
1.999966e+06
1.999944e+06
1.999923e+06
1.999902e+06
1.999880e+06
1.999859e+06
1.999838e+06
1.999816e+06
1.999795e+06
1.999774e+06
1.999752e+06
1.999731e+06
1.999709e+06
1.999688e+06
1.999667e+06
1.999645e+06
1.999624e+06
1.999603e+06
1.999581e+06
1.999560e+06
1.999539e+06
1.999517e+06
1.999496e+06
1.999475e+06
1.999453e+06
1.999432e+06
1.999411e+06
1.999389e+06
1.999368e+06
1.999347e+06
1.999325e+06
1.999304e+06
1.999283e+06
1.999261e+06
1.999240e+06
1.999219e+06
1.999197e+06
1.999176e+06
1.999155e+06
1.999133e+06
1.999112e+06
1.999090e+06
1.999069e+06
1.999048e+06
1.999026e+06
1.999005e+06
1.998984e+06
1.998962e+06
1.998941e+06
1.998920e+06
1.998898e+06
1.998877e+06
1.998856e+06
1.998834e+06
1.998813e+06
1.998792e+06
1.998770e+06
1.998749e+06
1.998728e+06
1.998706e+06
1.998685e+06
1.998664e+06
1.998642e+06
1.998621e+06
1.998600e+06
1.998578e+06
1.998557e+06
1.998536e+06
1.998514e+06
1.998493e+06
1.998472e+06
1.998450e+06
1.998429e+06
1.998408e+06
1.998386e+06
1.998365e+06
1.998344e+06
1.998322e+06
1.998301e+06
1.998280e+06
1.998258e+06
1.998237e+06
1.998216e+06
1.998194e+06
1.998173e+06
1.998152e+06
1.998130e+06
1.998109e+06
1.998088e+06
1.998066e+06
1.998045e+06
1.998024e+06
1.998002e+06
1.997981e+06
1.997960e+06
1.997938e+06
1.997917e+06
1.997896e+06
1.997874e+06
1.997853e+06
1.997832e+06
1.997810e+06
1.997789e+06
1.997768e+06
1.997746e+06
1.997725e+06
1.997704e+06
1.997683e+06
1.997661e+06
1.997640e+06
1.997619e+06
1.997597e+06
1.997576e+06
1.997555e+06
1.997533e+06
1.997512e+06
1.997491e+06
1.997469e+06
1.997448e+06
1.997427e+06
1.997405e+06
1.997384e+06
1.997363e+06
1.997341e+06
1.997320e+06
1.997299e+06
1.997277e+06
1.997256e+06
1.997235e+06
1.997213e+06
1.997192e+06
1.997171e+06
1.997149e+06
1.997128e+06
1.997107e+06
1.997086e+06
1.997064e+06
1.997043e+06
1.997022e+06
1.997000e+06
1.996979e+06
1.996958e+06
1.996936e+06
1.996915e+06
1.996894e+06
1.996872e+06
1.996851e+06
1.996830e+06
1.996808e+06
1.996787e+06
1.996766e+06
1.996744e+06
1.996723e+06
1.996702e+06
1.996681e+06
1.996659e+06
1.996638e+06
1.996617e+06
1.996595e+06
1.996574e+06
1.996553e+06
1.996531e+06
1.996510e+06
1.996489e+06
1.996467e+06
1.996446e+06
1.996425e+06
1.996403e+06
1.996382e+06
1.996361e+06
1.996340e+06
1.996318e+06
1.996297e+06
1.996276e+06
1.996254e+06
1.996233e+06
1.996212e+06
1.996190e+06
1.996169e+06
1.996148e+06
1.996126e+06
1.996105e+06
1.996084e+06
1.996063e+06
1.996041e+06
1.996020e+06
1.995999e+06
1.995977e+06
1.995956e+06
1.995935e+06
1.995913e+06
1.995892e+06
1.995871e+06
1.995849e+06
1.995828e+06
1.995807e+06
1.995786e+06
1.995764e+06
1.995743e+06
1.995722e+06
1.995700e+06
1.995679e+06
1.995658e+06
1.995636e+06
1.995615e+06
1.995594e+06
1.995573e+06
1.995551e+06
1.995530e+06
1.995509e+06
1.995487e+06
1.995466e+06
1.995445e+06
1.995423e+06
1.995402e+06
1.995381e+06
1.995360e+06
1.995338e+06
1.995317e+06
