2.004691e+06
2.004672e+06
2.004652e+06
2.004632e+06
2.004613e+06
2.004593e+06
2.004574e+06
2.004554e+06
2.004534e+06
2.004515e+06
2.004495e+06
2.004475e+06
2.004456e+06
2.004436e+06
2.004417e+06
2.004397e+06
2.004377e+06
2.004358e+06
2.004338e+06
2.004319e+06
2.004299e+06
2.004279e+06
2.004260e+06
2.004240e+06
2.004220e+06
2.004201e+06
2.004181e+06
2.004162e+06
2.004142e+06
2.004122e+06
2.004103e+06
2.004083e+06
2.004063e+06
2.004044e+06
2.004024e+06
2.004005e+06
2.003985e+06
2.003965e+06
2.003946e+06
2.003926e+06
2.003907e+06
2.003887e+06
2.003867e+06
2.003848e+06
2.003828e+06
2.003809e+06
2.003789e+06
2.003769e+06
2.003750e+06
2.003730e+06
2.003710e+06
2.003691e+06
2.003671e+06
2.003652e+06
2.003632e+06
2.003612e+06
2.003593e+06
2.003573e+06
2.003554e+06
2.003534e+06
2.003514e+06
2.003495e+06
2.003475e+06
2.003456e+06
2.003436e+06
2.003416e+06
2.003397e+06
2.003377e+06
2.003357e+06
2.003338e+06
2.003318e+06
2.003299e+06
2.003279e+06
2.003259e+06
2.003240e+06
2.003220e+06
2.003201e+06
2.003181e+06
2.003161e+06
2.003142e+06
2.003122e+06
2.003103e+06
2.003083e+06
2.003063e+06
2.003044e+06
2.003024e+06
2.003005e+06
2.002985e+06
2.002965e+06
2.002946e+06
2.002926e+06
2.002907e+06
2.002887e+06
2.002867e+06
2.002848e+06
2.002828e+06
2.002809e+06
2.002789e+06
2.002769e+06
2.002750e+06
2.002730e+06
2.002711e+06
2.002691e+06
2.002671e+06
2.002652e+06
2.002632e+06
2.002613e+06
2.002593e+06
2.002573e+06
2.002554e+06
2.002534e+06
2.002515e+06
2.002495e+06
2.002475e+06
2.002456e+06
2.002436e+06
2.002417e+06
2.002397e+06
2.002377e+06
2.002358e+06
2.002338e+06
2.002319e+06
2.002299e+06
2.002279e+06
2.002260e+06
2.002240e+06
2.002221e+06
2.002201e+06
2.002181e+06
2.002162e+06
2.002142e+06
2.002123e+06
2.002103e+06
2.002083e+06
2.002064e+06
2.002044e+06
2.002025e+06
2.002005e+06
2.001985e+06
2.001966e+06
2.001946e+06
2.001927e+06
2.001907e+06
2.001887e+06
2.001868e+06
2.001848e+06
2.001829e+06
2.001809e+06
2.001789e+06
2.001770e+06
2.001750e+06
2.001731e+06
2.001711e+06
2.001692e+06
2.001672e+06
2.001652e+06
2.001633e+06
2.001613e+06
2.001594e+06
2.001574e+06
2.001554e+06
2.001535e+06
2.001515e+06
2.001496e+06
2.001476e+06
2.001456e+06
2.001437e+06
2.001417e+06
2.001398e+06
2.001378e+06
2.001359e+06
2.001339e+06
2.001319e+06
2.001300e+06
2.001280e+06
2.001261e+06
2.001241e+06
2.001221e+06
2.001202e+06
2.001182e+06
2.001163e+06
2.001143e+06
2.001123e+06
2.001104e+06
2.001084e+06
2.001065e+06
2.001045e+06
2.001026e+06
2.001006e+06
2.000986e+06
2.000967e+06
2.000947e+06
2.000928e+06
2.000908e+06
2.000888e+06
2.000869e+06
2.000849e+06
2.000830e+06
2.000810e+06
2.000791e+06
2.000771e+06
2.000751e+06
2.000732e+06
2.000712e+06
2.000693e+06
2.000673e+06
2.000654e+06
2.000634e+06
2.000614e+06
2.000595e+06
2.000575e+06
2.000556e+06
2.000536e+06
2.000516e+06
2.000497e+06
2.000477e+06
2.000458e+06
2.000438e+06
2.000419e+06
2.000399e+06
2.000379e+06
2.000360e+06
2.000340e+06
2.000321e+06
2.000301e+06
2.000282e+06
2.000262e+06
2.000242e+06
2.000223e+06
2.000203e+06
2.000184e+06
2.000164e+06
2.000145e+06
2.000125e+06
2.000105e+06
2.000086e+06
2.000066e+06
2.000047e+06
2.000027e+06
2.000008e+06
1.999988e+06
1.999968e+06
1.999949e+06
1.999929e+06
1.999910e+06
1.999890e+06
1.999871e+06
1.999851e+06
1.999831e+06
1.999812e+06
1.999792e+06
1.999773e+06
1.999753e+06
1.999734e+06
1.999714e+06
1.999694e+06
1.999675e+06
1.999655e+06
1.999636e+06
1.999616e+06
1.999597e+06
1.999577e+06
1.999557e+06
1.999538e+06
1.999518e+06
1.999499e+06
1.999479e+06
1.999460e+06
1.999440e+06
1.999420e+06
1.999401e+06
1.999381e+06
1.999362e+06
1.999342e+06
1.999323e+06
1.999303e+06
1.999283e+06
1.999264e+06
1.999244e+06
1.999225e+06
1.999205e+06
1.999186e+06
1.999166e+06
1.999147e+06
1.999127e+06
1.999107e+06
1.999088e+06
1.999068e+06
1.999049e+06
1.999029e+06
1.999010e+06
1.998990e+06
1.998970e+06
1.998951e+06
1.998931e+06
1.998912e+06
1.998892e+06
1.998873e+06
1.998853e+06
1.998834e+06
1.998814e+06
1.998794e+06
1.998775e+06
1.998755e+06
1.998736e+06
1.998716e+06
1.998697e+06
1.998677e+06
1.998657e+06
1.998638e+06
1.998618e+06
1.998599e+06
1.998579e+06
1.998560e+06
1.998540e+06
1.998521e+06
1.998501e+06
1.998481e+06
1.998462e+06
1.998442e+06
1.998423e+06
1.998403e+06
1.998384e+06
1.998364e+06
1.998345e+06
1.998325e+06
1.998305e+06
1.998286e+06
1.998266e+06
1.998247e+06
1.998227e+06
1.998208e+06
1.998188e+06
1.998169e+06
1.998149e+06
1.998130e+06
1.998110e+06
1.998090e+06
1.998071e+06
1.998051e+06
1.998032e+06
1.998012e+06
1.997993e+06
1.997973e+06
1.997954e+06
1.997934e+06
1.997914e+06
1.997895e+06
1.997875e+06
1.997856e+06
1.997836e+06
1.997817e+06
1.997797e+06
1.997778e+06
1.997758e+06
1.997738e+06
1.997719e+06
1.997699e+06
1.997680e+06
1.997660e+06
1.997641e+06
1.997621e+06
1.997602e+06
1.997582e+06
1.997563e+06
1.997543e+06
1.997523e+06
1.997504e+06
1.997484e+06
1.997465e+06
1.997445e+06
1.997426e+06
1.997406e+06
1.997387e+06
1.997367e+06
1.997348e+06
1.997328e+06
1.997308e+06
1.997289e+06
1.997269e+06
1.997250e+06
1.997230e+06
1.997211e+06
1.997191e+06
1.997172e+06
1.997152e+06
1.997133e+06
1.997113e+06
1.997094e+06
1.997074e+06
1.997054e+06
1.997035e+06
1.997015e+06
1.996996e+06
1.996976e+06
1.996957e+06
1.996937e+06
1.996918e+06
1.996898e+06
1.996879e+06
1.996859e+06
1.996839e+06
1.996820e+06
1.996800e+06
1.996781e+06
1.996761e+06
1.996742e+06
1.996722e+06
1.996703e+06
1.996683e+06
1.996664e+06
1.996644e+06
1.996625e+06
1.996605e+06
1.996585e+06
1.996566e+06
1.996546e+06
1.996527e+06
1.996507e+06
1.996488e+06
1.996468e+06
1.996449e+06
1.996429e+06
1.996410e+06
1.996390e+06
1.996371e+06
1.996351e+06
1.996332e+06
1.996312e+06
1.996292e+06
1.996273e+06
1.996253e+06
1.996234e+06
1.996214e+06
1.996195e+06
1.996175e+06
1.996156e+06
1.996136e+06
1.996117e+06
1.996097e+06
1.996078e+06
1.996058e+06
1.996039e+06
1.996019e+06
1.995999e+06
1.995980e+06
1.995960e+06
1.995941e+06
1.995921e+06
1.995902e+06
1.995882e+06
1.995863e+06
1.995843e+06
1.995824e+06
1.995804e+06
1.995785e+06
1.995765e+06
1.995746e+06
1.995726e+06
1.995707e+06
1.995687e+06
1.995668e+06
1.995648e+06
1.995628e+06
1.995609e+06
1.995589e+06
1.995570e+06
1.995550e+06
1.995531e+06
1.995511e+06
1.995492e+06
1.995472e+06
1.995453e+06
1.995433e+06
1.995414e+06
1.995394e+06
1.995375e+06
1.995355e+06
1.995336e+06
1.995316e+06
