2.000464e+06
2.000452e+06
2.000440e+06
2.000429e+06
2.000417e+06
2.000405e+06
2.000393e+06
2.000382e+06
2.000370e+06
2.000358e+06
2.000346e+06
2.000335e+06
2.000323e+06
2.000311e+06
2.000299e+06
2.000288e+06
2.000276e+06
2.000264e+06
2.000252e+06
2.000241e+06
2.000229e+06
2.000217e+06
2.000206e+06
2.000194e+06
2.000182e+06
2.000170e+06
2.000159e+06
2.000147e+06
2.000135e+06
2.000123e+06
2.000112e+06
2.000100e+06
2.000088e+06
2.000076e+06
2.000065e+06
2.000053e+06
2.000041e+06
2.000029e+06
2.000018e+06
2.000006e+06
1.999994e+06
1.999982e+06
1.999971e+06
1.999959e+06
1.999947e+06
1.999935e+06
1.999924e+06
1.999912e+06
1.999900e+06
1.999888e+06
1.999877e+06
1.999865e+06
1.999853e+06
1.999841e+06
1.999830e+06
1.999818e+06
1.999806e+06
1.999794e+06
1.999783e+06
1.999771e+06
1.999759e+06
1.999748e+06
1.999736e+06
1.999724e+06
1.999712e+06
1.999701e+06
1.999689e+06
1.999677e+06
1.999665e+06
1.999654e+06
1.999642e+06
1.999630e+06
1.999618e+06
1.999607e+06
1.999595e+06
1.999583e+06
1.999571e+06
1.999560e+06
1.999548e+06
1.999536e+06
