2.000466e+06
2.000458e+06
2.000450e+06
2.000442e+06
2.000435e+06
2.000427e+06
2.000419e+06
2.000411e+06
2.000403e+06
2.000395e+06
2.000388e+06
2.000380e+06
2.000372e+06
2.000364e+06
2.000356e+06
2.000348e+06
2.000341e+06
2.000333e+06
2.000325e+06
2.000317e+06
2.000309e+06
2.000301e+06
2.000294e+06
2.000286e+06
2.000278e+06
2.000270e+06
2.000262e+06
2.000254e+06
2.000247e+06
2.000239e+06
2.000231e+06
2.000223e+06
2.000215e+06
2.000207e+06
2.000200e+06
2.000192e+06
2.000184e+06
2.000176e+06
2.000168e+06
2.000160e+06
2.000153e+06
2.000145e+06
2.000137e+06
2.000129e+06
2.000121e+06
2.000114e+06
2.000106e+06
2.000098e+06
2.000090e+06
2.000082e+06
2.000074e+06
2.000067e+06
2.000059e+06
2.000051e+06
2.000043e+06
2.000035e+06
2.000027e+06
2.000020e+06
2.000012e+06
2.000004e+06
1.999996e+06
1.999988e+06
1.999980e+06
1.999973e+06
1.999965e+06
1.999957e+06
1.999949e+06
1.999941e+06
1.999933e+06
1.999926e+06
1.999918e+06
1.999910e+06
1.999902e+06
1.999894e+06
1.999886e+06
1.999879e+06
1.999871e+06
1.999863e+06
1.999855e+06
1.999847e+06
1.999839e+06
1.999832e+06
1.999824e+06
1.999816e+06
1.999808e+06
1.999800e+06
1.999793e+06
1.999785e+06
1.999777e+06
1.999769e+06
1.999761e+06
1.999753e+06
1.999746e+06
1.999738e+06
1.999730e+06
1.999722e+06
1.999714e+06
1.999706e+06
1.999699e+06
1.999691e+06
1.999683e+06
1.999675e+06
1.999667e+06
1.999659e+06
1.999652e+06
1.999644e+06
1.999636e+06
1.999628e+06
1.999620e+06
1.999612e+06
1.999605e+06
1.999597e+06
1.999589e+06
1.999581e+06
1.999573e+06
1.999566e+06
1.999558e+06
1.999550e+06
1.999542e+06
1.999534e+06
