2.014496e+06
2.013752e+06
2.013009e+06
2.012266e+06
2.011522e+06
2.010779e+06
2.010035e+06
2.009292e+06
2.008549e+06
2.007805e+06
2.007062e+06
2.006319e+06
2.005575e+06
2.004832e+06
2.004088e+06
2.003345e+06
2.002602e+06
2.001858e+06
2.001115e+06
2.000372e+06
1.999628e+06
1.998885e+06
1.998141e+06
1.997398e+06
1.996655e+06
1.995911e+06
1.995168e+06
1.994425e+06
1.993681e+06
1.992938e+06
1.992195e+06
1.991451e+06
1.990708e+06
1.989965e+06
1.989221e+06
1.988478e+06
1.987735e+06
1.986991e+06
1.986248e+06
1.985505e+06
