 1.83722E-03
 1.83625E-03
 1.83591E-03
 1.83536E-03
 1.83477E-03
 1.83415E-03
 1.83349E-03
 1.83281E-03
 1.83209E-03
 1.83135E-03
 1.83057E-03
 1.82975E-03
 1.82891E-03
 1.82802E-03
 1.82722E-03
 1.82654E-03
 1.82570E-03
 1.82491E-03
 1.82388E-03
 1.82293E-03
 1.82217E-03
 1.82126E-03
 1.82059E-03
 1.81993E-03
 1.81918E-03
 1.81843E-03
 1.81800E-03
 1.81701E-03
 1.81667E-03
 1.81572E-03
 1.81521E-03
 1.81447E-03
 1.81392E-03
 1.81333E-03
 1.81267E-03
 1.81204E-03
 1.81169E-03
 1.81079E-03
 1.81028E-03
 1.80965E-03
 1.80907E-03
 1.80840E-03
 1.80790E-03
 1.80739E-03
 1.80668E-03
 1.80626E-03
 1.80555E-03
 1.80493E-03
 1.80462E-03
 1.80379E-03
 1.80329E-03
 1.80290E-03
 1.80223E-03
 1.80169E-03
 1.80110E-03
 1.80056E-03
 1.80009E-03
 1.79950E-03
 1.79888E-03
 1.79845E-03
 1.79794E-03
 1.79728E-03
 1.79681E-03
 1.79638E-03
 1.79568E-03
 1.79521E-03
 1.79475E-03
 1.79412E-03
 1.79365E-03
 1.79315E-03
 1.79252E-03
 1.79205E-03
 1.79159E-03
 1.79108E-03
 1.79042E-03
 1.78999E-03
 1.78960E-03
 1.78905E-03
 1.78851E-03
 1.78792E-03
 1.78754E-03
 1.78691E-03
 1.78652E-03
 1.78594E-03
 1.78539E-03
 1.78484E-03
 1.78442E-03
 1.78411E-03
 1.78344E-03
 1.78286E-03
 1.78231E-03
 1.78200E-03
 1.78150E-03
 1.78087E-03
 1.78045E-03
 1.78002E-03
 1.77947E-03
 1.77901E-03
 1.77846E-03
 1.77807E-03
 1.77753E-03
 1.77698E-03
 1.77647E-03
 1.77621E-03
 1.77566E-03
 1.77511E-03
 1.77449E-03
 1.77414E-03
 1.77383E-03
 1.77325E-03
 1.77266E-03
 1.77220E-03
 1.77189E-03
 1.77126E-03
 1.77080E-03
 1.77033E-03
 1.76994E-03
 1.76956E-03
 1.76881E-03
 1.76834E-03
 1.76796E-03
 1.76761E-03
 1.76718E-03
 1.76660E-03
 1.76593E-03
 1.76566E-03
 1.76532E-03
 1.76469E-03
 1.76414E-03
 1.76372E-03
 1.76321E-03
 1.76282E-03
 1.76236E-03
 1.76185E-03
 1.76143E-03
 1.76104E-03
 1.76065E-03
 1.76003E-03
 1.75964E-03
 1.75905E-03
 1.75871E-03
 1.75832E-03
 1.75777E-03
 1.75719E-03
 1.75684E-03
 1.75637E-03
 1.75603E-03
 1.75560E-03
 1.75505E-03
 1.75451E-03
 1.75412E-03
 1.75381E-03
 1.75335E-03
 1.75268E-03
 1.75241E-03
 1.75183E-03
 1.75132E-03
 1.75109E-03
 1.75063E-03
 1.75000E-03
 1.74949E-03
 1.74927E-03
 1.74876E-03
 1.74833E-03
 1.74787E-03
 1.74736E-03
 1.74686E-03
 1.74655E-03
 1.74620E-03
 1.74577E-03
 1.74507E-03
 1.74468E-03
 1.74422E-03
 1.74379E-03
 1.74352E-03
 1.74298E-03
 1.74251E-03
 1.74196E-03
 1.74158E-03
 1.74115E-03
 1.74088E-03
 1.74030E-03
 1.73991E-03
 1.73940E-03
 1.73910E-03
 1.73859E-03
 1.73816E-03
 1.73774E-03
 1.73719E-03
 1.73676E-03
 1.73650E-03
 1.73603E-03
 1.73572E-03
 1.73502E-03
 1.73451E-03
 1.73408E-03
 1.73374E-03
 1.73339E-03
 1.73300E-03
 1.73270E-03
 1.73199E-03
 1.73156E-03
 1.73110E-03
 1.73067E-03
 1.73048E-03
 1.72998E-03
 1.72939E-03
 1.72908E-03
 1.72870E-03
 1.72815E-03
 1.72780E-03
 1.72734E-03
 1.72695E-03
 1.72640E-03
 1.72594E-03
 1.72559E-03
 1.72536E-03
 1.72494E-03
 1.72435E-03
 1.72388E-03
 1.72334E-03
 1.72303E-03
 1.72264E-03
 1.72218E-03
 1.72199E-03
 1.72156E-03
 1.72102E-03
 1.72047E-03
 1.72004E-03
 1.71966E-03
 1.71911E-03
 1.71888E-03
 1.71842E-03
 1.71807E-03
 1.71756E-03
 1.71718E-03
 1.71671E-03
 1.71632E-03
 1.71598E-03
 1.71535E-03
 1.71493E-03
 1.71454E-03
 1.71415E-03
 1.71380E-03
 1.71346E-03
 1.71303E-03
 1.71260E-03
 1.71206E-03
 1.71147E-03
 1.71117E-03
 1.71090E-03
 1.71043E-03
 1.71012E-03
 1.70974E-03
 1.70915E-03
 1.70877E-03
 1.70830E-03
 1.70787E-03
 1.70745E-03
 1.70722E-03
 1.70683E-03
 1.70625E-03
 1.70578E-03
 1.70543E-03
 1.70497E-03
 1.70474E-03
 1.70419E-03
 1.70389E-03
 1.70342E-03
 1.70283E-03
 1.70257E-03
 1.70206E-03
 1.70171E-03
 1.70141E-03
 1.70094E-03
 1.70067E-03
 1.70013E-03
 1.69954E-03
 1.69915E-03
 1.69877E-03
 1.69846E-03
 1.69811E-03
 1.69780E-03
 1.69722E-03
 1.69671E-03
 1.69637E-03
 1.69594E-03
 1.69555E-03
 1.69517E-03
 1.69482E-03
 1.69451E-03
 1.69405E-03
 1.69354E-03
 1.69295E-03
 1.69277E-03
 1.69226E-03
 1.69187E-03
 1.69161E-03
 1.69126E-03
 1.69067E-03
 1.69037E-03
 1.68982E-03
 1.68943E-03
 1.68901E-03
 1.68874E-03
 1.68839E-03
 1.68797E-03
 1.68738E-03
 1.68699E-03
 1.68665E-03
 1.68630E-03
 1.68579E-03
 1.68549E-03
 1.68510E-03
 1.68475E-03
 1.68417E-03
 1.68366E-03
 1.68331E-03
 1.68289E-03
 1.68262E-03
 1.68235E-03
 1.68193E-03
 1.68154E-03
 1.68099E-03
 1.68061E-03
 1.68006E-03
 1.67967E-03
 1.67941E-03
 1.67902E-03
 1.67859E-03
 1.67837E-03
 1.67810E-03
 1.67743E-03
 1.67701E-03
 1.67666E-03
 1.67607E-03
 1.67577E-03
 1.67542E-03
 1.67503E-03
 1.67465E-03
 1.67414E-03
 1.67379E-03
 1.67333E-03
 1.67314E-03
 1.67271E-03
 1.67229E-03
 1.67178E-03
 1.67143E-03
 1.67121E-03
 1.67050E-03
 1.67011E-03
 1.66973E-03
 1.66934E-03
 1.66907E-03
 1.66885E-03
 1.66834E-03
 1.66795E-03
 1.66753E-03
 1.66710E-03
 1.66663E-03
 1.66621E-03
 1.66574E-03
 1.66535E-03
 1.66513E-03
 1.66478E-03
 1.66459E-03
 1.66401E-03
 1.66354E-03
 1.66299E-03
 1.66265E-03
 1.66242E-03
 1.66195E-03
 1.66149E-03
 1.66114E-03
 1.66091E-03
 1.66041E-03
 1.66002E-03
 1.65959E-03
 1.65913E-03
 1.65866E-03
 1.65843E-03
 1.65809E-03
 1.65766E-03
 1.65751E-03
 1.65681E-03
 1.65642E-03
 1.65595E-03
 1.65569E-03
 1.65518E-03
 1.65487E-03
 1.65453E-03
 1.65410E-03
 1.65375E-03
 1.65337E-03
 1.65286E-03
 1.65255E-03
 1.65209E-03
 1.65170E-03
 1.65135E-03
 1.65093E-03
 1.65074E-03
 1.65031E-03
 1.64997E-03
 1.64938E-03
 1.64887E-03
 1.64849E-03
 1.64818E-03
 1.64783E-03
 1.64753E-03
 1.64726E-03
 1.64675E-03
 1.64641E-03
 1.64610E-03
 1.64567E-03
 1.64505E-03
 1.64458E-03
 1.64423E-03
 1.64385E-03
 1.64354E-03
 1.64327E-03
 1.64304E-03
 1.64258E-03
 1.64211E-03
 1.64173E-03
 1.64130E-03
 1.64099E-03
 1.64057E-03
 1.64002E-03
 1.63967E-03
 1.63929E-03
 1.63906E-03
 1.63879E-03
 1.63825E-03
 1.63774E-03
 1.63735E-03
 1.63705E-03
 1.63670E-03
 1.63647E-03
 1.63593E-03
 1.63554E-03
 1.63523E-03
 1.63477E-03
 1.63434E-03
 1.63391E-03
 1.63349E-03
 1.63314E-03
 1.63275E-03
 1.63233E-03
 1.63214E-03
 1.63191E-03
 1.63141E-03
 1.63106E-03
 1.63055E-03
 1.63013E-03
 1.62970E-03
 1.62919E-03
 1.62889E-03
 1.62858E-03
 1.62827E-03
 1.62793E-03
 1.62758E-03
 1.62731E-03
 1.62673E-03
 1.62626E-03
 1.62587E-03
 1.62557E-03
 1.62510E-03
 1.62475E-03
 1.62445E-03
 1.62394E-03
 1.62375E-03
 1.62348E-03
 1.62310E-03
 1.62255E-03
 1.62201E-03
 1.62166E-03
 1.62123E-03
 1.62097E-03
 1.62062E-03
 1.62023E-03
 1.61985E-03
 1.61962E-03
 1.61931E-03
 1.61880E-03
 1.61826E-03
 1.61799E-03
 1.61757E-03
 1.61718E-03
 1.61667E-03
 1.61633E-03
 1.61614E-03
 1.61575E-03
 1.61548E-03
 1.61494E-03
 1.61447E-03
 1.61413E-03
 1.61382E-03
 1.61347E-03
 1.61312E-03
 1.61274E-03
 1.61235E-03
 1.61185E-03
 1.61158E-03
 1.61127E-03
 1.61076E-03
 1.61030E-03
 1.60987E-03
 1.60957E-03
 1.60926E-03
 1.60883E-03
 1.60845E-03
 1.60834E-03
 1.60803E-03
 1.60768E-03
 1.60714E-03
 1.60659E-03
 1.60617E-03
 1.60570E-03
 1.60535E-03
 1.60501E-03
 1.60474E-03
 1.60435E-03
 1.60400E-03
 1.60366E-03
 1.60343E-03
 1.60308E-03
 1.60266E-03
 1.60215E-03
 1.60172E-03
 1.60126E-03
 1.60075E-03
 1.60045E-03
 1.60022E-03
 1.59991E-03
 1.59964E-03
 1.59926E-03
 1.59891E-03
 1.59840E-03
 1.59802E-03
 1.59771E-03
 1.59724E-03
 1.59682E-03
 1.59647E-03
 1.59612E-03
 1.59574E-03
 1.59539E-03
 1.59504E-03
 1.59486E-03
 1.59443E-03
 1.59392E-03
 1.59338E-03
 1.59303E-03
 1.59284E-03
 1.59242E-03
 1.59191E-03
 1.59156E-03
 1.59134E-03
 1.59115E-03
 1.59060E-03
 1.59030E-03
 1.58995E-03
 1.58944E-03
 1.58890E-03
 1.58871E-03
 1.58840E-03
 1.58798E-03
 1.58767E-03
 1.58712E-03
 1.58674E-03
 1.58655E-03
 1.58624E-03
 1.58574E-03
 1.58539E-03
 1.58492E-03
 1.58458E-03
 1.58411E-03
 1.58380E-03
 1.58354E-03
 1.58327E-03
 1.58300E-03
 1.58258E-03
 1.58207E-03
 1.58164E-03
 1.58126E-03
 1.58071E-03
 1.58048E-03
 1.58010E-03
 1.57975E-03
 1.57932E-03
 1.57898E-03
 1.57875E-03
 1.57840E-03
 1.57810E-03
 1.57783E-03
 1.57752E-03
 1.57694E-03
 1.57639E-03
 1.57592E-03
 1.57558E-03
 1.57527E-03
 1.57492E-03
 1.57466E-03
 1.57415E-03
 1.57388E-03
 1.57369E-03
 1.57331E-03
 1.57300E-03
 1.57257E-03
 1.57195E-03
 1.57168E-03
 1.57118E-03
 1.57091E-03
 1.57056E-03
 1.57029E-03
 1.56991E-03
 1.56936E-03
 1.56906E-03
 1.56887E-03
 1.56872E-03
 1.56817E-03
 1.56759E-03
 1.56720E-03
 1.56678E-03
 1.56639E-03
 1.56612E-03
 1.56570E-03
 1.56547E-03
 1.56520E-03
 1.56473E-03
 1.56451E-03
 1.56412E-03
 1.56377E-03
 1.56343E-03
 1.56288E-03
 1.56261E-03
 1.56223E-03
 1.56164E-03
 1.56126E-03
 1.56091E-03
 1.56068E-03
 1.56037E-03
 1.56015E-03
 1.55960E-03
 1.55945E-03
 1.55883E-03
 1.55848E-03
 1.55817E-03
 1.55783E-03
 1.55744E-03
 1.55725E-03
 1.55663E-03
 1.55628E-03
 1.55585E-03
 1.55555E-03
 1.55536E-03
 1.55489E-03
 1.55439E-03
 1.55412E-03
 1.55373E-03
 1.55347E-03
 1.55300E-03
 1.55261E-03
 1.55239E-03
 1.55208E-03
 1.55157E-03
 1.55123E-03
 1.55100E-03
 1.55061E-03
 1.55039E-03
 1.54988E-03
 1.54925E-03
 1.54879E-03
 1.54844E-03
 1.54829E-03
 1.54795E-03
 1.54760E-03
 1.54733E-03
 1.54699E-03
 1.54640E-03
 1.54613E-03
 1.54583E-03
 1.54552E-03
 1.54509E-03
 1.54467E-03
 1.54428E-03
 1.54389E-03
 1.54347E-03
 1.54320E-03
 1.54289E-03
 1.54255E-03
 1.54220E-03
 1.54189E-03
 1.54159E-03
 1.54112E-03
 1.54081E-03
 1.54035E-03
 1.53984E-03
 1.53953E-03
 1.53919E-03
 1.53884E-03
 1.53853E-03
 1.53823E-03
 1.53784E-03
 1.53757E-03
 1.53719E-03
 1.53692E-03
 1.53673E-03
 1.53611E-03
 1.53560E-03
 1.53517E-03
 1.53487E-03
 1.53448E-03
 1.53405E-03
 1.53363E-03
 1.53328E-03
 1.53305E-03
 1.53271E-03
 1.53256E-03
 1.53221E-03
 1.53198E-03
 1.53152E-03
 1.53113E-03
 1.53063E-03
 1.53016E-03
 1.52973E-03
 1.52954E-03
 1.52904E-03
 1.52869E-03
 1.52846E-03
 1.52804E-03
 1.52769E-03
 1.52746E-03
 1.52712E-03
 1.52685E-03
 1.52646E-03
 1.52604E-03
 1.52545E-03
 1.52514E-03
 1.52480E-03
 1.52437E-03
 1.52399E-03
 1.52368E-03
 1.52337E-03
 1.52306E-03
 1.52276E-03
 1.52249E-03
 1.52222E-03
 1.52172E-03
 1.52141E-03
 1.52102E-03
 1.52056E-03
 1.51997E-03
 1.51970E-03
 1.51936E-03
 1.51905E-03
 1.51878E-03
 1.51824E-03
 1.51797E-03
 1.51762E-03
 1.51732E-03
 1.51713E-03
 1.51694E-03
 1.51652E-03
 1.51605E-03
 1.51570E-03
 1.51520E-03
 1.51461E-03
 1.51430E-03
 1.51392E-03
 1.51361E-03
 1.51338E-03
 1.51288E-03
 1.51273E-03
 1.51242E-03
 1.51204E-03
 1.51177E-03
 1.51142E-03
 1.51092E-03
 1.51053E-03
 1.51018E-03
 1.50976E-03
 1.50941E-03
 1.50910E-03
 1.50876E-03
 1.50841E-03
 1.50806E-03
 1.50756E-03
 1.50737E-03
 1.50698E-03
 1.50683E-03
 1.50645E-03
 1.50606E-03
 1.50548E-03
 1.50517E-03
 1.50482E-03
 1.50440E-03
 1.50393E-03
 1.50358E-03
 1.50328E-03
 1.50309E-03
 1.50274E-03
 1.50240E-03
 1.50205E-03
 1.50174E-03
 1.50139E-03
 1.50101E-03
 1.50074E-03
 1.50031E-03
 1.49985E-03
 1.49958E-03
 1.49904E-03
 1.49857E-03
 1.49830E-03
 1.49792E-03
 1.49761E-03
 1.49734E-03
 1.49700E-03
 1.49673E-03
 1.49646E-03
 1.49607E-03
 1.49565E-03
 1.49518E-03
 1.49495E-03
 1.49461E-03
 1.49422E-03
 1.49376E-03
 1.49341E-03
 1.49306E-03
 1.49271E-03
 1.49257E-03
 1.49214E-03
 1.49160E-03
 1.49129E-03
 1.49110E-03
 1.49063E-03
 1.49029E-03
 1.48994E-03
 1.48955E-03
 1.48925E-03
 1.48886E-03
 1.48843E-03
 1.48805E-03
 1.48770E-03
 1.48743E-03
 1.48705E-03
 1.48686E-03
 1.48655E-03
 1.48617E-03
 1.48598E-03
 1.48539E-03
 1.48501E-03
 1.48450E-03
 1.48419E-03
 1.48393E-03
 1.48358E-03
 1.48311E-03
 1.48265E-03
 1.48242E-03
 1.48207E-03
 1.48181E-03
 1.48150E-03
 1.48111E-03
 1.48073E-03
 1.48054E-03
 1.48003E-03
 1.47977E-03
 1.47938E-03
 1.47899E-03
 1.47877E-03
 1.47834E-03
 1.47787E-03
 1.47745E-03
 1.47702E-03
 1.47671E-03
 1.47637E-03
 1.47618E-03
 1.47599E-03
 1.47561E-03
 1.47522E-03
 1.47471E-03
 1.47441E-03
 1.47398E-03
 1.47351E-03
 1.47337E-03
 1.47306E-03
 1.47247E-03
 1.47217E-03
 1.47190E-03
 1.47143E-03
 1.47117E-03
 1.47094E-03
 1.47075E-03
 1.47036E-03
 1.46990E-03
 1.46943E-03
 1.46917E-03
 1.46874E-03
 1.46843E-03
 1.46812E-03
 1.46774E-03
 1.46719E-03
 1.46677E-03
 1.46650E-03
 1.46619E-03
 1.46585E-03
 1.46546E-03
 1.46539E-03
 1.46504E-03
 1.46478E-03
 1.46435E-03
 1.46381E-03
 1.46350E-03
 1.46323E-03
 1.46288E-03
 1.46246E-03
 1.46215E-03
 1.46176E-03
 1.46122E-03
 1.46091E-03
 1.46060E-03
 1.46026E-03
 1.45999E-03
 1.45960E-03
 1.45930E-03
 1.45899E-03
 1.45868E-03
 1.45826E-03
 1.45783E-03
 1.45752E-03
 1.45734E-03
 1.45683E-03
 1.45629E-03
 1.45590E-03
 1.45559E-03
 1.45540E-03
 1.45510E-03
 1.45479E-03
 1.45448E-03
 1.45418E-03
 1.45387E-03
 1.45356E-03
 1.45314E-03
 1.45259E-03
 1.45228E-03
 1.45190E-03
 1.45143E-03
 1.45116E-03
 1.45074E-03
 1.45039E-03
 1.45008E-03
 1.44966E-03
 1.44935E-03
 1.44912E-03
 1.44878E-03
 1.44847E-03
 1.44828E-03
 1.44786E-03
 1.44759E-03
 1.44724E-03
 1.44678E-03
 1.44643E-03
 1.44604E-03
 1.44562E-03
 1.44511E-03
 1.44468E-03
 1.44442E-03
 1.44403E-03
 1.44384E-03
 1.44350E-03
 1.44323E-03
 1.44296E-03
 1.44258E-03
 1.44231E-03
 1.44200E-03
 1.44154E-03
 1.44095E-03
 1.44052E-03
 1.44038E-03
 1.43995E-03
 1.43960E-03
 1.43922E-03
 1.43899E-03
 1.43868E-03
 1.43822E-03
 1.43799E-03
 1.43768E-03
 1.43753E-03
 1.43715E-03
 1.43668E-03
 1.43641E-03
 1.43587E-03
 1.43552E-03
 1.43498E-03
 1.43475E-03
 1.43432E-03
 1.43394E-03
 1.43347E-03
 1.43308E-03
 1.43302E-03
 1.43275E-03
 1.43240E-03
 1.43213E-03
 1.43187E-03
 1.43148E-03
 1.43113E-03
 1.43091E-03
 1.43048E-03
 1.42990E-03
 1.42963E-03
 1.42916E-03
 1.42889E-03
 1.42831E-03
 1.42808E-03
 1.42778E-03
 1.42743E-03
 1.42708E-03
 1.42681E-03
 1.42647E-03
 1.42612E-03
 1.42577E-03
 1.42547E-03
 1.42504E-03
 1.42481E-03
 1.42451E-03
 1.42408E-03
 1.42365E-03
 1.42319E-03
 1.42284E-03
 1.42261E-03
 1.42223E-03
 1.42180E-03
 1.42153E-03
 1.42135E-03
 1.42120E-03
 1.42077E-03
 1.42023E-03
 1.41988E-03
 1.41933E-03
 1.41915E-03
 1.41892E-03
 1.41857E-03
 1.41811E-03
 1.41768E-03
 1.41725E-03
 1.41699E-03
 1.41680E-03
 1.41629E-03
 1.41599E-03
 1.41580E-03
 1.41541E-03
 1.41503E-03
 1.41452E-03
 1.41413E-03
 1.41395E-03
 1.41372E-03
 1.41345E-03
 1.41315E-03
 1.41292E-03
 1.41241E-03
 1.41187E-03
 1.41140E-03
 1.41109E-03
 1.41083E-03
 1.41040E-03
 1.41017E-03
 1.40971E-03
 1.40932E-03
 1.40901E-03
 1.40867E-03
 1.40832E-03
 1.40805E-03
 1.40775E-03
 1.40736E-03
 1.40717E-03
 1.40683E-03
 1.40640E-03
 1.40601E-03
 1.40571E-03
 1.40532E-03
 1.40513E-03
 1.40478E-03
 1.40428E-03
 1.40381E-03
 1.40363E-03
 1.40308E-03
 1.40269E-03
 1.40231E-03
 1.40216E-03
 1.40201E-03
 1.40162E-03
 1.40140E-03
 1.40093E-03
 1.40070E-03
 1.40008E-03
 1.39977E-03
 1.39950E-03
 1.39892E-03
 1.39861E-03
 1.39819E-03
 1.39772E-03
 1.39753E-03
 1.39723E-03
 1.39700E-03
 1.39669E-03
 1.39646E-03
 1.39616E-03
 1.39577E-03
 1.39546E-03
 1.39520E-03
 1.39485E-03
 1.39450E-03
 1.39392E-03
 1.39341E-03
 1.39307E-03
 1.39264E-03
 1.39241E-03
 1.39187E-03
 1.39160E-03
 1.39141E-03
 1.39095E-03
 1.39080E-03
 1.39041E-03
 1.39010E-03
 1.38988E-03
 1.38957E-03
 1.38910E-03
 1.38900E-03
 1.38857E-03
 1.38814E-03
 1.38768E-03
 1.38733E-03
 1.38683E-03
 1.38648E-03
 1.38617E-03
 1.38590E-03
 1.38560E-03
 1.38541E-03
 1.38494E-03
 1.38468E-03
 1.38421E-03
 1.38386E-03
 1.38348E-03
 1.38305E-03
 1.38270E-03
 1.38256E-03
 1.38237E-03
 1.38214E-03
 1.38144E-03
 1.38113E-03
 1.38062E-03
 1.38036E-03
 1.38001E-03
 1.37970E-03
 1.37944E-03
 1.37897E-03
 1.37858E-03
 1.37824E-03
 1.37789E-03
 1.37762E-03
 1.37736E-03
 1.37721E-03
 1.37682E-03
 1.37663E-03
 1.37625E-03
 1.37582E-03
 1.37524E-03
 1.37485E-03
 1.37450E-03
 1.37424E-03
 1.37377E-03
 1.37350E-03
 1.37300E-03
 1.37265E-03
 1.37238E-03
 1.37200E-03
 1.37173E-03
 1.37146E-03
 1.37116E-03
 1.37077E-03
 1.37046E-03
 1.37032E-03
 1.37001E-03
 1.36966E-03
 1.36943E-03
 1.36877E-03
 1.36850E-03
 1.36800E-03
 1.36753E-03
 1.36726E-03
 1.36680E-03
 1.36653E-03
 1.36618E-03
 1.36588E-03
 1.36565E-03
 1.36518E-03
 1.36492E-03
 1.36465E-03
 1.36450E-03
 1.36400E-03
 1.36377E-03
 1.36342E-03
 1.36300E-03
 1.36245E-03
 1.36206E-03
 1.36168E-03
 1.36133E-03
 1.36114E-03
 1.36080E-03
 1.36033E-03
 1.36010E-03
 1.35987E-03
 1.35961E-03
 1.35898E-03
 1.35868E-03
 1.35837E-03
 1.35818E-03
 1.35783E-03
 1.35745E-03
 1.35710E-03
 1.35664E-03
 1.35657E-03
 1.35614E-03
 1.35579E-03
 1.35529E-03
 1.35478E-03
 1.35456E-03
 1.35413E-03
 1.35370E-03
 1.35336E-03
 1.35293E-03
 1.35282E-03
 1.35259E-03
 1.35217E-03
 1.35194E-03
 1.35163E-03
 1.35125E-03
 1.35106E-03
 1.35059E-03
 1.35049E-03
 1.35026E-03
 1.34963E-03
 1.34905E-03
 1.34862E-03
 1.34824E-03
 1.34801E-03
 1.34766E-03
 1.34728E-03
 1.34685E-03
 1.34662E-03
 1.34632E-03
 1.34597E-03
 1.34562E-03
 1.34531E-03
 1.34505E-03
 1.34466E-03
 1.34443E-03
 1.34405E-03
 1.34378E-03
 1.34347E-03
 1.34293E-03
 1.34258E-03
 1.34216E-03
 1.34181E-03
 1.34146E-03
 1.34108E-03
 1.34077E-03
 1.34046E-03
 1.34023E-03
 1.33985E-03
 1.33946E-03
 1.33919E-03
 1.33885E-03
 1.33858E-03
 1.33827E-03
 1.33785E-03
 1.33750E-03
 1.33731E-03
 1.33701E-03
 1.33654E-03
 1.33615E-03
 1.33557E-03
 1.33518E-03
 1.33491E-03
 1.33453E-03
 1.33426E-03
 1.33395E-03
 1.33357E-03
 1.33310E-03
 1.33280E-03
 1.33261E-03
 1.33214E-03
 1.33183E-03
 1.33173E-03
 1.33158E-03
 1.33131E-03
 1.33089E-03
 1.33050E-03
 1.33011E-03
 1.32957E-03
 1.32918E-03
 1.32887E-03
 1.32853E-03
 1.32798E-03
 1.32756E-03
 1.32737E-03
 1.32694E-03
 1.32663E-03
 1.32649E-03
 1.32614E-03
 1.32575E-03
 1.32545E-03
 1.32514E-03
 1.32483E-03
 1.32457E-03
 1.32402E-03
 1.32379E-03
 1.32357E-03
 1.32306E-03
 1.32275E-03
 1.32225E-03
 1.32190E-03
 1.32159E-03
 1.32145E-03
 1.32106E-03
 1.32059E-03
 1.32021E-03
 1.31982E-03
 1.31947E-03
 1.31925E-03
 1.31886E-03
 1.31867E-03
 1.31825E-03
 1.31798E-03
 1.31767E-03
 1.31733E-03
 1.31722E-03
 1.31679E-03
 1.31613E-03
 1.31578E-03
 1.31531E-03
 1.31501E-03
 1.31466E-03
 1.31412E-03
 1.31393E-03
 1.31346E-03
 1.31327E-03
 1.31305E-03
 1.31270E-03
 1.31243E-03
 1.31221E-03
 1.31186E-03
 1.31139E-03
 1.31113E-03
 1.31074E-03
 1.31043E-03
 1.31025E-03
 1.30974E-03
 1.30943E-03
 1.30905E-03
 1.30870E-03
 1.30815E-03
 1.30773E-03
 1.30750E-03
 1.30719E-03
 1.30685E-03
 1.30630E-03
 1.30603E-03
 1.30573E-03
 1.30546E-03
 1.30511E-03
 1.30477E-03
 1.30450E-03
 1.30419E-03
 1.30401E-03
 1.30378E-03
 1.30355E-03
 1.30293E-03
 1.30250E-03
 1.30199E-03
 1.30161E-03
 1.30122E-03
 1.30091E-03
 1.30061E-03
 1.30030E-03
 1.29995E-03
 1.29969E-03
 1.29938E-03
 1.29911E-03
 1.29881E-03
 1.29854E-03
 1.29795E-03
 1.29765E-03
 1.29726E-03
 1.29699E-03
 1.29673E-03
 1.29650E-03
 1.29607E-03
 1.29557E-03
 1.29514E-03
 1.29495E-03
 1.29441E-03
 1.29398E-03
 1.29371E-03
 1.29345E-03
 1.29310E-03
 1.29267E-03
 1.29237E-03
 1.29210E-03
 1.29175E-03
 1.29145E-03
 1.29110E-03
 1.29075E-03
 1.29057E-03
 1.29034E-03
 1.28995E-03
 1.28980E-03
 1.28942E-03
 1.28895E-03
 1.28849E-03
 1.28790E-03
 1.28763E-03
 1.28713E-03
 1.28690E-03
 1.28647E-03
 1.28629E-03
 1.28590E-03
 1.28555E-03
 1.28517E-03
 1.28470E-03
 1.28455E-03
 1.28433E-03
 1.28398E-03
 1.28363E-03
 1.28321E-03
 1.28298E-03
 1.28267E-03
 1.28252E-03
 1.28202E-03
 1.28159E-03
 1.28101E-03
 1.28066E-03
 1.28035E-03
 1.28001E-03
 1.27982E-03
 1.27943E-03
 1.27913E-03
 1.27878E-03
 1.27843E-03
 1.27805E-03
 1.27782E-03
 1.27747E-03
 1.27701E-03
 1.27670E-03
 1.27627E-03
 1.27605E-03
 1.27586E-03
 1.27547E-03
 1.27521E-03
 1.27478E-03
 1.27439E-03
 1.27385E-03
 1.27346E-03
 1.27315E-03
 1.27273E-03
 1.27238E-03
 1.27207E-03
 1.27173E-03
 1.27146E-03
 1.27099E-03
 1.27077E-03
 1.27054E-03
 1.27023E-03
 1.26993E-03
 1.26978E-03
 1.26931E-03
 1.26905E-03
 1.26866E-03
 1.26831E-03
 1.26789E-03
 1.26758E-03
 1.26707E-03
 1.26665E-03
 1.26634E-03
 1.26599E-03
 1.26577E-03
 1.26526E-03
 1.26495E-03
 1.26449E-03
 1.26422E-03
 1.26387E-03
 1.26345E-03
 1.26310E-03
 1.26283E-03
 1.26265E-03
 1.26234E-03
 1.26211E-03
 1.26177E-03
 1.26134E-03
 1.26107E-03
 1.26073E-03
 1.26034E-03
 1.25995E-03
 1.25945E-03
 1.25910E-03
 1.25867E-03
 1.25841E-03
 1.25810E-03
 1.25779E-03
 1.25733E-03
 1.25702E-03
 1.25671E-03
 1.25649E-03
 1.25610E-03
 1.25583E-03
 1.25545E-03
 1.25518E-03
 1.25491E-03
 1.25441E-03
 1.25410E-03
 1.25387E-03
 1.25361E-03
 1.25282E-03
 1.25251E-03
 1.25209E-03
 1.25174E-03
 1.25151E-03
 1.25125E-03
 1.25078E-03
 1.25051E-03
 1.25021E-03
 1.24986E-03
 1.24939E-03
 1.24905E-03
 1.24878E-03
 1.24839E-03
 1.24813E-03
 1.24782E-03
 1.24759E-03
 1.24737E-03
 1.24686E-03
 1.24663E-03
 1.24633E-03
 1.24602E-03
 1.24563E-03
 1.24517E-03
 1.24466E-03
 1.24431E-03
 1.24385E-03
 1.24350E-03
 1.24316E-03
 1.24285E-03
 1.24242E-03
 1.24219E-03
 1.24181E-03
 1.24150E-03
 1.24123E-03
 1.24077E-03
 1.24062E-03
 1.24027E-03
 1.24009E-03
 1.23974E-03
 1.23923E-03
 1.23893E-03
 1.23870E-03
 1.23823E-03
 1.23785E-03
 1.23754E-03
 1.23696E-03
 1.23665E-03
 1.23634E-03
 1.23603E-03
 1.23581E-03
 1.23534E-03
 1.23503E-03
 1.23469E-03
 1.23438E-03
 1.23407E-03
 1.23365E-03
 1.23322E-03
 1.23292E-03
 1.23277E-03
 1.23222E-03
 1.23195E-03
 1.23173E-03
 1.23150E-03
 1.23111E-03
 1.23065E-03
 1.23022E-03
 1.22980E-03
 1.22937E-03
 1.22906E-03
 1.22872E-03
 1.22841E-03
 1.22774E-03
 1.22752E-03
 1.22725E-03
 1.22710E-03
 1.22676E-03
 1.22641E-03
 1.22610E-03
 1.22568E-03
 1.22545E-03
 1.22518E-03
 1.22479E-03
 1.22453E-03
 1.22418E-03
 1.22391E-03
 1.22365E-03
 1.22314E-03
 1.22264E-03
 1.22209E-03
 1.22166E-03
 1.22140E-03
 1.22101E-03
 1.22062E-03
 1.22036E-03
 1.22021E-03
 1.21982E-03
 1.21952E-03
 1.21897E-03
 1.21862E-03
 1.21836E-03
 1.21797E-03
 1.21770E-03
 1.21744E-03
 1.21697E-03
 1.21666E-03
 1.21640E-03
 1.21613E-03
 1.21594E-03
 1.21544E-03
 1.21489E-03
 1.21458E-03
 1.21428E-03
 1.21381E-03
 1.21358E-03
 1.21308E-03
 1.21281E-03
 1.21250E-03
 1.21196E-03
 1.21169E-03
 1.21134E-03
 1.21104E-03
 1.21069E-03
 1.21042E-03
 1.21004E-03
 1.20993E-03
 1.20958E-03
 1.20944E-03
 1.20901E-03
 1.20866E-03
 1.20836E-03
 1.20769E-03
 1.20683E-03
 1.20652E-03
 1.20621E-03
 1.20599E-03
 1.20580E-03
 1.20533E-03
 1.20503E-03
 1.20480E-03
 1.20453E-03
 1.20426E-03
 1.20384E-03
 1.20349E-03
 1.20326E-03
 1.20272E-03
 1.20237E-03
 1.20199E-03
 1.20152E-03
 1.20133E-03
 1.20114E-03
 1.20080E-03
 1.20045E-03
 1.20014E-03
 1.19980E-03
 1.19933E-03
 1.19895E-03
 1.19864E-03
 1.19833E-03
 1.19779E-03
 1.19752E-03
 1.19697E-03
 1.19679E-03
 1.19636E-03
 1.19593E-03
 1.19551E-03
 1.19496E-03
 1.19485E-03
 1.19447E-03
 1.19428E-03
 1.19405E-03
 1.19375E-03
 1.19340E-03
 1.19309E-03
 1.19287E-03
 1.19256E-03
 1.19221E-03
 1.19167E-03
 1.19124E-03
 1.19073E-03
 1.19043E-03
 1.18996E-03
 1.18969E-03
 1.18939E-03
 1.18884E-03
 1.18842E-03
 1.18819E-03
 1.18792E-03
 1.18769E-03
 1.18731E-03
 1.18708E-03
 1.18653E-03
 1.18635E-03
 1.18608E-03
 1.18561E-03
 1.18531E-03
 1.18508E-03
 1.18473E-03
 1.18431E-03
 1.18404E-03
 1.18345E-03
 1.18295E-03
 1.18256E-03
 1.18226E-03
 1.18179E-03
 1.18136E-03
 1.18106E-03
 1.18071E-03
 1.18040E-03
 1.18006E-03
 1.17983E-03
 1.17940E-03
 1.17922E-03
 1.17891E-03
 1.17860E-03
 1.17830E-03
 1.17783E-03
 1.17760E-03
 1.17730E-03
 1.17703E-03
 1.17672E-03
 1.17602E-03
 1.17575E-03
 1.17528E-03
 1.17490E-03
 1.17439E-03
 1.17416E-03
 1.17382E-03
 1.17351E-03
 1.17308E-03
 1.17270E-03
 1.17239E-03
 1.17204E-03
 1.17174E-03
 1.17143E-03
 1.17116E-03
 1.17086E-03
 1.17035E-03
 1.17008E-03
 1.16962E-03
 1.16931E-03
 1.16888E-03
 1.16854E-03
 1.16823E-03
 1.16792E-03
 1.16778E-03
 1.16723E-03
 1.16692E-03
 1.16666E-03
 1.16627E-03
 1.16592E-03
 1.16562E-03
 1.16523E-03
 1.16488E-03
 1.16442E-03
 1.16419E-03
 1.16380E-03
 1.16358E-03
 1.16327E-03
 1.16284E-03
 1.16262E-03
 1.16231E-03
 1.16184E-03
 1.16142E-03
 1.16111E-03
 1.16088E-03
 1.16062E-03
 1.16031E-03
 1.16012E-03
 1.15990E-03
 1.15923E-03
 1.15880E-03
 1.15850E-03
 1.15807E-03
 1.15761E-03
 1.15738E-03
 1.15703E-03
 1.15676E-03
 1.15642E-03
 1.15615E-03
 1.15596E-03
 1.15566E-03
 1.15503E-03
 1.15468E-03
 1.15438E-03
 1.15403E-03
 1.15372E-03
 1.15354E-03
 1.15319E-03
 1.15304E-03
 1.15274E-03
 1.15259E-03
 1.15228E-03
 1.15205E-03
 1.15155E-03
 1.15108E-03
 1.15066E-03
 1.15035E-03
 1.15012E-03
 1.14966E-03
 1.14935E-03
 1.14892E-03
 1.14854E-03
 1.14811E-03
 1.14764E-03
 1.14742E-03
 1.14719E-03
 1.14700E-03
 1.14654E-03
 1.14623E-03
 1.14592E-03
 1.14566E-03
 1.14555E-03
 1.14532E-03
 1.14493E-03
 1.14483E-03
 1.14456E-03
 1.14417E-03
 1.14363E-03
 1.14324E-03
 1.14297E-03
 1.14251E-03
 1.14216E-03
 1.14166E-03
 1.14143E-03
 1.14104E-03
 1.14054E-03
 1.14039E-03
 1.14012E-03
 1.13993E-03
 1.13975E-03
 1.13948E-03
 1.13913E-03
 1.13875E-03
 1.13832E-03
 1.13817E-03
 1.13783E-03
 1.13748E-03
 1.13717E-03
 1.13698E-03
 1.13676E-03
 1.13645E-03
 1.13610E-03
 1.13552E-03
 1.13521E-03
 1.13490E-03
 1.13436E-03
 1.13409E-03
 1.13363E-03
 1.13340E-03
 1.13309E-03
 1.13283E-03
 1.13252E-03
 1.13225E-03
 1.13194E-03
 1.13152E-03
 1.13129E-03
 1.13110E-03
 1.13084E-03
 1.13053E-03
 1.13030E-03
 1.13015E-03
 1.12985E-03
 1.12978E-03
 1.12939E-03
 1.12917E-03
 1.12878E-03
 1.12827E-03
 1.12773E-03
 1.12742E-03
 1.12704E-03
 1.12661E-03
 1.12634E-03
 1.12600E-03
 1.12561E-03
 1.12534E-03
 1.12515E-03
 1.12485E-03
 1.12466E-03
 1.12435E-03
 1.12401E-03
 1.12374E-03
 1.12355E-03
 1.12321E-03
 1.12290E-03
 1.12263E-03
 1.12236E-03
 1.12218E-03
 1.12191E-03
 1.12164E-03
 1.12138E-03
 1.12083E-03
 1.12044E-03
 1.11998E-03
 1.11955E-03
 1.11932E-03
 1.11902E-03
 1.11875E-03
 1.11848E-03
 1.11818E-03
 1.11787E-03
 1.11756E-03
 1.11730E-03
 1.11719E-03
 1.11672E-03
 1.11650E-03
 1.11627E-03
 1.11604E-03
 1.11585E-03
 1.11555E-03
 1.11516E-03
 1.11501E-03
 1.11467E-03
 1.11456E-03
 1.11421E-03
 1.11390E-03
 1.11340E-03
 1.11293E-03
 1.11239E-03
 1.11200E-03
 1.11165E-03
 1.11151E-03
 1.11120E-03
 1.11089E-03
 1.11075E-03
 1.11048E-03
 1.11009E-03
 1.10994E-03
 1.10972E-03
 1.10917E-03
 1.10894E-03
 1.10892E-03
 1.10869E-03
 1.10850E-03
 1.10811E-03
 1.10781E-03
 1.10754E-03
 1.10735E-03
 1.10701E-03
 1.10666E-03
 1.10631E-03
 1.10613E-03
 1.10550E-03
 1.10511E-03
 1.10489E-03
 1.10458E-03
 1.10439E-03
 1.10417E-03
 1.10382E-03
 1.10339E-03
 1.10317E-03
 1.10282E-03
 1.10251E-03
 1.10221E-03
 1.10198E-03
 1.10175E-03
 1.10160E-03
 1.10126E-03
 1.10087E-03
 1.10068E-03
 1.10038E-03
 1.10019E-03
 1.09992E-03
 1.09969E-03
 1.09939E-03
 1.09908E-03
 1.09877E-03
 1.09831E-03
 1.09792E-03
 1.09753E-03
 1.09731E-03
 1.09700E-03
 1.09673E-03
 1.09635E-03
 1.09608E-03
 1.09573E-03
 1.09563E-03
 1.09544E-03
 1.09517E-03
 1.09490E-03
 1.09464E-03
 1.09437E-03
 1.09410E-03
 1.09388E-03
 1.09373E-03
 1.09346E-03
 1.09319E-03
 1.09285E-03
 1.09238E-03
 1.09215E-03
 1.09185E-03
 1.09150E-03
 1.09103E-03
 1.09073E-03
 1.09030E-03
 1.09003E-03
 1.08977E-03
 1.08954E-03
 1.08935E-03
 1.08917E-03
 1.08886E-03
 1.08863E-03
 1.08821E-03
 1.08778E-03
 1.08751E-03
 1.08732E-03
 1.08706E-03
 1.08683E-03
 1.08664E-03
 1.08654E-03
 1.08627E-03
 1.08600E-03
 1.08565E-03
 1.08539E-03
 1.08516E-03
 1.08473E-03
 1.08451E-03
 1.08424E-03
 1.08397E-03
 1.08359E-03
 1.08312E-03
 1.08285E-03
 1.08259E-03
 1.08236E-03
 1.08201E-03
 1.08183E-03
 1.08144E-03
 1.08117E-03
 1.08083E-03
 1.08060E-03
 1.08029E-03
 1.08006E-03
 1.07988E-03
 1.07965E-03
 1.07942E-03
 1.07919E-03
 1.07897E-03
 1.07866E-03
 1.07827E-03
 1.07801E-03
 1.07774E-03
 1.07751E-03
 1.07721E-03
 1.07682E-03
 1.07635E-03
 1.07613E-03
 1.07586E-03
 1.07555E-03
 1.07537E-03
 1.07502E-03
 1.07479E-03
 1.07440E-03
 1.07422E-03
 1.07387E-03
 1.07380E-03
 1.07350E-03
 1.07319E-03
 1.07292E-03
 1.07262E-03
 1.07243E-03
 1.07216E-03
 1.07201E-03
 1.07167E-03
 1.07148E-03
 1.07125E-03
 1.07102E-03
 1.07084E-03
 1.07033E-03
 1.07010E-03
 1.06972E-03
 1.06949E-03
 1.06918E-03
 1.06888E-03
 1.06849E-03
 1.06818E-03
 1.06784E-03
 1.06745E-03
 1.06726E-03
 1.06692E-03
 1.06665E-03
 1.06654E-03
 1.06620E-03
 1.06605E-03
 1.06570E-03
 1.06543E-03
 1.06533E-03
 1.06514E-03
 1.06495E-03
 1.06456E-03
 1.06434E-03
 1.06407E-03
 1.06364E-03
 1.06354E-03
 1.06315E-03
 1.06292E-03
 1.06270E-03
 1.06247E-03
 1.06228E-03
 1.06189E-03
 1.06147E-03
 1.06096E-03
 1.06070E-03
 1.06051E-03
 1.06028E-03
 1.05993E-03
 1.05975E-03
 1.05960E-03
 1.05929E-03
 1.05903E-03
 1.05876E-03
 1.05849E-03
 1.05822E-03
 1.05792E-03
 1.05761E-03
 1.05726E-03
 1.05708E-03
 1.05693E-03
 1.05666E-03
 1.05647E-03
 1.05609E-03
 1.05582E-03
 1.05563E-03
 1.05557E-03
 1.05530E-03
 1.05495E-03
 1.05464E-03
 1.05402E-03
 1.05379E-03
 1.05341E-03
 1.05318E-03
 1.05291E-03
 1.05264E-03
 1.05242E-03
 1.05223E-03
 1.05188E-03
 1.05178E-03
 1.05143E-03
 1.05136E-03
 1.05097E-03
 1.05071E-03
 1.05044E-03
 1.05025E-03
 1.05007E-03
 1.04996E-03
 1.04977E-03
 1.04962E-03
 1.04928E-03
 1.04893E-03
 1.04862E-03
 1.04828E-03
 1.04801E-03
 1.04786E-03
 1.04744E-03
 1.04705E-03
 1.04654E-03
 1.04632E-03
 1.04609E-03
 1.04578E-03
 1.04536E-03
 1.04505E-03
 1.04478E-03
 1.04471E-03
 1.04445E-03
 1.04434E-03
 1.04415E-03
 1.04373E-03
 1.04346E-03
 1.04315E-03
 1.04304E-03
 1.04270E-03
 1.04243E-03
 1.04224E-03
 1.04202E-03
 1.04179E-03
 1.04164E-03
 1.04137E-03
 1.04119E-03
 1.04108E-03
 1.04085E-03
 1.04058E-03
 1.04024E-03
 1.03969E-03
 1.03935E-03
 1.03896E-03
 1.03857E-03
 1.03846E-03
 1.03816E-03
 1.03789E-03
 1.03774E-03
 1.03756E-03
 1.03729E-03
 1.03682E-03
 1.03660E-03
 1.03653E-03
 1.03622E-03
 1.03599E-03
 1.03565E-03
 1.03558E-03
 1.03531E-03
 1.03508E-03
 1.03494E-03
 1.03471E-03
 1.03444E-03
 1.03418E-03
 1.03387E-03
 1.03364E-03
 1.03341E-03
 1.03311E-03
 1.03292E-03
 1.03253E-03
 1.03219E-03
 1.03180E-03
 1.03133E-03
 1.03111E-03
 1.03096E-03
 1.03065E-03
 1.03031E-03
 1.03012E-03
 1.02989E-03
 1.02970E-03
 1.02944E-03
 1.02909E-03
 1.02894E-03
 1.02868E-03
 1.02845E-03
 1.02826E-03
 1.02803E-03
 1.02785E-03
 1.02770E-03
 1.02735E-03
 1.02716E-03
 1.02702E-03
 1.02671E-03
 1.02644E-03
 1.02638E-03
 1.02603E-03
 1.02576E-03
 1.02541E-03
 1.02503E-03
 1.02464E-03
 1.02430E-03
 1.02395E-03
 1.02368E-03
 1.02318E-03
 1.02299E-03
 1.02280E-03
 1.02241E-03
 1.02231E-03
 1.02212E-03
 1.02193E-03
 1.02159E-03
 1.02136E-03
 1.02121E-03
 1.02102E-03
 1.02084E-03
 1.02061E-03
 1.02046E-03
 1.02031E-03
 1.02005E-03
 1.01974E-03
 1.01947E-03
 1.01932E-03
 1.01918E-03
 1.01879E-03
 1.01856E-03
 1.01842E-03
 1.01795E-03
 1.01772E-03
 1.01742E-03
 1.01715E-03
 1.01692E-03
 1.01669E-03
 1.01643E-03
 1.01612E-03
 1.01558E-03
 1.01551E-03
 1.01508E-03
 1.01481E-03
 1.01451E-03
 1.01428E-03
 1.01413E-03
 1.01394E-03
 1.01360E-03
 1.01337E-03
 1.01326E-03
 1.01296E-03
 1.01273E-03
 1.01238E-03
 1.01227E-03
 1.01221E-03
 1.01190E-03
 1.01167E-03
 1.01141E-03
 1.01122E-03
 1.01099E-03
 1.01072E-03
 1.01038E-03
 1.00999E-03
 1.00972E-03
 1.00938E-03
 1.00911E-03
 1.00892E-03
 1.00854E-03
 1.00835E-03
 1.00808E-03
 1.00777E-03
 1.00735E-03
 1.00720E-03
 1.00701E-03
 1.00679E-03
 1.00664E-03
 1.00641E-03
 1.00626E-03
 1.00612E-03
 1.00581E-03
 1.00562E-03
 1.00532E-03
 1.00517E-03
 1.00490E-03
 1.00471E-03
 1.00461E-03
 1.00438E-03
 1.00407E-03
 1.00376E-03
 1.00334E-03
 1.00307E-03
 1.00284E-03
 1.00258E-03
 1.00231E-03
 1.00208E-03
 1.00178E-03
 1.00151E-03
 1.00132E-03
 1.00109E-03
 1.00087E-03
 1.00052E-03
 1.00013E-03
 9.99827E-04
 9.99481E-04
 9.99293E-04
 9.99106E-04
 9.98839E-04
 9.98731E-04
 9.98424E-04
 9.98237E-04
 9.98009E-04
 9.97703E-04
 9.97634E-04
 9.97367E-04
 9.97180E-04
 9.97032E-04
 9.96845E-04
 9.96697E-04
 9.96351E-04
 9.96163E-04
 9.95777E-04
 9.95430E-04
 9.95044E-04
 9.94817E-04
 9.94550E-04
 9.94322E-04
 9.94055E-04
 9.93868E-04
 9.93641E-04
 9.93493E-04
 9.93147E-04
 9.92959E-04
 9.92612E-04
 9.92425E-04
 9.92277E-04
 9.91772E-04
 9.91624E-04
 9.91277E-04
 9.90851E-04
 9.90704E-04
 9.90596E-04
 9.90408E-04
 9.90300E-04
 9.89994E-04
 9.89727E-04
 9.89539E-04
 9.89431E-04
 9.89204E-04
 9.88818E-04
 9.88431E-04
 9.88204E-04
 9.88056E-04
 9.87710E-04
 9.87562E-04
 9.87295E-04
 9.87187E-04
 9.86881E-04
 9.86653E-04
 9.86506E-04
 9.86159E-04
 9.85932E-04
 9.85665E-04
 9.85477E-04
 9.85210E-04
 9.85063E-04
 9.84756E-04
 9.84449E-04
 9.84262E-04
 9.84114E-04
 9.83847E-04
 9.83580E-04
 9.83114E-04
 9.82887E-04
 9.82779E-04
 9.82711E-04
 9.82444E-04
 9.82177E-04
 9.81751E-04
 9.81484E-04
 9.81217E-04
 9.80870E-04
 9.80563E-04
 9.80336E-04
 9.80109E-04
 9.79882E-04
 9.79615E-04
 9.79308E-04
 9.79160E-04
 9.79012E-04
 9.78745E-04
 9.78439E-04
 9.78291E-04
 9.78064E-04
 9.77837E-04
 9.77689E-04
 9.77541E-04
 9.77354E-04
 9.77047E-04
 9.76780E-04
 9.76473E-04
 9.76286E-04
 9.76059E-04
 9.75871E-04
 9.75684E-04
 9.75417E-04
 9.75110E-04
 9.74922E-04
 9.74536E-04
 9.74189E-04
 9.73883E-04
 9.73735E-04
 9.73428E-04
 9.73121E-04
 9.72894E-04
 9.72707E-04
 9.72599E-04
 9.72491E-04
 9.72264E-04
 9.72076E-04
 9.71968E-04
 9.71582E-04
 9.71355E-04
 9.70969E-04
 9.70781E-04
 9.70633E-04
 9.70327E-04
 9.70179E-04
 9.69912E-04
 9.69725E-04
 9.69497E-04
 9.69350E-04
 9.69202E-04
 9.68895E-04
 9.68708E-04
 9.68401E-04
 9.68253E-04
 9.68026E-04
 9.67719E-04
 9.67333E-04
 9.67026E-04
 9.66719E-04
 9.66373E-04
 9.66106E-04
 9.65719E-04
 9.65293E-04
 9.65106E-04
 9.64878E-04
 9.64691E-04
 9.64424E-04
 9.64237E-04
 9.64089E-04
 9.63941E-04
 9.63595E-04
 9.63367E-04
 9.63299E-04
 9.63072E-04
 9.62845E-04
 9.62697E-04
 9.62589E-04
 9.62402E-04
 9.62175E-04
 9.61828E-04
 9.61681E-04
 9.61533E-04
 9.61306E-04
 9.61078E-04
 9.60931E-04
 9.60624E-04
 9.60476E-04
 9.60130E-04
 9.59863E-04
 9.59516E-04
 9.59249E-04
 9.59102E-04
 9.58795E-04
 9.58567E-04
 9.58221E-04
 9.58033E-04
 9.57806E-04
 9.57579E-04
 9.57193E-04
 9.56965E-04
 9.56619E-04
 9.56272E-04
 9.56045E-04
 9.55937E-04
 9.55670E-04
 9.55562E-04
 9.55375E-04
 9.55068E-04
 9.54960E-04
 9.54733E-04
 9.54585E-04
 9.54477E-04
 9.54250E-04
 9.54023E-04
 9.53836E-04
 9.53688E-04
 9.53421E-04
 9.53233E-04
 9.52887E-04
 9.52501E-04
 9.52273E-04
 9.51927E-04
 9.51819E-04
 9.51472E-04
 9.51205E-04
 9.51137E-04
 9.50910E-04
 9.50603E-04
 9.50296E-04
 9.50069E-04
 9.49961E-04
 9.49615E-04
 9.49467E-04
 9.49240E-04
 9.48933E-04
 9.48746E-04
 9.48439E-04
 9.48371E-04
 9.48143E-04
 9.47996E-04
 9.47689E-04
 9.47183E-04
 9.46797E-04
 9.46609E-04
 9.46422E-04
 9.46314E-04
 9.46127E-04
 9.45939E-04
 9.45632E-04
 9.45525E-04
 9.45218E-04
 9.44951E-04
 9.44644E-04
 9.44496E-04
 9.44269E-04
 9.44042E-04
 9.43815E-04
 9.43548E-04
 9.43360E-04
 9.43133E-04
 9.43025E-04
 9.42798E-04
 9.42531E-04
 9.42383E-04
 9.42116E-04
 9.41889E-04
 9.41741E-04
 9.41514E-04
 9.41367E-04
 9.41219E-04
 9.40992E-04
 9.40685E-04
 9.40577E-04
 9.40390E-04
 9.40242E-04
 9.39935E-04
 9.39708E-04
 9.39441E-04
 9.39254E-04
 9.38986E-04
 9.38759E-04
 9.38572E-04
 9.38146E-04
 9.37799E-04
 9.37174E-04
 9.36867E-04
 9.36640E-04
 9.36333E-04
 9.36106E-04
 9.35879E-04
 9.35731E-04
 9.35544E-04
 9.35316E-04
 9.35089E-04
 9.34862E-04
 9.34714E-04
 9.34527E-04
 9.34260E-04
 9.34152E-04
 9.33965E-04
 9.33817E-04
 9.33630E-04
 9.33442E-04
 9.33255E-04
 9.32948E-04
 9.32721E-04
 9.32414E-04
 9.32346E-04
 9.32119E-04
 9.31971E-04
 9.31823E-04
 9.31556E-04
 9.31409E-04
 9.31181E-04
 9.30914E-04
 9.30687E-04
 9.30380E-04
 9.30153E-04
 9.30006E-04
 9.29858E-04
 9.29471E-04
 9.29244E-04
 9.29057E-04
 9.28830E-04
 9.28642E-04
 9.28375E-04
 9.28188E-04
 9.28000E-04
 9.27773E-04
 9.27387E-04
 9.27239E-04
 9.27052E-04
 9.26705E-04
 9.26279E-04
 9.25972E-04
 9.25785E-04
 9.25597E-04
 9.25370E-04
 9.25103E-04
 9.24916E-04
 9.24768E-04
 9.24580E-04
 9.24433E-04
 9.24245E-04
 9.24177E-04
 9.23950E-04
 9.23643E-04
 9.23138E-04
 9.22831E-04
 9.22564E-04
 9.22297E-04
 9.22189E-04
 9.21882E-04
 9.21735E-04
 9.21388E-04
 9.21360E-04
 9.21093E-04
 9.20985E-04
 9.20718E-04
 9.20371E-04
 9.20224E-04
 9.20155E-04
 9.20008E-04
 9.19741E-04
 9.19434E-04
 9.19326E-04
 9.19139E-04
 9.18872E-04
 9.18645E-04
 9.18537E-04
 9.18230E-04
 9.18003E-04
 9.17815E-04
 9.17707E-04
 9.17440E-04
 9.17253E-04
 9.17066E-04
 9.16997E-04
 9.16770E-04
 9.16424E-04
 9.16037E-04
 9.15810E-04
 9.15503E-04
 9.15356E-04
 9.15049E-04
 9.14822E-04
 9.14555E-04
 9.14248E-04
 9.13941E-04
 9.13754E-04
 9.13526E-04
 9.13339E-04
 9.13152E-04
 9.12845E-04
 9.12618E-04
 9.12390E-04
 9.12203E-04
 9.11976E-04
 9.11788E-04
 9.11561E-04
 9.11334E-04
 9.11146E-04
 9.11039E-04
 9.10732E-04
 9.10584E-04
 9.10476E-04
 9.10408E-04
 9.10141E-04
 9.09954E-04
 9.09687E-04
 9.09579E-04
 9.09352E-04
 9.09045E-04
 9.08659E-04
 9.08392E-04
 9.08005E-04
 9.07818E-04
 9.07670E-04
 9.07443E-04
 9.07256E-04
 9.06829E-04
 9.06761E-04
 9.06653E-04
 9.06426E-04
 9.06279E-04
 9.06012E-04
 9.05784E-04
 9.05557E-04
 9.05410E-04
 9.05262E-04
 9.04995E-04
 9.04688E-04
 9.04541E-04
 9.04433E-04
 9.04086E-04
 9.03859E-04
 9.03751E-04
 9.03404E-04
 9.03177E-04
 9.03030E-04
 9.02922E-04
 9.02695E-04
 9.02388E-04
 9.02081E-04
 9.01973E-04
 9.01746E-04
 9.01360E-04
 9.01053E-04
 9.00786E-04
 9.00638E-04
 9.00451E-04
 9.00303E-04
 8.99996E-04
 8.99888E-04
 8.99622E-04
 8.99474E-04
 8.99048E-04
 8.98781E-04
 8.98554E-04
 8.98326E-04
 8.98139E-04
 8.97912E-04
 8.97684E-04
 8.97537E-04
 8.97429E-04
 8.97202E-04
 8.96975E-04
 8.96827E-04
 8.96520E-04
 8.96333E-04
 8.96185E-04
 8.96038E-04
 8.95850E-04
 8.95702E-04
 8.95515E-04
 8.95407E-04
 8.95021E-04
 8.94873E-04
 8.94646E-04
 8.94459E-04
 8.94152E-04
 8.93964E-04
 8.93737E-04
 8.93311E-04
 8.93124E-04
 8.92896E-04
 8.92630E-04
 8.92482E-04
 8.92175E-04
 8.91868E-04
 8.91760E-04
 8.91454E-04
 8.91306E-04
 8.91198E-04
 8.90971E-04
 8.90704E-04
 8.90517E-04
 8.90210E-04
 8.89943E-04
 8.89875E-04
 8.89608E-04
 8.89381E-04
 8.89313E-04
 8.89125E-04
 8.88898E-04
 8.88551E-04
 8.88324E-04
 8.88177E-04
 8.88069E-04
 8.87722E-04
 8.87614E-04
 8.87427E-04
 8.87240E-04
 8.87092E-04
 8.86706E-04
 8.86478E-04
 8.86251E-04
 8.86064E-04
 8.85837E-04
 8.85490E-04
 8.85422E-04
 8.85394E-04
 8.85008E-04
 8.84621E-04
 8.84434E-04
 8.84207E-04
 8.83979E-04
 8.83792E-04
 8.83525E-04
 8.83338E-04
 8.83190E-04
 8.83042E-04
 8.82935E-04
 8.82707E-04
 8.82520E-04
 8.82253E-04
 8.82145E-04
 8.81878E-04
 8.81731E-04
 8.81543E-04
 8.81276E-04
 8.81049E-04
 8.80822E-04
 8.80674E-04
 8.80566E-04
 8.80379E-04
 8.79993E-04
 8.79726E-04
 8.79459E-04
 8.79152E-04
 8.78885E-04
 8.78698E-04
 8.78431E-04
 8.78243E-04
 8.78016E-04
 8.77868E-04
 8.77482E-04
 8.77175E-04
 8.76948E-04
 8.76880E-04
 8.76653E-04
 8.76426E-04
 8.76278E-04
 8.76210E-04
 8.75983E-04
 8.75756E-04
 8.75489E-04
 8.75381E-04
 8.75154E-04
 8.74887E-04
 8.74700E-04
 8.74472E-04
 8.74245E-04
 8.74098E-04
 8.73870E-04
 8.73842E-04
 8.73535E-04
 8.73348E-04
 8.73121E-04
 8.73013E-04
 8.72786E-04
 8.72638E-04
 8.72371E-04
 8.72144E-04
 8.71917E-04
 8.71730E-04
 8.71542E-04
 8.71315E-04
 8.70929E-04
 8.70781E-04
 8.70514E-04
 8.70247E-04
 8.70100E-04
 8.69833E-04
 8.69606E-04
 8.69379E-04
 8.69151E-04
 8.68765E-04
 8.68617E-04
 8.68430E-04
 8.68322E-04
 8.68175E-04
 8.67908E-04
 8.67681E-04
 8.67493E-04
 8.67346E-04
 8.67158E-04
 8.66971E-04
 8.66744E-04
 8.66556E-04
 8.66250E-04
 8.66102E-04
 8.65955E-04
 8.65847E-04
 8.65659E-04
 8.65392E-04
 8.65285E-04
 8.65137E-04
 8.64751E-04
 8.64444E-04
 8.64217E-04
 8.63910E-04
 8.63564E-04
 8.63416E-04
 8.63229E-04
 8.63041E-04
 8.62973E-04
 8.62706E-04
 8.62479E-04
 8.62212E-04
 8.61906E-04
 8.61838E-04
 8.61730E-04
 8.61662E-04
 8.61514E-04
 8.61287E-04
 8.60981E-04
 8.60674E-04
 8.60407E-04
 8.60220E-04
 8.60032E-04
 8.59805E-04
 8.59658E-04
 8.59430E-04
 8.59283E-04
 8.59215E-04
 8.59147E-04
 8.58840E-04
 8.58693E-04
 8.58267E-04
 8.58119E-04
 8.57892E-04
 8.57784E-04
 8.57597E-04
 8.57171E-04
 8.56983E-04
 8.56677E-04
 8.56489E-04
 8.56183E-04
 8.55995E-04
 8.55649E-04
 8.55462E-04
 8.55234E-04
 8.55007E-04
 8.54900E-04
 8.54752E-04
 8.54485E-04
 8.54258E-04
 8.53951E-04
 8.53844E-04
 8.53696E-04
 8.53350E-04
 8.53242E-04
 8.53015E-04
 8.52947E-04
 8.52720E-04
 8.52652E-04
 8.52464E-04
 8.52197E-04
 8.51851E-04
 8.51664E-04
 8.51635E-04
 8.51528E-04
 8.51301E-04
 8.51113E-04
 8.50886E-04
 8.50779E-04
 8.50512E-04
 8.50205E-04
 8.49858E-04
 8.49671E-04
 8.49404E-04
 8.49217E-04
 8.48950E-04
 8.48763E-04
 8.48536E-04
 8.48468E-04
 8.48201E-04
 8.48014E-04
 8.47747E-04
 8.47480E-04
 8.47372E-04
 8.47304E-04
 8.47157E-04
 8.47009E-04
 8.46742E-04
 8.46396E-04
 8.46129E-04
 8.45942E-04
 8.45675E-04
 8.45368E-04
 8.45221E-04
 8.45073E-04
 8.44926E-04
 8.44659E-04
 8.44511E-04
 8.44364E-04
 8.44137E-04
 8.43989E-04
 8.43762E-04
 8.43615E-04
 8.43507E-04
 8.43320E-04
 8.43053E-04
 8.42906E-04
 8.42758E-04
 8.42292E-04
 8.42065E-04
 8.41918E-04
 8.41611E-04
 8.41424E-04
 8.41117E-04
 8.40890E-04
 8.40703E-04
 8.40555E-04
 8.40408E-04
 8.40260E-04
 8.39994E-04
 8.39767E-04
 8.39579E-04
 8.39313E-04
 8.38966E-04
 8.38739E-04
 8.38671E-04
 8.38524E-04
 8.38336E-04
 8.38229E-04
 8.38042E-04
 8.37934E-04
 8.37786E-04
 8.37639E-04
 8.37452E-04
 8.37304E-04
 8.36958E-04
 8.36810E-04
 8.36583E-04
 8.36396E-04
 8.36249E-04
 8.36062E-04
 8.35914E-04
 8.35647E-04
 8.35341E-04
 8.34994E-04
 8.34847E-04
 8.34501E-04
 8.34313E-04
 8.34166E-04
 8.33819E-04
 8.33752E-04
 8.33405E-04
 8.33138E-04
 8.32911E-04
 8.32684E-04
 8.32577E-04
 8.32509E-04
 8.32242E-04
 8.32055E-04
 8.31908E-04
 8.31641E-04
 8.31454E-04
 8.31266E-04
 8.31000E-04
 8.30733E-04
 8.30426E-04
 8.30319E-04
 8.30132E-04
 8.29905E-04
 8.29757E-04
 8.29610E-04
 8.29423E-04
 8.29355E-04
 8.29207E-04
 8.28980E-04
 8.28753E-04
 8.28526E-04
 8.28459E-04
 8.28152E-04
 8.28044E-04
 8.27937E-04
 8.27591E-04
 8.27244E-04
 8.27097E-04
 8.26949E-04
 8.26683E-04
 8.26496E-04
 8.26189E-04
 8.26081E-04
 8.25894E-04
 8.25667E-04
 8.25520E-04
 8.25213E-04
 8.25066E-04
 8.24919E-04
 8.24493E-04
 8.24346E-04
 8.24198E-04
 8.24011E-04
 8.23903E-04
 8.23597E-04
 8.23370E-04
 8.23223E-04
 8.23075E-04
 8.22928E-04
 8.22781E-04
 8.22554E-04
 8.22367E-04
 8.22219E-04
 8.21953E-04
 8.21686E-04
 8.21459E-04
 8.21272E-04
 8.21164E-04
 8.20977E-04
 8.20671E-04
 8.20523E-04
 8.20456E-04
 8.20070E-04
 8.19882E-04
 8.19656E-04
 8.19349E-04
 8.19202E-04
 8.18895E-04
 8.18748E-04
 8.18601E-04
 8.18414E-04
 8.18187E-04
 8.18039E-04
 8.17852E-04
 8.17705E-04
 8.17598E-04
 8.17251E-04
 8.16985E-04
 8.16837E-04
 8.16650E-04
 8.16463E-04
 8.16236E-04
 8.16010E-04
 8.15862E-04
 8.15635E-04
 8.15488E-04
 8.15301E-04
 8.15154E-04
 8.14967E-04
 8.14740E-04
 8.14593E-04
 8.14366E-04
 8.14179E-04
 8.13952E-04
 8.13884E-04
 8.13697E-04
 8.13630E-04
 8.13403E-04
 8.13255E-04
 8.13148E-04
 8.12921E-04
 8.12734E-04
 8.12308E-04
 8.12002E-04
 8.11656E-04
 8.11349E-04
 8.11202E-04
 8.10936E-04
 8.10788E-04
 8.10562E-04
 8.10295E-04
 8.10188E-04
 8.09921E-04
 8.09694E-04
 8.09587E-04
 8.09479E-04
 8.09332E-04
 8.09105E-04
 8.08879E-04
 8.08692E-04
 8.08345E-04
 8.08278E-04
 8.08091E-04
 8.07944E-04
 8.07757E-04
 8.07530E-04
 8.07462E-04
 8.07275E-04
 8.07088E-04
 8.06822E-04
 8.06635E-04
 8.06488E-04
 8.06221E-04
 8.06034E-04
 8.05807E-04
 8.05620E-04
 8.05434E-04
 8.05247E-04
 8.05020E-04
 8.04833E-04
 8.04606E-04
 8.04459E-04
 8.04232E-04
 8.04045E-04
 8.03819E-04
 8.03592E-04
 8.03325E-04
 8.03099E-04
 8.02952E-04
 8.02804E-04
 8.02538E-04
 8.02391E-04
 8.02244E-04
 8.02057E-04
 8.01950E-04
 8.01842E-04
 8.01536E-04
 8.01389E-04
 8.01162E-04
 8.01015E-04
 8.00868E-04
 8.00522E-04
 8.00335E-04
 8.00228E-04
 8.00001E-04
 7.99894E-04
 7.99667E-04
 7.99440E-04
 7.99214E-04
 7.99027E-04
 7.98840E-04
 7.98693E-04
 7.98546E-04
 7.98399E-04
 7.98212E-04
 7.98105E-04
 7.97798E-04
 7.97413E-04
 7.97186E-04
 7.96880E-04
 7.96653E-04
 7.96506E-04
 7.96399E-04
 7.96172E-04
 7.95787E-04
 7.95600E-04
 7.95493E-04
 7.95306E-04
 7.95159E-04
 7.94932E-04
 7.94785E-04
 7.94638E-04
 7.94372E-04
 7.94145E-04
 7.93998E-04
 7.93811E-04
 7.93744E-04
 7.93557E-04
 7.93370E-04
 7.93144E-04
 7.93037E-04
 7.92890E-04
 7.92663E-04
 7.92436E-04
 7.92051E-04
 7.91983E-04
 7.91677E-04
 7.91650E-04
 7.91542E-04
 7.91356E-04
 7.91089E-04
 7.90863E-04
 7.90716E-04
 7.90609E-04
 7.90462E-04
 7.90116E-04
 7.89929E-04
 7.89782E-04
 7.89596E-04
 7.89369E-04
 7.89143E-04
 7.88956E-04
 7.88650E-04
 7.88463E-04
 7.88237E-04
 7.88010E-04
 7.87823E-04
 7.87716E-04
 7.87490E-04
 7.87343E-04
 7.87196E-04
 7.86930E-04
 7.86624E-04
 7.86517E-04
 7.86290E-04
 7.86024E-04
 7.85877E-04
 7.85651E-04
 7.85464E-04
 7.85317E-04
 7.85170E-04
 7.84904E-04
 7.84678E-04
 7.84531E-04
 7.84424E-04
 7.84197E-04
 7.84090E-04
 7.83943E-04
 7.83836E-04
 7.83650E-04
 7.83543E-04
 7.83316E-04
 7.83050E-04
 7.82903E-04
 7.82478E-04
 7.82132E-04
 7.82025E-04
 7.81918E-04
 7.81692E-04
 7.81386E-04
 7.81199E-04
 7.81052E-04
 7.80866E-04
 7.80640E-04
 7.80533E-04
 7.80306E-04
 7.80040E-04
 7.79854E-04
 7.79747E-04
 7.79640E-04
 7.79533E-04
 7.79346E-04
 7.79160E-04
 7.78973E-04
 7.78826E-04
 7.78640E-04
 7.78334E-04
 7.78227E-04
 7.78040E-04
 7.77854E-04
 7.77588E-04
 7.77481E-04
 7.77294E-04
 7.77148E-04
 7.76961E-04
 7.76775E-04
 7.76628E-04
 7.76362E-04
 7.76255E-04
 7.76148E-04
 7.75882E-04
 7.75735E-04
 7.75469E-04
 7.75084E-04
 7.74858E-04
 7.74791E-04
 7.74604E-04
 7.74458E-04
 7.74231E-04
 7.73886E-04
 7.73620E-04
 7.73433E-04
 7.73128E-04
 7.73021E-04
 7.72874E-04
 7.72727E-04
 7.72621E-04
 7.72474E-04
 7.72208E-04
 7.71942E-04
 7.71676E-04
 7.71530E-04
 7.71303E-04
 7.71117E-04
 7.70931E-04
 7.70744E-04
 7.70478E-04
 7.70292E-04
 7.70185E-04
 7.70039E-04
 7.69892E-04
 7.69745E-04
 7.69599E-04
 7.69413E-04
 7.69266E-04
 7.69040E-04
 7.68973E-04
 7.68866E-04
 7.68759E-04
 7.68573E-04
 7.68347E-04
 7.68201E-04
 7.67895E-04
 7.67629E-04
 7.67443E-04
 7.67217E-04
 7.66951E-04
 7.66685E-04
 7.66538E-04
 7.66352E-04
 7.66166E-04
 7.65940E-04
 7.65714E-04
 7.65528E-04
 7.65381E-04
 7.65274E-04
 7.65009E-04
 7.64902E-04
 7.64676E-04
 7.64569E-04
 7.64303E-04
 7.64157E-04
 7.64011E-04
 7.63785E-04
 7.63559E-04
 7.63412E-04
 7.63146E-04
 7.62920E-04
 7.62734E-04
 7.62628E-04
 7.62521E-04
 7.62415E-04
 7.62189E-04
 7.62042E-04
 7.61776E-04
 7.61471E-04
 7.61364E-04
 7.61258E-04
 7.60992E-04
 7.60806E-04
 7.60620E-04
 7.60473E-04
 7.60287E-04
 7.60101E-04
 7.59836E-04
 7.59570E-04
 7.59384E-04
 7.59158E-04
 7.58972E-04
 7.58786E-04
 7.58600E-04
 7.58413E-04
 7.58227E-04
 7.58041E-04
 7.57895E-04
 7.57749E-04
 7.57603E-04
 7.57416E-04
 7.57151E-04
 7.56806E-04
 7.56739E-04
 7.56593E-04
 7.56446E-04
 7.56340E-04
 7.56114E-04
 7.55928E-04
 7.55702E-04
 7.55516E-04
 7.55291E-04
 7.55144E-04
 7.54958E-04
 7.54772E-04
 7.54626E-04
 7.54520E-04
 7.54413E-04
 7.54267E-04
 7.54081E-04
 7.53935E-04
 7.53749E-04
 7.53643E-04
 7.53298E-04
 7.53191E-04
 7.53125E-04
 7.52740E-04
 7.52514E-04
 7.52289E-04
 7.52103E-04
 7.51917E-04
 7.51611E-04
 7.51505E-04
 7.51120E-04
 7.50934E-04
 7.50788E-04
 7.50563E-04
 7.50337E-04
 7.50231E-04
 7.50124E-04
 7.49939E-04
 7.49753E-04
 7.49447E-04
 7.49262E-04
 7.48996E-04
 7.48890E-04
 7.48784E-04
 7.48638E-04
 7.48492E-04
 7.48226E-04
 7.48040E-04
 7.47974E-04
 7.47828E-04
 7.47722E-04
 7.47536E-04
 7.47271E-04
 7.47045E-04
 7.46700E-04
 7.46475E-04
 7.46408E-04
 7.46262E-04
 7.46037E-04
 7.45891E-04
 7.45705E-04
 7.45639E-04
 7.45572E-04
 7.45387E-04
 7.45121E-04
 7.44896E-04
 7.44670E-04
 7.44485E-04
 7.44418E-04
 7.44113E-04
 7.43967E-04
 7.43861E-04
 7.43636E-04
 7.43450E-04
 7.43185E-04
 7.42880E-04
 7.42774E-04
 7.42429E-04
 7.42243E-04
 7.42098E-04
 7.41991E-04
 7.41766E-04
 7.41580E-04
 7.41474E-04
 7.41368E-04
 7.41143E-04
 7.40918E-04
 7.40851E-04
 7.40706E-04
 7.40440E-04
 7.40374E-04
 7.40189E-04
 7.40122E-04
 7.40016E-04
 7.39871E-04
 7.39725E-04
 7.39500E-04
 7.39274E-04
 7.39129E-04
 7.38903E-04
 7.38598E-04
 7.38413E-04
 7.38267E-04
 7.38002E-04
 7.37618E-04
 7.37552E-04
 7.37207E-04
 7.37101E-04
 7.36876E-04
 7.36770E-04
 7.36584E-04
 7.36319E-04
 7.36094E-04
 7.35869E-04
 7.35763E-04
 7.35617E-04
 7.35512E-04
 7.35247E-04
 7.35061E-04
 7.34796E-04
 7.34730E-04
 7.34425E-04
 7.34240E-04
 7.34015E-04
 7.33790E-04
 7.33724E-04
 7.33498E-04
 7.33273E-04
 7.33128E-04
 7.33101E-04
 7.32956E-04
 7.32850E-04
 7.32625E-04
 7.32440E-04
 7.32175E-04
 7.32069E-04
 7.31924E-04
 7.31738E-04
 7.31513E-04
 7.31288E-04
 7.31143E-04
 7.31077E-04
 7.30891E-04
 7.30706E-04
 7.30481E-04
 7.30455E-04
 7.30349E-04
 7.30005E-04
 7.29820E-04
 7.29634E-04
 7.29449E-04
 7.29264E-04
 7.29039E-04
 7.28894E-04
 7.28748E-04
 7.28603E-04
 7.28378E-04
 7.28073E-04
 7.27968E-04
 7.27782E-04
 7.27597E-04
 7.27333E-04
 7.27227E-04
 7.27002E-04
 7.26777E-04
 7.26711E-04
 7.26486E-04
 7.26222E-04
 7.26076E-04
 7.25852E-04
 7.25746E-04
 7.25641E-04
 7.25416E-04
 7.25310E-04
 7.25165E-04
 7.24980E-04
 7.24834E-04
 7.24689E-04
 7.24464E-04
 7.24359E-04
 7.24174E-04
 7.24029E-04
 7.23764E-04
 7.23539E-04
 7.23354E-04
 7.23169E-04
 7.23024E-04
 7.22720E-04
 7.22694E-04
 7.22509E-04
 7.22165E-04
 7.21980E-04
 7.21835E-04
 7.21530E-04
 7.21305E-04
 7.21160E-04
 7.21015E-04
 7.20751E-04
 7.20605E-04
 7.20460E-04
 7.20275E-04
 7.20210E-04
 7.19945E-04
 7.19761E-04
 7.19496E-04
 7.19351E-04
 7.19087E-04
 7.18902E-04
 7.18836E-04
 7.18731E-04
 7.18546E-04
 7.18441E-04
 7.18336E-04
 7.18190E-04
 7.17847E-04
 7.17662E-04
 7.17437E-04
 7.17372E-04
 7.17147E-04
 7.16962E-04
 7.16817E-04
 7.16672E-04
 7.16527E-04
 7.16462E-04
 7.16436E-04
 7.16053E-04
 7.15908E-04
 7.15842E-04
 7.15578E-04
 7.15433E-04
 7.15248E-04
 7.15183E-04
 7.14839E-04
 7.14694E-04
 7.14589E-04
 7.14325E-04
 7.14260E-04
 7.13916E-04
 7.13651E-04
 7.13427E-04
 7.13163E-04
 7.13018E-04
 7.12794E-04
 7.12569E-04
 7.12424E-04
 7.12319E-04
 7.12095E-04
 7.11950E-04
 7.11765E-04
 7.11621E-04
 7.11317E-04
 7.11251E-04
 7.11027E-04
 7.10882E-04
 7.10777E-04
 7.10593E-04
 7.10488E-04
 7.10303E-04
 7.10198E-04
 7.09895E-04
 7.09790E-04
 7.09565E-04
 7.09500E-04
 7.09355E-04
 7.09251E-04
 7.09185E-04
 7.08882E-04
 7.08737E-04
 7.08513E-04
 7.08328E-04
 7.08184E-04
 7.07880E-04
 7.07775E-04
 7.07551E-04
 7.07406E-04
 7.07142E-04
 7.06838E-04
 7.06654E-04
 7.06470E-04
 7.06365E-04
 7.06180E-04
 7.06036E-04
 7.05891E-04
 7.05707E-04
 7.05522E-04
 7.05378E-04
 7.05233E-04
 7.04969E-04
 7.04745E-04
 7.04561E-04
 7.04297E-04
 7.04232E-04
 7.04167E-04
 7.03943E-04
 7.03839E-04
 7.03654E-04
 7.03589E-04
 7.03326E-04
 7.02942E-04
 7.02798E-04
 7.02773E-04
 7.02589E-04
 7.02524E-04
 7.02379E-04
 7.02195E-04
 7.01931E-04
 7.01827E-04
 7.01682E-04
 7.01578E-04
 7.01433E-04
 7.01289E-04
 7.00985E-04
 7.00722E-04
 7.00577E-04
 7.00513E-04
 7.00368E-04
 7.00224E-04
 7.00119E-04
 6.99776E-04
 6.99632E-04
 6.99408E-04
 6.99184E-04
 6.98881E-04
 6.98617E-04
 6.98353E-04
 6.98209E-04
 6.98065E-04
 6.97921E-04
 6.97737E-04
 6.97632E-04
 6.97369E-04
 6.97145E-04
 6.97040E-04
 6.96856E-04
 6.96633E-04
 6.96488E-04
 6.96384E-04
 6.96359E-04
 6.96215E-04
 6.95912E-04
 6.95728E-04
 6.95663E-04
 6.95559E-04
 6.95216E-04
 6.95072E-04
 6.94927E-04
 6.94823E-04
 6.94679E-04
 6.94575E-04
 6.94431E-04
 6.94127E-04
 6.93983E-04
 6.93839E-04
 6.93616E-04
 6.93511E-04
 6.93288E-04
 6.93104E-04
 6.92960E-04
 6.92816E-04
 6.92592E-04
 6.92369E-04
 6.92264E-04
 6.92081E-04
 6.91857E-04
 6.91713E-04
 6.91490E-04
 6.91306E-04
 6.91082E-04
 6.90899E-04
 6.90715E-04
 6.90571E-04
 6.90427E-04
 6.90402E-04
 6.90139E-04
 6.89995E-04
 6.89812E-04
 6.89628E-04
 6.89603E-04
 6.89380E-04
 6.89157E-04
 6.88933E-04
 6.88749E-04
 6.88526E-04
 6.88422E-04
 6.88199E-04
 6.88055E-04
 6.87752E-04
 6.87688E-04
 6.87504E-04
 6.87440E-04
 6.87296E-04
 6.86993E-04
 6.86929E-04
 6.86825E-04
 6.86681E-04
 6.86498E-04
 6.86274E-04
 6.86011E-04
 6.85907E-04
 6.85724E-04
 6.85620E-04
 6.85556E-04
 6.85452E-04
 6.85268E-04
 6.85164E-04
 6.84941E-04
 6.84758E-04
 6.84535E-04
 6.84152E-04
 6.83969E-04
 6.83825E-04
 6.83642E-04
 6.83498E-04
 6.83195E-04
 6.83012E-04
 6.82868E-04
 6.82725E-04
 6.82382E-04
 6.82358E-04
 6.82135E-04
 6.81991E-04
 6.81768E-04
 6.81665E-04
 6.81481E-04
 6.81377E-04
 6.81115E-04
 6.80971E-04
 6.80828E-04
 6.80644E-04
 6.80501E-04
 6.80357E-04
 6.80095E-04
 6.79991E-04
 6.79887E-04
 6.79704E-04
 6.79600E-04
 6.79497E-04
 6.79313E-04
 6.79051E-04
 6.78907E-04
 6.78724E-04
 6.78621E-04
 6.78557E-04
 6.78334E-04
 6.78111E-04
 6.77888E-04
 6.77784E-04
 6.77721E-04
 6.77617E-04
 6.77434E-04
 6.77251E-04
 6.76948E-04
 6.76686E-04
 6.76423E-04
 6.76240E-04
 6.76176E-04
 6.76113E-04
 6.76049E-04
 6.75866E-04
 6.75802E-04
 6.75579E-04
 6.75158E-04
 6.75054E-04
 6.74871E-04
 6.74768E-04
 6.74426E-04
 6.74282E-04
 6.74060E-04
 6.73877E-04
 6.73734E-04
 6.73630E-04
 6.73368E-04
 6.73304E-04
 6.73081E-04
 6.72978E-04
 6.72915E-04
 6.72732E-04
 6.72589E-04
 6.72326E-04
 6.72263E-04
 6.72080E-04
 6.71857E-04
 6.71674E-04
 6.71571E-04
 6.71388E-04
 6.71126E-04
 6.71062E-04
 6.70840E-04
 6.70697E-04
 6.70593E-04
 6.70411E-04
 6.70307E-04
 6.70284E-04
 6.70220E-04
 6.69839E-04
 6.69576E-04
 6.69195E-04
 6.69012E-04
 6.68829E-04
 6.68607E-04
 6.68464E-04
 6.68321E-04
 6.68098E-04
 6.67995E-04
 6.67892E-04
 6.67710E-04
 6.67567E-04
 6.67424E-04
 6.67241E-04
 6.67019E-04
 6.66956E-04
 6.66813E-04
 6.66670E-04
 6.66328E-04
 6.66185E-04
 6.66082E-04
 6.65900E-04
 6.65837E-04
 6.65535E-04
 6.65471E-04
 6.65448E-04
 6.65265E-04
 6.65163E-04
 6.64980E-04
 6.64678E-04
 6.64575E-04
 6.64432E-04
 6.64290E-04
 6.64107E-04
 6.63965E-04
 6.63902E-04
 6.63759E-04
 6.63537E-04
 6.63354E-04
 6.63251E-04
 6.63188E-04
 6.63125E-04
 6.63022E-04
 6.62681E-04
 6.62419E-04
 6.62077E-04
 6.61855E-04
 6.61752E-04
 6.61570E-04
 6.61388E-04
 6.61285E-04
 6.61063E-04
 6.60880E-04
 6.60698E-04
 6.60476E-04
 6.60294E-04
 6.60191E-04
 6.59850E-04
 6.59627E-04
 6.59525E-04
 6.59263E-04
 6.59160E-04
 6.58938E-04
 6.58796E-04
 6.58614E-04
 6.58471E-04
 6.58368E-04
 6.58226E-04
 6.58163E-04
 6.58021E-04
 6.57799E-04
 6.57577E-04
 6.57435E-04
 6.57213E-04
 6.57070E-04
 6.56968E-04
 6.56905E-04
 6.56882E-04
 6.56580E-04
 6.56398E-04
 6.56137E-04
 6.56074E-04
 6.55892E-04
 6.55869E-04
 6.55806E-04
 6.55744E-04
 6.55681E-04
 6.55618E-04
 6.55396E-04
 6.55055E-04
 6.54674E-04
 6.54452E-04
 6.54231E-04
 6.54009E-04
 6.53787E-04
 6.53724E-04
 6.53542E-04
 6.53480E-04
 6.53417E-04
 6.53156E-04
 6.52974E-04
 6.52832E-04
 6.52729E-04
 6.52587E-04
 6.52445E-04
 6.52263E-04
 6.52121E-04
 6.51820E-04
 6.51678E-04
 6.51536E-04
 6.51394E-04
 6.51212E-04
 6.51149E-04
 6.50888E-04
 6.50706E-04
 6.50644E-04
 6.50462E-04
 6.50360E-04
 6.50218E-04
 6.50076E-04
 6.49894E-04
 6.49712E-04
 6.49451E-04
 6.49349E-04
 6.49246E-04
 6.48985E-04
 6.48843E-04
 6.48701E-04
 6.48520E-04
 6.48378E-04
 6.48116E-04
 6.47974E-04
 6.47833E-04
 6.47770E-04
 6.47589E-04
 6.47407E-04
 6.46987E-04
 6.46885E-04
 6.46743E-04
 6.46561E-04
 6.46499E-04
 6.46277E-04
 6.46096E-04
 6.45954E-04
 6.45733E-04
 6.45631E-04
 6.45409E-04
 6.45347E-04
 6.44967E-04
 6.44865E-04
 6.44723E-04
 6.44541E-04
 6.44440E-04
 6.44298E-04
 6.44116E-04
 6.43935E-04
 6.43873E-04
 6.43771E-04
 6.43629E-04
 6.43448E-04
 6.43266E-04
 6.43045E-04
 6.42903E-04
 6.42801E-04
 6.42700E-04
 6.42598E-04
 6.42456E-04
 6.42155E-04
 6.41974E-04
 6.41832E-04
 6.41572E-04
 6.41430E-04
 6.41368E-04
 6.41187E-04
 6.41125E-04
 6.41102E-04
 6.41041E-04
 6.40979E-04
 6.40757E-04
 6.40417E-04
 6.40156E-04
 6.39975E-04
 6.39754E-04
 6.39533E-04
 6.39391E-04
 6.39250E-04
 6.39069E-04
 6.38887E-04
 6.38706E-04
 6.38644E-04
 6.38423E-04
 6.38242E-04
 6.38101E-04
 6.37959E-04
 6.37818E-04
 6.37637E-04
 6.37495E-04
 6.37314E-04
 6.37173E-04
 6.36992E-04
 6.36930E-04
 6.36828E-04
 6.36727E-04
 6.36586E-04
 6.36325E-04
 6.36184E-04
 6.36162E-04
 6.36020E-04
 6.35919E-04
 6.35658E-04
 6.35398E-04
 6.35336E-04
 6.35115E-04
 6.34855E-04
 6.34713E-04
 6.34532E-04
 6.34351E-04
 6.34330E-04
 6.34149E-04
 6.33888E-04
 6.33787E-04
 6.33566E-04
 6.33465E-04
 6.33323E-04
 6.33182E-04
 6.32962E-04
 6.32820E-04
 6.32719E-04
 6.32538E-04
 6.32238E-04
 6.32057E-04
 6.31916E-04
 6.31695E-04
 6.31554E-04
 6.31413E-04
 6.31192E-04
 6.31012E-04
 6.30910E-04
 6.30769E-04
 6.30549E-04
 6.30249E-04
 6.30187E-04
 6.29927E-04
 6.29826E-04
 6.29724E-04
 6.29623E-04
 6.29482E-04
 6.29222E-04
 6.29160E-04
 6.29059E-04
 6.28799E-04
 6.28698E-04
 6.28438E-04
 6.28336E-04
 6.28275E-04
 6.28015E-04
 6.27993E-04
 6.27852E-04
 6.27712E-04
 6.27610E-04
 6.27390E-04
 6.27249E-04
 6.27108E-04
 6.27007E-04
 6.26906E-04
 6.26805E-04
 6.26744E-04
 6.26643E-04
 6.26542E-04
 6.26282E-04
 6.26181E-04
 6.26000E-04
 6.25780E-04
 6.25679E-04
 6.25578E-04
 6.25517E-04
 6.25137E-04
 6.24877E-04
 6.24697E-04
 6.24437E-04
 6.24296E-04
 6.24076E-04
 6.23895E-04
 6.23715E-04
 6.23574E-04
 6.23433E-04
 6.23293E-04
 6.23033E-04
 6.22892E-04
 6.22791E-04
 6.22690E-04
 6.22510E-04
 6.22449E-04
 6.22268E-04
 6.22168E-04
 6.22027E-04
 6.21767E-04
 6.21627E-04
 6.21446E-04
 6.21266E-04
 6.21165E-04
 6.21104E-04
 6.20884E-04
 6.20783E-04
 6.20643E-04
 6.20383E-04
 6.20163E-04
 6.19903E-04
 6.19643E-04
 6.19582E-04
 6.19561E-04
 6.19460E-04
 6.19201E-04
 6.19179E-04
 6.19039E-04
 6.18978E-04
 6.18798E-04
 6.18737E-04
 6.18477E-04
 6.18337E-04
 6.18157E-04
 6.18056E-04
 6.17916E-04
 6.17775E-04
 6.17476E-04
 6.17256E-04
 6.17195E-04
 6.17055E-04
 6.16835E-04
 6.16615E-04
 6.16475E-04
 6.16294E-04
 6.16114E-04
 6.15855E-04
 6.15714E-04
 6.15534E-04
 6.15434E-04
 6.15373E-04
 6.15233E-04
 6.15093E-04
 6.14873E-04
 6.14613E-04
 6.14513E-04
 6.14373E-04
 6.14113E-04
 6.13933E-04
 6.13872E-04
 6.13692E-04
 6.13552E-04
 6.13452E-04
 6.13312E-04
 6.13211E-04
 6.13190E-04
 6.13090E-04
 6.12910E-04
 6.12730E-04
 6.12550E-04
 6.12490E-04
 6.12389E-04
 6.12090E-04
 6.11950E-04
 6.11889E-04
 6.11710E-04
 6.11689E-04
 6.11469E-04
 6.11329E-04
 6.11229E-04
 6.11129E-04
 6.10869E-04
 6.10809E-04
 6.10629E-04
 6.10489E-04
 6.10269E-04
 6.10129E-04
 6.09989E-04
 6.09690E-04
 6.09590E-04
 6.09370E-04
 6.09230E-04
 6.09011E-04
 6.08911E-04
 6.08771E-04
 6.08671E-04
 6.08491E-04
 6.08192E-04
 6.08052E-04
 6.07952E-04
 6.07852E-04
 6.07672E-04
 6.07492E-04
 6.07313E-04
 6.07053E-04
 6.06953E-04
 6.06853E-04
 6.06793E-04
 6.06613E-04
 6.06394E-04
 6.06174E-04
 6.05955E-04
 6.05815E-04
 6.05596E-04
 6.05416E-04
 6.05356E-04
 6.05296E-04
 6.05076E-04
 6.04857E-04
 6.04757E-04
 6.04697E-04
 6.04676E-04
 6.04417E-04
 6.04278E-04
 6.04178E-04
 6.04038E-04
 6.03978E-04
 6.03798E-04
 6.03659E-04
 6.03519E-04
 6.03379E-04
 6.03239E-04
 6.03100E-04
 6.02841E-04
 6.02582E-04
 6.02442E-04
 6.02223E-04
 6.02163E-04
 6.01983E-04
 6.01844E-04
 6.01625E-04
 6.01485E-04
 6.01345E-04
 6.01246E-04
 6.01185E-04
 6.01086E-04
 6.00867E-04
 6.00727E-04
 6.00587E-04
 6.00368E-04
 6.00189E-04
 5.99970E-04
 5.99870E-04
 5.99611E-04
 5.99472E-04
 5.99292E-04
 5.99153E-04
 5.99093E-04
 5.98953E-04
 5.98933E-04
 5.98714E-04
 5.98575E-04
 5.98435E-04
 5.98256E-04
 5.98077E-04
 5.97977E-04
 5.97758E-04
 5.97658E-04
 5.97559E-04
 5.97459E-04
 5.97240E-04
 5.97140E-04
 5.97001E-04
 5.96862E-04
 5.96722E-04
 5.96662E-04
 5.96563E-04
 5.96463E-04
 5.96284E-04
 5.96145E-04
 5.96125E-04
 5.95906E-04
 5.95607E-04
 5.95349E-04
 5.95209E-04
 5.95030E-04
 5.94931E-04
 5.94712E-04
 5.94413E-04
 5.94314E-04
 5.94175E-04
 5.94155E-04
 5.93896E-04
 5.93797E-04
 5.93618E-04
 5.93598E-04
 5.93458E-04
 5.93319E-04
 5.93220E-04
 5.93001E-04
 5.92901E-04
 5.92802E-04
 5.92583E-04
 5.92404E-04
 5.92225E-04
 5.92007E-04
 5.91708E-04
 5.91609E-04
 5.91470E-04
 5.91171E-04
 5.91112E-04
 5.90973E-04
 5.90953E-04
 5.90774E-04
 5.90595E-04
 5.90456E-04
 5.90357E-04
 5.90138E-04
 5.89959E-04
 5.89899E-04
 5.89721E-04
 5.89581E-04
 5.89562E-04
 5.89423E-04
 5.89284E-04
 5.89224E-04
 5.89125E-04
 5.88986E-04
 5.88847E-04
 5.88628E-04
 5.88410E-04
 5.88111E-04
 5.88012E-04
 5.87833E-04
 5.87615E-04
 5.87436E-04
 5.87297E-04
 5.87198E-04
 5.87019E-04
 5.86840E-04
 5.86662E-04
 5.86562E-04
 5.86424E-04
 5.86324E-04
 5.86265E-04
 5.85967E-04
 5.85828E-04
 5.85609E-04
 5.85510E-04
 5.85451E-04
 5.85272E-04
 5.85253E-04
 5.85154E-04
 5.84895E-04
 5.84836E-04
 5.84737E-04
 5.84598E-04
 5.84380E-04
 5.84241E-04
 5.83983E-04
 5.83923E-04
 5.83824E-04
 5.83686E-04
 5.83547E-04
 5.83527E-04
 5.83349E-04
 5.83130E-04
 5.82952E-04
 5.82813E-04
 5.82674E-04
 5.82575E-04
 5.82436E-04
 5.82298E-04
 5.82239E-04
 5.82179E-04
 5.82041E-04
 5.81862E-04
 5.81684E-04
 5.81545E-04
 5.81446E-04
 5.81148E-04
 5.80850E-04
 5.80751E-04
 5.80573E-04
 5.80474E-04
 5.80216E-04
 5.80077E-04
 5.79978E-04
 5.79800E-04
 5.79661E-04
 5.79562E-04
 5.79463E-04
 5.79285E-04
 5.79186E-04
 5.79048E-04
 5.78710E-04
 5.78571E-04
 5.78433E-04
 5.78334E-04
 5.78275E-04
 5.78256E-04
 5.78157E-04
 5.77859E-04
 5.77760E-04
 5.77622E-04
 5.77483E-04
 5.77185E-04
 5.77007E-04
 5.76789E-04
 5.76650E-04
 5.76512E-04
 5.76453E-04
 5.76434E-04
 5.76216E-04
 5.76117E-04
 5.75819E-04
 5.75681E-04
 5.75622E-04
 5.75404E-04
 5.75226E-04
 5.75127E-04
 5.74988E-04
 5.74890E-04
 5.74831E-04
 5.74772E-04
 5.74594E-04
 5.74495E-04
 5.74396E-04
 5.74258E-04
 5.74040E-04
 5.73742E-04
 5.73644E-04
 5.73505E-04
 5.73248E-04
 5.73069E-04
 5.72692E-04
 5.72594E-04
 5.72455E-04
 5.72317E-04
 5.72179E-04
 5.72120E-04
 5.71981E-04
 5.71803E-04
 5.71705E-04
 5.71566E-04
 5.71547E-04
 5.71449E-04
 5.71271E-04
 5.71212E-04
 5.71074E-04
 5.70896E-04
 5.70757E-04
 5.70500E-04
 5.70361E-04
 5.70263E-04
 5.70164E-04
 5.69947E-04
 5.69808E-04
 5.69750E-04
 5.69691E-04
 5.69632E-04
 5.69534E-04
 5.69316E-04
 5.69217E-04
 5.69079E-04
 5.68901E-04
 5.68843E-04
 5.68784E-04
 5.68725E-04
 5.68508E-04
 5.68409E-04
 5.68112E-04
 5.68013E-04
 5.67955E-04
 5.67697E-04
 5.67479E-04
 5.67421E-04
 5.67323E-04
 5.67145E-04
 5.67046E-04
 5.66749E-04
 5.66651E-04
 5.66393E-04
 5.66255E-04
 5.66077E-04
 5.65939E-04
 5.65801E-04
 5.65583E-04
 5.65564E-04
 5.65347E-04
 5.65248E-04
 5.65071E-04
 5.64893E-04
 5.64635E-04
 5.64457E-04
 5.64240E-04
 5.64142E-04
 5.64083E-04
 5.63985E-04
 5.63926E-04
 5.63908E-04
 5.63730E-04
 5.63552E-04
 5.63414E-04
 5.63077E-04
 5.62939E-04
 5.62801E-04
 5.62623E-04
 5.62525E-04
 5.62387E-04
 5.62249E-04
 5.62111E-04
 5.62013E-04
 5.61795E-04
 5.61618E-04
 5.61480E-04
 5.61342E-04
 5.61283E-04
 5.61225E-04
 5.61087E-04
 5.61029E-04
 5.60970E-04
 5.60832E-04
 5.60694E-04
 5.60596E-04
 5.60458E-04
 5.60400E-04
 5.60342E-04
 5.60005E-04
 5.59947E-04
 5.59570E-04
 5.59313E-04
 5.59135E-04
 5.59077E-04
 5.58859E-04
 5.58562E-04
 5.58464E-04
 5.58287E-04
 5.58228E-04
 5.58130E-04
 5.58112E-04
 5.57855E-04
 5.57717E-04
 5.57579E-04
 5.57402E-04
 5.57264E-04
 5.57166E-04
 5.56988E-04
 5.56811E-04
 5.56752E-04
 5.56694E-04
 5.56636E-04
 5.56498E-04
 5.56400E-04
 5.56262E-04
 5.56164E-04
 5.55987E-04
 5.55730E-04
 5.55552E-04
 5.55415E-04
 5.55396E-04
 5.55298E-04
 5.55200E-04
 5.55142E-04
 5.55004E-04
 5.54867E-04
 5.54649E-04
 5.54552E-04
 5.54454E-04
 5.54197E-04
 5.54138E-04
 5.54080E-04
 5.53903E-04
 5.53845E-04
 5.53747E-04
 5.53609E-04
 5.53591E-04
 5.53294E-04
 5.53157E-04
 5.52979E-04
 5.52921E-04
 5.52823E-04
 5.52526E-04
 5.52309E-04
 5.51973E-04
 5.51835E-04
 5.51698E-04
 5.51639E-04
 5.51502E-04
 5.51325E-04
 5.51187E-04
 5.51089E-04
 5.50872E-04
 5.50655E-04
 5.50557E-04
 5.50499E-04
 5.50282E-04
 5.50105E-04
 5.50007E-04
 5.49869E-04
 5.49732E-04
 5.49634E-04
 5.49496E-04
 5.49279E-04
 5.49102E-04
 5.48925E-04
 5.48867E-04
 5.48690E-04
 5.48512E-04
 5.48335E-04
 5.48197E-04
 5.48140E-04
 5.47962E-04
 5.47865E-04
 5.47767E-04
 5.47510E-04
 5.47452E-04
 5.47355E-04
 5.47336E-04
 5.47279E-04
 5.47101E-04
 5.46964E-04
 5.46946E-04
 5.46808E-04
 5.46631E-04
 5.46454E-04
 5.46317E-04
 5.46259E-04
 5.46082E-04
 5.45984E-04
 5.45966E-04
 5.45828E-04
 5.45731E-04
 5.45514E-04
 5.45257E-04
 5.45120E-04
 5.44903E-04
 5.44765E-04
 5.44549E-04
 5.44332E-04
 5.44194E-04
 5.44057E-04
 5.43840E-04
 5.43623E-04
 5.43486E-04
 5.43348E-04
 5.43291E-04
 5.43074E-04
 5.43016E-04
 5.42879E-04
 5.42781E-04
 5.42684E-04
 5.42546E-04
 5.42409E-04
 5.42192E-04
 5.42015E-04
 5.41957E-04
 5.41900E-04
 5.41802E-04
 5.41625E-04
 5.41528E-04
 5.41430E-04
 5.41373E-04
 5.41195E-04
 5.41138E-04
 5.40961E-04
 5.40744E-04
 5.40607E-04
 5.40509E-04
 5.40412E-04
 5.40314E-04
 5.40177E-04
 5.40080E-04
 5.39982E-04
 5.39686E-04
 5.39628E-04
 5.39571E-04
 5.39553E-04
 5.39495E-04
 5.39318E-04
 5.39141E-04
 5.39084E-04
 5.38947E-04
 5.38809E-04
 5.38672E-04
 5.38456E-04
 5.38279E-04
 5.38221E-04
 5.37845E-04
 5.37748E-04
 5.37571E-04
 5.37434E-04
 5.37336E-04
 5.37199E-04
 5.36943E-04
 5.36846E-04
 5.36788E-04
 5.36571E-04
 5.36275E-04
 5.36138E-04
 5.36120E-04
 5.36023E-04
 5.35886E-04
 5.35868E-04
 5.35652E-04
 5.35475E-04
 5.35258E-04
 5.35121E-04
 5.34944E-04
 5.34727E-04
 5.34590E-04
 5.34493E-04
 5.34356E-04
 5.34299E-04
 5.34162E-04
 5.34025E-04
 5.33967E-04
 5.33751E-04
 5.33653E-04
 5.33477E-04
 5.33379E-04
 5.33282E-04
 5.33105E-04
 5.32929E-04
 5.32911E-04
 5.32774E-04
 5.32716E-04
 5.32580E-04
 5.32403E-04
 5.32266E-04
 5.32049E-04
 5.32032E-04
 5.31974E-04
 5.31877E-04
 5.31780E-04
 5.31524E-04
 5.31466E-04
 5.31290E-04
 5.31153E-04
 5.31135E-04
 5.30839E-04
 5.30662E-04
 5.30486E-04
 5.30269E-04
 5.30132E-04
 5.29876E-04
 5.29779E-04
 5.29602E-04
 5.29465E-04
 5.29368E-04
 5.29311E-04
 5.29214E-04
 5.28997E-04
 5.28860E-04
 5.28803E-04
 5.28587E-04
 5.28410E-04
 5.28353E-04
 5.28256E-04
 5.28159E-04
 5.28101E-04
 5.27766E-04
 5.27669E-04
 5.27492E-04
 5.27435E-04
 5.27298E-04
 5.27280E-04
 5.27183E-04
 5.27086E-04
 5.26949E-04
 5.26773E-04
 5.26636E-04
 5.26619E-04
 5.26522E-04
 5.26345E-04
 5.26288E-04
 5.26151E-04
 5.25975E-04
 5.25798E-04
 5.25741E-04
 5.25604E-04
 5.25467E-04
 5.25251E-04
 5.25234E-04
 5.25097E-04
 5.25040E-04
 5.24903E-04
 5.24726E-04
 5.24629E-04
 5.24413E-04
 5.24316E-04
 5.24179E-04
 5.24122E-04
 5.23946E-04
 5.23769E-04
 5.23633E-04
 5.23416E-04
 5.23319E-04
 5.23183E-04
 5.23006E-04
 5.22830E-04
 5.22773E-04
 5.22596E-04
 5.22459E-04
 5.22363E-04
 5.22306E-04
 5.22089E-04
 5.21873E-04
 5.21776E-04
 5.21560E-04
 5.21384E-04
 5.21247E-04
 5.21150E-04
 5.21013E-04
 5.20837E-04
 5.20740E-04
 5.20643E-04
 5.20586E-04
 5.20410E-04
 5.20273E-04
 5.20057E-04
 5.19801E-04
 5.19784E-04
 5.19687E-04
 5.19590E-04
 5.19454E-04
 5.19277E-04
 5.19141E-04
 5.18925E-04
 5.18868E-04
 5.18731E-04
 5.18674E-04
 5.18617E-04
 5.18480E-04
 5.18344E-04
 5.18247E-04
 5.18071E-04
 5.17934E-04
 5.17877E-04
 5.17780E-04
 5.17684E-04
 5.17627E-04
 5.17490E-04
 5.17354E-04
 5.17018E-04
 5.17001E-04
 5.16904E-04
 5.16569E-04
 5.16432E-04
 5.16256E-04
 5.16080E-04
 5.15943E-04
 5.15847E-04
 5.15710E-04
 5.15693E-04
 5.15596E-04
 5.15579E-04
 5.15403E-04
 5.15227E-04
 5.15011E-04
 5.14834E-04
 5.14738E-04
 5.14522E-04
 5.14385E-04
 5.14209E-04
 5.14073E-04
 5.13976E-04
 5.13879E-04
 5.13783E-04
 5.13567E-04
 5.13430E-04
 5.13413E-04
 5.13277E-04
 5.13061E-04
 5.13004E-04
 5.12947E-04
 5.12851E-04
 5.12714E-04
 5.12697E-04
 5.12640E-04
 5.12464E-04
 5.12288E-04
 5.12112E-04
 5.12015E-04
 5.11879E-04
 5.11663E-04
 5.11527E-04
 5.11390E-04
 5.11294E-04
 5.11197E-04
 5.11021E-04
 5.10924E-04
 5.10828E-04
 5.10731E-04
 5.10674E-04
 5.10498E-04
 5.10322E-04
 5.10146E-04
 5.10050E-04
 5.09873E-04
 5.09697E-04
 5.09481E-04
 5.09425E-04
 5.09288E-04
 5.09112E-04
 5.09095E-04
 5.09078E-04
 5.08863E-04
 5.08726E-04
 5.08630E-04
 5.08613E-04
 5.08477E-04
 5.08301E-04
 5.08204E-04
 5.08028E-04
 5.07932E-04
 5.07875E-04
 5.07659E-04
 5.07523E-04
 5.07387E-04
 5.07171E-04
 5.07035E-04
 5.06938E-04
 5.06802E-04
 5.06626E-04
 5.06370E-04
 5.06234E-04
 5.06217E-04
 5.06160E-04
 5.06104E-04
 5.05968E-04
 5.05911E-04
 5.05815E-04
 5.05678E-04
 5.05502E-04
 5.05326E-04
 5.05270E-04
 5.05173E-04
 5.04997E-04
 5.04901E-04
 5.04646E-04
 5.04549E-04
 5.04532E-04
 5.04317E-04
 5.04220E-04
 5.04124E-04
 5.03868E-04
 5.03812E-04
 5.03715E-04
 5.03579E-04
 5.03483E-04
 5.03347E-04
 5.03131E-04
 5.02836E-04
 5.02660E-04
 5.02564E-04
 5.02467E-04
 5.02291E-04
 5.02235E-04
 5.02059E-04
 5.01963E-04
 5.01866E-04
 5.01730E-04
 5.01554E-04
 5.01378E-04
 5.01242E-04
 5.01146E-04
 5.00891E-04
 5.00794E-04
 5.00698E-04
 5.00642E-04
 5.00545E-04
 5.00369E-04
 5.00233E-04
 5.00057E-04
 4.99882E-04
 4.99865E-04
 4.99649E-04
 4.99633E-04
 4.99536E-04
 4.99361E-04
 4.99344E-04
 4.99168E-04
 4.99151E-04
 4.99015E-04
 4.98879E-04
 4.98823E-04
 4.98727E-04
 4.98551E-04
 4.98296E-04
 4.98199E-04
 4.98063E-04
 4.97967E-04
 4.97752E-04
 4.97616E-04
 4.97599E-04
 4.97423E-04
 4.97367E-04
 4.97191E-04
 4.97174E-04
 4.96959E-04
 4.96823E-04
 4.96766E-04
 4.96591E-04
 4.96495E-04
 4.96319E-04
 4.96183E-04
 4.96007E-04
 4.95871E-04
 4.95735E-04
 4.95639E-04
 4.95463E-04
 4.95327E-04
 4.95192E-04
 4.95135E-04
 4.95119E-04
 4.95062E-04
 4.95006E-04
 4.94910E-04
 4.94853E-04
 4.94638E-04
 4.94502E-04
 4.94247E-04
 4.94151E-04
 4.94094E-04
 4.93879E-04
 4.93783E-04
 4.93528E-04
 4.93352E-04
 4.93256E-04
 4.93120E-04
 4.92984E-04
 4.92848E-04
 4.92752E-04
 4.92616E-04
 4.92520E-04
 4.92424E-04
 4.92368E-04
 4.92312E-04
 4.92176E-04
 4.92040E-04
 4.91785E-04
 4.91689E-04
 4.91633E-04
 4.91497E-04
 4.91440E-04
 4.91424E-04
 4.91288E-04
 4.91272E-04
 4.91056E-04
 4.90841E-04
 4.90785E-04
 4.90649E-04
 4.90473E-04
 4.90377E-04
 4.90361E-04
 4.90185E-04
 4.89970E-04
 4.89914E-04
 4.89698E-04
 4.89563E-04
 4.89308E-04
 4.89172E-04
 4.89036E-04
 4.88860E-04
 4.88765E-04
 4.88589E-04
 4.88453E-04
 4.88238E-04
 4.88062E-04
 4.88006E-04
 4.87870E-04
 4.87775E-04
 4.87718E-04
 4.87583E-04
 4.87566E-04
 4.87470E-04
 4.87295E-04
 4.87199E-04
 4.87023E-04
 4.86967E-04
 4.86792E-04
 4.86616E-04
 4.86520E-04
 4.86305E-04
 4.86289E-04
 4.86074E-04
 4.86057E-04
 4.85921E-04
 4.85746E-04
 4.85610E-04
 4.85475E-04
 4.85379E-04
 4.85323E-04
 4.85187E-04
 4.85051E-04
 4.85035E-04
 4.84939E-04
 4.84764E-04
 4.84628E-04
 4.84532E-04
 4.84436E-04
 4.84261E-04
 4.84046E-04
 4.83870E-04
 4.83735E-04
 4.83718E-04
 4.83543E-04
 4.83447E-04
 4.83272E-04
 4.83216E-04
 4.83120E-04
 4.82865E-04
 4.82729E-04
 4.82474E-04
 4.82418E-04
 4.82163E-04
 4.82147E-04
 4.82012E-04
 4.81956E-04
 4.81860E-04
 4.81764E-04
 4.81589E-04
 4.81453E-04
 4.81317E-04
 4.81222E-04
 4.81206E-04
 4.81150E-04
 4.80934E-04
 4.80839E-04
 4.80703E-04
 4.80568E-04
 4.80512E-04
 4.80336E-04
 4.80280E-04
 4.80105E-04
 4.79969E-04
 4.79874E-04
 4.79738E-04
 4.79603E-04
 4.79467E-04
 4.79411E-04
 4.79355E-04
 4.79220E-04
 4.79084E-04
 4.78949E-04
 4.78734E-04
 4.78638E-04
 4.78502E-04
 4.78407E-04
 4.78391E-04
 4.78295E-04
 4.78159E-04
 4.78024E-04
 4.77888E-04
 4.77673E-04
 4.77538E-04
 4.77482E-04
 4.77307E-04
 4.77211E-04
 4.77155E-04
 4.77099E-04
 4.77043E-04
 4.76908E-04
 4.76892E-04
 4.76756E-04
 4.76701E-04
 4.76446E-04
 4.76231E-04
 4.76095E-04
 4.76000E-04
 4.75824E-04
 4.75649E-04
 4.75514E-04
 4.75418E-04
 4.75243E-04
 4.75187E-04
 4.75091E-04
 4.74956E-04
 4.74860E-04
 4.74725E-04
 4.74470E-04
 4.74375E-04
 4.74239E-04
 4.74064E-04
 4.73969E-04
 4.73913E-04
 4.73857E-04
 4.73761E-04
 4.73586E-04
 4.73491E-04
 4.73315E-04
 4.73260E-04
 4.73204E-04
 4.72989E-04
 4.72814E-04
 4.72718E-04
 4.72623E-04
 4.72448E-04
 4.72392E-04
 4.72376E-04
 4.72280E-04
 4.72065E-04
 4.71890E-04
 4.71795E-04
 4.71620E-04
 4.71444E-04
 4.71349E-04
 4.71293E-04
 4.71158E-04
 4.71023E-04
 4.70808E-04
 4.70712E-04
 4.70617E-04
 4.70442E-04
 4.70386E-04
 4.70330E-04
 4.70235E-04
 4.70099E-04
 4.69924E-04
 4.69829E-04
 4.69813E-04
 4.69439E-04
 4.69343E-04
 4.69288E-04
 4.69033E-04
 4.68898E-04
 4.68802E-04
 4.68667E-04
 4.68492E-04
 4.68436E-04
 4.68341E-04
 4.68245E-04
 4.68150E-04
 4.68054E-04
 4.67879E-04
 4.67744E-04
 4.67609E-04
 4.67553E-04
 4.67299E-04
 4.67243E-04
 4.67108E-04
 4.67012E-04
 4.66957E-04
 4.66901E-04
 4.66885E-04
 4.66671E-04
 4.66456E-04
 4.66360E-04
 4.66225E-04
 4.66090E-04
 4.65955E-04
 4.65780E-04
 4.65724E-04
 4.65629E-04
 4.65573E-04
 4.65438E-04
 4.65263E-04
 4.65168E-04
 4.65152E-04
 4.64897E-04
 4.64683E-04
 4.64627E-04
 4.64571E-04
 4.64396E-04
 4.64381E-04
 4.64246E-04
 4.64071E-04
 4.63975E-04
 4.63800E-04
 4.63705E-04
 4.63610E-04
 4.63594E-04
 4.63419E-04
 4.63363E-04
 4.63268E-04
 4.63212E-04
 4.63077E-04
 4.62942E-04
 4.62767E-04
 4.62672E-04
 4.62577E-04
 4.62442E-04
 4.62307E-04
 4.62171E-04
 4.62036E-04
 4.61822E-04
 4.61607E-04
 4.61432E-04
 4.61337E-04
 4.61281E-04
 4.61106E-04
 4.60932E-04
 4.60797E-04
 4.60781E-04
 4.60686E-04
 4.60630E-04
 4.60495E-04
 4.60479E-04
 4.60384E-04
 4.60249E-04
 4.60074E-04
 4.59979E-04
 4.59764E-04
 4.59669E-04
 4.59614E-04
 4.59598E-04
 4.59582E-04
 4.59487E-04
 4.59392E-04
 4.59257E-04
 4.59201E-04
 4.59026E-04
 4.58971E-04
 4.58916E-04
 4.58781E-04
 4.58685E-04
 4.58550E-04
 4.58415E-04
 4.58201E-04
 4.58106E-04
 4.58050E-04
 4.57875E-04
 4.57740E-04
 4.57566E-04
 4.57470E-04
 4.57335E-04
 4.57280E-04
 4.57264E-04
 4.57169E-04
 4.56955E-04
 4.56820E-04
 4.56565E-04
 4.56510E-04
 4.56295E-04
 4.55922E-04
 4.55707E-04
 4.55612E-04
 4.55597E-04
 4.55501E-04
 4.55327E-04
 4.55231E-04
 4.55176E-04
 4.55121E-04
 4.54986E-04
 4.54851E-04
 4.54716E-04
 4.54581E-04
 4.54327E-04
 4.54232E-04
 4.54176E-04
 4.54121E-04
 4.53986E-04
 4.53851E-04
 4.53716E-04
 4.53542E-04
 4.53446E-04
 4.53351E-04
 4.53177E-04
 4.53082E-04
 4.52947E-04
 4.52772E-04
 4.52637E-04
 4.52622E-04
 4.52527E-04
 4.52511E-04
 4.52416E-04
 4.52241E-04
 4.52106E-04
 4.52051E-04
 4.51996E-04
 4.51861E-04
 4.51846E-04
 4.51750E-04
 4.51536E-04
 4.51361E-04
 4.51346E-04
 4.51211E-04
 4.51116E-04
 4.50941E-04
 4.50767E-04
 4.50592E-04
 4.50497E-04
 4.50362E-04
 4.50307E-04
 4.50252E-04
 4.50197E-04
 4.50022E-04
 4.49927E-04
 4.49912E-04
 4.49737E-04
 4.49721E-04
 4.49428E-04
 4.49213E-04
 4.49078E-04
 4.48904E-04
 4.48888E-04
 4.48674E-04
 4.48579E-04
 4.48484E-04
 4.48389E-04
 4.48334E-04
 4.48239E-04
 4.48025E-04
 4.47890E-04
 4.47835E-04
 4.47620E-04
 4.47565E-04
 4.47351E-04
 4.47256E-04
 4.47201E-04
 4.46946E-04
 4.46812E-04
 4.46757E-04
 4.46622E-04
 4.46567E-04
 4.46432E-04
 4.46377E-04
 4.46282E-04
 4.46147E-04
 4.46012E-04
 4.45957E-04
 4.45783E-04
 4.45608E-04
 4.45553E-04
 4.45498E-04
 4.45403E-04
 4.45388E-04
 4.45253E-04
 4.45238E-04
 4.45222E-04
 4.45127E-04
 4.44953E-04
 4.44858E-04
 4.44803E-04
 4.44708E-04
 4.44494E-04
 4.44319E-04
 4.44145E-04
 4.43970E-04
 4.43955E-04
 4.43820E-04
 4.43646E-04
 4.43511E-04
 4.43416E-04
 4.43321E-04
 4.43227E-04
 4.43012E-04
 4.42798E-04
 4.42743E-04
 4.42608E-04
 4.42434E-04
 4.42299E-04
 4.42244E-04
 4.42070E-04
 4.42055E-04
 4.42000E-04
 4.41905E-04
 4.41810E-04
 4.41596E-04
 4.41461E-04
 4.41406E-04
 4.41311E-04
 4.41177E-04
 4.41082E-04
 4.40947E-04
 4.40932E-04
 4.40718E-04
 4.40663E-04
 4.40568E-04
 4.40473E-04
 4.40339E-04
 4.40323E-04
 4.40149E-04
 4.40094E-04
 4.40079E-04
 4.39904E-04
 4.39730E-04
 4.39556E-04
 4.39421E-04
 4.39286E-04
 4.39192E-04
 4.39137E-04
 4.39082E-04
 4.39027E-04
 4.38852E-04
 4.38758E-04
 4.38703E-04
 4.38489E-04
 4.38354E-04
 4.38299E-04
 4.38164E-04
 4.37950E-04
 4.37856E-04
 4.37801E-04
 4.37786E-04
 4.37611E-04
 4.37516E-04
 4.37302E-04
 4.37168E-04
 4.37073E-04
 4.36939E-04
 4.36844E-04
 4.36709E-04
 4.36535E-04
 4.36480E-04
 4.36385E-04
 4.36171E-04
 4.36037E-04
 4.35942E-04
 4.35887E-04
 4.35753E-04
 4.35539E-04
 4.35484E-04
 4.35310E-04
 4.35056E-04
 4.34961E-04
 4.34747E-04
 4.34692E-04
 4.34637E-04
 4.34503E-04
 4.34328E-04
 4.34154E-04
 4.34060E-04
 4.34044E-04
 4.33990E-04
 4.33935E-04
 4.33760E-04
 4.33626E-04
 4.33452E-04
 4.33317E-04
 4.33263E-04
 4.33168E-04
 4.33073E-04
 4.32939E-04
 4.32884E-04
 4.32829E-04
 4.32734E-04
 4.32600E-04
 4.32545E-04
 4.32451E-04
 4.32356E-04
 4.32182E-04
 4.31968E-04
 4.31913E-04
 4.31818E-04
 4.31644E-04
 4.31550E-04
 4.31534E-04
 4.31400E-04
 4.31305E-04
 4.31251E-04
 4.31236E-04
 4.31101E-04
 4.31007E-04
 4.30833E-04
 4.30698E-04
 4.30564E-04
 4.30429E-04
 4.30215E-04
 4.30161E-04
 4.29987E-04
 4.29892E-04
 4.29797E-04
 4.29583E-04
 4.29529E-04
 4.29235E-04
 4.29101E-04
 4.28967E-04
 4.28952E-04
 4.28738E-04
 4.28643E-04
 4.28588E-04
 4.28494E-04
 4.28399E-04
 4.28344E-04
 4.28210E-04
 4.27996E-04
 4.27902E-04
 4.27807E-04
 4.27673E-04
 4.27539E-04
 4.27484E-04
 4.27429E-04
 4.27295E-04
 4.27280E-04
 4.27146E-04
 4.27091E-04
 4.26996E-04
 4.26981E-04
 4.26927E-04
 4.26912E-04
 4.26698E-04
 4.26484E-04
 4.26429E-04
 4.26295E-04
 4.26161E-04
 4.26026E-04
 4.25932E-04
 4.25798E-04
 4.25743E-04
 4.25609E-04
 4.25594E-04
 4.25380E-04
 4.25325E-04
 4.25231E-04
 4.25136E-04
 4.25042E-04
 4.24987E-04
 4.24893E-04
 4.24719E-04
 4.24585E-04
 4.24530E-04
 4.24396E-04
 4.24341E-04
 4.24207E-04
 4.24152E-04
 4.24097E-04
 4.23884E-04
 4.23789E-04
 4.23615E-04
 4.23441E-04
 4.23387E-04
 4.23332E-04
 4.23118E-04
 4.23024E-04
 4.22929E-04
 4.22716E-04
 4.22581E-04
 4.22447E-04
 4.22233E-04
 4.22179E-04
 4.22084E-04
 4.21950E-04
 4.21737E-04
 4.21642E-04
 4.21588E-04
 4.21414E-04
 4.21279E-04
 4.21265E-04
 4.21130E-04
 4.20956E-04
 4.20902E-04
 4.20847E-04
 4.20832E-04
 4.20738E-04
 4.20604E-04
 4.20589E-04
 4.20495E-04
 4.20321E-04
 4.20107E-04
 4.20053E-04
 4.19958E-04
 4.19904E-04
 4.19809E-04
 4.19635E-04
 4.19501E-04
 4.19407E-04
 4.19273E-04
 4.19258E-04
 4.19164E-04
 4.19030E-04
 4.18935E-04
 4.18841E-04
 4.18786E-04
 4.18732E-04
 4.18677E-04
 4.18424E-04
 4.18369E-04
 4.18355E-04
 4.18221E-04
 4.18047E-04
 4.17913E-04
 4.17818E-04
 4.17684E-04
 4.17590E-04
 4.17416E-04
 4.17202E-04
 4.17108E-04
 4.16855E-04
 4.16721E-04
 4.16586E-04
 4.16373E-04
 4.16318E-04
 4.16184E-04
 4.16170E-04
 4.16036E-04
 4.15901E-04
 4.15887E-04
 4.15753E-04
 4.15619E-04
 4.15445E-04
 4.15191E-04
 4.15137E-04
 4.15083E-04
 4.15028E-04
 4.14934E-04
 4.14840E-04
 4.14626E-04
 4.14492E-04
 4.14398E-04
 4.14343E-04
 4.14289E-04
 4.14195E-04
 4.14061E-04
 4.13847E-04
 4.13832E-04
 4.13698E-04
 4.13604E-04
 4.13550E-04
 4.13455E-04
 4.13401E-04
 4.13187E-04
 4.13093E-04
 4.12999E-04
 4.12865E-04
 4.12811E-04
 4.12637E-04
 4.12582E-04
 4.12448E-04
 4.12394E-04
 4.12300E-04
 4.12206E-04
 4.12112E-04
 4.11898E-04
 4.11844E-04
 4.11829E-04
 4.11735E-04
 4.11680E-04
 4.11507E-04
 4.11452E-04
 4.11398E-04
 4.11264E-04
 4.11249E-04
 4.11076E-04
 4.10942E-04
 4.10569E-04
 4.10554E-04
 4.10421E-04
 4.10287E-04
 4.10153E-04
 4.09939E-04
 4.09885E-04
 4.09791E-04
 4.09697E-04
 4.09602E-04
 4.09588E-04
 4.09494E-04
 4.09360E-04
 4.09186E-04
 4.09092E-04
 4.08878E-04
 4.08745E-04
 4.08650E-04
 4.08636E-04
 4.08502E-04
 4.08448E-04
 4.08354E-04
 4.08220E-04
 4.08165E-04
 4.07952E-04
 4.07858E-04
 4.07684E-04
 4.07550E-04
 4.07297E-04
 4.07283E-04
 4.07268E-04
 4.07254E-04
 4.07239E-04
 4.07145E-04
 4.07051E-04
 4.06917E-04
 4.06783E-04
 4.06729E-04
 4.06555E-04
 4.06541E-04
 4.06486E-04
 4.06313E-04
 4.06259E-04
 4.06085E-04
 4.05991E-04
 4.05857E-04
 4.05763E-04
 4.05669E-04
 4.05654E-04
 4.05600E-04
 4.05586E-04
 4.05531E-04
 4.05398E-04
 4.05224E-04
 4.05170E-04
 4.04996E-04
 4.04862E-04
 4.04649E-04
 4.04436E-04
 4.04262E-04
 4.04168E-04
 4.04034E-04
 4.03980E-04
 4.03966E-04
 4.03792E-04
 4.03499E-04
 4.03405E-04
 4.03351E-04
 4.03257E-04
 4.03123E-04
 4.02950E-04
 4.02895E-04
 4.02881E-04
 4.02787E-04
 4.02574E-04
 4.02519E-04
 4.02465E-04
 4.02371E-04
 4.02357E-04
 4.02223E-04
 4.02169E-04
 4.02035E-04
 4.01981E-04
 4.01927E-04
 4.01873E-04
 4.01739E-04
 4.01685E-04
 4.01630E-04
 4.01377E-04
 4.01283E-04
 4.01229E-04
 4.01056E-04
 4.00922E-04
 4.00788E-04
 4.00694E-04
 4.00600E-04
 4.00506E-04
 4.00452E-04
 4.00358E-04
 4.00264E-04
 4.00170E-04
 4.00116E-04
 3.99983E-04
 3.99690E-04
 3.99675E-04
 3.99621E-04
 3.99488E-04
 3.99354E-04
 3.99260E-04
 3.99166E-04
 3.99152E-04
 3.99098E-04
 3.98924E-04
 3.98870E-04
 3.98816E-04
 3.98563E-04
 3.98429E-04
 3.98216E-04
 3.98162E-04
 3.97949E-04
 3.97696E-04
 3.97642E-04
 3.97627E-04
 3.97533E-04
 3.97360E-04
 3.97147E-04
 3.97093E-04
 3.96999E-04
 3.96786E-04
 3.96771E-04
 3.96717E-04
 3.96623E-04
 3.96370E-04
 3.96276E-04
 3.96143E-04
 3.96009E-04
 3.95915E-04
 3.95742E-04
 3.95569E-04
 3.95514E-04
 3.95460E-04
 3.95287E-04
 3.95074E-04
 3.94980E-04
 3.94966E-04
 3.94951E-04
 3.94937E-04
 3.94883E-04
 3.94750E-04
 3.94616E-04
 3.94482E-04
 3.94428E-04
 3.94374E-04
 3.94280E-04
 3.94226E-04
 3.94093E-04
 3.93959E-04
 3.93826E-04
 3.93732E-04
 3.93598E-04
 3.93584E-04
 3.93530E-04
 3.93396E-04
 3.93342E-04
 3.93288E-04
 3.93075E-04
 3.93061E-04
 3.93007E-04
 3.92953E-04
 3.92899E-04
 3.92726E-04
 3.92672E-04
 3.92459E-04
 3.92405E-04
 3.92271E-04
 3.92138E-04
 3.91885E-04
 3.91672E-04
 3.91538E-04
 3.91444E-04
 3.91231E-04
 3.91098E-04
 3.91044E-04
 3.90870E-04
 3.90856E-04
 3.90723E-04
 3.90589E-04
 3.90495E-04
 3.90402E-04
 3.90268E-04
 3.90254E-04
 3.90121E-04
 3.90067E-04
 3.90013E-04
 3.89919E-04
 3.89825E-04
 3.89652E-04
 3.89518E-04
 3.89385E-04
 3.89291E-04
 3.89158E-04
 3.89024E-04
 3.88931E-04
 3.88877E-04
 3.88823E-04
 3.88769E-04
 3.88675E-04
 3.88621E-04
 3.88527E-04
 3.88474E-04
 3.88380E-04
 3.88326E-04
 3.88193E-04
 3.88059E-04
 3.87926E-04
 3.87792E-04
 3.87698E-04
 3.87605E-04
 3.87511E-04
 3.87457E-04
 3.87284E-04
 3.87230E-04
 3.87176E-04
 3.87043E-04
 3.86909E-04
 3.86855E-04
 3.86802E-04
 3.86748E-04
 3.86575E-04
 3.86560E-04
 3.86467E-04
 3.86413E-04
 3.86319E-04
 3.86186E-04
 3.85973E-04
 3.85839E-04
 3.85706E-04
 3.85612E-04
 3.85439E-04
 3.85346E-04
 3.85212E-04
 3.85119E-04
 3.85105E-04
 3.84812E-04
 3.84679E-04
 3.84585E-04
 3.84571E-04
 3.84557E-04
 3.84424E-04
 3.84250E-04
 3.84197E-04
 3.83944E-04
 3.83850E-04
 3.83757E-04
 3.83583E-04
 3.83490E-04
 3.83396E-04
 3.83342E-04
 3.83289E-04
 3.83155E-04
 3.83062E-04
 3.82928E-04
 3.82835E-04
 3.82821E-04
 3.82727E-04
 3.82634E-04
 3.82500E-04
 3.82327E-04
 3.82273E-04
 3.82180E-04
 3.82166E-04
 3.82032E-04
 3.81939E-04
 3.81925E-04
 3.81831E-04
 3.81698E-04
 3.81525E-04
 3.81431E-04
 3.81378E-04
 3.81324E-04
 3.81270E-04
 3.81256E-04
 3.81242E-04
 3.81188E-04
 3.81095E-04
 3.81081E-04
 3.81067E-04
 3.81013E-04
 3.80880E-04
 3.80747E-04
 3.80454E-04
 3.80321E-04
 3.80108E-04
 3.79975E-04
 3.79802E-04
 3.79708E-04
 3.79535E-04
 3.79481E-04
 3.79308E-04
 3.79175E-04
 3.79161E-04
 3.79068E-04
 3.78855E-04
 3.78761E-04
 3.78707E-04
 3.78694E-04
 3.78640E-04
 3.78626E-04
 3.78493E-04
 3.78200E-04
 3.78107E-04
 3.77934E-04
 3.77880E-04
 3.77747E-04
 3.77653E-04
 3.77441E-04
 3.77307E-04
 3.77293E-04
 3.77200E-04
 3.77106E-04
 3.77013E-04
 3.76959E-04
 3.76707E-04
 3.76653E-04
 3.76560E-04
 3.76506E-04
 3.76413E-04
 3.76279E-04
 3.76186E-04
 3.76092E-04
 3.75959E-04
 3.75866E-04
 3.75573E-04
 3.75480E-04
 3.75426E-04
 3.75373E-04
 3.75279E-04
 3.75186E-04
 3.75132E-04
 3.75039E-04
 3.75025E-04
 3.74892E-04
 3.74798E-04
 3.74665E-04
 3.74651E-04
 3.74478E-04
 3.74385E-04
 3.74331E-04
 3.74318E-04
 3.74145E-04
 3.74131E-04
 3.74077E-04
 3.73904E-04
 3.73771E-04
 3.73638E-04
 3.73465E-04
 3.73252E-04
 3.73199E-04
 3.73105E-04
 3.73012E-04
 3.72879E-04
 3.72825E-04
 3.72533E-04
 3.72439E-04
 3.72386E-04
 3.72332E-04
 3.72239E-04
 3.72225E-04
 3.72092E-04
 3.71879E-04
 3.71826E-04
 3.71653E-04
 3.71520E-04
 3.71466E-04
 3.71452E-04
 3.71319E-04
 3.71305E-04
 3.71013E-04
 3.70999E-04
 3.70906E-04
 3.70733E-04
 3.70680E-04
 3.70626E-04
 3.70493E-04
 3.70280E-04
 3.70227E-04
 3.70173E-04
 3.70120E-04
 3.70066E-04
 3.69933E-04
 3.69760E-04
 3.69707E-04
 3.69613E-04
 3.69480E-04
 3.69387E-04
 3.69333E-04
 3.69240E-04
 3.69226E-04
 3.69093E-04
 3.69040E-04
 3.68946E-04
 3.68853E-04
 3.68800E-04
 3.68746E-04
 3.68653E-04
 3.68480E-04
 3.68347E-04
 3.68254E-04
 3.68081E-04
 3.67948E-04
 3.67894E-04
 3.67880E-04
 3.67708E-04
 3.67575E-04
 3.67402E-04
 3.67348E-04
 3.67335E-04
 3.67122E-04
 3.67029E-04
 3.66896E-04
 3.66802E-04
 3.66709E-04
 3.66616E-04
 3.66562E-04
 3.66350E-04
 3.66336E-04
 3.66124E-04
 3.65991E-04
 3.65818E-04
 3.65764E-04
 3.65711E-04
 3.65657E-04
 3.65524E-04
 3.65391E-04
 3.65258E-04
 3.65205E-04
 3.65191E-04
 3.65098E-04
 3.65045E-04
 3.64912E-04
 3.64779E-04
 3.64725E-04
 3.64672E-04
 3.64658E-04
 3.64525E-04
 3.64472E-04
 3.64418E-04
 3.64246E-04
 3.64152E-04
 3.64019E-04
 3.63966E-04
 3.63873E-04
 3.63780E-04
 3.63766E-04
 3.63593E-04
 3.63540E-04
 3.63447E-04
 3.63353E-04
 3.63300E-04
 3.63127E-04
 3.62955E-04
 3.62941E-04
 3.62848E-04
 3.62715E-04
 3.62661E-04
 3.62528E-04
 3.62435E-04
 3.62302E-04
 3.62249E-04
 3.62156E-04
 3.62142E-04
 3.62089E-04
 3.61876E-04
 3.61743E-04
 3.61611E-04
 3.61597E-04
 3.61384E-04
 3.61212E-04
 3.61119E-04
 3.61025E-04
 3.60972E-04
 3.60879E-04
 3.60746E-04
 3.60693E-04
 3.60639E-04
 3.60467E-04
 3.60413E-04
 3.60320E-04
 3.60227E-04
 3.60094E-04
 3.59961E-04
 3.59828E-04
 3.59815E-04
 3.59602E-04
 3.59430E-04
 3.59337E-04
 3.59244E-04
 3.59071E-04
 3.59018E-04
 3.58964E-04
 3.58911E-04
 3.58738E-04
 3.58685E-04
 3.58592E-04
 3.58539E-04
 3.58525E-04
 3.58392E-04
 3.58299E-04
 3.58246E-04
 3.58153E-04
 3.57980E-04
 3.57847E-04
 3.57794E-04
 3.57780E-04
 3.57687E-04
 3.57634E-04
 3.57621E-04
 3.57607E-04
 3.57554E-04
 3.57461E-04
 3.57368E-04
 3.57275E-04
 3.57182E-04
 3.57128E-04
 3.56995E-04
 3.56863E-04
 3.56849E-04
 3.56796E-04
 3.56703E-04
 3.56610E-04
 3.56397E-04
 3.56304E-04
 3.56132E-04
 3.56078E-04
 3.55946E-04
 3.55773E-04
 3.55561E-04
 3.55507E-04
 3.55414E-04
 3.55242E-04
 3.55149E-04
 3.55056E-04
 3.54923E-04
 3.54830E-04
 3.54697E-04
 3.54604E-04
 3.54511E-04
 3.54418E-04
 3.54365E-04
 3.54272E-04
 3.54179E-04
 3.54006E-04
 3.53953E-04
 3.53860E-04
 3.53807E-04
 3.53674E-04
 3.53502E-04
 3.53448E-04
 3.53435E-04
 3.53302E-04
 3.53130E-04
 3.53077E-04
 3.52944E-04
 3.52851E-04
 3.52638E-04
 3.52466E-04
 3.52413E-04
 3.52399E-04
 3.52386E-04
 3.52134E-04
 3.52041E-04
 3.51948E-04
 3.51855E-04
 3.51802E-04
 3.51788E-04
 3.51576E-04
 3.51563E-04
 3.51470E-04
 3.51456E-04
 3.51443E-04
 3.51430E-04
 3.51297E-04
 3.51164E-04
 3.50952E-04
 3.50740E-04
 3.50726E-04
 3.50673E-04
 3.50580E-04
 3.50487E-04
 3.50394E-04
 3.50301E-04
 3.50169E-04
 3.50076E-04
 3.49903E-04
 3.49731E-04
 3.49678E-04
 3.49545E-04
 3.49492E-04
 3.49478E-04
 3.49465E-04
 3.49213E-04
 3.49120E-04
 3.49027E-04
 3.48934E-04
 3.48841E-04
 3.48629E-04
 3.48497E-04
 3.48404E-04
 3.48191E-04
 3.48178E-04
 3.48085E-04
 3.47992E-04
 3.47899E-04
 3.47846E-04
 3.47714E-04
 3.47581E-04
 3.47528E-04
 3.47435E-04
 3.47302E-04
 3.47130E-04
 3.47037E-04
 3.46904E-04
 3.46851E-04
 3.46798E-04
 3.46705E-04
 3.46692E-04
 3.46599E-04
 3.46467E-04
 3.46294E-04
 3.46201E-04
 3.46188E-04
 3.46135E-04
 3.46122E-04
 3.46069E-04
 3.45976E-04
 3.45883E-04
 3.45711E-04
 3.45658E-04
 3.45644E-04
 3.45551E-04
 3.45419E-04
 3.45366E-04
 3.45313E-04
 3.45220E-04
 3.45207E-04
 3.45114E-04
 3.45021E-04
 3.44888E-04
 3.44835E-04
 3.44782E-04
 3.44690E-04
 3.44477E-04
 3.44345E-04
 3.44252E-04
 3.44080E-04
 3.43867E-04
 3.43814E-04
 3.43761E-04
 3.43629E-04
 3.43576E-04
 3.43443E-04
 3.43311E-04
 3.43178E-04
 3.43125E-04
 3.43072E-04
 3.43019E-04
 3.42847E-04
 3.42674E-04
 3.42661E-04
 3.42529E-04
 3.42476E-04
 3.42343E-04
 3.42330E-04
 3.42118E-04
 3.42065E-04
 3.41972E-04
 3.41800E-04
 3.41707E-04
 3.41654E-04
 3.41482E-04
 3.41389E-04
 3.41296E-04
 3.41084E-04
 3.40991E-04
 3.40898E-04
 3.40845E-04
 3.40793E-04
 3.40740E-04
 3.40647E-04
 3.40594E-04
 3.40541E-04
 3.40488E-04
 3.40395E-04
 3.40263E-04
 3.40250E-04
 3.40197E-04
 3.40104E-04
 3.39971E-04
 3.39918E-04
 3.39706E-04
 3.39614E-04
 3.39481E-04
 3.39468E-04
 3.39335E-04
 3.39322E-04
 3.39309E-04
 3.39216E-04
 3.39164E-04
 3.39031E-04
 3.38938E-04
 3.38846E-04
 3.38753E-04
 3.38660E-04
 3.38647E-04
 3.38554E-04
 3.38422E-04
 3.38369E-04
 3.38237E-04
 3.38184E-04
 3.38091E-04
 3.37839E-04
 3.37707E-04
 3.37574E-04
 3.37482E-04
 3.37389E-04
 3.37296E-04
 3.37243E-04
 3.37190E-04
 3.37137E-04
 3.37124E-04
 3.36952E-04
 3.36820E-04
 3.36647E-04
 3.36555E-04
 3.36502E-04
 3.36330E-04
 3.36237E-04
 3.36184E-04
 3.36092E-04
 3.36039E-04
 3.35986E-04
 3.35853E-04
 3.35641E-04
 3.35549E-04
 3.35377E-04
 3.35244E-04
 3.35191E-04
 3.35138E-04
 3.35006E-04
 3.34953E-04
 3.34861E-04
 3.34768E-04
 3.34715E-04
 3.34662E-04
 3.34570E-04
 3.34517E-04
 3.34504E-04
 3.34491E-04
 3.34438E-04
 3.34226E-04
 3.34173E-04
 3.34160E-04
 3.34067E-04
 3.34015E-04
 3.33962E-04
 3.33829E-04
 3.33697E-04
 3.33644E-04
 3.33591E-04
 3.33538E-04
 3.33486E-04
 3.33353E-04
 3.33340E-04
 3.33248E-04
 3.33115E-04
 3.32983E-04
 3.32811E-04
 3.32798E-04
 3.32745E-04
 3.32573E-04
 3.32361E-04
 3.32229E-04
 3.32017E-04
 3.32004E-04
 3.31911E-04
 3.31818E-04
 3.31766E-04
 3.31594E-04
 3.31461E-04
 3.31408E-04
 3.31276E-04
 3.31104E-04
 3.30932E-04
 3.30919E-04
 3.30866E-04
 3.30813E-04
 3.30761E-04
 3.30708E-04
 3.30655E-04
 3.30562E-04
 3.30430E-04
 3.30338E-04
 3.30325E-04
 3.30312E-04
 3.30179E-04
 3.30087E-04
 3.29915E-04
 3.29822E-04
 3.29730E-04
 3.29677E-04
 3.29664E-04
 3.29532E-04
 3.29519E-04
 3.29466E-04
 3.29373E-04
 3.29321E-04
 3.29188E-04
 3.29056E-04
 3.28844E-04
 3.28752E-04
 3.28580E-04
 3.28487E-04
 3.28355E-04
 3.28262E-04
 3.28090E-04
 3.28038E-04
 3.27985E-04
 3.27892E-04
 3.27840E-04
 3.27747E-04
 3.27655E-04
 3.27602E-04
 3.27510E-04
 3.27497E-04
 3.27484E-04
 3.27471E-04
 3.27378E-04
 3.27206E-04
 3.27114E-04
 3.26982E-04
 3.26929E-04
 3.26717E-04
 3.26545E-04
 3.26532E-04
 3.26440E-04
 3.26268E-04
 3.26135E-04
 3.26043E-04
 3.25950E-04
 3.25818E-04
 3.25726E-04
 3.25673E-04
 3.25581E-04
 3.25448E-04
 3.25316E-04
 3.25224E-04
 3.25092E-04
 3.25079E-04
 3.25066E-04
 3.24854E-04
 3.24682E-04
 3.24550E-04
 3.24537E-04
 3.24484E-04
 3.24471E-04
 3.24379E-04
 3.24247E-04
 3.24154E-04
 3.23982E-04
 3.23890E-04
 3.23877E-04
 3.23824E-04
 3.23772E-04
 3.23679E-04
 3.23627E-04
 3.23495E-04
 3.23402E-04
 3.23310E-04
 3.23098E-04
 3.23045E-04
 3.22993E-04
 3.22940E-04
 3.22808E-04
 3.22716E-04
 3.22583E-04
 3.22531E-04
 3.22518E-04
 3.22386E-04
 3.22373E-04
 3.22320E-04
 3.22188E-04
 3.22136E-04
 3.22083E-04
 3.22030E-04
 3.21898E-04
 3.21885E-04
 3.21833E-04
 3.21661E-04
 3.21489E-04
 3.21357E-04
 3.21264E-04
 3.21053E-04
 3.20960E-04
 3.20788E-04
 3.20736E-04
 3.20564E-04
 3.20472E-04
 3.20260E-04
 3.20048E-04
 3.19956E-04
 3.19903E-04
 3.19890E-04
 3.19758E-04
 3.19746E-04
 3.19613E-04
 3.19601E-04
 3.19588E-04
 3.19456E-04
 3.19363E-04
 3.19191E-04
 3.19139E-04
 3.19047E-04
 3.18994E-04
 3.18981E-04
 3.18889E-04
 3.18797E-04
 3.18784E-04
 3.18692E-04
 3.18559E-04
 3.18467E-04
 3.18375E-04
 3.18362E-04
 3.18310E-04
 3.18217E-04
 3.18125E-04
 3.18112E-04
 3.18020E-04
 3.17848E-04
 3.17756E-04
 3.17584E-04
 3.17531E-04
 3.17439E-04
 3.17307E-04
 3.17175E-04
 3.17122E-04
 3.17070E-04
 3.16898E-04
 3.16885E-04
 3.16793E-04
 3.16701E-04
 3.16648E-04
 3.16556E-04
 3.16543E-04
 3.16491E-04
 3.16438E-04
 3.16426E-04
 3.16293E-04
 3.16161E-04
 3.16109E-04
 3.16017E-04
 3.15924E-04
 3.15832E-04
 3.15740E-04
 3.15568E-04
 3.15436E-04
 3.15423E-04
 3.15291E-04
 3.15040E-04
 3.14987E-04
 3.14855E-04
 3.14763E-04
 3.14552E-04
 3.14539E-04
 3.14447E-04
 3.14394E-04
 3.14342E-04
 3.14249E-04
 3.14117E-04
 3.13946E-04
 3.13734E-04
 3.13682E-04
 3.13629E-04
 3.13577E-04
 3.13524E-04
 3.13432E-04
 3.13260E-04
 3.13168E-04
 3.13155E-04
 3.12984E-04
 3.12971E-04
 3.12879E-04
 3.12826E-04
 3.12814E-04
 3.12761E-04
 3.12709E-04
 3.12656E-04
 3.12564E-04
 3.12512E-04
 3.12459E-04
 3.12407E-04
 3.12235E-04
 3.12063E-04
 3.11931E-04
 3.11839E-04
 3.11747E-04
 3.11655E-04
 3.11563E-04
 3.11550E-04
 3.11498E-04
 3.11445E-04
 3.11313E-04
 3.11301E-04
 3.11169E-04
 3.11077E-04
 3.11064E-04
 3.11012E-04
 3.10959E-04
 3.10867E-04
 3.10854E-04
 3.10802E-04
 3.10710E-04
 3.10618E-04
 3.10526E-04
 3.10115E-04
 3.10023E-04
 3.09931E-04
 3.09759E-04
 3.09707E-04
 3.09575E-04
 3.09443E-04
 3.09430E-04
 3.09418E-04
 3.09405E-04
 3.09313E-04
 3.09101E-04
 3.08970E-04
 3.08917E-04
 3.08706E-04
 3.08693E-04
 3.08521E-04
 3.08389E-04
 3.08337E-04
 3.08285E-04
 3.08272E-04
 3.08220E-04
 3.08207E-04
 3.08155E-04
 3.08063E-04
 3.07891E-04
 3.07759E-04
 3.07667E-04
 3.07575E-04
 3.07523E-04
 3.07431E-04
 3.07378E-04
 3.07326E-04
 3.07234E-04
 3.07182E-04
 3.07089E-04
 3.06997E-04
 3.06945E-04
 3.06933E-04
 3.06761E-04
 3.06669E-04
 3.06616E-04
 3.06604E-04
 3.06512E-04
 3.06460E-04
 3.06328E-04
 3.06275E-04
 3.06223E-04
 3.06131E-04
 3.06039E-04
 3.05947E-04
 3.05895E-04
 3.05723E-04
 3.05631E-04
 3.05499E-04
 3.05486E-04
 3.05355E-04
 3.05302E-04
 3.05210E-04
 3.05198E-04
 3.05026E-04
 3.04934E-04
 3.04762E-04
 3.04631E-04
 3.04578E-04
