 0.00000E+00
 1.90112E-08
 3.14726E-08
 4.70234E-08
 5.96956E-08
 7.14889E-08
 8.23934E-08
 9.26196E-08
 1.02382E-07
 1.11834E-07
 1.21083E-07
 1.30199E-07
 1.39231E-07
 1.48211E-07
 1.57158E-07
 1.66089E-07
 1.75011E-07
 1.83929E-07
 1.92849E-07
 2.01771E-07
 2.10697E-07
 2.19627E-07
 2.28561E-07
 2.37499E-07
 2.46441E-07
 2.55386E-07
 2.64333E-07
 2.73282E-07
 2.82233E-07
 2.91185E-07
 3.00138E-07
 3.09092E-07
 3.18045E-07
 3.26998E-07
 3.35950E-07
 3.44901E-07
 3.53851E-07
 3.62800E-07
 3.71747E-07
 3.80692E-07
 3.89635E-07
 3.98575E-07
 4.07514E-07
 4.16449E-07
 4.25383E-07
 4.34313E-07
 4.43241E-07
 4.52166E-07
 4.61088E-07
 4.70007E-07
 4.78922E-07
 4.87835E-07
 4.96745E-07
 5.05651E-07
 5.14554E-07
 5.23454E-07
 5.32350E-07
 5.41243E-07
 5.50133E-07
 5.59019E-07
 5.67902E-07
 5.76782E-07
 5.85658E-07
 5.94531E-07
 6.03401E-07
 6.12267E-07
 6.21130E-07
 6.29989E-07
 6.38845E-07
 6.47698E-07
 6.56547E-07
 6.65393E-07
 6.74236E-07
 6.83076E-07
 6.91912E-07
 7.00745E-07
 7.09574E-07
 7.18401E-07
 7.27224E-07
 7.36044E-07
 7.44861E-07
 7.53674E-07
 7.62485E-07
 7.71292E-07
 7.80097E-07
 7.88898E-07
 7.97696E-07
 8.06491E-07
 8.15283E-07
 8.24072E-07
 8.32858E-07
 8.41641E-07
 8.50421E-07
 8.59198E-07
 8.67972E-07
 8.76744E-07
 8.85512E-07
 8.94278E-07
 9.03041E-07
 9.11801E-07
 9.20558E-07
 9.29312E-07
 9.38064E-07
 9.46813E-07
 9.55559E-07
 9.64303E-07
 9.73044E-07
 9.81782E-07
 9.90517E-07
 9.99250E-07
 1.00798E-06
 1.01671E-06
 1.02543E-06
 1.03416E-06
 1.04288E-06
 1.05159E-06
 1.06031E-06
 1.06902E-06
 1.07773E-06
 1.08644E-06
 1.09515E-06
 1.10385E-06
 1.11255E-06
 1.12125E-06
 1.12994E-06
 1.13864E-06
 1.14733E-06
 1.15602E-06
 1.16470E-06
 1.17339E-06
 1.18207E-06
 1.19075E-06
 1.19943E-06
 1.20810E-06
 1.21678E-06
 1.22545E-06
 1.23412E-06
 1.24278E-06
 1.25145E-06
 1.26011E-06
 1.26877E-06
 1.27743E-06
 2.48585E-06
 2.49451E-06
 2.88711E-06
 2.99175E-06
 3.00040E-06
 3.44100E-06
 3.54564E-06
 3.55428E-06
 3.94690E-06
 4.05153E-06
 4.20416E-06
 4.35679E-06
 4.60541E-06
 4.71004E-06
 4.91067E-06
 4.96729E-06
 5.21591E-06
 5.41653E-06
 5.56915E-06
 5.67377E-06
 5.73039E-06
 6.02701E-06
 6.17962E-06
 6.38024E-06
 6.43685E-06
 6.58946E-06
 6.74207E-06
 6.84668E-06
 7.04729E-06
 7.29590E-06
 7.35250E-06
 7.55310E-06
 7.60970E-06
 7.66630E-06
 7.77089E-06
 8.11550E-06
 8.26810E-06
 8.32469E-06
 8.47728E-06
 8.58187E-06
 8.68646E-06
 8.79105E-06
 8.94364E-06
 9.04822E-06
 9.15280E-06
 9.35339E-06
 9.50597E-06
 9.65855E-06
 9.66712E-06
 9.81970E-06
 9.87627E-06
 1.00289E-05
 1.00854E-05
 1.02380E-05
 1.03426E-05
 1.04471E-05
 1.06477E-05
 1.07523E-05
 1.08568E-05
 1.10094E-05
 1.11620E-05
 1.11705E-05
 1.12751E-05
 1.13316E-05
 1.13882E-05
 1.15407E-05
 1.16933E-05
 1.17498E-05
 1.19024E-05
 1.19589E-05
 1.21595E-05
 1.22160E-05
 1.23206E-05
 1.24251E-05
 1.24817E-05
 1.26342E-05
 1.26907E-05
 1.27953E-05
 1.28518E-05
 1.29083E-05
 1.30609E-05
 1.31174E-05
 1.32700E-05
 1.34225E-05
 1.34310E-05
 1.34875E-05
 1.35441E-05
 1.37926E-05
 1.38971E-05
 1.39056E-05
 1.40102E-05
 1.41147E-05
 1.42192E-05
 1.43237E-05
 1.43802E-05
 1.44367E-05
 1.45893E-05
 1.46938E-05
 1.47503E-05
 1.48548E-05
 1.49113E-05
 1.49678E-05
 1.50723E-05
 1.52248E-05
 1.52813E-05
 1.53378E-05
 1.54904E-05
 1.55949E-05
 1.56994E-05
 1.57559E-05
 1.58604E-05
 1.58688E-05
 1.59253E-05
 1.60298E-05
 1.61823E-05
 1.63348E-05
 1.63913E-05
 1.64478E-05
 1.66003E-05
 1.67048E-05
 1.67133E-05
 1.68178E-05
 1.68743E-05
 1.69307E-05
 1.69872E-05
 1.70917E-05
 1.72442E-05
 1.73967E-05
 1.74532E-05
 1.75096E-05
 1.76141E-05
 1.77186E-05
 1.77751E-05
 1.79275E-05
 1.79840E-05
 1.80405E-05
 1.81450E-05
 1.82494E-05
 1.84019E-05
 1.84584E-05
 1.85148E-05
 1.86193E-05
 1.86758E-05
 1.87802E-05
 1.87887E-05
 1.88451E-05
 1.89976E-05
 1.91021E-05
 1.91585E-05
 1.92150E-05
 1.92714E-05
 1.94719E-05
 1.95764E-05
 1.96808E-05
 1.98333E-05
 1.99378E-05
 2.00422E-05
 2.00987E-05
 2.01071E-05
 2.02116E-05
 2.03160E-05
 2.03244E-05
 2.04769E-05
 2.05334E-05
 2.05898E-05
 2.06942E-05
 2.07987E-05
 2.08071E-05
 2.09116E-05
 2.10640E-05
 2.11205E-05
 2.12729E-05
 2.13773E-05
 2.14338E-05
 2.15862E-05
 2.16427E-05
 2.17471E-05
 2.18515E-05
 2.19560E-05
 2.20124E-05
 2.22129E-05
 2.22693E-05
 2.23257E-05
 2.23821E-05
 2.24386E-05
 2.24950E-05
 2.25994E-05
 2.26078E-05
 2.27123E-05
 2.27687E-05
 2.28731E-05
 2.29775E-05
 2.31300E-05
 2.32344E-05
 2.33388E-05
 2.34432E-05
 2.34997E-05
 2.37001E-05
 2.38045E-05
 2.39569E-05
 2.40134E-05
 2.40698E-05
 2.40782E-05
 2.41826E-05
 2.42390E-05
 2.43434E-05
 2.44478E-05
 2.45522E-05
 2.46086E-05
 2.46651E-05
 2.47695E-05
 2.48739E-05
 2.48823E-05
 2.48907E-05
 2.50431E-05
 2.51955E-05
 2.53479E-05
 2.54523E-05
 2.56047E-05
 2.56611E-05
 2.58135E-05
 2.59180E-05
 2.59744E-05
 2.60788E-05
 2.60871E-05
 2.61435E-05
 2.64400E-05
 2.64964E-05
 2.65047E-05
 2.66091E-05
 2.66175E-05
 2.66259E-05
 2.67303E-05
 2.68347E-05
 2.68431E-05
 2.69475E-05
 2.70039E-05
 2.71082E-05
 2.73567E-05
 2.75571E-05
 2.76135E-05
 2.77179E-05
 2.78703E-05
 2.79266E-05
 2.79830E-05
 2.80874E-05
 2.81438E-05
 2.83442E-05
 2.84486E-05
 2.84569E-05
 2.85133E-05
 2.85697E-05
 2.86741E-05
 2.87785E-05
 2.88348E-05
 2.89872E-05
 2.90916E-05
 2.91480E-05
 2.91563E-05
 2.92127E-05
 2.92691E-05
 2.94215E-05
 2.94778E-05
 2.96302E-05
 2.97826E-05
 2.99350E-05
 3.00394E-05
 3.01437E-05
 3.02001E-05
 3.04965E-05
 3.05049E-05
 3.06573E-05
 3.06656E-05
 3.06740E-05
 3.07783E-05
 3.08347E-05
 3.09871E-05
 3.11394E-05
 3.11958E-05
 3.12042E-05
 3.12125E-05
 3.12689E-05
 3.13732E-05
 3.14776E-05
 3.15339E-05
 3.17343E-05
 3.17907E-05
 3.19431E-05
 3.20954E-05
 3.22478E-05
 3.23522E-05
 3.24565E-05
 3.26089E-05
 3.26172E-05
 3.26736E-05
 3.27779E-05
 3.28343E-05
 3.29386E-05
 3.30910E-05
 3.31954E-05
 3.32517E-05
 3.34041E-05
 3.34604E-05
 3.35168E-05
 3.35251E-05
 3.35814E-05
 3.36858E-05
 3.37901E-05
 3.39425E-05
 3.39988E-05
 3.41512E-05
 3.42075E-05
 3.43119E-05
 3.43202E-05
 3.44246E-05
 3.46249E-05
 3.48733E-05
 3.49296E-05
 3.50340E-05
 3.50903E-05
 3.53387E-05
 3.53950E-05
 3.54514E-05
 3.55557E-05
 3.55640E-05
 3.56204E-05
 3.57247E-05
 3.57810E-05
 3.58374E-05
 3.59897E-05
 3.60460E-05
 3.60544E-05
 3.62547E-05
 3.62630E-05
 3.65114E-05
 3.66158E-05
 3.66721E-05
 3.67284E-05
 3.67847E-05
 3.69371E-05
 3.69934E-05
 3.72898E-05
 3.73461E-05
 3.74504E-05
 3.75067E-05
 3.76111E-05
 3.76674E-05
 3.78197E-05
 3.78280E-05
 3.80284E-05
 3.80847E-05
 3.82371E-05
 3.83414E-05
 3.83977E-05
 3.85020E-05
 3.86064E-05
 3.86147E-05
 3.86230E-05
 3.86793E-05
 3.88796E-05
 3.89840E-05
 3.90883E-05
 3.91446E-05
 3.92489E-05
 3.94013E-05
 3.94576E-05
 3.96099E-05
 3.97142E-05
 3.98185E-05
 3.99229E-05
 4.00272E-05
 4.01315E-05
 4.03318E-05
 4.03881E-05
 4.04445E-05
 4.06448E-05
 4.07011E-05
 4.07574E-05
 4.08137E-05
 4.08700E-05
 4.09743E-05
 4.09826E-05
 4.10869E-05
 4.11913E-05
 4.13916E-05
 4.14959E-05
 4.16482E-05
 4.17045E-05
 4.17608E-05
 4.19132E-05
 4.21135E-05
 4.21218E-05
 4.21781E-05
 4.21864E-05
 4.23387E-05
 4.24430E-05
 4.24513E-05
 4.26036E-05
 4.27559E-05
 4.29562E-05
 4.30125E-05
 4.31649E-05
 4.32692E-05
 4.32774E-05
 4.33817E-05
 4.35821E-05
 4.35904E-05
 4.36466E-05
 4.37990E-05
 4.38553E-05
 4.40556E-05
 4.41119E-05
 4.41682E-05
 4.42244E-05
 4.43768E-05
 4.44811E-05
 4.45373E-05
 4.47377E-05
 4.47940E-05
 4.48502E-05
 4.49545E-05
 4.50588E-05
 4.51631E-05
 4.52674E-05
 4.53717E-05
 4.54760E-05
 4.55803E-05
 4.56846E-05
 4.58369E-05
 4.59412E-05
 4.59495E-05
 4.60058E-05
 4.62061E-05
 4.63584E-05
 4.64147E-05
 4.64229E-05
 4.65272E-05
 4.65835E-05
 4.67358E-05
 4.68881E-05
 4.70884E-05
 4.71927E-05
 4.72970E-05
 4.74013E-05
 4.74576E-05
 4.75619E-05
 4.76662E-05
 4.77224E-05
 4.78267E-05
 4.78830E-05
 4.79393E-05
 4.80435E-05
 4.81478E-05
 4.82041E-05
 4.82604E-05
 4.84127E-05
 4.85650E-05
 4.87173E-05
 4.88696E-05
 4.90219E-05
 4.91261E-05
 4.91824E-05
 4.92387E-05
 4.93430E-05
 4.93512E-05
 4.94555E-05
 4.97038E-05
 4.98081E-05
 4.99124E-05
 4.99686E-05
 5.01209E-05
 5.01772E-05
 5.02335E-05
 5.03377E-05
 5.04420E-05
 5.06423E-05
 5.06986E-05
 5.08029E-05
 5.08591E-05
 5.10114E-05
 5.10677E-05
 5.11239E-05
 5.11802E-05
 5.12365E-05
 5.13407E-05
 5.14930E-05
 5.16933E-05
 5.17496E-05
 5.19019E-05
 5.19581E-05
 5.20624E-05
 5.20706E-05
 5.21749E-05
 5.23272E-05
 5.25755E-05
 5.27278E-05
 5.28320E-05
 5.28883E-05
 5.29926E-05
 5.30968E-05
 5.32011E-05
 5.33534E-05
 5.34096E-05
 5.35619E-05
 5.36182E-05
 5.36264E-05
 5.37307E-05
 5.38830E-05
 5.38912E-05
 5.39955E-05
 5.40517E-05
 5.40599E-05
 5.42122E-05
 5.44125E-05
 5.45168E-05
 5.46210E-05
 5.46773E-05
 5.47335E-05
 5.49818E-05
 5.50861E-05
 5.51423E-05
 5.51986E-05
 5.53989E-05
 5.55511E-05
 5.57034E-05
 5.58077E-05
 5.58639E-05
 5.59202E-05
 5.61205E-05
 5.61767E-05
 5.62810E-05
 5.63372E-05
 5.64895E-05
 5.65937E-05
 5.66980E-05
 5.68022E-05
 5.69065E-05
 5.70108E-05
 5.71150E-05
 5.71712E-05
 5.72275E-05
 5.73317E-05
 5.73880E-05
 5.74922E-05
 5.75005E-05
 5.76047E-05
 5.76610E-05
 5.78132E-05
 5.79655E-05
 5.80697E-05
 5.82220E-05
 5.84223E-05
 5.85745E-05
 5.86788E-05
 5.88791E-05
 5.89353E-05
 5.90395E-05
 5.91918E-05
 5.92480E-05
 5.94003E-05
 5.94565E-05
 5.95608E-05
 5.96650E-05
 5.97693E-05
 5.98735E-05
 5.99298E-05
 6.00340E-05
 6.00902E-05
 6.01465E-05
 6.02027E-05
 6.02589E-05
 6.04592E-05
 6.05635E-05
 6.06197E-05
 6.07239E-05
 6.08282E-05
 6.09324E-05
 6.09886E-05
 6.10449E-05
 6.11971E-05
 6.13974E-05
 6.15496E-05
 6.17019E-05
 6.17581E-05
 6.19584E-05
 6.20146E-05
 6.21669E-05
 6.21751E-05
 6.24234E-05
 6.24796E-05
 6.25838E-05
 6.27841E-05
 6.28883E-05
 6.29446E-05
 6.30488E-05
 6.30570E-05
 6.31612E-05
 6.33615E-05
 6.34177E-05
 6.34739E-05
 6.35302E-05
 6.37304E-05
 6.37386E-05
 6.38429E-05
 6.38991E-05
 6.40513E-05
 6.41076E-05
 6.41158E-05
 6.41240E-05
 6.41802E-05
 6.43324E-05
 6.46287E-05
 6.47810E-05
 6.49332E-05
 6.51815E-05
 6.52857E-05
 6.54380E-05
 6.54462E-05
 6.56464E-05
 6.57026E-05
 6.58549E-05
 6.60071E-05
 6.60153E-05
 6.61196E-05
 6.61758E-05
 6.61840E-05
 6.62882E-05
 6.65845E-05
 6.65927E-05
 6.67449E-05
 6.68011E-05
 6.68574E-05
 6.69136E-05
 6.70178E-05
 6.71220E-05
 6.72262E-05
 6.72825E-05
 6.74347E-05
 6.74909E-05
 6.75471E-05
 6.76513E-05
 6.78036E-05
 6.80038E-05
 6.80600E-05
 6.81643E-05
 6.83645E-05
 6.85168E-05
 6.86210E-05
 6.86772E-05
 6.88774E-05
 6.88856E-05
 6.90859E-05
 6.91901E-05
 6.92943E-05
 6.94465E-05
 6.95508E-05
 6.96550E-05
 6.97592E-05
 6.99114E-05
 7.00637E-05
 7.00719E-05
 7.01761E-05
 7.02323E-05
 7.02405E-05
 7.03447E-05
 7.04009E-05
 7.05531E-05
 7.07534E-05
 7.07616E-05
 7.07697E-05
 7.09700E-05
 7.10262E-05
 7.10824E-05
 7.11866E-05
 7.13388E-05
 7.14431E-05
 7.15473E-05
 7.16515E-05
 7.18517E-05
 7.21000E-05
 7.22522E-05
 7.24044E-05
 7.25567E-05
 7.25649E-05
 7.26691E-05
 7.27733E-05
 7.29255E-05
 7.30297E-05
 7.31339E-05
 7.32381E-05
 7.32463E-05
 7.33025E-05
 7.34067E-05
 7.35109E-05
 7.35671E-05
 7.37194E-05
 7.38236E-05
 7.40718E-05
 7.41760E-05
 7.42322E-05
 7.42404E-05
 7.42966E-05
 7.44008E-05
 7.45050E-05
 7.46092E-05
 7.46654E-05
 7.48656E-05
 7.49699E-05
 7.51221E-05
 7.52743E-05
 7.53305E-05
 7.53867E-05
 7.56829E-05
 7.57391E-05
 7.58433E-05
 7.58995E-05
 7.60037E-05
 7.61559E-05
 7.63562E-05
 7.64124E-05
 7.65166E-05
 7.67648E-05
 7.67730E-05
 7.69732E-05
 7.70294E-05
 7.70856E-05
 7.71418E-05
 7.73420E-05
 7.74462E-05
 7.75504E-05
 7.76066E-05
 7.76148E-05
 7.76710E-05
 7.77752E-05
 7.78313E-05
 7.78395E-05
 7.79917E-05
 7.82400E-05
 7.84402E-05
 7.85444E-05
 7.86966E-05
 7.88008E-05
 7.88570E-05
 7.88652E-05
 7.90174E-05
 7.90736E-05
 7.92738E-05
 7.94260E-05
 7.95302E-05
 7.96824E-05
 7.98346E-05
 8.00349E-05
 8.00910E-05
 8.02432E-05
 8.02514E-05
 8.03556E-05
 8.03638E-05
 8.06120E-05
 8.07162E-05
 8.07244E-05
 8.08286E-05
 8.09808E-05
 8.09889E-05
 8.10451E-05
 8.12933E-05
 8.14456E-05
 8.15017E-05
 8.16059E-05
 8.16141E-05
 8.17663E-05
 8.19665E-05
 8.21187E-05
 8.22229E-05
 8.22791E-05
 8.22873E-05
 8.23914E-05
 8.24476E-05
 8.26478E-05
 8.26560E-05
 8.28082E-05
 8.29604E-05
 8.31126E-05
 8.32168E-05
 8.34170E-05
 8.35212E-05
 8.37214E-05
 8.37776E-05
 8.38338E-05
 8.39380E-05
 8.41862E-05
 8.42904E-05
 8.43465E-05
 8.44027E-05
 8.45549E-05
 8.47071E-05
 8.47633E-05
 8.48195E-05
 8.49236E-05
 8.50759E-05
 8.51800E-05
 8.52362E-05
 8.52444E-05
 8.53485E-05
 8.55007E-05
 8.56049E-05
 8.56611E-05
 8.58613E-05
 8.59175E-05
 8.61177E-05
 8.62699E-05
 8.64701E-05
 8.65743E-05
 8.66785E-05
 8.67346E-05
 8.67428E-05
 8.68950E-05
 8.69992E-05
 8.70073E-05
 8.70635E-05
 8.73117E-05
 8.74159E-05
 8.76161E-05
 8.77203E-05
 8.78245E-05
 8.80247E-05
 8.80808E-05
 8.82330E-05
 8.82892E-05
 8.83934E-05
 8.84495E-05
 8.86497E-05
 8.87539E-05
 8.88581E-05
 8.88662E-05
 8.89704E-05
 8.90746E-05
 8.91308E-05
 8.93790E-05
 8.95792E-05
 8.96354E-05
 8.97395E-05
 8.97957E-05
 8.99959E-05
 9.01001E-05
 9.02523E-05
 9.03565E-05
 9.03646E-05
 9.04208E-05
 9.04769E-05
 9.04851E-05
 9.06372E-05
 9.07414E-05
 9.08936E-05
 9.10458E-05
 9.12460E-05
 9.14942E-05
 9.15984E-05
 9.17026E-05
 9.17587E-05
 9.18149E-05
 9.19191E-05
 9.21193E-05
 9.22714E-05
 9.23276E-05
 9.23357E-05
 9.24399E-05
 9.25921E-05
 9.26963E-05
 9.28004E-05
 9.29046E-05
 9.30088E-05
 9.31610E-05
 9.32651E-05
 9.34173E-05
 9.35215E-05
 9.35776E-05
 9.38259E-05
 9.39300E-05
 9.40342E-05
 9.40904E-05
 9.41465E-05
 9.42987E-05
 9.45469E-05
 9.46031E-05
 9.46592E-05
 9.46673E-05
 9.48195E-05
 9.49717E-05
 9.50759E-05
 9.51801E-05
 9.51882E-05
 9.52924E-05
 9.53485E-05
 9.55007E-05
 9.56048E-05
 9.57570E-05
 9.59092E-05
 9.60134E-05
 9.62136E-05
 9.63657E-05
 9.65179E-05
 9.65741E-05
 9.67263E-05
 9.68304E-05
 9.68866E-05
 9.70387E-05
 9.70949E-05
 9.72471E-05
 9.73993E-05
 9.74554E-05
 9.75596E-05
 9.77117E-05
 9.78639E-05
 9.79681E-05
 9.80722E-05
 9.81764E-05
 9.82806E-05
 9.84327E-05
 9.84889E-05
 9.85450E-05
 9.86492E-05
 9.87534E-05
 9.89055E-05
 9.90577E-05
 9.90658E-05
 9.90740E-05
 9.91781E-05
 9.93303E-05
 9.94825E-05
 9.95866E-05
 9.98829E-05
 1.00035E-04
 1.00139E-04
 1.00195E-04
 1.00251E-04
 1.00404E-04
 1.00460E-04
 1.00564E-04
 1.00764E-04
 1.00820E-04
 1.00876E-04
 1.00933E-04
 1.01037E-04
 1.01189E-04
 1.01389E-04
 1.01541E-04
 1.01789E-04
 1.01942E-04
 1.01950E-04
 1.02150E-04
 1.02206E-04
 1.02358E-04
 1.02414E-04
 1.02423E-04
 1.02527E-04
 1.02679E-04
 1.02783E-04
 1.02791E-04
 1.02943E-04
 1.03191E-04
 1.03248E-04
 1.03256E-04
 1.03312E-04
 1.03416E-04
 1.03520E-04
 1.03672E-04
 1.03825E-04
 1.03833E-04
 1.03889E-04
 1.04089E-04
 1.04241E-04
 1.04393E-04
 1.04545E-04
 1.04650E-04
 1.04754E-04
 1.05002E-04
 1.05202E-04
 1.05258E-04
 1.05314E-04
 1.05467E-04
 1.05571E-04
 1.05723E-04
 1.05827E-04
 1.06027E-04
 1.06083E-04
 1.06188E-04
 1.06196E-04
 1.06300E-04
 1.06404E-04
 1.06508E-04
 1.06660E-04
 1.06764E-04
 1.06869E-04
 1.07021E-04
 1.07269E-04
 1.07277E-04
 1.07333E-04
 1.07437E-04
 1.07589E-04
 1.07598E-04
 1.07702E-04
 1.07854E-04
 1.07910E-04
 1.07966E-04
 1.08022E-04
 1.08126E-04
 1.08231E-04
 1.08527E-04
 1.08679E-04
 1.08831E-04
 1.08887E-04
 1.08943E-04
 1.09192E-04
 1.09296E-04
 1.09304E-04
 1.09504E-04
 1.09560E-04
 1.09712E-04
 1.09960E-04
 1.09969E-04
 1.10169E-04
 1.10225E-04
 1.10377E-04
 1.10529E-04
 1.10825E-04
 1.10930E-04
 1.10938E-04
 1.11090E-04
 1.11146E-04
 1.11250E-04
 1.11258E-04
 1.11410E-04
 1.11466E-04
 1.11571E-04
 1.11675E-04
 1.11731E-04
 1.11835E-04
 1.11843E-04
 1.12043E-04
 1.12195E-04
 1.12252E-04
 1.12260E-04
 1.12412E-04
 1.12516E-04
 1.12716E-04
 1.12724E-04
 1.12876E-04
 1.13173E-04
 1.13277E-04
 1.13381E-04
 1.13389E-04
 1.13541E-04
 1.13741E-04
 1.13893E-04
 1.14142E-04
 1.14342E-04
 1.14398E-04
 1.14550E-04
 1.14558E-04
 1.14710E-04
 1.14814E-04
 1.14919E-04
 1.15071E-04
 1.15223E-04
 1.15231E-04
 1.15287E-04
 1.15391E-04
 1.15399E-04
 1.15552E-04
 1.15704E-04
 1.15904E-04
 1.15960E-04
 1.16016E-04
 1.16312E-04
 1.16416E-04
 1.16521E-04
 1.16625E-04
 1.16633E-04
 1.16737E-04
 1.16745E-04
 1.16849E-04
 1.16953E-04
 1.17009E-04
 1.17162E-04
 1.17170E-04
 1.17226E-04
 1.17426E-04
 1.17626E-04
 1.17874E-04
 1.17930E-04
 1.18131E-04
 1.18283E-04
 1.18435E-04
 1.18587E-04
 1.18787E-04
 1.18843E-04
 1.18947E-04
 1.19148E-04
 1.19252E-04
 1.19356E-04
 1.19460E-04
 1.19468E-04
 1.19668E-04
 1.19820E-04
 1.19925E-04
 1.20125E-04
 1.20229E-04
 1.20285E-04
 1.20341E-04
 1.20445E-04
 1.20549E-04
 1.20653E-04
 1.20758E-04
 1.20814E-04
 1.20918E-04
 1.20926E-04
 1.20982E-04
 1.21086E-04
 1.21142E-04
 1.21342E-04
 1.21447E-04
 1.21647E-04
 1.21751E-04
 1.21855E-04
 1.21911E-04
 1.22063E-04
 1.22119E-04
 1.22319E-04
 1.22472E-04
 1.22720E-04
 1.22824E-04
 1.22928E-04
 1.23080E-04
 1.23280E-04
 1.23384E-04
 1.23489E-04
 1.23641E-04
 1.23793E-04
 1.23897E-04
 1.24001E-04
 1.24009E-04
 1.24209E-04
 1.24362E-04
 1.24418E-04
 1.24474E-04
 1.24674E-04
 1.24826E-04
 1.24834E-04
 1.25034E-04
 1.25090E-04
 1.25098E-04
 1.25155E-04
 1.25403E-04
 1.25459E-04
 1.25611E-04
 1.25763E-04
 1.25963E-04
 1.26019E-04
 1.26027E-04
 1.26084E-04
 1.26140E-04
 1.26292E-04
 1.26348E-04
 1.26452E-04
 1.26460E-04
 1.26516E-04
 1.26620E-04
 1.26772E-04
 1.27021E-04
 1.27221E-04
 1.27421E-04
 1.27669E-04
 1.27821E-04
 1.28021E-04
 1.28174E-04
 1.28278E-04
 1.28334E-04
 1.28582E-04
 1.28638E-04
 1.28742E-04
 1.28846E-04
 1.28854E-04
 1.29007E-04
 1.29111E-04
 1.29215E-04
 1.29319E-04
 1.29423E-04
 1.29575E-04
 1.29679E-04
 1.29831E-04
 1.29887E-04
 1.29944E-04
 1.30048E-04
 1.30152E-04
 1.30256E-04
 1.30360E-04
 1.30464E-04
 1.30520E-04
 1.30624E-04
 1.30680E-04
 1.30785E-04
 1.30985E-04
 1.30993E-04
 1.31097E-04
 1.31201E-04
 1.31257E-04
 1.31553E-04
 1.31753E-04
 1.31810E-04
 1.32058E-04
 1.32258E-04
 1.32410E-04
 1.32514E-04
 1.32522E-04
 1.32770E-04
 1.32826E-04
 1.32979E-04
 1.33035E-04
 1.33187E-04
 1.33291E-04
 1.33443E-04
 1.33595E-04
 1.33651E-04
 1.33803E-04
 1.33908E-04
 1.34060E-04
 1.34260E-04
 1.34412E-04
 1.34420E-04
 1.34524E-04
 1.34676E-04
 1.34732E-04
 1.34885E-04
 1.34941E-04
 1.34949E-04
 1.35005E-04
 1.35061E-04
 1.35261E-04
 1.35413E-04
 1.35469E-04
 1.35669E-04
 1.35725E-04
 1.35830E-04
 1.35886E-04
 1.35894E-04
 1.36046E-04
 1.36150E-04
 1.36350E-04
 1.36454E-04
 1.36462E-04
 1.36518E-04
 1.36959E-04
 1.37111E-04
 1.37263E-04
 1.37463E-04
 1.37567E-04
 1.37767E-04
 1.37967E-04
 1.38072E-04
 1.38272E-04
 1.38376E-04
 1.38480E-04
 1.38488E-04
 1.38592E-04
 1.38792E-04
 1.38800E-04
 1.38904E-04
 1.39008E-04
 1.39017E-04
 1.39169E-04
 1.39321E-04
 1.39425E-04
 1.39481E-04
 1.39585E-04
 1.39689E-04
 1.39841E-04
 1.39897E-04
 1.40002E-04
 1.40202E-04
 1.40306E-04
 1.40458E-04
 1.40514E-04
 1.40618E-04
 1.40674E-04
 1.40778E-04
 1.40834E-04
 1.40890E-04
 1.41043E-04
 1.41147E-04
 1.41299E-04
 1.41403E-04
 1.41603E-04
 1.41803E-04
 1.42051E-04
 1.42252E-04
 1.42308E-04
 1.42460E-04
 1.42708E-04
 1.42716E-04
 1.42820E-04
 1.42876E-04
 1.43076E-04
 1.43132E-04
 1.43284E-04
 1.43341E-04
 1.43493E-04
 1.43549E-04
 1.43749E-04
 1.44045E-04
 1.44053E-04
 1.44157E-04
 1.44309E-04
 1.44461E-04
 1.44566E-04
 1.44622E-04
 1.44774E-04
 1.44830E-04
 1.44886E-04
 1.44894E-04
 1.45094E-04
 1.45198E-04
 1.45254E-04
 1.45262E-04
 1.45366E-04
 1.45423E-04
 1.45575E-04
 1.45727E-04
 1.45831E-04
 1.45983E-04
 1.46087E-04
 1.46191E-04
 1.46247E-04
 1.46495E-04
 1.46648E-04
 1.46752E-04
 1.46856E-04
 1.47152E-04
 1.47256E-04
 1.47456E-04
 1.47608E-04
 1.47664E-04
 1.47864E-04
 1.47921E-04
 1.48025E-04
 1.48225E-04
 1.48521E-04
 1.48577E-04
 1.48681E-04
 1.48785E-04
 1.48793E-04
 1.48897E-04
 1.49001E-04
 1.49202E-04
 1.49258E-04
 1.49362E-04
 1.49370E-04
 1.49426E-04
 1.49530E-04
 1.49586E-04
 1.49738E-04
 1.49938E-04
 1.50042E-04
 1.50243E-04
 1.50251E-04
 1.50403E-04
 1.50603E-04
 1.50659E-04
 1.50763E-04
 1.50867E-04
 1.50923E-04
 1.51075E-04
 1.51179E-04
 1.51236E-04
 1.51436E-04
 1.51444E-04
 1.51644E-04
 1.51700E-04
 1.51804E-04
 1.51908E-04
 1.52204E-04
 1.52452E-04
 1.52557E-04
 1.52757E-04
 1.52861E-04
 1.52965E-04
 1.53021E-04
 1.53317E-04
 1.53325E-04
 1.53525E-04
 1.53581E-04
 1.53829E-04
 1.53886E-04
 1.53990E-04
 1.54094E-04
 1.54198E-04
 1.54302E-04
 1.54358E-04
 1.54462E-04
 1.54566E-04
 1.54862E-04
 1.54918E-04
 1.54974E-04
 1.55079E-04
 1.55231E-04
 1.55335E-04
 1.55391E-04
 1.55447E-04
 1.55503E-04
 1.55559E-04
 1.55711E-04
 1.55767E-04
 1.55871E-04
 1.55927E-04
 1.56031E-04
 1.56232E-04
 1.56336E-04
 1.56584E-04
 1.56736E-04
 1.56840E-04
 1.57040E-04
 1.57144E-04
 1.57200E-04
 1.57352E-04
 1.57745E-04
 1.57801E-04
 1.57905E-04
 1.58105E-04
 1.58161E-04
 1.58313E-04
 1.58465E-04
 1.58521E-04
 1.58721E-04
 1.58777E-04
 1.58834E-04
 1.58986E-04
 1.59138E-04
 1.59338E-04
 1.59442E-04
 1.59498E-04
 1.59554E-04
 1.59658E-04
 1.59762E-04
 1.60010E-04
 1.60018E-04
 1.60075E-04
 1.60179E-04
 1.60379E-04
 1.60435E-04
 1.60491E-04
 1.60547E-04
 1.60699E-04
 1.60947E-04
 1.60955E-04
 1.60963E-04
 1.61163E-04
 1.61315E-04
 1.61420E-04
 1.61620E-04
 1.61772E-04
 1.61924E-04
 1.61980E-04
 1.62036E-04
 1.62044E-04
 1.62244E-04
 1.62348E-04
 1.62452E-04
 1.62460E-04
 1.62709E-04
 1.63053E-04
 1.63157E-04
 1.63309E-04
 1.63461E-04
 1.63613E-04
 1.63717E-04
 1.63869E-04
 1.64069E-04
 1.64125E-04
 1.64326E-04
 1.64382E-04
 1.64486E-04
 1.64638E-04
 1.64790E-04
 1.64942E-04
 1.64998E-04
 1.65054E-04
 1.65110E-04
 1.65214E-04
 1.65270E-04
 1.65374E-04
 1.65575E-04
 1.65631E-04
 1.65783E-04
 1.65887E-04
 1.65991E-04
 1.66143E-04
 1.66151E-04
 1.66207E-04
 1.66407E-04
 1.66463E-04
 1.66519E-04
 1.66671E-04
 1.66776E-04
 1.67024E-04
 1.67032E-04
 1.67184E-04
 1.67384E-04
 1.67536E-04
 1.67640E-04
 1.67648E-04
 1.67800E-04
 1.68000E-04
 1.68152E-04
 1.68497E-04
 1.68745E-04
 1.68801E-04
 1.68905E-04
 1.69009E-04
 1.69065E-04
 1.69121E-04
 1.69273E-04
 1.69473E-04
 1.69625E-04
 1.69681E-04
 1.69834E-04
 1.69890E-04
 1.69994E-04
 1.70098E-04
 1.70154E-04
 1.70306E-04
 1.70362E-04
 1.70466E-04
 1.70618E-04
 1.70866E-04
 1.71018E-04
 1.71026E-04
 1.71179E-04
 1.71283E-04
 1.71387E-04
 1.71491E-04
 1.71547E-04
 1.71603E-04
 1.71707E-04
 1.71811E-04
 1.71915E-04
 1.72067E-04
 1.72267E-04
 1.72371E-04
 1.72524E-04
 1.72676E-04
 1.72684E-04
 1.72932E-04
 1.72988E-04
 1.73092E-04
 1.73244E-04
 1.73300E-04
 1.73356E-04
 1.73604E-04
 1.73804E-04
 1.73860E-04
 1.74012E-04
 1.74165E-04
 1.74413E-04
 1.74517E-04
 1.74813E-04
 1.74965E-04
 1.75069E-04
 1.75077E-04
 1.75277E-04
 1.75429E-04
 1.75437E-04
 1.75589E-04
 1.75646E-04
 1.75702E-04
 1.75854E-04
 1.76006E-04
 1.76206E-04
 1.76214E-04
 1.76366E-04
 1.76422E-04
 1.76526E-04
 1.76534E-04
 1.76638E-04
 1.76790E-04
 1.76894E-04
 1.76950E-04
 1.77007E-04
 1.77063E-04
 1.77119E-04
 1.77415E-04
 1.77711E-04
 1.77815E-04
 1.77919E-04
 1.77975E-04
 1.78079E-04
 1.78327E-04
 1.78383E-04
 1.78487E-04
 1.78544E-04
 1.78696E-04
 1.78800E-04
 1.78856E-04
 1.79056E-04
 1.79448E-04
 1.79552E-04
 1.79656E-04
 1.79856E-04
 1.80152E-04
 1.80160E-04
 1.80313E-04
 1.80369E-04
 1.80473E-04
 1.80577E-04
 1.80681E-04
 1.80737E-04
 1.80745E-04
 1.80993E-04
 1.81145E-04
 1.81201E-04
 1.81449E-04
 1.81457E-04
 1.81609E-04
 1.81761E-04
 1.81818E-04
 1.81922E-04
 1.81930E-04
 1.82178E-04
 1.82186E-04
 1.82434E-04
 1.82442E-04
 1.82690E-04
 1.82746E-04
 1.82754E-04
 1.82858E-04
 1.83010E-04
 1.83210E-04
 1.83266E-04
 1.83371E-04
 1.83523E-04
 1.83627E-04
 1.83779E-04
 1.83835E-04
 1.83939E-04
 1.83995E-04
 1.84147E-04
 1.84299E-04
 1.84403E-04
 1.84507E-04
 1.84755E-04
 1.85003E-04
 1.85252E-04
 1.85404E-04
 1.85556E-04
 1.85612E-04
 1.85764E-04
 1.85772E-04
 1.86068E-04
 1.86172E-04
 1.86276E-04
 1.86428E-04
 1.86484E-04
 1.86684E-04
 1.86885E-04
 1.86989E-04
 1.87045E-04
 1.87053E-04
 1.87157E-04
 1.87213E-04
 1.87269E-04
 1.87469E-04
 1.87525E-04
 1.87725E-04
 1.87829E-04
 1.87933E-04
 1.87989E-04
 1.88093E-04
 1.88149E-04
 1.88253E-04
 1.88357E-04
 1.88510E-04
 1.88518E-04
 1.88718E-04
 1.88822E-04
 1.88878E-04
 1.89174E-04
 1.89326E-04
 1.89430E-04
 1.89582E-04
 1.89734E-04
 1.89838E-04
 1.89990E-04
 1.89998E-04
 1.90054E-04
 1.90207E-04
 1.90551E-04
 1.90751E-04
 1.90951E-04
 1.91103E-04
 1.91255E-04
 1.91311E-04
 1.91463E-04
 1.91615E-04
 1.91719E-04
 1.91775E-04
 1.91879E-04
 1.91887E-04
 1.92280E-04
 1.92288E-04
 1.92344E-04
 1.92448E-04
 1.92552E-04
 1.92560E-04
 1.92760E-04
 1.92960E-04
 1.93112E-04
 1.93216E-04
 1.93320E-04
 1.93424E-04
 1.93576E-04
 1.93680E-04
 1.93737E-04
 1.93841E-04
 1.93897E-04
 1.94001E-04
 1.94105E-04
 1.94161E-04
 1.94313E-04
 1.94465E-04
 1.94665E-04
 1.94721E-04
 1.94825E-04
 1.94929E-04
 1.95177E-04
 1.95329E-04
 1.95385E-04
 1.95490E-04
 1.95546E-04
 1.95650E-04
 1.95706E-04
 1.95858E-04
 1.95914E-04
 1.96258E-04
 1.96410E-04
 1.96658E-04
 1.96810E-04
 1.97010E-04
 1.97258E-04
 1.97362E-04
 1.97467E-04
 1.97475E-04
 1.97579E-04
 1.97827E-04
 1.97931E-04
 1.98131E-04
 1.98139E-04
 1.98243E-04
 1.98395E-04
 1.98403E-04
 1.98699E-04
 1.98755E-04
 1.98859E-04
 1.98963E-04
 1.99019E-04
 1.99075E-04
 1.99083E-04
 1.99236E-04
 1.99340E-04
 1.99396E-04
 1.99548E-04
 1.99700E-04
 1.99756E-04
 1.99812E-04
 1.99964E-04
 2.00020E-04
 2.00268E-04
 2.00468E-04
 2.00620E-04
 2.00628E-04
 2.00876E-04
 2.01028E-04
 2.01084E-04
 2.01237E-04
 2.01293E-04
 2.01349E-04
 2.01501E-04
 2.01653E-04
 2.01709E-04
 2.02053E-04
 2.02253E-04
 2.02501E-04
 2.02653E-04
 2.02709E-04
 2.02861E-04
 2.02917E-04
 2.03166E-04
 2.03270E-04
 2.03470E-04
 2.03526E-04
 2.03678E-04
 2.03830E-04
 2.03838E-04
 2.03894E-04
 2.03950E-04
 2.04006E-04
 2.04110E-04
 2.04310E-04
 2.04366E-04
 2.04566E-04
 2.04814E-04
 2.04966E-04
 2.05022E-04
 2.05127E-04
 2.05183E-04
 2.05431E-04
 2.05439E-04
 2.05495E-04
 2.05599E-04
 2.05655E-04
 2.05855E-04
 2.06007E-04
 2.06063E-04
 2.06215E-04
 2.06271E-04
 2.06327E-04
 2.06527E-04
 2.06727E-04
 2.06735E-04
 2.06791E-04
 2.06847E-04
 2.06999E-04
 2.07152E-04
 2.07304E-04
 2.07408E-04
 2.07512E-04
 2.07904E-04
 2.08248E-04
 2.08304E-04
 2.08456E-04
 2.08608E-04
 2.08760E-04
 2.08816E-04
 2.08968E-04
 2.09265E-04
 2.09369E-04
 2.09473E-04
 2.09481E-04
 2.09585E-04
 2.09737E-04
 2.09745E-04
 2.09945E-04
 2.10049E-04
 2.10153E-04
 2.10305E-04
 2.10409E-04
 2.10657E-04
 2.10665E-04
 2.10817E-04
 2.11017E-04
 2.11073E-04
 2.11081E-04
 2.11089E-04
 2.11193E-04
 2.11250E-04
 2.11402E-04
 2.11410E-04
 2.11514E-04
 2.11570E-04
 2.11818E-04
 2.11826E-04
 2.11978E-04
 2.12178E-04
 2.12378E-04
 2.12482E-04
 2.12634E-04
 2.12786E-04
 2.12938E-04
 2.13090E-04
 2.13146E-04
 2.13299E-04
 2.13307E-04
 2.13555E-04
 2.13707E-04
 2.14099E-04
 2.14347E-04
 2.14403E-04
 2.14507E-04
 2.14611E-04
 2.14811E-04
 2.14867E-04
 2.14923E-04
 2.14931E-04
 2.15131E-04
 2.15283E-04
 2.15435E-04
 2.15684E-04
 2.15836E-04
 2.15892E-04
 2.16044E-04
 2.16052E-04
 2.16156E-04
 2.16356E-04
 2.16460E-04
 2.16612E-04
 2.16668E-04
 2.16772E-04
 2.16828E-04
 2.16836E-04
 2.17084E-04
 2.17092E-04
 2.17196E-04
 2.17348E-04
 2.17500E-04
 2.17652E-04
 2.17853E-04
 2.17909E-04
 2.18013E-04
 2.18117E-04
 2.18125E-04
 2.18277E-04
 2.18333E-04
 2.18437E-04
 2.18589E-04
 2.18741E-04
 2.18941E-04
 2.18997E-04
 2.19101E-04
 2.19157E-04
 2.19309E-04
 2.19365E-04
 2.19709E-04
 2.19909E-04
 2.20014E-04
 2.20214E-04
 2.20510E-04
 2.20662E-04
 2.20862E-04
 2.20966E-04
 2.21118E-04
 2.21270E-04
 2.21326E-04
 2.21478E-04
 2.21678E-04
 2.21830E-04
 2.21934E-04
 2.21990E-04
 2.22094E-04
 2.22198E-04
 2.22255E-04
 2.22359E-04
 2.22415E-04
 2.22519E-04
 2.22575E-04
 2.22679E-04
 2.22927E-04
 2.23031E-04
 2.23087E-04
 2.23239E-04
 2.23343E-04
 2.23447E-04
 2.23551E-04
 2.23751E-04
 2.23759E-04
 2.23911E-04
 2.23967E-04
 2.23975E-04
 2.24031E-04
 2.24135E-04
 2.24287E-04
 2.24439E-04
 2.24495E-04
 2.24696E-04
 2.24848E-04
 2.25000E-04
 2.25152E-04
 2.25304E-04
 2.25408E-04
 2.25512E-04
 2.25904E-04
 2.26200E-04
 2.26448E-04
 2.26504E-04
 2.26608E-04
 2.26760E-04
 2.26912E-04
 2.26969E-04
 2.27121E-04
 2.27273E-04
 2.27425E-04
 2.27577E-04
 2.27585E-04
 2.27737E-04
 2.27793E-04
 2.27849E-04
 2.28001E-04
 2.28057E-04
 2.28161E-04
 2.28217E-04
 2.28369E-04
 2.28665E-04
 2.28769E-04
 2.28969E-04
 2.29073E-04
 2.29177E-04
 2.29330E-04
 2.29386E-04
 2.29442E-04
 2.29546E-04
 2.29602E-04
 2.29850E-04
 2.29954E-04
 2.29962E-04
 2.30114E-04
 2.30170E-04
 2.30178E-04
 2.30378E-04
 2.30434E-04
 2.30490E-04
 2.30594E-04
 2.30650E-04
 2.30850E-04
 2.31050E-04
 2.31250E-04
 2.31354E-04
 2.31458E-04
 2.31466E-04
 2.31810E-04
 2.32059E-04
 2.32403E-04
 2.32507E-04
 2.32563E-04
 2.32667E-04
 2.32867E-04
 2.33019E-04
 2.33171E-04
 2.33275E-04
 2.33475E-04
 2.33579E-04
 2.33731E-04
 2.33835E-04
 2.33987E-04
 2.34091E-04
 2.34195E-04
 2.34348E-04
 2.34404E-04
 2.34604E-04
 2.34804E-04
 2.34860E-04
 2.34964E-04
 2.35020E-04
 2.35124E-04
 2.35228E-04
 2.35284E-04
 2.35340E-04
 2.35444E-04
 2.35596E-04
 2.35652E-04
 2.35852E-04
 2.35908E-04
 2.36060E-04
 2.36116E-04
 2.36220E-04
 2.36324E-04
 2.36332E-04
 2.36388E-04
 2.36492E-04
 2.36644E-04
 2.36892E-04
 2.36997E-04
 2.37005E-04
 2.37157E-04
 2.37405E-04
 2.37605E-04
 2.37661E-04
 2.37909E-04
 2.38157E-04
 2.38357E-04
 2.38557E-04
 2.38709E-04
 2.38957E-04
 2.39109E-04
 2.39165E-04
 2.39317E-04
 2.39325E-04
 2.39526E-04
 2.39726E-04
 2.39878E-04
 2.39982E-04
 2.40182E-04
 2.40334E-04
 2.40342E-04
 2.40350E-04
 2.40502E-04
 2.40606E-04
 2.40662E-04
 2.40718E-04
 2.40870E-04
 2.40926E-04
 2.41078E-04
 2.41278E-04
 2.41478E-04
 2.41630E-04
 2.41734E-04
 2.41838E-04
 2.41894E-04
 2.41950E-04
 2.42006E-04
 2.42159E-04
 2.42311E-04
 2.42463E-04
 2.42567E-04
 2.42671E-04
 2.42679E-04
 2.42783E-04
 2.42983E-04
 2.43135E-04
 2.43191E-04
 2.43247E-04
 2.43255E-04
 2.43407E-04
 2.43607E-04
 2.43615E-04
 2.43719E-04
 2.44111E-04
 2.44311E-04
 2.44655E-04
 2.44807E-04
 2.44864E-04
 2.44968E-04
 2.45072E-04
 2.45224E-04
 2.45424E-04
 2.45624E-04
 2.45680E-04
 2.45928E-04
 2.46128E-04
 2.46136E-04
 2.46336E-04
 2.46440E-04
 2.46640E-04
 2.46792E-04
 2.46800E-04
 2.46856E-04
 2.46912E-04
 2.47112E-04
 2.47312E-04
 2.47416E-04
 2.47520E-04
 2.47721E-04
 2.47825E-04
 2.47833E-04
 2.47889E-04
 2.47945E-04
 2.48193E-04
 2.48297E-04
 2.48305E-04
 2.48457E-04
 2.48513E-04
 2.48569E-04
 2.48673E-04
 2.48777E-04
 2.48881E-04
 2.49033E-04
 2.49233E-04
 2.49337E-04
 2.49345E-04
 2.49353E-04
 2.49553E-04
 2.49609E-04
 2.49761E-04
 2.49913E-04
 2.50017E-04
 2.50361E-04
 2.50514E-04
 2.50714E-04
 2.50866E-04
 2.51210E-04
 2.51314E-04
 2.51418E-04
 2.51666E-04
 2.51818E-04
 2.51922E-04
 2.52170E-04
 2.52274E-04
 2.52426E-04
 2.52482E-04
 2.52634E-04
 2.52690E-04
 2.52746E-04
 2.52946E-04
 2.53002E-04
 2.53154E-04
 2.53307E-04
 2.53459E-04
 2.53515E-04
 2.53619E-04
 2.53723E-04
 2.53779E-04
 2.53835E-04
 2.53987E-04
 2.53995E-04
 2.54195E-04
 2.54251E-04
 2.54355E-04
 2.54699E-04
 2.54851E-04
 2.54907E-04
 2.55059E-04
 2.55163E-04
 2.55219E-04
 2.55371E-04
 2.55475E-04
 2.55483E-04
 2.55683E-04
 2.55787E-04
 2.55795E-04
 2.55899E-04
 2.55955E-04
 2.56059E-04
 2.56115E-04
 2.56268E-04
 2.56708E-04
 2.57052E-04
 2.57156E-04
 2.57212E-04
 2.57364E-04
 2.57516E-04
 2.57620E-04
 2.57868E-04
 2.57924E-04
 2.58028E-04
 2.58228E-04
 2.58284E-04
 2.58580E-04
 2.58732E-04
 2.58836E-04
 2.58892E-04
 2.58996E-04
 2.59197E-04
 2.59253E-04
 2.59357E-04
 2.59557E-04
 2.59613E-04
 2.59717E-04
 2.59821E-04
 2.59925E-04
 2.60173E-04
 2.60277E-04
 2.60429E-04
 2.60629E-04
 2.60733E-04
 2.60933E-04
 2.60989E-04
 2.61045E-04
 2.61149E-04
 2.61205E-04
 2.61213E-04
 2.61365E-04
 2.61517E-04
 2.61525E-04
 2.61677E-04
 2.61733E-04
 2.61837E-04
 2.61989E-04
 2.62045E-04
 2.62246E-04
 2.62254E-04
 2.62262E-04
 2.62366E-04
 2.62566E-04
 2.62862E-04
 2.63158E-04
 2.63310E-04
 2.63510E-04
 2.63902E-04
 2.64054E-04
 2.64062E-04
 2.64214E-04
 2.64318E-04
 2.64422E-04
 2.64478E-04
 2.64582E-04
 2.64734E-04
 2.64838E-04
 2.65039E-04
 2.65335E-04
 2.65343E-04
 2.65399E-04
 2.65647E-04
 2.65703E-04
 2.65759E-04
 2.65911E-04
 2.66015E-04
 2.66215E-04
 2.66223E-04
 2.66519E-04
 2.66719E-04
 2.66823E-04
 2.66831E-04
 2.66983E-04
 2.67135E-04
 2.67143E-04
 2.67199E-04
 2.67303E-04
 2.67503E-04
 2.67559E-04
 2.67567E-04
 2.67623E-04
 2.67727E-04
 2.67783E-04
 2.67983E-04
 2.68183E-04
 2.68336E-04
 2.68440E-04
 2.68640E-04
 2.68696E-04
 2.68896E-04
 2.69048E-04
 2.69152E-04
 2.69400E-04
 2.69648E-04
 2.69800E-04
 2.69952E-04
 2.70200E-04
 2.70304E-04
 2.70360E-04
 2.70512E-04
 2.70520E-04
 2.70720E-04
 2.70872E-04
 2.70976E-04
 2.71080E-04
 2.71136E-04
 2.71240E-04
 2.71345E-04
 2.71449E-04
 2.71553E-04
 2.71705E-04
 2.71857E-04
 2.72009E-04
 2.72113E-04
 2.72361E-04
 2.72417E-04
 2.72521E-04
 2.72769E-04
 2.72873E-04
 2.73073E-04
 2.73177E-04
 2.73329E-04
 2.73385E-04
 2.73489E-04
 2.73593E-04
 2.73793E-04
 2.73849E-04
 2.73953E-04
 2.73961E-04
 2.74113E-04
 2.74313E-04
 2.74418E-04
 2.74522E-04
 2.74626E-04
 2.74634E-04
 2.74882E-04
 2.74938E-04
 2.75090E-04
 2.75242E-04
 2.75298E-04
 2.75450E-04
 2.75602E-04
 2.75850E-04
 2.76098E-04
 2.76202E-04
 2.76402E-04
 2.76602E-04
 2.76610E-04
 2.76714E-04
 2.76818E-04
 2.76970E-04
 2.77074E-04
 2.77322E-04
 2.77426E-04
 2.77579E-04
 2.77731E-04
 2.77835E-04
 2.77987E-04
 2.78139E-04
 2.78147E-04
 2.78299E-04
 2.78307E-04
 2.78555E-04
 2.78659E-04
 2.78907E-04
 2.78963E-04
 2.79115E-04
 2.79219E-04
 2.79275E-04
 2.79379E-04
 2.79579E-04
 2.79635E-04
 2.79739E-04
 2.79843E-04
 2.79995E-04
 2.80147E-04
 2.80347E-04
 2.80499E-04
 2.80507E-04
 2.80611E-04
 2.80667E-04
 2.80723E-04
 2.80972E-04
 2.81028E-04
 2.81132E-04
 2.81236E-04
 2.81340E-04
 2.81444E-04
 2.81500E-04
 2.81652E-04
 2.81756E-04
 2.82196E-04
 2.82492E-04
 2.82692E-04
 2.82796E-04
 2.83092E-04
 2.83292E-04
 2.83348E-04
 2.83452E-04
 2.83508E-04
 2.83708E-04
 2.83812E-04
 2.83916E-04
 2.83972E-04
 2.84077E-04
 2.84181E-04
 2.84381E-04
 2.84581E-04
 2.84589E-04
 2.84741E-04
 2.84893E-04
 2.85045E-04
 2.85197E-04
 2.85205E-04
 2.85261E-04
 2.85269E-04
 2.85373E-04
 2.85381E-04
 2.85581E-04
 2.85685E-04
 2.85789E-04
 2.85941E-04
 2.86093E-04
 2.86293E-04
 2.86445E-04
 2.86597E-04
 2.86749E-04
 2.86805E-04
 2.86957E-04
 2.87061E-04
 2.87309E-04
 2.87317E-04
 2.87470E-04
 2.87574E-04
 2.87630E-04
 2.87830E-04
 2.87838E-04
 2.87942E-04
 2.88094E-04
 2.88390E-04
 2.88494E-04
 2.88838E-04
 2.89038E-04
 2.89334E-04
 2.89438E-04
 2.89542E-04
 2.89838E-04
 2.89894E-04
 2.89998E-04
 2.90054E-04
 2.90158E-04
 2.90214E-04
 2.90270E-04
 2.90518E-04
 2.90526E-04
 2.90630E-04
 2.90927E-04
 2.90935E-04
 2.91087E-04
 2.91239E-04
 2.91295E-04
 2.91399E-04
 2.91599E-04
 2.91703E-04
 2.91759E-04
 2.91959E-04
 2.92015E-04
 2.92215E-04
 2.92223E-04
 2.92519E-04
 2.92575E-04
 2.92631E-04
 2.92735E-04
 2.92743E-04
 2.92943E-04
 2.92999E-04
 2.93103E-04
 2.93207E-04
 2.93263E-04
 2.93511E-04
 2.93663E-04
 2.93719E-04
 2.93871E-04
 2.93879E-04
 2.94079E-04
 2.94280E-04
 2.94480E-04
 2.94584E-04
 2.94736E-04
 2.94792E-04
 2.94944E-04
 2.95096E-04
 2.95392E-04
 2.95592E-04
 2.95744E-04
 2.96088E-04
 2.96240E-04
 2.96392E-04
 2.96400E-04
 2.96552E-04
 2.96704E-04
 2.96760E-04
 2.96912E-04
 2.97064E-04
 2.97168E-04
 2.97320E-04
 2.97473E-04
 2.97529E-04
 2.97777E-04
 2.97881E-04
 2.98033E-04
 2.98137E-04
 2.98289E-04
 2.98441E-04
 2.98497E-04
 2.98505E-04
 2.98705E-04
 2.98809E-04
 2.98961E-04
 2.99017E-04
 2.99073E-04
 2.99177E-04
 2.99233E-04
 2.99241E-04
 2.99345E-04
 2.99449E-04
 2.99553E-04
 2.99609E-04
 2.99713E-04
 2.99865E-04
 3.00113E-04
 3.00169E-04
 3.00369E-04
 3.00473E-04
 3.00481E-04
 3.00537E-04
 3.00593E-04
 3.00889E-04
 3.00993E-04
 3.01241E-04
 3.01634E-04
 3.01882E-04
 3.02130E-04
 3.02282E-04
 3.02434E-04
 3.02634E-04
 3.02786E-04
 3.02842E-04
 3.02898E-04
 3.03098E-04
 3.03298E-04
 3.03306E-04
 3.03458E-04
 3.03754E-04
 3.03858E-04
 3.04058E-04
 3.04114E-04
 3.04218E-04
 3.04370E-04
 3.04378E-04
 3.04434E-04
 3.04731E-04
 3.04739E-04
 3.04843E-04
 3.04899E-04
 3.05051E-04
 3.05203E-04
 3.05355E-04
 3.05411E-04
 3.05467E-04
 3.05619E-04
 3.05675E-04
 3.05779E-04
 3.05787E-04
 3.05891E-04
 3.05995E-04
 3.06147E-04
 3.06299E-04
 3.06403E-04
 3.06507E-04
 3.06755E-04
 3.06859E-04
 3.07011E-04
 3.07211E-04
 3.07315E-04
 3.07371E-04
 3.07523E-04
 3.07579E-04
 3.07635E-04
 3.07739E-04
 3.08035E-04
 3.08187E-04
 3.08339E-04
 3.08491E-04
 3.08740E-04
 3.08940E-04
 3.09188E-04
 3.09340E-04
 3.09396E-04
 3.09644E-04
 3.09700E-04
 3.09852E-04
 3.10052E-04
 3.10204E-04
 3.10404E-04
 3.10460E-04
 3.10516E-04
 3.10716E-04
 3.10724E-04
 3.10924E-04
 3.11028E-04
 3.11180E-04
 3.11236E-04
 3.11340E-04
 3.11492E-04
 3.11692E-04
 3.11748E-04
 3.11900E-04
 3.12100E-04
 3.12204E-04
 3.12212E-04
 3.12268E-04
 3.12372E-04
 3.12669E-04
 3.12773E-04
 3.12877E-04
 3.12933E-04
 3.12989E-04
 3.13189E-04
 3.13341E-04
 3.13397E-04
 3.13549E-04
 3.13605E-04
 3.13661E-04
 3.13717E-04
 3.13917E-04
 3.13973E-04
 3.14125E-04
 3.14229E-04
 3.14237E-04
 3.14533E-04
 3.14781E-04
 3.14981E-04
 3.15085E-04
 3.15381E-04
 3.15485E-04
 3.15589E-04
 3.15741E-04
 3.15893E-04
 3.15949E-04
 3.16101E-04
 3.16205E-04
 3.16309E-04
 3.16701E-04
 3.16901E-04
 3.17005E-04
 3.17254E-04
 3.17310E-04
 3.17510E-04
 3.17566E-04
 3.17718E-04
 3.17726E-04
 3.17830E-04
 3.18030E-04
 3.18182E-04
 3.18286E-04
 3.18486E-04
 3.18542E-04
 3.18694E-04
 3.18750E-04
 3.18806E-04
 3.18862E-04
 3.18966E-04
 3.19262E-04
 3.19318E-04
 3.19422E-04
 3.19478E-04
 3.19582E-04
 3.19686E-04
 3.19838E-04
 3.19894E-04
 3.20046E-04
 3.20246E-04
 3.20254E-04
 3.20406E-04
 3.20414E-04
 3.20518E-04
 3.20622E-04
 3.20678E-04
 3.20734E-04
 3.21030E-04
 3.21470E-04
 3.21670E-04
 3.22014E-04
 3.22215E-04
 3.22270E-04
 3.22423E-04
 3.22527E-04
 3.22727E-04
 3.22927E-04
 3.23079E-04
 3.23135E-04
 3.23143E-04
 3.23247E-04
 3.23255E-04
 3.23407E-04
 3.23607E-04
 3.23711E-04
 3.23767E-04
 3.23919E-04
 3.23975E-04
 3.24223E-04
 3.24375E-04
 3.24623E-04
 3.24679E-04
 3.24831E-04
 3.24983E-04
 3.24991E-04
 3.25095E-04
 3.25247E-04
 3.25351E-04
 3.25407E-04
 3.25463E-04
 3.25711E-04
 3.25767E-04
 3.25823E-04
 3.25927E-04
 3.26175E-04
 3.26375E-04
 3.26479E-04
 3.26631E-04
 3.26783E-04
 3.26791E-04
 3.26847E-04
 3.26999E-04
 3.27199E-04
 3.27255E-04
 3.27407E-04
 3.27463E-04
 3.27471E-04
 3.27863E-04
 3.28351E-04
 3.28551E-04
 3.28655E-04
 3.28759E-04
 3.28959E-04
 3.29063E-04
 3.29311E-04
 3.29415E-04
 3.29471E-04
 3.29672E-04
 3.29679E-04
 3.29831E-04
 3.29935E-04
 3.29991E-04
 3.30047E-04
 3.30199E-04
 3.30303E-04
 3.30407E-04
 3.30607E-04
 3.30663E-04
 3.30767E-04
 3.30919E-04
 3.31023E-04
 3.31079E-04
 3.31327E-04
 3.31383E-04
 3.31487E-04
 3.31639E-04
 3.31743E-04
 3.31799E-04
 3.31903E-04
 3.32200E-04
 3.32352E-04
 3.32504E-04
 3.32608E-04
 3.32712E-04
 3.32864E-04
 3.32920E-04
 3.33072E-04
 3.33128E-04
 3.33135E-04
 3.33239E-04
 3.33487E-04
 3.33591E-04
 3.33744E-04
 3.33944E-04
 3.34048E-04
 3.34152E-04
 3.34400E-04
 3.34696E-04
 3.34848E-04
 3.35000E-04
 3.35200E-04
 3.35304E-04
 3.35600E-04
 3.35848E-04
 3.35904E-04
 3.36008E-04
 3.36112E-04
 3.36120E-04
 3.36176E-04
 3.36280E-04
 3.36432E-04
 3.36584E-04
 3.36736E-04
 3.36744E-04
 3.36992E-04
 3.37096E-04
 3.37296E-04
 3.37544E-04
 3.37648E-04
 3.37896E-04
 3.37952E-04
 3.38008E-04
 3.38064E-04
 3.38216E-04
 3.38272E-04
 3.38327E-04
 3.38480E-04
 3.38535E-04
 3.38735E-04
 3.38936E-04
 3.39039E-04
 3.39095E-04
 3.39199E-04
 3.39255E-04
 3.39359E-04
 3.39415E-04
 3.39519E-04
 3.39575E-04
 3.39631E-04
 3.39735E-04
 3.39935E-04
 3.39991E-04
 3.40095E-04
 3.40247E-04
 3.40399E-04
 3.40695E-04
 3.40847E-04
 3.41143E-04
 3.41343E-04
 3.41591E-04
 3.41743E-04
 3.41991E-04
 3.42095E-04
 3.42199E-04
 3.42543E-04
 3.42695E-04
 3.42799E-04
 3.42855E-04
 3.42959E-04
 3.43063E-04
 3.43215E-04
 3.43463E-04
 3.43663E-04
 3.43671E-04
 3.43727E-04
 3.43879E-04
 3.44127E-04
 3.44135E-04
 3.44335E-04
 3.44487E-04
 3.44495E-04
 3.44743E-04
 3.44799E-04
 3.44999E-04
 3.45007E-04
 3.45063E-04
 3.45263E-04
 3.45415E-04
 3.45471E-04
 3.45478E-04
 3.45582E-04
 3.45782E-04
 3.45790E-04
 3.45942E-04
 3.45998E-04
 3.46054E-04
 3.46158E-04
 3.46262E-04
 3.46366E-04
 3.46566E-04
 3.46574E-04
 3.46582E-04
 3.46830E-04
 3.46838E-04
 3.47038E-04
 3.47334E-04
 3.47390E-04
 3.47686E-04
 3.47934E-04
 3.48086E-04
 3.48334E-04
 3.48486E-04
 3.48686E-04
 3.48838E-04
 3.49086E-04
 3.49238E-04
 3.49438E-04
 3.49445E-04
 3.49645E-04
 3.49797E-04
 3.49949E-04
 3.50149E-04
 3.50253E-04
 3.50357E-04
 3.50509E-04
 3.50661E-04
 3.50765E-04
 3.50821E-04
 3.50877E-04
 3.51029E-04
 3.51181E-04
 3.51285E-04
 3.51341E-04
 3.51397E-04
 3.51597E-04
 3.51700E-04
 3.51804E-04
 3.51956E-04
 3.52108E-04
 3.52212E-04
 3.52316E-04
 3.52324E-04
 3.52524E-04
 3.52628E-04
 3.52732E-04
 3.52884E-04
 3.53036E-04
 3.53140E-04
 3.53196E-04
 3.53348E-04
 3.53403E-04
 3.53555E-04
 3.53659E-04
 3.53763E-04
 3.53963E-04
 3.54115E-04
 3.54171E-04
 3.54467E-04
 3.54667E-04
 3.54915E-04
 3.55115E-04
 3.55219E-04
 3.55419E-04
 3.55571E-04
 3.55675E-04
 3.55875E-04
 3.56027E-04
 3.56082E-04
 3.56138E-04
 3.56194E-04
 3.56394E-04
 3.56594E-04
 3.56650E-04
 3.56802E-04
 3.56954E-04
 3.57106E-04
 3.57258E-04
 3.57362E-04
 3.57513E-04
 3.57665E-04
 3.57721E-04
 3.57873E-04
 3.57881E-04
 3.57985E-04
 3.58041E-04
 3.58097E-04
 3.58393E-04
 3.58593E-04
 3.58793E-04
 3.59089E-04
 3.59096E-04
 3.59104E-04
 3.59256E-04
 3.59360E-04
 3.59608E-04
 3.59760E-04
 3.59912E-04
 3.59968E-04
 3.59975E-04
 3.60079E-04
 3.60135E-04
 3.60383E-04
 3.60391E-04
 3.60543E-04
 3.60743E-04
 3.60895E-04
 3.60999E-04
 3.61247E-04
 3.61398E-04
 3.61550E-04
 3.61654E-04
 3.61806E-04
 3.62006E-04
 3.62158E-04
 3.62358E-04
 3.62510E-04
 3.62614E-04
 3.62814E-04
 3.62869E-04
 3.63069E-04
 3.63221E-04
 3.63325E-04
 3.63525E-04
 3.63581E-04
 3.63685E-04
 3.63837E-04
 3.63940E-04
 3.64092E-04
 3.64196E-04
 3.64348E-04
 3.64356E-04
 3.64364E-04
 3.64515E-04
 3.64667E-04
 3.64771E-04
 3.65019E-04
 3.65075E-04
 3.65179E-04
 3.65283E-04
 3.65531E-04
 3.65634E-04
 3.65738E-04
 3.65842E-04
 3.66042E-04
 3.66194E-04
 3.66250E-04
 3.66402E-04
 3.66457E-04
 3.66609E-04
 3.66665E-04
 3.66865E-04
 3.66969E-04
 3.67025E-04
 3.67272E-04
 3.67424E-04
 3.67576E-04
 3.67728E-04
 3.67928E-04
 3.68176E-04
 3.68328E-04
 3.68383E-04
 3.68631E-04
 3.68735E-04
 3.68743E-04
 3.68943E-04
 3.69095E-04
 3.69150E-04
 3.69446E-04
 3.69694E-04
 3.69894E-04
 3.70094E-04
 3.70294E-04
 3.70350E-04
 3.70405E-04
 3.70557E-04
 3.70709E-04
 3.70861E-04
 3.71013E-04
 3.71165E-04
 3.71172E-04
 3.71276E-04
 3.71284E-04
 3.71532E-04
 3.71540E-04
 3.71595E-04
 3.71747E-04
 3.71899E-04
 3.72051E-04
 3.72058E-04
 3.72162E-04
 3.72218E-04
 3.72274E-04
 3.72474E-04
 3.72529E-04
 3.72681E-04
 3.72785E-04
 3.72937E-04
 3.73041E-04
 3.73096E-04
 3.73296E-04
 3.73352E-04
 3.73552E-04
 3.73608E-04
 3.73663E-04
 3.73911E-04
 3.73919E-04
 3.74263E-04
 3.74463E-04
 3.74710E-04
 3.74910E-04
 3.75014E-04
 3.75214E-04
 3.75606E-04
 3.75661E-04
 3.75957E-04
 3.75965E-04
 3.76069E-04
 3.76461E-04
 3.76468E-04
 3.76620E-04
 3.76868E-04
 3.76972E-04
 3.77076E-04
 3.77131E-04
 3.77235E-04
 3.77435E-04
 3.77442E-04
 3.77690E-04
 3.77794E-04
 3.77898E-04
 3.78050E-04
 3.78153E-04
 3.78257E-04
 3.78313E-04
 3.78416E-04
 3.78568E-04
 3.78672E-04
 3.78776E-04
 3.78783E-04
 3.78983E-04
 3.79087E-04
 3.79095E-04
 3.79198E-04
 3.79350E-04
 3.79646E-04
 3.79654E-04
 3.79661E-04
 3.79669E-04
 3.79773E-04
 3.79876E-04
 3.80028E-04
 3.80084E-04
 3.80283E-04
 3.80531E-04
 3.80731E-04
 3.80835E-04
 3.81131E-04
 3.81330E-04
 3.81578E-04
 3.81682E-04
 3.81881E-04
 3.82081E-04
 3.82233E-04
 3.82289E-04
 3.82488E-04
 3.82544E-04
 3.82696E-04
 3.82847E-04
 3.82951E-04
 3.83055E-04
 3.83303E-04
 3.83550E-04
 3.83750E-04
 3.83854E-04
 3.83957E-04
 3.84109E-04
 3.84213E-04
 3.84268E-04
 3.84324E-04
 3.84620E-04
 3.84724E-04
 3.84875E-04
 3.84931E-04
 3.84987E-04
 3.85042E-04
 3.85146E-04
 3.85346E-04
 3.85449E-04
 3.85457E-04
 3.85512E-04
 3.85664E-04
 3.85768E-04
 3.86015E-04
 3.86167E-04
 3.86463E-04
 3.86567E-04
 3.86670E-04
 3.86726E-04
 3.86829E-04
 3.86981E-04
 3.87037E-04
 3.87044E-04
 3.87148E-04
 3.87252E-04
 3.87451E-04
 3.87651E-04
 3.87947E-04
 3.88098E-04
 3.88298E-04
 3.88546E-04
 3.88745E-04
 3.88897E-04
 3.89049E-04
 3.89104E-04
 3.89256E-04
 3.89359E-04
 3.89607E-04
 3.89759E-04
 3.89910E-04
 3.90014E-04
 3.90118E-04
 3.90221E-04
 3.90421E-04
 3.90524E-04
 3.90580E-04
 3.90636E-04
 3.90883E-04
 3.90891E-04
 3.90946E-04
 3.91098E-04
 3.91202E-04
 3.91257E-04
 3.91265E-04
 3.91320E-04
 3.91376E-04
 3.91527E-04
 3.91679E-04
 3.92023E-04
 3.92126E-04
 3.92326E-04
 3.92574E-04
 3.92677E-04
 3.92877E-04
 3.93124E-04
 3.93276E-04
 3.93331E-04
 3.93387E-04
 3.93491E-04
 3.93594E-04
 3.93698E-04
 3.93849E-04
 3.93857E-04
 3.93960E-04
 3.94016E-04
 3.94215E-04
 3.94511E-04
 3.94807E-04
 3.95102E-04
 3.95206E-04
 3.95357E-04
 3.95557E-04
 3.95661E-04
 3.95764E-04
 3.95868E-04
 3.95923E-04
 3.96075E-04
 3.96274E-04
 3.96378E-04
 3.96577E-04
 3.96681E-04
 3.96880E-04
 3.97032E-04
 3.97231E-04
 3.97287E-04
 3.97342E-04
 3.97350E-04
 3.97645E-04
 3.97845E-04
 3.97852E-04
 3.97956E-04
 3.98155E-04
 3.98307E-04
 3.98362E-04
 3.98418E-04
 3.98473E-04
 3.98577E-04
 3.98680E-04
 3.98736E-04
 3.98935E-04
 3.99039E-04
 3.99142E-04
 3.99294E-04
 3.99397E-04
 3.99501E-04
 3.99652E-04
 3.99852E-04
 4.00003E-04
 4.00107E-04
 4.00162E-04
 4.00218E-04
 4.00321E-04
 4.00472E-04
 4.00576E-04
 4.00775E-04
 4.01071E-04
 4.01366E-04
 4.01566E-04
 4.01717E-04
 4.01869E-04
 4.01972E-04
 4.02220E-04
 4.02371E-04
 4.02523E-04
 4.02674E-04
 4.02682E-04
 4.02881E-04
 4.02984E-04
 4.03136E-04
 4.03287E-04
 4.03439E-04
 4.03446E-04
 4.03598E-04
 4.03749E-04
 4.04045E-04
 4.04196E-04
 4.04347E-04
 4.04547E-04
 4.04794E-04
 4.04850E-04
 4.04905E-04
 4.05056E-04
 4.05112E-04
 4.05167E-04
 4.05174E-04
 4.05326E-04
 4.05525E-04
 4.05581E-04
 4.05780E-04
 4.05932E-04
 4.06035E-04
 4.06090E-04
 4.06194E-04
 4.06297E-04
 4.06400E-04
 4.06456E-04
 4.06607E-04
 4.06806E-04
 4.06910E-04
 4.06917E-04
 4.07020E-04
 4.07076E-04
 4.07227E-04
 4.07330E-04
 4.07530E-04
 4.07729E-04
 4.08025E-04
 4.08224E-04
 4.08423E-04
 4.08527E-04
 4.08630E-04
 4.08781E-04
 4.09029E-04
 4.09180E-04
 4.09235E-04
 4.09339E-04
 4.09442E-04
 4.09497E-04
 4.09793E-04
 4.09944E-04
 4.10047E-04
 4.10343E-04
 4.10542E-04
 4.10597E-04
 4.10749E-04
 4.10852E-04
 4.11051E-04
 4.11107E-04
 4.11210E-04
 4.11457E-04
 4.11561E-04
 4.11712E-04
 4.11863E-04
 4.11966E-04
 4.12070E-04
 4.12221E-04
 4.12324E-04
 4.12428E-04
 4.12531E-04
 4.12682E-04
 4.12833E-04
 4.12985E-04
 4.13040E-04
 4.13047E-04
 4.13102E-04
 4.13206E-04
 4.13453E-04
 4.13556E-04
 4.13611E-04
 4.13715E-04
 4.13770E-04
 4.13921E-04
 4.14120E-04
 4.14224E-04
 4.14519E-04
 4.14718E-04
 4.14965E-04
 4.15069E-04
 4.15124E-04
 4.15419E-04
 4.15426E-04
 4.15626E-04
 4.15777E-04
 4.15928E-04
 4.16127E-04
 4.16230E-04
 4.16478E-04
 4.16677E-04
 4.16828E-04
 4.16883E-04
 4.16986E-04
 4.17138E-04
 4.17289E-04
 4.17344E-04
 4.17591E-04
 4.17791E-04
 4.17798E-04
 4.17997E-04
 4.18100E-04
 4.18155E-04
 4.18306E-04
 4.18361E-04
 4.18369E-04
 4.18424E-04
 4.18527E-04
 4.18726E-04
 4.18877E-04
 4.18932E-04
 4.18987E-04
 4.19091E-04
 4.19290E-04
 4.19441E-04
 4.19496E-04
 4.19695E-04
 4.19702E-04
 4.19853E-04
 4.20053E-04
 4.20252E-04
 4.20451E-04
 4.20554E-04
 4.20657E-04
 4.20664E-04
 4.20911E-04
 4.21255E-04
 4.21358E-04
 4.21557E-04
 4.21708E-04
 4.21907E-04
 4.22106E-04
 4.22257E-04
 4.22649E-04
 4.22704E-04
 4.22759E-04
 4.22910E-04
 4.22965E-04
 4.23164E-04
 4.23315E-04
 4.23466E-04
 4.23473E-04
 4.23672E-04
 4.23823E-04
 4.23974E-04
 4.24125E-04
 4.24325E-04
 4.24476E-04
 4.24579E-04
 4.24682E-04
 4.24833E-04
 4.24840E-04
 4.25039E-04
 4.25046E-04
 4.25245E-04
 4.25348E-04
 4.25403E-04
 4.25506E-04
 4.25561E-04
 4.25760E-04
 4.25863E-04
 4.25966E-04
 4.26021E-04
 4.26124E-04
 4.26227E-04
 4.26282E-04
 4.26385E-04
 4.26440E-04
 4.26495E-04
 4.26694E-04
 4.26797E-04
 4.26852E-04
 4.26955E-04
 4.27106E-04
 4.27353E-04
 4.27600E-04
 4.27943E-04
 4.28094E-04
 4.28197E-04
 4.28396E-04
 4.28595E-04
 4.28746E-04
 4.28993E-04
 4.29192E-04
 4.29535E-04
 4.29734E-04
 4.29741E-04
 4.29940E-04
 4.30043E-04
 4.30146E-04
 4.30249E-04
 4.30496E-04
 4.30647E-04
 4.30654E-04
 4.30709E-04
 4.30811E-04
 4.30962E-04
 4.31017E-04
 4.31120E-04
 4.31319E-04
 4.31518E-04
 4.31621E-04
 4.31676E-04
 4.31875E-04
 4.31978E-04
 4.32081E-04
 4.32328E-04
 4.32382E-04
 4.32485E-04
 4.32540E-04
 4.32691E-04
 4.32794E-04
 4.33041E-04
 4.33048E-04
 4.33054E-04
 4.33205E-04
 4.33212E-04
 4.33267E-04
 4.33322E-04
 4.33521E-04
 4.33624E-04
 4.33726E-04
 4.33877E-04
 4.34316E-04
 4.34563E-04
 4.34810E-04
 4.35009E-04
 4.35112E-04
 4.35311E-04
 4.35510E-04
 4.35564E-04
 4.35715E-04
 4.35722E-04
 4.35969E-04
 4.36120E-04
 4.36223E-04
 4.36517E-04
 4.36668E-04
 4.36819E-04
 4.36874E-04
 4.36977E-04
 4.37175E-04
 4.37230E-04
 4.37333E-04
 4.37340E-04
 4.37491E-04
 4.37593E-04
 4.37696E-04
 4.37799E-04
 4.37854E-04
 4.38100E-04
 4.38155E-04
 4.38306E-04
 4.38457E-04
 4.38559E-04
 4.38614E-04
 4.38813E-04
 4.38964E-04
 4.39259E-04
 4.39265E-04
 4.39368E-04
 4.39423E-04
 4.39429E-04
 4.39580E-04
 4.39731E-04
 4.39786E-04
 4.39936E-04
 4.40135E-04
 4.40334E-04
 4.40437E-04
 4.40683E-04
 4.40930E-04
 4.41177E-04
 4.41328E-04
 4.41526E-04
 4.41725E-04
 4.41876E-04
 4.42075E-04
 4.42225E-04
 4.42376E-04
 4.42623E-04
 4.42725E-04
 4.42828E-04
 4.43075E-04
 4.43129E-04
 4.43184E-04
 4.43287E-04
 4.43389E-04
 4.43540E-04
 4.43643E-04
 4.43793E-04
 4.43848E-04
 4.44095E-04
 4.44197E-04
 4.44348E-04
 4.44403E-04
 4.44553E-04
 4.44704E-04
 4.44759E-04
 4.44813E-04
 4.44964E-04
 4.45018E-04
 4.45025E-04
 4.45128E-04
 4.45326E-04
 4.45525E-04
 4.45531E-04
 4.45634E-04
 4.45785E-04
 4.45935E-04
 4.46134E-04
 4.46140E-04
 4.46195E-04
 4.46298E-04
 4.46496E-04
 4.46599E-04
 4.46749E-04
 4.46948E-04
 4.46955E-04
 4.47201E-04
 4.47496E-04
 4.47646E-04
 4.47797E-04
 4.47948E-04
 4.48146E-04
 4.48249E-04
 4.48591E-04
 4.48646E-04
 4.48796E-04
 4.48995E-04
 4.49290E-04
 4.49440E-04
 4.49543E-04
 4.49741E-04
 4.49988E-04
 4.50042E-04
 4.50145E-04
 4.50391E-04
 4.50542E-04
 4.50596E-04
 4.50651E-04
 4.50898E-04
 4.50952E-04
 4.51006E-04
 4.51157E-04
 4.51211E-04
 4.51266E-04
 4.51416E-04
 4.51567E-04
 4.51573E-04
 4.51820E-04
 4.51826E-04
 4.51881E-04
 4.51935E-04
 4.51990E-04
 4.52092E-04
 4.52291E-04
 4.52393E-04
 4.52592E-04
 4.52886E-04
 4.53037E-04
 4.53139E-04
 4.53337E-04
 4.53440E-04
 4.53542E-04
 4.53741E-04
 4.53843E-04
 4.54090E-04
 4.54240E-04
 4.54343E-04
 4.54589E-04
 4.54691E-04
 4.54842E-04
 4.54992E-04
 4.55143E-04
 4.55341E-04
 4.55492E-04
 4.55546E-04
 4.55744E-04
 4.55847E-04
 4.55949E-04
 4.56100E-04
 4.56202E-04
 4.56352E-04
 4.56407E-04
 4.56509E-04
 4.56852E-04
 4.57050E-04
 4.57104E-04
 4.57159E-04
 4.57261E-04
 4.57315E-04
 4.57418E-04
 4.57616E-04
 4.57766E-04
 4.57773E-04
 4.57923E-04
 4.58073E-04
 4.58224E-04
 4.58230E-04
 4.58332E-04
 4.58531E-04
 4.58681E-04
 4.58735E-04
 4.58934E-04
 4.59036E-04
 4.59090E-04
 4.59241E-04
 4.59343E-04
 4.59493E-04
 4.59788E-04
 4.59986E-04
 4.60040E-04
 4.60191E-04
 4.60341E-04
 4.60587E-04
 4.60738E-04
 4.60888E-04
 4.61086E-04
 4.61285E-04
 4.61483E-04
 4.61633E-04
 4.61783E-04
 4.61982E-04
 4.62180E-04
 4.62234E-04
 4.62336E-04
 4.62631E-04
 4.62781E-04
 4.62931E-04
 4.62986E-04
 4.63088E-04
 4.63334E-04
 4.63484E-04
 4.63491E-04
 4.63545E-04
 4.63551E-04
 4.63701E-04
 4.63851E-04
 4.64002E-04
 4.64152E-04
 4.64206E-04
 4.64260E-04
 4.64314E-04
 4.64417E-04
 4.64567E-04
 4.64765E-04
 4.64915E-04
 4.65017E-04
 4.65120E-04
 4.65174E-04
 4.65276E-04
 4.65474E-04
 4.65576E-04
 4.65678E-04
 4.65781E-04
 4.65883E-04
 4.65985E-04
 4.66183E-04
 4.66333E-04
 4.66387E-04
 4.66490E-04
 4.66736E-04
 4.66934E-04
 4.67180E-04
 4.67426E-04
 4.67673E-04
 4.67727E-04
 4.67829E-04
 4.68075E-04
 4.68273E-04
 4.68471E-04
 4.68621E-04
 4.68820E-04
 4.68922E-04
 4.69024E-04
 4.69126E-04
 4.69228E-04
 4.69282E-04
 4.69480E-04
 4.69678E-04
 4.69780E-04
 4.70171E-04
 4.70273E-04
 4.70327E-04
 4.70381E-04
 4.70483E-04
 4.70537E-04
 4.70591E-04
 4.70741E-04
 4.70747E-04
 4.70993E-04
 4.71143E-04
 4.71341E-04
 4.71492E-04
 4.71642E-04
 4.71696E-04
 4.71702E-04
 4.71756E-04
 4.72002E-04
 4.72152E-04
 4.72254E-04
 4.72452E-04
 4.72458E-04
 4.72608E-04
 4.72758E-04
 4.72860E-04
 4.72962E-04
 4.73112E-04
 4.73262E-04
 4.73508E-04
 4.73658E-04
 4.73760E-04
 4.73910E-04
 4.74252E-04
 4.74354E-04
 4.74504E-04
 4.74606E-04
 4.74756E-04
 4.75098E-04
 4.75296E-04
 4.75446E-04
 4.75692E-04
 4.75746E-04
 4.75848E-04
 4.75902E-04
 4.76004E-04
 4.76106E-04
 4.76160E-04
 4.76262E-04
 4.76316E-04
 4.76562E-04
 4.76760E-04
 4.76766E-04
 4.76868E-04
 4.76922E-04
 4.77072E-04
 4.77126E-04
 4.77179E-04
 4.77377E-04
 4.77383E-04
 4.77485E-04
 4.77635E-04
 4.77641E-04
 4.77743E-04
 4.77989E-04
 4.78235E-04
 4.78433E-04
 4.78535E-04
 4.78781E-04
 4.78883E-04
 4.78985E-04
 4.79182E-04
 4.79332E-04
 4.79578E-04
 4.79632E-04
 4.79878E-04
 4.79980E-04
 4.80274E-04
 4.80376E-04
 4.80526E-04
 4.80724E-04
 4.80922E-04
 4.81119E-04
 4.81269E-04
 4.81371E-04
 4.81617E-04
 4.81719E-04
 4.81725E-04
 4.81827E-04
 4.82072E-04
 4.82078E-04
 4.82372E-04
 4.82474E-04
 4.82624E-04
 4.82726E-04
 4.82779E-04
 4.82929E-04
 4.83031E-04
 4.83229E-04
 4.83331E-04
 4.83481E-04
 4.83534E-04
 4.83828E-04
 4.83882E-04
 4.83984E-04
 4.84086E-04
 4.84139E-04
 4.84337E-04
 4.84439E-04
 4.84445E-04
 4.84547E-04
 4.84696E-04
 4.84750E-04
 4.84852E-04
 4.84906E-04
 4.84959E-04
 4.85013E-04
 4.85163E-04
 4.85361E-04
 4.85559E-04
 4.85660E-04
 4.85762E-04
 4.86056E-04
 4.86302E-04
 4.86548E-04
 4.86697E-04
 4.86895E-04
 4.87093E-04
 4.87291E-04
 4.87440E-04
 4.87590E-04
 4.87644E-04
 4.87746E-04
 4.87847E-04
 4.87949E-04
 4.88099E-04
 4.88345E-04
 4.88398E-04
 4.88644E-04
 4.88794E-04
 4.88992E-04
 4.89093E-04
 4.89195E-04
 4.89345E-04
 4.89542E-04
 4.89596E-04
 4.89794E-04
 4.89896E-04
 4.89997E-04
 4.90099E-04
 4.90201E-04
 4.90254E-04
 4.90404E-04
 4.90458E-04
 4.90655E-04
 4.90709E-04
 4.90955E-04
 4.91104E-04
 4.91254E-04
 4.91308E-04
 4.91361E-04
 4.91463E-04
 4.91613E-04
 4.91666E-04
 4.91768E-04
 4.91822E-04
 4.92067E-04
 4.92265E-04
 4.92463E-04
 4.92660E-04
 4.92906E-04
 4.93008E-04
 4.93205E-04
 4.93355E-04
 4.93697E-04
 4.93750E-04
 4.93996E-04
 4.94098E-04
 4.94391E-04
 4.94445E-04
 4.94691E-04
 4.94840E-04
 4.94894E-04
 4.94947E-04
 4.95097E-04
 4.95151E-04
 4.95252E-04
 4.95450E-04
 4.95599E-04
 4.95701E-04
 4.95755E-04
 4.95808E-04
 4.95862E-04
 4.96011E-04
 4.96113E-04
 4.96166E-04
 4.96364E-04
 4.96562E-04
 4.96855E-04
 4.96861E-04
 4.96914E-04
 4.97016E-04
 4.97166E-04
 4.97315E-04
 4.97369E-04
 4.97470E-04
 4.97524E-04
 4.97577E-04
 4.97727E-04
 4.97828E-04
 4.98074E-04
 4.98127E-04
 4.98181E-04
 4.98186E-04
 4.98432E-04
 4.98774E-04
 4.99067E-04
 4.99217E-04
 4.99462E-04
 4.99612E-04
 4.99858E-04
 5.00007E-04
 5.00157E-04
 5.00162E-04
 5.00312E-04
 5.00509E-04
 5.00755E-04
 5.00952E-04
 5.01102E-04
 5.01251E-04
 5.01545E-04
 5.01550E-04
 5.01652E-04
 5.01753E-04
 5.02143E-04
 5.02293E-04
 5.02394E-04
 5.02399E-04
 5.02405E-04
 5.02554E-04
 5.02560E-04
 5.02757E-04
 5.02955E-04
 5.03056E-04
 5.03254E-04
 5.03307E-04
 5.03553E-04
 5.03558E-04
 5.03564E-04
 5.03617E-04
 5.03623E-04
 5.03820E-04
 5.03970E-04
 5.04023E-04
 5.04124E-04
 5.04226E-04
 5.04231E-04
 5.04429E-04
 5.04578E-04
 5.04824E-04
 5.05069E-04
 5.05171E-04
 5.05368E-04
 5.05566E-04
 5.05667E-04
 5.05961E-04
 5.06302E-04
 5.06355E-04
 5.06505E-04
 5.06606E-04
 5.06804E-04
 5.06905E-04
 5.07007E-04
 5.07108E-04
 5.07402E-04
 5.07503E-04
 5.07700E-04
 5.07850E-04
 5.07903E-04
 5.07909E-04
 5.08058E-04
 5.08159E-04
 5.08213E-04
 5.08362E-04
 5.08464E-04
 5.08661E-04
 5.08810E-04
 5.08864E-04
 5.08869E-04
 5.09066E-04
 5.09168E-04
 5.09317E-04
 5.09467E-04
 5.09712E-04
 5.09813E-04
 5.09963E-04
 5.10016E-04
 5.10310E-04
 5.10507E-04
 5.10560E-04
 5.10614E-04
 5.10715E-04
 5.10865E-04
 5.10966E-04
 5.11019E-04
 5.11217E-04
 5.11462E-04
 5.11611E-04
 5.11761E-04
 5.11910E-04
 5.12011E-04
 5.12257E-04
 5.12358E-04
 5.12460E-04
 5.12609E-04
 5.12854E-04
 5.13052E-04
 5.13297E-04
 5.13494E-04
 5.13548E-04
 5.13745E-04
 5.13846E-04
 5.14140E-04
 5.14193E-04
 5.14198E-04
 5.14396E-04
 5.14545E-04
 5.14647E-04
 5.14892E-04
 5.14945E-04
 5.15143E-04
 5.15292E-04
 5.15345E-04
 5.15446E-04
 5.15500E-04
 5.15649E-04
 5.15654E-04
 5.15708E-04
 5.15809E-04
 5.16006E-04
 5.16204E-04
 5.16401E-04
 5.16550E-04
 5.16555E-04
 5.16657E-04
 5.16854E-04
 5.16955E-04
 5.17009E-04
 5.17062E-04
 5.17259E-04
 5.17457E-04
 5.17654E-04
 5.17755E-04
 5.17952E-04
 5.18054E-04
 5.18155E-04
 5.18256E-04
 5.18310E-04
 5.18459E-04
 5.18608E-04
 5.18805E-04
 5.18907E-04
 5.19008E-04
 5.19349E-04
 5.19595E-04
 5.19600E-04
 5.19701E-04
 5.19850E-04
 5.20000E-04
 5.20197E-04
 5.20442E-04
 5.20736E-04
 5.20933E-04
 5.20986E-04
 5.21087E-04
 5.21141E-04
 5.21290E-04
 5.21295E-04
 5.21636E-04
 5.21738E-04
 5.21839E-04
 5.21940E-04
 5.22041E-04
 5.22287E-04
 5.22340E-04
 5.22489E-04
 5.22590E-04
 5.22692E-04
 5.22841E-04
 5.22894E-04
 5.22947E-04
 5.23000E-04
 5.23246E-04
 5.23347E-04
 5.23448E-04
 5.23597E-04
 5.23843E-04
 5.24040E-04
 5.24285E-04
 5.24482E-04
 5.24680E-04
 5.24925E-04
 5.25074E-04
 5.25367E-04
 5.25373E-04
 5.25378E-04
 5.25527E-04
 5.25628E-04
 5.25633E-04
 5.25831E-04
 5.25932E-04
 5.26033E-04
 5.26134E-04
 5.26235E-04
 5.26481E-04
 5.26630E-04
 5.26683E-04
 5.26832E-04
 5.27077E-04
 5.27227E-04
 5.27328E-04
 5.27429E-04
 5.27482E-04
 5.27535E-04
 5.27636E-04
 5.27930E-04
 5.28127E-04
 5.28228E-04
 5.28377E-04
 5.28527E-04
 5.28532E-04
 5.28633E-04
 5.28830E-04
 5.28883E-04
 5.28984E-04
 5.29086E-04
 5.29235E-04
 5.29336E-04
 5.29485E-04
 5.29730E-04
 5.30072E-04
 5.30221E-04
 5.30370E-04
 5.30423E-04
 5.30620E-04
 5.30673E-04
 5.30727E-04
 5.30924E-04
 5.31025E-04
 5.31126E-04
 5.31323E-04
 5.31424E-04
 5.31573E-04
 5.31819E-04
 5.31872E-04
 5.32021E-04
 5.32170E-04
 5.32367E-04
 5.32517E-04
 5.32618E-04
 5.32911E-04
 5.33108E-04
 5.33257E-04
 5.33310E-04
 5.33411E-04
 5.33561E-04
 5.33662E-04
 5.33715E-04
 5.33912E-04
 5.34061E-04
 5.34210E-04
 5.34407E-04
 5.34461E-04
 5.34562E-04
 5.34711E-04
 5.34860E-04
 5.34913E-04
 5.35062E-04
 5.35211E-04
 5.35264E-04
 5.35366E-04
 5.35515E-04
 5.35616E-04
 5.35765E-04
 5.36058E-04
 5.36159E-04
 5.36597E-04
 5.36794E-04
 5.36895E-04
 5.37044E-04
 5.37145E-04
 5.37198E-04
 5.37347E-04
 5.37496E-04
 5.37645E-04
 5.37843E-04
 5.37992E-04
 5.38093E-04
 5.38146E-04
 5.38295E-04
 5.38348E-04
 5.38497E-04
 5.38694E-04
 5.38891E-04
 5.38993E-04
 5.39142E-04
 5.39243E-04
 5.39248E-04
 5.39301E-04
 5.39354E-04
 5.39503E-04
 5.39748E-04
 5.39849E-04
 5.40046E-04
 5.40051E-04
 5.40249E-04
 5.40254E-04
 5.40355E-04
 5.40504E-04
 5.40701E-04
 5.40754E-04
 5.40855E-04
 5.40956E-04
 5.41057E-04
 5.41302E-04
 5.41403E-04
 5.41504E-04
 5.41702E-04
 5.41803E-04
 5.42096E-04
 5.42197E-04
 5.42346E-04
 5.42639E-04
 5.42884E-04
 5.43081E-04
 5.43326E-04
 5.43475E-04
 5.43625E-04
 5.43774E-04
 5.43875E-04
 5.44072E-04
 5.44221E-04
 5.44466E-04
 5.44567E-04
 5.44716E-04
 5.44865E-04
 5.44870E-04
 5.44971E-04
 5.45072E-04
 5.45221E-04
 5.45418E-04
 5.45520E-04
 5.45621E-04
 5.45818E-04
 5.45871E-04
 5.45972E-04
 5.46169E-04
 5.46222E-04
 5.46275E-04
 5.46328E-04
 5.46477E-04
 5.46578E-04
 5.46631E-04
 5.46732E-04
 5.46881E-04
 5.46982E-04
 5.47083E-04
 5.47232E-04
 5.47381E-04
 5.47626E-04
 5.47871E-04
 5.48068E-04
 5.48218E-04
 5.48415E-04
 5.48708E-04
 5.48809E-04
 5.49006E-04
 5.49107E-04
 5.49256E-04
 5.49405E-04
 5.49554E-04
 5.49655E-04
 5.49660E-04
 5.49857E-04
 5.50006E-04
 5.50155E-04
 5.50208E-04
 5.50501E-04
 5.50650E-04
 5.50799E-04
 5.50900E-04
 5.50953E-04
 5.51102E-04
 5.51107E-04
 5.51256E-04
 5.51309E-04
 5.51506E-04
 5.51655E-04
 5.51900E-04
 5.52097E-04
 5.52150E-04
 5.52203E-04
 5.52352E-04
 5.52405E-04
 5.52554E-04
 5.52559E-04
 5.52564E-04
 5.52713E-04
 5.52766E-04
 5.53011E-04
 5.53208E-04
 5.53357E-04
 5.53458E-04
 5.53752E-04
 5.53949E-04
 5.54194E-04
 5.54295E-04
 5.54396E-04
 5.54593E-04
 5.54742E-04
 5.54939E-04
 5.54992E-04
 5.55045E-04
 5.55146E-04
 5.55391E-04
 5.55492E-04
 5.55593E-04
 5.55742E-04
 5.56035E-04
 5.56184E-04
 5.56333E-04
 5.56530E-04
 5.56679E-04
 5.56972E-04
 5.57073E-04
 5.57318E-04
 5.57419E-04
 5.57568E-04
 5.57669E-04
 5.57770E-04
 5.57871E-04
 5.57972E-04
 5.58121E-04
 5.58174E-04
 5.58419E-04
 5.58568E-04
 5.58621E-04
 5.58625E-04
 5.58678E-04
 5.58779E-04
 5.58880E-04
 5.59029E-04
 5.59082E-04
 5.59231E-04
 5.59380E-04
 5.59673E-04
 5.60014E-04
 5.60019E-04
 5.60312E-04
 5.60413E-04
 5.60562E-04
 5.60711E-04
 5.60860E-04
 5.60961E-04
 5.61110E-04
 5.61163E-04
 5.61264E-04
 5.61317E-04
 5.61418E-04
 5.61663E-04
 5.61812E-04
 5.61961E-04
 5.62014E-04
 5.62211E-04
 5.62456E-04
 5.62509E-04
 5.62609E-04
 5.62806E-04
 5.62859E-04
 5.62960E-04
 5.63013E-04
 5.63162E-04
 5.63263E-04
 5.63460E-04
 5.63561E-04
 5.63758E-04
 5.63859E-04
 5.63960E-04
 5.64157E-04
 5.64306E-04
 5.64503E-04
 5.64556E-04
 5.64657E-04
 5.64854E-04
 5.65003E-04
 5.65103E-04
 5.65252E-04
 5.65449E-04
 5.65694E-04
 5.65699E-04
 5.65944E-04
 5.65997E-04
 5.66242E-04
 5.66439E-04
 5.66588E-04
 5.66737E-04
 5.66886E-04
 5.67083E-04
 5.67136E-04
 5.67285E-04
 5.67482E-04
 5.67727E-04
 5.67875E-04
 5.67976E-04
 5.68077E-04
 5.68322E-04
 5.68471E-04
 5.68620E-04
 5.68769E-04
 5.68870E-04
 5.68971E-04
 5.69120E-04
 5.69269E-04
 5.69322E-04
 5.69374E-04
 5.69427E-04
 5.69480E-04
 5.69629E-04
 5.69826E-04
 5.69831E-04
 5.69980E-04
 5.70129E-04
 5.70134E-04
 5.70234E-04
 5.70383E-04
 5.70484E-04
 5.70633E-04
 5.70782E-04
 5.70835E-04
 5.71224E-04
 5.71613E-04
 5.71858E-04
 5.72055E-04
 5.72156E-04
 5.72257E-04
 5.72454E-04
 5.72602E-04
 5.72751E-04
 5.72900E-04
 5.73049E-04
 5.73102E-04
 5.73299E-04
 5.73400E-04
 5.73693E-04
 5.73746E-04
 5.73750E-04
 5.73899E-04
 5.73904E-04
 5.74005E-04
 5.74058E-04
 5.74351E-04
 5.74500E-04
 5.74649E-04
 5.74701E-04
 5.74802E-04
 5.74951E-04
 5.75004E-04
 5.75009E-04
 5.75062E-04
 5.75259E-04
 5.75455E-04
 5.75556E-04
 5.75705E-04
 5.75710E-04
 5.75859E-04
 5.76104E-04
 5.76349E-04
 5.76450E-04
 5.76502E-04
 5.76603E-04
 5.76848E-04
 5.76949E-04
 5.77242E-04
 5.77391E-04
 5.77588E-04
 5.77641E-04
 5.77741E-04
 5.77890E-04
 5.77991E-04
 5.78188E-04
 5.78481E-04
 5.78774E-04
 5.78779E-04
 5.79120E-04
 5.79268E-04
 5.79369E-04
 5.79518E-04
 5.79715E-04
 5.79768E-04
 5.79917E-04
 5.80018E-04
 5.80118E-04
 5.80267E-04
 5.80464E-04
 5.80517E-04
 5.80570E-04
 5.80671E-04
 5.81060E-04
 5.81064E-04
 5.81165E-04
 5.81266E-04
 5.81415E-04
 5.81660E-04
 5.81664E-04
 5.82101E-04
 5.82154E-04
 5.82159E-04
 5.82164E-04
 5.82265E-04
 5.82317E-04
 5.82514E-04
 5.82663E-04
 5.82956E-04
 5.83105E-04
 5.83350E-04
 5.83450E-04
 5.83503E-04
 5.83652E-04
 5.83753E-04
 5.83902E-04
 5.84195E-04
 5.84343E-04
 5.84492E-04
 5.84545E-04
 5.84694E-04
 5.84795E-04
 5.84799E-04
 5.84948E-04
 5.85097E-04
 5.85198E-04
 5.85299E-04
 5.85447E-04
 5.85548E-04
 5.85697E-04
 5.85798E-04
 5.85995E-04
 5.86048E-04
 5.86244E-04
 5.86297E-04
 5.86446E-04
 5.86691E-04
 5.86792E-04
 5.86940E-04
 5.86993E-04
 5.87094E-04
 5.87339E-04
 5.87440E-04
 5.87684E-04
 5.87785E-04
 5.87934E-04
 5.88035E-04
 5.88328E-04
 5.88476E-04
 5.88577E-04
 5.88678E-04
 5.88683E-04
 5.88976E-04
 5.89124E-04
 5.89273E-04
 5.89422E-04
 5.89667E-04
 5.89864E-04
 5.89964E-04
 5.90113E-04
 5.90262E-04
 5.90507E-04
 5.90560E-04
 5.90708E-04
 5.90857E-04
 5.91006E-04
 5.91059E-04
 5.91159E-04
 5.91164E-04
 5.91313E-04
 5.91462E-04
 5.91610E-04
 5.91807E-04
 5.91860E-04
 5.92009E-04
 5.92254E-04
 5.92306E-04
 5.92359E-04
 5.92652E-04
 5.92849E-04
 5.93045E-04
 5.93050E-04
 5.93055E-04
 5.93108E-04
 5.93400E-04
 5.93501E-04
 5.93746E-04
 5.94135E-04
 5.94139E-04
 5.94288E-04
 5.94437E-04
 5.94586E-04
 5.94686E-04
 5.94739E-04
 5.94840E-04
 5.95037E-04
 5.95233E-04
 5.95334E-04
 5.95435E-04
 5.95632E-04
 5.95780E-04
 5.95977E-04
 5.96078E-04
 5.96179E-04
 5.96279E-04
 5.96428E-04
 5.96769E-04
 5.96822E-04
 5.97018E-04
 5.97311E-04
 5.97412E-04
 5.97417E-04
 5.97517E-04
 5.97570E-04
 5.97671E-04
 5.97772E-04
 5.97824E-04
 5.97973E-04
 5.98122E-04
 5.98270E-04
 5.98275E-04
 5.98424E-04
 5.98428E-04
 5.98577E-04
 5.98726E-04
 5.98923E-04
 5.99023E-04
 5.99220E-04
 5.99321E-04
 5.99566E-04
 5.99714E-04
 5.99911E-04
 6.00012E-04
 6.00112E-04
 6.00309E-04
 6.00362E-04
 6.00463E-04
 6.00563E-04
 6.00616E-04
 6.00813E-04
 6.00913E-04
 6.01206E-04
 6.01403E-04
 6.01696E-04
 6.01988E-04
 6.02089E-04
 6.02094E-04
 6.02387E-04
 6.02583E-04
 6.02780E-04
 6.02833E-04
 6.02981E-04
 6.03034E-04
 6.03087E-04
 6.03139E-04
 6.03240E-04
 6.03341E-04
 6.03441E-04
 6.03542E-04
 6.03835E-04
 6.04032E-04
 6.04324E-04
 6.04377E-04
 6.04670E-04
 6.04818E-04
 6.04919E-04
 6.05068E-04
 6.05168E-04
 6.05317E-04
 6.05514E-04
 6.05614E-04
 6.05763E-04
 6.05912E-04
 6.06013E-04
 6.06113E-04
 6.06358E-04
 6.06459E-04
 6.06559E-04
 6.06564E-04
 6.06616E-04
 6.06765E-04
 6.06914E-04
 6.07207E-04
 6.07307E-04
 6.07360E-04
 6.07557E-04
 6.07705E-04
 6.07758E-04
 6.07858E-04
 6.08007E-04
 6.08060E-04
 6.08256E-04
 6.08501E-04
 6.08746E-04
 6.08750E-04
 6.08803E-04
 6.09000E-04
 6.09100E-04
 6.09105E-04
 6.09110E-04
 6.09258E-04
 6.09407E-04
 6.09652E-04
 6.09848E-04
 6.10189E-04
 6.10290E-04
 6.10438E-04
 6.10635E-04
 6.10688E-04
 6.10692E-04
 6.10937E-04
 6.11134E-04
 6.11282E-04
 6.11335E-04
 6.11580E-04
 6.11632E-04
 6.11781E-04
 6.11881E-04
 6.11934E-04
 6.12131E-04
 6.12327E-04
 6.12380E-04
 6.12673E-04
 6.12821E-04
 6.12970E-04
 6.13071E-04
 6.13219E-04
 6.13368E-04
 6.13612E-04
 6.13761E-04
 6.13862E-04
 6.13914E-04
 6.14063E-04
 6.14116E-04
 6.14216E-04
 6.14269E-04
 6.14369E-04
 6.14518E-04
 6.14811E-04
 6.14911E-04
 6.15060E-04
 6.15208E-04
 6.15405E-04
 6.15506E-04
 6.15702E-04
 6.15803E-04
 6.15952E-04
 6.16148E-04
 6.16249E-04
 6.16397E-04
 6.16642E-04
 6.16695E-04
 6.16795E-04
 6.16896E-04
 6.17044E-04
 6.17241E-04
 6.17342E-04
 6.17634E-04
 6.17783E-04
 6.17884E-04
 6.17984E-04
 6.18229E-04
 6.18377E-04
 6.18526E-04
 6.18579E-04
 6.18775E-04
 6.18972E-04
 6.19024E-04
 6.19173E-04
 6.19370E-04
 6.19374E-04
 6.19523E-04
 6.19671E-04
 6.19820E-04
 6.19968E-04
 6.19973E-04
 6.20074E-04
 6.20222E-04
 6.20419E-04
 6.20519E-04
 6.20764E-04
 6.20864E-04
 6.21013E-04
 6.21018E-04
 6.21214E-04
 6.21555E-04
 6.21607E-04
 6.21708E-04
 6.21953E-04
 6.22053E-04
 6.22106E-04
 6.22254E-04
 6.22499E-04
 6.22551E-04
 6.22748E-04
 6.22849E-04
 6.22997E-04
 6.23050E-04
 6.23198E-04
 6.23347E-04
 6.23447E-04
 6.23596E-04
 6.23600E-04
 6.23701E-04
 6.23850E-04
 6.23854E-04
 6.23907E-04
 6.23959E-04
 6.24156E-04
 6.24256E-04
 6.24405E-04
 6.24649E-04
 6.24702E-04
 6.24898E-04
 6.25143E-04
 6.25388E-04
 6.25632E-04
 6.25829E-04
 6.25929E-04
 6.26174E-04
 6.26274E-04
 6.26423E-04
 6.26572E-04
 6.26768E-04
 6.26869E-04
 6.27017E-04
 6.27214E-04
 6.27314E-04
 6.27415E-04
 6.27611E-04
 6.27760E-04
 6.27957E-04
 6.28153E-04
 6.28350E-04
 6.28402E-04
 6.28503E-04
 6.28603E-04
 6.28704E-04
 6.28948E-04
 6.29001E-04
 6.29149E-04
 6.29250E-04
 6.29350E-04
 6.29451E-04
 6.29599E-04
 6.29700E-04
 6.29800E-04
 6.29901E-04
 6.30097E-04
 6.30438E-04
 6.30539E-04
 6.30591E-04
 6.30884E-04
 6.30984E-04
 6.31133E-04
 6.31281E-04
 6.31334E-04
 6.31674E-04
 6.31727E-04
 6.31827E-04
 6.31880E-04
 6.32028E-04
 6.32081E-04
 6.32229E-04
 6.32378E-04
 6.32382E-04
 6.32435E-04
 6.32487E-04
 6.32732E-04
 6.32832E-04
 6.32837E-04
 6.33033E-04
 6.33134E-04
 6.33378E-04
 6.33623E-04
 6.33963E-04
 6.34160E-04
 6.34260E-04
 6.34361E-04
 6.34509E-04
 6.34610E-04
 6.34662E-04
 6.34907E-04
 6.35103E-04
 6.35108E-04
 6.35304E-04
 6.35453E-04
 6.35649E-04
 6.35846E-04
 6.35946E-04
 6.36047E-04
 6.36099E-04
 6.36344E-04
 6.36396E-04
 6.36449E-04
 6.36501E-04
 6.36649E-04
 6.36702E-04
 6.36898E-04
 6.36951E-04
 6.37051E-04
 6.37200E-04
 6.37444E-04
 6.37545E-04
 6.37789E-04
 6.38082E-04
 6.38182E-04
 6.38331E-04
 6.38479E-04
 6.38580E-04
 6.38728E-04
 6.38781E-04
 6.38977E-04
 6.39174E-04
 6.39322E-04
 6.39326E-04
 6.39427E-04
 6.39623E-04
 6.39820E-04
 6.40016E-04
 6.40165E-04
 6.40313E-04
 6.40462E-04
 6.40562E-04
 6.40615E-04
 6.40667E-04
 6.40960E-04
 6.41060E-04
 6.41257E-04
 6.41309E-04
 6.41361E-04
 6.41510E-04
 6.41610E-04
 6.41903E-04
 6.41955E-04
 6.42152E-04
 6.42300E-04
 6.42497E-04
 6.42597E-04
 6.42794E-04
 6.42990E-04
 6.43234E-04
 6.43383E-04
 6.43531E-04
 6.43632E-04
 6.43780E-04
 6.43881E-04
 6.44077E-04
 6.44226E-04
 6.44278E-04
 6.44330E-04
 6.44479E-04
 6.44675E-04
 6.44776E-04
 6.44876E-04
 6.44977E-04
 6.45077E-04
 6.45417E-04
 6.45566E-04
 6.45714E-04
 6.45815E-04
 6.45867E-04
 6.45968E-04
 6.46068E-04
 6.46168E-04
 6.46221E-04
 6.46369E-04
 6.46614E-04
 6.46858E-04
 6.47007E-04
 6.47299E-04
 6.47351E-04
 6.47356E-04
 6.47456E-04
 6.47509E-04
 6.47657E-04
 6.47853E-04
 6.47906E-04
 6.48006E-04
 6.48155E-04
 6.48255E-04
 6.48355E-04
 6.48456E-04
 6.48556E-04
 6.48705E-04
 6.48853E-04
 6.48953E-04
 6.48958E-04
 6.49202E-04
 6.49303E-04
 6.49499E-04
 6.49647E-04
 6.49700E-04
 6.49896E-04
 6.50189E-04
 6.50481E-04
 6.50582E-04
 6.50586E-04
 6.50638E-04
 6.50931E-04
 6.51223E-04
 6.51276E-04
 6.51472E-04
 6.51620E-04
 6.51769E-04
 6.51965E-04
 6.52114E-04
 6.52214E-04
 6.52506E-04
 6.52655E-04
 6.52755E-04
 6.52808E-04
 6.53004E-04
 6.53152E-04
 6.53205E-04
 6.53257E-04
 6.53357E-04
 6.53506E-04
 6.53606E-04
 6.53658E-04
 6.53759E-04
 6.54003E-04
 6.54344E-04
 6.54444E-04
 6.54640E-04
 6.54693E-04
 6.54793E-04
 6.54942E-04
 6.55138E-04
 6.55142E-04
 6.55243E-04
 6.55583E-04
 6.55731E-04
 6.55928E-04
 6.56124E-04
 6.56177E-04
 6.56421E-04
 6.56521E-04
 6.56526E-04
 6.56674E-04
 6.56726E-04
 6.56875E-04
 6.56975E-04
 6.57171E-04
 6.57224E-04
 6.57420E-04
 6.57521E-04
 6.57669E-04
 6.57673E-04
 6.57822E-04
 6.57874E-04
 6.57926E-04
 6.58075E-04
 6.58271E-04
 6.58419E-04
 6.58616E-04
 6.58668E-04
 6.58720E-04
 6.58917E-04
 6.59113E-04
 6.59213E-04
 6.59554E-04
 6.59894E-04
 6.60043E-04
 6.60143E-04
 6.60195E-04
 6.60392E-04
 6.60636E-04
 6.60832E-04
 6.60981E-04
 6.61129E-04
 6.61133E-04
 6.61330E-04
 6.61334E-04
 6.61434E-04
 6.61439E-04
 6.61587E-04
 6.61927E-04
 6.62076E-04
 6.62176E-04
 6.62180E-04
 6.62185E-04
 6.62285E-04
 6.62337E-04
 6.62389E-04
 6.62394E-04
 6.62590E-04
 6.62786E-04
 6.62983E-04
 6.63179E-04
 6.63375E-04
 6.63668E-04
 6.63672E-04
 6.63772E-04
 6.63921E-04
 6.64021E-04
 6.64217E-04
 6.64414E-04
 6.64610E-04
 6.64806E-04
 6.65099E-04
 6.65247E-04
 6.65251E-04
 6.65496E-04
 6.65644E-04
 6.65696E-04
 6.65749E-04
 6.65753E-04
 6.65853E-04
 6.66002E-04
 6.66054E-04
 6.66250E-04
 6.66302E-04
 6.66451E-04
 6.66743E-04
 6.66987E-04
 6.67136E-04
 6.67380E-04
 6.67528E-04
 6.67533E-04
 6.67681E-04
 6.67973E-04
 6.68218E-04
 6.68366E-04
 6.68466E-04
 6.68567E-04
 6.68667E-04
 6.68863E-04
 6.68963E-04
 6.69160E-04
 6.69308E-04
 6.69312E-04
 6.69509E-04
 6.69609E-04
 6.69709E-04
 6.69809E-04
 6.69910E-04
 6.70010E-04
 6.70110E-04
 6.70307E-04
 6.70455E-04
 6.70747E-04
 6.70799E-04
 6.70948E-04
 6.71048E-04
 6.71148E-04
 6.71345E-04
 6.71445E-04
 6.71593E-04
 6.71693E-04
 6.71842E-04
 6.71894E-04
 6.72042E-04
 6.72191E-04
 6.72291E-04
 6.72583E-04
 6.72683E-04
 6.72832E-04
 6.72932E-04
 6.72984E-04
 6.73084E-04
 6.73233E-04
 6.73237E-04
 6.73433E-04
 6.73629E-04
 6.73634E-04
 6.73830E-04
 6.73882E-04
 6.74127E-04
 6.74275E-04
 6.74375E-04
 6.74475E-04
 6.74528E-04
 6.74628E-04
 6.74824E-04
 6.74876E-04
 6.75025E-04
 6.75173E-04
 6.75273E-04
 6.75421E-04
 6.75618E-04
 6.75814E-04
 6.75914E-04
 6.76062E-04
 6.76163E-04
 6.76407E-04
 6.76603E-04
 6.76896E-04
 6.77044E-04
 6.77048E-04
 6.77340E-04
 6.77441E-04
 6.77685E-04
 6.77881E-04
 6.77981E-04
 6.78226E-04
 6.78278E-04
 6.78282E-04
 6.78382E-04
 6.78627E-04
 6.78775E-04
 6.78875E-04
 6.78879E-04
 6.78979E-04
 6.79128E-04
 6.79276E-04
 6.79280E-04
 6.79620E-04
 6.79625E-04
 6.79773E-04
 6.80017E-04
 6.80117E-04
 6.80266E-04
 6.80414E-04
 6.80562E-04
 6.80710E-04
 6.80762E-04
 6.81007E-04
 6.81251E-04
 6.81351E-04
 6.81451E-04
 6.81504E-04
 6.81604E-04
 6.81848E-04
 6.81948E-04
 6.82097E-04
 6.82197E-04
 6.82345E-04
 6.82493E-04
 6.82545E-04
 6.82646E-04
 6.82938E-04
 6.82942E-04
 6.82994E-04
 6.82998E-04
 6.83099E-04
 6.83247E-04
 6.83491E-04
 6.83735E-04
 6.83884E-04
 6.83888E-04
 6.84180E-04
 6.84472E-04
 6.84524E-04
 6.84673E-04
 6.84917E-04
 6.85065E-04
 6.85069E-04
 6.85218E-04
 6.85414E-04
 6.85418E-04
 6.85614E-04
 6.85858E-04
 6.85911E-04
 6.85963E-04
 6.86063E-04
 6.86115E-04
 6.86167E-04
 6.86508E-04
 6.86656E-04
 6.86756E-04
 6.86904E-04
 6.87004E-04
 6.87056E-04
 6.87205E-04
 6.87305E-04
 6.87501E-04
 6.87553E-04
 6.87845E-04
 6.87946E-04
 6.88142E-04
 6.88290E-04
 6.88390E-04
 6.88490E-04
 6.88735E-04
 6.88835E-04
 6.88935E-04
 6.88987E-04
 6.89087E-04
 6.89235E-04
 6.89384E-04
 6.89388E-04
 6.89488E-04
 6.89588E-04
 6.89640E-04
 6.89740E-04
 6.89841E-04
 6.90229E-04
 6.90329E-04
 6.90429E-04
 6.90481E-04
 6.90822E-04
 6.90970E-04
 6.91118E-04
 6.91170E-04
 6.91222E-04
 6.91322E-04
 6.91423E-04
 6.91619E-04
 6.91959E-04
 6.92107E-04
 6.92303E-04
 6.92548E-04
 6.92600E-04
 6.92652E-04
 6.92848E-04
 6.93044E-04
 6.93144E-04
 6.93389E-04
 6.93537E-04
 6.93829E-04
 6.93929E-04
 6.93933E-04
 6.94081E-04
 6.94182E-04
 6.94426E-04
 6.94478E-04
 6.94722E-04
 6.94822E-04
 6.94922E-04
 6.95023E-04
 6.95075E-04
 6.95175E-04
 6.95275E-04
 6.95375E-04
 6.95523E-04
 6.95767E-04
 6.95916E-04
 6.96016E-04
 6.96212E-04
 6.96264E-04
 6.96316E-04
 6.96464E-04
 6.96564E-04
 6.96761E-04
 6.96909E-04
 6.97201E-04
 6.97205E-04
 6.97257E-04
 6.97405E-04
 6.97505E-04
 6.97558E-04
 6.97802E-04
 6.98046E-04
 6.98146E-04
 6.98342E-04
 6.98538E-04
 6.98542E-04
 6.98595E-04
 6.98647E-04
 6.98699E-04
 6.98799E-04
 6.98947E-04
 6.99095E-04
 6.99243E-04
 6.99295E-04
 6.99396E-04
 6.99496E-04
 6.99596E-04
 6.99744E-04
 6.99988E-04
 7.00328E-04
 7.00524E-04
 7.00529E-04
 7.00821E-04
 7.00873E-04
 7.00973E-04
 7.01073E-04
 7.01221E-04
 7.01417E-04
 7.01469E-04
 7.01618E-04
 7.01622E-04
 7.01674E-04
 7.01774E-04
 7.01826E-04
 7.02022E-04
 7.02218E-04
 7.02366E-04
 7.02658E-04
 7.02711E-04
 7.02859E-04
 7.02959E-04
 7.03155E-04
 7.03303E-04
 7.03595E-04
 7.03695E-04
 7.03843E-04
 7.03992E-04
 7.04236E-04
 7.04288E-04
 7.04388E-04
 7.04488E-04
 7.04540E-04
 7.04736E-04
 7.05028E-04
 7.05128E-04
 7.05373E-04
 7.05521E-04
 7.05621E-04
 7.05625E-04
 7.05677E-04
 7.05777E-04
 7.05829E-04
 7.06025E-04
 7.06221E-04
 7.06321E-04
 7.06469E-04
 7.06521E-04
 7.06718E-04
 7.06818E-04
 7.06966E-04
 7.07066E-04
 7.07358E-04
 7.07458E-04
 7.07654E-04
 7.07658E-04
 7.07662E-04
 7.07858E-04
 7.07958E-04
 7.08155E-04
 7.08303E-04
 7.08355E-04
 7.08407E-04
 7.08459E-04
 7.08703E-04
 7.08803E-04
 7.08855E-04
 7.09051E-04
 7.09295E-04
 7.09443E-04
 7.09591E-04
 7.09788E-04
 7.10176E-04
 7.10324E-04
 7.10424E-04
 7.10524E-04
 7.10624E-04
 7.10772E-04
 7.10872E-04
 7.11068E-04
 7.11072E-04
 7.11124E-04
 7.11224E-04
 7.11324E-04
 7.11521E-04
 7.11621E-04
 7.11769E-04
 7.11773E-04
 7.11873E-04
 7.12021E-04
 7.12073E-04
 7.12365E-04
 7.12561E-04
 7.12709E-04
 7.12953E-04
 7.13053E-04
 7.13105E-04
 7.13157E-04
 7.13209E-04
 7.13454E-04
 7.13698E-04
 7.13702E-04
 7.13898E-04
 7.13998E-04
 7.14002E-04
 7.14054E-04
 7.14154E-04
 7.14398E-04
 7.14546E-04
 7.14646E-04
 7.14794E-04
 7.14894E-04
 7.14946E-04
 7.14998E-04
 7.15146E-04
 7.15294E-04
 7.15394E-04
 7.15590E-04
 7.15835E-04
 7.15887E-04
 7.15890E-04
 7.15942E-04
 7.16043E-04
 7.16287E-04
 7.16435E-04
 7.16583E-04
 7.16635E-04
 7.16975E-04
 7.17075E-04
 7.17175E-04
 7.17275E-04
 7.17423E-04
 7.17667E-04
 7.17719E-04
 7.17867E-04
 7.18015E-04
 7.18211E-04
 7.18359E-04
 7.18459E-04
 7.18559E-04
 7.18803E-04
 7.18855E-04
 7.18955E-04
 7.19151E-04
 7.19300E-04
 7.19592E-04
 7.19644E-04
 7.19840E-04
 7.19988E-04
 7.20136E-04
 7.20236E-04
 7.20384E-04
 7.20628E-04
 7.20824E-04
 7.20924E-04
 7.21024E-04
 7.21076E-04
 7.21080E-04
 7.21228E-04
 7.21376E-04
 7.21476E-04
 7.21576E-04
 7.21772E-04
 7.21824E-04
 7.22068E-04
 7.22168E-04
 7.22316E-04
 7.22320E-04
 7.22420E-04
 7.22568E-04
 7.22668E-04
 7.22720E-04
 7.22964E-04
 7.23064E-04
 7.23116E-04
 7.23264E-04
 7.23364E-04
 7.23512E-04
 7.23564E-04
 7.23616E-04
 7.23764E-04
 7.23960E-04
 7.24156E-04
 7.24160E-04
 7.24308E-04
 7.24552E-04
 7.24748E-04
 7.24800E-04
 7.24900E-04
 7.25096E-04
 7.25148E-04
 7.25296E-04
 7.25396E-04
 7.25400E-04
 7.25548E-04
 7.25648E-04
 7.25748E-04
 7.25992E-04
 7.26092E-04
 7.26192E-04
 7.26340E-04
 7.26488E-04
 7.26636E-04
 7.26736E-04
 7.26836E-04
 7.27032E-04
 7.27084E-04
 7.27376E-04
 7.27572E-04
 7.27768E-04
 7.27772E-04
 7.27872E-04
 7.28068E-04
 7.28072E-04
 7.28220E-04
 7.28272E-04
 7.28276E-04
 7.28328E-04
 7.28524E-04
 7.28672E-04
 7.28820E-04
 7.28968E-04
 7.29068E-04
 7.29312E-04
 7.29364E-04
 7.29512E-04
 7.29516E-04
 7.29808E-04
 7.30052E-04
 7.30200E-04
 7.30300E-04
 7.30400E-04
 7.30548E-04
 7.30744E-04
 7.30988E-04
 7.30992E-04
 7.31140E-04
 7.31288E-04
 7.31387E-04
 7.31535E-04
 7.31587E-04
 7.31639E-04
 7.31739E-04
 7.31839E-04
 7.31987E-04
 7.32279E-04
 7.32379E-04
 7.32383E-04
 7.32531E-04
 7.32679E-04
 7.32683E-04
 7.32735E-04
 7.32931E-04
 7.33079E-04
 7.33131E-04
 7.33279E-04
 7.33331E-04
 7.33527E-04
 7.33531E-04
 7.33727E-04
 7.33826E-04
 7.33974E-04
 7.34026E-04
 7.34126E-04
 7.34322E-04
 7.34470E-04
 7.34570E-04
 7.34766E-04
 7.35010E-04
 7.35206E-04
 7.35354E-04
 7.35550E-04
 7.35746E-04
 7.35942E-04
 7.35994E-04
 7.36142E-04
 7.36242E-04
 7.36342E-04
 7.36346E-04
 7.36542E-04
 7.36738E-04
 7.36934E-04
 7.37082E-04
 7.37230E-04
 7.37377E-04
 7.37381E-04
 7.37481E-04
 7.37581E-04
 7.37585E-04
 7.37637E-04
 7.37641E-04
 7.37693E-04
 7.37937E-04
 7.38085E-04
 7.38137E-04
 7.38285E-04
 7.38336E-04
 7.38436E-04
 7.38488E-04
 7.38636E-04
 7.38640E-04
 7.38788E-04
 7.38936E-04
 7.39180E-04
 7.39376E-04
 7.39476E-04
 7.39528E-04
 7.39580E-04
 7.39728E-04
 7.39827E-04
 7.39975E-04
 7.40123E-04
 7.40223E-04
 7.40323E-04
 7.40519E-04
 7.40571E-04
 7.40623E-04
 7.40771E-04
 7.40919E-04
 7.40923E-04
 7.41070E-04
 7.41170E-04
 7.41222E-04
 7.41322E-04
 7.41374E-04
 7.41378E-04
 7.41526E-04
 7.41626E-04
 7.41678E-04
 7.41729E-04
 7.42069E-04
 7.42361E-04
 7.42798E-04
 7.42897E-04
 7.42997E-04
 7.43241E-04
 7.43485E-04
 7.43633E-04
 7.43685E-04
 7.43737E-04
 7.43933E-04
 7.44177E-04
 7.44229E-04
 7.44329E-04
 7.44332E-04
 7.44384E-04
 7.44532E-04
 7.44584E-04
 7.44588E-04
 7.44736E-04
 7.44932E-04
 7.44984E-04
 7.45084E-04
 7.45087E-04
 7.45523E-04
 7.45719E-04
 7.45819E-04
 7.45871E-04
 7.45971E-04
 7.46023E-04
 7.46219E-04
 7.46319E-04
 7.46419E-04
 7.46518E-04
 7.46714E-04
 7.46910E-04
 7.46914E-04
 7.46918E-04
 7.47018E-04
 7.47214E-04
 7.47314E-04
 7.47461E-04
 7.47465E-04
 7.47661E-04
 7.47761E-04
 7.47765E-04
 7.47817E-04
 7.48061E-04
 7.48065E-04
 7.48116E-04
 7.48216E-04
 7.48316E-04
 7.48416E-04
 7.48516E-04
 7.48664E-04
 7.48764E-04
 7.48815E-04
 7.48915E-04
 7.49063E-04
 7.49115E-04
 7.49167E-04
 7.49363E-04
 7.49559E-04
 7.49611E-04
 7.49758E-04
 7.49810E-04
 7.50006E-04
 7.50106E-04
 7.50206E-04
 7.50306E-04
 7.50406E-04
 7.50650E-04
 7.50797E-04
 7.50849E-04
 7.50997E-04
 7.51097E-04
 7.51293E-04
 7.51489E-04
 7.51589E-04
 7.51737E-04
 7.51932E-04
 7.52032E-04
 7.52084E-04
 7.52136E-04
 7.52236E-04
 7.52288E-04
 7.52387E-04
 7.52535E-04
 7.52635E-04
 7.52687E-04
 7.52739E-04
 7.52887E-04
 7.53083E-04
 7.53182E-04
 7.53330E-04
 7.53478E-04
 7.53530E-04
 7.53582E-04
 7.53730E-04
 7.53829E-04
 7.53881E-04
 7.53981E-04
 7.54033E-04
 7.54085E-04
 7.54137E-04
 7.54236E-04
 7.54336E-04
 7.54436E-04
 7.54680E-04
 7.54876E-04
 7.54928E-04
 7.55124E-04
 7.55175E-04
 7.55275E-04
 7.55471E-04
 7.55571E-04
 7.55719E-04
 7.55771E-04
 7.55870E-04
 7.56018E-04
 7.56070E-04
 7.56122E-04
 7.56366E-04
 7.56370E-04
 7.56469E-04
 7.56617E-04
 7.56717E-04
 7.56769E-04
 7.56821E-04
 7.56872E-04
 7.56972E-04
 7.57120E-04
 7.57268E-04
 7.57416E-04
 7.57420E-04
 7.57519E-04
 7.57859E-04
 7.58007E-04
 7.58107E-04
 7.58111E-04
 7.58211E-04
 7.58358E-04
 7.58458E-04
 7.58462E-04
 7.58562E-04
 7.58614E-04
 7.58809E-04
 7.59005E-04
 7.59057E-04
 7.59061E-04
 7.59113E-04
 7.59212E-04
 7.59264E-04
 7.59460E-04
 7.59704E-04
 7.59756E-04
 7.60000E-04
 7.60147E-04
 7.60247E-04
 7.60443E-04
 7.60543E-04
 7.60595E-04
 7.60743E-04
 7.60890E-04
 7.60942E-04
 7.60994E-04
 7.61094E-04
 7.61145E-04
 7.61149E-04
 7.61249E-04
 7.61445E-04
 7.61497E-04
 7.61644E-04
 7.61840E-04
 7.61988E-04
 7.62088E-04
 7.62140E-04
 7.62191E-04
 7.62195E-04
 7.62295E-04
 7.62299E-04
 7.62399E-04
 7.62498E-04
 7.62694E-04
 7.62794E-04
 7.62990E-04
 7.63138E-04
 7.63237E-04
 7.63289E-04
 7.63293E-04
 7.63393E-04
 7.63541E-04
 7.63640E-04
 7.63692E-04
 7.63744E-04
 7.63988E-04
 7.64039E-04
 7.64091E-04
 7.64191E-04
 7.64339E-04
 7.64439E-04
 7.64490E-04
 7.64638E-04
 7.64690E-04
 7.64742E-04
 7.64793E-04
 7.64893E-04
 7.64945E-04
 7.64997E-04
 7.65241E-04
 7.65292E-04
 7.65344E-04
 7.65540E-04
 7.65736E-04
 7.65835E-04
 7.65935E-04
 7.66083E-04
 7.66183E-04
 7.66235E-04
 7.66430E-04
 7.66530E-04
 7.66822E-04
 7.66922E-04
 7.67070E-04
 7.67169E-04
 7.67269E-04
 7.67273E-04
 7.67469E-04
 7.67472E-04
 7.67572E-04
 7.67672E-04
 7.67772E-04
 7.67775E-04
 7.67827E-04
 7.67927E-04
 7.68075E-04
 7.68174E-04
 7.68226E-04
 7.68374E-04
 7.68474E-04
 7.68621E-04
 7.68721E-04
 7.68869E-04
 7.68921E-04
 7.69069E-04
 7.69168E-04
 7.69220E-04
 7.69368E-04
 7.69516E-04
 7.69615E-04
 7.69619E-04
 7.69671E-04
 7.69819E-04
 7.69822E-04
 7.69922E-04
 7.70070E-04
 7.70170E-04
 7.70317E-04
 7.70513E-04
 7.70757E-04
 7.70809E-04
 7.70860E-04
 7.70864E-04
 7.70916E-04
 7.70919E-04
 7.70971E-04
 7.71071E-04
 7.71123E-04
 7.71174E-04
 7.71226E-04
 7.71326E-04
 7.71378E-04
 7.71525E-04
 7.71577E-04
 7.71917E-04
 7.72065E-04
 7.72212E-04
 7.72264E-04
 7.72412E-04
 7.72560E-04
 7.72611E-04
 7.72759E-04
 7.72859E-04
 7.73007E-04
 7.73010E-04
 7.73062E-04
 7.73162E-04
 7.73213E-04
 7.73361E-04
 7.73557E-04
 7.73657E-04
 7.73901E-04
 7.73904E-04
 7.73956E-04
 7.74248E-04
 7.74347E-04
 7.74447E-04
 7.74499E-04
 7.74647E-04
 7.74698E-04
 7.74846E-04
 7.74946E-04
 7.75094E-04
 7.75193E-04
 7.75245E-04
 7.75297E-04
 7.75348E-04
 7.75544E-04
 7.75596E-04
 7.75696E-04
 7.75699E-04
 7.75703E-04
 7.75755E-04
 7.75806E-04
 7.75810E-04
 7.75958E-04
 7.75961E-04
 7.76157E-04
 7.76305E-04
 7.76549E-04
 7.76696E-04
 7.76748E-04
 7.76752E-04
 7.76804E-04
 7.76855E-04
 7.77003E-04
 7.77103E-04
 7.77298E-04
 7.77446E-04
 7.77642E-04
 7.77790E-04
 7.77889E-04
 7.77893E-04
 7.77993E-04
 7.78092E-04
 7.78144E-04
 7.78244E-04
 7.78344E-04
 7.78539E-04
 7.78591E-04
 7.78691E-04
 7.78742E-04
 7.78746E-04
 7.78846E-04
 7.79041E-04
 7.79141E-04
 7.79241E-04
 7.79341E-04
 7.79488E-04
 7.79732E-04
 7.79832E-04
 7.80027E-04
 7.80079E-04
 7.80083E-04
 7.80231E-04
 7.80330E-04
 7.80334E-04
 7.80386E-04
 7.80581E-04
 7.80729E-04
 7.80781E-04
 7.80784E-04
 7.80980E-04
 7.81032E-04
 7.81179E-04
 7.81279E-04
 7.81427E-04
 7.81527E-04
 7.81674E-04
 7.81678E-04
 7.81730E-04
 7.81829E-04
 7.81929E-04
 7.82029E-04
 7.82176E-04
 7.82228E-04
 7.82280E-04
 7.82331E-04
 7.82479E-04
 7.82531E-04
 7.82678E-04
 7.82826E-04
 7.82974E-04
 7.83073E-04
 7.83077E-04
 7.83177E-04
 7.83324E-04
 7.83568E-04
 7.83572E-04
 7.83672E-04
 7.83723E-04
 7.83727E-04
 7.83827E-04
 7.83878E-04
 7.83882E-04
 7.83933E-04
 7.83985E-04
 7.84085E-04
 7.84136E-04
 7.84140E-04
 7.84288E-04
 7.84483E-04
 7.84679E-04
 7.84779E-04
 7.84830E-04
 7.84882E-04
 7.84982E-04
 7.84985E-04
 7.85085E-04
 7.85185E-04
 7.85284E-04
 7.85288E-04
 7.85388E-04
 7.85439E-04
 7.85731E-04
 7.85927E-04
 7.86075E-04
 7.86126E-04
 7.86226E-04
 7.86277E-04
 7.86377E-04
 7.86477E-04
 7.86721E-04
 7.86820E-04
 7.86824E-04
 7.86875E-04
 7.86927E-04
 7.87123E-04
 7.87222E-04
 7.87466E-04
 7.87614E-04
 7.87762E-04
 7.87813E-04
 7.87817E-04
 7.87868E-04
 7.87872E-04
 7.87972E-04
 7.88071E-04
 7.88123E-04
 7.88319E-04
 7.88418E-04
 7.88518E-04
 7.88618E-04
 7.88765E-04
 7.89009E-04
 7.89109E-04
 7.89304E-04
 7.89452E-04
 7.89552E-04
 7.89699E-04
 7.89847E-04
 7.89899E-04
 7.89902E-04
 7.89954E-04
 7.89957E-04
 7.90057E-04
 7.90109E-04
 7.90256E-04
 7.90308E-04
 7.90408E-04
 7.90507E-04
 7.90751E-04
 7.90803E-04
 7.90902E-04
 7.91050E-04
 7.91053E-04
 7.91153E-04
 7.91253E-04
 7.91256E-04
 7.91308E-04
 7.91312E-04
 7.91459E-04
 7.91559E-04
 7.91706E-04
 7.91758E-04
 7.91858E-04
 7.92005E-04
 7.92105E-04
 7.92205E-04
 7.92256E-04
 7.92356E-04
 7.92407E-04
 7.92411E-04
 7.92463E-04
 7.92658E-04
 7.92806E-04
 7.92954E-04
 7.93101E-04
 7.93297E-04
 7.93493E-04
 7.93496E-04
 7.93596E-04
 7.93695E-04
 7.93699E-04
 7.93751E-04
 7.93802E-04
 7.93854E-04
 7.94050E-04
 7.94149E-04
 7.94153E-04
 7.94348E-04
 7.94352E-04
 7.94356E-04
 7.94503E-04
 7.94603E-04
 7.94750E-04
 7.94898E-04
 7.95094E-04
 7.95193E-04
 7.95245E-04
 7.95297E-04
 7.95396E-04
 7.95592E-04
 7.95787E-04
 7.95839E-04
 7.95891E-04
 7.95990E-04
 7.96090E-04
 7.96141E-04
 7.96145E-04
 7.96149E-04
 7.96152E-04
 7.96300E-04
 7.96447E-04
 7.96643E-04
 7.96695E-04
 7.96794E-04
 7.96894E-04
 7.96945E-04
 7.97093E-04
 7.97145E-04
 7.97196E-04
 7.97392E-04
 7.97395E-04
 7.97495E-04
 7.97499E-04
 7.97550E-04
 7.97554E-04
 7.97605E-04
 7.97705E-04
 7.97853E-04
 7.97904E-04
 7.97956E-04
 7.98007E-04
 7.98059E-04
 7.98110E-04
 7.98210E-04
 7.98550E-04
 7.98601E-04
 7.98605E-04
 7.98704E-04
 7.98948E-04
 7.99144E-04
 7.99243E-04
 7.99247E-04
 7.99346E-04
 7.99494E-04
 7.99546E-04
 7.99597E-04
 7.99793E-04
 8.00037E-04
 8.00136E-04
 8.00188E-04
 8.00287E-04
 8.00291E-04
 8.00486E-04
 8.00634E-04
 8.00782E-04
 8.00833E-04
 8.01029E-04
 8.01032E-04
 8.01276E-04
 8.01328E-04
 8.01427E-04
 8.01431E-04
 8.01482E-04
 8.01582E-04
 8.01777E-04
 8.01925E-04
 8.02073E-04
 8.02268E-04
 8.02368E-04
 8.02371E-04
 8.02471E-04
 8.02523E-04
 8.02622E-04
 8.02722E-04
 8.02773E-04
 8.02873E-04
 8.02972E-04
 8.02976E-04
 8.03028E-04
 8.03127E-04
 8.03227E-04
 8.03278E-04
 8.03282E-04
 8.03477E-04
 8.03577E-04
 8.03676E-04
 8.03824E-04
 8.04020E-04
 8.04167E-04
 8.04267E-04
 8.04270E-04
 8.04274E-04
 8.04422E-04
 8.04521E-04
 8.04669E-04
 8.04672E-04
 8.04820E-04
 8.04871E-04
 8.04923E-04
 8.05118E-04
 8.05122E-04
 8.05222E-04
 8.05321E-04
 8.05469E-04
 8.05616E-04
 8.05716E-04
 8.05863E-04
 8.05915E-04
 8.05967E-04
 8.06018E-04
 8.06070E-04
 8.06169E-04
 8.06221E-04
 8.06272E-04
 8.06276E-04
 8.06375E-04
 8.06475E-04
 8.06526E-04
 8.06674E-04
 8.06822E-04
 8.06921E-04
 8.07021E-04
 8.07216E-04
 8.07268E-04
 8.07415E-04
 8.07515E-04
 8.07614E-04
 8.07618E-04
 8.07669E-04
 8.07721E-04
 8.07821E-04
 8.07920E-04
 8.07924E-04
 8.08119E-04
 8.08171E-04
 8.08270E-04
 8.08370E-04
 8.08421E-04
 8.08617E-04
 8.08716E-04
 8.08816E-04
 8.09012E-04
 8.09015E-04
 8.09163E-04
 8.09166E-04
 8.09314E-04
 8.09365E-04
 8.09513E-04
 8.09612E-04
 8.09664E-04
 8.09715E-04
 8.09767E-04
 8.09818E-04
 8.09870E-04
 8.10065E-04
 8.10165E-04
 8.10265E-04
 8.10412E-04
 8.10464E-04
 8.10515E-04
 8.10519E-04
 8.10714E-04
 8.10718E-04
 8.10769E-04
 8.10869E-04
 8.10968E-04
 8.11068E-04
 8.11215E-04
 8.11363E-04
 8.11462E-04
 8.11610E-04
 8.11661E-04
 8.11713E-04
 8.11764E-04
 8.11768E-04
 8.12012E-04
 8.12207E-04
 8.12211E-04
 8.12262E-04
 8.12362E-04
 8.12413E-04
 8.12561E-04
 8.12660E-04
 8.12808E-04
 8.12955E-04
 8.12959E-04
 8.13010E-04
 8.13062E-04
 8.13161E-04
 8.13261E-04
 8.13312E-04
 8.13316E-04
 8.13511E-04
 8.13563E-04
 8.13662E-04
 8.13858E-04
 8.13909E-04
 8.14057E-04
 8.14156E-04
 8.14400E-04
 8.14500E-04
 8.14599E-04
 8.14747E-04
 8.14798E-04
 8.14946E-04
 8.14997E-04
 8.15049E-04
 8.15100E-04
 8.15152E-04
 8.15299E-04
 8.15447E-04
 8.15450E-04
 8.15598E-04
 8.15601E-04
 8.15653E-04
 8.15704E-04
 8.15948E-04
 8.16047E-04
 8.16051E-04
 8.16054E-04
 8.16106E-04
 8.16205E-04
 8.16208E-04
 8.16308E-04
 8.16504E-04
 8.16651E-04
 8.16751E-04
 8.16994E-04
 8.16998E-04
 8.17049E-04
 8.17053E-04
 8.17200E-04
 8.17252E-04
 8.17447E-04
 8.17547E-04
 8.17646E-04
 8.17698E-04
 8.17749E-04
 8.17800E-04
 8.17900E-04
 8.17951E-04
 8.18099E-04
 8.18198E-04
 8.18250E-04
 8.18301E-04
 8.18353E-04
 8.18404E-04
 8.18456E-04
 8.18507E-04
 8.18559E-04
 8.18706E-04
 8.18806E-04
 8.19001E-04
 8.19149E-04
 8.19152E-04
 8.19156E-04
 8.19351E-04
 8.19355E-04
 8.19358E-04
 8.19554E-04
 8.19653E-04
 8.19705E-04
 8.19708E-04
 8.19711E-04
 8.19763E-04
 8.19862E-04
 8.19962E-04
 8.20157E-04
 8.20209E-04
 8.20308E-04
 8.20552E-04
 8.20747E-04
 8.20847E-04
 8.20898E-04
 8.21094E-04
 8.21193E-04
 8.21341E-04
 8.21344E-04
 8.21492E-04
 8.21591E-04
 8.21691E-04
 8.21934E-04
 8.22034E-04
 8.22133E-04
 8.22329E-04
 8.22476E-04
 8.22576E-04
 8.22627E-04
 8.22727E-04
 8.22778E-04
 8.22926E-04
 8.22929E-04
 8.23029E-04
 8.23032E-04
 8.23131E-04
 8.23183E-04
 8.23282E-04
 8.23286E-04
 8.23481E-04
 8.23629E-04
 8.23728E-04
 8.23876E-04
 8.23879E-04
 8.23979E-04
 8.24078E-04
 8.24130E-04
 8.24277E-04
 8.24328E-04
 8.24428E-04
 8.24575E-04
 8.24579E-04
 8.24726E-04
 8.24874E-04
 8.24925E-04
 8.25025E-04
 8.25220E-04
 8.25320E-04
 8.25371E-04
 8.25519E-04
 8.25570E-04
 8.25621E-04
 8.25721E-04
 8.25772E-04
 8.25872E-04
 8.25875E-04
 8.25879E-04
 8.25930E-04
 8.26029E-04
 8.26177E-04
 8.26228E-04
 8.26232E-04
 8.26283E-04
 8.26287E-04
 8.26338E-04
 8.26534E-04
 8.26633E-04
 8.26732E-04
 8.26832E-04
 8.26931E-04
 8.27079E-04
 8.27178E-04
 8.27182E-04
 8.27329E-04
 8.27525E-04
 8.27624E-04
 8.27675E-04
 8.27775E-04
 8.27874E-04
 8.28118E-04
 8.28169E-04
 8.28221E-04
 8.28272E-04
 8.28420E-04
 8.28471E-04
 8.28474E-04
 8.28478E-04
 8.28577E-04
 8.28725E-04
 8.28776E-04
 8.28876E-04
 8.28975E-04
 8.29122E-04
 8.29174E-04
 8.29321E-04
 8.29373E-04
 8.29376E-04
 8.29428E-04
 8.29431E-04
 8.29578E-04
 8.29822E-04
 8.30113E-04
 8.30213E-04
 8.30264E-04
 8.30268E-04
 8.30319E-04
 8.30419E-04
 8.30422E-04
 8.30425E-04
 8.30525E-04
 8.30576E-04
 8.30724E-04
 8.30775E-04
 8.30970E-04
 8.31022E-04
 8.31073E-04
 8.31173E-04
 8.31224E-04
 8.31276E-04
 8.31327E-04
 8.31330E-04
 8.31430E-04
 8.31481E-04
 8.31581E-04
 8.31680E-04
 8.31683E-04
 8.31783E-04
 8.31882E-04
 8.32078E-04
 8.32177E-04
 8.32277E-04
 8.32376E-04
 8.32379E-04
 8.32527E-04
 8.32578E-04
 8.32774E-04
 8.32825E-04
 8.32972E-04
 8.33024E-04
 8.33123E-04
 8.33223E-04
 8.33274E-04
 8.33373E-04
 8.33473E-04
 8.33524E-04
 8.33624E-04
 8.33819E-04
 8.33919E-04
 8.34018E-04
 8.34069E-04
 8.34169E-04
 8.34412E-04
 8.34512E-04
 8.34563E-04
 8.34710E-04
 8.34858E-04
 8.34909E-04
 8.34961E-04
 8.35156E-04
 8.35159E-04
 8.35259E-04
 8.35310E-04
 8.35410E-04
 8.35461E-04
 8.35560E-04
 8.35660E-04
 8.35663E-04
 8.35811E-04
 8.35862E-04
 8.35913E-04
 8.36157E-04
 8.36208E-04
 8.36260E-04
 8.36359E-04
 8.36506E-04
 8.36558E-04
 8.36801E-04
 8.36805E-04
 8.36808E-04
 8.36955E-04
 8.37055E-04
 8.37154E-04
 8.37158E-04
 8.37209E-04
 8.37308E-04
 8.37312E-04
 8.37315E-04
 8.37511E-04
 8.37610E-04
 8.37709E-04
 8.37857E-04
 8.37908E-04
 8.38056E-04
 8.38107E-04
 8.38206E-04
 8.38258E-04
 8.38357E-04
 8.38456E-04
 8.38508E-04
 8.38655E-04
 8.38659E-04
 8.38662E-04
 8.38713E-04
 8.38813E-04
 8.38912E-04
 8.38963E-04
 8.39255E-04
 8.39354E-04
 8.39406E-04
 8.39457E-04
 8.39508E-04
 8.39512E-04
 8.39611E-04
 8.39662E-04
 8.39762E-04
 8.39909E-04
 8.40009E-04
 8.40012E-04
 8.40111E-04
 8.40115E-04
 8.40166E-04
 8.40217E-04
 8.40317E-04
 8.40416E-04
 8.40467E-04
 8.40567E-04
 8.40714E-04
 8.40814E-04
 8.40865E-04
 8.40964E-04
 8.41112E-04
 8.41115E-04
 8.41262E-04
 8.41362E-04
 8.41461E-04
 8.41609E-04
 8.41756E-04
 8.41807E-04
 8.41955E-04
 8.42102E-04
 8.42202E-04
 8.42397E-04
 8.42448E-04
 8.42548E-04
 8.42647E-04
 8.42650E-04
 8.42702E-04
 8.42897E-04
 8.42948E-04
 8.43000E-04
 8.43195E-04
 8.43247E-04
 8.43346E-04
 8.43493E-04
 8.43641E-04
 8.43692E-04
 8.43743E-04
 8.43939E-04
 8.44038E-04
 8.44138E-04
 8.44189E-04
 8.44336E-04
 8.44340E-04
 8.44439E-04
