 2.00937E+06
 0.00000E+00
 1.00000E+00
 2.00925E+06
 3.13261E-02
 9.68674E-01
 2.00957E+06
 6.15879E-02
 9.38412E-01
 2.00956E+06
 9.03626E-02
 9.09637E-01
 2.00956E+06
 1.17756E-01
 8.82244E-01
 2.00956E+06
 1.43865E-01
 8.56135E-01
 2.00956E+06
 1.68774E-01
 8.31226E-01
 2.00955E+06
 1.92564E-01
 8.07436E-01
 2.00955E+06
 2.15307E-01
 7.84693E-01
 2.00955E+06
 2.37068E-01
 7.62932E-01
 2.00957E+06
 2.57909E-01
 7.42091E-01
 2.00957E+06
 2.77885E-01
 7.22115E-01
 2.00957E+06
 2.97048E-01
 7.02952E-01
 2.00957E+06
 3.15445E-01
 6.84555E-01
 2.00957E+06
 3.33120E-01
 6.66880E-01
 2.00957E+06
 3.50114E-01
 6.49886E-01
 2.00957E+06
 3.66463E-01
 6.33537E-01
 2.00957E+06
 3.82203E-01
 6.17797E-01
 2.00957E+06
 3.97366E-01
 6.02634E-01
 2.00957E+06
 4.11983E-01
 5.88017E-01
 2.00957E+06
 4.26081E-01
 5.73919E-01
 2.00957E+06
 4.39686E-01
 5.60314E-01
 2.00957E+06
 4.52823E-01
 5.47177E-01
 2.00957E+06
 4.65515E-01
 5.34485E-01
 2.00957E+06
 4.77782E-01
 5.22218E-01
 2.00957E+06
 4.89646E-01
 5.10354E-01
 2.00957E+06
 5.01125E-01
 4.98875E-01
 2.00957E+06
 5.12236E-01
 4.87764E-01
 2.00957E+06
 5.22997E-01
 4.77003E-01
 2.00957E+06
 5.33422E-01
 4.66578E-01
 2.00957E+06
 5.43526E-01
 4.56474E-01
 2.00957E+06
 5.53323E-01
 4.46677E-01
 2.00957E+06
 5.62827E-01
 4.37173E-01
 2.00957E+06
 5.72050E-01
 4.27950E-01
 2.00957E+06
 5.81002E-01
 4.18998E-01
 2.00957E+06
 5.89696E-01
 4.10304E-01
 2.00957E+06
 5.98141E-01
 4.01859E-01
 2.00957E+06
 6.06348E-01
 3.93652E-01
 2.00957E+06
 6.14326E-01
 3.85674E-01
 2.00957E+06
 6.22084E-01
 3.77916E-01
 2.00957E+06
 6.29630E-01
 3.70370E-01
 2.00957E+06
 6.36971E-01
 3.63029E-01
 2.00957E+06
 6.44117E-01
 3.55883E-01
 2.00957E+06
 6.51074E-01
 3.48926E-01
 2.00957E+06
 6.57848E-01
 3.42152E-01
 2.00957E+06
 6.64448E-01
 3.35552E-01
 2.00957E+06
 6.70877E-01
 3.29123E-01
 2.00957E+06
 6.77144E-01
 3.22856E-01
 2.00957E+06
 6.83252E-01
 3.16748E-01
 2.00957E+06
 6.89209E-01
 3.10791E-01
 2.00957E+06
 6.95018E-01
 3.04982E-01
 2.00957E+06
 7.00685E-01
 2.99315E-01
 2.00957E+06
 7.06214E-01
 2.93786E-01
 2.00957E+06
 7.11611E-01
 2.88389E-01
 2.00957E+06
 7.16879E-01
 2.83121E-01
 2.00957E+06
 7.22023E-01
 2.77977E-01
 2.00957E+06
 7.27046E-01
 2.72954E-01
 2.00957E+06
 7.31952E-01
 2.68048E-01
 2.00957E+06
 7.36745E-01
 2.63255E-01
 2.00957E+06
 7.41429E-01
 2.58571E-01
 2.00957E+06
 7.46007E-01
 2.53993E-01
 2.00957E+06
 7.50481E-01
 2.49519E-01
 2.00957E+06
 7.54856E-01
 2.45144E-01
 2.00957E+06
 7.59133E-01
 2.40867E-01
 2.00957E+06
 7.63317E-01
 2.36683E-01
 2.00957E+06
 7.67409E-01
 2.32591E-01
 2.00957E+06
 7.71413E-01
 2.28587E-01
 2.00957E+06
 7.75330E-01
 2.24670E-01
 2.00957E+06
 7.79164E-01
 2.20836E-01
 2.00957E+06
 7.82916E-01
 2.17084E-01
 2.00957E+06
 7.86589E-01
 2.13411E-01
 2.00957E+06
 7.90185E-01
 2.09815E-01
 2.00957E+06
 7.93707E-01
 2.06293E-01
 2.00957E+06
 7.97156E-01
 2.02844E-01
 2.00957E+06
 8.00534E-01
 1.99466E-01
 2.00957E+06
 8.03843E-01
 1.96157E-01
 2.00957E+06
 8.07084E-01
 1.92916E-01
 2.00957E+06
 8.10261E-01
 1.89739E-01
 2.00957E+06
 8.13374E-01
 1.86626E-01
 2.00957E+06
 8.16425E-01
 1.83575E-01
 2.00957E+06
 8.19415E-01
 1.80585E-01
 2.00957E+06
 8.22347E-01
 1.77653E-01
 2.00957E+06
 8.25222E-01
 1.74778E-01
 2.00957E+06
 8.28040E-01
 1.71960E-01
 2.00957E+06
 8.30804E-01
 1.69196E-01
 2.00957E+06
 8.33515E-01
 1.66485E-01
 2.00957E+06
 8.36173E-01
 1.63827E-01
 2.00957E+06
 8.38782E-01
 1.61218E-01
 2.00957E+06
 8.41340E-01
 1.58660E-01
 2.00958E+06
 8.43851E-01
 1.56149E-01
 2.00958E+06
 8.46315E-01
 1.53685E-01
 2.00958E+06
 8.48732E-01
 1.51268E-01
 2.00958E+06
 8.51105E-01
 1.48895E-01
 2.00958E+06
 8.53434E-01
 1.46566E-01
 2.00958E+06
 8.55720E-01
 1.44280E-01
 2.00958E+06
 8.57964E-01
 1.42036E-01
 2.00958E+06
 8.60168E-01
 1.39832E-01
 2.00958E+06
 8.62331E-01
 1.37669E-01
 2.00958E+06
 8.64456E-01
 1.35544E-01
 2.00958E+06
 8.66542E-01
 1.33458E-01
 2.00958E+06
 8.68591E-01
 1.31409E-01
 2.00958E+06
 8.70604E-01
 1.29396E-01
 2.00958E+06
 8.72581E-01
 1.27419E-01
 2.00958E+06
 8.74523E-01
 1.25477E-01
 2.00958E+06
 8.76431E-01
 1.23569E-01
 2.00958E+06
 8.78305E-01
 1.21695E-01
 2.00958E+06
 8.80147E-01
 1.19853E-01
 2.00958E+06
 8.81957E-01
 1.18043E-01
 2.00958E+06
 8.83735E-01
 1.16265E-01
 2.00958E+06
 8.85483E-01
 1.14517E-01
 2.00958E+06
 8.87201E-01
 1.12799E-01
 2.00958E+06
 8.88889E-01
 1.11111E-01
 2.00958E+06
 8.90549E-01
 1.09451E-01
 2.00958E+06
 8.92181E-01
 1.07819E-01
 2.00958E+06
 8.93785E-01
 1.06215E-01
 2.00958E+06
 8.95361E-01
 1.04639E-01
 2.00958E+06
 8.96912E-01
 1.03088E-01
 2.00958E+06
 8.98436E-01
 1.01564E-01
 2.00958E+06
 8.99936E-01
 1.00064E-01
 2.00958E+06
 9.01410E-01
 9.85902E-02
 2.00958E+06
 9.02860E-01
 9.71404E-02
 2.00958E+06
 9.04285E-01
 9.57145E-02
 2.00958E+06
 9.05688E-01
 9.43121E-02
 2.00958E+06
 9.07067E-01
 9.29327E-02
 2.00958E+06
 9.08424E-01
 9.15759E-02
 2.00958E+06
 9.09759E-01
 9.02411E-02
 2.00958E+06
 9.11072E-01
 8.89280E-02
 2.00958E+06
 9.12364E-01
 8.76362E-02
 2.00958E+06
 9.13635E-01
 8.63653E-02
 2.00958E+06
 9.14885E-01
 8.51148E-02
 2.00958E+06
 9.16116E-01
 8.38844E-02
 2.00958E+06
 9.17326E-01
 8.26737E-02
 2.00958E+06
 9.18518E-01
 8.14823E-02
 2.00958E+06
 9.19690E-01
 8.03099E-02
 2.00958E+06
 9.20844E-01
 7.91561E-02
 2.00958E+06
 9.21979E-01
 7.80205E-02
 2.00958E+06
 9.23097E-01
 7.69029E-02
 2.00958E+06
 9.24197E-01
 7.58028E-02
 2.00958E+06
 9.25280E-01
 7.47201E-02
 2.00957E+06
 9.26346E-01
 7.36543E-02
 2.00957E+06
 9.27395E-01
 7.26052E-02
 2.00957E+06
 9.28428E-01
 7.15724E-02
 2.00957E+06
 9.29444E-01
 7.05557E-02
 2.00957E+06
 9.30445E-01
 6.95547E-02
 2.00957E+06
 9.31431E-01
 6.85692E-02
 2.00957E+06
 9.32401E-01
 6.75989E-02
 2.00957E+06
 9.33356E-01
 6.66436E-02
 2.00957E+06
 9.34297E-01
 6.57029E-02
 2.00957E+06
 9.35223E-01
 6.47767E-02
 2.00957E+06
 9.36135E-01
 6.38646E-02
 2.00957E+06
 9.37034E-01
 6.29665E-02
 2.00957E+06
 9.37918E-01
 6.20819E-02
 2.00957E+06
 9.38789E-01
 6.12109E-02
 2.00958E+06
 9.39647E-01
 6.03530E-02
 2.00958E+06
 9.40492E-01
 5.95081E-02
 2.00958E+06
 9.41324E-01
 5.86760E-02
 2.00958E+06
 9.42144E-01
 5.78564E-02
 2.00958E+06
 9.42951E-01
 5.70491E-02
 2.00958E+06
 9.43746E-01
 5.62539E-02
 2.00958E+06
 9.44529E-01
 5.54707E-02
 2.00958E+06
 9.45301E-01
 5.46991E-02
 2.00958E+06
 9.46061E-01
 5.39390E-02
 2.00958E+06
 9.46810E-01
 5.31903E-02
 2.00958E+06
 9.47547E-01
 5.24527E-02
 2.00958E+06
 9.48274E-01
 5.17260E-02
 2.00958E+06
 9.48990E-01
 5.10101E-02
 2.00958E+06
 9.49695E-01
 5.03048E-02
 2.00958E+06
 9.50390E-01
 4.96098E-02
 2.00958E+06
 9.51075E-01
 4.89251E-02
 2.00958E+06
 9.51749E-01
 4.82505E-02
 2.00958E+06
 9.52414E-01
 4.75858E-02
 2.00958E+06
 9.53069E-01
 4.69308E-02
 2.00958E+06
 9.53715E-01
 4.62853E-02
 2.00958E+06
 9.54351E-01
 4.56494E-02
 2.00958E+06
 9.54977E-01
 4.50226E-02
 2.00958E+06
 9.55595E-01
 4.44050E-02
 2.00958E+06
 9.56204E-01
 4.37964E-02
 2.00958E+06
 9.56803E-01
 4.31966E-02
 2.00958E+06
 9.57394E-01
 4.26055E-02
 2.00958E+06
 9.57977E-01
 4.20230E-02
 2.00958E+06
 9.58551E-01
 4.14489E-02
 2.00958E+06
 9.59117E-01
 4.08830E-02
 2.00958E+06
 9.59675E-01
 4.03253E-02
 2.00958E+06
 9.60224E-01
 3.97756E-02
 2.00958E+06
 9.60766E-01
 3.92338E-02
 2.00958E+06
 9.61300E-01
 3.86998E-02
 2.00958E+06
 9.61827E-01
 3.81734E-02
 2.00958E+06
 9.62345E-01
 3.76546E-02
 2.00958E+06
 9.62857E-01
 3.71431E-02
 2.00958E+06
 9.63361E-01
 3.66390E-02
 2.00958E+06
 9.63858E-01
 3.61420E-02
 2.00958E+06
 9.64348E-01
 3.56521E-02
 2.00958E+06
 9.64831E-01
 3.51692E-02
 2.00958E+06
 9.65307E-01
 3.46931E-02
 2.00958E+06
 9.65776E-01
 3.42238E-02
 2.00958E+06
 9.66239E-01
 3.37611E-02
 2.00958E+06
 9.66695E-01
 3.33050E-02
 2.00958E+06
 9.67145E-01
 3.28552E-02
 2.00958E+06
 9.67588E-01
 3.24119E-02
 2.00958E+06
 9.68025E-01
 3.19748E-02
 2.00958E+06
 9.68456E-01
 3.15438E-02
 2.00958E+06
 9.68881E-01
 3.11189E-02
 2.00958E+06
 9.69300E-01
 3.06999E-02
 2.00958E+06
 9.69713E-01
 3.02868E-02
 2.00958E+06
 9.70120E-01
 2.98795E-02
 2.00958E+06
 9.70522E-01
 2.94779E-02
 2.00957E+06
 9.70918E-01
 2.90820E-02
 2.00957E+06
 9.71308E-01
 2.86915E-02
 2.00957E+06
 9.71693E-01
 2.83065E-02
 2.00957E+06
 9.72073E-01
 2.79269E-02
 2.00957E+06
 9.72447E-01
 2.75525E-02
 2.00957E+06
 9.72817E-01
 2.71834E-02
 2.00957E+06
 9.73181E-01
 2.68194E-02
 2.00957E+06
 9.73540E-01
 2.64604E-02
 2.00957E+06
 9.73894E-01
 2.61064E-02
 2.00957E+06
 9.74243E-01
 2.57573E-02
 2.00957E+06
 9.74587E-01
 2.54131E-02
 2.00957E+06
 9.74926E-01
 2.50736E-02
 2.00957E+06
 9.75261E-01
 2.47388E-02
 2.00957E+06
 9.75591E-01
 2.44086E-02
 2.00957E+06
 9.75917E-01
 2.40830E-02
 2.00957E+06
 9.76238E-01
 2.37618E-02
 2.00957E+06
 9.76555E-01
 2.34451E-02
 2.00957E+06
 9.76867E-01
 2.31328E-02
 2.00957E+06
 9.77175E-01
 2.28247E-02
 2.00957E+06
 9.77479E-01
 2.25208E-02
 2.00957E+06
 9.77779E-01
 2.22212E-02
 2.00957E+06
 9.78074E-01
 2.19256E-02
 2.00957E+06
 9.78366E-01
 2.16341E-02
 2.00957E+06
 9.78653E-01
 2.13466E-02
 2.00957E+06
 9.78937E-01
 2.10630E-02
 2.00957E+06
 9.79217E-01
 2.07833E-02
 2.00957E+06
 9.79493E-01
 2.05074E-02
 2.00957E+06
 9.79765E-01
 2.02353E-02
 2.00957E+06
 9.80033E-01
 1.99669E-02
 2.00957E+06
 9.80298E-01
 1.97021E-02
 2.00957E+06
 9.80559E-01
 1.94410E-02
 2.00957E+06
 9.80817E-01
 1.91834E-02
 2.00957E+06
 9.81071E-01
 1.89293E-02
 2.00957E+06
 9.81321E-01
 1.86787E-02
 2.00957E+06
 9.81569E-01
 1.84314E-02
 2.00957E+06
 9.81812E-01
 1.81876E-02
 2.00957E+06
 9.82053E-01
 1.79470E-02
 2.00957E+06
 9.82290E-01
 1.77097E-02
 2.00957E+06
 9.82524E-01
 1.74756E-02
 2.00957E+06
 9.82755E-01
 1.72447E-02
 2.00957E+06
 9.82983E-01
 1.70169E-02
 2.00957E+06
 9.83208E-01
 1.67922E-02
 2.00957E+06
 9.83430E-01
 1.65705E-02
 2.00957E+06
 9.83648E-01
 1.63518E-02
 2.00957E+06
 9.83864E-01
 1.61360E-02
 2.00957E+06
 9.84077E-01
 1.59232E-02
 2.00957E+06
 9.84287E-01
 1.57133E-02
 2.00957E+06
 9.84494E-01
 1.55061E-02
 2.00957E+06
 9.84698E-01
 1.53018E-02
 2.00957E+06
 9.84900E-01
 1.51002E-02
 2.00957E+06
 9.85099E-01
 1.49013E-02
 2.00957E+06
 9.85295E-01
 1.47051E-02
 2.00957E+06
 9.85488E-01
 1.45115E-02
 2.00957E+06
 9.85679E-01
 1.43205E-02
 2.00957E+06
 9.85868E-01
 1.41321E-02
 2.00957E+06
 9.86054E-01
 1.39463E-02
 2.00957E+06
 9.86237E-01
 1.37629E-02
 2.00957E+06
 9.86418E-01
 1.35819E-02
 2.00957E+06
 9.86597E-01
 1.34034E-02
 2.00957E+06
 9.86773E-01
 1.32273E-02
 2.00957E+06
 9.86946E-01
 1.30536E-02
 2.00957E+06
 9.87118E-01
 1.28821E-02
 2.00957E+06
 9.87287E-01
 1.27130E-02
 2.00957E+06
 9.87454E-01
 1.25461E-02
 2.00957E+06
 9.87619E-01
 1.23814E-02
 2.00957E+06
 9.87781E-01
 1.22190E-02
 2.00957E+06
 9.87941E-01
 1.20587E-02
 2.00957E+06
 9.88099E-01
 1.19005E-02
 2.00957E+06
 9.88256E-01
 1.17445E-02
 2.00957E+06
 9.88409E-01
 1.15905E-02
 2.00957E+06
 9.88561E-01
 1.14386E-02
 2.00957E+06
 9.88711E-01
 1.12887E-02
 2.00957E+06
 9.88859E-01
 1.11408E-02
 2.00957E+06
 9.89005E-01
 1.09949E-02
 2.00957E+06
 9.89149E-01
 1.08509E-02
 2.00957E+06
 9.89291E-01
 1.07089E-02
 2.00957E+06
 9.89431E-01
 1.05687E-02
 2.00957E+06
 9.89570E-01
 1.04304E-02
 2.00957E+06
 9.89706E-01
 1.02939E-02
 2.00957E+06
 9.89841E-01
 1.01592E-02
 2.00957E+06
 9.89974E-01
 1.00263E-02
 2.00957E+06
 9.90105E-01
 9.89519E-03
 2.00957E+06
 9.90234E-01
 9.76580E-03
 2.00957E+06
 9.90362E-01
 9.63813E-03
 2.00957E+06
 9.90488E-01
 9.51216E-03
 2.00957E+06
 9.90612E-01
 9.38784E-03
 2.00957E+06
 9.90735E-01
 9.26518E-03
 2.00957E+06
 9.90856E-01
 9.14414E-03
 2.00957E+06
 9.90975E-01
 9.02470E-03
 2.00957E+06
 9.91093E-01
 8.90684E-03
 2.00957E+06
 9.91209E-01
 8.79054E-03
 2.00957E+06
 9.91324E-01
 8.67577E-03
 2.00957E+06
 9.91437E-01
 8.56253E-03
 2.00957E+06
 9.91549E-01
 8.45077E-03
 2.00957E+06
 9.91660E-01
 8.34050E-03
 2.00957E+06
 9.91768E-01
 8.23168E-03
 2.00957E+06
 9.91876E-01
 8.12429E-03
 2.00957E+06
 9.91982E-01
 8.01833E-03
 2.00957E+06
 9.92086E-01
 7.91376E-03
 2.00957E+06
 9.92189E-01
 7.81057E-03
 2.00958E+06
 9.92291E-01
 7.70872E-03
 2.00958E+06
 9.92392E-01
 7.60823E-03
 2.00957E+06
 9.92491E-01
 7.50905E-03
 2.00957E+06
 9.92589E-01
 7.41118E-03
 2.00957E+06
 9.92685E-01
 7.31461E-03
 2.00957E+06
 9.92781E-01
 7.21930E-03
 2.00957E+06
 9.92875E-01
 7.12525E-03
 2.00957E+06
 9.92968E-01
 7.03243E-03
 2.00957E+06
 9.93059E-01
 6.94084E-03
 2.00957E+06
 9.93150E-01
 6.85045E-03
 2.00957E+06
 9.93239E-01
 6.76125E-03
 2.00957E+06
 9.93327E-01
 6.67322E-03
 2.00957E+06
 9.93414E-01
 6.58635E-03
 2.00957E+06
 9.93499E-01
 6.50062E-03
 2.00957E+06
 9.93584E-01
 6.41601E-03
 2.00957E+06
 9.93667E-01
 6.33252E-03
 2.00957E+06
 9.93750E-01
 6.25012E-03
 2.00957E+06
 9.93831E-01
 6.16881E-03
 2.00957E+06
 9.93911E-01
 6.08856E-03
 2.00957E+06
 9.93991E-01
 6.00937E-03
 2.00957E+06
 9.94069E-01
 5.93121E-03
 2.00957E+06
 9.94146E-01
 5.85408E-03
 2.00957E+06
 9.94222E-01
 5.77796E-03
 2.00957E+06
 9.94297E-01
 5.70284E-03
 2.00957E+06
 9.94371E-01
 5.62870E-03
 2.00957E+06
 9.94444E-01
 5.55553E-03
 2.00957E+06
 9.94517E-01
 5.48332E-03
 2.00957E+06
 9.94588E-01
 5.41206E-03
 2.00957E+06
 9.94658E-01
 5.34173E-03
 2.00957E+06
 9.94728E-01
 5.27233E-03
 2.00957E+06
 9.94796E-01
 5.20383E-03
 2.00957E+06
 9.94864E-01
 5.13622E-03
 2.00957E+06
 9.94930E-01
 5.06950E-03
 2.00957E+06
 9.94996E-01
 5.00366E-03
 2.00957E+06
 9.95061E-01
 4.93867E-03
 2.00957E+06
 9.95125E-01
 4.87454E-03
 2.00957E+06
 9.95189E-01
 4.81124E-03
 2.00957E+06
 9.95251E-01
 4.74878E-03
 2.00957E+06
 9.95313E-01
 4.68712E-03
 2.00957E+06
 9.95374E-01
 4.62628E-03
 2.00957E+06
 9.95434E-01
 4.56623E-03
 2.00957E+06
 9.95493E-01
 4.50696E-03
 2.00957E+06
 9.95552E-01
 4.44847E-03
 2.00957E+06
 9.95609E-01
 4.39074E-03
 2.00957E+06
 9.95666E-01
 4.33376E-03
 2.00957E+06
 9.95722E-01
 4.27753E-03
 2.00957E+06
 9.95778E-01
 4.22203E-03
 2.00957E+06
 9.95833E-01
 4.16726E-03
 2.00957E+06
 9.95887E-01
 4.11320E-03
 2.00957E+06
 9.95940E-01
 4.05985E-03
 2.00957E+06
 9.95993E-01
 4.00719E-03
 2.00957E+06
 9.96045E-01
 3.95522E-03
 2.00957E+06
 9.96096E-01
 3.90393E-03
 2.00957E+06
 9.96147E-01
 3.85331E-03
 2.00957E+06
 9.96197E-01
 3.80334E-03
 2.00957E+06
 9.96246E-01
 3.75403E-03
 2.00957E+06
 9.96295E-01
 3.70536E-03
 2.00957E+06
 9.96343E-01
 3.65733E-03
 2.00957E+06
 9.96390E-01
 3.60992E-03
 2.00957E+06
 9.96437E-01
 3.56313E-03
 2.00957E+06
 9.96483E-01
 3.51695E-03
 2.00957E+06
 9.96529E-01
 3.47136E-03
 2.00957E+06
 9.96574E-01
 3.42638E-03
 2.00957E+06
 9.96618E-01
 3.38198E-03
 2.00957E+06
 9.96662E-01
 3.33815E-03
 2.00957E+06
 9.96705E-01
 3.29490E-03
 2.00957E+06
 9.96748E-01
 3.25221E-03
 2.00957E+06
 9.96790E-01
 3.21008E-03
 2.00957E+06
 9.96832E-01
 3.16849E-03
 2.00957E+06
 9.96873E-01
 3.12745E-03
 2.00957E+06
 9.96913E-01
 3.08694E-03
 2.00957E+06
 9.96953E-01
 3.04695E-03
 2.00957E+06
 9.96993E-01
 3.00749E-03
 2.00957E+06
 9.97031E-01
 2.96854E-03
 2.00957E+06
 9.97070E-01
 2.93010E-03
 2.00957E+06
 9.97108E-01
 2.89215E-03
 2.00957E+06
 9.97145E-01
 2.85470E-03
 2.00957E+06
 9.97182E-01
 2.81774E-03
 2.00957E+06
 9.97219E-01
 2.78126E-03
 2.00957E+06
 9.97255E-01
 2.74525E-03
 2.00957E+06
 9.97290E-01
 2.70971E-03
 2.00957E+06
 9.97325E-01
 2.67463E-03
 2.00957E+06
 9.97360E-01
 2.64001E-03
 2.00957E+06
 9.97394E-01
 2.60583E-03
 2.00957E+06
 9.97428E-01
 2.57210E-03
 2.00957E+06
 9.97461E-01
 2.53881E-03
 2.00957E+06
 9.97494E-01
 2.50595E-03
 2.00957E+06
 9.97526E-01
 2.47352E-03
 2.00957E+06
 9.97558E-01
 2.44151E-03
 2.00957E+06
 9.97590E-01
 2.40992E-03
 2.00957E+06
 9.97621E-01
 2.37873E-03
 2.00957E+06
 9.97652E-01
 2.34795E-03
 2.00957E+06
 9.97682E-01
 2.31757E-03
 2.00957E+06
 9.97712E-01
 2.28759E-03
 2.00957E+06
 9.97742E-01
 2.25799E-03
 2.00957E+06
 9.97771E-01
 2.22878E-03
 2.00957E+06
 9.97800E-01
 2.19994E-03
 2.00957E+06
 9.97829E-01
 2.17148E-03
 2.00957E+06
 9.97857E-01
 2.14339E-03
 2.00957E+06
 9.97884E-01
 2.11567E-03
 2.00957E+06
 9.97912E-01
 2.08830E-03
 2.00957E+06
 9.97939E-01
 2.06129E-03
 2.00957E+06
 9.97965E-01
 2.03463E-03
 2.00957E+06
 9.97992E-01
 2.00832E-03
 2.00957E+06
 9.98018E-01
 1.98234E-03
 2.00957E+06
 9.98043E-01
 1.95671E-03
 2.00957E+06
 9.98069E-01
 1.93140E-03
 2.00957E+06
 9.98094E-01
 1.90643E-03
 2.00957E+06
 9.98118E-01
 1.88177E-03
 2.00957E+06
 9.98143E-01
 1.85744E-03
 2.00957E+06
 9.98167E-01
 1.83343E-03
 2.00957E+06
 9.98190E-01
 1.80972E-03
 2.00957E+06
 9.98214E-01
 1.78632E-03
 2.00957E+06
 9.98237E-01
 1.76323E-03
 2.00957E+06
 9.98260E-01
 1.74043E-03
 2.00957E+06
 9.98282E-01
 1.71793E-03
 2.00957E+06
 9.98304E-01
 1.69572E-03
 2.00957E+06
 9.98326E-01
 1.67380E-03
 2.00957E+06
 9.98348E-01
 1.65216E-03
 2.00957E+06
 9.98369E-01
 1.63081E-03
 2.00957E+06
 9.98390E-01
 1.60973E-03
 2.00957E+06
 9.98411E-01
 1.58892E-03
 2.00957E+06
 9.98432E-01
 1.56838E-03
 2.00957E+06
 9.98452E-01
 1.54811E-03
 2.00957E+06
 9.98472E-01
 1.52810E-03
 2.00957E+06
 9.98492E-01
 1.50835E-03
 2.00957E+06
 9.98511E-01
 1.48886E-03
 2.00957E+06
 9.98530E-01
 1.46962E-03
 2.00957E+06
 9.98549E-01
 1.45063E-03
 2.00957E+06
 9.98568E-01
 1.43188E-03
 2.00957E+06
 9.98587E-01
 1.41338E-03
 2.00957E+06
 9.98605E-01
 1.39511E-03
 2.00957E+06
 9.98623E-01
 1.37709E-03
 2.00957E+06
 9.98641E-01
 1.35929E-03
 2.00957E+06
 9.98658E-01
 1.34173E-03
 2.00957E+06
 9.98676E-01
 1.32439E-03
 2.00957E+06
 9.98693E-01
 1.30728E-03
 2.00957E+06
 9.98710E-01
 1.29039E-03
 2.00957E+06
 9.98726E-01
 1.27372E-03
 2.00957E+06
 9.98743E-01
 1.25726E-03
 2.00957E+06
 9.98759E-01
 1.24102E-03
 2.00957E+06
 9.98775E-01
 1.22499E-03
 2.00957E+06
 9.98791E-01
 1.20916E-03
 2.00957E+06
 9.98806E-01
 1.19354E-03
 2.00957E+06
 9.98822E-01
 1.17812E-03
 2.00957E+06
 9.98837E-01
 1.16290E-03
 2.00957E+06
 9.98852E-01
 1.14788E-03
 2.00957E+06
 9.98867E-01
 1.13305E-03
 2.00957E+06
 9.98882E-01
 1.11842E-03
 2.00957E+06
 9.98896E-01
 1.10397E-03
 2.00957E+06
 9.98910E-01
 1.08971E-03
 2.00957E+06
 9.98924E-01
 1.07564E-03
 2.00957E+06
 9.98938E-01
 1.06174E-03
 2.00957E+06
 9.98952E-01
 1.04803E-03
 2.00957E+06
 9.98966E-01
 1.03450E-03
 2.00957E+06
 9.98979E-01
 1.02113E-03
 2.00957E+06
 9.98992E-01
 1.00795E-03
 2.00957E+06
 9.99005E-01
 9.94929E-04
 2.00957E+06
 9.99018E-01
 9.82080E-04
 2.00957E+06
 9.99031E-01
 9.69397E-04
 2.00957E+06
 9.99043E-01
 9.56878E-04
 2.00957E+06
 9.99055E-01
 9.44521E-04
 2.00957E+06
 9.99068E-01
 9.32324E-04
 2.00957E+06
 9.99080E-01
 9.20285E-04
 2.00957E+06
 9.99092E-01
 9.08401E-04
 2.00957E+06
 9.99103E-01
 8.96670E-04
 2.00957E+06
 9.99115E-01
 8.85092E-04
 2.00957E+06
 9.99126E-01
 8.73663E-04
 2.00957E+06
 9.99138E-01
 8.62382E-04
 2.00957E+06
 9.99149E-01
 8.51247E-04
 2.00957E+06
 9.99160E-01
 8.40256E-04
 2.00957E+06
 9.99171E-01
 8.29406E-04
 2.00957E+06
 9.99181E-01
 8.18697E-04
 2.00957E+06
 9.99192E-01
 8.08127E-04
 2.00956E+06
 9.99202E-01
 7.97693E-04
 2.00956E+06
 9.99213E-01
 7.87394E-04
 2.00956E+06
 9.99223E-01
 7.77228E-04
 2.00956E+06
 9.99233E-01
 7.67194E-04
 2.00956E+06
 9.99243E-01
 7.57289E-04
 2.00956E+06
 9.99252E-01
 7.47512E-04
 2.00956E+06
 9.99262E-01
 7.37862E-04
 2.00956E+06
 9.99272E-01
 7.28336E-04
 2.00956E+06
 9.99281E-01
 7.18933E-04
 2.00956E+06
 9.99290E-01
 7.09652E-04
 2.00956E+06
 9.99300E-01
 7.00491E-04
 2.00956E+06
 9.99309E-01
 6.91448E-04
 2.00956E+06
 9.99317E-01
 6.82522E-04
 2.00956E+06
 9.99326E-01
 6.73711E-04
 2.00956E+06
 9.99335E-01
 6.65015E-04
 2.00956E+06
 9.99344E-01
 6.56430E-04
 2.00956E+06
 9.99352E-01
 6.47957E-04
 2.00956E+06
 9.99360E-01
 6.39593E-04
 2.00956E+06
 9.99369E-01
 6.31337E-04
 2.00956E+06
 9.99377E-01
 6.23188E-04
 2.00956E+06
 9.99385E-01
 6.15144E-04
 2.00956E+06
 9.99393E-01
 6.07203E-04
 2.00956E+06
 9.99401E-01
 5.99366E-04
 2.00956E+06
 9.99408E-01
 5.91630E-04
 2.00956E+06
 9.99416E-01
 5.83993E-04
 2.00956E+06
 9.99424E-01
 5.76456E-04
 2.00956E+06
 9.99431E-01
 5.69015E-04
 2.00956E+06
 9.99438E-01
 5.61671E-04
 2.00956E+06
 9.99446E-01
 5.54422E-04
 2.00956E+06
 9.99453E-01
 5.47266E-04
 2.00956E+06
 9.99460E-01
 5.40203E-04
 2.00956E+06
 9.99467E-01
 5.33231E-04
 2.00956E+06
 9.99474E-01
 5.26349E-04
 2.00956E+06
 9.99480E-01
 5.19556E-04
 2.00956E+06
 9.99487E-01
 5.12850E-04
 2.00956E+06
 9.99494E-01
 5.06231E-04
 2.00956E+06
 9.99500E-01
 4.99698E-04
 2.00956E+06
 9.99507E-01
 4.93249E-04
 2.00956E+06
 9.99513E-01
 4.86884E-04
 2.00956E+06
 9.99519E-01
 4.80600E-04
 2.00956E+06
 9.99526E-01
 4.74398E-04
 2.00956E+06
 9.99532E-01
 4.68276E-04
 2.00956E+06
 9.99538E-01
 4.62233E-04
 2.00956E+06
 9.99544E-01
 4.56267E-04
 2.00956E+06
 9.99550E-01
 4.50379E-04
 2.00956E+06
 9.99555E-01
 4.44567E-04
 2.00956E+06
 9.99561E-01
 4.38830E-04
 2.00956E+06
 9.99567E-01
 4.33168E-04
 2.00956E+06
 9.99572E-01
 4.27578E-04
 2.00956E+06
 9.99578E-01
 4.22060E-04
 2.00956E+06
 9.99583E-01
 4.16614E-04
 2.00956E+06
 9.99589E-01
 4.11238E-04
 2.00956E+06
 9.99594E-01
 4.05931E-04
 2.00956E+06
 9.99599E-01
 4.00693E-04
 2.00956E+06
 9.99604E-01
 3.95523E-04
 2.00956E+06
 9.99610E-01
 3.90419E-04
 2.00956E+06
 9.99615E-01
 3.85381E-04
 2.00956E+06
 9.99620E-01
 3.80408E-04
 2.00956E+06
 9.99625E-01
 3.75500E-04
 2.00956E+06
 9.99629E-01
 3.70654E-04
 2.00956E+06
 9.99634E-01
 3.65872E-04
 2.00956E+06
 9.99639E-01
 3.61151E-04
 2.00956E+06
 9.99644E-01
 3.56491E-04
 2.00956E+06
 9.99648E-01
 3.51891E-04
 2.00956E+06
 9.99653E-01
 3.47351E-04
 2.00956E+06
 9.99657E-01
 3.42869E-04
 2.00956E+06
 9.99662E-01
 3.38445E-04
 2.00956E+06
 9.99666E-01
 3.34078E-04
 2.00956E+06
 9.99670E-01
 3.29767E-04
 2.00956E+06
 9.99674E-01
 3.25513E-04
 2.00956E+06
 9.99679E-01
 3.21313E-04
 2.00956E+06
 9.99683E-01
 3.17167E-04
 2.00956E+06
 9.99687E-01
 3.13075E-04
 2.00956E+06
 9.99691E-01
 3.09035E-04
 2.00956E+06
 9.99695E-01
 3.05048E-04
 2.00956E+06
 9.99699E-01
 3.01112E-04
 2.00956E+06
 9.99703E-01
 2.97227E-04
 2.00956E+06
 9.99707E-01
 2.93393E-04
 2.00956E+06
 9.99710E-01
 2.89607E-04
 2.00956E+06
 9.99714E-01
 2.85871E-04
 2.00956E+06
 9.99718E-01
 2.82183E-04
 2.00956E+06
 9.99721E-01
 2.78542E-04
 2.00956E+06
 9.99725E-01
 2.74948E-04
 2.00956E+06
 9.99729E-01
 2.71401E-04
 2.00956E+06
 9.99732E-01
 2.67900E-04
 2.00956E+06
 9.99736E-01
 2.64443E-04
 2.00956E+06
 9.99739E-01
 2.61032E-04
 2.00956E+06
 9.99742E-01
 2.57664E-04
 2.00956E+06
 9.99746E-01
 2.54340E-04
 2.00956E+06
 9.99749E-01
 2.51058E-04
 2.00956E+06
 9.99752E-01
 2.47819E-04
 2.00956E+06
 9.99755E-01
 2.44622E-04
 2.00956E+06
 9.99759E-01
 2.41466E-04
 2.00956E+06
 9.99762E-01
 2.38351E-04
 2.00956E+06
 9.99765E-01
 2.35276E-04
 2.00956E+06
 9.99768E-01
 2.32241E-04
 2.00956E+06
 9.99771E-01
 2.29245E-04
 2.00956E+06
 9.99774E-01
 2.26288E-04
 2.00956E+06
 9.99777E-01
 2.23368E-04
 2.00956E+06
 9.99780E-01
 2.20487E-04
 2.00956E+06
 9.99782E-01
 2.17642E-04
 2.00956E+06
 9.99785E-01
 2.14835E-04
 2.00956E+06
 9.99788E-01
 2.12063E-04
 2.00956E+06
 9.99791E-01
 2.09327E-04
 2.00956E+06
 9.99793E-01
 2.06627E-04
 2.00956E+06
 9.99796E-01
 2.03961E-04
 2.00956E+06
 9.99799E-01
 2.01330E-04
 2.00956E+06
 9.99801E-01
 1.98733E-04
 2.00956E+06
 9.99804E-01
 1.96169E-04
 2.00956E+06
 9.99806E-01
 1.93639E-04
 2.00956E+06
 9.99809E-01
 1.91141E-04
 2.00956E+06
 9.99811E-01
 1.88675E-04
 2.00956E+06
 9.99814E-01
 1.86241E-04
 2.00956E+06
 9.99816E-01
 1.83839E-04
 2.00956E+06
 9.99819E-01
 1.81467E-04
 2.00956E+06
 9.99821E-01
 1.79126E-04
 2.00956E+06
 9.99823E-01
 1.76816E-04
 2.00956E+06
 9.99825E-01
 1.74535E-04
 2.00956E+06
 9.99828E-01
 1.72283E-04
 2.00956E+06
 9.99830E-01
 1.70061E-04
 2.00956E+06
 9.99832E-01
 1.67867E-04
 2.00956E+06
 9.99834E-01
 1.65702E-04
 2.00956E+06
 9.99836E-01
 1.63564E-04
 2.00956E+06
 9.99839E-01
 1.61454E-04
 2.00956E+06
 9.99841E-01
 1.59372E-04
 2.00956E+06
 9.99843E-01
 1.57316E-04
 2.00956E+06
 9.99845E-01
 1.55286E-04
 2.00956E+06
 9.99847E-01
 1.53283E-04
 2.00956E+06
 9.99849E-01
 1.51306E-04
 2.00956E+06
 9.99851E-01
 1.49354E-04
 2.00956E+06
 9.99853E-01
 1.47428E-04
 2.00956E+06
 9.99854E-01
 1.45526E-04
 2.00956E+06
 9.99856E-01
 1.43649E-04
 2.00956E+06
 9.99858E-01
 1.41796E-04
 2.00956E+06
 9.99860E-01
 1.39967E-04
 2.00956E+06
 9.99862E-01
 1.38161E-04
 2.00956E+06
 9.99864E-01
 1.36379E-04
 2.00956E+06
 9.99865E-01
 1.34620E-04
 2.00956E+06
 9.99867E-01
 1.32884E-04
 2.00956E+06
 9.99869E-01
 1.31170E-04
 2.00956E+06
 9.99871E-01
 1.29478E-04
 2.00956E+06
 9.99872E-01
 1.27807E-04
 2.00956E+06
 9.99874E-01
 1.26159E-04
 2.00956E+06
 9.99875E-01
 1.24532E-04
 2.00956E+06
 9.99877E-01
 1.22925E-04
 2.00956E+06
 9.99879E-01
 1.21340E-04
 2.00956E+06
 9.99880E-01
 1.19775E-04
 2.00956E+06
 9.99882E-01
 1.18230E-04
 2.00956E+06
 9.99883E-01
 1.16705E-04
 2.00956E+06
 9.99885E-01
 1.15199E-04
 2.00956E+06
 9.99886E-01
 1.13713E-04
 2.00956E+06
 9.99888E-01
 1.12247E-04
 2.00956E+06
 9.99889E-01
 1.10799E-04
 2.00956E+06
 9.99891E-01
 1.09370E-04
 2.00956E+06
 9.99892E-01
 1.07959E-04
 2.00956E+06
 9.99893E-01
 1.06566E-04
 2.00956E+06
 9.99895E-01
 1.05192E-04
 2.00956E+06
 9.99896E-01
 1.03835E-04
 2.00956E+06
 9.99898E-01
 1.02496E-04
 2.00956E+06
 9.99899E-01
 1.01174E-04
 2.00956E+06
 9.99900E-01
 9.98687E-05
 2.00956E+06
 9.99901E-01
 9.85805E-05
 2.00956E+06
 9.99903E-01
 9.73090E-05
 2.00956E+06
 9.99904E-01
 9.60539E-05
 2.00956E+06
 9.99905E-01
 9.48149E-05
 2.00956E+06
 9.99906E-01
 9.35920E-05
 2.00956E+06
 9.99908E-01
 9.23848E-05
 2.00956E+06
 9.99909E-01
 9.11932E-05
 2.00956E+06
 9.99910E-01
 9.00170E-05
 2.00956E+06
 9.99911E-01
 8.88559E-05
 2.00956E+06
 9.99912E-01
 8.77098E-05
 2.00956E+06
 9.99913E-01
 8.65785E-05
 2.00956E+06
 9.99915E-01
 8.54618E-05
 2.00956E+06
 9.99916E-01
 8.43595E-05
 2.00956E+06
 9.99917E-01
 8.32714E-05
 2.00956E+06
 9.99918E-01
 8.21974E-05
 2.00956E+06
 9.99919E-01
 8.11372E-05
 2.00956E+06
 9.99920E-01
 8.00907E-05
 2.00956E+06
 9.99921E-01
 7.90577E-05
 2.00956E+06
 9.99922E-01
 7.80380E-05
 2.00956E+06
 9.99923E-01
 7.70314E-05
 2.00956E+06
 9.99924E-01
 7.60379E-05
 2.00956E+06
 9.99925E-01
 7.50571E-05
 2.00956E+06
 9.99926E-01
 7.40891E-05
 2.00956E+06
 9.99927E-01
 7.31335E-05
 2.00956E+06
 9.99928E-01
 7.21902E-05
 2.00956E+06
 9.99929E-01
 7.12591E-05
 2.00956E+06
 9.99930E-01
 7.03400E-05
 2.00956E+06
 9.99931E-01
 6.94328E-05
 2.00956E+06
 9.99931E-01
 6.85372E-05
 2.00956E+06
 9.99932E-01
 6.76532E-05
 2.00956E+06
 9.99933E-01
 6.67807E-05
 2.00956E+06
 9.99934E-01
 6.59193E-05
 2.00956E+06
 9.99935E-01
 6.50691E-05
 2.00956E+06
 9.99936E-01
 6.42299E-05
 2.00956E+06
 9.99937E-01
 6.34015E-05
 2.00956E+06
 9.99937E-01
 6.25837E-05
 2.00956E+06
 9.99938E-01
 6.17765E-05
 2.00956E+06
 9.99939E-01
 6.09797E-05
 2.00956E+06
 9.99940E-01
 6.01932E-05
 2.00956E+06
 9.99941E-01
 5.94169E-05
 2.00956E+06
 9.99941E-01
 5.86506E-05
 2.00956E+06
 9.99942E-01
 5.78941E-05
 2.00956E+06
 9.99943E-01
 5.71474E-05
 2.00956E+06
 9.99944E-01
 5.64103E-05
 2.00956E+06
 9.99944E-01
 5.56828E-05
 2.00956E+06
 9.99945E-01
 5.49646E-05
 2.00956E+06
 9.99946E-01
 5.42557E-05
 2.00956E+06
 9.99946E-01
 5.35559E-05
 2.00956E+06
 9.99947E-01
 5.28652E-05
 2.00956E+06
 9.99948E-01
 5.21833E-05
 2.00956E+06
 9.99948E-01
 5.15103E-05
 2.00956E+06
 9.99949E-01
 5.08459E-05
 2.00956E+06
 9.99950E-01
 5.01902E-05
 2.00956E+06
 9.99950E-01
 4.95428E-05
 2.00956E+06
 9.99951E-01
 4.89039E-05
 2.00956E+06
 9.99952E-01
 4.82731E-05
 2.00956E+06
 9.99952E-01
 4.76505E-05
 2.00956E+06
 9.99953E-01
 4.70359E-05
 2.00956E+06
 9.99954E-01
 4.64293E-05
 2.00956E+06
 9.99954E-01
 4.58305E-05
 2.00956E+06
 9.99955E-01
 4.52394E-05
 2.00956E+06
 9.99955E-01
 4.46559E-05
 2.00956E+06
 9.99956E-01
 4.40800E-05
 2.00956E+06
 9.99956E-01
 4.35114E-05
 2.00956E+06
 9.99957E-01
 4.29503E-05
 2.00956E+06
 9.99958E-01
 4.23963E-05
 2.00956E+06
 9.99958E-01
 4.18495E-05
 2.00956E+06
 9.99959E-01
 4.13098E-05
 2.00956E+06
 9.99959E-01
 4.07770E-05
 2.00956E+06
 9.99960E-01
 4.02511E-05
 2.00956E+06
 9.99960E-01
 3.97319E-05
 2.00956E+06
 9.99961E-01
 3.92195E-05
 2.00956E+06
 9.99961E-01
 3.87137E-05
 2.00956E+06
 9.99962E-01
 3.82144E-05
 2.00956E+06
 9.99962E-01
 3.77215E-05
 2.00956E+06
 9.99963E-01
 3.72350E-05
 2.00956E+06
 9.99963E-01
 3.67548E-05
 2.00956E+06
 9.99964E-01
 3.62807E-05
 2.00956E+06
 9.99964E-01
 3.58128E-05
 2.00956E+06
 9.99965E-01
 3.53509E-05
 2.00956E+06
 9.99965E-01
 3.48950E-05
 2.00956E+06
 9.99966E-01
 3.44449E-05
 2.00956E+06
 9.99966E-01
 3.40007E-05
 2.00956E+06
 9.99966E-01
 3.35622E-05
 2.00956E+06
 9.99967E-01
 3.31293E-05
 2.00956E+06
 9.99967E-01
 3.27020E-05
 2.00956E+06
 9.99968E-01
 3.22803E-05
 2.00956E+06
 9.99968E-01
 3.18640E-05
 2.00956E+06
 9.99969E-01
 3.14530E-05
 2.00956E+06
 9.99969E-01
 3.10473E-05
 2.00956E+06
 9.99969E-01
 3.06469E-05
 2.00956E+06
 9.99970E-01
 3.02517E-05
 2.00956E+06
 9.99970E-01
 2.98615E-05
 2.00956E+06
 9.99971E-01
 2.94764E-05
 2.00956E+06
 9.99971E-01
 2.90962E-05
 2.00956E+06
 9.99971E-01
 2.87210E-05
 2.00956E+06
 9.99972E-01
 2.83505E-05
 2.00956E+06
 9.99972E-01
 2.79849E-05
 2.00956E+06
 9.99972E-01
 2.76240E-05
 2.00955E+06
 9.99973E-01
 2.72677E-05
 2.00955E+06
 9.99973E-01
 2.69160E-05
 2.00955E+06
 9.99973E-01
 2.65689E-05
 2.00955E+06
 9.99974E-01
 2.62262E-05
 2.00955E+06
 9.99974E-01
 2.58880E-05
 2.00955E+06
 9.99974E-01
 2.55541E-05
 2.00955E+06
 9.99975E-01
 2.52245E-05
 2.00955E+06
 9.99975E-01
 2.48992E-05
 2.00955E+06
 9.99975E-01
 2.45781E-05
 2.00955E+06
 9.99976E-01
 2.42611E-05
 2.00955E+06
 9.99976E-01
 2.39482E-05
 2.00955E+06
 9.99976E-01
 2.36393E-05
 2.00955E+06
 9.99977E-01
 2.33345E-05
 2.00955E+06
 9.99977E-01
 2.30335E-05
 2.00955E+06
 9.99977E-01
 2.27364E-05
 2.00955E+06
 9.99978E-01
 2.24432E-05
 2.00955E+06
 9.99978E-01
 2.21538E-05
 2.00955E+06
 9.99978E-01
 2.18680E-05
 2.00955E+06
 9.99978E-01
 2.15860E-05
 2.00955E+06
 9.99979E-01
 2.13076E-05
 2.00955E+06
 9.99979E-01
 2.10328E-05
 2.00955E+06
 9.99979E-01
 2.07616E-05
 2.00955E+06
 9.99980E-01
 2.04938E-05
 2.00955E+06
 9.99980E-01
 2.02295E-05
 2.00955E+06
 9.99980E-01
 1.99686E-05
 2.00955E+06
 9.99980E-01
 1.97111E-05
 2.00955E+06
 9.99981E-01
 1.94568E-05
 2.00955E+06
 9.99981E-01
 1.92059E-05
 2.00955E+06
 9.99981E-01
 1.89582E-05
 2.00955E+06
 9.99981E-01
 1.87137E-05
 2.00955E+06
 9.99982E-01
 1.84724E-05
 2.00955E+06
 9.99982E-01
 1.82341E-05
 2.00955E+06
 9.99982E-01
 1.79990E-05
 2.00955E+06
 9.99982E-01
 1.77668E-05
 2.00955E+06
 9.99982E-01
 1.75377E-05
 2.00955E+06
 9.99983E-01
 1.73115E-05
 2.00955E+06
 9.99983E-01
 1.70882E-05
 2.00955E+06
 9.99983E-01
 1.68679E-05
 2.00955E+06
 9.99983E-01
 1.66503E-05
 2.00955E+06
 9.99984E-01
 1.64356E-05
 2.00955E+06
 9.99984E-01
 1.62236E-05
 2.00955E+06
 9.99984E-01
 1.60144E-05
 2.00955E+06
 9.99984E-01
 1.58078E-05
 2.00955E+06
 9.99984E-01
 1.56040E-05
 2.00955E+06
 9.99985E-01
 1.54027E-05
 2.00955E+06
 9.99985E-01
 1.52041E-05
 2.00955E+06
 9.99985E-01
 1.50080E-05
 2.00955E+06
 9.99985E-01
 1.48144E-05
 2.00955E+06
 9.99985E-01
 1.46234E-05
 2.00955E+06
 9.99986E-01
 1.44348E-05
 2.00955E+06
 9.99986E-01
 1.42486E-05
 2.00955E+06
 9.99986E-01
 1.40648E-05
 2.00955E+06
 9.99986E-01
 1.38835E-05
 2.00955E+06
 9.99986E-01
 1.37044E-05
 2.00955E+06
 9.99986E-01
 1.35277E-05
 2.00955E+06
 9.99987E-01
 1.33532E-05
 2.00955E+06
 9.99987E-01
 1.31810E-05
 2.00955E+06
 9.99987E-01
 1.30110E-05
 2.00955E+06
 9.99987E-01
 1.28432E-05
 2.00955E+06
 9.99987E-01
 1.26775E-05
 2.00955E+06
 9.99987E-01
 1.25140E-05
 2.00955E+06
 9.99988E-01
 1.23527E-05
 2.00955E+06
 9.99988E-01
 1.21933E-05
 2.00955E+06
 9.99988E-01
 1.20361E-05
 2.00955E+06
 9.99988E-01
 1.18809E-05
 2.00955E+06
 9.99988E-01
 1.17276E-05
 2.00955E+06
 9.99988E-01
 1.15764E-05
 2.00955E+06
 9.99989E-01
 1.14271E-05
 2.00955E+06
 9.99989E-01
 1.12797E-05
 2.00955E+06
 9.99989E-01
 1.11342E-05
 2.00955E+06
 9.99989E-01
 1.09906E-05
 2.00955E+06
 9.99989E-01
 1.08489E-05
 2.00955E+06
 9.99989E-01
 1.07090E-05
 2.00955E+06
 9.99989E-01
 1.05709E-05
 2.00955E+06
 9.99990E-01
 1.04345E-05
 2.00955E+06
 9.99990E-01
 1.03000E-05
 2.00955E+06
 9.99990E-01
 1.01671E-05
 2.00955E+06
 9.99990E-01
 1.00360E-05
 2.00955E+06
 9.99990E-01
 9.90658E-06
 2.00955E+06
 9.99990E-01
 9.77881E-06
 2.00955E+06
 9.99990E-01
 9.65270E-06
 2.00955E+06
 9.99990E-01
 9.52821E-06
 2.00955E+06
 9.99991E-01
 9.40533E-06
 2.00955E+06
 9.99991E-01
 9.28403E-06
 2.00955E+06
 9.99991E-01
 9.16429E-06
 2.00955E+06
 9.99991E-01
 9.04610E-06
 2.00955E+06
 9.99991E-01
 8.92944E-06
 2.00955E+06
 9.99991E-01
 8.81428E-06
 2.00955E+06
 9.99991E-01
 8.70060E-06
 2.00955E+06
 9.99991E-01
 8.58839E-06
 2.00955E+06
 9.99992E-01
 8.47763E-06
 2.00955E+06
 9.99992E-01
 8.36829E-06
 2.00955E+06
 9.99992E-01
 8.26037E-06
 2.00955E+06
 9.99992E-01
 8.15384E-06
 2.00955E+06
 9.99992E-01
 8.04868E-06
 2.00955E+06
 9.99992E-01
 7.94488E-06
 2.00955E+06
 9.99992E-01
 7.84242E-06
 2.00955E+06
 9.99992E-01
 7.74127E-06
 2.00955E+06
 9.99992E-01
 7.64144E-06
 2.00955E+06
 9.99992E-01
 7.54289E-06
 2.00955E+06
 9.99993E-01
 7.44561E-06
 2.00955E+06
 9.99993E-01
 7.34958E-06
 2.00955E+06
 9.99993E-01
 7.25480E-06
 2.00955E+06
 9.99993E-01
 7.16123E-06
 2.00955E+06
 9.99993E-01
 7.06888E-06
 2.00955E+06
 9.99993E-01
 6.97771E-06
 2.00955E+06
 9.99993E-01
 6.88772E-06
 2.00955E+06
 9.99993E-01
 6.79889E-06
 2.00955E+06
 9.99993E-01
 6.71121E-06
 2.00955E+06
 9.99993E-01
 6.62466E-06
 2.00955E+06
 9.99993E-01
 6.53922E-06
 2.00955E+06
 9.99994E-01
 6.45489E-06
 2.00955E+06
 9.99994E-01
 6.37164E-06
 2.00955E+06
 9.99994E-01
 6.28947E-06
 2.00955E+06
 9.99994E-01
 6.20835E-06
 2.00955E+06
 9.99994E-01
 6.12828E-06
 2.00955E+06
 9.99994E-01
 6.04925E-06
 2.00955E+06
 9.99994E-01
 5.97123E-06
 2.00955E+06
 9.99994E-01
 5.89422E-06
 2.00955E+06
 9.99994E-01
 5.81821E-06
 2.00955E+06
 9.99994E-01
 5.74317E-06
 2.00955E+06
 9.99994E-01
 5.66910E-06
 2.00955E+06
 9.99994E-01
 5.59599E-06
 2.00955E+06
 9.99994E-01
 5.52382E-06
 2.00955E+06
 9.99995E-01
 5.45258E-06
 2.00955E+06
 9.99995E-01
 5.38226E-06
 2.00955E+06
 9.99995E-01
 5.31285E-06
 2.00955E+06
 9.99995E-01
 5.24433E-06
 2.00955E+06
 9.99995E-01
 5.17670E-06
 2.00955E+06
 9.99995E-01
 5.10993E-06
 2.00955E+06
 9.99995E-01
 5.04403E-06
 2.00955E+06
 9.99995E-01
 4.97898E-06
 2.00955E+06
 9.99995E-01
 4.91477E-06
 2.00955E+06
 9.99995E-01
 4.85138E-06
 2.00955E+06
 9.99995E-01
 4.78882E-06
 2.00955E+06
 9.99995E-01
 4.72706E-06
 2.00955E+06
 9.99995E-01
 4.66609E-06
 2.00955E+06
 9.99995E-01
 4.60592E-06
 2.00955E+06
 9.99995E-01
 4.54652E-06
 2.00955E+06
 9.99996E-01
 4.48788E-06
 2.00955E+06
 9.99996E-01
 4.43000E-06
 2.00955E+06
 9.99996E-01
 4.37287E-06
 2.00955E+06
 9.99996E-01
 4.31647E-06
 2.00955E+06
 9.99996E-01
 4.26080E-06
 2.00955E+06
 9.99996E-01
 4.20585E-06
 2.00955E+06
 9.99996E-01
 4.15161E-06
 2.00955E+06
 9.99996E-01
 4.09807E-06
 2.00955E+06
 9.99996E-01
 4.04522E-06
 2.00955E+06
 9.99996E-01
 3.99305E-06
 2.00955E+06
 9.99996E-01
 3.94155E-06
 2.00955E+06
 9.99996E-01
 3.89072E-06
 2.00955E+06
 9.99996E-01
 3.84054E-06
 2.00955E+06
 9.99996E-01
 3.79101E-06
 2.00955E+06
 9.99996E-01
 3.74212E-06
 2.00955E+06
 9.99996E-01
 3.69386E-06
 2.00955E+06
 9.99996E-01
 3.64622E-06
 2.00955E+06
 9.99996E-01
 3.59920E-06
 2.00955E+06
 9.99996E-01
 3.55278E-06
 2.00955E+06
 9.99996E-01
 3.50696E-06
 2.00955E+06
 9.99997E-01
 3.46173E-06
 2.00955E+06
 9.99997E-01
 3.41709E-06
 2.00955E+06
 9.99997E-01
 3.37302E-06
 2.00955E+06
 9.99997E-01
 3.32952E-06
 2.00955E+06
 9.99997E-01
 3.28658E-06
 2.00955E+06
 9.99997E-01
 3.24419E-06
 2.00955E+06
 9.99997E-01
 3.20235E-06
 2.00955E+06
 9.99997E-01
 3.16105E-06
 2.00955E+06
 9.99997E-01
 3.12029E-06
 2.00955E+06
 9.99997E-01
 3.08004E-06
 2.00955E+06
 9.99997E-01
 3.04032E-06
 2.00955E+06
 9.99997E-01
 3.00111E-06
 2.00955E+06
 9.99997E-01
 2.96241E-06
 2.00955E+06
 9.99997E-01
 2.92420E-06
 2.00955E+06
 9.99997E-01
 2.88649E-06
 2.00955E+06
 9.99997E-01
 2.84926E-06
 2.00955E+06
 9.99997E-01
 2.81252E-06
 2.00955E+06
 9.99997E-01
 2.77625E-06
 2.00955E+06
 9.99997E-01
 2.74044E-06
 2.00955E+06
 9.99997E-01
 2.70510E-06
 2.00955E+06
 9.99997E-01
 2.67021E-06
 2.00955E+06
 9.99997E-01
 2.63577E-06
 2.00955E+06
 9.99997E-01
 2.60178E-06
 2.00955E+06
 9.99997E-01
 2.56823E-06
 2.00955E+06
 9.99997E-01
 2.53511E-06
 2.00955E+06
 9.99997E-01
 2.50241E-06
 2.00955E+06
 9.99998E-01
 2.47014E-06
 2.00955E+06
 9.99998E-01
 2.43828E-06
 2.00955E+06
 9.99998E-01
 2.40684E-06
 2.00955E+06
 9.99998E-01
 2.37580E-06
 2.00955E+06
 9.99998E-01
 2.34516E-06
 2.00955E+06
 9.99998E-01
 2.31491E-06
 2.00955E+06
 9.99998E-01
 2.28506E-06
 2.00955E+06
 9.99998E-01
 2.25559E-06
 2.00955E+06
 9.99998E-01
 2.22650E-06
 2.00955E+06
 9.99998E-01
 2.19778E-06
 2.00955E+06
 9.99998E-01
 2.16944E-06
 2.00955E+06
 9.99998E-01
 2.14146E-06
 2.00955E+06
 9.99998E-01
 2.11384E-06
 2.00955E+06
 9.99998E-01
 2.08658E-06
 2.00955E+06
 9.99998E-01
 2.05967E-06
 2.00955E+06
 9.99998E-01
 2.03311E-06
 2.00955E+06
 9.99998E-01
 2.00689E-06
 2.00955E+06
 9.99998E-01
 1.98101E-06
 2.00955E+06
 9.99998E-01
 1.95546E-06
 2.00955E+06
 9.99998E-01
 1.93024E-06
 2.00955E+06
 9.99998E-01
 1.90535E-06
 2.00955E+06
 9.99998E-01
 1.88077E-06
 2.00955E+06
 9.99998E-01
 1.85652E-06
 2.00955E+06
 9.99998E-01
 1.83257E-06
 2.00955E+06
 9.99998E-01
 1.80894E-06
 2.00955E+06
 9.99998E-01
 1.78561E-06
 2.00955E+06
 9.99998E-01
 1.76258E-06
 2.00955E+06
 9.99998E-01
 1.73985E-06
 2.00955E+06
 9.99998E-01
 1.71741E-06
 2.00955E+06
 9.99998E-01
 1.69526E-06
 2.00955E+06
 9.99998E-01
 1.67340E-06
 2.00955E+06
 9.99998E-01
 1.65182E-06
 2.00955E+06
 9.99998E-01
 1.63052E-06
 2.00955E+06
 9.99998E-01
 1.60949E-06
 2.00955E+06
 9.99998E-01
 1.58873E-06
 2.00955E+06
 9.99998E-01
 1.56824E-06
 2.00955E+06
 9.99998E-01
 1.54802E-06
 2.00955E+06
 9.99998E-01
 1.52805E-06
 2.00955E+06
 9.99998E-01
 1.50835E-06
 2.00955E+06
 9.99999E-01
 1.48889E-06
 2.00955E+06
 9.99999E-01
 1.46969E-06
 2.00955E+06
 9.99999E-01
 1.45074E-06
 2.00955E+06
 9.99999E-01
 1.43203E-06
 2.00955E+06
 9.99999E-01
 1.41356E-06
 2.00955E+06
 9.99999E-01
 1.39533E-06
 2.00955E+06
 9.99999E-01
 1.37733E-06
 2.00955E+06
 9.99999E-01
 1.35957E-06
 2.00955E+06
 9.99999E-01
 1.34204E-06
 2.00955E+06
 9.99999E-01
 1.32473E-06
 2.00955E+06
 9.99999E-01
 1.30765E-06
 2.00955E+06
 9.99999E-01
 1.29078E-06
 2.00955E+06
 9.99999E-01
 1.27413E-06
 2.00955E+06
 9.99999E-01
 1.25770E-06
 2.00955E+06
 9.99999E-01
 1.24148E-06
 2.00955E+06
 9.99999E-01
 1.22547E-06
 2.00955E+06
 9.99999E-01
 1.20967E-06
 2.00955E+06
 9.99999E-01
 1.19407E-06
 2.00955E+06
 9.99999E-01
 1.17867E-06
 2.00955E+06
 9.99999E-01
 1.16347E-06
 2.00955E+06
 9.99999E-01
 1.14846E-06
 2.00955E+06
 9.99999E-01
 1.13365E-06
 2.00955E+06
 9.99999E-01
 1.11903E-06
 2.00955E+06
 9.99999E-01
 1.10460E-06
 2.00955E+06
 9.99999E-01
 1.09035E-06
 2.00955E+06
 9.99999E-01
 1.07629E-06
 2.00955E+06
 9.99999E-01
 1.06241E-06
 2.00955E+06
 9.99999E-01
 1.04871E-06
 2.00955E+06
 9.99999E-01
 1.03518E-06
 2.00955E+06
 9.99999E-01
 1.02183E-06
 2.00955E+06
 9.99999E-01
 1.00865E-06
 2.00954E+06
 9.99999E-01
 9.95646E-07
 2.00955E+06
 9.99999E-01
 9.82806E-07
 2.00954E+06
 9.99999E-01
 9.70131E-07
 2.00954E+06
 9.99999E-01
 9.57620E-07
 2.00954E+06
 9.99999E-01
 9.45270E-07
 2.00954E+06
 9.99999E-01
 9.33079E-07
 2.00954E+06
 9.99999E-01
 9.21045E-07
 2.00954E+06
 9.99999E-01
 9.09167E-07
 2.00954E+06
 9.99999E-01
 8.97442E-07
 2.00954E+06
 9.99999E-01
 8.85868E-07
 2.00954E+06
 9.99999E-01
 8.74443E-07
 2.00954E+06
 9.99999E-01
 8.63166E-07
 2.00954E+06
 9.99999E-01
 8.52034E-07
 2.00954E+06
 9.99999E-01
 8.41045E-07
 2.00954E+06
 9.99999E-01
 8.30199E-07
 2.00954E+06
 9.99999E-01
 8.19492E-07
 2.00954E+06
 9.99999E-01
 8.08923E-07
 2.00954E+06
 9.99999E-01
 7.98491E-07
 2.00954E+06
 9.99999E-01
 7.88193E-07
 2.00954E+06
 9.99999E-01
 7.78028E-07
 2.00954E+06
 9.99999E-01
 7.67994E-07
 2.00954E+06
 9.99999E-01
 7.58089E-07
 2.00954E+06
 9.99999E-01
 7.48313E-07
 2.00954E+06
 9.99999E-01
 7.38662E-07
 2.00954E+06
 9.99999E-01
 7.29136E-07
 2.00954E+06
 9.99999E-01
 7.19732E-07
 2.00954E+06
 9.99999E-01
 7.10450E-07
 2.00954E+06
 9.99999E-01
 7.01288E-07
 2.00954E+06
 9.99999E-01
 6.92243E-07
 2.00954E+06
 9.99999E-01
 6.83316E-07
 2.00954E+06
 9.99999E-01
 6.74503E-07
 2.00954E+06
 9.99999E-01
 6.65805E-07
 2.00954E+06
 9.99999E-01
 6.57218E-07
 2.00954E+06
 9.99999E-01
 6.48742E-07
 2.00954E+06
 9.99999E-01
 6.40375E-07
 2.00954E+06
 9.99999E-01
 6.32117E-07
 2.00954E+06
 9.99999E-01
 6.23965E-07
 2.00954E+06
 9.99999E-01
 6.15917E-07
 2.00954E+06
 9.99999E-01
 6.07974E-07
 2.00954E+06
 9.99999E-01
 6.00133E-07
 2.00954E+06
 9.99999E-01
 5.92394E-07
 2.00954E+06
 9.99999E-01
 5.84754E-07
 2.00954E+06
 9.99999E-01
 5.77212E-07
 2.00954E+06
 9.99999E-01
 5.69768E-07
 2.00954E+06
 9.99999E-01
 5.62420E-07
 2.00954E+06
 9.99999E-01
 5.55167E-07
 2.00954E+06
 9.99999E-01
 5.48007E-07
 2.00954E+06
 9.99999E-01
 5.40940E-07
 2.00954E+06
 9.99999E-01
 5.33963E-07
 2.00954E+06
 9.99999E-01
 5.27077E-07
 2.00954E+06
 9.99999E-01
 5.20280E-07
 2.00954E+06
 9.99999E-01
 5.13570E-07
 2.00954E+06
 9.99999E-01
 5.06946E-07
 2.00954E+06
 9.99999E-01
 5.00408E-07
 2.00954E+06
 1.00000E+00
 4.93955E-07
 2.00954E+06
 1.00000E+00
 4.87585E-07
 2.00954E+06
 1.00000E+00
 4.81296E-07
 2.00954E+06
 1.00000E+00
 4.75089E-07
 2.00954E+06
 1.00000E+00
 4.68962E-07
 2.00954E+06
 1.00000E+00
 4.62914E-07
 2.00954E+06
 1.00000E+00
 4.56944E-07
 2.00954E+06
 1.00000E+00
 4.51051E-07
 2.00954E+06
 1.00000E+00
 4.45234E-07
 2.00954E+06
 1.00000E+00
 4.39492E-07
 2.00954E+06
 1.00000E+00
 4.33824E-07
 2.00954E+06
 1.00000E+00
 4.28229E-07
 2.00954E+06
 1.00000E+00
 4.22706E-07
 2.00954E+06
 1.00000E+00
 4.17255E-07
 2.00954E+06
 1.00000E+00
 4.11874E-07
 2.00954E+06
 1.00000E+00
 4.06562E-07
 2.00954E+06
 1.00000E+00
 4.01319E-07
 2.00954E+06
 1.00000E+00
 3.96143E-07
 2.00954E+06
 1.00000E+00
 3.91034E-07
 2.00954E+06
 1.00000E+00
 3.85991E-07
 2.00954E+06
 1.00000E+00
 3.81013E-07
 2.00954E+06
 1.00000E+00
 3.76099E-07
 2.00954E+06
 1.00000E+00
 3.71249E-07
 2.00954E+06
 1.00000E+00
 3.66461E-07
 2.00954E+06
 1.00000E+00
 3.61735E-07
 2.00954E+06
 1.00000E+00
 3.57070E-07
 2.00954E+06
 1.00000E+00
 3.52465E-07
 2.00954E+06
 1.00000E+00
 3.47919E-07
 2.00954E+06
 1.00000E+00
 3.43432E-07
 2.00954E+06
 1.00000E+00
 3.39003E-07
 2.00954E+06
 1.00000E+00
 3.34631E-07
 2.00954E+06
 1.00000E+00
 3.30316E-07
 2.00954E+06
 1.00000E+00
 3.26056E-07
 2.00954E+06
 1.00000E+00
 3.21851E-07
 2.00954E+06
 1.00000E+00
 3.17700E-07
 2.00954E+06
 1.00000E+00
 3.13603E-07
 2.00954E+06
 1.00000E+00
 3.09558E-07
 2.00954E+06
 1.00000E+00
 3.05566E-07
 2.00954E+06
 1.00000E+00
 3.01625E-07
 2.00954E+06
 1.00000E+00
 2.97735E-07
 2.00954E+06
 1.00000E+00
 2.93895E-07
 2.00954E+06
 1.00000E+00
 2.90105E-07
 2.00954E+06
 1.00000E+00
 2.86364E-07
 2.00954E+06
 1.00000E+00
 2.82671E-07
 2.00954E+06
 1.00000E+00
 2.79025E-07
 2.00954E+06
 1.00000E+00
 2.75427E-07
 2.00954E+06
 1.00000E+00
 2.71875E-07
 2.00954E+06
 1.00000E+00
 2.68368E-07
 2.00954E+06
 1.00000E+00
 2.64907E-07
 2.00954E+06
 1.00000E+00
 2.61491E-07
 2.00954E+06
 1.00000E+00
 2.58118E-07
 2.00954E+06
 1.00000E+00
 2.54790E-07
 2.00954E+06
 1.00000E+00
 2.51504E-07
 2.00954E+06
 1.00000E+00
 2.48260E-07
 2.00954E+06
 1.00000E+00
 2.45058E-07
 2.00954E+06
 1.00000E+00
 2.41898E-07
 2.00954E+06
 1.00000E+00
 2.38778E-07
 2.00954E+06
 1.00000E+00
 2.35699E-07
 2.00954E+06
 1.00000E+00
 2.32659E-07
 2.00954E+06
 1.00000E+00
 2.29659E-07
 2.00954E+06
 1.00000E+00
 2.26697E-07
 2.00954E+06
 1.00000E+00
 2.23773E-07
 2.00954E+06
 1.00000E+00
 2.20887E-07
 2.00954E+06
 1.00000E+00
 2.18039E-07
 2.00954E+06
 1.00000E+00
 2.15227E-07
 2.00954E+06
 1.00000E+00
 2.12451E-07
 2.00954E+06
 1.00000E+00
 2.09711E-07
 2.00954E+06
 1.00000E+00
 2.07006E-07
 2.00954E+06
 1.00000E+00
 2.04337E-07
 2.00954E+06
 1.00000E+00
 2.01702E-07
 2.00954E+06
 1.00000E+00
 1.99100E-07
 2.00954E+06
 1.00000E+00
 1.96533E-07
 2.00954E+06
 1.00000E+00
 1.93998E-07
 2.00954E+06
 1.00000E+00
 1.91496E-07
 2.00954E+06
 1.00000E+00
 1.89026E-07
 2.00954E+06
 1.00000E+00
 1.86589E-07
 2.00954E+06
 1.00000E+00
 1.84182E-07
 2.00954E+06
 1.00000E+00
 1.81807E-07
 2.00954E+06
 1.00000E+00
 1.79462E-07
 2.00954E+06
 1.00000E+00
 1.77148E-07
 2.00954E+06
 1.00000E+00
 1.74863E-07
 2.00954E+06
 1.00000E+00
 1.72608E-07
 2.00954E+06
 1.00000E+00
 1.70382E-07
 2.00954E+06
 1.00000E+00
 1.68185E-07
 2.00954E+06
 1.00000E+00
 1.66016E-07
 2.00954E+06
 1.00000E+00
 1.63874E-07
 2.00954E+06
 1.00000E+00
 1.61761E-07
 2.00954E+06
 1.00000E+00
 1.59675E-07
 2.00954E+06
 1.00000E+00
 1.57616E-07
 2.00954E+06
 1.00000E+00
 1.55583E-07
 2.00954E+06
 1.00000E+00
 1.53576E-07
 2.00954E+06
 1.00000E+00
 1.51596E-07
 2.00954E+06
 1.00000E+00
 1.49641E-07
 2.00954E+06
 1.00000E+00
 1.47711E-07
 2.00954E+06
 1.00000E+00
 1.45806E-07
 2.00954E+06
 1.00000E+00
 1.43925E-07
 2.00954E+06
 1.00000E+00
 1.42069E-07
 2.00954E+06
 1.00000E+00
 1.40237E-07
 2.00954E+06
 1.00000E+00
 1.38429E-07
 2.00954E+06
 1.00000E+00
 1.36643E-07
 2.00954E+06
 1.00000E+00
 1.34881E-07
 2.00954E+06
 1.00000E+00
 1.33142E-07
 2.00954E+06
 1.00000E+00
 1.31424E-07
 2.00954E+06
 1.00000E+00
 1.29730E-07
 2.00954E+06
 1.00000E+00
 1.28056E-07
 2.00954E+06
 1.00000E+00
 1.26405E-07
 2.00954E+06
 1.00000E+00
 1.24775E-07
 2.00954E+06
 1.00000E+00
 1.23166E-07
 2.00954E+06
 1.00000E+00
 1.21577E-07
 2.00954E+06
 1.00000E+00
 1.20009E-07
 2.00954E+06
 1.00000E+00
 1.18462E-07
 2.00954E+06
 1.00000E+00
 1.16934E-07
 2.00954E+06
 1.00000E+00
 1.15426E-07
 2.00954E+06
 1.00000E+00
 1.13937E-07
 2.00954E+06
 1.00000E+00
 1.12468E-07
 2.00954E+06
 1.00000E+00
 1.11017E-07
 2.00954E+06
 1.00000E+00
 1.09586E-07
 2.00954E+06
 1.00000E+00
 1.08172E-07
 2.00954E+06
 1.00000E+00
 1.06777E-07
 2.00954E+06
 1.00000E+00
 1.05400E-07
 2.00954E+06
 1.00000E+00
 1.04041E-07
 2.00954E+06
 1.00000E+00
 1.02699E-07
 2.00954E+06
 1.00000E+00
 1.01375E-07
 2.00954E+06
 1.00000E+00
 1.00067E-07
 2.00954E+06
 1.00000E+00
 9.87766E-08
 2.00954E+06
 1.00000E+00
 9.75027E-08
 2.00954E+06
 1.00000E+00
 9.62453E-08
 2.00954E+06
 1.00000E+00
 9.50041E-08
 2.00954E+06
 1.00000E+00
 9.37788E-08
 2.00954E+06
 1.00000E+00
 9.25694E-08
 2.00954E+06
 1.00000E+00
 9.13756E-08
 2.00954E+06
 1.00000E+00
 9.01971E-08
 2.00954E+06
 1.00000E+00
 8.90339E-08
 2.00954E+06
 1.00000E+00
 8.78856E-08
 2.00954E+06
 1.00000E+00
 8.67522E-08
 2.00954E+06
 1.00000E+00
 8.56334E-08
 2.00954E+06
 1.00000E+00
 8.45290E-08
 2.00954E+06
 1.00000E+00
 8.34389E-08
 2.00954E+06
 1.00000E+00
 8.23628E-08
 2.00954E+06
 1.00000E+00
 8.13006E-08
 2.00954E+06
 1.00000E+00
 8.02521E-08
 2.00954E+06
 1.00000E+00
 7.92171E-08
 2.00954E+06
 1.00000E+00
 7.81955E-08
 2.00954E+06
 1.00000E+00
 7.71870E-08
 2.00954E+06
 1.00000E+00
 7.61916E-08
 2.00954E+06
 1.00000E+00
 7.52090E-08
 2.00954E+06
 1.00000E+00
 7.42390E-08
 2.00954E+06
 1.00000E+00
 7.32816E-08
 2.00954E+06
 1.00000E+00
 7.23365E-08
 2.00954E+06
 1.00000E+00
 7.14036E-08
 2.00954E+06
 1.00000E+00
 7.04827E-08
 2.00954E+06
 1.00000E+00
 6.95738E-08
 2.00954E+06
 1.00000E+00
 6.86765E-08
 2.00954E+06
 1.00000E+00
 6.77908E-08
 2.00954E+06
 1.00000E+00
 6.69165E-08
 2.00954E+06
 1.00000E+00
 6.60535E-08
 2.00954E+06
 1.00000E+00
 6.52017E-08
 2.00954E+06
 1.00000E+00
 6.43608E-08
 2.00954E+06
 1.00000E+00
 6.35307E-08
 2.00954E+06
 1.00000E+00
 6.27114E-08
 2.00954E+06
 1.00000E+00
 6.19026E-08
 2.00954E+06
 1.00000E+00
 6.11043E-08
 2.00954E+06
 1.00000E+00
 6.03163E-08
 2.00954E+06
 1.00000E+00
 5.95384E-08
 2.00954E+06
 1.00000E+00
 5.87705E-08
 2.00954E+06
 1.00000E+00
 5.80126E-08
 2.00954E+06
 1.00000E+00
 5.72644E-08
 2.00954E+06
 1.00000E+00
 5.65259E-08
 2.00954E+06
 1.00000E+00
 5.57969E-08
 2.00954E+06
 1.00000E+00
 5.50773E-08
 2.00954E+06
 1.00000E+00
 5.43670E-08
 2.00954E+06
 1.00000E+00
 5.36659E-08
 2.00954E+06
 1.00000E+00
 5.29738E-08
 2.00954E+06
 1.00000E+00
 5.22906E-08
 2.00954E+06
 1.00000E+00
 5.16162E-08
 2.00954E+06
 1.00000E+00
 5.09505E-08
 2.00954E+06
 1.00000E+00
 5.02934E-08
 2.00954E+06
 1.00000E+00
 4.96448E-08
 2.00954E+06
 1.00000E+00
 4.90046E-08
 2.00954E+06
 1.00000E+00
 4.83726E-08
 2.00954E+06
 1.00000E+00
 4.77487E-08
 2.00954E+06
 1.00000E+00
 4.71329E-08
 2.00954E+06
 1.00000E+00
 4.65251E-08
 2.00954E+06
 1.00000E+00
 4.59251E-08
 2.00954E+06
 1.00000E+00
 4.53328E-08
 2.00954E+06
 1.00000E+00
 4.47482E-08
 2.00954E+06
 1.00000E+00
 4.41711E-08
 2.00954E+06
 1.00000E+00
 4.36014E-08
 2.00954E+06
 1.00000E+00
 4.30391E-08
 2.00954E+06
 1.00000E+00
 4.24840E-08
 2.00954E+06
 1.00000E+00
 4.19361E-08
 2.00954E+06
 1.00000E+00
 4.13953E-08
 2.00954E+06
 1.00000E+00
 4.08614E-08
 2.00954E+06
 1.00000E+00
 4.03345E-08
 2.00954E+06
 1.00000E+00
 3.98143E-08
 2.00954E+06
 1.00000E+00
 3.93008E-08
 2.00954E+06
 1.00000E+00
 3.87940E-08
 2.00954E+06
 1.00000E+00
 3.82937E-08
 2.00954E+06
 1.00000E+00
 3.77998E-08
 2.00954E+06
 1.00000E+00
 3.73123E-08
 2.00954E+06
 1.00000E+00
 3.68311E-08
 2.00954E+06
 1.00000E+00
 3.63561E-08
 2.00954E+06
 1.00000E+00
 3.58872E-08
 2.00954E+06
 1.00000E+00
 3.54244E-08
 2.00954E+06
 1.00000E+00
 3.49676E-08
 2.00954E+06
 1.00000E+00
 3.45166E-08
 2.00954E+06
 1.00000E+00
 3.40714E-08
 2.00954E+06
 1.00000E+00
 3.36320E-08
 2.00954E+06
 1.00000E+00
 3.31983E-08
 2.00954E+06
 1.00000E+00
 3.27702E-08
 2.00954E+06
 1.00000E+00
 3.23475E-08
 2.00954E+06
 1.00000E+00
 3.19304E-08
 2.00954E+06
 1.00000E+00
 3.15186E-08
 2.00954E+06
 1.00000E+00
 3.11121E-08
 2.00954E+06
 1.00000E+00
 3.07108E-08
 2.00954E+06
 1.00000E+00
 3.03148E-08
 2.00954E+06
 1.00000E+00
 2.99238E-08
 2.00954E+06
 1.00000E+00
 2.95379E-08
 2.00954E+06
 1.00000E+00
 2.91570E-08
 2.00954E+06
 1.00000E+00
 2.87809E-08
 2.00954E+06
 1.00000E+00
 2.84098E-08
 2.00954E+06
 1.00000E+00
 2.80434E-08
 2.00954E+06
 1.00000E+00
 2.76817E-08
 2.00954E+06
 1.00000E+00
 2.73247E-08
 2.00954E+06
 1.00000E+00
 2.69723E-08
 2.00954E+06
 1.00000E+00
 2.66245E-08
 2.00954E+06
 1.00000E+00
 2.62811E-08
 2.00954E+06
 1.00000E+00
 2.59421E-08
 2.00954E+06
 1.00000E+00
 2.56076E-08
 2.00954E+06
 1.00000E+00
 2.52773E-08
 2.00954E+06
 1.00000E+00
 2.49513E-08
 2.00954E+06
 1.00000E+00
 2.46296E-08
 2.00954E+06
 1.00000E+00
 2.43119E-08
 2.00954E+06
 1.00000E+00
 2.39984E-08
 2.00953E+06
 1.00000E+00
 2.36889E-08
 2.00953E+06
 1.00000E+00
 2.33834E-08
 2.00953E+06
 1.00000E+00
 2.30818E-08
 2.00953E+06
 1.00000E+00
 2.27841E-08
 2.00953E+06
 1.00000E+00
 2.24903E-08
 2.00953E+06
 1.00000E+00
 2.22002E-08
 2.00953E+06
 1.00000E+00
 2.19139E-08
 2.00953E+06
 1.00000E+00
 2.16313E-08
 2.00953E+06
 1.00000E+00
 2.13523E-08
 2.00953E+06
 1.00000E+00
 2.10770E-08
 2.00953E+06
 1.00000E+00
 2.08051E-08
 2.00953E+06
 1.00000E+00
 2.05368E-08
 2.00953E+06
 1.00000E+00
 2.02720E-08
 2.00953E+06
 1.00000E+00
 2.00105E-08
 2.00953E+06
 1.00000E+00
 1.97525E-08
 2.00953E+06
 1.00000E+00
 1.94977E-08
 2.00953E+06
 1.00000E+00
 1.92463E-08
 2.00953E+06
 1.00000E+00
 1.89981E-08
 2.00953E+06
 1.00000E+00
 1.87530E-08
 2.00953E+06
 1.00000E+00
 1.85112E-08
 2.00953E+06
 1.00000E+00
 1.82725E-08
 2.00953E+06
 1.00000E+00
 1.80368E-08
 2.00953E+06
 1.00000E+00
 1.78042E-08
 2.00953E+06
 1.00000E+00
 1.75746E-08
 2.00953E+06
 1.00000E+00
 1.73479E-08
 2.00953E+06
 1.00000E+00
 1.71242E-08
 2.00953E+06
 1.00000E+00
 1.69034E-08
 2.00953E+06
 1.00000E+00
 1.66854E-08
 2.00953E+06
 1.00000E+00
 1.64702E-08
 2.00953E+06
 1.00000E+00
 1.62578E-08
 2.00953E+06
 1.00000E+00
 1.60481E-08
 2.00953E+06
 1.00000E+00
 1.58411E-08
 2.00953E+06
 1.00000E+00
 1.56368E-08
 2.00953E+06
 1.00000E+00
 1.54352E-08
 2.00953E+06
 1.00000E+00
 1.52361E-08
 2.00953E+06
 1.00000E+00
 1.50396E-08
 2.00953E+06
 1.00000E+00
 1.48457E-08
 2.00953E+06
 1.00000E+00
 1.46542E-08
 2.00953E+06
 1.00000E+00
 1.44652E-08
 2.00953E+06
 1.00000E+00
 1.42787E-08
 2.00953E+06
 1.00000E+00
 1.40945E-08
 2.00953E+06
 1.00000E+00
 1.39127E-08
 2.00953E+06
 1.00000E+00
 1.37333E-08
 2.00953E+06
 1.00000E+00
 1.35562E-08
 2.00953E+06
 1.00000E+00
 1.33814E-08
 2.00953E+06
 1.00000E+00
 1.32088E-08
 2.00953E+06
 1.00000E+00
 1.30384E-08
 2.00953E+06
 1.00000E+00
 1.28703E-08
 2.00953E+06
 1.00000E+00
 1.27043E-08
 2.00953E+06
 1.00000E+00
 1.25405E-08
 2.00953E+06
 1.00000E+00
 1.23787E-08
 2.00953E+06
 1.00000E+00
 1.22191E-08
 2.00953E+06
 1.00000E+00
 1.20615E-08
 2.00953E+06
 1.00000E+00
 1.19060E-08
 2.00953E+06
 1.00000E+00
 1.17524E-08
 2.00953E+06
 1.00000E+00
 1.16008E-08
 2.00953E+06
 1.00000E+00
 1.14512E-08
 2.00953E+06
 1.00000E+00
 1.13035E-08
 2.00953E+06
 1.00000E+00
 1.11578E-08
 2.00953E+06
 1.00000E+00
 1.10139E-08
 2.00953E+06
 1.00000E+00
 1.08718E-08
 2.00953E+06
 1.00000E+00
 1.07316E-08
 2.00953E+06
 1.00000E+00
 1.05932E-08
 2.00953E+06
 1.00000E+00
 1.04566E-08
 2.00953E+06
 1.00000E+00
 1.03217E-08
 2.00953E+06
 1.00000E+00
 1.01886E-08
 2.00953E+06
 1.00000E+00
 1.00572E-08
 2.00953E+06
 1.00000E+00
 9.92753E-09
 2.00953E+06
 1.00000E+00
 9.79950E-09
 2.00953E+06
 1.00000E+00
 9.67312E-09
 2.00953E+06
 1.00000E+00
 9.54837E-09
 2.00953E+06
 1.00000E+00
 9.42522E-09
 2.00953E+06
 1.00000E+00
 9.30367E-09
 2.00953E+06
 1.00000E+00
 9.18369E-09
 2.00953E+06
 1.00000E+00
 9.06525E-09
 2.00953E+06
 1.00000E+00
 8.94834E-09
 2.00953E+06
 1.00000E+00
 8.83293E-09
 2.00953E+06
 1.00000E+00
 8.71902E-09
 2.00953E+06
 1.00000E+00
 8.60657E-09
 2.00953E+06
 1.00000E+00
 8.49558E-09
 2.00953E+06
 1.00000E+00
 8.38601E-09
 2.00953E+06
 1.00000E+00
 8.27786E-09
 2.00953E+06
 1.00000E+00
 8.17110E-09
 2.00953E+06
 1.00000E+00
 8.06572E-09
 2.00953E+06
 1.00000E+00
 7.96170E-09
 2.00953E+06
 1.00000E+00
 7.85902E-09
 2.00953E+06
 1.00000E+00
 7.75767E-09
 2.00953E+06
 1.00000E+00
 7.65762E-09
 2.00953E+06
 1.00000E+00
 7.55886E-09
 2.00953E+06
 1.00000E+00
 7.46138E-09
 2.00953E+06
 1.00000E+00
 7.36515E-09
 2.00953E+06
 1.00000E+00
 7.27017E-09
 2.00953E+06
 1.00000E+00
 7.17641E-09
 2.00953E+06
 1.00000E+00
 7.08386E-09
 2.00953E+06
 1.00000E+00
 6.99250E-09
 2.00953E+06
 1.00000E+00
 6.90232E-09
 2.00953E+06
 1.00000E+00
 6.81330E-09
 2.00953E+06
 1.00000E+00
 6.72543E-09
 2.00953E+06
 1.00000E+00
 6.63870E-09
 2.00953E+06
 1.00000E+00
 6.55308E-09
 2.00953E+06
 1.00000E+00
 6.46857E-09
 2.00953E+06
 1.00000E+00
 6.38515E-09
 2.00953E+06
 1.00000E+00
 6.30280E-09
 2.00953E+06
 1.00000E+00
 6.22151E-09
 2.00953E+06
 1.00000E+00
 6.14128E-09
 2.00953E+06
 1.00000E+00
 6.06208E-09
 2.00953E+06
 1.00000E+00
 5.98390E-09
 2.00953E+06
 1.00000E+00
 5.90672E-09
 2.00953E+06
 1.00000E+00
 5.83055E-09
 2.00953E+06
 1.00000E+00
 5.75535E-09
 2.00953E+06
 1.00000E+00
 5.68113E-09
 2.00953E+06
 1.00000E+00
 5.60786E-09
 2.00953E+06
 1.00000E+00
 5.53554E-09
 2.00953E+06
 1.00000E+00
 5.46415E-09
 2.00953E+06
 1.00000E+00
 5.39368E-09
 2.00953E+06
 1.00000E+00
 5.32412E-09
 2.00953E+06
 1.00000E+00
 5.25546E-09
 2.00953E+06
 1.00000E+00
 5.18768E-09
 2.00953E+06
 1.00000E+00
 5.12078E-09
 2.00953E+06
 1.00000E+00
 5.05473E-09
 2.00953E+06
 1.00000E+00
 4.98955E-09
 2.00953E+06
 1.00000E+00
 4.92520E-09
 2.00953E+06
 1.00000E+00
 4.86168E-09
 2.00953E+06
 1.00000E+00
 4.79898E-09
 2.00953E+06
 1.00000E+00
 4.73709E-09
 2.00953E+06
 1.00000E+00
 4.67600E-09
 2.00953E+06
 1.00000E+00
 4.61569E-09
 2.00953E+06
 1.00000E+00
 4.55617E-09
 2.00953E+06
 1.00000E+00
 4.49741E-09
 2.00953E+06
 1.00000E+00
 4.43940E-09
 2.00953E+06
 1.00000E+00
 4.38215E-09
 2.00953E+06
 1.00000E+00
 4.32564E-09
 2.00953E+06
 1.00000E+00
 4.26985E-09
 2.00953E+06
 1.00000E+00
 4.21478E-09
 2.00953E+06
 1.00000E+00
 4.16043E-09
 2.00953E+06
 1.00000E+00
 4.10677E-09
 2.00953E+06
 1.00000E+00
 4.05381E-09
 2.00953E+06
 1.00000E+00
 4.00153E-09
 2.00953E+06
 1.00000E+00
 3.94992E-09
 2.00953E+06
 1.00000E+00
 3.89898E-09
 2.00953E+06
 1.00000E+00
 3.84870E-09
 2.00953E+06
 1.00000E+00
 3.79906E-09
 2.00953E+06
 1.00000E+00
 3.75007E-09
 2.00953E+06
 1.00000E+00
 3.70170E-09
 2.00953E+06
 1.00000E+00
 3.65396E-09
 2.00953E+06
 1.00000E+00
 3.60684E-09
 2.00953E+06
 1.00000E+00
 3.56032E-09
 2.00953E+06
 1.00000E+00
 3.51441E-09
 2.00953E+06
 1.00000E+00
 3.46908E-09
 2.00953E+06
 1.00000E+00
 3.42434E-09
 2.00953E+06
 1.00000E+00
 3.38018E-09
 2.00953E+06
 1.00000E+00
 3.33659E-09
 2.00953E+06
 1.00000E+00
 3.29356E-09
 2.00953E+06
 1.00000E+00
 3.25108E-09
 2.00953E+06
 1.00000E+00
 3.20915E-09
 2.00953E+06
 1.00000E+00
 3.16777E-09
 2.00953E+06
 1.00000E+00
 3.12691E-09
 2.00953E+06
 1.00000E+00
 3.08659E-09
 2.00953E+06
 1.00000E+00
 3.04678E-09
 2.00953E+06
 1.00000E+00
 3.00749E-09
 2.00953E+06
 1.00000E+00
 2.96870E-09
 2.00953E+06
 1.00000E+00
 2.93042E-09
 2.00953E+06
 1.00000E+00
 2.89262E-09
 2.00953E+06
 1.00000E+00
 2.85532E-09
 2.00953E+06
 1.00000E+00
 2.81849E-09
 2.00953E+06
 1.00000E+00
 2.78214E-09
 2.00953E+06
 1.00000E+00
 2.74626E-09
 2.00953E+06
 1.00000E+00
 2.71085E-09
 2.00953E+06
 1.00000E+00
 2.67589E-09
 2.00953E+06
 1.00000E+00
 2.64138E-09
 2.00953E+06
 1.00000E+00
 2.60731E-09
 2.00953E+06
 1.00000E+00
 2.57369E-09
 2.00953E+06
 1.00000E+00
 2.54049E-09
 2.00953E+06
 1.00000E+00
 2.50773E-09
 2.00953E+06
 1.00000E+00
 2.47539E-09
 2.00953E+06
 1.00000E+00
 2.44346E-09
 2.00953E+06
 1.00000E+00
 2.41195E-09
 2.00953E+06
 1.00000E+00
 2.38085E-09
 2.00953E+06
 1.00000E+00
 2.35014E-09
 2.00953E+06
 1.00000E+00
 2.31983E-09
 2.00953E+06
 1.00000E+00
 2.28991E-09
 2.00953E+06
 1.00000E+00
 2.26038E-09
 2.00953E+06
 1.00000E+00
 2.23123E-09
 2.00953E+06
 1.00000E+00
 2.20246E-09
 2.00953E+06
 1.00000E+00
 2.17405E-09
 2.00953E+06
 1.00000E+00
 2.14601E-09
 2.00953E+06
 1.00000E+00
 2.11834E-09
 2.00953E+06
 1.00000E+00
 2.09102E-09
 2.00953E+06
 1.00000E+00
 2.06405E-09
 2.00953E+06
 1.00000E+00
 2.03743E-09
 2.00953E+06
 1.00000E+00
 2.01116E-09
 2.00953E+06
 1.00000E+00
 1.98522E-09
 2.00953E+06
 1.00000E+00
 1.95962E-09
 2.00953E+06
 1.00000E+00
 1.93434E-09
 2.00953E+06
 1.00000E+00
 1.90940E-09
 2.00953E+06
 1.00000E+00
 1.88477E-09
 2.00953E+06
 1.00000E+00
 1.86046E-09
 2.00953E+06
 1.00000E+00
 1.83647E-09
 2.00953E+06
 1.00000E+00
 1.81279E-09
 2.00953E+06
 1.00000E+00
 1.78941E-09
 2.00953E+06
 1.00000E+00
 1.76633E-09
 2.00953E+06
 1.00000E+00
 1.74355E-09
 2.00953E+06
 1.00000E+00
 1.72107E-09
 2.00953E+06
 1.00000E+00
 1.69887E-09
 2.00953E+06
 1.00000E+00
 1.67696E-09
 2.00953E+06
 1.00000E+00
 1.65533E-09
 2.00953E+06
 1.00000E+00
 1.63398E-09
 2.00953E+06
 1.00000E+00
 1.61291E-09
 2.00953E+06
 1.00000E+00
 1.59211E-09
 2.00953E+06
 1.00000E+00
 1.57158E-09
 2.00953E+06
 1.00000E+00
 1.55131E-09
 2.00953E+06
 1.00000E+00
 1.53130E-09
 2.00953E+06
 1.00000E+00
 1.51155E-09
 2.00953E+06
 1.00000E+00
 1.49206E-09
 2.00953E+06
 1.00000E+00
 1.47282E-09
 2.00953E+06
 1.00000E+00
 1.45382E-09
 2.00953E+06
 1.00000E+00
 1.43507E-09
 2.00953E+06
 1.00000E+00
 1.41657E-09
 2.00953E+06
 1.00000E+00
 1.39830E-09
 2.00953E+06
 1.00000E+00
 1.38026E-09
 2.00953E+06
 1.00000E+00
 1.36246E-09
 2.00953E+06
 1.00000E+00
 1.34489E-09
 2.00953E+06
 1.00000E+00
 1.32755E-09
 2.00953E+06
 1.00000E+00
 1.31043E-09
 2.00953E+06
 1.00000E+00
 1.29353E-09
 2.00953E+06
 1.00000E+00
 1.27684E-09
 2.00953E+06
 1.00000E+00
 1.26038E-09
 2.00953E+06
 1.00000E+00
 1.24412E-09
 2.00953E+06
 1.00000E+00
 1.22808E-09
 2.00953E+06
 1.00000E+00
 1.21224E-09
 2.00953E+06
 1.00000E+00
 1.19661E-09
 2.00953E+06
 1.00000E+00
 1.18117E-09
 2.00953E+06
 1.00000E+00
 1.16594E-09
 2.00953E+06
 1.00000E+00
 1.15090E-09
 2.00953E+06
 1.00000E+00
 1.13606E-09
 2.00953E+06
 1.00000E+00
 1.12141E-09
 2.00953E+06
 1.00000E+00
 1.10695E-09
 2.00953E+06
 1.00000E+00
 1.09267E-09
 2.00953E+06
 1.00000E+00
 1.07858E-09
 2.00953E+06
 1.00000E+00
 1.06467E-09
 2.00953E+06
 1.00000E+00
 1.05094E-09
 2.00953E+06
 1.00000E+00
 1.03739E-09
 2.00953E+06
 1.00000E+00
 1.02401E-09
 2.00953E+06
 1.00000E+00
 1.01080E-09
 2.00953E+06
 1.00000E+00
 9.97765E-10
 2.00953E+06
 1.00000E+00
 9.84897E-10
 2.00953E+06
 1.00000E+00
 9.72195E-10
 2.00953E+06
 1.00000E+00
 9.59657E-10
 2.00953E+06
 1.00000E+00
 9.47281E-10
 2.00953E+06
 1.00000E+00
 9.35064E-10
 2.00953E+06
 1.00000E+00
 9.23005E-10
 2.00953E+06
 1.00000E+00
 9.11101E-10
 2.00953E+06
 1.00000E+00
 8.99351E-10
 2.00953E+06
 1.00000E+00
 8.87752E-10
 2.00953E+06
 1.00000E+00
 8.76303E-10
 2.00953E+06
 1.00000E+00
 8.65002E-10
 2.00953E+06
 1.00000E+00
 8.53846E-10
 2.00953E+06
 1.00000E+00
 8.42835E-10
 2.00953E+06
 1.00000E+00
 8.31965E-10
 2.00953E+06
 1.00000E+00
 8.21235E-10
 2.00953E+06
 1.00000E+00
 8.10644E-10
 2.00953E+06
 1.00000E+00
 8.00190E-10
 2.00953E+06
 1.00000E+00
 7.89870E-10
 2.00953E+06
 1.00000E+00
 7.79683E-10
 2.00953E+06
 1.00000E+00
 7.69628E-10
 2.00953E+06
 1.00000E+00
 7.59702E-10
 2.00953E+06
 1.00000E+00
 7.49905E-10
 2.00953E+06
 1.00000E+00
 7.40234E-10
 2.00953E+06
 1.00000E+00
 7.30687E-10
 2.00953E+06
 1.00000E+00
 7.21264E-10
 2.00953E+06
 1.00000E+00
 7.11962E-10
 2.00953E+06
 1.00000E+00
 7.02780E-10
 2.00953E+06
 1.00000E+00
 6.93716E-10
 2.00953E+06
 1.00000E+00
 6.84770E-10
 2.00953E+06
 1.00000E+00
 6.75939E-10
 2.00953E+06
 1.00000E+00
 6.67221E-10
 2.00953E+06
 1.00000E+00
 6.58616E-10
 2.00953E+06
 1.00000E+00
 6.50123E-10
 2.00953E+06
 1.00000E+00
 6.41738E-10
 2.00953E+06
 1.00000E+00
 6.33462E-10
 2.00953E+06
 1.00000E+00
 6.25292E-10
 2.00953E+06
 1.00000E+00
 6.17228E-10
 2.00953E+06
 1.00000E+00
 6.09268E-10
 2.00953E+06
 1.00000E+00
 6.01411E-10
 2.00953E+06
 1.00000E+00
 5.93654E-10
 2.00953E+06
 1.00000E+00
 5.85998E-10
 2.00953E+06
 1.00000E+00
 5.78441E-10
 2.00953E+06
 1.00000E+00
 5.70981E-10
 2.00953E+06
 1.00000E+00
 5.63617E-10
 2.00953E+06
 1.00000E+00
 5.56348E-10
 2.00953E+06
 1.00000E+00
 5.49173E-10
 2.00953E+06
 1.00000E+00
 5.42091E-10
 2.00953E+06
 1.00000E+00
 5.35100E-10
 2.00953E+06
 1.00000E+00
 5.28199E-10
 2.00953E+06
 1.00000E+00
 5.21387E-10
 2.00953E+06
 1.00000E+00
 5.14663E-10
 2.00953E+06
 1.00000E+00
 5.08025E-10
 2.00953E+06
 1.00000E+00
 5.01473E-10
 2.00953E+06
 1.00000E+00
 4.95006E-10
 2.00953E+06
 1.00000E+00
 4.88622E-10
 2.00953E+06
 1.00000E+00
 4.82321E-10
 2.00953E+06
 1.00000E+00
 4.76100E-10
 2.00953E+06
 1.00000E+00
 4.69960E-10
 2.00953E+06
 1.00000E+00
 4.63899E-10
 2.00953E+06
 1.00000E+00
 4.57917E-10
 2.00953E+06
 1.00000E+00
 4.52011E-10
 2.00953E+06
 1.00000E+00
 4.46182E-10
 2.00953E+06
 1.00000E+00
 4.40427E-10
 2.00953E+06
 1.00000E+00
 4.34747E-10
 2.00953E+06
 1.00000E+00
 4.29141E-10
 2.00952E+06
 1.00000E+00
 4.23606E-10
 2.00952E+06
 1.00000E+00
 4.18143E-10
 2.00952E+06
 1.00000E+00
 4.12750E-10
 2.00952E+06
 1.00000E+00
 4.07427E-10
 2.00952E+06
 1.00000E+00
 4.02173E-10
 2.00952E+06
 1.00000E+00
 3.96986E-10
 2.00952E+06
 1.00000E+00
 3.91866E-10
 2.00952E+06
 1.00000E+00
 3.86813E-10
 2.00952E+06
 1.00000E+00
 3.81824E-10
 2.00952E+06
 1.00000E+00
 3.76900E-10
 2.00952E+06
 1.00000E+00
 3.72039E-10
 2.00952E+06
 1.00000E+00
 3.67241E-10
 2.00952E+06
 1.00000E+00
 3.62505E-10
 2.00952E+06
 1.00000E+00
 3.57830E-10
 2.00952E+06
 1.00000E+00
 3.53215E-10
 2.00952E+06
 1.00000E+00
 3.48660E-10
 2.00952E+06
 1.00000E+00
 3.44163E-10
 2.00952E+06
 1.00000E+00
 3.39725E-10
 2.00952E+06
 1.00000E+00
 3.35343E-10
 2.00952E+06
 1.00000E+00
 3.31019E-10
 2.00952E+06
 1.00000E+00
 3.26750E-10
 2.00952E+06
 1.00000E+00
 3.22536E-10
 2.00952E+06
 1.00000E+00
 3.18376E-10
 2.00952E+06
 1.00000E+00
 3.14270E-10
 2.00952E+06
 1.00000E+00
 3.10217E-10
 2.00952E+06
 1.00000E+00
 3.06216E-10
 2.00952E+06
 1.00000E+00
 3.02267E-10
 2.00952E+06
 1.00000E+00
 2.98369E-10
 2.00952E+06
 1.00000E+00
 2.94521E-10
 2.00952E+06
 1.00000E+00
 2.90723E-10
 2.00952E+06
 1.00000E+00
 2.86973E-10
 2.00952E+06
 1.00000E+00
 2.83272E-10
 2.00952E+06
 1.00000E+00
 2.79619E-10
 2.00952E+06
 1.00000E+00
 2.76013E-10
 2.00952E+06
 1.00000E+00
 2.72453E-10
 2.00952E+06
 1.00000E+00
 2.68939E-10
 2.00952E+06
 1.00000E+00
 2.65471E-10
 2.00952E+06
 1.00000E+00
 2.62047E-10
 2.00952E+06
 1.00000E+00
 2.58668E-10
 2.00952E+06
 1.00000E+00
 2.55332E-10
 2.00952E+06
 1.00000E+00
 2.52039E-10
 2.00952E+06
 1.00000E+00
 2.48789E-10
 2.00952E+06
 1.00000E+00
 2.45580E-10
 2.00952E+06
 1.00000E+00
 2.42413E-10
 2.00952E+06
 1.00000E+00
 2.39287E-10
 2.00952E+06
 1.00000E+00
 2.36201E-10
 2.00952E+06
 1.00000E+00
 2.33154E-10
 2.00952E+06
 1.00000E+00
 2.30147E-10
 2.00952E+06
 1.00000E+00
 2.27179E-10
 2.00952E+06
 1.00000E+00
 2.24250E-10
 2.00952E+06
 1.00000E+00
 2.21357E-10
 2.00952E+06
 1.00000E+00
 2.18503E-10
 2.00952E+06
 1.00000E+00
 2.15685E-10
 2.00952E+06
 1.00000E+00
 2.12903E-10
 2.00952E+06
 1.00000E+00
 2.10157E-10
 2.00952E+06
 1.00000E+00
 2.07447E-10
 2.00952E+06
 1.00000E+00
 2.04772E-10
 2.00952E+06
 1.00000E+00
 2.02131E-10
 2.00952E+06
 1.00000E+00
 1.99524E-10
 2.00952E+06
 1.00000E+00
 1.96951E-10
 2.00952E+06
 1.00000E+00
 1.94411E-10
 2.00952E+06
 1.00000E+00
 1.91904E-10
 2.00952E+06
 1.00000E+00
 1.89429E-10
 2.00952E+06
 1.00000E+00
 1.86986E-10
 2.00952E+06
 1.00000E+00
 1.84574E-10
 2.00952E+06
 1.00000E+00
 1.82194E-10
 2.00952E+06
 1.00000E+00
 1.79844E-10
 2.00952E+06
 1.00000E+00
 1.77525E-10
 2.00952E+06
 1.00000E+00
 1.75235E-10
 2.00952E+06
 1.00000E+00
 1.72975E-10
 2.00952E+06
 1.00000E+00
 1.70745E-10
 2.00952E+06
 1.00000E+00
 1.68543E-10
 2.00952E+06
 1.00000E+00
 1.66369E-10
 2.00952E+06
 1.00000E+00
 1.64223E-10
 2.00952E+06
 1.00000E+00
 1.62105E-10
 2.00952E+06
 1.00000E+00
 1.60015E-10
 2.00952E+06
 1.00000E+00
 1.57951E-10
 2.00952E+06
 1.00000E+00
 1.55914E-10
 2.00952E+06
 1.00000E+00
 1.53903E-10
 2.00952E+06
 1.00000E+00
 1.51919E-10
 2.00952E+06
 1.00000E+00
 1.49959E-10
 2.00952E+06
 1.00000E+00
 1.48025E-10
 2.00952E+06
 1.00000E+00
 1.46116E-10
 2.00952E+06
 1.00000E+00
 1.44232E-10
 2.00952E+06
 1.00000E+00
 1.42372E-10
 2.00952E+06
 1.00000E+00
 1.40536E-10
 2.00952E+06
 1.00000E+00
 1.38723E-10
 2.00952E+06
 1.00000E+00
 1.36934E-10
 2.00952E+06
 1.00000E+00
 1.35168E-10
 2.00952E+06
 1.00000E+00
 1.33425E-10
 2.00952E+06
 1.00000E+00
 1.31704E-10
 2.00952E+06
 1.00000E+00
 1.30006E-10
 2.00952E+06
 1.00000E+00
 1.28329E-10
 2.00952E+06
 1.00000E+00
 1.26674E-10
 2.00952E+06
 1.00000E+00
 1.25040E-10
 2.00952E+06
 1.00000E+00
 1.23428E-10
 2.00952E+06
 1.00000E+00
 1.21836E-10
 2.00952E+06
 1.00000E+00
 1.20265E-10
 2.00952E+06
 1.00000E+00
 1.18714E-10
 2.00952E+06
 1.00000E+00
 1.17183E-10
 2.00952E+06
 1.00000E+00
 1.15671E-10
 2.00952E+06
 1.00000E+00
 1.14180E-10
 2.00952E+06
 1.00000E+00
 1.12707E-10
 2.00952E+06
 1.00000E+00
 1.11254E-10
 2.00952E+06
 1.00000E+00
 1.09819E-10
 2.00952E+06
 1.00000E+00
 1.08403E-10
 2.00952E+06
 1.00000E+00
 1.07004E-10
 2.00952E+06
 1.00000E+00
 1.05624E-10
 2.00952E+06
 1.00000E+00
 1.04262E-10
 2.00952E+06
 1.00000E+00
 1.02918E-10
 2.00952E+06
 1.00000E+00
 1.01590E-10
 2.00952E+06
 1.00000E+00
 1.00280E-10
 2.00952E+06
 1.00000E+00
 9.89869E-11
 2.00952E+06
 1.00000E+00
 9.77103E-11
 2.00952E+06
 1.00000E+00
 9.64502E-11
 2.00952E+06
 1.00000E+00
 9.52063E-11
 2.00952E+06
 1.00000E+00
 9.39785E-11
 2.00952E+06
 1.00000E+00
 9.27665E-11
 2.00952E+06
 1.00000E+00
 9.15701E-11
 2.00952E+06
 1.00000E+00
 9.03891E-11
 2.00952E+06
 1.00000E+00
 8.92234E-11
 2.00952E+06
 1.00000E+00
 8.80727E-11
 2.00952E+06
 1.00000E+00
 8.69369E-11
 2.00952E+06
 1.00000E+00
 8.58157E-11
 2.00952E+06
 1.00000E+00
 8.47090E-11
 2.00952E+06
 1.00000E+00
 8.36165E-11
 2.00952E+06
 1.00000E+00
 8.25381E-11
 2.00952E+06
 1.00000E+00
 8.14737E-11
 2.00952E+06
 1.00000E+00
 8.04230E-11
 2.00952E+06
 1.00000E+00
 7.93858E-11
 2.00952E+06
 1.00000E+00
 7.83620E-11
 2.00952E+06
 1.00000E+00
 7.73514E-11
 2.00952E+06
 1.00000E+00
 7.63538E-11
 2.00952E+06
 1.00000E+00
 7.53691E-11
 2.00952E+06
 1.00000E+00
 7.43971E-11
 2.00952E+06
 1.00000E+00
 7.34376E-11
 2.00952E+06
 1.00000E+00
 7.24905E-11
 2.00952E+06
 1.00000E+00
 7.15556E-11
 2.00952E+06
 1.00000E+00
 7.06328E-11
 2.00952E+06
 1.00000E+00
 6.97219E-11
 2.00952E+06
 1.00000E+00
 6.88227E-11
 2.00952E+06
 1.00000E+00
 6.79351E-11
 2.00952E+06
 1.00000E+00
 6.70590E-11
 2.00952E+06
 1.00000E+00
 6.61941E-11
 2.00952E+06
 1.00000E+00
 6.53405E-11
 2.00952E+06
 1.00000E+00
 6.44978E-11
 2.00952E+06
 1.00000E+00
 6.36660E-11
 2.00952E+06
 1.00000E+00
 6.28449E-11
 2.00952E+06
 1.00000E+00
 6.20344E-11
 2.00952E+06
 1.00000E+00
 6.12344E-11
 2.00952E+06
 1.00000E+00
 6.04447E-11
 2.00952E+06
 1.00000E+00
 5.96651E-11
 2.00952E+06
 1.00000E+00
 5.88957E-11
 2.00952E+06
 1.00000E+00
 5.81361E-11
 2.00952E+06
 1.00000E+00
 5.73863E-11
 2.00952E+06
 1.00000E+00
 5.66463E-11
 2.00952E+06
 1.00000E+00
 5.59157E-11
 2.00952E+06
 1.00000E+00
 5.51946E-11
 2.00952E+06
 1.00000E+00
 5.44828E-11
