 2.00937E+06
 0.00000E+00
 1.00000E+00
 2.00925E+06
 0.00000E+00
 1.00000E+00
 2.00926E+06
 0.00000E+00
 1.00000E+00
 2.00926E+06
 0.00000E+00
 1.00000E+00
 2.00926E+06
 0.00000E+00
 1.00000E+00
 2.00926E+06
 0.00000E+00
 1.00000E+00
 2.00926E+06
 0.00000E+00
 1.00000E+00
 2.00926E+06
 0.00000E+00
 1.00000E+00
 2.00926E+06
 0.00000E+00
 1.00000E+00
 2.00926E+06
 0.00000E+00
 1.00000E+00
 2.00926E+06
 0.00000E+00
 1.00000E+00
 2.00926E+06
 0.00000E+00
 1.00000E+00
 2.00926E+06
 0.00000E+00
 1.00000E+00
 2.00926E+06
 0.00000E+00
 1.00000E+00
 2.00926E+06
 0.00000E+00
 1.00000E+00
 2.00926E+06
 0.00000E+00
 1.00000E+00
 2.00926E+06
 0.00000E+00
 1.00000E+00
 2.00926E+06
 0.00000E+00
 1.00000E+00
 2.00926E+06
 0.00000E+00
 1.00000E+00
 2.00926E+06
 0.00000E+00
 1.00000E+00
 2.00926E+06
 0.00000E+00
 1.00000E+00
 2.00926E+06
 0.00000E+00
 1.00000E+00
 2.00926E+06
 0.00000E+00
 1.00000E+00
 2.00926E+06
 0.00000E+00
 1.00000E+00
 2.00926E+06
 0.00000E+00
 1.00000E+00
 2.00926E+06
 0.00000E+00
 1.00000E+00
 2.00926E+06
 0.00000E+00
 1.00000E+00
 2.00926E+06
 0.00000E+00
 1.00000E+00
 2.00926E+06
 0.00000E+00
 1.00000E+00
 2.00926E+06
 0.00000E+00
 1.00000E+00
 2.00926E+06
 0.00000E+00
 1.00000E+00
 2.00926E+06
 0.00000E+00
 1.00000E+00
 2.00926E+06
 0.00000E+00
 1.00000E+00
 2.00926E+06
 0.00000E+00
 1.00000E+00
 2.00926E+06
 0.00000E+00
 1.00000E+00
 2.00926E+06
 0.00000E+00
 1.00000E+00
 2.00926E+06
 0.00000E+00
 1.00000E+00
 2.00926E+06
 0.00000E+00
 1.00000E+00
 2.00926E+06
 0.00000E+00
 1.00000E+00
 2.00926E+06
 0.00000E+00
 1.00000E+00
 2.00926E+06
 0.00000E+00
 1.00000E+00
 2.00926E+06
 0.00000E+00
 1.00000E+00
 2.00926E+06
 0.00000E+00
 1.00000E+00
 2.00926E+06
 0.00000E+00
 1.00000E+00
 2.00926E+06
 0.00000E+00
 1.00000E+00
 2.00926E+06
 0.00000E+00
 1.00000E+00
 2.00926E+06
 0.00000E+00
 1.00000E+00
 2.00926E+06
 0.00000E+00
 1.00000E+00
 2.00926E+06
 0.00000E+00
 1.00000E+00
 2.00926E+06
 0.00000E+00
 1.00000E+00
 2.00926E+06
 0.00000E+00
 1.00000E+00
 2.00926E+06
 0.00000E+00
 1.00000E+00
 2.00926E+06
 0.00000E+00
 1.00000E+00
 2.00926E+06
 0.00000E+00
 1.00000E+00
 2.00926E+06
 0.00000E+00
 1.00000E+00
 2.00926E+06
 2.61199E-99
 1.00000E+00
 2.00926E+06
 1.15921E-98
 1.00000E+00
 2.00926E+06
 4.12122E-98
 1.00000E+00
 2.00926E+06
 1.35153E-97
 1.00000E+00
 2.00926E+06
 4.22359E-97
 1.00000E+00
 2.00926E+06
 1.27084E-96
 1.00000E+00
 2.00926E+06
 3.69832E-96
 1.00000E+00
 2.00926E+06
 1.04374E-95
 1.00000E+00
 2.00926E+06
 2.86245E-95
 1.00000E+00
 2.00926E+06
 7.64151E-95
 1.00000E+00
 2.00926E+06
 1.98875E-94
 1.00000E+00
 2.00926E+06
 5.05283E-94
 1.00000E+00
 2.00926E+06
 1.25485E-93
 1.00000E+00
 2.00926E+06
 3.04964E-93
 1.00000E+00
 2.00926E+06
 7.26054E-93
 1.00000E+00
 2.00926E+06
 1.69504E-92
 1.00000E+00
 2.00926E+06
 3.88396E-92
 1.00000E+00
 2.00926E+06
 8.74222E-92
 1.00000E+00
 2.00926E+06
 1.93447E-91
 1.00000E+00
 2.00926E+06
 4.21126E-91
 1.00000E+00
 2.00926E+06
 9.02552E-91
 1.00000E+00
 2.00926E+06
 1.90554E-90
 1.00000E+00
 2.00926E+06
 3.96563E-90
 1.00000E+00
 2.00926E+06
 8.13952E-90
 1.00000E+00
 2.00926E+06
 1.64857E-89
 1.00000E+00
 2.00926E+06
 3.29653E-89
 1.00000E+00
 2.00926E+06
 6.51101E-89
 1.00000E+00
 2.00926E+06
 1.27080E-88
 1.00000E+00
 2.00926E+06
 2.45202E-88
 1.00000E+00
 2.00926E+06
 4.67911E-88
 1.00000E+00
 2.00926E+06
 8.83398E-88
 1.00000E+00
 2.00926E+06
 1.65067E-87
 1.00000E+00
 2.00926E+06
 3.05365E-87
 1.00000E+00
 2.00926E+06
 5.59470E-87
 1.00000E+00
 2.00926E+06
 1.01546E-86
 1.00000E+00
 2.00926E+06
 1.82645E-86
 1.00000E+00
 2.00926E+06
 3.25632E-86
 1.00000E+00
 2.00926E+06
 5.75625E-86
 1.00000E+00
 2.00926E+06
 1.00915E-85
 1.00000E+00
 2.00926E+06
 1.75499E-85
 1.00000E+00
 2.00926E+06
 3.02833E-85
 1.00000E+00
 2.00926E+06
 5.18603E-85
 1.00000E+00
 2.00926E+06
 8.81579E-85
 1.00000E+00
 2.00926E+06
 1.48789E-84
 1.00000E+00
 2.00926E+06
 2.49371E-84
 1.00000E+00
 2.00926E+06
 4.15118E-84
 1.00000E+00
 2.00926E+06
 6.86470E-84
 1.00000E+00
 2.00926E+06
 1.12790E-83
 1.00000E+00
 2.00926E+06
 1.84160E-83
 1.00000E+00
 2.00926E+06
 2.98853E-83
 1.00000E+00
 2.00926E+06
 4.82090E-83
 1.00000E+00
 2.00926E+06
 7.73159E-83
 1.00000E+00
 2.00926E+06
 1.23294E-82
 1.00000E+00
 2.00926E+06
 1.95527E-82
 1.00000E+00
 2.00926E+06
 3.08403E-82
 1.00000E+00
 2.00926E+06
 4.83877E-82
 1.00000E+00
 2.00926E+06
 7.55279E-82
 1.00000E+00
 2.00926E+06
 1.17297E-81
 1.00000E+00
 2.00926E+06
 1.81269E-81
 1.00000E+00
 2.00926E+06
 2.78783E-81
 1.00000E+00
 2.00926E+06
 4.26736E-81
 1.00000E+00
 2.00926E+06
 6.50201E-81
 1.00000E+00
 2.00926E+06
 9.86222E-81
 1.00000E+00
 2.00926E+06
 1.48930E-80
 1.00000E+00
 2.00926E+06
 2.23930E-80
 1.00000E+00
 2.00926E+06
 3.35274E-80
 1.00000E+00
 2.00926E+06
 4.99905E-80
 1.00000E+00
 2.00926E+06
 7.42352E-80
 1.00000E+00
 2.00926E+06
 1.09800E-79
 1.00000E+00
 2.00926E+06
 1.61771E-79
 1.00000E+00
 2.00926E+06
 2.37431E-79
 1.00000E+00
 2.00926E+06
 3.47171E-79
 1.00000E+00
 2.00926E+06
 5.05771E-79
 1.00000E+00
 2.00926E+06
 7.34172E-79
 1.00000E+00
 2.00926E+06
 1.06195E-78
 1.00000E+00
 2.00926E+06
 1.53075E-78
 1.00000E+00
 2.00926E+06
 2.19898E-78
 1.00000E+00
 2.00926E+06
 3.14839E-78
 1.00000E+00
 2.00926E+06
 4.49292E-78
 1.00000E+00
 2.00926E+06
 6.39100E-78
 1.00000E+00
 2.00926E+06
 9.06220E-78
 1.00000E+00
 2.00926E+06
 1.28100E-77
 1.00000E+00
 2.00926E+06
 1.80525E-77
 1.00000E+00
 2.00926E+06
 2.53642E-77
 1.00000E+00
 2.00926E+06
 3.55323E-77
 1.00000E+00
 2.00926E+06
 4.96327E-77
 1.00000E+00
 2.00926E+06
 6.91313E-77
 1.00000E+00
 2.00926E+06
 9.60206E-77
 1.00000E+00
 2.00926E+06
 1.33002E-76
 1.00000E+00
 2.00926E+06
 1.83728E-76
 1.00000E+00
 2.00926E+06
 2.53125E-76
 1.00000E+00
 2.00926E+06
 3.47821E-76
 1.00000E+00
 2.00926E+06
 4.76713E-76
 1.00000E+00
 2.00926E+06
 6.51713E-76
 1.00000E+00
 2.00926E+06
 8.88733E-76
 1.00000E+00
 2.00926E+06
 1.20898E-75
 1.00000E+00
 2.00926E+06
 1.64065E-75
 1.00000E+00
 2.00926E+06
 2.22115E-75
 1.00000E+00
 2.00926E+06
 3.00001E-75
 1.00000E+00
 2.00926E+06
 4.04263E-75
 1.00000E+00
 2.00926E+06
 5.43522E-75
 1.00000E+00
 2.00926E+06
 7.29118E-75
 1.00000E+00
 2.00926E+06
 9.75934E-75
 1.00000E+00
 2.00926E+06
 1.30346E-74
 1.00000E+00
 2.00926E+06
 1.73719E-74
 1.00000E+00
 2.00926E+06
 2.31036E-74
 1.00000E+00
 2.00926E+06
 3.06625E-74
 1.00000E+00
 2.00926E+06
 4.06112E-74
 1.00000E+00
 2.00926E+06
 5.36793E-74
 1.00000E+00
 2.00926E+06
 7.08112E-74
 1.00000E+00
 2.00926E+06
 9.32277E-74
 1.00000E+00
 2.00926E+06
 1.22503E-73
 1.00000E+00
 2.00926E+06
 1.60664E-73
 1.00000E+00
 2.00926E+06
 2.10316E-73
 1.00000E+00
 2.00926E+06
 2.74802E-73
 1.00000E+00
 2.00926E+06
 3.58403E-73
 1.00000E+00
 2.00926E+06
 4.66594E-73
 1.00000E+00
 2.00926E+06
 6.06361E-73
 1.00000E+00
 2.00926E+06
 7.86609E-73
 1.00000E+00
 2.00926E+06
 1.01867E-72
 1.00000E+00
 2.00926E+06
 1.31693E-72
 1.00000E+00
 2.00926E+06
 1.69964E-72
 1.00000E+00
 2.00926E+06
 2.18992E-72
 1.00000E+00
 2.00926E+06
 2.81698E-72
 1.00000E+00
 2.00926E+06
 3.61769E-72
 1.00000E+00
 2.00926E+06
 4.63855E-72
 1.00000E+00
 2.00926E+06
 5.93806E-72
 1.00000E+00
 2.00926E+06
 7.58974E-72
 1.00000E+00
 2.00926E+06
 9.68585E-72
 1.00000E+00
 2.00926E+06
 1.23420E-71
 1.00000E+00
 2.00926E+06
 1.57028E-71
 1.00000E+00
 2.00926E+06
 1.99491E-71
 1.00000E+00
 2.00926E+06
 2.53063E-71
 1.00000E+00
 2.00926E+06
 3.20556E-71
 1.00000E+00
 2.00926E+06
 4.05466E-71
 1.00000E+00
 2.00926E+06
 5.12141E-71
 1.00000E+00
 2.00926E+06
 6.45974E-71
 1.00000E+00
 2.00926E+06
 8.13651E-71
 1.00000E+00
 2.00926E+06
 1.02345E-70
 1.00000E+00
 2.00926E+06
 1.28561E-70
 1.00000E+00
 2.00926E+06
 1.61275E-70
 1.00000E+00
 2.00926E+06
 2.02047E-70
 1.00000E+00
 2.00926E+06
 2.52796E-70
 1.00000E+00
 2.00926E+06
 3.15884E-70
 1.00000E+00
 2.00926E+06
 3.94211E-70
 1.00000E+00
 2.00926E+06
 4.91339E-70
 1.00000E+00
 2.00926E+06
 6.11633E-70
 1.00000E+00
 2.00926E+06
 7.60439E-70
 1.00000E+00
 2.00926E+06
 9.44294E-70
 1.00000E+00
 2.00926E+06
 1.17118E-69
 1.00000E+00
 2.00926E+06
 1.45086E-69
 1.00000E+00
 2.00926E+06
 1.79519E-69
 1.00000E+00
 2.00926E+06
 2.21865E-69
 1.00000E+00
 2.00926E+06
 2.73882E-69
 1.00000E+00
 2.00926E+06
 3.37709E-69
 1.00000E+00
 2.00926E+06
 4.15939E-69
 1.00000E+00
 2.00926E+06
 5.11717E-69
 1.00000E+00
 2.00926E+06
 6.28853E-69
 1.00000E+00
 2.00926E+06
 7.71955E-69
 1.00000E+00
 2.00926E+06
 9.46593E-69
 1.00000E+00
 2.00926E+06
 1.15949E-68
 1.00000E+00
 2.00926E+06
 1.41877E-68
 1.00000E+00
 2.00926E+06
 1.73420E-68
 1.00000E+00
 2.00926E+06
 2.11755E-68
 1.00000E+00
 2.00926E+06
 2.58298E-68
 1.00000E+00
 2.00926E+06
 3.14749E-68
 1.00000E+00
 2.00926E+06
 3.83150E-68
 1.00000E+00
 2.00926E+06
 4.65951E-68
 1.00000E+00
 2.00926E+06
 5.66085E-68
 1.00000E+00
 2.00926E+06
 6.87063E-68
 1.00000E+00
 2.00926E+06
 8.33088E-68
 1.00000E+00
 2.00926E+06
 1.00918E-67
 1.00000E+00
 2.00926E+06
 1.22132E-67
 1.00000E+00
 2.00926E+06
 1.47668E-67
 1.00000E+00
 2.00926E+06
 1.78375E-67
 1.00000E+00
 2.00926E+06
 2.15269E-67
 1.00000E+00
 2.00926E+06
 2.59556E-67
 1.00000E+00
 2.00926E+06
 3.12671E-67
 1.00000E+00
 2.00926E+06
 3.76317E-67
 1.00000E+00
 2.00926E+06
 4.52516E-67
 1.00000E+00
 2.00926E+06
 5.43664E-67
 1.00000E+00
 2.00926E+06
 6.52602E-67
 1.00000E+00
 2.00926E+06
 7.82692E-67
 1.00000E+00
 2.00926E+06
 9.37910E-67
 1.00000E+00
 2.00926E+06
 1.12296E-66
 1.00000E+00
 2.00926E+06
 1.34338E-66
 1.00000E+00
 2.00926E+06
 1.60573E-66
 1.00000E+00
 2.00926E+06
 1.91774E-66
 1.00000E+00
 2.00926E+06
 2.28849E-66
 1.00000E+00
 2.00926E+06
 2.72871E-66
 1.00000E+00
 2.00926E+06
 3.25099E-66
 1.00000E+00
 2.00926E+06
 3.87015E-66
 1.00000E+00
 2.00926E+06
 4.60361E-66
 1.00000E+00
 2.00926E+06
 5.47177E-66
 1.00000E+00
 2.00926E+06
 6.49862E-66
 1.00000E+00
 2.00926E+06
 7.71224E-66
 1.00000E+00
 2.00926E+06
 9.14552E-66
 1.00000E+00
 2.00926E+06
 1.08370E-65
 1.00000E+00
 2.00926E+06
 1.28317E-65
 1.00000E+00
 2.00926E+06
 1.51822E-65
 1.00000E+00
 2.00926E+06
 1.79502E-65
 1.00000E+00
 2.00926E+06
 2.12072E-65
 1.00000E+00
 2.00926E+06
 2.50371E-65
 1.00000E+00
 2.00926E+06
 2.95375E-65
 1.00000E+00
 2.00926E+06
 3.48221E-65
 1.00000E+00
 2.00926E+06
 4.10232E-65
 1.00000E+00
 2.00926E+06
 4.82947E-65
 1.00000E+00
 2.00926E+06
 5.68157E-65
 1.00000E+00
 2.00926E+06
 6.67941E-65
 1.00000E+00
 2.00926E+06
 7.84715E-65
 1.00000E+00
 2.00926E+06
 9.21280E-65
 1.00000E+00
 2.00926E+06
 1.08089E-64
 1.00000E+00
 2.00926E+06
 1.26730E-64
 1.00000E+00
 2.00926E+06
 1.48488E-64
 1.00000E+00
 2.00926E+06
 1.73868E-64
 1.00000E+00
 2.00926E+06
 2.03453E-64
 1.00000E+00
 2.00926E+06
 2.37920E-64
 1.00000E+00
 2.00926E+06
 2.78047E-64
 1.00000E+00
 2.00926E+06
 3.24737E-64
 1.00000E+00
 2.00926E+06
 3.79027E-64
 1.00000E+00
 2.00926E+06
 4.42119E-64
 1.00000E+00
 2.00926E+06
 5.15392E-64
 1.00000E+00
 2.00926E+06
 6.00441E-64
 1.00000E+00
 2.00926E+06
 6.99097E-64
 1.00000E+00
 2.00926E+06
 8.13471E-64
 1.00000E+00
 2.00926E+06
 9.45989E-64
 1.00000E+00
 2.00926E+06
 1.09944E-63
 1.00000E+00
 2.00926E+06
 1.27703E-63
 1.00000E+00
 2.00926E+06
 1.48243E-63
 1.00000E+00
 2.00926E+06
 1.71986E-63
 1.00000E+00
 2.00926E+06
 1.99418E-63
 1.00000E+00
 2.00926E+06
 2.31092E-63
 1.00000E+00
 2.00926E+06
 2.67645E-63
 1.00000E+00
 2.00926E+06
 3.09804E-63
 1.00000E+00
 2.00926E+06
 3.58404E-63
 1.00000E+00
 2.00926E+06
 4.14397E-63
 1.00000E+00
 2.00926E+06
 4.78872E-63
 1.00000E+00
 2.00926E+06
 5.53077E-63
 1.00000E+00
 2.00926E+06
 6.38432E-63
 1.00000E+00
 2.00926E+06
 7.36562E-63
 1.00000E+00
 2.00926E+06
 8.49320E-63
 1.00000E+00
 2.00926E+06
 9.78818E-63
 1.00000E+00
 2.00926E+06
 1.12747E-62
 1.00000E+00
 2.00926E+06
 1.29801E-62
 1.00000E+00
 2.00926E+06
 1.49356E-62
 1.00000E+00
 2.00926E+06
 1.71770E-62
 1.00000E+00
 2.00926E+06
 1.97445E-62
 1.00000E+00
 2.00926E+06
 2.26842E-62
 1.00000E+00
 2.00926E+06
 2.60485E-62
 1.00000E+00
 2.00926E+06
 2.98967E-62
 1.00000E+00
 2.00926E+06
 3.42963E-62
 1.00000E+00
 2.00926E+06
 3.93238E-62
 1.00000E+00
 2.00926E+06
 4.50661E-62
 1.00000E+00
 2.00926E+06
 5.16218E-62
 1.00000E+00
 2.00926E+06
 5.91023E-62
 1.00000E+00
 2.00926E+06
 6.76344E-62
 1.00000E+00
 2.00926E+06
 7.73610E-62
 1.00000E+00
 2.00926E+06
 8.84445E-62
 1.00000E+00
 2.00926E+06
 1.01068E-61
 1.00000E+00
 2.00926E+06
 1.15440E-61
 1.00000E+00
 2.00926E+06
 1.31793E-61
 1.00000E+00
 2.00926E+06
 1.50394E-61
 1.00000E+00
 2.00926E+06
 1.71541E-61
 1.00000E+00
 2.00926E+06
 1.95572E-61
 1.00000E+00
 2.00926E+06
 2.22869E-61
 1.00000E+00
 2.00926E+06
 2.53862E-61
 1.00000E+00
 2.00926E+06
 2.89035E-61
 1.00000E+00
 2.00926E+06
 3.28936E-61
 1.00000E+00
 2.00926E+06
 3.74179E-61
 1.00000E+00
 2.00926E+06
 4.25460E-61
 1.00000E+00
 2.00926E+06
 4.83557E-61
 1.00000E+00
 2.00926E+06
 5.49351E-61
 1.00000E+00
 2.00926E+06
 6.23828E-61
 1.00000E+00
 2.00926E+06
 7.08100E-61
 1.00000E+00
 2.00926E+06
 8.03416E-61
 1.00000E+00
 2.00926E+06
 9.11178E-61
 1.00000E+00
 2.00926E+06
 1.03296E-60
 1.00000E+00
 2.00926E+06
 1.17054E-60
 1.00000E+00
 2.00926E+06
 1.32588E-60
 1.00000E+00
 2.00926E+06
 1.50123E-60
 1.00000E+00
 2.00926E+06
 1.69908E-60
 1.00000E+00
 2.00926E+06
 1.92222E-60
 1.00000E+00
 2.00926E+06
 2.17379E-60
 1.00000E+00
 2.00926E+06
 2.45730E-60
 1.00000E+00
 2.00926E+06
 2.77669E-60
 1.00000E+00
 2.00926E+06
 3.13634E-60
 1.00000E+00
 2.00926E+06
 3.54119E-60
 1.00000E+00
 2.00926E+06
 3.99674E-60
 1.00000E+00
 2.00926E+06
 4.50914E-60
 1.00000E+00
 2.00926E+06
 5.08527E-60
 1.00000E+00
 2.00926E+06
 5.73282E-60
 1.00000E+00
 2.00926E+06
 6.46036E-60
 1.00000E+00
 2.00926E+06
 7.27749E-60
 1.00000E+00
 2.00926E+06
 8.19488E-60
 1.00000E+00
 2.00926E+06
 9.22447E-60
 1.00000E+00
 2.00926E+06
 1.03796E-59
 1.00000E+00
 2.00926E+06
 1.16750E-59
 1.00000E+00
 2.00926E+06
 1.31273E-59
 1.00000E+00
 2.00926E+06
 1.47548E-59
 1.00000E+00
 2.00926E+06
 1.65781E-59
 1.00000E+00
 2.00926E+06
 1.86201E-59
 1.00000E+00
 2.00926E+06
 2.09060E-59
 1.00000E+00
 2.00926E+06
 2.34642E-59
 1.00000E+00
 2.00926E+06
 2.63261E-59
 1.00000E+00
 2.00926E+06
 2.95268E-59
 1.00000E+00
 2.00926E+06
 3.31049E-59
 1.00000E+00
 2.00926E+06
 3.71038E-59
 1.00000E+00
 2.00926E+06
 4.15713E-59
 1.00000E+00
 2.00926E+06
 4.65607E-59
 1.00000E+00
 2.00926E+06
 5.21312E-59
 1.00000E+00
 2.00926E+06
 5.83483E-59
 1.00000E+00
 2.00926E+06
 6.52847E-59
 1.00000E+00
 2.00926E+06
 7.30213E-59
 1.00000E+00
 2.00926E+06
 8.16474E-59
 1.00000E+00
 2.00926E+06
 9.12622E-59
 1.00000E+00
 2.00926E+06
 1.01976E-58
 1.00000E+00
 2.00926E+06
 1.13909E-58
 1.00000E+00
 2.00926E+06
 1.27198E-58
 1.00000E+00
 2.00926E+06
 1.41991E-58
 1.00000E+00
 2.00926E+06
 1.58453E-58
 1.00000E+00
 2.00926E+06
 1.76767E-58
 1.00000E+00
 2.00926E+06
 1.97135E-58
 1.00000E+00
 2.00926E+06
 2.19780E-58
 1.00000E+00
 2.00926E+06
 2.44949E-58
 1.00000E+00
 2.00926E+06
 2.72915E-58
 1.00000E+00
 2.00926E+06
 3.03979E-58
 1.00000E+00
 2.00926E+06
 3.38473E-58
 1.00000E+00
 2.00926E+06
 3.76766E-58
 1.00000E+00
 2.00926E+06
 4.19263E-58
 1.00000E+00
 2.00926E+06
 4.66410E-58
 1.00000E+00
 2.00926E+06
 5.18702E-58
 1.00000E+00
 2.00926E+06
 5.76683E-58
 1.00000E+00
 2.00926E+06
 6.40952E-58
 1.00000E+00
 2.00926E+06
 7.12172E-58
 1.00000E+00
 2.00926E+06
 7.91070E-58
 1.00000E+00
 2.00926E+06
 8.78450E-58
 1.00000E+00
 2.00926E+06
 9.75195E-58
 1.00000E+00
 2.00926E+06
 1.08228E-57
 1.00000E+00
 2.00926E+06
 1.20077E-57
 1.00000E+00
 2.00926E+06
 1.33186E-57
 1.00000E+00
 2.00926E+06
 1.47682E-57
 1.00000E+00
 2.00926E+06
 1.63710E-57
 1.00000E+00
 2.00926E+06
 1.81426E-57
 1.00000E+00
 2.00926E+06
 2.01002E-57
 1.00000E+00
 2.00926E+06
 2.22628E-57
 1.00000E+00
 2.00926E+06
 2.46512E-57
 1.00000E+00
 2.00926E+06
 2.72882E-57
 1.00000E+00
 2.00926E+06
 3.01989E-57
 1.00000E+00
 2.00926E+06
 3.34109E-57
 1.00000E+00
 2.00926E+06
 3.69544E-57
 1.00000E+00
 2.00926E+06
 4.08626E-57
 1.00000E+00
 2.00926E+06
 4.51718E-57
 1.00000E+00
 2.00926E+06
 4.99220E-57
 1.00000E+00
 2.00926E+06
 5.51570E-57
 1.00000E+00
 2.00926E+06
 6.09246E-57
 1.00000E+00
 2.00926E+06
 6.72775E-57
 1.00000E+00
 2.00926E+06
 7.42732E-57
 1.00000E+00
 2.00926E+06
 8.19748E-57
 1.00000E+00
 2.00926E+06
 9.04514E-57
 1.00000E+00
 2.00926E+06
 9.97785E-57
 1.00000E+00
 2.00926E+06
 1.10039E-56
 1.00000E+00
 2.00926E+06
 1.21323E-56
 1.00000E+00
 2.00926E+06
 1.33730E-56
 1.00000E+00
 2.00926E+06
 1.47369E-56
 1.00000E+00
 2.00926E+06
 1.62357E-56
 1.00000E+00
 2.00926E+06
 1.78824E-56
 1.00000E+00
 2.00926E+06
 1.96912E-56
 1.00000E+00
 2.00926E+06
 2.16776E-56
 1.00000E+00
 2.00926E+06
 2.38584E-56
 1.00000E+00
 2.00926E+06
 2.62521E-56
 1.00000E+00
 2.00926E+06
 2.88789E-56
 1.00000E+00
 2.00926E+06
 3.17607E-56
 1.00000E+00
 2.00926E+06
 3.49216E-56
 1.00000E+00
 2.00926E+06
 3.83877E-56
 1.00000E+00
 2.00926E+06
 4.21877E-56
 1.00000E+00
 2.00926E+06
 4.63528E-56
 1.00000E+00
 2.00926E+06
 5.09168E-56
 1.00000E+00
 2.00926E+06
 5.59170E-56
 1.00000E+00
 2.00926E+06
 6.13936E-56
 1.00000E+00
 2.00926E+06
 6.73908E-56
 1.00000E+00
 2.00926E+06
 7.39565E-56
 1.00000E+00
 2.00926E+06
 8.11429E-56
 1.00000E+00
 2.00926E+06
 8.90070E-56
 1.00000E+00
 2.00926E+06
 9.76106E-56
 1.00000E+00
 2.00926E+06
 1.07021E-55
 1.00000E+00
 2.00926E+06
 1.17313E-55
 1.00000E+00
 2.00926E+06
 1.28564E-55
 1.00000E+00
 2.00926E+06
 1.40863E-55
 1.00000E+00
 2.00926E+06
 1.54303E-55
 1.00000E+00
 2.00926E+06
 1.68988E-55
 1.00000E+00
 2.00926E+06
 1.85029E-55
 1.00000E+00
 2.00926E+06
 2.02548E-55
 1.00000E+00
 2.00926E+06
 2.21677E-55
 1.00000E+00
 2.00926E+06
 2.42558E-55
 1.00000E+00
 2.00926E+06
 2.65348E-55
 1.00000E+00
 2.00926E+06
 2.90217E-55
 1.00000E+00
 2.00926E+06
 3.17347E-55
 1.00000E+00
 2.00926E+06
 3.46938E-55
 1.00000E+00
 2.00926E+06
 3.79207E-55
 1.00000E+00
 2.00926E+06
 4.14388E-55
 1.00000E+00
 2.00926E+06
 4.52737E-55
 1.00000E+00
 2.00926E+06
 4.94530E-55
 1.00000E+00
 2.00926E+06
 5.40067E-55
 1.00000E+00
 2.00926E+06
 5.89673E-55
 1.00000E+00
 2.00926E+06
 6.43700E-55
 1.00000E+00
 2.00926E+06
 7.02531E-55
 1.00000E+00
 2.00926E+06
 7.66580E-55
 1.00000E+00
 2.00926E+06
 8.36296E-55
 1.00000E+00
 2.00926E+06
 9.12164E-55
 1.00000E+00
 2.00926E+06
 9.94712E-55
 1.00000E+00
 2.00926E+06
 1.08451E-54
 1.00000E+00
 2.00926E+06
 1.18217E-54
 1.00000E+00
 2.00926E+06
 1.28837E-54
 1.00000E+00
 2.00926E+06
 1.40383E-54
 1.00000E+00
 2.00926E+06
 1.52933E-54
 1.00000E+00
 2.00926E+06
 1.66571E-54
 1.00000E+00
 2.00926E+06
 1.81390E-54
 1.00000E+00
 2.00926E+06
 1.97488E-54
 1.00000E+00
 2.00926E+06
 2.14973E-54
 1.00000E+00
 2.00926E+06
 2.33960E-54
 1.00000E+00
 2.00926E+06
 2.54574E-54
 1.00000E+00
 2.00926E+06
 2.76951E-54
 1.00000E+00
 2.00926E+06
 3.01236E-54
 1.00000E+00
 2.00926E+06
 3.27588E-54
 1.00000E+00
 2.00926E+06
 3.56177E-54
 1.00000E+00
 2.00926E+06
 3.87188E-54
 1.00000E+00
 2.00926E+06
 4.20818E-54
 1.00000E+00
 2.00926E+06
 4.57284E-54
 1.00000E+00
 2.00926E+06
 4.96815E-54
 1.00000E+00
 2.00926E+06
 5.39663E-54
 1.00000E+00
 2.00926E+06
 5.86098E-54
 1.00000E+00
 2.00926E+06
 6.36409E-54
 1.00000E+00
 2.00926E+06
 6.90911E-54
 1.00000E+00
 2.00926E+06
 7.49943E-54
 1.00000E+00
 2.00926E+06
 8.13870E-54
 1.00000E+00
 2.00926E+06
 8.83084E-54
 1.00000E+00
 2.00926E+06
 9.58011E-54
 1.00000E+00
 2.00926E+06
 1.03911E-53
 1.00000E+00
 2.00926E+06
 1.12687E-53
 1.00000E+00
 2.00926E+06
 1.22182E-53
 1.00000E+00
 2.00926E+06
 1.32453E-53
 1.00000E+00
 2.00926E+06
 1.43562E-53
 1.00000E+00
 2.00926E+06
 1.55576E-53
 1.00000E+00
 2.00926E+06
 1.68565E-53
 1.00000E+00
 2.00926E+06
 1.82607E-53
 1.00000E+00
 2.00926E+06
 1.97783E-53
 1.00000E+00
 2.00926E+06
 2.14184E-53
 1.00000E+00
 2.00926E+06
 2.31904E-53
 1.00000E+00
 2.00926E+06
 2.51047E-53
 1.00000E+00
 2.00926E+06
 2.71724E-53
 1.00000E+00
 2.00926E+06
 2.94053E-53
 1.00000E+00
 2.00926E+06
 3.18163E-53
 1.00000E+00
 2.00926E+06
 3.44191E-53
 1.00000E+00
 2.00926E+06
 3.72285E-53
 1.00000E+00
 2.00926E+06
 4.02605E-53
 1.00000E+00
 2.00926E+06
 4.35321E-53
 1.00000E+00
 2.00926E+06
 4.70616E-53
 1.00000E+00
 2.00926E+06
 5.08689E-53
 1.00000E+00
 2.00926E+06
 5.49751E-53
 1.00000E+00
 2.00926E+06
 5.94029E-53
 1.00000E+00
 2.00926E+06
 6.41768E-53
 1.00000E+00
 2.00926E+06
 6.93230E-53
 1.00000E+00
 2.00926E+06
 7.48696E-53
 1.00000E+00
 2.00926E+06
 8.08469E-53
 1.00000E+00
 2.00926E+06
 8.72873E-53
 1.00000E+00
 2.00926E+06
 9.42255E-53
 1.00000E+00
 2.00926E+06
 1.01699E-52
 1.00000E+00
 2.00926E+06
 1.09748E-52
 1.00000E+00
 2.00926E+06
 1.18414E-52
 1.00000E+00
 2.00926E+06
 1.27745E-52
 1.00000E+00
 2.00926E+06
 1.37790E-52
 1.00000E+00
 2.00926E+06
 1.48600E-52
 1.00000E+00
 2.00926E+06
 1.60234E-52
 1.00000E+00
 2.00926E+06
 1.72752E-52
 1.00000E+00
 2.00926E+06
 1.86218E-52
 1.00000E+00
 2.00926E+06
 2.00704E-52
 1.00000E+00
 2.00926E+06
 2.16282E-52
 1.00000E+00
 2.00926E+06
 2.33035E-52
 1.00000E+00
 2.00926E+06
 2.51046E-52
 1.00000E+00
 2.00926E+06
 2.70408E-52
 1.00000E+00
 2.00926E+06
 2.91219E-52
 1.00000E+00
 2.00926E+06
 3.13585E-52
 1.00000E+00
 2.00926E+06
 3.37617E-52
 1.00000E+00
 2.00926E+06
 3.63436E-52
 1.00000E+00
 2.00926E+06
 3.91172E-52
 1.00000E+00
 2.00926E+06
 4.20961E-52
 1.00000E+00
 2.00926E+06
 4.52952E-52
 1.00000E+00
 2.00926E+06
 4.87301E-52
 1.00000E+00
 2.00926E+06
 5.24179E-52
 1.00000E+00
 2.00926E+06
 5.63765E-52
 1.00000E+00
 2.00926E+06
 6.06251E-52
 1.00000E+00
 2.00926E+06
 6.51845E-52
 1.00000E+00
 2.00926E+06
 7.00766E-52
 1.00000E+00
 2.00926E+06
 7.53249E-52
 1.00000E+00
 2.00926E+06
 8.09547E-52
 1.00000E+00
 2.00926E+06
 8.69928E-52
 1.00000E+00
 2.00926E+06
 9.34679E-52
 1.00000E+00
 2.00926E+06
 1.00411E-51
 1.00000E+00
 2.00926E+06
 1.07854E-51
 1.00000E+00
 2.00926E+06
 1.15832E-51
 1.00000E+00
 2.00926E+06
 1.24384E-51
 1.00000E+00
 2.00926E+06
 1.33547E-51
 1.00000E+00
 2.00926E+06
 1.43366E-51
 1.00000E+00
 2.00926E+06
 1.53886E-51
 1.00000E+00
 2.00926E+06
 1.65154E-51
 1.00000E+00
 2.00926E+06
 1.77224E-51
 1.00000E+00
 2.00926E+06
 1.90149E-51
 1.00000E+00
 2.00926E+06
 2.03988E-51
 1.00000E+00
 2.00926E+06
 2.18805E-51
 1.00000E+00
 2.00926E+06
 2.34667E-51
 1.00000E+00
 2.00926E+06
 2.51644E-51
 1.00000E+00
 2.00926E+06
 2.69813E-51
 1.00000E+00
 2.00926E+06
 2.89254E-51
 1.00000E+00
 2.00926E+06
 3.10056E-51
 1.00000E+00
 2.00926E+06
 3.32308E-51
 1.00000E+00
 2.00926E+06
 3.56111E-51
 1.00000E+00
 2.00926E+06
 3.81567E-51
 1.00000E+00
 2.00926E+06
 4.08790E-51
 1.00000E+00
 2.00926E+06
 4.37897E-51
 1.00000E+00
 2.00926E+06
 4.69014E-51
 1.00000E+00
 2.00926E+06
 5.02278E-51
 1.00000E+00
 2.00926E+06
 5.37831E-51
 1.00000E+00
 2.00926E+06
 5.75825E-51
 1.00000E+00
 2.00926E+06
 6.16424E-51
 1.00000E+00
 2.00926E+06
 6.59800E-51
 1.00000E+00
 2.00926E+06
 7.06138E-51
 1.00000E+00
 2.00926E+06
 7.55634E-51
 1.00000E+00
 2.00926E+06
 8.08496E-51
 1.00000E+00
 2.00926E+06
 8.64946E-51
 1.00000E+00
 2.00926E+06
 9.25221E-51
 1.00000E+00
 2.00926E+06
 9.89571E-51
 1.00000E+00
 2.00926E+06
 1.05826E-50
 1.00000E+00
 2.00926E+06
 1.13158E-50
 1.00000E+00
 2.00926E+06
 1.20983E-50
 1.00000E+00
 2.00926E+06
 1.29333E-50
 1.00000E+00
 2.00926E+06
 1.38242E-50
 1.00000E+00
 2.00926E+06
 1.47746E-50
 1.00000E+00
 2.00926E+06
 1.57885E-50
 1.00000E+00
 2.00926E+06
 1.68699E-50
 1.00000E+00
 2.00926E+06
 1.80231E-50
 1.00000E+00
 2.00926E+06
 1.92528E-50
 1.00000E+00
 2.00926E+06
 2.05639E-50
 1.00000E+00
 2.00926E+06
 2.19616E-50
 1.00000E+00
 2.00926E+06
 2.34516E-50
 1.00000E+00
 2.00926E+06
 2.50396E-50
 1.00000E+00
 2.00926E+06
 2.67319E-50
 1.00000E+00
 2.00926E+06
 2.85352E-50
 1.00000E+00
 2.00926E+06
 3.04566E-50
 1.00000E+00
 2.00926E+06
 3.25034E-50
 1.00000E+00
 2.00926E+06
 3.46838E-50
 1.00000E+00
 2.00926E+06
 3.70060E-50
 1.00000E+00
 2.00926E+06
 3.94791E-50
 1.00000E+00
 2.00926E+06
 4.21126E-50
 1.00000E+00
 2.00926E+06
 4.49165E-50
 1.00000E+00
 2.00926E+06
 4.79015E-50
 1.00000E+00
 2.00926E+06
 5.10790E-50
 1.00000E+00
 2.00926E+06
 5.44610E-50
 1.00000E+00
 2.00926E+06
 5.80603E-50
 1.00000E+00
 2.00926E+06
 6.18904E-50
 1.00000E+00
 2.00926E+06
 6.59656E-50
 1.00000E+00
 2.00926E+06
 7.03012E-50
 1.00000E+00
 2.00926E+06
 7.49132E-50
 1.00000E+00
 2.00926E+06
 7.98188E-50
 1.00000E+00
 2.00926E+06
 8.50360E-50
 1.00000E+00
 2.00926E+06
 9.05842E-50
 1.00000E+00
 2.00926E+06
 9.64835E-50
 1.00000E+00
 2.00926E+06
 1.02756E-49
 1.00000E+00
 2.00926E+06
 1.09423E-49
 1.00000E+00
 2.00926E+06
 1.16511E-49
 1.00000E+00
 2.00926E+06
 1.24044E-49
 1.00000E+00
 2.00926E+06
 1.32049E-49
 1.00000E+00
 2.00926E+06
 1.40555E-49
 1.00000E+00
 2.00926E+06
 1.49594E-49
 1.00000E+00
 2.00926E+06
 1.59196E-49
 1.00000E+00
 2.00926E+06
 1.69396E-49
 1.00000E+00
 2.00926E+06
 1.80230E-49
 1.00000E+00
 2.00926E+06
 1.91736E-49
 1.00000E+00
 2.00926E+06
 2.03956E-49
 1.00000E+00
 2.00926E+06
 2.16930E-49
 1.00000E+00
 2.00926E+06
 2.30706E-49
 1.00000E+00
 2.00926E+06
 2.45330E-49
 1.00000E+00
 2.00926E+06
 2.60853E-49
 1.00000E+00
 2.00926E+06
 2.77330E-49
 1.00000E+00
 2.00926E+06
 2.94816E-49
 1.00000E+00
 2.00926E+06
 3.13371E-49
 1.00000E+00
 2.00926E+06
 3.33060E-49
 1.00000E+00
 2.00926E+06
 3.53949E-49
 1.00000E+00
 2.00926E+06
 3.76109E-49
 1.00000E+00
 2.00926E+06
 3.99615E-49
 1.00000E+00
 2.00926E+06
 4.24546E-49
 1.00000E+00
 2.00926E+06
 4.50986E-49
 1.00000E+00
 2.00926E+06
 4.79024E-49
 1.00000E+00
 2.00926E+06
 5.08752E-49
 1.00000E+00
 2.00926E+06
 5.40271E-49
 1.00000E+00
 2.00926E+06
 5.73684E-49
 1.00000E+00
 2.00926E+06
 6.09101E-49
 1.00000E+00
 2.00926E+06
 6.46640E-49
 1.00000E+00
 2.00926E+06
 6.86424E-49
 1.00000E+00
 2.00926E+06
 7.28581E-49
 1.00000E+00
 2.00926E+06
 7.73251E-49
 1.00000E+00
 2.00926E+06
 8.20578E-49
 1.00000E+00
 2.00926E+06
 8.70714E-49
 1.00000E+00
 2.00926E+06
 9.23823E-49
 1.00000E+00
 2.00926E+06
 9.80074E-49
 1.00000E+00
 2.00926E+06
 1.03965E-48
 1.00000E+00
 2.00926E+06
 1.10273E-48
 1.00000E+00
 2.00926E+06
 1.16954E-48
 1.00000E+00
 2.00926E+06
 1.24026E-48
 1.00000E+00
 2.00926E+06
 1.31514E-48
 1.00000E+00
 2.00926E+06
 1.39440E-48
 1.00000E+00
 2.00926E+06
 1.47829E-48
 1.00000E+00
 2.00926E+06
 1.56708E-48
 1.00000E+00
 2.00926E+06
 1.66105E-48
 1.00000E+00
 2.00926E+06
 1.76048E-48
 1.00000E+00
 2.00926E+06
 1.86568E-48
 1.00000E+00
 2.00926E+06
 1.97699E-48
 1.00000E+00
 2.00926E+06
 2.09473E-48
 1.00000E+00
 2.00926E+06
 2.21928E-48
 1.00000E+00
 2.00926E+06
 2.35101E-48
 1.00000E+00
 2.00926E+06
 2.49033E-48
 1.00000E+00
 2.00926E+06
 2.63765E-48
 1.00000E+00
 2.00926E+06
 2.79343E-48
 1.00000E+00
 2.00926E+06
 2.95813E-48
 1.00000E+00
 2.00926E+06
 3.13226E-48
 1.00000E+00
 2.00926E+06
 3.31633E-48
 1.00000E+00
 2.00926E+06
 3.51089E-48
 1.00000E+00
 2.00926E+06
 3.71652E-48
 1.00000E+00
 2.00926E+06
 3.93384E-48
 1.00000E+00
 2.00926E+06
 4.16348E-48
 1.00000E+00
 2.00926E+06
 4.40613E-48
 1.00000E+00
 2.00926E+06
 4.66249E-48
 1.00000E+00
 2.00926E+06
 4.93333E-48
 1.00000E+00
 2.00926E+06
 5.21942E-48
 1.00000E+00
 2.00926E+06
 5.52161E-48
 1.00000E+00
 2.00926E+06
 5.84077E-48
 1.00000E+00
 2.00926E+06
 6.17783E-48
 1.00000E+00
 2.00926E+06
 6.53376E-48
 1.00000E+00
 2.00926E+06
 6.90957E-48
 1.00000E+00
 2.00926E+06
 7.30635E-48
 1.00000E+00
 2.00926E+06
 7.72524E-48
 1.00000E+00
 2.00926E+06
 8.16742E-48
 1.00000E+00
 2.00926E+06
 8.63415E-48
 1.00000E+00
 2.00926E+06
 9.12675E-48
 1.00000E+00
 2.00926E+06
 9.64662E-48
 1.00000E+00
 2.00926E+06
 1.01952E-47
 1.00000E+00
 2.00926E+06
 1.07741E-47
 1.00000E+00
 2.00926E+06
 1.13848E-47
 1.00000E+00
 2.00926E+06
 1.20291E-47
 1.00000E+00
 2.00926E+06
 1.27088E-47
 1.00000E+00
 2.00926E+06
 1.34257E-47
 1.00000E+00
 2.00926E+06
 1.41819E-47
 1.00000E+00
 2.00926E+06
 1.49793E-47
 1.00000E+00
 2.00926E+06
 1.58203E-47
 1.00000E+00
 2.00926E+06
 1.67070E-47
 1.00000E+00
 2.00926E+06
 1.76420E-47
 1.00000E+00
 2.00926E+06
 1.86277E-47
 1.00000E+00
 2.00926E+06
 1.96669E-47
 1.00000E+00
 2.00926E+06
 2.07622E-47
 1.00000E+00
 2.00926E+06
 2.19168E-47
 1.00000E+00
 2.00926E+06
 2.31336E-47
 1.00000E+00
 2.00926E+06
 2.44159E-47
 1.00000E+00
 2.00926E+06
 2.57672E-47
 1.00000E+00
 2.00926E+06
 2.71911E-47
 1.00000E+00
 2.00926E+06
 2.86912E-47
 1.00000E+00
 2.00926E+06
 3.02716E-47
 1.00000E+00
 2.00926E+06
 3.19365E-47
 1.00000E+00
 2.00926E+06
 3.36902E-47
 1.00000E+00
 2.00926E+06
 3.55372E-47
 1.00000E+00
 2.00926E+06
 3.74825E-47
 1.00000E+00
 2.00926E+06
 3.95311E-47
 1.00000E+00
 2.00926E+06
 4.16882E-47
 1.00000E+00
 2.00926E+06
 4.39596E-47
 1.00000E+00
 2.00926E+06
 4.63509E-47
 1.00000E+00
 2.00926E+06
 4.88685E-47
 1.00000E+00
 2.00926E+06
 5.15186E-47
 1.00000E+00
 2.00926E+06
 5.43082E-47
 1.00000E+00
 2.00926E+06
 5.72442E-47
 1.00000E+00
 2.00926E+06
 6.03342E-47
 1.00000E+00
 2.00926E+06
 6.35860E-47
 1.00000E+00
 2.00926E+06
 6.70077E-47
 1.00000E+00
 2.00926E+06
 7.06080E-47
 1.00000E+00
 2.00926E+06
 7.43960E-47
 1.00000E+00
 2.00926E+06
 7.83810E-47
 1.00000E+00
 2.00926E+06
 8.25731E-47
 1.00000E+00
 2.00926E+06
 8.69826E-47
 1.00000E+00
 2.00926E+06
 9.16205E-47
 1.00000E+00
 2.00926E+06
 9.64983E-47
 1.00000E+00
 2.00926E+06
 1.01628E-46
 1.00000E+00
 2.00926E+06
 1.07022E-46
 1.00000E+00
 2.00926E+06
 1.12694E-46
 1.00000E+00
 2.00926E+06
 1.18657E-46
 1.00000E+00
 2.00926E+06
 1.24926E-46
 1.00000E+00
 2.00926E+06
 1.31517E-46
 1.00000E+00
 2.00926E+06
 1.38444E-46
 1.00000E+00
 2.00926E+06
 1.45726E-46
 1.00000E+00
 2.00926E+06
 1.53379E-46
 1.00000E+00
 2.00926E+06
 1.61422E-46
 1.00000E+00
 2.00926E+06
 1.69874E-46
 1.00000E+00
 2.00926E+06
 1.78755E-46
 1.00000E+00
 2.00926E+06
 1.88086E-46
 1.00000E+00
 2.00926E+06
 1.97890E-46
 1.00000E+00
 2.00926E+06
 2.08189E-46
 1.00000E+00
 2.00926E+06
 2.19008E-46
 1.00000E+00
 2.00926E+06
 2.30373E-46
 1.00000E+00
 2.00926E+06
 2.42309E-46
 1.00000E+00
 2.00926E+06
 2.54845E-46
 1.00000E+00
 2.00926E+06
 2.68010E-46
 1.00000E+00
 2.00926E+06
 2.81835E-46
 1.00000E+00
 2.00926E+06
 2.96351E-46
 1.00000E+00
 2.00926E+06
 3.11592E-46
 1.00000E+00
 2.00926E+06
 3.27594E-46
 1.00000E+00
 2.00926E+06
 3.44392E-46
 1.00000E+00
 2.00926E+06
 3.62026E-46
 1.00000E+00
 2.00926E+06
 3.80535E-46
 1.00000E+00
 2.00926E+06
 3.99962E-46
 1.00000E+00
 2.00926E+06
 4.20351E-46
 1.00000E+00
 2.00926E+06
 4.41747E-46
 1.00000E+00
 2.00926E+06
 4.64200E-46
 1.00000E+00
 2.00926E+06
 4.87759E-46
 1.00000E+00
 2.00926E+06
 5.12479E-46
 1.00000E+00
 2.00926E+06
 5.38412E-46
 1.00000E+00
 2.00926E+06
 5.65619E-46
 1.00000E+00
 2.00926E+06
 5.94158E-46
 1.00000E+00
 2.00926E+06
 6.24095E-46
 1.00000E+00
 2.00926E+06
 6.55493E-46
 1.00000E+00
 2.00926E+06
 6.88424E-46
 1.00000E+00
 2.00926E+06
 7.22959E-46
 1.00000E+00
 2.00926E+06
 7.59174E-46
 1.00000E+00
 2.00926E+06
 7.97148E-46
 1.00000E+00
 2.00926E+06
 8.36964E-46
 1.00000E+00
 2.00926E+06
 8.78708E-46
 1.00000E+00
 2.00926E+06
 9.22472E-46
 1.00000E+00
 2.00926E+06
 9.68349E-46
 1.00000E+00
 2.00926E+06
 1.01644E-45
 1.00000E+00
 2.00926E+06
 1.06684E-45
 1.00000E+00
 2.00926E+06
 1.11967E-45
 1.00000E+00
 2.00926E+06
 1.17504E-45
 1.00000E+00
 2.00926E+06
 1.23306E-45
 1.00000E+00
 2.00926E+06
 1.29386E-45
 1.00000E+00
 2.00926E+06
 1.35756E-45
 1.00000E+00
 2.00926E+06
 1.42431E-45
 1.00000E+00
 2.00926E+06
 1.49424E-45
 1.00000E+00
 2.00926E+06
 1.56750E-45
 1.00000E+00
 2.00926E+06
 1.64424E-45
 1.00000E+00
 2.00926E+06
 1.72462E-45
 1.00000E+00
 2.00926E+06
 1.80881E-45
 1.00000E+00
 2.00926E+06
 1.89699E-45
 1.00000E+00
 2.00926E+06
 1.98934E-45
 1.00000E+00
 2.00926E+06
 2.08605E-45
 1.00000E+00
 2.00926E+06
 2.18732E-45
 1.00000E+00
 2.00926E+06
 2.29335E-45
 1.00000E+00
 2.00926E+06
 2.40436E-45
 1.00000E+00
 2.00926E+06
 2.52059E-45
 1.00000E+00
 2.00926E+06
 2.64226E-45
 1.00000E+00
 2.00926E+06
 2.76963E-45
 1.00000E+00
 2.00926E+06
 2.90296E-45
 1.00000E+00
 2.00926E+06
 3.04250E-45
 1.00000E+00
 2.00926E+06
 3.18855E-45
 1.00000E+00
 2.00926E+06
 3.34140E-45
 1.00000E+00
 2.00926E+06
 3.50135E-45
 1.00000E+00
 2.00926E+06
 3.66872E-45
 1.00000E+00
 2.00926E+06
 3.84386E-45
 1.00000E+00
 2.00926E+06
 4.02709E-45
 1.00000E+00
 2.00926E+06
 4.21880E-45
 1.00000E+00
 2.00926E+06
 4.41936E-45
 1.00000E+00
 2.00926E+06
 4.62916E-45
 1.00000E+00
 2.00926E+06
 4.84862E-45
 1.00000E+00
 2.00926E+06
 5.07816E-45
 1.00000E+00
 2.00926E+06
 5.31824E-45
 1.00000E+00
 2.00926E+06
 5.56933E-45
 1.00000E+00
 2.00926E+06
 5.83191E-45
 1.00000E+00
 2.00926E+06
 6.10649E-45
 1.00000E+00
 2.00926E+06
 6.39360E-45
 1.00000E+00
 2.00926E+06
 6.69381E-45
 1.00000E+00
 2.00926E+06
 7.00768E-45
 1.00000E+00
 2.00926E+06
 7.33582E-45
 1.00000E+00
 2.00926E+06
 7.67886E-45
 1.00000E+00
 2.00926E+06
 8.03745E-45
 1.00000E+00
 2.00926E+06
 8.41227E-45
 1.00000E+00
 2.00926E+06
 8.80404E-45
 1.00000E+00
 2.00926E+06
 9.21350E-45
 1.00000E+00
 2.00926E+06
 9.64143E-45
 1.00000E+00
 2.00926E+06
 1.00886E-44
 1.00000E+00
 2.00926E+06
 1.05559E-44
 1.00000E+00
 2.00926E+06
 1.10442E-44
 1.00000E+00
 2.00926E+06
 1.15544E-44
 1.00000E+00
 2.00926E+06
 1.20874E-44
 1.00000E+00
 2.00926E+06
 1.26443E-44
 1.00000E+00
 2.00926E+06
 1.32260E-44
 1.00000E+00
 2.00926E+06
 1.38337E-44
 1.00000E+00
 2.00926E+06
 1.44685E-44
 1.00000E+00
 2.00926E+06
 1.51315E-44
 1.00000E+00
 2.00926E+06
 1.58239E-44
 1.00000E+00
 2.00926E+06
 1.65471E-44
 1.00000E+00
 2.00926E+06
 1.73023E-44
 1.00000E+00
 2.00926E+06
 1.80909E-44
 1.00000E+00
 2.00926E+06
 1.89144E-44
 1.00000E+00
 2.00926E+06
 1.97742E-44
 1.00000E+00
 2.00926E+06
 2.06719E-44
 1.00000E+00
 2.00926E+06
 2.16091E-44
 1.00000E+00
 2.00926E+06
 2.25875E-44
 1.00000E+00
 2.00926E+06
 2.36089E-44
 1.00000E+00
 2.00926E+06
 2.46750E-44
 1.00000E+00
 2.00926E+06
 2.57878E-44
 1.00000E+00
 2.00926E+06
 2.69492E-44
 1.00000E+00
 2.00926E+06
 2.81614E-44
 1.00000E+00
 2.00926E+06
 2.94264E-44
 1.00000E+00
 2.00926E+06
 3.07465E-44
 1.00000E+00
 2.00926E+06
 3.21240E-44
 1.00000E+00
 2.00926E+06
 3.35613E-44
 1.00000E+00
 2.00926E+06
 3.50609E-44
 1.00000E+00
 2.00926E+06
 3.66256E-44
 1.00000E+00
 2.00926E+06
 3.82579E-44
 1.00000E+00
 2.00926E+06
 3.99607E-44
 1.00000E+00
 2.00926E+06
 4.17370E-44
 1.00000E+00
 2.00926E+06
 4.35898E-44
 1.00000E+00
 2.00926E+06
 4.55224E-44
 1.00000E+00
 2.00926E+06
 4.75380E-44
 1.00000E+00
 2.00926E+06
 4.96401E-44
 1.00000E+00
 2.00926E+06
 5.18324E-44
 1.00000E+00
 2.00926E+06
 5.41185E-44
 1.00000E+00
 2.00926E+06
 5.65023E-44
 1.00000E+00
 2.00926E+06
 5.89879E-44
 1.00000E+00
 2.00926E+06
 6.15795E-44
 1.00000E+00
 2.00926E+06
 6.42815E-44
 1.00000E+00
 2.00926E+06
 6.70984E-44
 1.00000E+00
 2.00926E+06
 7.00349E-44
 1.00000E+00
 2.00926E+06
 7.30961E-44
 1.00000E+00
 2.00926E+06
 7.62868E-44
 1.00000E+00
 2.00926E+06
 7.96127E-44
 1.00000E+00
 2.00926E+06
 8.30790E-44
 1.00000E+00
 2.00926E+06
 8.66917E-44
 1.00000E+00
 2.00926E+06
 9.04566E-44
 1.00000E+00
 2.00926E+06
 9.43801E-44
 1.00000E+00
 2.00926E+06
 9.84684E-44
 1.00000E+00
 2.00926E+06
 1.02728E-43
 1.00000E+00
 2.00926E+06
 1.07167E-43
 1.00000E+00
 2.00926E+06
 1.11792E-43
 1.00000E+00
 2.00926E+06
 1.16610E-43
 1.00000E+00
 2.00926E+06
 1.21629E-43
 1.00000E+00
 2.00926E+06
 1.26858E-43
 1.00000E+00
 2.00926E+06
 1.32304E-43
 1.00000E+00
 2.00926E+06
 1.37977E-43
 1.00000E+00
 2.00926E+06
 1.43886E-43
 1.00000E+00
 2.00926E+06
 1.50040E-43
 1.00000E+00
 2.00926E+06
 1.56450E-43
 1.00000E+00
 2.00926E+06
 1.63124E-43
 1.00000E+00
 2.00926E+06
 1.70075E-43
 1.00000E+00
 2.00926E+06
 1.77313E-43
 1.00000E+00
 2.00926E+06
 1.84849E-43
 1.00000E+00
 2.00926E+06
 1.92696E-43
 1.00000E+00
 2.00926E+06
 2.00866E-43
 1.00000E+00
 2.00926E+06
 2.09371E-43
 1.00000E+00
 2.00926E+06
 2.18225E-43
 1.00000E+00
 2.00926E+06
 2.27443E-43
 1.00000E+00
 2.00926E+06
 2.37037E-43
 1.00000E+00
 2.00926E+06
 2.47024E-43
 1.00000E+00
 2.00926E+06
 2.57419E-43
 1.00000E+00
 2.00926E+06
 2.68237E-43
 1.00000E+00
 2.00926E+06
 2.79497E-43
 1.00000E+00
 2.00926E+06
 2.91214E-43
 1.00000E+00
 2.00926E+06
 3.03408E-43
 1.00000E+00
 2.00926E+06
 3.16096E-43
 1.00000E+00
 2.00926E+06
 3.29298E-43
 1.00000E+00
 2.00926E+06
 3.43035E-43
 1.00000E+00
 2.00926E+06
 3.57328E-43
 1.00000E+00
 2.00926E+06
 3.72197E-43
 1.00000E+00
 2.00926E+06
 3.87666E-43
 1.00000E+00
 2.00926E+06
 4.03758E-43
 1.00000E+00
 2.00926E+06
 4.20498E-43
 1.00000E+00
 2.00926E+06
 4.37909E-43
 1.00000E+00
 2.00926E+06
 4.56021E-43
 1.00000E+00
 2.00926E+06
 4.74857E-43
 1.00000E+00
 2.00926E+06
 4.94448E-43
 1.00000E+00
 2.00926E+06
 5.14822E-43
 1.00000E+00
 2.00926E+06
 5.36010E-43
 1.00000E+00
 2.00926E+06
 5.58042E-43
 1.00000E+00
 2.00926E+06
 5.80953E-43
 1.00000E+00
 2.00926E+06
 6.04774E-43
 1.00000E+00
 2.00926E+06
 6.29543E-43
 1.00000E+00
 2.00926E+06
 6.55295E-43
 1.00000E+00
 2.00926E+06
 6.82067E-43
 1.00000E+00
 2.00926E+06
 7.09899E-43
 1.00000E+00
 2.00926E+06
 7.38833E-43
 1.00000E+00
 2.00926E+06
 7.68908E-43
 1.00000E+00
 2.00926E+06
 8.00170E-43
 1.00000E+00
 2.00926E+06
 8.32664E-43
 1.00000E+00
 2.00926E+06
 8.66437E-43
 1.00000E+00
 2.00926E+06
 9.01536E-43
 1.00000E+00
 2.00926E+06
 9.38015E-43
 1.00000E+00
 2.00926E+06
 9.75922E-43
 1.00000E+00
 2.00926E+06
 1.01532E-42
 1.00000E+00
 2.00926E+06
 1.05625E-42
 1.00000E+00
 2.00926E+06
 1.09878E-42
 1.00000E+00
 2.00926E+06
 1.14297E-42
 1.00000E+00
 2.00926E+06
 1.18889E-42
 1.00000E+00
 2.00926E+06
 1.23659E-42
 1.00000E+00
 2.00926E+06
 1.28615E-42
 1.00000E+00
 2.00926E+06
 1.33763E-42
 1.00000E+00
 2.00926E+06
 1.39111E-42
 1.00000E+00
 2.00926E+06
 1.44666E-42
 1.00000E+00
 2.00926E+06
 1.50436E-42
 1.00000E+00
 2.00926E+06
 1.56428E-42
 1.00000E+00
 2.00926E+06
 1.62653E-42
 1.00000E+00
 2.00926E+06
 1.69117E-42
 1.00000E+00
 2.00926E+06
 1.75830E-42
 1.00000E+00
 2.00926E+06
 1.82801E-42
 1.00000E+00
 2.00926E+06
 1.90041E-42
 1.00000E+00
 2.00926E+06
 1.97557E-42
 1.00000E+00
 2.00926E+06
 2.05363E-42
 1.00000E+00
 2.00926E+06
 2.13466E-42
 1.00000E+00
 2.00926E+06
 2.21880E-42
 1.00000E+00
 2.00926E+06
 2.30615E-42
 1.00000E+00
 2.00926E+06
 2.39684E-42
 1.00000E+00
 2.00926E+06
 2.49097E-42
 1.00000E+00
 2.00926E+06
 2.58870E-42
 1.00000E+00
 2.00926E+06
 2.69013E-42
 1.00000E+00
 2.00926E+06
 2.79542E-42
 1.00000E+00
 2.00926E+06
 2.90470E-42
 1.00000E+00
 2.00926E+06
 3.01812E-42
 1.00000E+00
 2.00926E+06
 3.13582E-42
 1.00000E+00
 2.00926E+06
 3.25798E-42
 1.00000E+00
 2.00926E+06
 3.38475E-42
 1.00000E+00
 2.00926E+06
 3.51630E-42
 1.00000E+00
 2.00926E+06
 3.65280E-42
 1.00000E+00
 2.00926E+06
 3.79444E-42
 1.00000E+00
 2.00926E+06
 3.94139E-42
 1.00000E+00
 2.00926E+06
 4.09386E-42
 1.00000E+00
 2.00926E+06
 4.25204E-42
 1.00000E+00
 2.00926E+06
 4.41616E-42
 1.00000E+00
 2.00926E+06
 4.58639E-42
 1.00000E+00
 2.00926E+06
 4.76300E-42
 1.00000E+00
 2.00926E+06
 4.94619E-42
 1.00000E+00
 2.00926E+06
 5.13621E-42
 1.00000E+00
 2.00926E+06
 5.33329E-42
 1.00000E+00
 2.00926E+06
 5.53771E-42
 1.00000E+00
 2.00926E+06
 5.74971E-42
 1.00000E+00
 2.00926E+06
 5.96959E-42
 1.00000E+00
 2.00926E+06
 6.19760E-42
 1.00000E+00
 2.00926E+06
 6.43406E-42
 1.00000E+00
 2.00926E+06
 6.67925E-42
 1.00000E+00
 2.00926E+06
 6.93350E-42
 1.00000E+00
 2.00926E+06
 7.19712E-42
 1.00000E+00
 2.00926E+06
 7.47046E-42
 1.00000E+00
 2.00926E+06
 7.75384E-42
 1.00000E+00
 2.00926E+06
 8.04765E-42
 1.00000E+00
 2.00926E+06
 8.35224E-42
 1.00000E+00
 2.00926E+06
 8.66800E-42
 1.00000E+00
 2.00926E+06
 8.99532E-42
 1.00000E+00
 2.00926E+06
 9.33463E-42
 1.00000E+00
 2.00926E+06
 9.68631E-42
 1.00000E+00
 2.00926E+06
 1.00509E-41
 1.00000E+00
 2.00926E+06
 1.04287E-41
 1.00000E+00
 2.00926E+06
 1.08203E-41
 1.00000E+00
 2.00926E+06
 1.12261E-41
 1.00000E+00
 2.00926E+06
 1.16467E-41
 1.00000E+00
 2.00926E+06
 1.20825E-41
 1.00000E+00
 2.00926E+06
 1.25341E-41
 1.00000E+00
 2.00926E+06
 1.30021E-41
 1.00000E+00
 2.00926E+06
 1.34870E-41
 1.00000E+00
 2.00926E+06
 1.39895E-41
 1.00000E+00
 2.00926E+06
 1.45100E-41
 1.00000E+00
 2.00926E+06
 1.50494E-41
 1.00000E+00
 2.00926E+06
 1.56081E-41
 1.00000E+00
 2.00926E+06
 1.61870E-41
 1.00000E+00
 2.00926E+06
 1.67866E-41
 1.00000E+00
 2.00926E+06
 1.74078E-41
 1.00000E+00
 2.00926E+06
 1.80512E-41
 1.00000E+00
 2.00926E+06
 1.87177E-41
 1.00000E+00
 2.00926E+06
 1.94080E-41
 1.00000E+00
 2.00926E+06
 2.01229E-41
 1.00000E+00
 2.00926E+06
 2.08634E-41
 1.00000E+00
 2.00926E+06
 2.16303E-41
 1.00000E+00
 2.00926E+06
 2.24245E-41
 1.00000E+00
 2.00926E+06
 2.32468E-41
 1.00000E+00
 2.00926E+06
 2.40985E-41
 1.00000E+00
 2.00926E+06
 2.49803E-41
 1.00000E+00
 2.00926E+06
 2.58935E-41
 1.00000E+00
 2.00926E+06
 2.68389E-41
 1.00000E+00
 2.00926E+06
 2.78178E-41
 1.00000E+00
 2.00926E+06
 2.88312E-41
 1.00000E+00
 2.00926E+06
 2.98805E-41
 1.00000E+00
 2.00926E+06
 3.09667E-41
 1.00000E+00
 2.00926E+06
 3.20912E-41
 1.00000E+00
 2.00926E+06
 3.32551E-41
 1.00000E+00
 2.00926E+06
 3.44601E-41
 1.00000E+00
 2.00926E+06
 3.57072E-41
 1.00000E+00
 2.00926E+06
 3.69982E-41
 1.00000E+00
 2.00926E+06
 3.83343E-41
 1.00000E+00
 2.00926E+06
 3.97172E-41
 1.00000E+00
 2.00926E+06
 4.11483E-41
 1.00000E+00
 2.00926E+06
 4.26295E-41
 1.00000E+00
 2.00926E+06
 4.41622E-41
 1.00000E+00
 2.00926E+06
 4.57484E-41
 1.00000E+00
 2.00926E+06
 4.73896E-41
 1.00000E+00
 2.00926E+06
 4.90880E-41
 1.00000E+00
 2.00926E+06
 5.08453E-41
 1.00000E+00
 2.00926E+06
 5.26635E-41
 1.00000E+00
 2.00926E+06
 5.45447E-41
 1.00000E+00
 2.00926E+06
 5.64910E-41
 1.00000E+00
 2.00926E+06
 5.85045E-41
 1.00000E+00
 2.00926E+06
 6.05877E-41
 1.00000E+00
 2.00926E+06
 6.27425E-41
 1.00000E+00
 2.00926E+06
 6.49717E-41
 1.00000E+00
 2.00926E+06
 6.72774E-41
 1.00000E+00
 2.00926E+06
 6.96626E-41
 1.00000E+00
 2.00926E+06
 7.21295E-41
 1.00000E+00
 2.00926E+06
 7.46812E-41
 1.00000E+00
 2.00926E+06
 7.73201E-41
 1.00000E+00
 2.00926E+06
 8.00495E-41
 1.00000E+00
 2.00926E+06
 8.28720E-41
 1.00000E+00
 2.00926E+06
 8.57911E-41
 1.00000E+00
 2.00926E+06
 8.88096E-41
 1.00000E+00
 2.00926E+06
 9.19312E-41
 1.00000E+00
 2.00926E+06
 9.51588E-41
 1.00000E+00
 2.00926E+06
 9.84964E-41
 1.00000E+00
 2.00926E+06
 1.01947E-40
 1.00000E+00
 2.00926E+06
 1.05515E-40
 1.00000E+00
 2.00926E+06
 1.09204E-40
 1.00000E+00
 2.00926E+06
 1.13018E-40
 1.00000E+00
 2.00926E+06
 1.16960E-40
 1.00000E+00
 2.00926E+06
 1.21036E-40
 1.00000E+00
 2.00926E+06
 1.25250E-40
 1.00000E+00
 2.00926E+06
 1.29605E-40
 1.00000E+00
 2.00926E+06
 1.34107E-40
 1.00000E+00
 2.00926E+06
 1.38761E-40
 1.00000E+00
 2.00926E+06
 1.43571E-40
 1.00000E+00
 2.00926E+06
 1.48543E-40
 1.00000E+00
 2.00926E+06
 1.53681E-40
 1.00000E+00
 2.00926E+06
 1.58991E-40
 1.00000E+00
 2.00926E+06
 1.64479E-40
 1.00000E+00
 2.00926E+06
 1.70151E-40
 1.00000E+00
 2.00926E+06
 1.76011E-40
 1.00000E+00
 2.00926E+06
 1.82068E-40
 1.00000E+00
 2.00926E+06
 1.88326E-40
 1.00000E+00
 2.00926E+06
 1.94793E-40
 1.00000E+00
 2.00926E+06
 2.01476E-40
 1.00000E+00
 2.00926E+06
 2.08380E-40
 1.00000E+00
 2.00926E+06
 2.15515E-40
 1.00000E+00
 2.00926E+06
 2.22884E-40
 1.00000E+00
 2.00926E+06
 2.30499E-40
 1.00000E+00
 2.00926E+06
 2.38364E-40
 1.00000E+00
 2.00926E+06
 2.46491E-40
 1.00000E+00
 2.00926E+06
 2.54884E-40
 1.00000E+00
 2.00926E+06
 2.63556E-40
 1.00000E+00
 2.00926E+06
 2.72512E-40
 1.00000E+00
 2.00926E+06
 2.81764E-40
 1.00000E+00
 2.00926E+06
 2.91318E-40
 1.00000E+00
 2.00926E+06
 3.01189E-40
 1.00000E+00
 2.00926E+06
 3.11381E-40
 1.00000E+00
 2.00926E+06
 3.21909E-40
 1.00000E+00
 2.00926E+06
 3.32779E-40
 1.00000E+00
 2.00926E+06
 3.44007E-40
 1.00000E+00
 2.00926E+06
 3.55600E-40
 1.00000E+00
 2.00926E+06
 3.67573E-40
 1.00000E+00
 2.00926E+06
 3.79935E-40
 1.00000E+00
 2.00926E+06
 3.92701E-40
 1.00000E+00
 2.00926E+06
 4.05880E-40
 1.00000E+00
 2.00926E+06
 4.19490E-40
 1.00000E+00
 2.00926E+06
 4.33539E-40
 1.00000E+00
 2.00926E+06
 4.48043E-40
 1.00000E+00
 2.00926E+06
 4.63020E-40
 1.00000E+00
 2.00926E+06
 4.78479E-40
 1.00000E+00
 2.00926E+06
 4.94437E-40
 1.00000E+00
 2.00926E+06
 5.10914E-40
 1.00000E+00
 2.00926E+06
 5.27920E-40
 1.00000E+00
 2.00926E+06
 5.45473E-40
 1.00000E+00
 2.00926E+06
 5.63595E-40
 1.00000E+00
 2.00926E+06
 5.82296E-40
 1.00000E+00
 2.00926E+06
 6.01597E-40
 1.00000E+00
 2.00926E+06
 6.21523E-40
 1.00000E+00
 2.00926E+06
 6.42084E-40
 1.00000E+00
 2.00926E+06
 6.63301E-40
 1.00000E+00
 2.00926E+06
 6.85204E-40
 1.00000E+00
 2.00926E+06
 7.07802E-40
 1.00000E+00
 2.00926E+06
 7.31120E-40
 1.00000E+00
 2.00926E+06
 7.55188E-40
 1.00000E+00
 2.00926E+06
 7.80018E-40
 1.00000E+00
 2.00926E+06
 8.05637E-40
 1.00000E+00
 2.00926E+06
 8.32077E-40
 1.00000E+00
 2.00926E+06
 8.59353E-40
 1.00000E+00
 2.00926E+06
 8.87491E-40
 1.00000E+00
 2.00926E+06
 9.16529E-40
 1.00000E+00
 2.00926E+06
 9.46482E-40
 1.00000E+00
 2.00926E+06
 9.77380E-40
 1.00000E+00
 2.00926E+06
 1.00926E-39
 1.00000E+00
 2.00926E+06
 1.04215E-39
 1.00000E+00
 2.00926E+06
 1.07606E-39
 1.00000E+00
 2.00926E+06
 1.11106E-39
 1.00000E+00
 2.00926E+06
 1.14715E-39
 1.00000E+00
 2.00926E+06
 1.18437E-39
 1.00000E+00
 2.00926E+06
 1.22277E-39
 1.00000E+00
 2.00926E+06
 1.26238E-39
 1.00000E+00
 2.00926E+06
 1.30321E-39
 1.00000E+00
 2.00926E+06
 1.34534E-39
 1.00000E+00
 2.00926E+06
 1.38878E-39
 1.00000E+00
 2.00926E+06
 1.43357E-39
 1.00000E+00
 2.00926E+06
 1.47978E-39
 1.00000E+00
 2.00926E+06
 1.52742E-39
 1.00000E+00
 2.00926E+06
 1.57653E-39
 1.00000E+00
 2.00926E+06
 1.62718E-39
 1.00000E+00
 2.00926E+06
 1.67939E-39
 1.00000E+00
 2.00926E+06
 1.73324E-39
 1.00000E+00
 2.00926E+06
 1.78875E-39
 1.00000E+00
 2.00926E+06
 1.84598E-39
 1.00000E+00
 2.00926E+06
 1.90499E-39
 1.00000E+00
 2.00926E+06
 1.96582E-39
 1.00000E+00
 2.00926E+06
 2.02853E-39
 1.00000E+00
 2.00926E+06
 2.09318E-39
 1.00000E+00
 2.00926E+06
 2.15982E-39
 1.00000E+00
 2.00926E+06
 2.22851E-39
 1.00000E+00
 2.00926E+06
 2.29932E-39
 1.00000E+00
 2.00926E+06
 2.37231E-39
 1.00000E+00
 2.00926E+06
 2.44754E-39
 1.00000E+00
 2.00926E+06
 2.52508E-39
 1.00000E+00
 2.00926E+06
 2.60500E-39
 1.00000E+00
 2.00926E+06
 2.68737E-39
 1.00000E+00
 2.00926E+06
 2.77225E-39
 1.00000E+00
 2.00926E+06
 2.85973E-39
 1.00000E+00
 2.00926E+06
 2.94989E-39
 1.00000E+00
 2.00926E+06
 3.04279E-39
 1.00000E+00
 2.00926E+06
 3.13853E-39
 1.00000E+00
 2.00926E+06
 3.23718E-39
 1.00000E+00
 2.00926E+06
 3.33883E-39
 1.00000E+00
 2.00926E+06
 3.44357E-39
 1.00000E+00
 2.00926E+06
 3.55149E-39
 1.00000E+00
 2.00926E+06
 3.66269E-39
 1.00000E+00
 2.00926E+06
 3.77725E-39
 1.00000E+00
 2.00926E+06
 3.89529E-39
 1.00000E+00
 2.00926E+06
 4.01689E-39
 1.00000E+00
 2.00926E+06
 4.14217E-39
 1.00000E+00
 2.00926E+06
 4.27123E-39
 1.00000E+00
 2.00926E+06
 4.40418E-39
 1.00000E+00
 2.00926E+06
 4.54113E-39
 1.00000E+00
 2.00926E+06
 4.68221E-39
 1.00000E+00
 2.00926E+06
 4.82753E-39
 1.00000E+00
 2.00926E+06
 4.97721E-39
 1.00000E+00
 2.00926E+06
 5.13138E-39
 1.00000E+00
 2.00926E+06
 5.29018E-39
 1.00000E+00
 2.00926E+06
 5.45373E-39
 1.00000E+00
 2.00926E+06
 5.62218E-39
 1.00000E+00
 2.00926E+06
 5.79566E-39
 1.00000E+00
 2.00926E+06
 5.97432E-39
 1.00000E+00
 2.00926E+06
 6.15831E-39
 1.00000E+00
 2.00926E+06
 6.34779E-39
 1.00000E+00
 2.00926E+06
 6.54290E-39
 1.00000E+00
 2.00926E+06
 6.74382E-39
 1.00000E+00
 2.00926E+06
 6.95071E-39
 1.00000E+00
 2.00926E+06
 7.16375E-39
 1.00000E+00
 2.00926E+06
 7.38310E-39
 1.00000E+00
 2.00926E+06
 7.60895E-39
 1.00000E+00
 2.00926E+06
 7.84149E-39
 1.00000E+00
 2.00926E+06
 8.08090E-39
 1.00000E+00
 2.00926E+06
 8.32739E-39
 1.00000E+00
 2.00926E+06
 8.58116E-39
 1.00000E+00
 2.00926E+06
 8.84240E-39
 1.00000E+00
 2.00926E+06
 9.11135E-39
 1.00000E+00
 2.00926E+06
 9.38821E-39
 1.00000E+00
 2.00926E+06
 9.67321E-39
 1.00000E+00
 2.00926E+06
 9.96658E-39
 1.00000E+00
 2.00926E+06
 1.02686E-38
 1.00000E+00
 2.00926E+06
 1.05794E-38
 1.00000E+00
 2.00926E+06
 1.08993E-38
 1.00000E+00
 2.00926E+06
 1.12286E-38
 1.00000E+00
 2.00926E+06
 1.15676E-38
 1.00000E+00
 2.00926E+06
 1.19164E-38
 1.00000E+00
 2.00926E+06
 1.22754E-38
 1.00000E+00
 2.00926E+06
 1.26449E-38
 1.00000E+00
 2.00926E+06
 1.30251E-38
 1.00000E+00
 2.00926E+06
 1.34164E-38
 1.00000E+00
 2.00926E+06
 1.38191E-38
 1.00000E+00
 2.00926E+06
 1.42335E-38
 1.00000E+00
 2.00926E+06
 1.46599E-38
 1.00000E+00
 2.00926E+06
 1.50986E-38
 1.00000E+00
 2.00926E+06
 1.55501E-38
 1.00000E+00
 2.00926E+06
 1.60146E-38
 1.00000E+00
 2.00926E+06
 1.64925E-38
 1.00000E+00
 2.00926E+06
 1.69843E-38
 1.00000E+00
 2.00926E+06
 1.74902E-38
 1.00000E+00
 2.00926E+06
 1.80107E-38
 1.00000E+00
 2.00926E+06
 1.85462E-38
 1.00000E+00
 2.00926E+06
 1.90971E-38
 1.00000E+00
 2.00926E+06
 1.96639E-38
 1.00000E+00
 2.00926E+06
 2.02469E-38
 1.00000E+00
 2.00926E+06
 2.08466E-38
 1.00000E+00
 2.00926E+06
 2.14635E-38
 1.00000E+00
 2.00926E+06
 2.20981E-38
 1.00000E+00
 2.00926E+06
 2.27509E-38
 1.00000E+00
 2.00926E+06
 2.34223E-38
 1.00000E+00
 2.00926E+06
 2.41128E-38
 1.00000E+00
 2.00926E+06
 2.48231E-38
 1.00000E+00
 2.00926E+06
 2.55536E-38
 1.00000E+00
 2.00926E+06
 2.63049E-38
 1.00000E+00
 2.00926E+06
 2.70776E-38
 1.00000E+00
 2.00926E+06
 2.78722E-38
 1.00000E+00
 2.00926E+06
 2.86894E-38
 1.00000E+00
 2.00926E+06
 2.95298E-38
 1.00000E+00
 2.00926E+06
 3.03940E-38
 1.00000E+00
 2.00926E+06
 3.12827E-38
 1.00000E+00
 2.00926E+06
 3.21965E-38
 1.00000E+00
 2.00926E+06
 3.31361E-38
 1.00000E+00
 2.00926E+06
 3.41022E-38
 1.00000E+00
 2.00926E+06
 3.50957E-38
 1.00000E+00
 2.00926E+06
 3.61171E-38
 1.00000E+00
 2.00926E+06
 3.71672E-38
 1.00000E+00
 2.00926E+06
 3.82469E-38
 1.00000E+00
 2.00926E+06
 3.93570E-38
 1.00000E+00
 2.00926E+06
 4.04982E-38
 1.00000E+00
 2.00926E+06
 4.16714E-38
 1.00000E+00
 2.00926E+06
 4.28775E-38
 1.00000E+00
 2.00926E+06
 4.41174E-38
 1.00000E+00
 2.00926E+06
 4.53920E-38
 1.00000E+00
 2.00926E+06
 4.67022E-38
 1.00000E+00
 2.00926E+06
 4.80489E-38
 1.00000E+00
 2.00926E+06
 4.94333E-38
 1.00000E+00
 2.00926E+06
 5.08562E-38
 1.00000E+00
 2.00926E+06
 5.23187E-38
 1.00000E+00
 2.00926E+06
 5.38220E-38
 1.00000E+00
 2.00926E+06
 5.53670E-38
 1.00000E+00
 2.00926E+06
 5.69549E-38
 1.00000E+00
 2.00926E+06
 5.85869E-38
 1.00000E+00
 2.00926E+06
 6.02641E-38
 1.00000E+00
 2.00926E+06
 6.19877E-38
 1.00000E+00
 2.00926E+06
 6.37591E-38
 1.00000E+00
 2.00926E+06
 6.55794E-38
 1.00000E+00
 2.00926E+06
 6.74500E-38
 1.00000E+00
 2.00926E+06
 6.93722E-38
 1.00000E+00
 2.00926E+06
 7.13473E-38
 1.00000E+00
 2.00926E+06
 7.33769E-38
 1.00000E+00
 2.00926E+06
 7.54623E-38
 1.00000E+00
 2.00926E+06
 7.76051E-38
 1.00000E+00
 2.00926E+06
 7.98067E-38
 1.00000E+00
 2.00926E+06
 8.20687E-38
 1.00000E+00
 2.00926E+06
 8.43928E-38
 1.00000E+00
 2.00926E+06
 8.67805E-38
 1.00000E+00
 2.00926E+06
 8.92335E-38
 1.00000E+00
 2.00926E+06
 9.17536E-38
 1.00000E+00
 2.00926E+06
 9.43426E-38
 1.00000E+00
 2.00926E+06
 9.70022E-38
 1.00000E+00
 2.00926E+06
 9.97344E-38
 1.00000E+00
 2.00926E+06
 1.02541E-37
 1.00000E+00
 2.00926E+06
 1.05424E-37
 1.00000E+00
 2.00926E+06
 1.08385E-37
 1.00000E+00
 2.00926E+06
 1.11427E-37
 1.00000E+00
 2.00926E+06
 1.14551E-37
 1.00000E+00
 2.00926E+06
 1.17761E-37
 1.00000E+00
 2.00926E+06
 1.21057E-37
 1.00000E+00
 2.00926E+06
 1.24442E-37
 1.00000E+00
 2.00926E+06
 1.27919E-37
 1.00000E+00
 2.00926E+06
 1.31490E-37
 1.00000E+00
 2.00926E+06
 1.35157E-37
 1.00000E+00
 2.00926E+06
 1.38923E-37
 1.00000E+00
 2.00926E+06
 1.42791E-37
 1.00000E+00
 2.00926E+06
 1.46763E-37
 1.00000E+00
 2.00926E+06
 1.50841E-37
 1.00000E+00
 2.00926E+06
 1.55030E-37
 1.00000E+00
 2.00926E+06
 1.59330E-37
 1.00000E+00
 2.00926E+06
 1.63747E-37
 1.00000E+00
 2.00926E+06
 1.68281E-37
 1.00000E+00
 2.00926E+06
 1.72937E-37
 1.00000E+00
 2.00926E+06
 1.77718E-37
 1.00000E+00
 2.00926E+06
 1.82626E-37
 1.00000E+00
 2.00926E+06
 1.87666E-37
 1.00000E+00
 2.00926E+06
 1.92840E-37
 1.00000E+00
 2.00926E+06
 1.98151E-37
 1.00000E+00
 2.00926E+06
 2.03605E-37
 1.00000E+00
 2.00926E+06
 2.09204E-37
 1.00000E+00
 2.00926E+06
 2.14951E-37
 1.00000E+00
 2.00926E+06
 2.20851E-37
 1.00000E+00
 2.00926E+06
 2.26908E-37
 1.00000E+00
 2.00926E+06
 2.33125E-37
 1.00000E+00
 2.00926E+06
 2.39508E-37
 1.00000E+00
 2.00926E+06
 2.46059E-37
 1.00000E+00
 2.00926E+06
 2.52783E-37
 1.00000E+00
 2.00926E+06
 2.59686E-37
 1.00000E+00
 2.00926E+06
 2.66770E-37
 1.00000E+00
 2.00926E+06
 2.74041E-37
 1.00000E+00
 2.00926E+06
 2.81504E-37
 1.00000E+00
 2.00926E+06
 2.89164E-37
 1.00000E+00
 2.00926E+06
 2.97025E-37
 1.00000E+00
 2.00926E+06
 3.05093E-37
 1.00000E+00
 2.00926E+06
 3.13373E-37
 1.00000E+00
 2.00926E+06
 3.21869E-37
 1.00000E+00
 2.00926E+06
 3.30589E-37
 1.00000E+00
 2.00926E+06
 3.39537E-37
 1.00000E+00
 2.00926E+06
 3.48720E-37
 1.00000E+00
 2.00926E+06
 3.58142E-37
 1.00000E+00
 2.00926E+06
 3.67811E-37
 1.00000E+00
 2.00926E+06
 3.77732E-37
 1.00000E+00
 2.00926E+06
 3.87912E-37
 1.00000E+00
 2.00926E+06
 3.98357E-37
 1.00000E+00
 2.00926E+06
 4.09075E-37
 1.00000E+00
 2.00926E+06
 4.20071E-37
 1.00000E+00
 2.00926E+06
 4.31352E-37
 1.00000E+00
 2.00926E+06
 4.42927E-37
 1.00000E+00
 2.00926E+06
 4.54802E-37
 1.00000E+00
 2.00926E+06
 4.66985E-37
 1.00000E+00
 2.00926E+06
 4.79484E-37
 1.00000E+00
 2.00926E+06
 4.92306E-37
 1.00000E+00
 2.00926E+06
 5.05459E-37
 1.00000E+00
 2.00926E+06
 5.18952E-37
 1.00000E+00
 2.00926E+06
 5.32794E-37
 1.00000E+00
 2.00926E+06
 5.46993E-37
 1.00000E+00
 2.00926E+06
 5.61557E-37
 1.00000E+00
 2.00926E+06
 5.76496E-37
 1.00000E+00
 2.00926E+06
 5.91820E-37
 1.00000E+00
 2.00926E+06
 6.07538E-37
 1.00000E+00
 2.00926E+06
 6.23659E-37
 1.00000E+00
 2.00926E+06
 6.40193E-37
 1.00000E+00
 2.00926E+06
 6.57152E-37
 1.00000E+00
 2.00926E+06
 6.74545E-37
 1.00000E+00
 2.00926E+06
 6.92383E-37
 1.00000E+00
 2.00926E+06
 7.10677E-37
 1.00000E+00
 2.00926E+06
 7.29439E-37
 1.00000E+00
 2.00926E+06
 7.48679E-37
 1.00000E+00
 2.00926E+06
 7.68410E-37
 1.00000E+00
 2.00926E+06
 7.88644E-37
 1.00000E+00
 2.00926E+06
 8.09392E-37
 1.00000E+00
 2.00926E+06
 8.30669E-37
 1.00000E+00
 2.00926E+06
 8.52487E-37
 1.00000E+00
 2.00926E+06
 8.74858E-37
 1.00000E+00
 2.00926E+06
 8.97797E-37
 1.00000E+00
 2.00926E+06
 9.21317E-37
 1.00000E+00
 2.00926E+06
 9.45434E-37
 1.00000E+00
 2.00926E+06
 9.70160E-37
 1.00000E+00
 2.00926E+06
 9.95512E-37
 1.00000E+00
 2.00926E+06
 1.02150E-36
 1.00000E+00
 2.00926E+06
 1.04815E-36
 1.00000E+00
 2.00926E+06
 1.07547E-36
 1.00000E+00
 2.00926E+06
 1.10348E-36
 1.00000E+00
 2.00926E+06
 1.13220E-36
 1.00000E+00
 2.00926E+06
 1.16163E-36
 1.00000E+00
 2.00926E+06
 1.19181E-36
 1.00000E+00
 2.00926E+06
 1.22274E-36
 1.00000E+00
 2.00926E+06
 1.25445E-36
 1.00000E+00
 2.00926E+06
 1.28696E-36
 1.00000E+00
 2.00926E+06
 1.32028E-36
 1.00000E+00
 2.00926E+06
 1.35443E-36
 1.00000E+00
 2.00926E+06
 1.38944E-36
 1.00000E+00
 2.00926E+06
 1.42532E-36
 1.00000E+00
 2.00926E+06
 1.46210E-36
 1.00000E+00
 2.00926E+06
 1.49980E-36
 1.00000E+00
 2.00926E+06
 1.53843E-36
 1.00000E+00
 2.00926E+06
 1.57803E-36
 1.00000E+00
 2.00926E+06
 1.61861E-36
 1.00000E+00
 2.00926E+06
 1.66020E-36
 1.00000E+00
 2.00926E+06
 1.70283E-36
 1.00000E+00
 2.00926E+06
 1.74651E-36
 1.00000E+00
 2.00926E+06
 1.79127E-36
 1.00000E+00
 2.00926E+06
 1.83715E-36
 1.00000E+00
 2.00926E+06
 1.88416E-36
 1.00000E+00
 2.00926E+06
 1.93233E-36
 1.00000E+00
 2.00926E+06
 1.98169E-36
 1.00000E+00
 2.00926E+06
 2.03228E-36
 1.00000E+00
 2.00926E+06
 2.08411E-36
 1.00000E+00
 2.00926E+06
 2.13722E-36
 1.00000E+00
 2.00926E+06
 2.19163E-36
 1.00000E+00
 2.00926E+06
 2.24739E-36
 1.00000E+00
 2.00926E+06
 2.30451E-36
 1.00000E+00
 2.00926E+06
 2.36305E-36
 1.00000E+00
 2.00926E+06
 2.42301E-36
 1.00000E+00
 2.00926E+06
 2.48445E-36
 1.00000E+00
 2.00926E+06
 2.54740E-36
 1.00000E+00
 2.00926E+06
 2.61188E-36
 1.00000E+00
 2.00926E+06
 2.67794E-36
 1.00000E+00
 2.00926E+06
 2.74562E-36
 1.00000E+00
 2.00926E+06
 2.81495E-36
 1.00000E+00
 2.00926E+06
 2.88598E-36
 1.00000E+00
 2.00926E+06
 2.95873E-36
 1.00000E+00
 2.00926E+06
 3.03326E-36
 1.00000E+00
 2.00926E+06
 3.10961E-36
 1.00000E+00
 2.00926E+06
 3.18781E-36
 1.00000E+00
 2.00926E+06
 3.26791E-36
 1.00000E+00
 2.00926E+06
 3.34995E-36
 1.00000E+00
 2.00926E+06
 3.43399E-36
 1.00000E+00
 2.00926E+06
 3.52007E-36
 1.00000E+00
 2.00926E+06
 3.60823E-36
 1.00000E+00
 2.00926E+06
 3.69852E-36
 1.00000E+00
 2.00926E+06
 3.79100E-36
 1.00000E+00
 2.00926E+06
 3.88571E-36
 1.00000E+00
 2.00926E+06
 3.98271E-36
 1.00000E+00
 2.00926E+06
 4.08205E-36
 1.00000E+00
 2.00926E+06
 4.18379E-36
 1.00000E+00
 2.00926E+06
 4.28798E-36
 1.00000E+00
 2.00926E+06
 4.39467E-36
 1.00000E+00
 2.00926E+06
 4.50393E-36
 1.00000E+00
 2.00926E+06
 4.61581E-36
 1.00000E+00
 2.00926E+06
 4.73038E-36
 1.00000E+00
 2.00926E+06
 4.84770E-36
 1.00000E+00
 2.00926E+06
 4.96783E-36
 1.00000E+00
 2.00926E+06
 5.09084E-36
 1.00000E+00
 2.00926E+06
 5.21679E-36
 1.00000E+00
 2.00926E+06
 5.34575E-36
 1.00000E+00
 2.00926E+06
 5.47779E-36
 1.00000E+00
 2.00926E+06
 5.61299E-36
 1.00000E+00
 2.00926E+06
 5.75141E-36
 1.00000E+00
 2.00926E+06
 5.89313E-36
 1.00000E+00
 2.00926E+06
 6.03822E-36
 1.00000E+00
 2.00926E+06
 6.18677E-36
 1.00000E+00
 2.00926E+06
 6.33885E-36
 1.00000E+00
 2.00926E+06
 6.49454E-36
 1.00000E+00
 2.00926E+06
 6.65392E-36
 1.00000E+00
 2.00926E+06
 6.81709E-36
 1.00000E+00
 2.00926E+06
 6.98412E-36
 1.00000E+00
 2.00926E+06
 7.15510E-36
 1.00000E+00
 2.00926E+06
 7.33013E-36
 1.00000E+00
 2.00926E+06
 7.50930E-36
 1.00000E+00
 2.00926E+06
 7.69270E-36
 1.00000E+00
 2.00926E+06
 7.88043E-36
 1.00000E+00
 2.00926E+06
 8.07259E-36
 1.00000E+00
 2.00926E+06
 8.26928E-36
 1.00000E+00
 2.00926E+06
 8.47059E-36
 1.00000E+00
 2.00926E+06
 8.67664E-36
 1.00000E+00
 2.00926E+06
 8.88753E-36
 1.00000E+00
 2.00926E+06
 9.10338E-36
 1.00000E+00
 2.00926E+06
 9.32430E-36
 1.00000E+00
 2.00926E+06
 9.55039E-36
 1.00000E+00
 2.00926E+06
 9.78178E-36
 1.00000E+00
 2.00926E+06
 1.00186E-35
 1.00000E+00
 2.00926E+06
 1.02609E-35
 1.00000E+00
 2.00926E+06
 1.05089E-35
 1.00000E+00
 2.00926E+06
 1.07627E-35
 1.00000E+00
 2.00926E+06
 1.10225E-35
 1.00000E+00
 2.00926E+06
 1.12883E-35
 1.00000E+00
 2.00926E+06
 1.15602E-35
 1.00000E+00
 2.00926E+06
 1.18385E-35
 1.00000E+00
 2.00926E+06
 1.21233E-35
 1.00000E+00
 2.00926E+06
 1.24147E-35
 1.00000E+00
 2.00926E+06
 1.27129E-35
 1.00000E+00
 2.00926E+06
 1.30180E-35
 1.00000E+00
 2.00926E+06
 1.33301E-35
 1.00000E+00
 2.00926E+06
 1.36495E-35
 1.00000E+00
 2.00926E+06
 1.39763E-35
 1.00000E+00
 2.00926E+06
 1.43106E-35
 1.00000E+00
 2.00926E+06
 1.46527E-35
 1.00000E+00
 2.00926E+06
 1.50027E-35
 1.00000E+00
 2.00926E+06
 1.53607E-35
 1.00000E+00
 2.00926E+06
 1.57270E-35
 1.00000E+00
 2.00926E+06
 1.61018E-35
 1.00000E+00
 2.00926E+06
 1.64851E-35
 1.00000E+00
 2.00926E+06
 1.68773E-35
 1.00000E+00
 2.00926E+06
 1.72785E-35
 1.00000E+00
 2.00926E+06
 1.76889E-35
 1.00000E+00
 2.00926E+06
 1.81088E-35
 1.00000E+00
 2.00926E+06
 1.85382E-35
 1.00000E+00
 2.00926E+06
 1.89775E-35
 1.00000E+00
 2.00926E+06
 1.94269E-35
 1.00000E+00
 2.00926E+06
 1.98865E-35
 1.00000E+00
 2.00926E+06
 2.03566E-35
 1.00000E+00
 2.00926E+06
 2.08375E-35
 1.00000E+00
 2.00926E+06
 2.13294E-35
 1.00000E+00
 2.00926E+06
 2.18324E-35
 1.00000E+00
 2.00926E+06
 2.23470E-35
 1.00000E+00
 2.00926E+06
 2.28732E-35
 1.00000E+00
 2.00926E+06
 2.34114E-35
 1.00000E+00
 2.00926E+06
 2.39619E-35
 1.00000E+00
 2.00926E+06
 2.45248E-35
 1.00000E+00
 2.00926E+06
 2.51005E-35
 1.00000E+00
 2.00926E+06
 2.56893E-35
 1.00000E+00
 2.00926E+06
 2.62914E-35
 1.00000E+00
 2.00926E+06
 2.69072E-35
 1.00000E+00
 2.00926E+06
 2.75369E-35
 1.00000E+00
 2.00926E+06
 2.81808E-35
 1.00000E+00
 2.00926E+06
 2.88393E-35
 1.00000E+00
 2.00926E+06
 2.95126E-35
 1.00000E+00
 2.00926E+06
 3.02011E-35
 1.00000E+00
 2.00926E+06
 3.09051E-35
 1.00000E+00
 2.00926E+06
 3.16250E-35
 1.00000E+00
 2.00926E+06
 3.23611E-35
 1.00000E+00
 2.00926E+06
 3.31137E-35
 1.00000E+00
 2.00926E+06
 3.38833E-35
 1.00000E+00
 2.00926E+06
 3.46701E-35
 1.00000E+00
 2.00926E+06
 3.54746E-35
 1.00000E+00
 2.00926E+06
 3.62970E-35
 1.00000E+00
 2.00926E+06
 3.71380E-35
 1.00000E+00
 2.00926E+06
 3.79977E-35
 1.00000E+00
 2.00926E+06
 3.88766E-35
 1.00000E+00
 2.00926E+06
 3.97752E-35
 1.00000E+00
 2.00926E+06
 4.06939E-35
 1.00000E+00
 2.00926E+06
 4.16330E-35
 1.00000E+00
 2.00926E+06
 4.25931E-35
 1.00000E+00
 2.00926E+06
 4.35746E-35
 1.00000E+00
 2.00926E+06
 4.45779E-35
 1.00000E+00
 2.00926E+06
 4.56035E-35
 1.00000E+00
 2.00926E+06
 4.66519E-35
 1.00000E+00
 2.00926E+06
 4.77236E-35
 1.00000E+00
 2.00926E+06
 4.88191E-35
 1.00000E+00
 2.00926E+06
 4.99388E-35
 1.00000E+00
 2.00926E+06
 5.10834E-35
 1.00000E+00
 2.00926E+06
 5.22533E-35
 1.00000E+00
 2.00926E+06
 5.34490E-35
 1.00000E+00
 2.00926E+06
 5.46713E-35
 1.00000E+00
 2.00926E+06
 5.59204E-35
 1.00000E+00
 2.00926E+06
 5.71972E-35
 1.00000E+00
 2.00926E+06
 5.85021E-35
 1.00000E+00
 2.00926E+06
 5.98358E-35
 1.00000E+00
 2.00926E+06
 6.11988E-35
 1.00000E+00
 2.00926E+06
 6.25919E-35
 1.00000E+00
 2.00926E+06
 6.40155E-35
 1.00000E+00
 2.00926E+06
 6.54704E-35
 1.00000E+00
 2.00926E+06
 6.69573E-35
 1.00000E+00
 2.00926E+06
 6.84767E-35
 1.00000E+00
 2.00926E+06
 7.00295E-35
 1.00000E+00
 2.00926E+06
 7.16162E-35
 1.00000E+00
 2.00926E+06
 7.32377E-35
 1.00000E+00
 2.00926E+06
 7.48947E-35
 1.00000E+00
 2.00926E+06
 7.65878E-35
 1.00000E+00
 2.00926E+06
 7.83179E-35
 1.00000E+00
 2.00926E+06
 8.00858E-35
 1.00000E+00
 2.00926E+06
 8.18922E-35
 1.00000E+00
 2.00926E+06
 8.37379E-35
 1.00000E+00
 2.00926E+06
 8.56238E-35
 1.00000E+00
 2.00926E+06
 8.75507E-35
 1.00000E+00
 2.00926E+06
 8.95195E-35
 1.00000E+00
 2.00926E+06
 9.15311E-35
 1.00000E+00
 2.00926E+06
 9.35863E-35
 1.00000E+00
 2.00926E+06
 9.56861E-35
 1.00000E+00
 2.00926E+06
 9.78313E-35
 1.00000E+00
 2.00926E+06
 1.00023E-34
 1.00000E+00
 2.00926E+06
 1.02262E-34
 1.00000E+00
 2.00926E+06
 1.04550E-34
 1.00000E+00
 2.00926E+06
 1.06887E-34
 1.00000E+00
 2.00926E+06
 1.09274E-34
 1.00000E+00
 2.00926E+06
 1.11713E-34
 1.00000E+00
 2.00926E+06
 1.14204E-34
 1.00000E+00
 2.00926E+06
 1.16749E-34
 1.00000E+00
 2.00926E+06
 1.19349E-34
 1.00000E+00
 2.00926E+06
 1.22005E-34
 1.00000E+00
 2.00926E+06
 1.24718E-34
 1.00000E+00
 2.00926E+06
 1.27489E-34
 1.00000E+00
 2.00926E+06
 1.30319E-34
 1.00000E+00
 2.00926E+06
 1.33211E-34
 1.00000E+00
 2.00926E+06
 1.36164E-34
 1.00000E+00
 2.00926E+06
 1.39180E-34
 1.00000E+00
 2.00926E+06
 1.42261E-34
 1.00000E+00
 2.00926E+06
 1.45408E-34
 1.00000E+00
 2.00926E+06
 1.48621E-34
 1.00000E+00
 2.00926E+06
 1.51904E-34
 1.00000E+00
 2.00926E+06
 1.55256E-34
 1.00000E+00
 2.00926E+06
 1.58680E-34
 1.00000E+00
 2.00926E+06
 1.62177E-34
 1.00000E+00
 2.00926E+06
 1.65748E-34
 1.00000E+00
 2.00926E+06
 1.69396E-34
 1.00000E+00
 2.00926E+06
 1.73120E-34
 1.00000E+00
 2.00926E+06
 1.76924E-34
 1.00000E+00
 2.00926E+06
 1.80808E-34
 1.00000E+00
 2.00926E+06
 1.84775E-34
 1.00000E+00
 2.00926E+06
 1.88826E-34
 1.00000E+00
 2.00926E+06
 1.92962E-34
 1.00000E+00
 2.00926E+06
 1.97186E-34
 1.00000E+00
 2.00926E+06
 2.01500E-34
 1.00000E+00
 2.00926E+06
 2.05904E-34
 1.00000E+00
 2.00926E+06
 2.10401E-34
 1.00000E+00
 2.00926E+06
 2.14994E-34
 1.00000E+00
 2.00926E+06
 2.19682E-34
 1.00000E+00
 2.00926E+06
 2.24470E-34
 1.00000E+00
 2.00926E+06
 2.29359E-34
 1.00000E+00
 2.00926E+06
 2.34350E-34
 1.00000E+00
 2.00926E+06
 2.39446E-34
 1.00000E+00
 2.00926E+06
 2.44649E-34
 1.00000E+00
 2.00926E+06
 2.49961E-34
 1.00000E+00
 2.00926E+06
 2.55384E-34
 1.00000E+00
 2.00926E+06
 2.60921E-34
 1.00000E+00
 2.00926E+06
 2.66574E-34
 1.00000E+00
 2.00926E+06
 2.72346E-34
 1.00000E+00
 2.00926E+06
 2.78237E-34
 1.00000E+00
 2.00926E+06
 2.84252E-34
 1.00000E+00
 2.00926E+06
 2.90393E-34
 1.00000E+00
 2.00926E+06
 2.96661E-34
 1.00000E+00
 2.00926E+06
 3.03060E-34
 1.00000E+00
 2.00926E+06
 3.09593E-34
 1.00000E+00
 2.00926E+06
 3.16261E-34
 1.00000E+00
 2.00926E+06
 3.23068E-34
 1.00000E+00
 2.00926E+06
 3.30016E-34
 1.00000E+00
 2.00926E+06
 3.37109E-34
 1.00000E+00
 2.00926E+06
 3.44348E-34
 1.00000E+00
 2.00926E+06
 3.51738E-34
 1.00000E+00
 2.00926E+06
 3.59281E-34
 1.00000E+00
 2.00926E+06
 3.66980E-34
 1.00000E+00
 2.00926E+06
 3.74839E-34
 1.00000E+00
 2.00926E+06
 3.82859E-34
 1.00000E+00
 2.00926E+06
 3.91046E-34
 1.00000E+00
 2.00926E+06
 3.99401E-34
 1.00000E+00
 2.00926E+06
 4.07929E-34
 1.00000E+00
 2.00926E+06
 4.16632E-34
 1.00000E+00
 2.00926E+06
 4.25515E-34
 1.00000E+00
 2.00926E+06
 4.34581E-34
 1.00000E+00
 2.00926E+06
 4.43832E-34
 1.00000E+00
 2.00926E+06
 4.53275E-34
 1.00000E+00
 2.00926E+06
 4.62910E-34
 1.00000E+00
 2.00926E+06
 4.72744E-34
 1.00000E+00
 2.00926E+06
 4.82779E-34
 1.00000E+00
 2.00926E+06
 4.93020E-34
 1.00000E+00
 2.00926E+06
 5.03471E-34
 1.00000E+00
 2.00926E+06
 5.14135E-34
 1.00000E+00
 2.00926E+06
 5.25018E-34
 1.00000E+00
 2.00926E+06
 5.36123E-34
 1.00000E+00
 2.00926E+06
 5.47454E-34
 1.00000E+00
 2.00926E+06
 5.59017E-34
 1.00000E+00
 2.00926E+06
 5.70815E-34
 1.00000E+00
 2.00926E+06
 5.82854E-34
 1.00000E+00
 2.00926E+06
 5.95138E-34
 1.00000E+00
 2.00926E+06
 6.07671E-34
 1.00000E+00
 2.00926E+06
 6.20460E-34
 1.00000E+00
 2.00926E+06
 6.33508E-34
 1.00000E+00
 2.00926E+06
 6.46821E-34
 1.00000E+00
 2.00926E+06
 6.60404E-34
 1.00000E+00
 2.00926E+06
 6.74262E-34
 1.00000E+00
 2.00926E+06
 6.88401E-34
 1.00000E+00
 2.00926E+06
 7.02826E-34
 1.00000E+00
 2.00926E+06
 7.17543E-34
 1.00000E+00
 2.00926E+06
 7.32557E-34
 1.00000E+00
 2.00926E+06
 7.47874E-34
 1.00000E+00
 2.00926E+06
 7.63501E-34
 1.00000E+00
 2.00926E+06
 7.79442E-34
 1.00000E+00
 2.00926E+06
 7.95705E-34
 1.00000E+00
 2.00926E+06
 8.12295E-34
 1.00000E+00
 2.00926E+06
 8.29219E-34
 1.00000E+00
 2.00926E+06
 8.46484E-34
 1.00000E+00
 2.00926E+06
 8.64095E-34
 1.00000E+00
 2.00926E+06
 8.82060E-34
 1.00000E+00
 2.00926E+06
 9.00385E-34
 1.00000E+00
 2.00926E+06
 9.19078E-34
 1.00000E+00
 2.00926E+06
 9.38145E-34
 1.00000E+00
 2.00926E+06
 9.57594E-34
 1.00000E+00
 2.00926E+06
 9.77432E-34
 1.00000E+00
 2.00926E+06
 9.97667E-34
 1.00000E+00
 2.00926E+06
 1.01831E-33
 1.00000E+00
 2.00926E+06
 1.03936E-33
 1.00000E+00
 2.00926E+06
 1.06083E-33
 1.00000E+00
 2.00926E+06
 1.08273E-33
 1.00000E+00
 2.00926E+06
 1.10506E-33
 1.00000E+00
 2.00926E+06
 1.12784E-33
 1.00000E+00
 2.00926E+06
 1.15107E-33
 1.00000E+00
 2.00926E+06
 1.17477E-33
 1.00000E+00
 2.00926E+06
 1.19893E-33
 1.00000E+00
 2.00926E+06
 1.22358E-33
 1.00000E+00
 2.00926E+06
 1.24871E-33
 1.00000E+00
 2.00926E+06
 1.27434E-33
 1.00000E+00
 2.00926E+06
 1.30048E-33
 1.00000E+00
 2.00926E+06
 1.32714E-33
 1.00000E+00
 2.00926E+06
 1.35432E-33
 1.00000E+00
 2.00926E+06
 1.38205E-33
 1.00000E+00
 2.00926E+06
 1.41032E-33
 1.00000E+00
 2.00926E+06
 1.43914E-33
 1.00000E+00
 2.00926E+06
 1.46854E-33
 1.00000E+00
 2.00926E+06
 1.49851E-33
 1.00000E+00
 2.00926E+06
 1.52908E-33
 1.00000E+00
 2.00926E+06
 1.56024E-33
 1.00000E+00
 2.00926E+06
 1.59202E-33
 1.00000E+00
 2.00926E+06
 1.62443E-33
 1.00000E+00
 2.00926E+06
 1.65747E-33
 1.00000E+00
 2.00926E+06
 1.69116E-33
 1.00000E+00
 2.00926E+06
 1.72551E-33
 1.00000E+00
 2.00926E+06
 1.76053E-33
 1.00000E+00
 2.00926E+06
 1.79624E-33
 1.00000E+00
 2.00926E+06
 1.83265E-33
 1.00000E+00
 2.00926E+06
 1.86977E-33
 1.00000E+00
 2.00926E+06
 1.90761E-33
 1.00000E+00
 2.00926E+06
 1.94620E-33
 1.00000E+00
 2.00926E+06
 1.98553E-33
 1.00000E+00
 2.00926E+06
 2.02564E-33
 1.00000E+00
 2.00926E+06
 2.06652E-33
 1.00000E+00
 2.00926E+06
 2.10820E-33
 1.00000E+00
 2.00926E+06
 2.15070E-33
 1.00000E+00
 2.00926E+06
 2.19402E-33
 1.00000E+00
 2.00926E+06
 2.23818E-33
 1.00000E+00
 2.00926E+06
 2.28319E-33
 1.00000E+00
 2.00926E+06
 2.32909E-33
 1.00000E+00
 2.00926E+06
 2.37587E-33
 1.00000E+00
 2.00926E+06
 2.42356E-33
 1.00000E+00
 2.00926E+06
 2.47217E-33
 1.00000E+00
 2.00926E+06
 2.52172E-33
 1.00000E+00
 2.00926E+06
 2.57223E-33
 1.00000E+00
 2.00926E+06
 2.62372E-33
 1.00000E+00
 2.00926E+06
 2.67620E-33
 1.00000E+00
 2.00926E+06
 2.72969E-33
 1.00000E+00
 2.00926E+06
 2.78422E-33
 1.00000E+00
 2.00926E+06
 2.83979E-33
 1.00000E+00
 2.00926E+06
 2.89644E-33
 1.00000E+00
 2.00926E+06
 2.95418E-33
 1.00000E+00
 2.00926E+06
 3.01302E-33
 1.00000E+00
 2.00926E+06
 3.07300E-33
 1.00000E+00
 2.00926E+06
 3.13413E-33
 1.00000E+00
 2.00926E+06
 3.19643E-33
 1.00000E+00
 2.00926E+06
 3.25993E-33
 1.00000E+00
 2.00926E+06
 3.32464E-33
 1.00000E+00
 2.00926E+06
 3.39059E-33
 1.00000E+00
 2.00926E+06
 3.45781E-33
 1.00000E+00
 2.00926E+06
 3.52631E-33
 1.00000E+00
 2.00926E+06
 3.59612E-33
 1.00000E+00
 2.00926E+06
 3.66726E-33
 1.00000E+00
 2.00926E+06
 3.73976E-33
 1.00000E+00
 2.00926E+06
 3.81364E-33
 1.00000E+00
 2.00926E+06
 3.88893E-33
 1.00000E+00
 2.00926E+06
 3.96565E-33
 1.00000E+00
 2.00926E+06
 4.04384E-33
 1.00000E+00
