 0.00000E+00
 7.66030E-06
 1.55003E-05
 2.33710E-05
 3.12736E-05
 3.92263E-05
 4.72002E-05
 5.52011E-05
 6.32334E-05
 7.12954E-05
 7.93942E-05
 8.75143E-05
 9.56692E-05
 1.03817E-04
 1.11998E-04
 1.20213E-04
 1.28453E-04
 1.36718E-04
 1.44976E-04
 1.53255E-04
 1.61567E-04
 1.69904E-04
 1.78240E-04
 1.86581E-04
 1.94963E-04
 2.03350E-04
 2.11742E-04
 2.20152E-04
 2.28583E-04
 2.37022E-04
 2.45463E-04
 2.53926E-04
 2.62398E-04
 2.70878E-04
 2.79361E-04
 2.87861E-04
 2.96384E-04
 3.04897E-04
 3.13431E-04
 3.21982E-04
 3.30524E-04
 3.39078E-04
 3.47647E-04
 3.56219E-04
 3.64790E-04
 3.73375E-04
 3.81957E-04
 3.90546E-04
 3.99139E-04
 4.07737E-04
 4.16349E-04
 4.24960E-04
 4.33573E-04
 4.42196E-04
 4.50827E-04
 4.59461E-04
 4.68108E-04
 4.76745E-04
 4.85385E-04
 4.94034E-04
 5.02680E-04
 5.11333E-04
 5.19988E-04
 5.28655E-04
 5.37327E-04
 5.46008E-04
 5.54676E-04
 5.63343E-04
 5.72022E-04
 5.80689E-04
 5.89363E-04
 5.98046E-04
 6.06732E-04
 6.15432E-04
 6.24122E-04
 6.32818E-04
 6.41519E-04
 6.50208E-04
 6.58909E-04
 6.67603E-04
 6.76307E-04
 6.85016E-04
 6.93718E-04
 7.02434E-04
 7.11133E-04
 7.19841E-04
 7.28561E-04
 7.37276E-04
 7.46012E-04
 7.54733E-04
 7.63448E-04
 7.72157E-04
 7.80877E-04
 7.89596E-04
 7.98333E-04
 8.07061E-04
 8.15791E-04
 8.24523E-04
 8.33248E-04
 8.41994E-04
 8.50723E-04
 8.59461E-04
 8.68199E-04
 8.76936E-04
 8.85665E-04
 8.94406E-04
 9.03145E-04
 9.11892E-04
 9.20630E-04
 9.29371E-04
 9.38098E-04
 9.46847E-04
 9.55584E-04
 9.64335E-04
 9.73073E-04
 9.81833E-04
 9.90580E-04
 9.99340E-04
 1.00808E-03
 1.01683E-03
 1.02558E-03
 1.03434E-03
 1.04309E-03
 1.05185E-03
 1.06061E-03
 1.06937E-03
 1.07813E-03
 1.08689E-03
 1.09565E-03
 1.10441E-03
 1.11317E-03
 1.12193E-03
 1.13068E-03
 1.13944E-03
 1.14821E-03
 1.15696E-03
 1.16574E-03
 1.17449E-03
 1.18326E-03
 1.19202E-03
 1.20078E-03
 1.20956E-03
 1.21832E-03
 1.22710E-03
 1.23587E-03
 1.24464E-03
 1.25343E-03
 1.26220E-03
 1.27097E-03
 1.27974E-03
 1.28851E-03
 1.29728E-03
 1.30605E-03
 1.31482E-03
 1.32359E-03
 1.33238E-03
 1.34115E-03
 1.34993E-03
 1.35872E-03
 1.36751E-03
 1.37631E-03
 1.38509E-03
 1.39388E-03
 1.40266E-03
 1.41143E-03
 1.42021E-03
 1.42899E-03
 1.43778E-03
 1.44656E-03
 1.45535E-03
 1.46415E-03
 1.47294E-03
 1.48174E-03
 1.49053E-03
 1.49932E-03
 1.50811E-03
 1.51690E-03
 1.52569E-03
 1.53447E-03
 1.54327E-03
 1.55207E-03
 1.56086E-03
 1.56966E-03
 1.57847E-03
 1.58726E-03
 1.59605E-03
 1.60484E-03
 1.61364E-03
 1.62244E-03
 1.63124E-03
 1.64005E-03
 1.64886E-03
 1.65766E-03
 1.66647E-03
 1.67527E-03
 1.68408E-03
 1.69288E-03
 1.70167E-03
 1.71048E-03
 1.71929E-03
 1.72810E-03
 1.73692E-03
 1.74572E-03
 1.75453E-03
 1.76333E-03
 1.77214E-03
 1.78095E-03
 1.78976E-03
 1.79857E-03
 1.80739E-03
 1.81620E-03
 1.82503E-03
 1.83385E-03
 1.84266E-03
 1.85148E-03
 1.86029E-03
 1.86910E-03
 1.87793E-03
 1.88674E-03
 1.89554E-03
 1.90437E-03
 1.91318E-03
 1.92200E-03
 1.93082E-03
 1.93963E-03
 1.94845E-03
 1.95728E-03
 1.96610E-03
 1.97492E-03
 1.98375E-03
 1.99257E-03
 2.00140E-03
 2.01023E-03
 2.01906E-03
 2.02789E-03
 2.03672E-03
 2.04555E-03
 2.05437E-03
 2.06320E-03
 2.07204E-03
 2.08087E-03
 2.08970E-03
 2.09852E-03
 2.10735E-03
 2.11618E-03
 2.12501E-03
 2.13384E-03
 2.14267E-03
 2.15150E-03
 2.16033E-03
 2.16917E-03
 2.17800E-03
 2.18683E-03
 2.19567E-03
 2.20452E-03
 2.21335E-03
 2.22219E-03
 2.23103E-03
 2.23988E-03
 2.24871E-03
 2.25755E-03
 2.26639E-03
 2.27522E-03
 2.28406E-03
 2.29290E-03
 2.30175E-03
 2.31059E-03
 2.31943E-03
 2.32827E-03
 2.33712E-03
 2.34596E-03
 2.35481E-03
 2.36366E-03
 2.37251E-03
 2.38135E-03
 2.39020E-03
 2.39905E-03
 2.40790E-03
 2.41675E-03
 2.42560E-03
 2.43445E-03
 2.44329E-03
 2.45213E-03
 2.46098E-03
 2.46984E-03
 2.47869E-03
 2.48753E-03
 2.49638E-03
 2.50524E-03
 2.51409E-03
 2.52292E-03
 2.53178E-03
 2.54063E-03
 2.54948E-03
 2.55833E-03
 2.56719E-03
 2.57605E-03
 2.58489E-03
 2.59375E-03
 2.60261E-03
 2.61147E-03
 2.62032E-03
 2.62917E-03
 2.63802E-03
 2.64688E-03
 2.65574E-03
 2.66466E-03
 2.67359E-03
 2.68251E-03
 2.69144E-03
 2.70037E-03
 2.70929E-03
 2.71820E-03
 2.72712E-03
 2.73605E-03
 2.74496E-03
 2.75387E-03
 2.76278E-03
 2.77170E-03
 2.78061E-03
 2.78953E-03
 2.79845E-03
 2.80737E-03
 2.81629E-03
 2.82520E-03
 2.83413E-03
 2.84305E-03
 2.85197E-03
 2.86088E-03
 2.86979E-03
 2.87871E-03
 2.88762E-03
 2.89654E-03
 2.90546E-03
 2.91436E-03
 2.92327E-03
 2.93219E-03
 2.94110E-03
 2.95001E-03
 2.95891E-03
 2.96782E-03
 2.97673E-03
 2.98564E-03
 2.99456E-03
 3.00347E-03
 3.01237E-03
 3.02129E-03
 3.03020E-03
 3.03911E-03
 3.04803E-03
 3.05694E-03
 3.06586E-03
 3.07477E-03
 3.08367E-03
 3.09259E-03
 3.10152E-03
 3.11042E-03
 3.11933E-03
 3.12823E-03
 3.13715E-03
 3.14606E-03
 3.15496E-03
 3.16387E-03
 3.17278E-03
 3.18168E-03
 3.19058E-03
 3.19948E-03
 3.20838E-03
 3.21728E-03
 3.22618E-03
 3.23508E-03
 3.24398E-03
 3.25289E-03
 3.26179E-03
 3.27069E-03
 3.27961E-03
 3.28852E-03
 3.29742E-03
 3.30632E-03
 3.31523E-03
 3.32414E-03
 3.33305E-03
 3.34195E-03
 3.35086E-03
 3.35977E-03
 3.36867E-03
 3.37758E-03
 3.38650E-03
 3.39541E-03
 3.40432E-03
 3.41323E-03
 3.42212E-03
 3.43103E-03
 3.43994E-03
 3.44885E-03
 3.45775E-03
 3.46666E-03
 3.47557E-03
 3.48447E-03
 3.49338E-03
 3.50228E-03
 3.51119E-03
 3.52009E-03
 3.52899E-03
 3.53790E-03
 3.54680E-03
 3.55572E-03
 3.56463E-03
 3.57354E-03
 3.58245E-03
 3.59136E-03
 3.60027E-03
 3.60918E-03
 3.61808E-03
 3.62698E-03
 3.63588E-03
 3.64479E-03
 3.65370E-03
 3.66262E-03
 3.67153E-03
 3.68042E-03
 3.68933E-03
 3.69824E-03
 3.70715E-03
 3.71607E-03
 3.72497E-03
 3.73388E-03
 3.74278E-03
 3.75169E-03
 3.76059E-03
 3.76950E-03
 3.77841E-03
 3.78731E-03
 3.79622E-03
 3.80513E-03
 3.81402E-03
 3.82292E-03
 3.83182E-03
 3.84072E-03
 3.84962E-03
 3.85852E-03
 3.86743E-03
 3.87635E-03
 3.88526E-03
 3.89417E-03
 3.90307E-03
 3.91198E-03
 3.92089E-03
 3.92981E-03
 3.93872E-03
 3.94763E-03
 3.95653E-03
 3.96544E-03
 3.97435E-03
 3.98325E-03
 3.99216E-03
 4.00107E-03
 4.00997E-03
 4.01888E-03
 4.02779E-03
 4.03671E-03
 4.04562E-03
 4.05453E-03
 4.06344E-03
 4.07236E-03
 4.08128E-03
 4.09020E-03
 4.09910E-03
 4.10801E-03
 4.11692E-03
 4.12583E-03
 4.13475E-03
 4.14365E-03
 4.15256E-03
 4.16147E-03
 4.17038E-03
 4.17930E-03
 4.18821E-03
 4.19712E-03
 4.20603E-03
 4.21496E-03
 4.22388E-03
 4.23279E-03
 4.24169E-03
 4.25060E-03
 4.25951E-03
 4.26843E-03
 4.27734E-03
 4.28624E-03
 4.29514E-03
 4.30405E-03
 4.31296E-03
 4.32187E-03
 4.33078E-03
 4.33969E-03
 4.34861E-03
 4.35753E-03
 4.36644E-03
 4.37535E-03
 4.38427E-03
 4.39318E-03
 4.40210E-03
 4.41102E-03
 4.41993E-03
 4.42884E-03
 4.43776E-03
 4.44667E-03
 4.45559E-03
 4.46450E-03
 4.47342E-03
 4.48233E-03
 4.49125E-03
 4.50017E-03
 4.50908E-03
 4.51798E-03
 4.52690E-03
 4.53583E-03
 4.54474E-03
 4.55365E-03
 4.56256E-03
 4.57147E-03
 4.58040E-03
 4.58932E-03
 4.59824E-03
 4.60716E-03
 4.61607E-03
 4.62499E-03
 4.63391E-03
 4.64283E-03
 4.65175E-03
 4.66067E-03
 4.66960E-03
 4.67852E-03
 4.68743E-03
 4.69634E-03
 4.70526E-03
 4.71419E-03
 4.72311E-03
 4.73204E-03
 4.74095E-03
 4.74987E-03
 4.75879E-03
 4.76771E-03
 4.77664E-03
 4.78556E-03
 4.79448E-03
 4.80340E-03
 4.81232E-03
 4.82123E-03
 4.83016E-03
 4.83908E-03
 4.84801E-03
 4.85693E-03
 4.86585E-03
 4.87477E-03
 4.88369E-03
 4.89261E-03
 4.90153E-03
 4.91045E-03
 4.91937E-03
 4.92829E-03
 4.93721E-03
 4.94613E-03
 4.95505E-03
 4.96398E-03
 4.97290E-03
 4.98183E-03
 4.99075E-03
 4.99967E-03
 5.00859E-03
 5.01751E-03
 5.02643E-03
 5.03536E-03
 5.04428E-03
 5.05320E-03
 5.06212E-03
 5.07105E-03
 5.07998E-03
 5.08889E-03
 5.09780E-03
 5.10672E-03
 5.11564E-03
 5.12456E-03
 5.13349E-03
 5.14242E-03
 5.15134E-03
 5.16026E-03
 5.16919E-03
 5.17812E-03
 5.18705E-03
 5.19597E-03
 5.20490E-03
 5.21383E-03
 5.22276E-03
 5.23170E-03
 5.24063E-03
 5.24956E-03
 5.25849E-03
 5.26742E-03
 5.27635E-03
 5.28527E-03
 5.29419E-03
 5.30312E-03
 5.31204E-03
 5.32097E-03
 5.32990E-03
 5.33882E-03
 5.34775E-03
 5.35667E-03
 5.36560E-03
 5.37453E-03
 5.38346E-03
 5.39239E-03
 5.40131E-03
 5.41024E-03
 5.41917E-03
 5.42811E-03
 5.43704E-03
 5.44598E-03
 5.45491E-03
 5.46384E-03
 5.47277E-03
 5.48170E-03
 5.49064E-03
 5.49957E-03
 5.50850E-03
 5.51743E-03
 5.52635E-03
 5.53528E-03
 5.54421E-03
 5.55314E-03
 5.56207E-03
 5.57100E-03
 5.57997E-03
 5.58894E-03
 5.59792E-03
 5.60689E-03
 5.61585E-03
 5.62482E-03
 5.63380E-03
 5.64277E-03
 5.65174E-03
 5.66071E-03
 5.66966E-03
 5.67863E-03
 5.68759E-03
 5.69656E-03
 5.70553E-03
 5.71450E-03
 5.72346E-03
 5.73243E-03
 5.74139E-03
 5.75035E-03
 5.75931E-03
 5.76827E-03
 5.77723E-03
 5.78619E-03
 5.79515E-03
 5.80412E-03
 5.81309E-03
 5.82206E-03
 5.83102E-03
 5.83998E-03
 5.84895E-03
 5.85792E-03
 5.86689E-03
 5.87586E-03
 5.88482E-03
 5.89379E-03
 5.90275E-03
 5.91172E-03
 5.92068E-03
 5.92964E-03
 5.93861E-03
 5.94757E-03
 5.95654E-03
 5.96551E-03
 5.97447E-03
 5.98344E-03
 5.99240E-03
 6.00137E-03
 6.01034E-03
 6.01931E-03
 6.02827E-03
 6.03723E-03
 6.04620E-03
 6.05517E-03
 6.06415E-03
 6.07314E-03
 6.08211E-03
 6.09108E-03
 6.10003E-03
 6.10899E-03
 6.11795E-03
 6.12692E-03
 6.13589E-03
 6.14486E-03
 6.15382E-03
 6.16279E-03
 6.17175E-03
 6.18071E-03
 6.18968E-03
 6.19864E-03
 6.20761E-03
 6.21657E-03
 6.22554E-03
 6.23450E-03
 6.24346E-03
 6.25243E-03
 6.26140E-03
 6.27037E-03
 6.27934E-03
 6.28831E-03
 6.29726E-03
 6.30623E-03
 6.31520E-03
 6.32416E-03
 6.33312E-03
 6.34209E-03
 6.35104E-03
 6.36001E-03
 6.36896E-03
 6.37793E-03
 6.38689E-03
 6.39586E-03
 6.40483E-03
 6.41379E-03
 6.42276E-03
 6.43173E-03
 6.44069E-03
 6.44965E-03
 6.45861E-03
 6.46758E-03
 6.47656E-03
 6.48553E-03
 6.49450E-03
 6.50346E-03
 6.51241E-03
 6.52137E-03
 6.53033E-03
 6.53930E-03
 6.54827E-03
 6.55724E-03
 6.56620E-03
 6.57516E-03
 6.58412E-03
 6.59308E-03
 6.60205E-03
 6.61102E-03
 6.61999E-03
 6.62896E-03
 6.63793E-03
 6.64689E-03
 6.65585E-03
 6.66481E-03
 6.67377E-03
 6.68274E-03
 6.69171E-03
 6.70068E-03
 6.70965E-03
 6.71862E-03
 6.72758E-03
 6.73654E-03
 6.74550E-03
 6.75446E-03
 6.76342E-03
 6.77239E-03
 6.78135E-03
 6.79031E-03
 6.79926E-03
 6.80822E-03
 6.81719E-03
 6.82616E-03
 6.83513E-03
 6.84410E-03
 6.85306E-03
 6.86202E-03
 6.87099E-03
 6.87995E-03
 6.88892E-03
 6.89789E-03
 6.90685E-03
 6.91581E-03
 6.92477E-03
 6.93374E-03
 6.94270E-03
 6.95167E-03
 6.96064E-03
 6.96960E-03
 6.97856E-03
 6.98753E-03
 6.99650E-03
 7.00547E-03
 7.01444E-03
 7.02341E-03
 7.03238E-03
 7.04134E-03
 7.05031E-03
 7.05928E-03
 7.06825E-03
 7.07721E-03
 7.08618E-03
 7.09515E-03
 7.10411E-03
 7.11308E-03
 7.12205E-03
 7.13102E-03
 7.13998E-03
 7.14895E-03
 7.15792E-03
 7.16689E-03
 7.17586E-03
 7.18483E-03
 7.19381E-03
 7.20277E-03
 7.21174E-03
 7.22071E-03
 7.22968E-03
 7.23865E-03
 7.24762E-03
 7.25659E-03
 7.26559E-03
 7.27459E-03
 7.28359E-03
 7.29258E-03
 7.30157E-03
 7.31057E-03
 7.31956E-03
 7.32856E-03
 7.33755E-03
 7.34655E-03
 7.35555E-03
 7.36454E-03
 7.37354E-03
 7.38254E-03
 7.39153E-03
 7.40053E-03
 7.40952E-03
 7.41852E-03
 7.42752E-03
 7.43652E-03
 7.44551E-03
 7.45451E-03
 7.46351E-03
 7.47251E-03
 7.48150E-03
 7.49049E-03
 7.49948E-03
 7.50847E-03
 7.51747E-03
 7.52647E-03
 7.53547E-03
 7.54446E-03
 7.55346E-03
 7.56246E-03
 7.57145E-03
 7.58044E-03
 7.58943E-03
 7.59842E-03
 7.60741E-03
 7.61640E-03
 7.62539E-03
 7.63439E-03
 7.64338E-03
 7.65238E-03
 7.66138E-03
 7.67038E-03
 7.67937E-03
 7.68837E-03
 7.69737E-03
 7.70636E-03
 7.71535E-03
 7.72434E-03
 7.73334E-03
 7.74234E-03
 7.75133E-03
 7.76033E-03
 7.76933E-03
 7.77832E-03
 7.78731E-03
 7.79630E-03
 7.80529E-03
 7.81427E-03
 7.82327E-03
 7.83227E-03
 7.84125E-03
 7.85024E-03
 7.85922E-03
 7.86821E-03
 7.87719E-03
 7.88619E-03
 7.89519E-03
 7.90419E-03
 7.91319E-03
 7.92218E-03
 7.93117E-03
 7.94016E-03
 7.94915E-03
 7.95815E-03
 7.96714E-03
 7.97614E-03
 7.98513E-03
 7.99413E-03
 8.00312E-03
 8.01211E-03
 8.02111E-03
 8.03010E-03
 8.03910E-03
 8.04810E-03
 8.05709E-03
 8.06608E-03
 8.07507E-03
 8.08407E-03
 8.09306E-03
 8.10206E-03
 8.11105E-03
 8.12005E-03
 8.12904E-03
 8.13804E-03
 8.14703E-03
 8.15603E-03
 8.16501E-03
 8.17401E-03
 8.18300E-03
 8.19199E-03
 8.20098E-03
 8.20997E-03
 8.21896E-03
 8.22795E-03
 8.23695E-03
 8.24594E-03
 8.25494E-03
 8.26393E-03
 8.27292E-03
 8.28191E-03
 8.29090E-03
 8.29989E-03
 8.30889E-03
 8.31789E-03
 8.32688E-03
 8.33588E-03
 8.34487E-03
 8.35386E-03
 8.36286E-03
 8.37185E-03
 8.38084E-03
 8.38983E-03
 8.39882E-03
 8.40781E-03
 8.41681E-03
 8.42580E-03
 8.43479E-03
 8.44379E-03
 8.45278E-03
 8.46178E-03
 8.47077E-03
 8.47976E-03
 8.48875E-03
 8.49774E-03
 8.50673E-03
 8.51572E-03
 8.52471E-03
 8.53370E-03
 8.54269E-03
 8.55168E-03
 8.56068E-03
 8.56968E-03
 8.57868E-03
 8.58767E-03
 8.59666E-03
 8.60565E-03
 8.61464E-03
 8.62364E-03
 8.63264E-03
 8.64164E-03
 8.65064E-03
 8.65963E-03
 8.66862E-03
 8.67761E-03
 8.68660E-03
 8.69559E-03
 8.70458E-03
 8.71358E-03
 8.72258E-03
 8.73157E-03
 8.74056E-03
 8.74956E-03
 8.75855E-03
 8.76754E-03
 8.77653E-03
 8.78553E-03
 8.79452E-03
 8.80352E-03
 8.81251E-03
 8.82151E-03
 8.83051E-03
 8.83952E-03
 8.84851E-03
 8.85751E-03
 8.86650E-03
 8.87550E-03
 8.88450E-03
 8.89350E-03
 8.90250E-03
 8.91151E-03
 8.92052E-03
 8.92951E-03
 8.93850E-03
 8.94750E-03
 8.95649E-03
 8.96549E-03
 8.97448E-03
 8.98347E-03
 8.99247E-03
 9.00147E-03
 9.01046E-03
 9.01945E-03
 9.02844E-03
 9.03743E-03
 9.04642E-03
 9.05541E-03
 9.06440E-03
 9.07339E-03
 9.08238E-03
 9.09137E-03
 9.10036E-03
 9.10935E-03
 9.11835E-03
 9.12734E-03
 9.13634E-03
 9.14533E-03
 9.15435E-03
 9.16338E-03
 9.17241E-03
 9.18144E-03
 9.19046E-03
 9.19948E-03
 9.20850E-03
 9.21752E-03
 9.22654E-03
 9.23557E-03
 9.24459E-03
 9.25362E-03
 9.26263E-03
 9.27165E-03
 9.28066E-03
 9.28968E-03
 9.29870E-03
 9.30773E-03
 9.31675E-03
 9.32577E-03
 9.33480E-03
 9.34382E-03
 9.35284E-03
 9.36186E-03
 9.37087E-03
 9.37989E-03
 9.38891E-03
 9.39793E-03
 9.40694E-03
 9.41596E-03
 9.42497E-03
 9.43399E-03
 9.44300E-03
 9.45202E-03
 9.46104E-03
 9.47006E-03
 9.47907E-03
 9.48810E-03
 9.49712E-03
 9.50614E-03
 9.51516E-03
 9.52418E-03
 9.53320E-03
 9.54222E-03
 9.55124E-03
 9.56027E-03
 9.56929E-03
 9.57831E-03
 9.58734E-03
 9.59636E-03
 9.60537E-03
 9.61438E-03
 9.62339E-03
 9.63240E-03
 9.64142E-03
 9.65044E-03
 9.65946E-03
 9.66849E-03
 9.67751E-03
 9.68653E-03
 9.69555E-03
 9.70457E-03
 9.71358E-03
 9.72259E-03
 9.73161E-03
 9.74063E-03
 9.74965E-03
 9.75866E-03
 9.76768E-03
 9.77670E-03
 9.78571E-03
 9.79473E-03
 9.80375E-03
 9.81278E-03
 9.82181E-03
 9.83083E-03
 9.83984E-03
 9.84886E-03
 9.85787E-03
 9.86689E-03
 9.87590E-03
 9.88492E-03
 9.89393E-03
 9.90297E-03
 9.91201E-03
 9.92105E-03
 9.93009E-03
 9.93914E-03
 9.94818E-03
 9.95722E-03
 9.96626E-03
 9.97529E-03
 9.98433E-03
 9.99337E-03
 1.00024E-02
 1.00114E-02
 1.00205E-02
 1.00295E-02
 1.00386E-02
 1.00476E-02
 1.00567E-02
 1.00657E-02
 1.00748E-02
 1.00838E-02
 1.00928E-02
 1.01019E-02
 1.01109E-02
 1.01199E-02
 1.01290E-02
 1.01380E-02
 1.01470E-02
 1.01561E-02
 1.01651E-02
 1.01741E-02
 1.01832E-02
 1.01922E-02
 1.02012E-02
 1.02103E-02
 1.02193E-02
 1.02283E-02
 1.02373E-02
 1.02464E-02
 1.02554E-02
 1.02644E-02
 1.02735E-02
 1.02825E-02
 1.02915E-02
 1.03005E-02
 1.03096E-02
 1.03186E-02
 1.03276E-02
 1.03367E-02
 1.03457E-02
 1.03547E-02
 1.03638E-02
 1.03728E-02
 1.03818E-02
 1.03909E-02
 1.03999E-02
 1.04089E-02
 1.04180E-02
 1.04270E-02
 1.04360E-02
 1.04450E-02
 1.04541E-02
 1.04631E-02
 1.04721E-02
 1.04811E-02
 1.04902E-02
 1.04992E-02
 1.05082E-02
 1.05173E-02
 1.05263E-02
 1.05353E-02
 1.05443E-02
 1.05534E-02
 1.05624E-02
 1.05714E-02
 1.05804E-02
 1.05895E-02
 1.05985E-02
 1.06075E-02
 1.06166E-02
 1.06256E-02
 1.06346E-02
 1.06436E-02
 1.06527E-02
 1.06617E-02
 1.06707E-02
 1.06797E-02
 1.06888E-02
 1.06978E-02
 1.07068E-02
 1.07159E-02
 1.07249E-02
 1.07339E-02
 1.07429E-02
 1.07519E-02
 1.07610E-02
 1.07700E-02
 1.07790E-02
 1.07880E-02
 1.07970E-02
 1.08061E-02
 1.08151E-02
 1.08241E-02
 1.08331E-02
 1.08422E-02
 1.08512E-02
 1.08602E-02
 1.08692E-02
 1.08782E-02
 1.08873E-02
 1.08963E-02
 1.09053E-02
 1.09143E-02
 1.09233E-02
 1.09324E-02
 1.09414E-02
 1.09504E-02
 1.09594E-02
 1.09685E-02
 1.09775E-02
 1.09865E-02
 1.09955E-02
 1.10045E-02
 1.10136E-02
 1.10226E-02
 1.10316E-02
 1.10406E-02
 1.10496E-02
 1.10587E-02
 1.10677E-02
 1.10767E-02
 1.10857E-02
 1.10947E-02
 1.11037E-02
 1.11128E-02
 1.11218E-02
 1.11308E-02
 1.11398E-02
 1.11488E-02
 1.11579E-02
 1.11669E-02
 1.11759E-02
 1.11849E-02
 1.11939E-02
 1.12030E-02
 1.12120E-02
 1.12210E-02
 1.12300E-02
 1.12390E-02
 1.12480E-02
 1.12571E-02
 1.12661E-02
 1.12751E-02
 1.12841E-02
 1.12931E-02
 1.13022E-02
 1.13112E-02
 1.13202E-02
 1.13292E-02
 1.13382E-02
 1.13472E-02
 1.13562E-02
 1.13653E-02
 1.13743E-02
 1.13833E-02
 1.13923E-02
 1.14013E-02
 1.14103E-02
 1.14194E-02
 1.14284E-02
 1.14374E-02
 1.14464E-02
 1.14554E-02
 1.14644E-02
 1.14735E-02
 1.14825E-02
 1.14915E-02
 1.15005E-02
 1.15095E-02
 1.15185E-02
 1.15276E-02
 1.15366E-02
 1.15456E-02
 1.15546E-02
 1.15636E-02
 1.15726E-02
 1.15817E-02
 1.15907E-02
 1.15997E-02
 1.16087E-02
 1.16177E-02
 1.16267E-02
 1.16357E-02
 1.16448E-02
 1.16538E-02
 1.16628E-02
 1.16718E-02
 1.16808E-02
 1.16898E-02
 1.16988E-02
 1.17078E-02
 1.17168E-02
 1.17258E-02
 1.17349E-02
 1.17439E-02
 1.17529E-02
 1.17619E-02
 1.17709E-02
 1.17799E-02
 1.17889E-02
 1.17979E-02
 1.18070E-02
 1.18160E-02
 1.18250E-02
 1.18340E-02
 1.18430E-02
 1.18520E-02
 1.18610E-02
 1.18700E-02
 1.18790E-02
 1.18881E-02
 1.18971E-02
 1.19061E-02
 1.19151E-02
 1.19241E-02
 1.19331E-02
 1.19421E-02
 1.19511E-02
 1.19602E-02
 1.19692E-02
 1.19782E-02
 1.19872E-02
 1.19962E-02
 1.20052E-02
 1.20142E-02
 1.20233E-02
 1.20323E-02
 1.20413E-02
 1.20503E-02
 1.20593E-02
 1.20683E-02
 1.20774E-02
 1.20864E-02
 1.20954E-02
 1.21044E-02
 1.21134E-02
 1.21224E-02
 1.21314E-02
 1.21404E-02
 1.21494E-02
 1.21584E-02
 1.21674E-02
 1.21764E-02
 1.21854E-02
 1.21944E-02
 1.22034E-02
 1.22124E-02
 1.22214E-02
 1.22304E-02
 1.22394E-02
 1.22485E-02
 1.22575E-02
 1.22665E-02
 1.22755E-02
 1.22845E-02
 1.22935E-02
 1.23025E-02
 1.23115E-02
 1.23205E-02
 1.23295E-02
 1.23385E-02
 1.23475E-02
 1.23565E-02
 1.23656E-02
 1.23746E-02
 1.23836E-02
 1.23926E-02
 1.24016E-02
 1.24106E-02
 1.24196E-02
 1.24286E-02
 1.24376E-02
 1.24466E-02
 1.24557E-02
 1.24647E-02
 1.24737E-02
 1.24827E-02
 1.24917E-02
 1.25007E-02
 1.25097E-02
 1.25187E-02
 1.25277E-02
 1.25367E-02
 1.25458E-02
 1.25548E-02
 1.25638E-02
 1.25728E-02
 1.25818E-02
 1.25908E-02
 1.25998E-02
 1.26088E-02
 1.26178E-02
 1.26268E-02
 1.26358E-02
 1.26448E-02
 1.26538E-02
 1.26628E-02
 1.26718E-02
 1.26808E-02
 1.26898E-02
 1.26988E-02
 1.27078E-02
 1.27168E-02
 1.27258E-02
 1.27349E-02
 1.27439E-02
 1.27529E-02
 1.27619E-02
 1.27709E-02
 1.27799E-02
 1.27889E-02
 1.27979E-02
 1.28069E-02
 1.28159E-02
 1.28249E-02
 1.28339E-02
 1.28429E-02
 1.28519E-02
 1.28609E-02
 1.28700E-02
 1.28790E-02
 1.28880E-02
 1.28970E-02
 1.29060E-02
 1.29150E-02
 1.29240E-02
 1.29330E-02
 1.29420E-02
 1.29510E-02
 1.29600E-02
 1.29690E-02
 1.29780E-02
 1.29870E-02
 1.29960E-02
 1.30050E-02
 1.30141E-02
 1.30231E-02
 1.30321E-02
 1.30411E-02
 1.30502E-02
 1.30592E-02
 1.30682E-02
 1.30772E-02
 1.30862E-02
 1.30953E-02
 1.31043E-02
 1.31134E-02
 1.31224E-02
 1.31314E-02
 1.31405E-02
 1.31495E-02
 1.31586E-02
 1.31676E-02
 1.31767E-02
 1.31857E-02
 1.31948E-02
 1.32038E-02
 1.32129E-02
 1.32219E-02
 1.32309E-02
 1.32400E-02
 1.32490E-02
 1.32581E-02
 1.32671E-02
 1.32762E-02
 1.32852E-02
 1.32942E-02
 1.33033E-02
 1.33123E-02
 1.33213E-02
 1.33304E-02
 1.33394E-02
 1.33484E-02
 1.33575E-02
 1.33665E-02
 1.33756E-02
 1.33846E-02
 1.33937E-02
 1.34027E-02
 1.34117E-02
 1.34208E-02
 1.34298E-02
 1.34388E-02
 1.34479E-02
 1.34569E-02
 1.34659E-02
 1.34750E-02
 1.34840E-02
 1.34931E-02
 1.35021E-02
 1.35111E-02
 1.35202E-02
 1.35292E-02
 1.35382E-02
 1.35473E-02
 1.35563E-02
 1.35654E-02
 1.35744E-02
 1.35834E-02
 1.35925E-02
 1.36015E-02
 1.36105E-02
 1.36196E-02
 1.36286E-02
 1.36377E-02
 1.36467E-02
 1.36557E-02
 1.36648E-02
 1.36738E-02
 1.36828E-02
 1.36919E-02
 1.37009E-02
 1.37099E-02
 1.37190E-02
 1.37280E-02
 1.37370E-02
 1.37461E-02
 1.37551E-02
 1.37641E-02
 1.37732E-02
 1.37822E-02
 1.37912E-02
 1.38003E-02
 1.38093E-02
 1.38183E-02
 1.38274E-02
 1.38364E-02
 1.38454E-02
 1.38545E-02
 1.38635E-02
 1.38725E-02
 1.38815E-02
 1.38906E-02
 1.38996E-02
 1.39086E-02
 1.39177E-02
 1.39267E-02
 1.39357E-02
 1.39447E-02
 1.39538E-02
 1.39628E-02
 1.39718E-02
 1.39809E-02
 1.39899E-02
 1.39989E-02
 1.40080E-02
 1.40170E-02
 1.40260E-02
 1.40350E-02
 1.40441E-02
 1.40531E-02
 1.40621E-02
 1.40711E-02
 1.40802E-02
 1.40892E-02
 1.40982E-02
 1.41073E-02
 1.41163E-02
 1.41253E-02
 1.41343E-02
 1.41434E-02
 1.41524E-02
 1.41614E-02
 1.41704E-02
 1.41795E-02
 1.41885E-02
 1.41975E-02
 1.42065E-02
 1.42155E-02
 1.42245E-02
 1.42336E-02
 1.42426E-02
 1.42516E-02
 1.42606E-02
 1.42697E-02
 1.42787E-02
 1.42877E-02
 1.42968E-02
 1.43058E-02
 1.43148E-02
 1.43238E-02
 1.43328E-02
 1.43419E-02
 1.43509E-02
 1.43599E-02
 1.43689E-02
 1.43780E-02
 1.43870E-02
 1.43960E-02
 1.44050E-02
 1.44140E-02
 1.44231E-02
 1.44321E-02
 1.44411E-02
 1.44501E-02
 1.44591E-02
 1.44681E-02
 1.44772E-02
 1.44862E-02
 1.44952E-02
 1.45042E-02
 1.45132E-02
 1.45223E-02
 1.45313E-02
 1.45403E-02
 1.45493E-02
 1.45583E-02
 1.45674E-02
 1.45764E-02
 1.45854E-02
 1.45944E-02
 1.46034E-02
 1.46124E-02
 1.46215E-02
 1.46305E-02
 1.46395E-02
 1.46485E-02
 1.46575E-02
 1.46666E-02
 1.46756E-02
 1.46846E-02
 1.46936E-02
 1.47026E-02
 1.47116E-02
 1.47207E-02
 1.47297E-02
 1.47387E-02
 1.47477E-02
 1.47567E-02
 1.47658E-02
 1.47748E-02
 1.47838E-02
 1.47928E-02
 1.48018E-02
 1.48108E-02
 1.48198E-02
 1.48288E-02
 1.48379E-02
 1.48469E-02
 1.48559E-02
 1.48649E-02
 1.48739E-02
 1.48830E-02
 1.48920E-02
 1.49010E-02
 1.49100E-02
 1.49190E-02
 1.49280E-02
 1.49370E-02
 1.49460E-02
 1.49550E-02
 1.49641E-02
 1.49731E-02
 1.49821E-02
 1.49911E-02
 1.50001E-02
 1.50091E-02
 1.50181E-02
 1.50271E-02
 1.50362E-02
 1.50452E-02
 1.50542E-02
 1.50632E-02
 1.50722E-02
 1.50812E-02
 1.50902E-02
 1.50993E-02
 1.51083E-02
 1.51173E-02
 1.51263E-02
 1.51353E-02
 1.51443E-02
 1.51534E-02
 1.51624E-02
 1.51714E-02
 1.51804E-02
 1.51894E-02
 1.51985E-02
 1.52075E-02
 1.52165E-02
 1.52255E-02
 1.52345E-02
 1.52435E-02
 1.52525E-02
 1.52615E-02
 1.52705E-02
 1.52795E-02
 1.52886E-02
 1.52976E-02
 1.53066E-02
 1.53156E-02
 1.53246E-02
 1.53336E-02
 1.53426E-02
 1.53516E-02
 1.53606E-02
 1.53696E-02
 1.53786E-02
 1.53876E-02
 1.53966E-02
 1.54056E-02
 1.54146E-02
 1.54236E-02
 1.54327E-02
 1.54417E-02
 1.54507E-02
 1.54597E-02
 1.54687E-02
 1.54777E-02
 1.54867E-02
 1.54957E-02
 1.55047E-02
 1.55137E-02
 1.55228E-02
 1.55318E-02
 1.55408E-02
 1.55498E-02
 1.55588E-02
 1.55678E-02
 1.55768E-02
 1.55858E-02
 1.55948E-02
 1.56038E-02
 1.56128E-02
 1.56218E-02
 1.56308E-02
 1.56398E-02
 1.56488E-02
