 1.00000E+00
 1.00000E+00
 1.00000E+00
 1.00000E+00
 1.00000E+00
 1.00000E+00
 1.00000E+00
 1.00000E+00
 1.00000E+00
 1.00000E+00
 1.00000E+00
 1.00000E+00
 1.00000E+00
 1.00000E+00
 1.00000E+00
 1.00000E+00
 1.00000E+00
 1.00000E+00
 1.00000E+00
 1.00000E+00
 1.00000E+00
 1.00000E+00
 1.00000E+00
 9.99998E-01
 9.99987E-01
 9.99929E-01
 9.99671E-01
 9.98710E-01
 9.95673E-01
 9.87421E-01
 9.67996E-01
 9.28246E-01
 8.57228E-01
 7.46319E-01
 5.95550E-01
 4.19368E-01
 2.46854E-01
 1.11748E-01
 3.37508E-02
 4.98186E-03
 1.00000E+00
 1.00000E+00
 1.00000E+00
 1.00000E+00
 1.00000E+00
 1.00000E+00
 1.00000E+00
 1.00000E+00
 1.00000E+00
 1.00000E+00
 1.00000E+00
 1.00000E+00
 1.00000E+00
 1.00000E+00
 1.00000E+00
 1.00000E+00
 1.00000E+00
 1.00000E+00
 1.00000E+00
 1.00000E+00
 1.00000E+00
 1.00000E+00
 1.00000E+00
 9.99998E-01
 9.99986E-01
 9.99924E-01
 9.99651E-01
 9.98638E-01
 9.95452E-01
 9.86830E-01
 9.66605E-01
 9.25332E-01
 8.51783E-01
 7.37295E-01
 5.82578E-01
 4.03891E-01
 2.32550E-01
 1.02478E-01
 3.01221E-02
 4.34398E-03
 1.00000E+00
 1.00000E+00
 1.00000E+00
 1.00000E+00
 1.00000E+00
 1.00000E+00
 1.00000E+00
 1.00000E+00
 1.00000E+00
 1.00000E+00
 1.00000E+00
 1.00000E+00
 1.00000E+00
 1.00000E+00
 1.00000E+00
 1.00000E+00
 1.00000E+00
 1.00000E+00
 1.00000E+00
 1.00000E+00
 1.00000E+00
 1.00000E+00
 1.00000E+00
 9.99998E-01
 9.99985E-01
 9.99916E-01
 9.99619E-01
 9.98527E-01
 9.95119E-01
 9.85968E-01
 9.64654E-01
 9.21460E-01
 8.45012E-01
 7.26924E-01
 5.68918E-01
 3.88972E-01
 2.19812E-01
 9.46891E-02
 2.71544E-02
 3.81989E-03
 1.00000E+00
 1.00000E+00
 1.00000E+00
 1.00000E+00
 1.00000E+00
 1.00000E+00
 1.00000E+00
 1.00000E+00
 1.00000E+00
 1.00000E+00
 1.00000E+00
 1.00000E+00
 1.00000E+00
 1.00000E+00
 1.00000E+00
 1.00000E+00
 1.00000E+00
 1.00000E+00
 1.00000E+00
 1.00000E+00
 1.00000E+00
 1.00000E+00
 1.00000E+00
 9.99997E-01
 9.99982E-01
 9.99905E-01
 9.99572E-01
 9.98367E-01
 9.94653E-01
 9.84791E-01
 9.62079E-01
 9.16547E-01
 8.36828E-01
 7.15080E-01
 5.54266E-01
 3.73967E-01
 2.07740E-01
 8.76478E-02
 2.45518E-02
 3.36740E-03
 1.00000E+00
 1.00000E+00
 1.00000E+00
 1.00000E+00
 1.00000E+00
 1.00000E+00
 1.00000E+00
 1.00000E+00
 1.00000E+00
 1.00000E+00
 1.00000E+00
 1.00000E+00
 1.00000E+00
 1.00000E+00
 1.00000E+00
 1.00000E+00
 1.00000E+00
 1.00000E+00
 1.00000E+00
 1.00000E+00
 1.00000E+00
 1.00000E+00
 1.00000E+00
 9.99997E-01
 9.99979E-01
 9.99888E-01
 9.99506E-01
 9.98146E-01
 9.94021E-01
 9.83238E-01
 9.58778E-01
 9.10459E-01
 8.27069E-01
 7.01554E-01
 5.38300E-01
 3.58383E-01
 1.95756E-01
 8.09262E-02
 2.21437E-02
 2.95900E-03
 1.00000E+00
 1.00000E+00
 1.00000E+00
 1.00000E+00
 1.00000E+00
 1.00000E+00
 1.00000E+00
 1.00000E+00
 1.00000E+00
 1.00000E+00
 1.00000E+00
 1.00000E+00
 1.00000E+00
 1.00000E+00
 1.00000E+00
 1.00000E+00
 1.00000E+00
 1.00000E+00
 1.00000E+00
 1.00000E+00
 1.00000E+00
 1.00000E+00
 9.99999E-01
 9.99996E-01
 9.99974E-01
 9.99864E-01
 9.99413E-01
 9.97844E-01
 9.93180E-01
 9.81222E-01
 9.54615E-01
 9.03010E-01
 8.15514E-01
 6.86094E-01
 5.20713E-01
 3.41846E-01
 1.83493E-01
 7.42766E-02
 1.98350E-02
 2.57885E-03
 1.00000E+00
 1.00000E+00
 1.00000E+00
 1.00000E+00
 1.00000E+00
 1.00000E+00
 1.00000E+00
 1.00000E+00
 1.00000E+00
 1.00000E+00
 1.00000E+00
 1.00000E+00
 1.00000E+00
 1.00000E+00
 1.00000E+00
 1.00000E+00
 1.00000E+00
 1.00000E+00
 1.00000E+00
 1.00000E+00
 1.00000E+00
 1.00000E+00
 9.99999E-01
 9.99994E-01
 9.99966E-01
 9.99830E-01
 9.99283E-01
 9.97431E-01
 9.92064E-01
 9.78624E-01
 9.49403E-01
 8.93957E-01
 8.01888E-01
 6.68413E-01
 5.01217E-01
 3.24080E-01
 1.70723E-01
 6.75661E-02
 1.75786E-02
 2.21918E-03
 1.00000E+00
 1.00000E+00
 1.00000E+00
 1.00000E+00
 1.00000E+00
 1.00000E+00
 1.00000E+00
 1.00000E+00
 1.00000E+00
 1.00000E+00
 1.00000E+00
 1.00000E+00
 1.00000E+00
 1.00000E+00
 1.00000E+00
 1.00000E+00
 1.00000E+00
 1.00000E+00
 1.00000E+00
 1.00000E+00
 1.00000E+00
 1.00000E+00
 9.99999E-01
 9.99992E-01
 9.99954E-01
 9.99779E-01
 9.99100E-01
 9.96866E-01
 9.90583E-01
 9.75284E-01
 9.42902E-01
 8.82994E-01
 7.85862E-01
 6.48204E-01
 4.79554E-01
 3.04890E-01
 1.57326E-01
 6.07404E-02
 1.53592E-02
 1.87767E-03
 1.00000E+00
 1.00000E+00
 1.00000E+00
 1.00000E+00
 1.00000E+00
 1.00000E+00
 1.00000E+00
 1.00000E+00
 1.00000E+00
 1.00000E+00
 1.00000E+00
 1.00000E+00
 1.00000E+00
 1.00000E+00
 1.00000E+00
 1.00000E+00
 1.00000E+00
 1.00000E+00
 1.00000E+00
 1.00000E+00
 1.00000E+00
 1.00000E+00
 9.99998E-01
 9.99989E-01
 9.99937E-01
 9.99704E-01
 9.98837E-01
 9.96087E-01
 9.88610E-01
 9.70984E-01
 9.34800E-01
 8.69746E-01
 7.67051E-01
 6.25136E-01
 4.55490E-01
 2.84153E-01
 1.43265E-01
 5.38039E-02
 1.31838E-02
 1.55555E-03
 1.00000E+00
 1.00000E+00
 1.00000E+00
 1.00000E+00
 1.00000E+00
 1.00000E+00
 1.00000E+00
 1.00000E+00
 1.00000E+00
 1.00000E+00
 1.00000E+00
 1.00000E+00
 1.00000E+00
 1.00000E+00
 1.00000E+00
 1.00000E+00
 1.00000E+00
 1.00000E+00
 1.00000E+00
 1.00000E+00
 1.00000E+00
 1.00000E+00
 9.99997E-01
 9.99983E-01
 9.99908E-01
 9.99590E-01
 9.98455E-01
 9.95002E-01
 9.85966E-01
 9.65431E-01
 9.24696E-01
 8.53753E-01
 7.45016E-01
 5.98868E-01
 4.28833E-01
 2.61820E-01
 1.28580E-01
 4.68090E-02
 1.10752E-02
 1.25626E-03
 1.00000E+00
 1.00000E+00
 1.00000E+00
 1.00000E+00
 1.00000E+00
 1.00000E+00
 1.00000E+00
 1.00000E+00
 1.00000E+00
 1.00000E+00
 1.00000E+00
 1.00000E+00
 1.00000E+00
 1.00000E+00
 1.00000E+00
 1.00000E+00
 1.00000E+00
 1.00000E+00
 1.00000E+00
 1.00000E+00
 1.00000E+00
 9.99999E-01
 9.99996E-01
 9.99973E-01
 9.99862E-01
 9.99414E-01
 9.97892E-01
 9.93475E-01
 9.82400E-01
 9.58237E-01
 9.12085E-01
 8.34462E-01
 7.19260E-01
 5.69056E-01
 3.99438E-01
 2.37925E-01
 1.13388E-01
 3.98486E-02
 9.06704E-03
 9.84367E-04
 1.00000E+00
 1.00000E+00
 1.00000E+00
 1.00000E+00
 1.00000E+00
 1.00000E+00
 1.00000E+00
 1.00000E+00
 1.00000E+00
 1.00000E+00
 1.00000E+00
 1.00000E+00
 1.00000E+00
 1.00000E+00
 1.00000E+00
 1.00000E+00
 1.00000E+00
 1.00000E+00
 1.00000E+00
 1.00000E+00
 1.00000E+00
 9.99999E-01
 9.99992E-01
 9.99954E-01
 9.99784E-01
 9.99135E-01
 9.97050E-01
 9.91301E-01
 9.77555E-01
 9.48883E-01
 8.96331E-01
 8.11222E-01
 6.89243E-01
 5.35377E-01
 3.67244E-01
 2.12609E-01
 9.78881E-02
 3.30506E-02
 7.19715E-03
 7.45027E-04
 1.00000E+00
 1.00000E+00
 1.00000E+00
 1.00000E+00
 1.00000E+00
 1.00000E+00
 1.00000E+00
 1.00000E+00
 1.00000E+00
 1.00000E+00
 1.00000E+00
 1.00000E+00
 1.00000E+00
 1.00000E+00
 1.00000E+00
 1.00000E+00
 1.00000E+00
 1.00000E+00
 1.00000E+00
 1.00000E+00
 1.00000E+00
 9.99998E-01
 9.99985E-01
 9.99921E-01
 9.99650E-01
 9.98685E-01
 9.95770E-01
 9.88173E-01
 9.70936E-01
 9.36689E-01
 8.76647E-01
 7.83279E-01
 6.54399E-01
 4.97568E-01
 3.32310E-01
 1.86141E-01
 8.23671E-02
 2.65734E-02
 5.50680E-03
 5.42281E-04
 1.00000E+00
 1.00000E+00
 1.00000E+00
 1.00000E+00
 1.00000E+00
 1.00000E+00
 1.00000E+00
 1.00000E+00
 1.00000E+00
 1.00000E+00
 1.00000E+00
 1.00000E+00
 1.00000E+00
 1.00000E+00
 1.00000E+00
 1.00000E+00
 1.00000E+00
 1.00000E+00
 1.00000E+00
 1.00000E+00
 9.99999E-01
 9.99995E-01
 9.99971E-01
 9.99857E-01
 9.99413E-01
 9.97946E-01
 9.93801E-01
 9.83636E-01
 9.61851E-01
 9.20767E-01
 8.52080E-01
 7.49797E-01
 6.14186E-01
 4.55491E-01
 2.94875E-01
 1.58957E-01
 6.71993E-02
 2.05949E-02
 4.03885E-03
 3.77023E-04
 1.00000E+00
 1.00000E+00
 1.00000E+00
 1.00000E+00
 1.00000E+00
 1.00000E+00
 1.00000E+00
 1.00000E+00
 1.00000E+00
 1.00000E+00
 1.00000E+00
 1.00000E+00
 1.00000E+00
 1.00000E+00
 1.00000E+00
 1.00000E+00
 1.00000E+00
 1.00000E+00
 1.00000E+00
 1.00000E+00
 9.99998E-01
 9.99988E-01
 9.99939E-01
 9.99731E-01
 9.98986E-01
 9.96714E-01
 9.90738E-01
 9.77015E-01
 9.49350E-01
 8.99991E-01
 8.21512E-01
 7.09896E-01
 5.68160E-01
 4.09218E-01
 2.55431E-01
 1.31681E-01
 5.28279E-02
 1.52859E-02
 2.82048E-03
 2.48653E-04
 1.00000E+00
 1.00000E+00
 1.00000E+00
 1.00000E+00
 1.00000E+00
 1.00000E+00
 1.00000E+00
 1.00000E+00
 1.00000E+00
 1.00000E+00
 1.00000E+00
 1.00000E+00
 1.00000E+00
 1.00000E+00
 1.00000E+00
 1.00000E+00
 1.00000E+00
 1.00000E+00
 1.00000E+00
 9.99999E-01
 9.99995E-01
 9.99972E-01
 9.99870E-01
 9.99478E-01
 9.98204E-01
 9.94636E-01
 9.85939E-01
 9.67329E-01
 9.32157E-01
 8.72961E-01
 7.83690E-01
 6.62744E-01
 5.16104E-01
 3.59166E-01
 2.14801E-01
 1.05127E-01
 3.97266E-02
 1.07843E-02
 1.86089E-03
 1.54447E-04
 1.00000E+00
 1.00000E+00
 1.00000E+00
 1.00000E+00
 1.00000E+00
 1.00000E+00
 1.00000E+00
 1.00000E+00
 1.00000E+00
 1.00000E+00
 1.00000E+00
 1.00000E+00
 1.00000E+00
 1.00000E+00
 1.00000E+00
 1.00000E+00
 1.00000E+00
 1.00000E+00
 1.00000E+00
 9.99998E-01
 9.99986E-01
 9.99931E-01
 9.99713E-01
 9.98964E-01
 9.96759E-01
 9.91112E-01
 9.78406E-01
 9.53176E-01
 9.08600E-01
 8.38017E-01
 7.37310E-01
 6.07706E-01
 4.58207E-01
 3.06241E-01
 1.74207E-01
 8.02620E-02
 2.83349E-02
 7.16734E-03
 1.15026E-03
 8.97005E-05
 1.00000E+00
 1.00000E+00
 1.00000E+00
 1.00000E+00
 1.00000E+00
 1.00000E+00
 1.00000E+00
 1.00000E+00
 1.00000E+00
 1.00000E+00
 1.00000E+00
 1.00000E+00
 1.00000E+00
 1.00000E+00
 1.00000E+00
 1.00000E+00
 1.00000E+00
 1.00000E+00
 9.99999E-01
 9.99992E-01
 9.99959E-01
 9.99825E-01
 9.99353E-01
 9.97913E-01
 9.94081E-01
 9.85128E-01
 9.66623E-01
 9.32611E-01
 8.76580E-01
 7.93303E-01
 6.81190E-01
 5.44576E-01
 3.95299E-01
 2.51972E-01
 1.35277E-01
 5.80955E-02
 1.89774E-02
 4.43524E-03
 6.60895E-04
 4.83629E-05
 1.00000E+00
 1.00000E+00
 1.00000E+00
 1.00000E+00
 1.00000E+00
 1.00000E+00
 1.00000E+00
 1.00000E+00
 1.00000E+00
 1.00000E+00
 1.00000E+00
 1.00000E+00
 1.00000E+00
 1.00000E+00
 1.00000E+00
 1.00000E+00
 1.00000E+00
 9.99999E-01
 9.99994E-01
 9.99971E-01
 9.99879E-01
 9.99551E-01
 9.98534E-01
 9.95768E-01
 9.89140E-01
 9.75047E-01
 9.48362E-01
 9.03054E-01
 8.33598E-01
 7.36938E-01
 6.14540E-01
 4.73858E-01
 3.29080E-01
 1.98493E-01
 9.99735E-02
 3.94866E-02
 1.17873E-02
 2.52339E-03
 3.49036E-04
 2.39938E-05
 1.00000E+00
 1.00000E+00
 1.00000E+00
 1.00000E+00
 1.00000E+00
 1.00000E+00
 1.00000E+00
 1.00000E+00
 1.00000E+00
 1.00000E+00
 1.00000E+00
 1.00000E+00
 1.00000E+00
 1.00000E+00
 1.00000E+00
 1.00000E+00
 9.99999E-01
 9.99995E-01
 9.99976E-01
 9.99903E-01
 9.99646E-01
 9.98855E-01
 9.96692E-01
 9.91454E-01
 9.80141E-01
 9.58316E-01
 9.20497E-01
 8.61249E-01
 7.76874E-01
 6.67166E-01
 5.37013E-01
 3.96231E-01
 2.60624E-01
 1.44339E-01
 6.49244E-02
 2.38049E-02
 6.60370E-03
 1.31435E-03
 1.70680E-04
 1.10871E-05
 1.00000E+00
 1.00000E+00
 1.00000E+00
 1.00000E+00
 1.00000E+00
 1.00000E+00
 1.00000E+00
 1.00000E+00
 1.00000E+00
 1.00000E+00
 1.00000E+00
 1.00000E+00
 1.00000E+00
 1.00000E+00
 1.00000E+00
 9.99999E-01
 9.99994E-01
 9.99976E-01
 9.99908E-01
 9.99680E-01
 9.98992E-01
 9.97135E-01
 9.92655E-01
 9.82959E-01
 9.64117E-01
 9.31125E-01
 8.78792E-01
 8.03113E-01
 7.03005E-01
 5.81088E-01
 4.45521E-01
 3.03704E-01
 1.81149E-01
 9.48356E-02
 4.01466E-02
 1.36659E-02
 3.52787E-03
 6.57547E-04
 8.06785E-05
 4.98115E-06
 1.00000E+00
 1.00000E+00
 1.00000E+00
 1.00000E+00
 1.00000E+00
 1.00000E+00
 1.00000E+00
 1.00000E+00
 1.00000E+00
 1.00000E+00
 1.00000E+00
 1.00000E+00
 1.00000E+00
 1.00000E+00
 9.99998E-01
 9.99992E-01
 9.99971E-01
 9.99899E-01
 9.99667E-01
 9.98995E-01
 9.97230E-01
 9.93046E-01
 9.84080E-01
 9.66724E-01
 9.36298E-01
 8.87792E-01
 8.17160E-01
 7.22276E-01
 6.05025E-01
 4.67334E-01
 3.28258E-01
 2.13701E-01
 1.21184E-01
 5.91638E-02
 2.35583E-02
 7.45085E-03
 1.79693E-03
 3.15489E-04
 3.67533E-05
 2.16672E-06
 1.00000E+00
 1.00000E+00
 1.00000E+00
 1.00000E+00
 1.00000E+00
 1.00000E+00
 1.00000E+00
 1.00000E+00
 1.00000E+00
 1.00000E+00
 1.00000E+00
 1.00000E+00
 9.99999E-01
 9.99997E-01
 9.99989E-01
 9.99961E-01
 9.99873E-01
 9.99606E-01
 9.98870E-01
 9.97010E-01
 9.92721E-01
 9.83708E-01
 9.66480E-01
 9.36486E-01
 8.88676E-01
 8.18619E-01
 7.24307E-01
 6.03626E-01
 4.68650E-01
 3.45159E-01
 2.32406E-01
 1.43046E-01
 7.69427E-02
 3.50530E-02
 1.30606E-02
 3.84926E-03
 8.71289E-04
 1.44813E-04
 1.60822E-05
 9.08708E-07
 1.00000E+00
 1.00000E+00
 1.00000E+00
 1.00000E+00
 1.00000E+00
 1.00000E+00
 1.00000E+00
 1.00000E+00
 1.00000E+00
 1.00000E+00
 9.99999E-01
 9.99998E-01
 9.99995E-01
 9.99982E-01
 9.99942E-01
 9.99822E-01
 9.99480E-01
 9.98581E-01
 9.96406E-01
 9.91560E-01
 9.81633E-01
 9.62981E-01
 9.30842E-01
 8.80019E-01
 8.05307E-01
 7.02670E-01
 5.81416E-01
 4.61943E-01
 3.45318E-01
 2.43071E-01
 1.56681E-01
 9.10636E-02
 4.61240E-02
 1.96327E-02
 6.82388E-03
 1.88101E-03
 4.01292E-04
 6.33968E-05
 6.73419E-06
 3.65860E-07
 1.00000E+00
 1.00000E+00
 1.00000E+00
 1.00000E+00
 1.00000E+00
 1.00000E+00
 1.00000E+00
 1.00000E+00
 1.00000E+00
 9.99999E-01
 9.99996E-01
 9.99987E-01
 9.99964E-01
 9.99897E-01
 9.99719E-01
 9.99255E-01
 9.98025E-01
 9.95162E-01
 9.89034E-01
 9.76824E-01
 9.54312E-01
 9.15882E-01
 8.55271E-01
 7.68981E-01
 6.66197E-01
 5.55935E-01
 4.42381E-01
 3.37256E-01
 2.42255E-01
 1.62789E-01
 9.99716E-02
 5.47865E-02
 2.59954E-02
 1.03324E-02
 3.35046E-03
 8.67183E-04
 1.75054E-04
 2.63757E-05
 2.68744E-06
 1.40764E-07
 1.00000E+00
 1.00000E+00
 1.00000E+00
 1.00000E+00
 1.00000E+00
 1.00000E+00
 9.99999E-01
 9.99998E-01
 9.99996E-01
 9.99988E-01
 9.99966E-01
 9.99909E-01
 9.99765E-01
 9.99411E-01
 9.98566E-01
 9.96609E-01
 9.92211E-01
 9.83136E-01
 9.65572E-01
 9.34485E-01
 8.85050E-01
 8.15100E-01
 7.26861E-01
 6.25963E-01
 5.19678E-01
 4.16503E-01
 3.19471E-01
 2.33977E-01
 1.61275E-01
 1.03212E-01
 6.00338E-02
 3.09245E-02
 1.37065E-02
 5.08398E-03
 1.54191E-03
 3.76013E-04
 7.20707E-05
 1.03856E-05
 1.01750E-06
 5.15014E-08
 1.00000E+00
 1.00000E+00
 1.00000E+00
 1.00000E+00
 1.00000E+00
 9.99999E-01
 9.99996E-01
 9.99987E-01
 9.99965E-01
 9.99907E-01
 9.99765E-01
 9.99426E-01
 9.98650E-01
 9.96937E-01
 9.93290E-01
 9.85857E-01
 9.71569E-01
 9.46265E-01
 9.05293E-01
 8.45708E-01
 7.68128E-01
 6.76946E-01
 5.78554E-01
 4.78780E-01
 3.83251E-01
 2.95925E-01
 2.18799E-01
 1.53736E-01
 1.01263E-01
 6.14943E-02
 3.37079E-02
 1.62642E-02
 6.72334E-03
 2.32847E-03
 6.62725E-04
 1.52759E-04
 2.78846E-05
 3.85204E-06
 3.63639E-07
 1.78221E-08
 1.00000E+00
 1.00000E+00
 1.00000E+00
 9.99999E-01
 9.99996E-01
 9.99988E-01
 9.99966E-01
 9.99908E-01
 9.99761E-01
 9.99417E-01
 9.98642E-01
 9.96977E-01
 9.93556E-01
 9.86843E-01
 9.74344E-01
 9.52522E-01
 9.17360E-01
 8.65723E-01
 7.96927E-01
 7.13750E-01
 6.21519E-01
 5.26280E-01
 4.33221E-01
 3.45990E-01
 2.67413E-01
 1.98967E-01
 1.41410E-01
 9.50155E-02
 5.95124E-02
 3.41403E-02
 1.75640E-02
 7.91454E-03
 3.05054E-03
 9.88654E-04
 2.64887E-04
 5.78784E-05
 1.00873E-05
 1.33849E-06
 1.21967E-07
 5.79822E-09
 1.00000E+00
 9.99999E-01
 9.99998E-01
 9.99992E-01
 9.99973E-01
 9.99920E-01
 9.99779E-01
 9.99438E-01
 9.98664E-01
 9.97010E-01
 9.93663E-01
 9.87243E-01
 9.75592E-01
 9.55709E-01
 9.24099E-01
 8.77760E-01
 8.15566E-01
 7.39147E-01
 6.52627E-01
 5.61424E-01
 4.70741E-01
 3.84652E-01
 3.05872E-01
 2.35982E-01
 1.75882E-01
 1.25795E-01
 8.55806E-02
 5.47405E-02
 3.24413E-02
 1.75031E-02
 8.42262E-03
 3.53875E-03
 1.27375E-03
 3.87245E-04
 9.79412E-05
 2.03375E-05
 3.39136E-06
 4.32959E-07
 3.81407E-08
 1.76140E-09
 9.99999E-01
 9.99997E-01
 9.99986E-01
 9.99947E-01
 9.99831E-01
 9.99527E-01
 9.98800E-01
 9.97204E-01
 9.93945E-01
 9.87708E-01
 9.76503E-01
 9.57639E-01
 9.28023E-01
 8.84920E-01
 8.27059E-01
 7.55500E-01
 6.73612E-01
 5.86120E-01
 4.97901E-01
 4.13083E-01
 3.34618E-01
 2.64305E-01
 2.03025E-01
 1.51039E-01
 1.08210E-01
 7.40895E-02
 4.80111E-02
 2.90890E-02
 1.62364E-02
 8.20687E-03
 3.68573E-03
 1.44474E-03
 4.86518E-04
 1.39080E-04
 3.32857E-05
 6.58266E-06
 1.05206E-06
 1.29405E-07
 1.10351E-08
 4.95715E-10
 9.99997E-01
 9.99981E-01
 9.99913E-01
 9.99693E-01
 9.99099E-01
 9.97688E-01
 9.94665E-01
 9.88727E-01
 9.77936E-01
 9.59726E-01
 9.31211E-01
 8.89860E-01
 8.34454E-01
 7.65836E-01
 6.86959E-01
 6.02141E-01
 5.15984E-01
 4.32490E-01
 3.54645E-01
 2.84371E-01
 2.22664E-01
 1.69831E-01
 1.25709E-01
 8.98459E-02
 6.15958E-02
 4.01711E-02
 2.46687E-02
 1.40900E-02
 7.37661E-03
 3.48327E-03
 1.45973E-03
 5.34549E-04
 1.68744E-04
 4.54567E-05
 1.03157E-05
 1.94641E-06
 2.98564E-07
 3.54228E-08
 2.92737E-09
 1.28058E-10
 9.99983E-01
 9.99888E-01
 9.99526E-01
 9.98487E-01
 9.95984E-01
 9.90694E-01
 9.80636E-01
 9.63208E-01
 9.35517E-01
 8.95069E-01
 8.40699E-01
 7.73255E-01
 6.95619E-01
 6.11989E-01
 5.26855E-01
 4.44160E-01
 3.66861E-01
 2.96869E-01
 2.35193E-01
 1.82153E-01
 1.37583E-01
 1.01004E-01
 7.17434E-02
 4.90223E-02
 3.19940E-02
 1.97714E-02
 1.14499E-02
 6.13883E-03
 3.00520E-03
 1.32488E-03
 5.18428E-04
 1.77618E-04
 5.26588E-05
 1.33926E-05
 2.88677E-06
 5.20444E-07
 7.67043E-08
 8.78640E-09
 7.04337E-10
 3.00332E-11
 9.99908E-01
 9.99416E-01
 9.97802E-01
 9.93738E-01
 9.85137E-01
 9.69190E-01
 9.42738E-01
 9.03056E-01
 8.48875E-01
 7.81122E-01
 7.02891E-01
 6.18622E-01
 5.32978E-01
 4.49982E-01
 3.72597E-01
 3.02691E-01
 2.41196E-01
 1.88348E-01
 1.43905E-01
 1.07325E-01
 7.78864E-02
 5.47753E-02
 3.71419E-02
 2.41332E-02
 1.49148E-02
 8.69067E-03
 4.72576E-03
 2.37087E-03
 1.08427E-03
 4.46312E-04
 1.63212E-04
 5.23911E-05
 1.46124E-05
 3.51418E-06
 7.20471E-07
 1.24252E-07
 1.76103E-08
 1.94910E-09
 1.51675E-10
 6.30924E-12
 9.99528E-01
 9.97375E-01
 9.91354E-01
 9.78301E-01
 9.54453E-01
 9.16404E-01
 8.62396E-01
 7.93314E-01
 7.12686E-01
 6.25617E-01
 5.37378E-01
 4.52368E-01
 3.73684E-01
 3.03152E-01
 2.41567E-01
 1.88995E-01
 1.45021E-01
 1.08954E-01
 7.99621E-02
 5.71552E-02
 3.96415E-02
 2.65591E-02
 1.70963E-02
 1.05063E-02
 6.11790E-03
 3.34655E-03
 1.70375E-03
 7.98921E-04
 3.41202E-04
 1.31180E-04
 4.48732E-05
 1.35134E-05
 3.55085E-06
 8.08535E-07
 1.57837E-07
 2.60618E-08
 3.55438E-09
 3.80334E-10
 2.87494E-11
 1.16742E-12
 9.97839E-01
 9.89850E-01
 9.71286E-01
 9.37362E-01
 8.85006E-01
 8.14526E-01
 7.29930E-01
 6.37538E-01
 5.43913E-01
 4.54369E-01
 3.72424E-01
 2.99938E-01
 2.37517E-01
 1.84941E-01
 1.41507E-01
 1.06268E-01
 7.81884E-02
 5.62348E-02
 3.94243E-02
 2.68501E-02
 1.76933E-02
 1.12281E-02
 6.82391E-03
 3.94625E-03
 2.15608E-03
 1.10438E-03
 5.25652E-04
 2.30215E-04
 9.18053E-05
 3.29808E-05
 1.05621E-05
 2.98727E-06
 7.40362E-07
 1.59776E-07
 2.97233E-08
 4.70194E-09
 6.17362E-10
 6.38949E-11
 4.69380E-12
 1.86162E-13
 9.91278E-01
 9.66531E-01
 9.20120E-01
 8.50376E-01
 7.61194E-01
 6.60679E-01
 5.57868E-01
 4.60038E-01
 3.71746E-01
 2.95099E-01
 2.30468E-01
 1.77193E-01
 1.34095E-01
 9.98085E-02
 7.29688E-02
 5.23045E-02
 3.66773E-02
 2.50931E-02
 1.66976E-02
 1.07680E-02
 6.70161E-03
 4.00553E-03
 2.28689E-03
 1.24012E-03
 6.34303E-04
 3.03723E-04
 1.35005E-04
 5.51929E-05
 2.05504E-05
 6.90089E-06
 2.07039E-06
 5.50405E-07
 1.28774E-07
 2.63586E-08
 4.67561E-09
 7.08905E-10
 8.96372E-11
 8.97582E-12
 6.41042E-13
 2.48431E-14
 9.69289E-01
 9.06958E-01
 8.15484E-01
 7.04521E-01
 5.87329E-01
 4.75353E-01
 3.75654E-01
 2.91155E-01
 2.21982E-01
 1.66756E-01
 1.23497E-01
 9.01413E-02
 6.47857E-02
 4.57834E-02
 3.17553E-02
 2.15701E-02
 1.43123E-02
 9.24994E-03
 5.80378E-03
 3.52192E-03
 2.05852E-03
 1.15393E-03
 6.17035E-04
 3.12962E-04
 1.49569E-04
 6.68592E-05
 2.77292E-05
 1.05768E-05
 3.67659E-06
 1.15428E-06
 3.24574E-07
 8.11533E-08
 1.79343E-08
 3.48358E-09
 5.89428E-10
 8.56747E-11
 1.04343E-11
 1.01109E-12
 7.02200E-14
 2.65989E-15
 9.07316E-01
 7.84915E-01
 6.46536E-01
 5.10714E-01
 3.90533E-01
 2.91491E-01
 2.13647E-01
 1.54347E-01
 1.10115E-01
 7.76178E-02
 5.40326E-02
 3.71074E-02
 2.51017E-02
 1.66942E-02
 1.08922E-02
 6.95484E-03
 4.33344E-03
 2.62721E-03
 1.54466E-03
 8.77738E-04
 4.80014E-04
 2.51538E-04
 1.25643E-04
 5.94813E-05
 2.65166E-05
 1.10519E-05
 4.27303E-06
 1.51987E-06
 4.93116E-07
 1.44749E-07
 3.81568E-08
 8.97581E-09
 1.87425E-09
 3.45577E-10
 5.57840E-11
 7.77383E-12
 9.11955E-13
 8.55193E-14
 5.77632E-15
 2.13872E-16
 7.67609E-01
 5.88569E-01
 4.29433E-01
 3.01694E-01
 2.06807E-01
 1.39625E-01
 9.33284E-02
 6.18936E-02
 4.07349E-02
 2.65837E-02
 1.71773E-02
 1.09697E-02
 6.90894E-03
 4.28098E-03
 2.60340E-03
 1.54965E-03
 9.00583E-04
 5.09312E-04
 2.79344E-04
 1.48053E-04
 7.55057E-05
 3.68851E-05
 1.71701E-05
 7.57250E-06
 3.14398E-06
 1.22025E-06
 4.39404E-07
 1.45647E-07
 4.40891E-08
 1.20985E-08
 2.98987E-09
 6.61771E-10
 1.30581E-10
 2.28566E-11
 3.51989E-12
 4.70243E-13
 5.31310E-14
 4.82156E-15
 3.16749E-16
 1.14902E-17
 5.29751E-01
 3.35487E-01
 2.00684E-01
 1.17530E-01
 6.87669E-02
 4.04656E-02
 2.39526E-02
 1.42316E-02
 8.46405E-03
 5.02377E-03
 2.96663E-03
 1.73794E-03
 1.00710E-03
 5.75816E-04
 3.23787E-04
 1.78505E-04
 9.62052E-05
 5.05078E-05
 2.57362E-05
 1.26778E-05
 6.01117E-06
 2.73040E-06
 1.18183E-06
 4.84642E-07
 1.87096E-07
 6.75308E-08
 2.26242E-08
 6.98289E-09
 1.97111E-09
 5.05478E-10
 1.17086E-10
 2.43818E-11
 4.54584E-12
 7.55281E-13
 1.10942E-13
 1.42058E-14
 1.54558E-15
 1.35695E-16
 8.67576E-18
 3.00379E-19
