  0.0000000000000000E+00
  2.7291097073926584E-04
  4.1068492428104496E-04
  8.4304803326915631E-04
  1.1868605336079372E-03
  1.6260673303715243E-03
  2.0772754134127484E-03
  2.5260817237856225E-03
  2.9784534123111711E-03
  3.4301142044082552E-03
  3.8819911173580981E-03
  4.3340612612289796E-03
  4.7860219843699871E-03
  5.2379631520745214E-03
  5.6900099412568236E-03
  6.1417131140734816E-03
  6.5940793373559783E-03
  7.0468512183450094E-03
  7.4991549717201940E-03
  7.9510226642741291E-03
  8.4026197608597555E-03
  8.8540446064652879E-03
  9.3054499059883177E-03
  9.7567950536324617E-03
  1.0208454497349443E-02
  1.0659840588071460E-02
  1.1111176224429135E-02
  1.1562446222006761E-02
  1.2013519242113911E-02
  1.2464883950323854E-02
  1.2916500008839120E-02
  1.3367954351586791E-02
  1.3819158111286870E-02
  1.4270245510004682E-02
  1.4721278295963943E-02
  1.5172129620985794E-02
  1.5623253041602971E-02
  1.6074602719567430E-02
  1.6525829179458849E-02
  1.6976949531852359E-02
  1.7427887264349663E-02
  1.7878717701853973E-02
  1.8329387110886549E-02
  1.8779957422545696E-02
  1.9230484014817330E-02
  1.9681283115203209E-02
  2.0131944489678685E-02
  2.0582870371826788E-02
  2.1034066822057444E-02
  2.1485082049952451E-02
  2.1935916537641504E-02
  2.2386623710549888E-02
  2.2837499096091087E-02
  2.3288286161743721E-02
  2.3739299864569026E-02
  2.4190113777042117E-02
  2.4640825061886109E-02
  2.5091470371090125E-02
  2.5542022215487396E-02
  2.5992480956125354E-02
  2.6442780335429860E-02
  2.6893046062140370E-02
  2.7343536519257819E-02
  2.7794262642845808E-02
  2.8244898403683365E-02
  2.8695710289054710E-02
  2.9146395904624627E-02
  2.9596953276544564E-02
  3.0047373877147617E-02
  3.0497967368003028E-02
  3.0948471995691732E-02
  3.1399150046026912E-02
  3.1849740529905156E-02
  3.2300217171152099E-02
  3.2750607030331572E-02
  3.3201169996798188E-02
  3.3651658028391131E-02
  3.4102310888278260E-02
  3.4552803957236838E-02
  3.5003176634555613E-02
  3.5453479761004027E-02
  3.5903954458487916E-02
  3.6354330886720555E-02
  3.6804657120114360E-02
  3.7255131968543041E-02
  3.7705560583479278E-02
  3.8155872968375283E-02
  3.8606083802813204E-02
  3.9056455657859555E-02
  3.9506742132106754E-02
  3.9956953059440629E-02
  4.0407096170923251E-02
  4.0857175050694222E-02
  4.1307146001118546E-02
  4.1757473369300191E-02
  4.2207963234767887E-02
  4.2658554205999295E-02
  4.3109071907612151E-02
  4.3559519031943689E-02
  4.4010101160775542E-02
  4.4460563577362069E-02
  4.4910920260103869E-02
  4.5361163796246641E-02
  4.5811530966796715E-02
  4.6261843953131182E-02
  4.6712098224135377E-02
  4.7162300047793392E-02
  4.7612420957798191E-02
  4.8062667212781372E-02
  4.8512824454991423E-02
  4.8962926027822075E-02
  4.9412963506620056E-02
  4.9862961991532576E-02
  5.0313052899755822E-02
  5.0763231243370101E-02
  5.1213331615555524E-02
  5.1663579174114647E-02
  5.2113773425356190E-02
  5.2563895021397106E-02
  5.3014120819146852E-02
  5.3464443863936638E-02
  5.3914713921630969E-02
  5.4364924777619290E-02
  5.4815067883458447E-02
  5.5265295604188205E-02
  5.5715466226812838E-02
  5.6165590378525934E-02
  5.6615602835374999E-02
  5.7065676531659879E-02
  5.7515839958225463E-02
  5.7965952906681502E-02
  5.8416027825501163E-02
  5.8866055148275850E-02
  5.9316195591212879E-02
  5.9766254897550733E-02
  6.0216402463305715E-02
  6.0666656212894084E-02
  6.1116873645741969E-02
  6.1567019447724691E-02
  6.2017094490044784E-02
  6.2467100710974645E-02
  6.2917182832760085E-02
  6.3367209393114007E-02
  6.3817321177551178E-02
  6.4267389580095244E-02
  6.4717400196074679E-02
  6.5167477589859052E-02
  6.5617511206736617E-02
  6.6067506866943890E-02
  6.6517574166038568E-02
  6.6967591442929908E-02
  6.7417554229605131E-02
  6.7867475035586600E-02
  6.8317348418813567E-02
  6.8767325803006707E-02
  6.9217258702838319E-02
  6.9667115441889457E-02
  7.0117298198346278E-02
  7.0567413216299973E-02
  7.1017474553359064E-02
  7.1467604555521980E-02
  7.1917840638618613E-02
  7.2368022021822465E-02
  7.2818155020301381E-02
  7.3268227539631720E-02
  7.3718248440144907E-02
  7.4168206368737111E-02
  7.4618227670053786E-02
  7.5068193119420937E-02
  7.5518239772732046E-02
  7.5968234429625900E-02
  7.6418195865405436E-02
  7.6868106375546280E-02
  7.7317961732395510E-02
  7.7767756963463108E-02
  7.8217504440754676E-02
  7.8667326080883379E-02
  7.9117324794445706E-02
  7.9567259459946027E-02
  8.0017294018231100E-02
  8.0467303605218685E-02
  8.0917390405476838E-02
  8.1367429645074735E-02
  8.1817404205526356E-02
  8.2267450297616937E-02
  8.2717460162646930E-02
  8.3167426575931708E-02
  8.3617336173457291E-02
  8.4067172420135158E-02
  8.4517071818978787E-02
  8.4966928629277169E-02
  8.5416830021573895E-02
  8.5866682773322073E-02
  8.6316601677910054E-02
  8.6766501403281168E-02
  8.7216371528369627E-02
  8.7666298474401230E-02
  8.8116177821062916E-02
  8.8566008126623061E-02
  8.9015791605299571E-02
  8.9465523673129863E-02
  8.9915437959789207E-02
  9.0365408509785819E-02
  9.0815467939948394E-02
  9.1265495033036118E-02
  9.1715475512784361E-02
  9.2165413496709356E-02
  9.2615412009381018E-02
  9.3065344103015354E-02
  9.3515200989667327E-02
  9.3965008768208860E-02
  9.4414878397154262E-02
  9.4864809635220620E-02
  9.5314709290014468E-02
  9.5764551459550540E-02
  9.6214473588757871E-02
  9.6664440708554844E-02
  9.7114363201817544E-02
  9.7564260137676703E-02
  9.8014118085001933E-02
  9.8463929922951526E-02
  9.8913705214989503E-02
  9.9363455588885929E-02
  9.9813132802228269E-02
  1.0026297432124778E-01
  1.0071278701295991E-01
  1.0116266035543954E-01
  1.0161248071317278E-01
  1.0206235150965420E-01
  1.0251217624990402E-01
  1.0296195596849943E-01
  1.0341171057842505E-01
  1.0386142068586839E-01
  1.0431128764228151E-01
  1.0476113224132355E-01
  1.0521103176370361E-01
  1.0566097578187804E-01
  1.0611086415087478E-01
  1.0656071144480196E-01
  1.0701052438963096E-01
  1.0746039523931368E-01
  1.0791033168247222E-01
  1.0836023051663114E-01
  1.0881008476291965E-01
  1.0925988360841614E-01
  1.0970964754134215E-01
  1.1015938990333501E-01
  1.1060909920232041E-01
  1.1105874440433602E-01
  1.1150860752265412E-01
  1.1195845413090481E-01
  1.1240823592872164E-01
  1.1285798408289605E-01
  1.1330779737590854E-01
  1.1375762358008093E-01
  1.1420751240923124E-01
  1.1465738136962420E-01
  1.1510724264111313E-01
  1.1555705202002489E-01
  1.1600681419872806E-01
  1.1645663098051974E-01
  1.1690650254832759E-01
  1.1735640929720112E-01
  1.1780629737565222E-01
  1.1825614982850545E-01
  1.1870592954170123E-01
  1.1915567309436037E-01
  1.1960547107968061E-01
  1.2005525364893029E-01
  1.2050498959629090E-01
  1.2095466503543660E-01
  1.2140431825639979E-01
  1.2185393586205949E-01
  1.2230359581672490E-01
  1.2275321099108974E-01
  1.2320279355826166E-01
  1.2365252997689116E-01
  1.2410224511628458E-01
  1.2455199212453767E-01
  1.2500170986066211E-01
  1.2545139138526704E-01
  1.2590112313924093E-01
  1.2635082535651651E-01
  1.2680064960703949E-01
  1.2725046569820295E-01
  1.2770024074601094E-01
  1.2814997528013472E-01
  1.2859974878564742E-01
  1.2904957322608640E-01
  1.2949937345410664E-01
  1.2994920719527661E-01
  1.3039908077687751E-01
  1.3084890808627667E-01
  1.3129868937860717E-01
  1.3174842666279207E-01
  1.3219821927979938E-01
  1.3264804389463902E-01
  1.3309782247226745E-01
  1.3354756803597223E-01
  1.3399728837145203E-01
  1.3444697845293924E-01
  1.3489669632909251E-01
  1.3534639959570746E-01
  1.3579607136911212E-01
  1.3624585863660152E-01
  1.3669562938437793E-01
  1.3714535134526992E-01
  1.3759504703434053E-01
  1.3804471310853120E-01
  1.3849432259777575E-01
  1.3894398159924104E-01
  1.3939362525961094E-01
  1.3984323419968886E-01
  1.4029289787359572E-01
  1.4074260590908438E-01
  1.4119234696912655E-01
  1.4164203823835556E-01
  1.4209176712778521E-01
  1.4254147416578919E-01
  1.4299115251198369E-01
  1.4344080329286044E-01
  1.4389043313044944E-01
  1.4434001435082738E-01
  1.4478963274468393E-01
  1.4523927331444786E-01
  1.4568896659942557E-01
  1.4613865317465463E-01
  1.4658829028965950E-01
  1.4703802914493941E-01
  1.4748774858176489E-01
  1.4793745402848282E-01
  1.4838713244185897E-01
  1.4883677380376784E-01
  1.4928645059280243E-01
  1.4973616937702397E-01
  1.5018593140378314E-01
  1.5063565953254635E-01
  1.5108535842915241E-01
  1.5153504420329278E-01
  1.5198468672020674E-01
  1.5243427957508385E-01
  1.5288394613398304E-01
  1.5333359160841714E-01
  1.5378327135736397E-01
  1.5423300239579141E-01
  1.5468279610088892E-01
  1.5513254204757962E-01
  1.5558224959458652E-01
  1.5603198929574702E-01
  1.5648178262859572E-01
  1.5693154994954450E-01
  1.5738127434683591E-01
  1.5783097533767310E-01
  1.5828064995229721E-01
  1.5873037213187582E-01
  1.5918007205902596E-01
  1.5962974047652304E-01
  1.6007936770975950E-01
  1.6052901070128056E-01
  1.6097866975342076E-01
  1.6142830312576914E-01
  1.6187792633165224E-01
  1.6232752312621462E-01
  1.6277709653844263E-01
  1.6322664058107100E-01
  1.6367622568297310E-01
  1.6412578135339356E-01
  1.6457527647966269E-01
  1.6502472792531186E-01
  1.6547417305073742E-01
  1.6592358674925808E-01
  1.6637297409847715E-01
  1.6682246672209128E-01
  1.6727207491981744E-01
  1.6772173354098818E-01
  1.6817142874339280E-01
  1.6862115456618149E-01
  1.6907086353432296E-01
  1.6952053904474174E-01
  1.6997019772530475E-01
  1.7041988091365445E-01
  1.7086960831800910E-01
  1.7131930326317063E-01
  1.7176902893980078E-01
  1.7221874487854422E-01
  1.7266842196575477E-01
  1.7311806441585179E-01
  1.7356768146915594E-01
  1.7401732476432211E-01
  1.7446705659653536E-01
  1.7491681817800034E-01
  1.7536654897082019E-01
  1.7581626041213672E-01
  1.7626593256411355E-01
  1.7671553924192765E-01
  1.7716517336393520E-01
  1.7761483876120238E-01
  1.7806448343617029E-01
  1.7851409600234350E-01
  1.7896371079975762E-01
  1.7941329391400698E-01
  1.7986284451006385E-01
  1.8031233068955060E-01
  1.8076185831262886E-01
  1.8121137966003470E-01
  1.8166088919042106E-01
  1.8211036557699561E-01
  1.8255992461817006E-01
  1.8300951730257115E-01
  1.8345916030874607E-01
  1.8390878735176605E-01
  1.8435838577592970E-01
  1.8480793175205687E-01
  1.8525746808728610E-01
  1.8570696780991350E-01
  1.8615648218197378E-01
  1.8660597893147596E-01
  1.8705546800590572E-01
  1.8750492035097382E-01
  1.8795446126763990E-01
  1.8840404830446811E-01
  1.8885361301345929E-01
  1.8930313911778623E-01
  1.8975261757249984E-01
  1.9020217497405134E-01
  1.9065171862899963E-01
  1.9110129849695484E-01
  1.9155086152424386E-01
  1.9200039081957382E-01
  1.9244987499683169E-01
  1.9289933913856447E-01
  1.9334887707192766E-01
  1.9379838792634416E-01
  1.9424787709565328E-01
  1.9469734190635068E-01
  1.9514684195307214E-01
  1.9559638192793119E-01
  1.9604589368520681E-01
  1.9649541574894697E-01
  1.9694496899451092E-01
  1.9739454664973521E-01
  1.9784409838398997E-01
  1.9829368186522597E-01
  1.9874324098656806E-01
  1.9919276785949414E-01
  1.9964227187722577E-01
  2.0009181167687715E-01
  2.0054131660199914E-01
  2.0099091455342935E-01
  2.0144047447739566E-01
  2.0188999898961701E-01
  2.0233951723932941E-01
  2.0278900075761427E-01
  2.0323844424781556E-01
  2.0368788170649227E-01
  2.0413727478494434E-01
  2.0458670951795566E-01
  2.0503610624282875E-01
  2.0548557481867336E-01
  2.0593503283535619E-01
  2.0638447060151485E-01
  2.0683387174382672E-01
  2.0728328445510877E-01
  2.0773266177328206E-01
  2.0818203884206254E-01
  2.0863139152654117E-01
  2.0908075260042219E-01
  2.0953009149532562E-01
  2.0997940862990108E-01
  2.1042868508658930E-01
  2.1087793373454200E-01
  2.1132719961243562E-01
  2.1177642147385181E-01
  2.1222562407592951E-01
  2.1267479648605628E-01
  2.1312393781466760E-01
  2.1357305571247756E-01
  2.1402218184437580E-01
  2.1447143296427917E-01
  2.1492073954649435E-01
  2.1537008374363131E-01
  2.1581940711804692E-01
  2.1626873417019596E-01
  2.1671802282504890E-01
  2.1716725811577403E-01
  2.1761651970935719E-01
  2.1806574601402662E-01
  2.1851498703130096E-01
  2.1896425405503817E-01
  2.1941348097212932E-01
  2.1986281991660178E-01
  2.2031214869466240E-01
  2.2076144911839074E-01
  2.2121070588957303E-01
  2.2165992552476510E-01
  2.2210914839763393E-01
  2.2255834979116124E-01
  2.2300750463166535E-01
  2.2345662661195287E-01
  2.2390571749846330E-01
  2.2435477186881123E-01
  2.2480381430658625E-01
  2.2525284142254665E-01
  2.2570188290691567E-01
  2.2615094310333789E-01
  2.2659997201836046E-01
  2.2704895377015041E-01
  2.2749793936181592E-01
  2.2794693967383423E-01
  2.2839592689186120E-01
  2.2884487585348842E-01
  2.2929378868659633E-01
  2.2974266927700401E-01
  2.3019154853590215E-01
  2.3064037792682976E-01
  2.3108921275281230E-01
  2.3153799019054161E-01
  2.3198677759256925E-01
  2.3243553247283560E-01
  2.3288424011521097E-01
  2.3333290685625566E-01
  2.3378164874474722E-01
  2.3423036769456318E-01
  2.3467905738274319E-01
  2.3512769415922050E-01
  2.3557628824943902E-01
  2.3602488927818940E-01
  2.3647344167596632E-01
  2.3692196032096935E-01
  2.3737048015566631E-01
  2.3781895984604953E-01
  2.3826740390732415E-01
  2.3871589052172804E-01
  2.3916438229626411E-01
  2.3961294182176859E-01
  2.4006151767643397E-01
  2.4051009807140006E-01
  2.4095862224111508E-01
  2.4140709882676814E-01
  2.4185552518257458E-01
  2.4230391494474141E-01
  2.4275226402578984E-01
  2.4320064564232574E-01
  2.4364898107531430E-01
  2.4409727795944350E-01
  2.4454552405206312E-01
  2.4499370492807393E-01
  2.4544183556234839E-01
  2.4588991478671962E-01
  2.4633798490466538E-01
  2.4678598914468924E-01
  2.4723394968925816E-01
  2.4768185649254371E-01
  2.4812975644059831E-01
  2.4857764348733688E-01
  2.4902552410862880E-01
  2.4947339459982282E-01
  2.4992126303990664E-01
  2.5036914144337130E-01
  2.5081698133708408E-01
  2.5126475070179238E-01
  2.5171256010089793E-01
  2.5216031423999608E-01
  2.5260801562515250E-01
  2.5305566721491707E-01
  2.5350326042911575E-01
  2.5395087162339980E-01
  2.5439848287510702E-01
  2.5484604031496189E-01
  2.5529354241287688E-01
  2.5574097951265484E-01
  2.5618834617634900E-01
  2.5663569293370692E-01
  2.5708299303102022E-01
  2.5753023572493455E-01
  2.5797741464919466E-01
  2.5842453030966361E-01
  2.5887157497236368E-01
  2.5931855028531964E-01
  2.5976546665332201E-01
  2.6021232340423844E-01
  2.6065912067437846E-01
  2.6110588373587906E-01
  2.6155256116804215E-01
  2.6199926479410063E-01
  2.6244599320386119E-01
  2.6289263999558748E-01
  2.6333920489236196E-01
  2.6378576894335315E-01
  2.6423228422530226E-01
  2.6467885160164484E-01
  2.6512534777222457E-01
  2.6557177797250642E-01
  2.6601814579742245E-01
  2.6646445083685094E-01
  2.6691068743035273E-01
  2.6735684801510523E-01
  2.6780296678802457E-01
  2.6824905451017922E-01
  2.6869505283610956E-01
  2.6914098108622148E-01
  2.6958691305401772E-01
  2.7003279114600004E-01
  2.7047863407298667E-01
  2.7092439331700191E-01
  2.7137006668218616E-01
  2.7181571474616384E-01
  2.7226132899418737E-01
  2.7270685316980792E-01
  2.7315231662706035E-01
  2.7359771277339445E-01
  2.7404306363748621E-01
  2.7448833220525559E-01
  2.7493355951352583E-01
  2.7537871570627392E-01
  2.7582378431290638E-01
  2.7626883708825245E-01
  2.7671379189461470E-01
  2.7715866149417751E-01
  2.7760345288313870E-01
  2.7804823469077905E-01
  2.7849291922674990E-01
  2.7893750487957031E-01
  2.7938198893610683E-01
  2.7982641713973189E-01
  2.8027074694165527E-01
  2.8071499264964433E-01
  2.8115915111890932E-01
  2.8160321333260463E-01
  2.8204718316947769E-01
  2.8249106066968277E-01
  2.8293484399532576E-01
  2.8337852468588798E-01
  2.8382212426092823E-01
  2.8426562917352510E-01
  2.8470908137768203E-01
  2.8515243032906140E-01
  2.8559568107674815E-01
  2.8603890951485733E-01
  2.8648203667793154E-01
  2.8692506430466524E-01
  2.8736803988387444E-01
  2.8781098350012613E-01
  2.8825384432207940E-01
  2.8869664809061901E-01
  2.8913938877052464E-01
  2.8958206430510686E-01
  2.9002461015678899E-01
  2.9046714782828592E-01
  2.9090960455301418E-01
  2.9135196673932329E-01
  2.9179421623161700E-01
  2.9223642522667287E-01
  2.9267851226924185E-01
  2.9312049226051873E-01
  2.9356235878784614E-01
  2.9400409058946486E-01
  2.9444571173497236E-01
  2.9488721734932699E-01
  2.9532862502099505E-01
  2.9576992103595490E-01
  2.9621112735174643E-01
  2.9665221445214279E-01
  2.9709320948540163E-01
  2.9753411240863931E-01
  2.9797490417054645E-01
  2.9841555206612780E-01
  2.9885605355194056E-01
  2.9929647878984145E-01
  2.9973678847813706E-01
  3.0017701017555032E-01
  3.0061710502286587E-01
  3.0105707294234280E-01
  3.0149692750107521E-01
  3.0193665003975495E-01
  3.0237627855656707E-01
  3.0281577065931736E-01
  3.0325512248266567E-01
  3.0369437413552469E-01
  3.0413348690279762E-01
  3.0457247585630404E-01
  3.0501132769760503E-01
  3.0545003870027160E-01
  3.0588867253995289E-01
  3.0632716882542266E-01
  3.0676560346987081E-01
  3.0720390215998966E-01
  3.0764205680820378E-01
  3.0808012260419482E-01
  3.0851805428981566E-01
  3.0895584432192136E-01
  3.0939355776676347E-01
  3.0983116118078158E-01
  3.1026860462118622E-01
  3.1070590590295355E-01
  3.1114306945322456E-01
  3.1158011697443933E-01
  3.1201701828347023E-01
  3.1245379937096707E-01
  3.1289044112974324E-01
  3.1332692630924569E-01
  3.1376332914832367E-01
  3.1419962409804042E-01
  3.1463578883680882E-01
  3.1507177186877477E-01
  3.1550764614696580E-01
  3.1594340383959635E-01
  3.1637903907226994E-01
  3.1681455564128780E-01
  3.1724990149424409E-01
  3.1768510008206952E-01
  3.1812013857296245E-01
  3.1855500296555672E-01
  3.1898968607756822E-01
  3.1942425092799209E-01
  3.1985867057807649E-01
  3.2029295796938823E-01
  3.2072709435447277E-01
  3.2116106165538927E-01
  3.2159487525644825E-01
  3.2202852710638830E-01
  3.2246201248939566E-01
  3.2289531956977313E-01
  3.2332845697403151E-01
  3.2376141442456691E-01
  3.2419420350322364E-01
  3.2462681590860054E-01
  3.2505925556192561E-01
  3.2549154203859626E-01
  3.2592365618477004E-01
  3.2635558471270298E-01
  3.2678740865497702E-01
  3.2721909453963455E-01
  3.2765060889816022E-01
  3.2808199094407881E-01
  3.2851319777302418E-01
  3.2894422587952582E-01
  3.2937507516510406E-01
  3.2980577413187978E-01
  3.3023628557661755E-01
  3.3066664618442948E-01
  3.3109679923910817E-01
  3.3152673529425003E-01
  3.3195649758726414E-01
  3.3238607443880097E-01
  3.3281550063834098E-01
  3.3324474254409120E-01
  3.3367378896710315E-01
  3.3410261824442894E-01
  3.3453131189124363E-01
  3.3495985010950591E-01
  3.3538820834303129E-01
  3.3581638243380835E-01
  3.3624435609073583E-01
  3.3667215414300428E-01
  3.3709976318964929E-01
  3.3752716920718207E-01
  3.3795437008453849E-01
  3.3838140945201067E-01
  3.3880830623748359E-01
  3.3923504046402614E-01
  3.3966157779483130E-01
  3.4008793486254579E-01
  3.4051409139356376E-01
  3.4094010677950937E-01
  3.4136595616900545E-01
  3.4179160154060101E-01
  3.4221703546153087E-01
  3.4264224315900677E-01
  3.4306722511545545E-01
  3.4349199053275969E-01
  3.4391660152244663E-01
  3.4434103565868351E-01
  3.4476528334961209E-01
  3.4518935277878054E-01
  3.4561318842530797E-01
  3.4603680697170836E-01
  3.4646020361638913E-01
  3.4688338909097888E-01
  3.4730636230961937E-01
  3.4772910643747751E-01
  3.4815164796469655E-01
  3.4857400485156526E-01
  3.4899614286614977E-01
  3.4941804490435036E-01
  3.4983972477734882E-01
  3.5026119037790393E-01
  3.5068243756223033E-01
  3.5110352536573530E-01
  3.5152439350710185E-01
  3.5194503200332583E-01
  3.5236551037759778E-01
  3.5278575597283457E-01
  3.5320575191159409E-01
  3.5362550856214869E-01
  3.5404500306142950E-01
  3.5446427358478533E-01
  3.5488334425169160E-01
  3.5530220980467297E-01
  3.5572083342219790E-01
  3.5613921731409198E-01
  3.5655738022407862E-01
  3.5697529474669326E-01
  3.5739300644127558E-01
  3.5781048137132071E-01
  3.5822772664997438E-01
  3.5864479495837753E-01
  3.5906160417268124E-01
  3.5947818391099245E-01
  3.5989451728442229E-01
  3.6031060270121579E-01
  3.6072643512312769E-01
  3.6114203063811262E-01
  3.6155736926108561E-01
  3.6197249147705840E-01
  3.6238740019483368E-01
  3.6280209692340731E-01
  3.6321654411994286E-01
  3.6363074638822457E-01
  3.6404470081103424E-01
  3.6445839234025790E-01
  3.6487186324281745E-01
  3.6528512747898745E-01
  3.6569813024451231E-01
  3.6611091225055886E-01
  3.6652343700960155E-01
  3.6693571379009299E-01
  3.6734779040425647E-01
  3.6775961485102016E-01
  3.6817124792106187E-01
  3.6858265127078477E-01
  3.6899384375041289E-01
  3.6940476923518090E-01
  3.6981544243782688E-01
  3.7022587212650793E-01
  3.7063607313466845E-01
  3.7104601669749171E-01
  3.7145569925052285E-01
  3.7186514204518706E-01
  3.7227432312991332E-01
  3.7268323586938290E-01
  3.7309185176528437E-01
  3.7350018611702684E-01
  3.7390822792600875E-01
  3.7431601533891024E-01
  3.7472357459980088E-01
  3.7513092749274896E-01
  3.7553801556086674E-01
  3.7594481497822224E-01
  3.7635135593598068E-01
  3.7675763018102743E-01
  3.7716363872479314E-01
  3.7756937624293280E-01
  3.7797483835437912E-01
  3.7838002909200269E-01
  3.7878494078845137E-01
  3.7918958699833011E-01
  3.7959394186538647E-01
  3.7999802448151337E-01
  3.8040186243728297E-01
  3.8080542097347791E-01
  3.8120869536742247E-01
  3.8161169495858605E-01
  3.8201439262462200E-01
  3.8241684771575546E-01
  3.8281904516453524E-01
  3.8322099703889295E-01
  3.8362266092408598E-01
  3.8402400790509084E-01
  3.8442508530044661E-01
  3.8482593557113731E-01
  3.8522654165206399E-01
  3.8562689887058477E-01
  3.8602697348194775E-01
  3.8642676214270499E-01
  3.8682626260233244E-01
  3.8722547532752605E-01
  3.8762440846514923E-01
  3.8802304864636972E-01
  3.8842145296948899E-01
  3.8881957899788427E-01
  3.8921740619278111E-01
  3.8961491745644372E-01
  3.9001213424424336E-01
  3.9040911843452836E-01
  3.9080581897999978E-01
  3.9120221345231554E-01
  3.9159831470749590E-01
  3.9199420605380264E-01
  3.9238981088163971E-01
  3.9278510638930175E-01
  3.9318013815261715E-01
  3.9357487759932275E-01
  3.9396932687296421E-01
  3.9436349673549198E-01
  3.9475736362985825E-01
  3.9515091382619089E-01
  3.9554414586922548E-01
  3.9593709776295483E-01
  3.9632977139960235E-01
  3.9672215384422838E-01
  3.9711424004674123E-01
  3.9750601295415761E-01
  3.9789751485475855E-01
  3.9828869374581505E-01
  3.9867960459947605E-01
  3.9907022817114884E-01
  3.9946054329021169E-01
  3.9985055294382205E-01
  4.0024028398057215E-01
  4.0062969629232004E-01
  4.0101882085086499E-01
  4.0140764595952882E-01
  4.0179616560905601E-01
  4.0218436511554156E-01
  4.0257225929111357E-01
  4.0295984541566804E-01
  4.0334712641840592E-01
  4.0373410163675633E-01
  4.0412078854936401E-01
  4.0450715810779547E-01
  4.0489322713204051E-01
  4.0527898861436279E-01
  4.0566443750310288E-01
  4.0604962675817879E-01
  4.0643453744317237E-01
  4.0681916683996144E-01
  4.0720350562367486E-01
  4.0758753325921743E-01
  4.0797123592560453E-01
  4.0835464824798579E-01
  4.0873775174117460E-01
  4.0912054426600969E-01
  4.0950307664165309E-01
  4.0988531555547036E-01
  4.1026724871946163E-01
  4.1064885942967261E-01
  4.1103014208124250E-01
  4.1141111940378045E-01
  4.1179177468932870E-01
  4.1217211756597832E-01
  4.1255216784145310E-01
  4.1293192704663123E-01
  4.1331135286640547E-01
  4.1369047659388930E-01
  4.1406930528056901E-01
  4.1444779670712417E-01
  4.1482598594353004E-01
  4.1520385890822692E-01
  4.1558140258283627E-01
  4.1595861355143782E-01
  4.1633556137111871E-01
  4.1671219458435954E-01
  4.1708850901341171E-01
  4.1746450485858350E-01
  4.1784020243250902E-01
  4.1821557921546504E-01
  4.1859061309345014E-01
  4.1896531301737516E-01
  4.1933969464170184E-01
  4.1971377478175859E-01
  4.2008750830898317E-01
  4.2046093767834930E-01
  4.2083402633290173E-01
  4.2120679492444479E-01
  4.2157923961104615E-01
  4.2195133986134425E-01
  4.2232315101773410E-01
  4.2269463422977854E-01
  4.2306576040130950E-01
  4.2343656785254924E-01
  4.2380705707669614E-01
  4.2417722526032919E-01
  4.2454706053183772E-01
  4.2491657109874575E-01
  4.2528575371000876E-01
  4.2565464917162621E-01
  4.2602324619173526E-01
  4.2639152109015971E-01
  4.2675948022996529E-01
  4.2712717193975341E-01
  4.2749454308553148E-01
  4.2786159327004419E-01
  4.2822831432238911E-01
  4.2859472406785737E-01
  4.2896080350300464E-01
  4.2932653794920439E-01
  4.2969195767057838E-01
  4.3005707572865676E-01
  4.3042189078781884E-01
  4.3078637679987547E-01
  4.3115054482685877E-01
  4.3151439377697198E-01
  4.3187790738370019E-01
  4.3224106581650507E-01
  4.3260392049089313E-01
  4.3296644759924952E-01
  4.3332868709129369E-01
  4.3369059480166960E-01
  4.3405214830810646E-01
  4.3441335802069525E-01
  4.3477423591346298E-01
  4.3513479916873793E-01
  4.3549504913041609E-01
  4.3585497563570291E-01
  4.3621457963676685E-01
  4.3657389870172647E-01
  4.3693287644862988E-01
  4.3729153380679320E-01
  4.3764985167068526E-01
  4.3800784096400414E-01
  4.3836548367450118E-01
  4.3872280737276759E-01
  4.3907980111406919E-01
  4.3943648323992207E-01
  4.3979284187291279E-01
  4.4014886459170566E-01
  4.4050456352511869E-01
  4.4085993283696079E-01
  4.4121496927207338E-01
  4.4156965934257353E-01
  4.4192403928722640E-01
  4.4227809077876706E-01
  4.4263183270250256E-01
  4.4298522204673568E-01
  4.4333827881561289E-01
  4.4369097682700670E-01
  4.4404333385960071E-01
  4.4439538113756033E-01
  4.4474710882747059E-01
  4.4509854007961597E-01
  4.4544964573789447E-01
  4.4580043974455885E-01
  4.4615092257233707E-01
  4.4650107675166417E-01
  4.4685088226135039E-01
  4.4720035447308931E-01
  4.4754949082412576E-01
  4.4789829318013591E-01
  4.4824677095472260E-01
  4.4859490242816491E-01
  4.4894268776213053E-01
  4.4929013911075466E-01
  4.4963728377432743E-01
  4.4998410392219768E-01
  4.5033059804132630E-01
  4.5067678397900651E-01
  4.5102266463230678E-01
  4.5136821715229120E-01
  4.5171345922759792E-01
  4.5205836996502108E-01
  4.5240294504572798E-01
  4.5274717357684607E-01
  4.5309105643361935E-01
  4.5343460272551012E-01
  4.5377783038225322E-01
  4.5412075291488002E-01
  4.5446334787558307E-01
  4.5480560793880592E-01
  4.5514756364883313E-01
  4.5548918719048498E-01
  4.5583048880530097E-01
  4.5617144920854141E-01
  4.5651207954049317E-01
  4.5685237134830731E-01
  4.5719233647967894E-01
  4.5753199186423854E-01
  4.5787131923780727E-01
  4.5821032012440521E-01
  4.5854897379630044E-01
  4.5888727328804307E-01
  4.5922524577056306E-01
  4.5956287853977640E-01
  4.5990018086044243E-01
  4.6023717408494108E-01
  4.6057383497383020E-01
  4.6091015008321073E-01
  4.6124614079765153E-01
  4.6158181303029849E-01
  4.6191717292296697E-01
  4.6225220873157880E-01
  4.6258693312929361E-01
  4.6292135507756782E-01
  4.6325548029930691E-01
  4.6358932025077698E-01
  4.6392284240154585E-01
  4.6425602804981353E-01
  4.6458891076197678E-01
  4.6492146142037427E-01
  4.6525368611487411E-01
  4.6558559002267713E-01
  4.6591718211518568E-01
  4.6624845474431076E-01
  4.6657939923261155E-01
  4.6691001237366353E-01
  4.6724029870277228E-01
  4.6757025929063928E-01
  4.6789990705857415E-01
  4.6822922782164789E-01
  4.6855822893312182E-01
  4.6888690788811199E-01
  4.6921526672590963E-01
  4.6954331808020355E-01
  4.6987105182972266E-01
  4.7019845986440523E-01
  4.7052553011105458E-01
  4.7085227856300021E-01
  4.7117869876567464E-01
  4.7150478263699519E-01
  4.7183056777044924E-01
  4.7215603301564041E-01
  4.7248116075229785E-01
  4.7280597216159309E-01
  4.7313046983672702E-01
  4.7345465098687867E-01
  4.7377851242999330E-01
  4.7410206008690953E-01
  4.7442529182610360E-01
  4.7474818730957857E-01
  4.7507078101162764E-01
  4.7539306901622819E-01
  4.7571503300741291E-01
  4.7603666674355699E-01
  4.7635800142169771E-01
  4.7667901083487541E-01
  4.7699972746281405E-01
  4.7732013482726871E-01
  4.7764028557871763E-01
  4.7796010979692144E-01
  4.7827960759991905E-01
  4.7859879307469433E-01
  4.7891766925487456E-01
  4.7923623397843884E-01
  4.7955450791859999E-01
  4.7987246718061821E-01
  4.8019011249246757E-01
  4.8050746585374804E-01
  4.8082450775557928E-01
  4.8114123698618544E-01
  4.8145763014091442E-01
  4.8177372654710543E-01
  4.8208949053981537E-01
  4.8240494247787230E-01
  4.8272008380008397E-01
  4.8303490784449510E-01
  4.8334940614908367E-01
  4.8366361213297832E-01
  4.8397754889153455E-01
  4.8429118575368035E-01
  4.8460451615831984E-01
  4.8491753885403055E-01
  4.8523023516362401E-01
  4.8554264661449570E-01
  4.8585474817211832E-01
  4.8616651329775401E-01
  4.8647799744497067E-01
  4.8678918475065441E-01
  4.8710006132891920E-01
  4.8741062134867585E-01
  4.8772087837037448E-01
  4.8803082707679662E-01
  4.8834046990345048E-01
  4.8864979411620463E-01
  4.8895882189811884E-01
  4.8926754685366847E-01
  4.8957597176336060E-01
  4.8988409309779990E-01
  4.9019193152221335E-01
  4.9049949244162144E-01
  4.9080674980652600E-01
  4.9111369210689726E-01
  4.9142033161929405E-01
  4.9172666096306078E-01
  4.9203270215703593E-01
  4.9233844636234003E-01
  4.9264394738284750E-01
  4.9294915469578177E-01
  4.9325407078755196E-01
  4.9355869399355723E-01
  4.9386302617590411E-01
  4.9416705913968084E-01
  4.9447077022534947E-01
  4.9477420915509784E-01
  4.9507739460678968E-01
  4.9538029566502068E-01
  4.9568292064733949E-01
  4.9598524616216572E-01
  4.9628728131835348E-01
  4.9658907761665116E-01
  4.9689060483571740E-01
  4.9719180780331745E-01
  4.9749269428703602E-01
  4.9779329195882016E-01
  4.9809362148292979E-01
  4.9839364802899028E-01
  4.9869337048749801E-01
  4.9899281101928744E-01
  4.9929197168063888E-01
  4.9959081245501885E-01
  4.9988936869173478E-01
  5.0018763968510993E-01
  5.0048562363530713E-01
  5.0078334101588529E-01
  5.0108075901932581E-01
  5.0137791328704040E-01
  5.0167477574575892E-01
  5.0197135502232637E-01
  5.0226763365962512E-01
  5.0256364927886543E-01
  5.0285939942275670E-01
  5.0315490569968335E-01
  5.0345014778750996E-01
  5.0374510308166620E-01
  5.0403976522702354E-01
  5.0433414922682496E-01
  5.0462828360820011E-01
  5.0492215894084769E-01
  5.0521575967798060E-01
  5.0550906600477485E-01
  5.0580211582443046E-01
  5.0609491017879971E-01
  5.0638740398755078E-01
  5.0667962232979558E-01
  5.0697156622816697E-01
  5.0726322006313251E-01
  5.0755462082687264E-01
  5.0784574568067520E-01
  5.0813662037940377E-01
  5.0842722397713169E-01
  5.0871757078850610E-01
  5.0900764627315320E-01
  5.0929744641980312E-01
  5.0958696038463969E-01
  5.0987619102784187E-01
  5.1016515216221248E-01
  5.1045386608557397E-01
  5.1074229647508740E-01
  5.1103046146810882E-01
  5.1131834400412501E-01
  5.1160596309306894E-01
  5.1189333203740195E-01
  5.1218045502920184E-01
  5.1246731532357415E-01
  5.1275389816396744E-01
  5.1304018586556677E-01
  5.1332622694284191E-01
  5.1361196532430708E-01
  5.1389743460487225E-01
  5.1418264962823246E-01
  5.1446760301165362E-01
  5.1475229437586423E-01
  5.1503676492432660E-01
  5.1532097581517655E-01
  5.1560494650405264E-01
  5.1588867916198711E-01
  5.1617213957514030E-01
  5.1645535988454083E-01
  5.1673833033400041E-01
  5.1702104554862216E-01
  5.1730352337787844E-01
  5.1758575046898847E-01
  5.1786773977648259E-01
  5.1814947400941225E-01
  5.1843094911674381E-01
  5.1871217804030567E-01
  5.1899315687794578E-01
  5.1927388739768676E-01
  5.1955433909743554E-01
  5.1983453703311411E-01
  5.2011450181445973E-01
  5.2039421805384090E-01
  5.2067370378922373E-01
  5.2095292383040281E-01
  5.2123191603585162E-01
  5.2151067864556822E-01
  5.2178919536323365E-01
  5.2206744660487236E-01
  5.2234543469720929E-01
  5.2262317942952619E-01
  5.2290065202304292E-01
  5.2317788422144407E-01
  5.2345487219522890E-01
  5.2373161857468098E-01
  5.2400813965827964E-01
  5.2428443418902460E-01
  5.2456052271459530E-01
  5.2483635929913985E-01
  5.2511197046128166E-01
  5.2538735899745581E-01
  5.2566252305672323E-01
  5.2593743903794543E-01
  5.2621210015784381E-01
  5.2648652583463196E-01
  5.2676069740993692E-01
  5.2703464796296384E-01
  5.2730832360938273E-01
  5.2758176719599259E-01
  5.2785498156142541E-01
  5.2812796270952134E-01
  5.2840071045898007E-01
  5.2867325283982769E-01
  5.2894556226431555E-01
  5.2921764036875441E-01
  5.2948948737726176E-01
  5.2976111591848551E-01
  5.3003250278714376E-01
  5.3030366496816062E-01
  5.3057459815511576E-01
  5.3084530388672913E-01
  5.3111577901935758E-01
  5.3138600842007322E-01
  5.3165605016313533E-01
  5.3192586721515112E-01
  5.3219544801400720E-01
  5.3246480404880903E-01
  5.3273393536757752E-01
  5.3300285817883630E-01
  5.3327155629470657E-01
  5.3354003118513293E-01
  5.3380827052656354E-01
  5.3407626854079715E-01
  5.3434403054121105E-01
  5.3461156433061929E-01
  5.3487887691101310E-01
  5.3514596873796039E-01
  5.3541284110285792E-01
  5.3567950455896873E-01
  5.3594594576497034E-01
  5.3621217009335143E-01
  5.3647816740777254E-01
  5.3674395617105630E-01
  5.3700953911126337E-01
  5.3727490390671551E-01
  5.3754003480464163E-01
  5.3780494223189124E-01
  5.3806963774397509E-01
  5.3833414695845261E-01
  5.3859844176288574E-01
  5.3886252173736815E-01
  5.3912638753204478E-01
  5.3939003961413601E-01
  5.3965347994889556E-01
  5.3991672288040216E-01
  5.4017975594144674E-01
  5.4044258793064592E-01
  5.4070521744788647E-01
  5.4096763885503829E-01
  5.4122985300057147E-01
  5.4149184966601716E-01
  5.4175366008783321E-01
  5.4201524598223016E-01
  5.4227663715367214E-01
  5.4253783611995576E-01
  5.4279881860527301E-01
  5.4305961167884265E-01
  5.4332019771595719E-01
  5.4358057980153407E-01
  5.4384075839576362E-01
  5.4410071641278357E-01
  5.4436047055736958E-01
  5.4462002329021608E-01
  5.4487937162809907E-01
  5.4513851396846069E-01
  5.4539744227087528E-01
  5.4565616939601336E-01
  5.4591467866467080E-01
  5.4617298862871999E-01
  5.4643109938755152E-01
  5.4668900616110838E-01
  5.4694673419559581E-01
  5.4720424829093928E-01
  5.4746157509177884E-01
  5.4771870709311055E-01
  5.4797562981527037E-01
  5.4823235527007830E-01
  5.4848890904435976E-01
  5.4874527006407292E-01
  5.4900140942708597E-01
  5.4925735511450702E-01
  5.4951310721879021E-01
  5.4976864746583631E-01
  5.5002396060414582E-01
  5.5027907985006141E-01
  5.5053399090423805E-01
  5.5078869081092208E-01
  5.5104317989834395E-01
  5.5129749563823549E-01
  5.5155162144684400E-01
  5.5180553431212842E-01
  5.5205925734038341E-01
  5.5231279168545988E-01
  5.5256613934986387E-01
  5.5281929799332330E-01
  5.5307225905268342E-01
  5.5332501454633642E-01
  5.5357757458605894E-01
  5.5382994112912476E-01
  5.5408213145800655E-01
  5.5433413912733875E-01
  5.5458596144913153E-01
  5.5483761206818816E-01
  5.5508906435586458E-01
  5.5534035221542999E-01
  5.5559145972485979E-01
  5.5584238310505285E-01
  5.5609315048377295E-01
  5.5634373368622858E-01
  5.5659414323673340E-01
  5.5684436705826823E-01
  5.5709440961910284E-01
  5.5734427196725256E-01
  5.5759394904732018E-01
  5.5784344699571642E-01
  5.5809274656247321E-01
  5.5834186276350395E-01
  5.5859079943004297E-01
  5.5883955862910872E-01
  5.5908813722126871E-01
  5.5933652941269518E-01
  5.5958475113480821E-01
  5.5983281227103610E-01
  5.6008071833729633E-01
  5.6032844265058990E-01
  5.6057598845850765E-01
  5.6082335462687771E-01
  5.6107052752558328E-01
  5.6131751979184996E-01
  5.6156431104846150E-01
  5.6181092735891824E-01
  5.6205736914183047E-01
  5.6230363391615501E-01
  5.6254973654756801E-01
  5.6279564688887096E-01
  5.6304138049579699E-01
  5.6328694217382014E-01
  5.6353234463352708E-01
  5.6377757468804623E-01
  5.6402262996653074E-01
  5.6426751415267284E-01
  5.6451222701472570E-01
  5.6475676934847518E-01
  5.6500114148633429E-01
  5.6524535191298753E-01
  5.6548938951459227E-01
  5.6573325228974114E-01
  5.6597695983787211E-01
  5.6622050059326801E-01
  5.6646387173772172E-01
  5.6670708616709109E-01
  5.6695011466768241E-01
  5.6719297226051757E-01
  5.6743564356215215E-01
  5.6767814998661348E-01
  5.6792048866251943E-01
  5.6816266115313552E-01
  5.6840466848951510E-01
  5.6864649146061164E-01
  5.6888814688237033E-01
  5.6912959948112374E-01
  5.6937088603491537E-01
  5.6961202043107328E-01
  5.6985298432719000E-01
  5.7009378690232804E-01
  5.7033440426350479E-01
  5.7057486607131958E-01
  5.7081515696839036E-01
  5.7105529340740879E-01
  5.7129525110536250E-01
  5.7153504793068510E-01
  5.7177467172648977E-01
  5.7201413371142706E-01
  5.7225342212318719E-01
  5.7249254799383542E-01
  5.7273151064468630E-01
  5.7297032953389360E-01
  5.7320897205482124E-01
  5.7344743546714227E-01
  5.7368573816267365E-01
  5.7392386850264243E-01
  5.7416184211533383E-01
  5.7439966933614706E-01
  5.7463733928857363E-01
  5.7487484732088290E-01
  5.7511219230519994E-01
  5.7534939059830770E-01
  5.7558644753995314E-01
  5.7582334895805665E-01
  5.7606010557791920E-01
  5.7629670607183436E-01
  5.7653314768856156E-01
  5.7676944596545332E-01
  5.7700557776321681E-01
  5.7724154394430505E-01
  5.7747735582056126E-01
  5.7771301188741131E-01
  5.7794852534854513E-01
  5.7818388558108835E-01
  5.7841909218633203E-01
  5.7865416518908508E-01
  5.7888908315557985E-01
  5.7912384916448012E-01
  5.7935846560906645E-01
  5.7959293174545523E-01
  5.7982724418422538E-01
  5.8006139882486851E-01
  5.8029540171959948E-01
  5.8052923662389100E-01
  5.8076292233050231E-01
  5.8099645770080399E-01
  5.8122984057019833E-01
  5.8146308051299056E-01
  5.8169616189758144E-01
  5.8192909471192011E-01
  5.8216186184915686E-01
  5.8239447983055082E-01
  5.8262693143001154E-01
  5.8285924576490589E-01
  5.8309141392108199E-01
  5.8332343522915375E-01
  5.8355530760424179E-01
  5.8378704337017873E-01
  5.8401864051741348E-01
  5.8425008781800125E-01
  5.8448138615034828E-01
  5.8471252243796323E-01
  5.8494349892352004E-01
  5.8517432754359300E-01
  5.8540502176942100E-01
  5.8563557159353619E-01
  5.8586596208621333E-01
  5.8609618971610489E-01
  5.8632627468778609E-01
  5.8655620457285529E-01
  5.8678598644392632E-01
  5.8701562549991337E-01
  5.8724512274224649E-01
  5.8747447805358355E-01
  5.8770368788395988E-01
  5.8793275276337975E-01
  5.8816168234217281E-01
  5.8839047010742673E-01
  5.8861911753336060E-01
  5.8884761037780597E-01
  5.8907594430105903E-01
  5.8930412698393542E-01
  5.8953214870952886E-01
  5.8976004181125430E-01
  5.8998779248506239E-01
  5.9021539852888494E-01
  5.9044286649212341E-01
  5.9067019848795088E-01
  5.9089740255233425E-01
  5.9112446615973924E-01
  5.9135137643385671E-01
  5.9157814129438790E-01
  5.9180476478141797E-01
  5.9203124740529067E-01
  5.9225758259011541E-01
  5.9248377771403815E-01
  5.9270983565250379E-01
  5.9293573895823048E-01
  5.9316151315350252E-01
  5.9338712954281891E-01
  5.9361261605474969E-01
  5.9383795131950190E-01
  5.9406314245659608E-01
  5.9428821096720985E-01
  5.9451314449862547E-01
  5.9473794158218019E-01
  5.9496260725630634E-01
  5.9518713837927006E-01
  5.9541151949197091E-01
  5.9563576476531888E-01
  5.9585988389079325E-01
  5.9608386828656146E-01
  5.9630772751709571E-01
  5.9653146295184734E-01
  5.9675506360430752E-01
  5.9697853752344765E-01
  5.9720187947598413E-01
  5.9742508820024953E-01
  5.9764816301412005E-01
  5.9787109487209533E-01
  5.9809387648708112E-01
  5.9831652587016626E-01
  5.9853905032975618E-01
  5.9876144030976297E-01
  5.9898366772212119E-01
  5.9920574739196997E-01
  5.9942769717820532E-01
  5.9964951374424702E-01
  5.9987120709948316E-01
  6.0009276959020652E-01
  6.0031420042165295E-01
  6.0053553047079267E-01
  6.0075671949064091E-01
  6.0097776021618909E-01
  6.0119866863189575E-01
  6.0141943122175445E-01
  6.0164006600496123E-01
  6.0186057349273281E-01
  6.0208094310222249E-01
  6.0230118260841448E-01
  6.0252129850709057E-01
  6.0274127565446334E-01
  6.0296112269553226E-01
  6.0318082486367797E-01
  6.0340035889992516E-01
  6.0361977442202963E-01
  6.0383906072310622E-01
  6.0405822201161807E-01
  6.0427725758876405E-01
  6.0449616596169309E-01
  6.0471493987196145E-01
  6.0493357116761659E-01
  6.0515207174922370E-01
  6.0537044464032486E-01
  6.0558868920449660E-01
  6.0580678307889901E-01
  6.0602474685131547E-01
  6.0624260127631324E-01
  6.0646031996182015E-01
  6.0667788248257692E-01
  6.0689531820157472E-01
  6.0711263985839381E-01
  6.0732983794829998E-01
  6.0754691133993499E-01
  6.0776385750892981E-01
  6.0798067685819468E-01
  6.0819735187857016E-01
  6.0841390261510175E-01
  6.0863033193043514E-01
  6.0884663700184083E-01
  6.0906281782544280E-01
  6.0927887524879321E-01
  6.0949479840650000E-01
  6.0971058242898157E-01
  6.0992625101463316E-01
  6.1014178860392665E-01
  6.1035721086901285E-01
  6.1057251715622440E-01
  6.1078770161184670E-01
  6.1100275489966172E-01
  6.1121768595048342E-01
  6.1143247532656753E-01
  6.1164714265320830E-01
  6.1186168963528631E-01
  6.1207612200452377E-01
  6.1229043750381285E-01
  6.1250461723347094E-01
  6.1271867359110144E-01
  6.1293262142032678E-01
  6.1314644959953102E-01
  6.1336016773782287E-01
  6.1357376615204295E-01
  6.1378724358244652E-01
  6.1400060623106856E-01
  6.1421384053420747E-01
  6.1442693765378820E-01
  6.1463992358771102E-01
  6.1485280196622660E-01
  6.1506556187891048E-01
  6.1527820208595008E-01
  6.1549071266310018E-01
  6.1570310083124014E-01
  6.1591536486957177E-01
  6.1612751662424059E-01
  6.1633955695846476E-01
  6.1655147198609395E-01
  6.1676327186175972E-01
  6.1697494944707310E-01
  6.1718649228276412E-01
  6.1739793431045364E-01
  6.1760922121304129E-01
  6.1782038833129915E-01
  6.1803140925143785E-01
  6.1824232123171396E-01
  6.1845312466482394E-01
  6.1866380280386590E-01
  6.1887437093125652E-01
  6.1908482367598328E-01
  6.1929516146103580E-01
  6.1950538215028184E-01
  6.1971548901375995E-01
  6.1992547876343329E-01
  6.2013533338998028E-01
  6.2034504331854412E-01
  6.2055462127270122E-01
  6.2076408317335063E-01
  6.2097344535133570E-01
  6.2118269399623782E-01
  6.2139183150607202E-01
  6.2160085741612092E-01
  6.2180976486047457E-01
  6.2201855600163158E-01
  6.2222723064909635E-01
  6.2243578941667332E-01
  6.2264424667298590E-01
  6.2285258305655211E-01
  6.2306079618207877E-01
  6.2326889621988291E-01
  6.2347688213050045E-01
  6.2368476307812382E-01
  6.2389252897269487E-01
  6.2410016392227841E-01
  6.2430768529071889E-01
  6.2451510281847689E-01
  6.2472238863436602E-01
  6.2492956150468759E-01
  6.2513660909414304E-01
  6.2534353033284984E-01
  6.2555033048772457E-01
  6.2575701987836940E-01
  6.2596359021928638E-01
  6.2617004790314246E-01
  6.2637639450096938E-01
  6.2658262822151933E-01
  6.2678875756571695E-01
  6.2699477662604342E-01
  6.2720067404404978E-01
  6.2740645963470809E-01
  6.2761213354952139E-01
  6.2781768932555770E-01
  6.2802312388600856E-01
  6.2822844813623080E-01
  6.2843366299729153E-01
  6.2863877559402903E-01
  6.2884378452112744E-01
  6.2904868104447453E-01
  6.2925346775934432E-01
  6.2945814412090595E-01
  6.2966270089457088E-01
  6.2986715288863238E-01
  6.3007149458970702E-01
  6.3027573028581851E-01
  6.3047986291575697E-01
  6.3068387257909919E-01
  6.3088777588811984E-01
  6.3109157806781813E-01
  6.3129527191085588E-01
  6.3149886068877903E-01
  6.3170232466727405E-01
  6.3190569092349924E-01
  6.3210894963402586E-01
  6.3231210253345316E-01
  6.3251514394690334E-01
  6.3271807562441740E-01
  6.3292089450067246E-01
  6.3312361507104054E-01
  6.3332622725903387E-01
  6.3352872199597365E-01
  6.3373110659848708E-01
