 1.58250E-16
 1.20763E-16
 1.34345E-16
 1.45610E-16
 1.47554E-16
 1.55259E-16
 1.53525E-16
 1.57164E-16
 1.62926E-16
 1.65790E-16
 1.59897E-16
 1.67679E-16
 1.67833E-16
 1.65753E-16
 1.65851E-16
 1.64455E-16
 2.20661E-15
 1.14628E-13
 3.92498E-12
 9.45889E-11
 1.67055E-09
 2.23365E-08
 2.32264E-07
 1.92115E-06
 1.28847E-05
 7.12334E-05
 3.29328E-04
 1.28956E-03
 4.32683E-03
 1.25791E-02
 3.20039E-02
 7.17536E-02
 1.42772E-01
 2.53681E-01
 4.04450E-01
 5.80632E-01
 7.53146E-01
 8.88252E-01
 9.66249E-01
 9.95018E-01
 1.31539E-16
 1.07258E-16
 1.65787E-16
 1.58079E-16
 1.59011E-16
 1.50770E-16
 1.60107E-16
 1.55431E-16
 1.59225E-16
 1.65152E-16
 1.67942E-16
 1.59977E-16
 1.67406E-16
 1.65140E-16
 1.66464E-16
 1.63616E-16
 2.51491E-15
 1.29832E-13
 4.40448E-12
 1.05241E-10
 1.84387E-09
 2.44690E-08
 2.52635E-07
 2.07562E-06
 1.38325E-05
 7.60174E-05
 3.49495E-04
 1.36157E-03
 4.54767E-03
 1.31697E-02
 3.33954E-02
 7.46675E-02
 1.48217E-01
 2.62705E-01
 4.17422E-01
 5.96109E-01
 7.67450E-01
 8.97522E-01
 9.69878E-01
 9.95656E-01
 1.44826E-16
 1.51063E-16
 1.39043E-16
 1.54937E-16
 1.63551E-16
 1.53654E-16
 1.62376E-16
 1.64273E-16
 1.60506E-16
 1.58205E-16
 1.69039E-16
 1.64271E-16
 1.68482E-16
 1.62084E-16
 1.64351E-16
 1.67475E-16
 3.09185E-15
 1.57260E-13
 5.25596E-12
 1.23892E-10
 2.14326E-09
 2.81038E-08
 2.86894E-07
 2.33183E-06
 1.53816E-05
 8.37131E-05
 3.81360E-04
 1.47298E-03
 4.88074E-03
 1.40325E-02
 3.53460E-02
 7.85399E-02
 1.54988E-01
 2.73076E-01
 4.31082E-01
 6.11028E-01
 7.80188E-01
 9.05311E-01
 9.72846E-01
 9.96180E-01
 1.53180E-16
 1.64357E-16
 1.52311E-16
 1.64511E-16
 1.48644E-16
 1.50204E-16
 1.59661E-16
 1.65405E-16
 1.64625E-16
 1.62267E-16
 1.59153E-16
 1.59957E-16
 1.63947E-16
 1.67493E-16
 1.67963E-16
 1.67648E-16
 4.12532E-15
 2.04472E-13
 6.69252E-12
 1.54756E-10
 2.62973E-09
 3.39068E-08
 3.40654E-07
 2.72710E-06
 1.77308E-05
 9.51796E-05
 4.27962E-04
 1.63264E-03
 5.34729E-03
 1.52094E-02
 3.79214E-02
 8.34528E-02
 1.63172E-01
 2.84920E-01
 4.45734E-01
 6.26033E-01
 7.92260E-01
 9.12352E-01
 9.75448E-01
 9.96633E-01
 1.47362E-16
 1.61994E-16
 1.55836E-16
 1.49501E-16
 1.60520E-16
 1.50599E-16
 1.62492E-16
 1.57909E-16
 1.64525E-16
 1.60646E-16
 1.65232E-16
 1.68647E-16
 1.64931E-16
 1.65921E-16
 1.63371E-16
 1.67106E-16
 6.02150E-15
 2.86711E-13
 9.12726E-12
 2.05751E-10
 3.41444E-09
 4.30563E-08
 4.23576E-07
 3.32388E-06
 2.12037E-05
 1.11778E-04
 4.93992E-04
 1.85391E-03
 5.97880E-03
 1.67624E-02
 4.12217E-02
 8.95406E-02
 1.72931E-01
 2.98446E-01
 4.61700E-01
 6.41617E-01
 8.04244E-01
 9.19074E-01
 9.77856E-01
 9.97041E-01
 1.62913E-16
 1.63550E-16
 1.66205E-16
 1.49506E-16
 1.64915E-16
 1.67992E-16
 1.60649E-16
 1.59100E-16
 1.67687E-16
 1.68936E-16
 1.66215E-16
 1.62295E-16
 1.65261E-16
 1.65143E-16
 1.65474E-16
 1.68261E-16
 9.55662E-15
 4.35819E-13
 1.33882E-11
 2.92134E-10
 4.70387E-09
 5.76644E-08
 5.52384E-07
 4.22670E-06
 2.63243E-05
 1.35641E-04
 5.86575E-04
 2.15644E-03
 6.82044E-03
 1.87783E-02
 4.53854E-02
 9.69901E-02
 1.84486E-01
 3.13906E-01
 4.79287E-01
 6.58154E-01
 8.16507E-01
 9.25723E-01
 9.80165E-01
 9.97421E-01
 1.63056E-16
 1.51513E-16
 1.56273E-16
 1.59953E-16
 1.53138E-16
 1.56526E-16
 1.66886E-16
 1.61398E-16
 1.60863E-16
 1.61020E-16
 1.68947E-16
 1.64415E-16
 1.61879E-16
 1.67963E-16
 1.67725E-16
 2.27660E-16
 1.67188E-14
 7.22422E-13
 2.12211E-11
 4.44585E-10
 6.89505E-09
 8.16237E-08
 7.56667E-07
 5.61327E-06
 3.39493E-05
 1.70126E-04
 7.16517E-04
 2.56905E-03
 7.93635E-03
 2.13763E-02
 5.05971E-02
 1.06043E-01
 1.98112E-01
 3.31587E-01
 4.98783E-01
 6.75920E-01
 8.29277E-01
 9.32434E-01
 9.82421E-01
 9.97781E-01
 1.65859E-16
 1.59412E-16
 1.63335E-16
 1.56606E-16
 1.54100E-16
 1.56031E-16
 1.65993E-16
 1.61049E-16
 1.62033E-16
 1.59007E-16
 1.62442E-16
 1.68501E-16
 1.66115E-16
 1.66279E-16
 1.62300E-16
 5.38601E-16
 3.24143E-14
 1.31480E-12
 3.65367E-11
 7.28062E-10
 1.07855E-08
 1.22372E-07
 1.09032E-06
 7.79277E-06
 4.55040E-05
 2.20581E-04
 9.00308E-04
 3.13393E-03
 9.41742E-03
 2.47163E-02
 5.70979E-02
 1.17006E-01
 2.14138E-01
 3.51796E-01
 5.20446E-01
 6.95110E-01
 8.42674E-01
 9.39260E-01
 9.84641E-01
 9.98122E-01
 1.58189E-16
 1.55970E-16
 1.57976E-16
 1.64468E-16
 1.58872E-16
 1.64022E-16
 1.57973E-16
 1.68594E-16
 1.62734E-16
 1.60607E-16
 1.68214E-16
 1.65969E-16
 1.68855E-16
 1.67475E-16
 1.65089E-16
 1.21991E-15
 7.06103E-14
 2.64763E-12
 6.87177E-11
 1.28831E-09
 1.80571E-08
 1.94712E-07
 1.65486E-06
 1.13175E-05
 6.34082E-05
 2.95645E-04
 1.16334E-03
 3.91301E-03
 1.13902E-02
 2.90164E-02
 6.52002E-02
 1.30254E-01
 2.32949E-01
 3.74864E-01
 5.44510E-01
 7.15847E-01
 8.56735E-01
 9.46196E-01
 9.86816E-01
 9.98444E-01
 1.64245E-16
 1.61705E-16
 1.63752E-16
 1.56605E-16
 1.66874E-16
 1.66468E-16
 1.64086E-16
 1.62364E-16
 1.63744E-16
 1.62011E-16
 1.64588E-16
 1.68319E-16
 1.61354E-16
 1.63412E-16
 1.64044E-16
 3.36604E-15
 1.74882E-13
 5.94894E-12
 1.42027E-10
 2.47353E-09
 3.24479E-08
 3.29405E-07
 2.64839E-06
 1.72028E-05
 9.18619E-05
 4.09507E-04
 1.54513E-03
 4.99795E-03
 1.40335E-02
 3.45687E-02
 7.53035E-02
 1.46247E-01
 2.54984E-01
 4.01132E-01
 5.71167E-01
 7.38180E-01
 8.71420E-01
 9.53191E-01
 9.88925E-01
 9.98744E-01
 1.64709E-16
 1.61310E-16
 1.60161E-16
 1.59295E-16
 1.63844E-16
 1.66308E-16
 1.58610E-16
 1.66880E-16
 1.63596E-16
 1.62419E-16
 1.68918E-16
 1.65948E-16
 1.64039E-16
 1.62881E-16
 1.67252E-16
 1.13258E-14
 4.98783E-13
 1.50433E-11
 3.24443E-10
 5.17245E-09
 6.27305E-08
 5.93300E-07
 4.47160E-06
 2.73682E-05
 1.38314E-04
 5.85835E-04
 2.10787E-03
 6.52516E-03
 1.76002E-02
 4.17631E-02
 8.79146E-02
 1.65538E-01
 2.80740E-01
 4.30944E-01
 6.00562E-01
 7.62075E-01
 8.86612E-01
 9.60151E-01
 9.90933E-01
 9.99016E-01
 1.65875E-16
 1.62423E-16
 1.58827E-16
 1.68597E-16
 1.68774E-16
 1.61030E-16
 1.59540E-16
 1.69144E-16
 1.62919E-16
 1.59984E-16
 1.65029E-16
 1.65492E-16
 1.61590E-16
 1.64599E-16
 8.46301E-16
 4.54967E-14
 1.65759E-12
 4.31336E-11
 8.22988E-10
 1.18129E-08
 1.30661E-07
 1.13827E-06
 7.96415E-06
 4.55441E-05
 2.16244E-04
 8.64676E-04
 2.95032E-03
 8.69925E-03
 2.24450E-02
 5.11170E-02
 1.03669E-01
 1.88778E-01
 3.10757E-01
 4.64623E-01
 6.32756E-01
 7.87391E-01
 9.02112E-01
 9.66949E-01
 9.92803E-01
 9.99255E-01
 1.65204E-16
 1.66684E-16
 1.60167E-16
 1.63317E-16
 1.68625E-16
 1.64926E-16
 1.64282E-16
 1.59826E-16
 1.66178E-16
 1.65141E-16
 1.65723E-16
 1.61082E-16
 1.68441E-16
 1.62807E-16
 5.75524E-15
 2.22646E-13
 6.46196E-12
 1.40789E-10
 2.32286E-09
 2.94855E-08
 2.93164E-07
 2.32426E-06
 1.49445E-05
 7.91611E-05
 3.50483E-04
 1.31454E-03
 4.23012E-03
 1.18271E-02
 2.90639E-02
 6.33114E-02
 1.23353E-01
 2.16721E-01
 3.45601E-01
 5.02432E-01
 6.67690E-01
 8.13859E-01
 9.17633E-01
 9.73427E-01
 9.94493E-01
 9.99458E-01
 1.61910E-16
 1.62208E-16
 1.64009E-16
 1.61175E-16
 1.65660E-16
 1.61444E-16
 1.68655E-16
 1.64716E-16
 1.64683E-16
 1.61824E-16
 1.64825E-16
 1.68535E-16
 1.67171E-16
 1.53911E-15
 4.86644E-14
 1.31845E-12
 2.94237E-11
 5.21599E-10
 7.27636E-09
 8.02311E-08
 7.06686E-07
 5.03773E-06
 2.94657E-05
 1.43330E-04
 5.87395E-04
 2.05353E-03
 6.19934E-03
 1.63642E-02
 3.81492E-02
 7.92325E-02
 1.47920E-01
 2.50203E-01
 3.85814E-01
 5.44509E-01
 7.05125E-01
 8.41043E-01
 9.32801E-01
 9.79405E-01
 9.95961E-01
 9.99623E-01
 1.65234E-16
 1.66574E-16
 1.62072E-16
 1.67345E-16
 1.63156E-16
 1.63334E-16
 1.62035E-16
 1.63717E-16
 1.68168E-16
 1.67504E-16
 1.62751E-16
 1.64632E-16
 1.34095E-15
 2.46097E-14
 4.80747E-13
 9.11937E-12
 1.53326E-10
 2.16527E-09
 2.50662E-08
 2.36302E-07
 1.81941E-06
 1.15312E-05
 6.07690E-05
 2.69242E-04
 1.01428E-03
 3.28591E-03
 9.26204E-03
 2.29850E-02
 5.06503E-02
 1.00009E-01
 1.78488E-01
 2.90104E-01
 4.31840E-01
 5.90782E-01
 7.44569E-01
 8.68319E-01
 9.47172E-01
 9.84714E-01
 9.97180E-01
 9.99751E-01
 1.67713E-16
 1.68274E-16
 1.68907E-16
 1.64539E-16
 1.68469E-16
 1.62492E-16
 1.64560E-16
 1.62627E-16
 1.61863E-16
 1.67172E-16
 3.74124E-16
 3.04828E-15
 3.14507E-14
 3.80677E-13
 5.11674E-12
 6.95926E-11
 8.81937E-10
 9.83471E-09
 9.33937E-08
 7.44062E-07
 4.95468E-06
 2.76549E-05
 1.30227E-04
 5.21777E-04
 1.79578E-03
 5.36375E-03
 1.40608E-02
 3.26706E-02
 6.78433E-02
 1.27039E-01
 2.16310E-01
 3.37256E-01
 4.83896E-01
 6.40834E-01
 7.85199E-01
 8.94873E-01
 9.60273E-01
 9.89216E-01
 9.98139E-01
 9.99846E-01
 1.64033E-16
 1.62574E-16
 1.62627E-16
 1.62444E-16
 1.65837E-16
 1.64288E-16
 1.66638E-16
 1.66925E-16
 5.10307E-16
 2.21754E-15
 1.19914E-14
 7.78254E-14
 6.05650E-13
 5.47290E-12
 5.42591E-11
 5.50691E-10
 5.35429E-09
 4.73429E-08
 3.67775E-07
 2.46189E-06
 1.40823E-05
 6.87530E-05
 2.87467E-04
 1.03567E-03
 3.24053E-03
 8.88838E-03
 2.15937E-02
 4.68245E-02
 9.13995E-02
 1.61983E-01
 2.62690E-01
 3.92294E-01
 5.41793E-01
 6.93759E-01
 8.25793E-01
 9.19738E-01
 9.71665E-01
 9.92833E-01
 9.98850E-01
 9.99910E-01
 1.66316E-16
 1.67404E-16
 1.66614E-16
 1.66969E-16
 2.96889E-16
 6.24282E-16
 1.52963E-15
 4.39159E-15
 1.47862E-14
 5.85234E-14
 2.74852E-13
 1.51938E-12
 9.73140E-12
 7.00529E-11
 5.42377E-10
 4.28652E-09
 3.28353E-08
 2.33367E-07
 1.49059E-06
 8.38525E-06
 4.11029E-05
 1.74906E-04
 6.46793E-04
 2.08746E-03
 5.91883E-03
 1.48722E-02
 3.33767E-02
 6.73891E-02
 1.23420E-01
 2.06697E-01
 3.18810E-01
 4.55424E-01
 6.04701E-01
 7.48028E-01
 8.64723E-01
 9.41905E-01
 9.81023E-01
 9.95565E-01
 9.99339E-01
 9.99952E-01
 1.77987E-15
 2.08155E-15
 2.79454E-15
 4.28773E-15
 7.50604E-15
 1.51328E-14
 3.54136E-14
 9.66387E-14
 3.07035E-13
 1.13476E-12
 4.85206E-12
 2.37388E-11
 1.30421E-10
 7.82503E-10
 4.94541E-09
 3.16052E-08
 1.96147E-07
 1.14113E-06
 6.05577E-06
 2.87723E-05
 1.21055E-04
 4.48830E-04
 1.46605E-03
 4.23201E-03
 1.08602E-02
 2.49533E-02
 5.16375E-02
 9.69457E-02
 1.66402E-01
 2.63062E-01
 3.85460E-01
 5.26142E-01
 6.70920E-01
 8.01507E-01
 9.00027E-01
 9.60513E-01
 9.88213E-01
 9.97477E-01
 9.99651E-01
 9.99976E-01
 3.13097E-14
 3.63490E-14
 4.80866E-14
 7.28045E-14
 1.26855E-13
 2.54915E-13
 5.91590E-13
 1.58375E-12
 4.87463E-12
 1.71444E-11
 6.82296E-11
 3.02816E-10
 1.46877E-09
 7.58534E-09
 4.04491E-08
 2.15519E-07
 1.11138E-06
 5.39336E-06
 2.40879E-05
 9.74463E-05
 3.53558E-04
 1.14500E-03
 3.30757E-03
 8.54639E-03
 1.98593E-02
 4.16837E-02
 7.95028E-02
 1.38751E-01
 2.23126E-01
 3.32834E-01
 4.62987E-01
 6.03769E-01
 7.39376E-01
 8.55661E-01
 9.35076E-01
 9.76195E-01
 9.93396E-01
 9.98686E-01
 9.99829E-01
 9.99989E-01
 4.01776E-13
 4.61858E-13
 6.09620E-13
 9.27129E-13
 1.62667E-12
 3.29085E-12
 7.65438E-12
 2.03644E-11
 6.15051E-11
 2.08711E-10
 7.85029E-10
 3.21676E-09
 1.40589E-08
 6.39496E-08
 2.94804E-07
 1.34085E-06
 5.86723E-06
 2.41632E-05
 9.20258E-05
 3.20017E-04
 1.00800E-03
 2.86481E-03
 7.34502E-03
 1.70415E-02
 3.58832E-02
 6.88749E-02
 1.21208E-01
 1.96887E-01
 2.96995E-01
 4.18912E-01
 5.54479E-01
 6.96296E-01
 8.18851E-01
 9.05164E-01
 9.59853E-01
 9.86334E-01
 9.96472E-01
 9.99342E-01
 9.99919E-01
 9.99995E-01
 3.97282E-12
 4.52625E-12
 5.98954E-12
 9.20930E-12
 1.64150E-11
 3.37556E-11
 7.95023E-11
 2.12409E-10
 6.36139E-10
 2.10517E-09
 7.56902E-09
 2.89980E-08
 1.15851E-07
 4.71736E-07
 1.91317E-06
 7.56040E-06
 2.85444E-05
 1.01240E-04
 3.32850E-04
 1.00485E-03
 2.76968E-03
 6.95406E-03
 1.59195E-02
 3.32757E-02
 6.37017E-02
 1.12208E-01
 1.82840E-01
 2.77724E-01
 3.94975E-01
 5.32666E-01
 6.71742E-01
 7.86299E-01
 8.78816E-01
 9.40836E-01
 9.76442E-01
 9.92549E-01
 9.98203E-01
 9.99685E-01
 9.99963E-01
 9.99998E-01
 3.12301E-11
 3.55507E-11
 4.78114E-11
 7.56300E-11
 1.39344E-10
 2.94825E-10
 7.04771E-10
 1.87534E-09
 5.50973E-09
 1.79852E-08
 6.24860E-08
 2.25771E-07
 8.32632E-07
 3.06911E-06
 1.10861E-05
 3.85588E-05
 1.27256E-04
 3.93546E-04
 1.12951E-03
 2.99016E-03
 7.27928E-03
 1.62918E-02
 3.35197E-02
 6.35136E-02
 1.11324E-01
 1.81381E-01
 2.75693E-01
 3.96374E-01
 5.31350E-01
 6.54841E-01
 7.67594E-01
 8.56954E-01
 9.23057E-01
 9.64947E-01
 9.86939E-01
 9.96151E-01
 9.99129E-01
 9.99855E-01
 9.99984E-01
 9.99999E-01
 1.99572E-10
 2.30003E-10
 3.22257E-10
 5.44344E-10
 1.08765E-09
 2.50130E-09
 6.42265E-09
 1.79035E-08
 5.29400E-08
 1.62873E-07
 5.12090E-07
 1.63249E-06
 5.26597E-06
 1.75492E-05
 5.77104E-05
 1.78341E-04
 5.20131E-04
 1.41855E-03
 3.59418E-03
 8.43978E-03
 1.83669E-02
 3.70189E-02
 6.91576E-02
 1.19981E-01
 1.94693E-01
 2.97330E-01
 4.18584E-01
 5.38057E-01
 6.54682E-01
 7.56929E-01
 8.43319E-01
 9.08936E-01
 9.53876E-01
 9.80367E-01
 9.93176E-01
 9.98119E-01
 9.99599E-01
 9.99937E-01
 9.99993E-01
 1.00000E+00
 1.05659E-09
 1.25391E-09
 1.89223E-09
 3.57242E-09
 8.09891E-09
 2.08830E-08
 5.82322E-08
 1.69153E-07
 4.99525E-07
 1.47767E-06
 4.34295E-06
 1.26318E-05
 3.62809E-05
 1.02627E-04
 2.80868E-04
 7.44556E-04
 1.97476E-03
 4.83773E-03
 1.09662E-02
 2.31763E-02
 4.56875E-02
 8.41177E-02
 1.44729E-01
 2.31019E-01
 3.33803E-01
 4.44065E-01
 5.57619E-01
 6.62744E-01
 7.57745E-01
 8.37211E-01
 9.00028E-01
 9.45213E-01
 9.74005E-01
 9.89668E-01
 9.96650E-01
 9.99133E-01
 9.99825E-01
 9.99974E-01
 9.99997E-01
 1.00000E+00
 4.72111E-09
 5.93670E-09
 1.01878E-08
 2.27949E-08
 6.05916E-08
 1.75031E-07
 5.18617E-07
 1.52874E-06
 4.41885E-06
 1.24478E-05
 3.40976E-05
 9.07689E-05
 2.34736E-04
 5.89216E-04
 1.43373E-03
 3.39117E-03
 7.78939E-03
 1.68640E-02
 3.44278E-02
 6.55153E-02
 1.14950E-01
 1.84900E-01
 2.73139E-01
 3.74037E-01
 4.80322E-01
 5.83497E-01
 6.80529E-01
 7.66023E-01
 8.38725E-01
 8.96788E-01
 9.39966E-01
 9.69075E-01
 9.86293E-01
 9.94916E-01
 9.98458E-01
 9.99624E-01
 9.99928E-01
 9.99990E-01
 9.99999E-01
 1.00000E+00
 1.81769E-08
 2.56402E-08
 5.45971E-08
 1.52154E-07
 4.69609E-07
 1.46009E-06
 4.40185E-06
 1.27117E-05
 3.50892E-05
 9.27268E-05
 2.35175E-04
 5.73853E-04
 1.34976E-03
 3.06344E-03
 6.70984E-03
 1.41429E-02
 2.84311E-02
 5.37347E-02
 9.47066E-02
 1.54292E-01
 2.31872E-01
 3.23054E-01
 4.21446E-01
 5.21220E-01
 6.16749E-01
 7.04075E-01
 7.81201E-01
 8.46264E-01
 8.98737E-01
 9.38506E-01
 9.66292E-01
 9.83736E-01
 9.93277E-01
 9.97672E-01
 9.99337E-01
 9.99847E-01
 9.99972E-01
 9.99996E-01
 1.00000E+00
 1.00000E+00
 6.22072E-08
 1.10586E-07
 3.20140E-07
 1.09009E-06
 3.65831E-06
 1.15108E-05
 3.37263E-05
 9.24321E-05
 2.38537E-04
 5.83267E-04
 1.35814E-03
 3.02272E-03
 6.44358E-03
 1.31567E-02
 2.56564E-02
 4.74780E-02
 8.26398E-02
 1.34277E-01
 2.03073E-01
 2.86250E-01
 3.78481E-01
 4.73720E-01
 5.66779E-01
 6.54010E-01
 7.32587E-01
 8.01033E-01
 8.58590E-01
 9.04984E-01
 9.40488E-01
 9.65860E-01
 9.82436E-01
 9.92085E-01
 9.96949E-01
 9.99011E-01
 9.99735E-01
 9.99942E-01
 9.99990E-01
 9.99999E-01
 1.00000E+00
 1.00000E+00
 2.01872E-07
 5.39679E-07
 2.09729E-06
 7.89449E-06
 2.65757E-05
 8.02945E-05
 2.21060E-04
 5.62341E-04
 1.33626E-03
 2.99033E-03
 6.33673E-03
 1.27570E-02
 2.44081E-02
 4.42912E-02
 7.59005E-02
 1.22240E-01
 1.84434E-01
 2.60853E-01
 3.47373E-01
 4.38576E-01
 5.29259E-01
 6.15348E-01
 6.94128E-01
 7.64018E-01
 8.24118E-01
 8.74205E-01
 9.14419E-01
 9.45260E-01
 9.67559E-01
 9.82497E-01
 9.91577E-01
 9.96461E-01
 9.98726E-01
 9.99613E-01
 9.99902E-01
 9.99980E-01
 9.99997E-01
 1.00000E+00
 1.00000E+00
 1.00000E+00
 7.09563E-07
 3.11695E-06
 1.40723E-05
 5.28072E-05
 1.68543E-04
 4.73414E-04
 1.20026E-03
 2.79567E-03
 6.05470E-03
 1.22924E-02
 2.34971E-02
 4.23611E-02
 7.19771E-02
 1.15080E-01
 1.72941E-01
 2.44500E-01
 3.26388E-01
 4.13880E-01
 5.02099E-01
 5.86917E-01
 6.65382E-01
 7.35695E-01
 7.96975E-01
 8.48961E-01
 8.91790E-01
 9.25911E-01
 9.51989E-01
 9.70911E-01
 9.83764E-01
 9.91793E-01
 9.96314E-01
 9.98555E-01
 9.99513E-01
 9.99861E-01
 9.99967E-01
 9.99993E-01
 9.99999E-01
 1.00000E+00
 1.00000E+00
 1.00000E+00
 3.12267E-06
 1.92463E-05
 8.73625E-05
 3.07137E-04
 9.01379E-04
 2.31236E-03
 5.33483E-03
 1.12732E-02
 2.20644E-02
 4.02742E-02
 6.87893E-02
 1.10140E-01
 1.65546E-01
 2.34164E-01
 3.13041E-01
 3.97859E-01
 4.84016E-01
 5.67510E-01
 6.45355E-01
 7.15629E-01
 7.77336E-01
 8.30169E-01
 8.74291E-01
 9.10154E-01
 9.38404E-01
 9.59829E-01
 9.75331E-01
 9.85910E-01
 9.92623E-01
 9.96517E-01
 9.98540E-01
 9.99465E-01
 9.99831E-01
 9.99955E-01
 9.99990E-01
 9.99998E-01
 1.00000E+00
 1.00000E+00
 1.00000E+00
 1.00000E+00
 1.66686E-05
 1.12483E-04
 4.73951E-04
 1.51306E-03
 4.01592E-03
 9.30644E-03
 1.93637E-02
 3.67921E-02
 6.44835E-02
 1.04931E-01
 1.59301E-01
 2.26745E-01
 3.04381E-01
 3.88011E-01
 4.73145E-01
 5.55840E-01
 6.33139E-01
 7.03131E-01
 7.64807E-01
 8.17847E-01
 8.62417E-01
 8.98996E-01
 9.28257E-01
 9.50978E-01
 9.68006E-01
 9.80229E-01
 9.88550E-01
 9.93861E-01
 9.96995E-01
 9.98675E-01
 9.99482E-01
 9.99822E-01
 9.99947E-01
 9.99987E-01
 9.99997E-01
 9.99999E-01
 1.00000E+00
 1.00000E+00
 1.00000E+00
 1.00000E+00
 9.19993E-05
 5.83608E-04
 2.19775E-03
 6.26190E-03
 1.48627E-02
 3.08099E-02
 5.72619E-02
 9.69442E-02
 1.51125E-01
 2.18878E-01
 2.97109E-01
 3.81378E-01
 4.67022E-01
 5.50018E-01
 6.27403E-01
 6.97309E-01
 7.58804E-01
 8.11652E-01
 8.56095E-01
 8.92675E-01
 9.22114E-01
 9.45225E-01
 9.62858E-01
 9.75867E-01
 9.85085E-01
 9.91309E-01
 9.95274E-01
 9.97629E-01
 9.98916E-01
 9.99554E-01
 9.99837E-01
 9.99948E-01
 9.99985E-01
 9.99996E-01
 9.99999E-01
 1.00000E+00
 1.00000E+00
 1.00000E+00
 1.00000E+00
 1.00000E+00
 4.71888E-04
 2.62520E-03
 8.64604E-03
 2.16992E-02
 4.55469E-02
 8.35958E-02
 1.37604E-01
 2.06686E-01
 2.87314E-01
 3.74383E-01
 4.62622E-01
 5.47632E-01
 6.26316E-01
 6.96848E-01
 7.58433E-01
 8.11005E-01
 8.54979E-01
 8.91046E-01
 9.20038E-01
 9.42845E-01
 9.60358E-01
 9.73441E-01
 9.82904E-01
 9.89494E-01
 9.93882E-01
 9.96653E-01
 9.98296E-01
 9.99201E-01
 9.99659E-01
 9.99869E-01
 9.99955E-01
 9.99986E-01
 9.99996E-01
 9.99999E-01
 1.00000E+00
 1.00000E+00
 1.00000E+00
 1.00000E+00
 1.00000E+00
 1.00000E+00
 2.16122E-03
 1.01501E-02
 2.87144E-02
 6.26379E-02
 1.14994E-01
 1.85474E-01
 2.70070E-01
 3.62462E-01
 4.56087E-01
 5.45631E-01
 6.27576E-01
 7.00062E-01
 7.62483E-01
 8.15059E-01
 8.58493E-01
 8.93732E-01
 9.21812E-01
 9.43765E-01
 9.60576E-01
 9.73150E-01
 9.82307E-01
 9.88772E-01
 9.93176E-01
 9.96054E-01
 9.97844E-01
 9.98896E-01
 9.99474E-01
 9.99770E-01
 9.99908E-01
 9.99967E-01
 9.99989E-01
 9.99997E-01
 9.99999E-01
 1.00000E+00
 1.00000E+00
 1.00000E+00
 1.00000E+00
 1.00000E+00
 1.00000E+00
 1.00000E+00
 8.72205E-03
 3.34692E-02
 7.98805E-02
 1.49624E-01
 2.38806E-01
 3.39321E-01
 4.42132E-01
 5.39962E-01
 6.28254E-01
 7.04901E-01
 7.69532E-01
 8.22807E-01
 8.65905E-01
 9.00191E-01
 9.27031E-01
 9.47696E-01
 9.63323E-01
 9.74907E-01
 9.83302E-01
 9.89232E-01
 9.93298E-01
 9.95994E-01
 9.97713E-01
 9.98760E-01
 9.99366E-01
 9.99696E-01
 9.99865E-01
 9.99945E-01
 9.99979E-01
 9.99993E-01
 9.99998E-01
 9.99999E-01
 1.00000E+00
 1.00000E+00
 1.00000E+00
 1.00000E+00
 1.00000E+00
 1.00000E+00
 1.00000E+00
 1.00000E+00
 3.07109E-02
 9.30420E-02
 1.84516E-01
 2.95479E-01
 4.12671E-01
 5.24647E-01
 6.24346E-01
 7.08845E-01
 7.78018E-01
 8.33244E-01
 8.76503E-01
 9.09859E-01
 9.35214E-01
 9.54217E-01
 9.68245E-01
 9.78430E-01
 9.85688E-01
 9.90750E-01
 9.94196E-01
 9.96478E-01
 9.97941E-01
 9.98846E-01
 9.99383E-01
 9.99687E-01
 9.99850E-01
 9.99933E-01
 9.99972E-01
 9.99989E-01
 9.99996E-01
 9.99999E-01
 1.00000E+00
 1.00000E+00
 1.00000E+00
 1.00000E+00
 1.00000E+00
 1.00000E+00
 1.00000E+00
 1.00000E+00
 1.00000E+00
 1.00000E+00
 9.26844E-02
 2.15085E-01
 3.53464E-01
 4.89286E-01
 6.09467E-01
 7.08509E-01
 7.86353E-01
 8.45653E-01
 8.89885E-01
 9.22382E-01
 9.45967E-01
 9.62893E-01
 9.74898E-01
 9.83306E-01
 9.89108E-01
 9.93045E-01
 9.95667E-01
 9.97373E-01
 9.98455E-01
 9.99122E-01
 9.99520E-01
 9.99748E-01
 9.99874E-01
 9.99941E-01
 9.99973E-01
 9.99989E-01
 9.99996E-01
 9.99998E-01
 1.00000E+00
 1.00000E+00
 1.00000E+00
 1.00000E+00
 1.00000E+00
 1.00000E+00
 1.00000E+00
 1.00000E+00
 1.00000E+00
 1.00000E+00
 1.00000E+00
 1.00000E+00
 2.32391E-01
 4.11431E-01
 5.70567E-01
 6.98306E-01
 7.93193E-01
 8.60375E-01
 9.06672E-01
 9.38106E-01
 9.59265E-01
 9.73416E-01
 9.82823E-01
 9.89030E-01
 9.93091E-01
 9.95719E-01
 9.97397E-01
 9.98450E-01
 9.99099E-01
 9.99491E-01
 9.99721E-01
 9.99852E-01
 9.99924E-01
 9.99963E-01
 9.99983E-01
 9.99992E-01
 9.99997E-01
 9.99999E-01
 1.00000E+00
 1.00000E+00
 1.00000E+00
 1.00000E+00
 1.00000E+00
 1.00000E+00
 1.00000E+00
 1.00000E+00
 1.00000E+00
 1.00000E+00
 1.00000E+00
 1.00000E+00
 1.00000E+00
 1.00000E+00
 4.70249E-01
 6.64513E-01
 7.99316E-01
 8.82470E-01
 9.31233E-01
 9.59534E-01
 9.76047E-01
 9.85768E-01
 9.91536E-01
 9.94976E-01
 9.97033E-01
 9.98262E-01
 9.98993E-01
 9.99424E-01
 9.99676E-01
 9.99821E-01
 9.99904E-01
 9.99949E-01
 9.99974E-01
 9.99987E-01
 9.99994E-01
 9.99997E-01
 9.99999E-01
 1.00000E+00
 1.00000E+00
 1.00000E+00
 1.00000E+00
 1.00000E+00
 1.00000E+00
 1.00000E+00
 1.00000E+00
 1.00000E+00
 1.00000E+00
 1.00000E+00
 1.00000E+00
 1.00000E+00
 1.00000E+00
 1.00000E+00
 1.00000E+00
 1.00000E+00
