-0.00000E+00
-0.00000E+00
-0.00000E+00
-0.00000E+00
-0.00000E+00
-0.00000E+00
-0.00000E+00
-0.00000E+00
-0.00000E+00
-0.00000E+00
-0.00000E+00
-0.00000E+00
-0.00000E+00
-0.00000E+00
-0.00000E+00
-0.00000E+00
-0.00000E+00
-0.00000E+00
-0.00000E+00
-0.00000E+00
-0.00000E+00
-0.00000E+00
-0.00000E+00
-0.00000E+00
-0.00000E+00
-0.00000E+00
-0.00000E+00
-0.00000E+00
-0.00000E+00
-0.00000E+00
-0.00000E+00
-0.00000E+00
-0.00000E+00
-0.00000E+00
-0.00000E+00
-0.00000E+00
-0.00000E+00
-0.00000E+00
-0.00000E+00
-0.00000E+00
 1.98566E-06
 7.85928E-07
 3.70484E-07
 2.03551E-07
 1.26050E-07
 8.52529E-08
 6.14867E-08
 4.65070E-08
 3.64718E-08
 2.94199E-08
 2.42718E-08
 2.03950E-08
 1.73996E-08
 1.50349E-08
 1.31339E-08
 1.15820E-08
 1.02985E-08
 9.22500E-09
 8.31893E-09
 7.54836E-09
 6.88904E-09
 6.32227E-09
 5.83341E-09
 5.41083E-09
 5.04509E-09
 4.72836E-09
 4.45409E-09
 4.21710E-09
 4.01469E-09
 3.84941E-09
 3.72475E-09
 3.65914E-09
 3.68495E-09
 3.84888E-09
 4.20493E-09
 4.79519E-09
 5.57522E-09
 6.32653E-09
 6.75636E-09
 6.84512E-09
 1.20302E-06
 7.87573E-07
 4.92457E-07
 3.17669E-07
 2.15398E-07
 1.53474E-07
 1.14187E-07
 8.80695E-08
 6.99602E-08
 5.69362E-08
 4.72724E-08
 3.99086E-08
 3.41685E-08
 2.96060E-08
 2.59187E-08
 2.28957E-08
 2.03868E-08
 1.82826E-08
 1.65023E-08
 1.49855E-08
 1.36855E-08
 1.25666E-08
 1.16006E-08
 1.07649E-08
 1.00413E-08
 9.41489E-09
 8.87326E-09
 8.40711E-09
 8.01255E-09
 7.69658E-09
 7.47184E-09
 7.38063E-09
 7.49388E-09
 7.90027E-09
 8.67992E-09
 9.83501E-09
 1.11970E-08
 1.23928E-08
 1.30681E-08
 1.32510E-08
 8.35824E-07
 6.68890E-07
 4.94101E-07
 3.59270E-07
 2.64398E-07
 1.99060E-07
 1.53717E-07
 1.21624E-07
 9.83632E-08
 8.10921E-08
 6.79731E-08
 5.77986E-08
 4.97596E-08
 4.33021E-08
 3.80392E-08
 3.36953E-08
 3.00703E-08
 2.70160E-08
 2.44224E-08
 2.22056E-08
 2.03010E-08
 1.86581E-08
 1.72373E-08
 1.60068E-08
 1.49407E-08
 1.40178E-08
 1.32211E-08
 1.25384E-08
 1.19657E-08
 1.15162E-08
 1.12152E-08
 1.11316E-08
 1.13732E-08
 1.20650E-08
 1.32838E-08
 1.49595E-08
 1.67880E-08
 1.82926E-08
 1.91222E-08
 1.93678E-08
 6.35565E-07
 5.58062E-07
 4.55787E-07
 3.60911E-07
 2.83866E-07
 2.24651E-07
 1.79996E-07
 1.46347E-07
 1.20776E-07
 1.01096E-07
 8.57291E-08
 7.35531E-08
 6.37691E-08
 5.58036E-08
 4.92408E-08
 4.37758E-08
 3.91825E-08
 3.52888E-08
 3.19658E-08
 2.91136E-08
 2.66546E-08
 2.45276E-08
 2.26839E-08
 2.10843E-08
 1.96972E-08
 1.84964E-08
 1.74615E-08
 1.65787E-08
 1.58453E-08
 1.52797E-08
 1.49240E-08
 1.48757E-08
 1.52770E-08
 1.62787E-08
 1.79394E-08
 2.00996E-08
 2.23278E-08
 2.40703E-08
 2.50024E-08
 2.52833E-08
 5.12808E-07
 4.72006E-07
 4.10073E-07
 3.44724E-07
 2.85501E-07
 2.35682E-07
 1.95269E-07
 1.62990E-07
 1.37300E-07
 1.16787E-07
 1.00294E-07
 8.69158E-08
 7.59602E-08
 6.69023E-08
 5.93445E-08
 5.29848E-08
 4.75943E-08
 4.29909E-08
 3.90383E-08
 3.56285E-08
 3.26763E-08
 3.01138E-08
 2.78863E-08
 2.59497E-08
 2.42679E-08
 2.28117E-08
 2.15588E-08
 2.04964E-08
 1.96254E-08
 1.89585E-08
 1.85689E-08
 1.85822E-08
 1.91721E-08
 2.05043E-08
 2.26070E-08
 2.52251E-08
 2.78092E-08
 2.97455E-08
 3.07456E-08
 3.10407E-08
 4.30855E-07
 4.07080E-07
 3.67775E-07
 3.22410E-07
 2.77734E-07
 2.37306E-07
 2.02409E-07
 1.73046E-07
 1.48646E-07
 1.28458E-07
 1.11744E-07
 9.78558E-08
 8.62535E-08
 7.65010E-08
 6.82502E-08
 6.12246E-08
 5.52184E-08
 5.00422E-08
 4.55678E-08
 4.16858E-08
 3.83083E-08
 3.53649E-08
 3.27979E-08
 3.05604E-08
 2.86139E-08
 2.69274E-08
 2.54785E-08
 2.42592E-08
 2.32920E-08
 2.25233E-08
 2.21212E-08
 2.22249E-08
 2.30330E-08
 2.47188E-08
 2.72670E-08
 3.03225E-08
 3.32270E-08
 3.53219E-08
 3.63617E-08
 3.66544E-08
 3.72677E-07
 3.57683E-07
 3.31537E-07
 2.99407E-07
 2.65717E-07
 2.33401E-07
 2.04014E-07
 1.78138E-07
 1.55779E-07
 1.36654E-07
 1.20369E-07
 1.06510E-07
 9.46972E-08
 8.45978E-08
 7.59307E-08
 6.84640E-08
 6.20024E-08
 5.63918E-08
 5.15051E-08
 4.72383E-08
 4.35064E-08
 4.02395E-08
 3.73801E-08
 3.48804E-08
 3.27012E-08
 3.08107E-08
 2.91861E-08
 2.78192E-08
 2.67269E-08
 2.59301E-08
 2.55556E-08
 2.57854E-08
 2.68473E-08
 2.89121E-08
 3.19111E-08
 3.53864E-08
 3.85785E-08
 4.07950E-08
 4.18458E-08
 4.21216E-08
 3.29494E-07
 3.19436E-07
 3.01284E-07
 2.77965E-07
 2.52327E-07
 2.26567E-07
 2.02108E-07
 1.79713E-07
 1.59678E-07
 1.42012E-07
 1.26566E-07
 1.13118E-07
 1.01428E-07
 9.12622E-08
 8.24109E-08
 7.46887E-08
 6.79353E-08
 6.20174E-08
 5.68224E-08
 5.22561E-08
 4.82395E-08
 4.47067E-08
 4.16025E-08
 3.88804E-08
 3.65018E-08
 3.44354E-08
 3.26598E-08
 3.11703E-08
 2.99938E-08
 2.91777E-08
 2.88612E-08
 2.92565E-08
 3.06117E-08
 3.30853E-08
 3.65418E-08
 4.04162E-08
 4.38546E-08
 4.61516E-08
 4.71829E-08
 4.74271E-08
 2.96369E-07
 2.89285E-07
 2.76199E-07
 2.58841E-07
 2.39057E-07
 2.18433E-07
 1.98139E-07
 1.78927E-07
 1.61208E-07
 1.45151E-07
 1.30765E-07
 1.17968E-07
 1.06633E-07
 9.66126E-08
 8.77618E-08
 7.99437E-08
 7.30326E-08
 6.69200E-08
 6.15111E-08
 5.67241E-08
 5.24888E-08
 4.87454E-08
 4.54428E-08
 4.25376E-08
 3.99931E-08
 3.77802E-08
 3.58806E-08
 3.42959E-08
 3.30642E-08
 3.22543E-08
 3.20316E-08
 3.26359E-08
 3.43294E-08
 3.72442E-08
 4.11612E-08
 4.54066E-08
 4.90444E-08
 5.13715E-08
 5.23496E-08
 5.25463E-08
 2.70327E-07
 2.65135E-07
 2.55385E-07
 2.42144E-07
 2.26628E-07
 2.09969E-07
 1.93088E-07
 1.76647E-07
 1.61077E-07
 1.46619E-07
 1.33375E-07
 1.21358E-07
 1.10523E-07
 1.00793E-07
 9.20800E-08
 8.42908E-08
 7.73313E-08
 7.11190E-08
 6.55780E-08
 6.06403E-08
 5.62462E-08
 5.23433E-08
 4.88860E-08
 4.58350E-08
 4.31571E-08
 4.08269E-08
 3.88327E-08
 3.71856E-08
 3.59236E-08
 3.51522E-08
 3.50665E-08
 3.59323E-08
 3.80145E-08
 4.14013E-08
 4.57782E-08
 5.03552E-08
 5.41295E-08
 5.64270E-08
 5.73180E-08
 5.74468E-08
 2.49478E-07
 2.45542E-07
 2.38062E-07
 2.27722E-07
 2.15340E-07
 2.01729E-07
 1.87595E-07
 1.73497E-07
 1.59835E-07
 1.46871E-07
 1.34758E-07
 1.23566E-07
 1.13307E-07
 1.03959E-07
 9.54740E-08
 8.78070E-08
 8.08827E-08
 7.46468E-08
 6.90415E-08
 6.40130E-08
 5.95124E-08
 5.54956E-08
 5.19233E-08
 4.87610E-08
 4.59799E-08
 4.35605E-08
 4.15022E-08
 3.98478E-08
 3.85634E-08
 3.78693E-08
 3.79747E-08
 3.91632E-08
 4.16894E-08
 4.55766E-08
 5.03997E-08
 5.52522E-08
 5.90818E-08
 6.12776E-08
 6.20635E-08
 6.20843E-08
 2.32566E-07
 2.29492E-07
 2.23600E-07
 2.15341E-07
 2.05282E-07
 1.94010E-07
 1.82068E-07
 1.69911E-07
 1.57893E-07
 1.46273E-07
 1.35221E-07
 1.24839E-07
 1.15181E-07
 1.06260E-07
 9.80695E-08
 9.05743E-08
 8.37458E-08
 7.75441E-08
 7.19281E-08
 6.68578E-08
 6.22949E-08
 5.82036E-08
 5.45512E-08
 5.13085E-08
 4.84518E-08
 4.59669E-08
 4.38597E-08
 4.21740E-08
 4.09606E-08
 4.04085E-08
 4.07731E-08
 4.23543E-08
 4.53796E-08
 4.97902E-08
 5.50312E-08
 6.00805E-08
 6.38612E-08
 6.58529E-08
 6.64112E-08
 6.63826E-08
 2.18727E-07
 2.16262E-07
 2.11503E-07
 2.04761E-07
 1.96437E-07
 1.86963E-07
 1.76755E-07
 1.66184E-07
 1.55555E-07
 1.45107E-07
 1.35012E-07
 1.25391E-07
 1.16317E-07
 1.07830E-07
 9.99551E-08
 9.26750E-08
 8.59822E-08
 7.98555E-08
 7.42691E-08
 6.91953E-08
 6.46057E-08
 6.04728E-08
 5.67704E-08
 5.34750E-08
 5.05689E-08
 4.80468E-08
 4.59273E-08
 4.42578E-08
 4.31429E-08
 4.27938E-08
 4.34929E-08
 4.55439E-08
 4.91267E-08
 5.40700E-08
 5.96757E-08
 6.48194E-08
 6.84297E-08
 7.01315E-08
 7.04536E-08
 7.03314E-08
 2.07354E-07
 2.05325E-07
 2.01389E-07
 1.95764E-07
 1.88743E-07
 1.80649E-07
 1.71806E-07
 1.62515E-07
 1.53037E-07
 1.43587E-07
 1.34330E-07
 1.25395E-07
 1.16865E-07
 1.08809E-07
 1.01241E-07
 9.41884E-08
 8.76525E-08
 8.16265E-08
 7.60975E-08
 7.10485E-08
 6.64600E-08
 6.23120E-08
 5.85846E-08
 5.52606E-08
 5.23303E-08
 4.98033E-08
 4.77343E-08
 4.60981E-08
 4.51315E-08
 4.50601E-08
 4.61826E-08
 4.87856E-08
 5.29741E-08
 5.84388E-08
 6.43275E-08
 6.94272E-08
 7.27299E-08
 7.40558E-08
 7.41144E-08
 7.38843E-08
 1.98009E-07
 1.96297E-07
 1.92962E-07
 1.88164E-07
 1.82121E-07
 1.75082E-07
 1.67305E-07
 1.59034E-07
 1.50492E-07
 1.41872E-07
 1.33328E-07
 1.24992E-07
 1.16959E-07
 1.09280E-07
 1.02013E-07
 9.51850E-08
 8.88127E-08
 8.29006E-08
 7.74460E-08
 7.24411E-08
 6.78741E-08
 6.37316E-08
 5.99997E-08
 5.66678E-08
 5.37355E-08
 5.12246E-08
 4.91827E-08
 4.76885E-08
 4.69554E-08
 4.72544E-08
 4.88983E-08
 5.21380E-08
 5.69705E-08
 6.29154E-08
 6.89610E-08
 7.38460E-08
 7.66885E-08
 7.75618E-08
 7.73287E-08
 7.69838E-08
 1.90375E-07
 1.88894E-07
 1.85997E-07
 1.81809E-07
 1.76496E-07
 1.70255E-07
 1.63296E-07
 1.55823E-07
 1.48025E-07
 1.40081E-07
 1.32139E-07
 1.24305E-07
 1.16679E-07
 1.09341E-07
 1.02344E-07
 9.57263E-08
 8.95127E-08
 8.37171E-08
 7.83450E-08
 7.33957E-08
 6.88642E-08
 6.47426E-08
 6.10234E-08
 5.77041E-08
 5.47994E-08
 5.23691E-08
 5.03898E-08
 4.90841E-08
 4.86723E-08
 4.94471E-08
 5.17143E-08
 5.56667E-08
 6.11619E-08
 6.75026E-08
 7.35219E-08
 7.79888E-08
 8.02167E-08
 8.05977E-08
 8.00290E-08
 7.95658E-08
 1.84222E-07
 1.82905E-07
 1.80325E-07
 1.76578E-07
 1.71797E-07
 1.66148E-07
 1.59802E-07
 1.52937E-07
 1.45725E-07
 1.38307E-07
 1.30821E-07
 1.23392E-07
 1.16112E-07
 1.09060E-07
 1.02296E-07
 9.58635E-08
 8.97948E-08
 8.41101E-08
 7.88211E-08
 7.39329E-08
 6.94455E-08
 6.53565E-08
 6.16653E-08
 5.83794E-08
 5.55254E-08
 5.31609E-08
 5.13632E-08
 5.03429E-08
 5.03618E-08
 5.17242E-08
 5.47061E-08
 5.94213E-08
 6.55767E-08
 7.21697E-08
 7.79104E-08
 8.17595E-08
 8.32077E-08
 8.29339E-08
 8.21200E-08
 8.15591E-08
 1.79385E-07
 1.78181E-07
 1.75819E-07
 1.72382E-07
 1.67988E-07
 1.62759E-07
 1.56850E-07
 1.50418E-07
 1.43612E-07
 1.36580E-07
 1.29448E-07
 1.22329E-07
 1.15317E-07
 1.08492E-07
 1.01916E-07
 9.56374E-08
 8.96929E-08
 8.41073E-08
 7.88967E-08
 7.40701E-08
 6.96316E-08
 6.55848E-08
 6.19394E-08
 5.87236E-08
 5.59936E-08
 5.37340E-08
 5.21850E-08
 5.15612E-08
 5.21368E-08
 5.41966E-08
 5.79336E-08
 6.33880E-08
 7.02335E-08
 7.68748E-08
 8.19373E-08
 8.51224E-08
 8.56657E-08
 8.47071E-08
 8.35756E-08
 8.29065E-08
 1.75772E-07
 1.74640E-07
 1.72414E-07
 1.69166E-07
 1.64994E-07
 1.60027E-07
 1.54399E-07
 1.48252E-07
 1.41725E-07
 1.34954E-07
 1.28062E-07
 1.21158E-07
 1.14335E-07
 1.07674E-07
 1.01238E-07
 9.50774E-08
 8.92322E-08
 8.37297E-08
 7.85889E-08
 7.38215E-08
 6.94352E-08
 6.54403E-08
 6.18626E-08
 5.87690E-08
 5.61322E-08
 5.41272E-08
 5.29567E-08
 5.28769E-08
 5.41515E-08
 5.70083E-08
 6.14152E-08
 6.73257E-08
 7.51912E-08
 8.16567E-08
 8.50713E-08
 8.82962E-08
 8.76259E-08
 8.57872E-08
 8.43010E-08
 8.35316E-08
 1.73266E-07
 1.72167E-07
 1.70006E-07
 1.66849E-07
 1.62794E-07
 1.57957E-07
 1.52468E-07
 1.46465E-07
 1.40082E-07
 1.33450E-07
 1.26688E-07
 1.19905E-07
 1.13193E-07
 1.06631E-07
 1.00283E-07
 9.42027E-08
 8.84287E-08
 8.29909E-08
 7.79099E-08
 7.31995E-08
 6.88712E-08
 6.49452E-08
 6.14622E-08
 5.84938E-08
 5.61064E-08
 5.44758E-08
 5.38372E-08
 5.44793E-08
 5.65973E-08
 6.04128E-08
 6.51877E-08
 7.01990E-08
 8.09558E-08
 8.75895E-08
 9.10849E-08
 8.89208E-08
 8.70318E-08
 8.52871E-08
 8.40006E-08
 8.33348E-08
 1.71858E-07
 1.70758E-07
 1.68593E-07
 1.65433E-07
 1.61375E-07
 1.56538E-07
 1.51052E-07
 1.45057E-07
 1.38687E-07
 1.32074E-07
 1.25336E-07
 1.18581E-07
 1.11900E-07
 1.05373E-07
 9.90626E-08
 9.30214E-08
 8.72897E-08
 8.18973E-08
 7.68675E-08
 7.22179E-08
 6.79665E-08
 6.41557E-08
 6.08654E-08
 5.80712E-08
 5.60676E-08
 5.49791E-08
 5.50388E-08
 5.66392E-08
 5.96426E-08
 6.50894E-08
 7.03082E-08
 8.31687E-08
 8.62014E-08
 8.87083E-08
 8.93053E-08
 8.77881E-08
 8.58334E-08
 8.42018E-08
 8.30551E-08
 8.24687E-08
 1.71551E-07
 1.70412E-07
 1.68175E-07
 1.64914E-07
 1.60735E-07
 1.55766E-07
 1.50147E-07
 1.44023E-07
 1.37537E-07
 1.30823E-07
 1.24002E-07
 1.17182E-07
 1.10455E-07
 1.03898E-07
 9.75728E-08
 9.15315E-08
 8.58140E-08
 8.04491E-08
 7.54688E-08
 7.09013E-08
 6.67711E-08
 6.31643E-08
 6.00182E-08
 5.75968E-08
 5.62654E-08
 5.59682E-08
 5.68191E-08
 5.99362E-08
 6.29632E-08
 7.29148E-08
 8.33579E-08
 8.64191E-08
 8.80545E-08
 8.84519E-08
 8.76080E-08
 8.58534E-08
 8.40477E-08
 8.25642E-08
 8.15369E-08
 8.10148E-08
 1.72382E-07
 1.71166E-07
 1.68780E-07
 1.65313E-07
 1.60886E-07
 1.55645E-07
 1.49747E-07
 1.43352E-07
 1.36615E-07
 1.29678E-07
 1.22667E-07
 1.15691E-07
 1.08840E-07
 1.02191E-07
 9.58004E-08
 8.97210E-08
 8.39956E-08
 7.86444E-08
 7.37289E-08
 6.93129E-08
 6.53974E-08
 6.19921E-08
 5.92303E-08
 5.72602E-08
 5.72038E-08
 5.81900E-08
 5.92772E-08
 6.69974E-08
 7.64596E-08
 8.01874E-08
 8.49980E-08
 8.72714E-08
 8.77430E-08
 8.69695E-08
 8.54541E-08
 8.35191E-08
 8.17967E-08
 8.04368E-08
 7.95079E-08
 7.90381E-08
 1.74429E-07
 1.73089E-07
 1.70467E-07
 1.66671E-07
 1.61851E-07
 1.56180E-07
 1.49843E-07
 1.43023E-07
 1.35893E-07
 1.28607E-07
 1.21297E-07
 1.14074E-07
 1.07026E-07
 1.00224E-07
 9.37223E-08
 8.75702E-08
 8.18400E-08
 7.64937E-08
 7.16899E-08
 6.74219E-08
 6.38578E-08
 6.10832E-08
 5.90803E-08
 5.70905E-08
 6.00284E-08
 6.42530E-08
 7.16016E-08
 7.48797E-08
 7.98925E-08
 8.33124E-08
 8.57569E-08
 8.65718E-08
 8.59974E-08
 8.45150E-08
 8.26015E-08
 8.07216E-08
 7.91100E-08
 7.78623E-08
 7.70172E-08
 7.65912E-08
 1.77816E-07
 1.76295E-07
 1.73327E-07
 1.69055E-07
 1.63667E-07
 1.57381E-07
 1.50421E-07
 1.43005E-07
 1.35328E-07
 1.27560E-07
 1.19841E-07
 1.12283E-07
 1.04973E-07
 9.79758E-08
 9.13393E-08
 8.51119E-08
 7.93244E-08
 7.40738E-08
 6.93875E-08
 6.55142E-08
 6.27090E-08
 6.13009E-08
 6.17882E-08
 6.54060E-08
 6.71143E-08
 7.08980E-08
 7.55882E-08
 7.91225E-08
 8.22037E-08
 8.41578E-08
 8.49552E-08
 8.45539E-08
 8.32271E-08
 8.13869E-08
 7.93407E-08
 7.75257E-08
 7.60243E-08
 7.48781E-08
 7.41062E-08
 7.37181E-08
 1.82725E-07
 1.80946E-07
 1.77492E-07
 1.72554E-07
 1.66381E-07
 1.59255E-07
 1.51457E-07
 1.43248E-07
 1.34854E-07
 1.26465E-07
 1.18229E-07
 1.10260E-07
 1.02640E-07
 9.54417E-08
 8.87143E-08
 8.25711E-08
 7.70100E-08
 7.22575E-08
 6.84944E-08
 6.59499E-08
 6.47937E-08
 6.51000E-08
 6.68422E-08
 6.98246E-08
 7.26194E-08
 7.57595E-08
 7.88201E-08
 8.11342E-08
 8.26336E-08
 8.31506E-08
 8.27097E-08
 8.14550E-08
 7.96920E-08
 7.76072E-08
 7.56511E-08
 7.39532E-08
 7.25675E-08
 7.15166E-08
 7.08110E-08
 7.04568E-08
 1.89412E-07
 1.87273E-07
 1.83142E-07
 1.77287E-07
 1.70050E-07
 1.61802E-07
 1.52905E-07
 1.43676E-07
 1.34382E-07
 1.25232E-07
 1.16383E-07
 1.07959E-07
 1.00042E-07
 9.27590E-08
 8.61372E-08
 8.02763E-08
 7.54183E-08
 7.17410E-08
 6.93807E-08
 6.83717E-08
 6.86102E-08
 6.98790E-08
 7.19016E-08
 7.43138E-08
 7.65674E-08
 7.85967E-08
 8.01861E-08
 8.10903E-08
 8.12308E-08
 8.05967E-08
 7.92927E-08
 7.75061E-08
 7.54552E-08
 7.34374E-08
 7.16068E-08
 7.00401E-08
 6.87694E-08
 6.78084E-08
 6.71643E-08
 6.68412E-08
 1.98239E-07
 1.95592E-07
 1.90517E-07
 1.83401E-07
 1.74728E-07
 1.65002E-07
 1.54690E-07
 1.44185E-07
 1.33800E-07
 1.23773E-07
 1.14271E-07
 1.05463E-07
 9.74051E-08
 9.01958E-08
 8.40475E-08
 7.90914E-08
 7.54646E-08
 7.32060E-08
 7.22210E-08
 7.22863E-08
 7.31110E-08
 7.44007E-08
 7.58966E-08
 7.73421E-08
 7.84937E-08
 7.92468E-08
 7.94978E-08
 7.91685E-08
 7.82547E-08
 7.68190E-08
 7.50034E-08
 7.29853E-08
 7.08773E-08
 6.89519E-08
 6.72554E-08
 6.58190E-08
 6.46588E-08
 6.37830E-08
 6.31965E-08
 6.29025E-08
 2.09711E-07
 2.06340E-07
 1.99933E-07
 1.91074E-07
 1.80465E-07
 1.68803E-07
 1.56700E-07
 1.44651E-07
 1.33019E-07
 1.22104E-07
 1.12049E-07
 1.02991E-07
 9.51345E-08
 8.85957E-08
 8.34874E-08
 7.98308E-08
 7.75350E-08
 7.63876E-08
 7.60950E-08
 7.63462E-08
 7.68720E-08
 7.74664E-08
 7.79715E-08
 7.82528E-08
 7.82032E-08
 7.77687E-08
 7.69209E-08
 7.56621E-08
 7.40392E-08
 7.21283E-08
 7.00785E-08
 6.79521E-08
 6.59651E-08
 6.41800E-08
 6.26257E-08
 6.13172E-08
 6.02630E-08
 5.94681E-08
 5.89362E-08
 5.86696E-08
 2.24556E-07
 2.20125E-07
 2.11805E-07
 2.00510E-07
 1.87286E-07
 1.73118E-07
 1.58814E-07
 1.45014E-07
 1.32105E-07
 1.20367E-07
 1.10066E-07
 1.01332E-07
 9.42611E-08
 8.88474E-08
 8.49747E-08
 8.24088E-08
 8.08423E-08
 7.99532E-08
 7.94506E-08
 7.91109E-08
 7.87757E-08
 7.83395E-08
 7.77294E-08
 7.68887E-08
 7.57835E-08
 7.44039E-08
 7.27671E-08
 7.09153E-08
 6.89220E-08
 6.67819E-08
 6.46296E-08
 6.26176E-08
 6.07833E-08
 5.91538E-08
 5.77434E-08
 5.65596E-08
 5.56074E-08
 5.48901E-08
 5.44105E-08
 5.41702E-08
 2.43833E-07
 2.37804E-07
 2.26674E-07
 2.11932E-07
 1.95192E-07
 1.77868E-07
 1.60999E-07
 1.45307E-07
 1.31312E-07
 1.19274E-07
 1.09320E-07
 1.01420E-07
 9.54060E-08
 9.09869E-08
 8.78014E-08
 8.54850E-08
 8.37204E-08
 8.22607E-08
 8.09305E-08
 7.96123E-08
 7.82346E-08
 7.67551E-08
 7.51493E-08
 7.34031E-08
 7.15165E-08
 6.95029E-08
 6.73986E-08
 6.52500E-08
 6.30143E-08
 6.08899E-08
 5.88816E-08
 5.70341E-08
 5.53693E-08
 5.38998E-08
 5.26320E-08
 5.15700E-08
 5.07167E-08
 5.00746E-08
 4.96454E-08
 4.94305E-08
 2.69149E-07
 2.60620E-07
 2.45256E-07
 2.25605E-07
 2.04210E-07
 1.83002E-07
 1.63371E-07
 1.46101E-07
 1.31559E-07
 1.19767E-07
 1.10502E-07
 1.03366E-07
 9.78859E-08
 9.36041E-08
 9.01379E-08
 8.71956E-08
 8.45703E-08
 8.21237E-08
 7.97668E-08
 7.74471E-08
 7.51342E-08
 7.28132E-08
 7.04790E-08
 6.81326E-08
 6.57867E-08
 6.34481E-08
 6.11591E-08
 5.88727E-08
 5.67282E-08
 5.47376E-08
 5.29044E-08
 5.12397E-08
 4.97504E-08
 4.84410E-08
 4.73141E-08
 4.63715E-08
 4.56150E-08
 4.50461E-08
 4.46661E-08
 4.44759E-08
 3.03047E-07
 2.90431E-07
 2.68541E-07
 2.41902E-07
 2.14443E-07
 1.88880E-07
 1.66657E-07
 1.48266E-07
 1.33552E-07
 1.21982E-07
 1.12879E-07
 1.05597E-07
 9.96130E-08
 9.45359E-08
 9.00930E-08
 8.60985E-08
 8.24267E-08
 7.89944E-08
 7.57484E-08
 7.26538E-08
 6.96898E-08
 6.68438E-08
 6.41129E-08
 6.14883E-08
 5.89966E-08
 5.65811E-08
 5.42684E-08
 5.21316E-08
 5.01659E-08
 4.83677E-08
 4.67328E-08
 4.52599E-08
 4.39486E-08
 4.27990E-08
 4.18116E-08
 4.09868E-08
 4.03256E-08
 3.98287E-08
 3.94970E-08
 3.93310E-08
 3.49807E-07
 3.30144E-07
 2.97857E-07
 2.61290E-07
 2.26370E-07
 1.96143E-07
 1.71452E-07
 1.51855E-07
 1.36377E-07
 1.24006E-07
 1.13907E-07
 1.05472E-07
 9.82716E-08
 9.20054E-08
 8.64632E-08
 8.14934E-08
 7.69873E-08
 7.28666E-08
 6.90728E-08
 6.55643E-08
 6.23127E-08
 5.92868E-08
 5.64918E-08
 5.38519E-08
 5.13716E-08
 4.91108E-08
 4.70277E-08
 4.51226E-08
 4.33873E-08
 4.18126E-08
 4.03904E-08
 3.91154E-08
 3.79842E-08
 3.69947E-08
 3.61463E-08
 3.54386E-08
 3.48718E-08
 3.44462E-08
 3.41622E-08
 3.40201E-08
 4.17250E-07
 3.84474E-07
 3.35181E-07
 2.84528E-07
 2.40281E-07
 2.04492E-07
 1.76356E-07
 1.54236E-07
 1.36612E-07
 1.22327E-07
 1.10550E-07
 1.00689E-07
 9.23154E-08
 8.51121E-08
 7.88454E-08
 7.33386E-08
 6.84569E-08
 6.40995E-08
 6.01916E-08
 5.66660E-08
 5.34934E-08
 5.05789E-08
 4.79006E-08
 4.54975E-08
 4.33132E-08
 4.13348E-08
 3.95379E-08
 3.79078E-08
 3.64315E-08
 3.50981E-08
 3.38985E-08
 3.28264E-08
 3.18776E-08
 3.10494E-08
 3.03403E-08
 2.97495E-08
 2.92767E-08
 2.89220E-08
 2.86854E-08
 2.85671E-08
 5.21151E-07
 4.61224E-07
 3.82454E-07
 3.10811E-07
 2.53527E-07
 2.09572E-07
 1.75980E-07
 1.50060E-07
 1.29779E-07
 1.13670E-07
 1.00677E-07
 9.00424E-08
 8.12157E-08
 7.37941E-08
 6.74832E-08
 6.20648E-08
 5.73632E-08
 5.32580E-08
 4.96654E-08
 4.64617E-08
 4.35907E-08
 4.10592E-08
 3.87965E-08
 3.67759E-08
 3.49617E-08
 3.33294E-08
 3.18570E-08
 3.05277E-08
 2.93282E-08
 2.82478E-08
 2.72784E-08
 2.64140E-08
 2.56505E-08
 2.49850E-08
 2.44160E-08
 2.39424E-08
 2.35637E-08
 2.32797E-08
 2.30904E-08
 2.29957E-08
 6.97603E-07
 5.71226E-07
 4.36586E-07
 3.31272E-07
 2.55250E-07
 2.01124E-07
 1.62229E-07
 1.33770E-07
 1.12495E-07
 9.62390E-08
 8.35569E-08
 7.34737E-08
 6.53213E-08
 5.86237E-08
 5.30529E-08
 4.83801E-08
 4.43833E-08
 4.09453E-08
 3.79534E-08
 3.53688E-08
 3.31040E-08
 3.11154E-08
 2.93565E-08
 2.77941E-08
 2.63993E-08
 2.51495E-08
 2.40262E-08
 2.30150E-08
 2.21046E-08
 2.12862E-08
 2.05533E-08
 1.99008E-08
 1.93252E-08
 1.88242E-08
 1.83962E-08
 1.80403E-08
 1.77559E-08
 1.75428E-08
 1.74007E-08
 1.73297E-08
 1.04109E-06
 7.13683E-07
 4.69274E-07
 3.17530E-07
 2.24744E-07
 1.66414E-07
 1.28228E-07
 1.02156E-07
 8.36552E-08
 7.00788E-08
 5.98211E-08
 5.18830E-08
 4.56236E-08
 4.05684E-08
 3.64290E-08
 3.29815E-08
 3.01124E-08
 2.76832E-08
 2.56011E-08
 2.38087E-08
 2.22513E-08
 2.08896E-08
 1.96908E-08
 1.86293E-08
 1.76844E-08
 1.68396E-08
 1.60818E-08
 1.54009E-08
 1.47887E-08
 1.42392E-08
 1.37476E-08
 1.33105E-08
 1.29253E-08
 1.25904E-08
 1.23044E-08
 1.20668E-08
 1.18770E-08
 1.17347E-08
 1.16400E-08
 1.15926E-08
 1.83408E-06
 7.73240E-07
 3.83353E-07
 2.19095E-07
 1.40161E-07
 9.75134E-08
 7.21442E-08
 5.58775E-08
 4.48289E-08
 3.69885E-08
 3.12003E-08
 2.68041E-08
 2.33731E-08
 2.06672E-08
 1.84831E-08
 1.66882E-08
 1.52003E-08
 1.39492E-08
 1.28841E-08
 1.19699E-08
 1.11783E-08
 1.04878E-08
 9.88106E-09
 9.34464E-09
 8.86779E-09
 8.44197E-09
 8.06043E-09
 7.71789E-09
 7.41022E-09
 7.13425E-09
 6.88756E-09
 6.66835E-09
 6.47530E-09
 6.30750E-09
 6.16432E-09
 6.04537E-09
 5.95039E-09
 5.87924E-09
 5.83184E-09
 5.80815E-09
 1.95565E-06
 0.00000E+00
 0.00000E+00
 0.00000E+00
 0.00000E+00
 0.00000E+00
 0.00000E+00
 0.00000E+00
 0.00000E+00
 0.00000E+00
 0.00000E+00
 0.00000E+00
 0.00000E+00
 0.00000E+00
 0.00000E+00
 0.00000E+00
 0.00000E+00
 0.00000E+00
 0.00000E+00
 0.00000E+00
 0.00000E+00
 0.00000E+00
 0.00000E+00
 0.00000E+00
 0.00000E+00
 0.00000E+00
 0.00000E+00
 0.00000E+00
 0.00000E+00
 0.00000E+00
 0.00000E+00
 0.00000E+00
 0.00000E+00
 0.00000E+00
 0.00000E+00
 0.00000E+00
 0.00000E+00
 0.00000E+00
 0.00000E+00
 0.00000E+00
