-0.00000E+00
 1.98236E-06
 1.19644E-06
 8.25952E-07
 6.22401E-07
 4.96350E-07
 4.11096E-07
 3.49609E-07
 3.03102E-07
 2.66630E-07
 2.37209E-07
 2.12937E-07
 1.92541E-07
 1.75141E-07
 1.60106E-07
 1.46972E-07
 1.35389E-07
 1.25109E-07
 1.15884E-07
 1.07564E-07
 1.00016E-07
 9.31263E-08
 8.68036E-08
 8.09697E-08
 7.55585E-08
 7.05134E-08
 6.57865E-08
 6.13403E-08
 5.71514E-08
 5.32209E-08
 4.93711E-08
 4.56468E-08
 4.19903E-08
 3.83137E-08
 3.44835E-08
 3.03101E-08
 2.55573E-08
 2.00189E-08
 1.37108E-08
 6.95821E-09
 0.00000E+00
-0.00000E+00
 7.82637E-07
 7.80992E-07
 6.59019E-07
 5.44900E-07
 4.55552E-07
 3.87330E-07
 3.34630E-07
 2.93067E-07
 2.59578E-07
 2.32061E-07
 2.09060E-07
 1.89546E-07
 1.72777E-07
 1.58205E-07
 1.45420E-07
 1.34105E-07
 1.24036E-07
 1.14978E-07
 1.06794E-07
 9.93564E-08
 9.25595E-08
 8.63147E-08
 8.05472E-08
 7.51928E-08
 7.01965E-08
 6.55116E-08
 6.11007E-08
 5.69406E-08
 5.30312E-08
 4.91836E-08
 4.54369E-08
 4.17178E-08
 3.79184E-08
 3.38863E-08
 2.94454E-08
 2.44483E-08
 1.88622E-08
 1.28116E-08
 6.50327E-09
 0.00000E+00
-0.00000E+00
 3.67193E-07
 4.85876E-07
 4.84231E-07
 4.42630E-07
 3.93629E-07
 3.48043E-07
 3.08512E-07
 2.74957E-07
 2.46554E-07
 2.22397E-07
 2.01696E-07
 1.83806E-07
 1.68214E-07
 1.54518E-07
 1.42397E-07
 1.31597E-07
 1.21931E-07
 1.13197E-07
 1.05277E-07
 9.80565E-08
 9.14406E-08
 8.53487E-08
 7.97115E-08
 7.44692E-08
 6.95698E-08
 6.49688E-08
 6.06300E-08
 5.65310E-08
 5.26726E-08
 4.88525E-08
 4.51095E-08
 4.13619E-08
 3.74910E-08
 3.33488E-08
 2.87809E-08
 2.36994E-08
 1.81404E-08
 1.22545E-08
 6.20277E-09
 0.00000E+00
-0.00000E+00
 2.00259E-07
 3.11086E-07
 3.49400E-07
 3.47758E-07
 3.28290E-07
 3.02699E-07
 2.76420E-07
 2.51696E-07
 2.29283E-07
 2.09278E-07
 1.91522E-07
 1.75767E-07
 1.61757E-07
 1.49255E-07
 1.38053E-07
 1.27972E-07
 1.18877E-07
 1.10604E-07
 1.03060E-07
 9.61518E-08
 8.97978E-08
 8.39279E-08
 7.84809E-08
 7.34030E-08
 6.86465E-08
 6.41702E-08
 5.99401E-08
 5.59355E-08
 5.21596E-08
 4.83957E-08
 4.46870E-08
 4.09459E-08
 3.70511E-08
 3.28595E-08
 2.82415E-08
 2.31444E-08
 1.76363E-08
 1.18712E-08
 5.99264E-09
 0.00000E+00
-0.00000E+00
 1.22756E-07
 2.08811E-07
 2.54525E-07
 2.70712E-07
 2.69076E-07
 2.58044E-07
 2.42770E-07
 2.26126E-07
 2.09602E-07
 1.93911E-07
 1.79346E-07
 1.65983E-07
 1.53791E-07
 1.42692E-07
 1.32588E-07
 1.23378E-07
 1.14983E-07
 1.07281E-07
 1.00208E-07
 9.36928E-08
 8.76707E-08
 8.20842E-08
 7.68813E-08
 7.20156E-08
 6.74451E-08
 6.31325E-08
 5.90470E-08
 5.51697E-08
 5.15052E-08
 4.78263E-08
 4.41821E-08
 4.04792E-08
 3.65957E-08
 3.23942E-08
 2.77649E-08
 2.26819E-08
 1.72320E-08
 1.15683E-08
 5.82684E-09
 0.00000E+00
-0.00000E+00
 8.19529E-08
 1.46879E-07
 1.89176E-07
 2.11489E-07
 2.19256E-07
 2.17632E-07
 2.10491E-07
 2.00436E-07
 1.89089E-07
 1.77418E-07
 1.65968E-07
 1.55027E-07
 1.44733E-07
 1.35134E-07
 1.26228E-07
 1.17988E-07
 1.10380E-07
 1.03328E-07
 9.67983E-08
 9.07407E-08
 8.51082E-08
 7.98567E-08
 7.49447E-08
 7.03337E-08
 6.59880E-08
 6.18756E-08
 5.79701E-08
 5.42541E-08
 5.07187E-08
 4.71537E-08
 4.36019E-08
 3.99634E-08
 3.61141E-08
 3.19252E-08
 2.73032E-08
 2.22471E-08
 1.68572E-08
 1.12912E-08
 5.67629E-09
 0.00000E+00
-0.00000E+00
 5.81774E-08
 1.07574E-07
 1.43811E-07
 1.66813E-07
 1.78829E-07
 1.82734E-07
 1.81128E-07
 1.76036E-07
 1.68902E-07
 1.60704E-07
 1.52079E-07
 1.43425E-07
 1.34981E-07
 1.26883E-07
 1.19202E-07
 1.11988E-07
 1.05204E-07
 9.88539E-08
 9.29163E-08
 8.73633E-08
 8.21648E-08
 7.72897E-08
 7.27071E-08
 6.83869E-08
 6.43001E-08
 6.04211E-08
 5.67308E-08
 5.32265E-08
 4.97912E-08
 4.63842E-08
 4.29509E-08
 3.93950E-08
 3.55940E-08
 3.14270E-08
 2.68196E-08
 2.17949E-08
 1.64703E-08
 1.10066E-08
 5.52312E-09
 0.00000E+00
-0.00000E+00
 4.31827E-08
 8.14285E-08
 1.11681E-07
 1.33123E-07
 1.46513E-07
 1.53347E-07
 1.55252E-07
 1.53677E-07
 1.49777E-07
 1.44419E-07
 1.38221E-07
 1.31612E-07
 1.24881E-07
 1.18216E-07
 1.11736E-07
 1.05526E-07
 9.95932E-08
 9.39672E-08
 8.86495E-08
 8.36314E-08
 7.88979E-08
 7.44302E-08
 7.02074E-08
 6.62072E-08
 6.24076E-08
 5.87884E-08
 5.53363E-08
 5.20527E-08
 4.87855E-08
 4.55379E-08
 4.22338E-08
 3.87693E-08
 3.50197E-08
 3.08757E-08
 2.62830E-08
 2.12933E-08
 1.60398E-08
 1.06914E-08
 5.35507E-09
 0.00000E+00
-0.00000E+00
 3.31250E-08
 6.32764E-08
 8.83616E-08
 1.07485E-07
 1.20754E-07
 1.28888E-07
 1.32856E-07
 1.33642E-07
 1.32111E-07
 1.28972E-07
 1.24773E-07
 1.19922E-07
 1.14716E-07
 1.09365E-07
 1.04014E-07
 9.87730E-08
 9.36753E-08
 8.87723E-08
 8.40832E-08
 7.96148E-08
 7.53651E-08
 7.13260E-08
 6.74853E-08
 6.38280E-08
 6.03383E-08
 5.70012E-08
 5.38082E-08
 5.07663E-08
 4.76955E-08
 4.46189E-08
 4.14506E-08
 3.80774E-08
 3.43749E-08
 3.02471E-08
 2.56656E-08
 2.07109E-08
 1.55419E-08
 1.03289E-08
 5.16240E-09
 0.00000E+00
-0.00000E+00
 2.60410E-08
 5.01905E-08
 7.10040E-08
 8.77008E-08
 1.00130E-07
 1.08593E-07
 1.13644E-07
 1.15923E-07
 1.16054E-07
 1.14586E-07
 1.11976E-07
 1.08586E-07
 1.04696E-07
 1.00514E-07
 9.61956E-08
 9.18618E-08
 8.75628E-08
 8.33634E-08
 7.92962E-08
 7.53795E-08
 7.16217E-08
 6.80234E-08
 6.45798E-08
 6.12825E-08
 5.81209E-08
 5.50847E-08
 5.21694E-08
 4.93854E-08
 4.65256E-08
 4.36281E-08
 4.05954E-08
 3.73065E-08
 3.36390E-08
 2.95133E-08
 2.49369E-08
 2.00223E-08
 1.49557E-08
 9.90597E-09
 4.93744E-09
 0.00000E+00
-0.00000E+00
 2.08484E-08
 4.04407E-08
 5.77630E-08
 7.21846E-08
 8.34716E-08
 9.17117E-08
 9.72036E-08
 1.00353E-07
 1.01596E-07
 1.01343E-07
 9.99590E-08
 9.77509E-08
 9.49663E-08
 9.18008E-08
 8.84063E-08
 8.49024E-08
 8.13506E-08
 7.78224E-08
 7.43585E-08
 7.09854E-08
 6.77188E-08
 6.45661E-08
 6.15285E-08
 5.86030E-08
 5.57838E-08
 5.30654E-08
 5.04455E-08
 4.79195E-08
 4.52795E-08
 4.25631E-08
 3.96585E-08
 3.64379E-08
 3.27851E-08
 2.86437E-08
 2.40635E-08
 1.91979E-08
 1.42615E-08
 9.41421E-09
 4.66834E-09
 0.00000E+00
-0.00000E+00
 1.69119E-08
 3.29609E-08
 4.74229E-08
 5.98029E-08
 6.98603E-08
 7.75782E-08
 8.31052E-08
 8.66911E-08
 8.86319E-08
 8.92295E-08
 8.87665E-08
 8.74922E-08
 8.56179E-08
 8.33162E-08
 8.07459E-08
 7.79782E-08
 7.51147E-08
 7.22171E-08
 6.93301E-08
 6.64849E-08
 6.37020E-08
 6.09937E-08
 5.83657E-08
 5.58192E-08
 5.33533E-08
 5.09693E-08
 4.86803E-08
 4.63538E-08
 4.39563E-08
 4.14181E-08
 3.86245E-08
 3.54458E-08
 3.17772E-08
 2.75976E-08
 2.30060E-08
 1.82051E-08
 1.34387E-08
 8.86565E-09
 4.32314E-09
 0.00000E+00
-0.00000E+00
 1.38383E-08
 2.70682E-08
 3.91645E-08
 4.97439E-08
 5.85884E-08
 6.56356E-08
 7.09479E-08
 7.46739E-08
 7.70115E-08
 7.81772E-08
 7.83853E-08
 7.78335E-08
 7.66970E-08
 7.51259E-08
 7.32507E-08
 7.11497E-08
 6.89130E-08
 6.66012E-08
 6.42598E-08
 6.19219E-08
 5.96107E-08
 5.73411E-08
 5.51220E-08
 5.29577E-08
 5.08503E-08
 4.88039E-08
 4.68329E-08
 4.47487E-08
 4.25663E-08
 4.01831E-08
 3.74685E-08
 3.42920E-08
 3.05712E-08
 2.63276E-08
 2.17193E-08
 1.70067E-08
 1.24485E-08
 8.17136E-09
 3.96832E-09
 0.00000E+00
-0.00000E+00
 1.13730E-08
 2.23091E-08
 3.24230E-08
 4.14198E-08
 4.91139E-08
 5.54279E-08
 6.03768E-08
 6.40452E-08
 6.65628E-08
 6.80826E-08
 6.87638E-08
 6.87595E-08
 6.82107E-08
 6.72572E-08
 6.59707E-08
 6.44569E-08
 6.27862E-08
 6.10148E-08
 5.91860E-08
 5.73324E-08
 5.54777E-08
 5.36383E-08
 5.18246E-08
 5.00431E-08
 4.82980E-08
 4.65930E-08
 4.49242E-08
 4.30839E-08
 4.10954E-08
 3.88323E-08
 3.61518E-08
 3.29286E-08
 2.91098E-08
 2.47760E-08
 2.01592E-08
 1.55718E-08
 1.12792E-08
 7.35579E-09
 3.56758E-09
 0.00000E+00
-0.00000E+00
 9.34471E-09
 1.83723E-08
 2.67986E-08
 3.43984E-08
 4.10196E-08
 4.65852E-08
 5.10861E-08
 5.45673E-08
 5.71121E-08
 5.88264E-08
 5.98280E-08
 6.02300E-08
 6.01612E-08
 5.96895E-08
 5.89178E-08
 5.79209E-08
 5.67603E-08
 5.54859E-08
 5.41369E-08
 5.27440E-08
 5.13295E-08
 4.99100E-08
 4.84966E-08
 4.70972E-08
 4.57195E-08
 4.43785E-08
 4.29297E-08
 4.13390E-08
 3.95161E-08
 3.73253E-08
 3.46189E-08
 3.12881E-08
 2.73236E-08
 2.28825E-08
 1.82804E-08
 1.38797E-08
 9.92653E-09
 6.42105E-09
 3.11020E-09
 0.00000E+00
-0.00000E+00
 7.63348E-09
 1.50367E-08
 2.20008E-08
 2.83556E-08
 3.39808E-08
 3.88073E-08
 4.28152E-08
 4.60256E-08
 4.84920E-08
 5.02828E-08
 5.14984E-08
 5.22033E-08
 5.24827E-08
 5.24219E-08
 5.20903E-08
 5.15486E-08
 5.08482E-08
 5.00313E-08
 4.91320E-08
 4.81769E-08
 4.71866E-08
 4.61762E-08
 4.51563E-08
 4.41352E-08
 4.31189E-08
 4.21013E-08
 4.08938E-08
 3.94986E-08
 3.77835E-08
 3.55974E-08
 3.27944E-08
 2.92913E-08
 2.51360E-08
 2.05865E-08
 1.60519E-08
 1.19213E-08
 8.39541E-09
 5.35905E-09
 2.58941E-09
 0.00000E+00
-0.00000E+00
 6.15247E-09
 1.21403E-08
 1.78123E-08
 2.30425E-08
 2.77405E-08
 3.18481E-08
 3.53419E-08
 3.82278E-08
 4.05541E-08
 4.23475E-08
 4.36646E-08
 4.45776E-08
 4.51444E-08
 4.54249E-08
 4.54727E-08
 4.53351E-08
 4.50526E-08
 4.46592E-08
 4.41827E-08
 4.36452E-08
 4.30640E-08
 4.24522E-08
 4.18192E-08
 4.11732E-08
 4.05299E-08
 3.97378E-08
 3.87641E-08
 3.75067E-08
 3.58203E-08
 3.35515E-08
 3.05770E-08
 2.68517E-08
 2.24726E-08
 1.78367E-08
 1.34688E-08
 9.70598E-09
 6.71642E-09
 4.13586E-09
 1.99820E-09
 0.00000E+00
-0.00000E+00
 4.83604E-09
 9.55992E-09
 1.40654E-08
 1.82615E-08
 2.20974E-08
 2.55090E-08
 2.84831E-08
 3.10230E-08
 3.31358E-08
 3.48621E-08
 3.62350E-08
 3.72978E-08
 3.80926E-08
 3.86607E-08
 3.90405E-08
 3.92664E-08
 3.93679E-08
 3.93703E-08
 3.92944E-08
 3.91571E-08
 3.89721E-08
 3.87493E-08
 3.84945E-08
 3.82071E-08
 3.78827E-08
 3.73092E-08
 3.64878E-08
 3.52713E-08
 3.35015E-08
 3.10421E-08
 2.78359E-08
 2.39019E-08
 1.92809E-08
 1.46035E-08
 1.05918E-08
 7.23371E-09
 4.77585E-09
 2.83554E-09
 1.35059E-09
 0.00000E+00
-0.00000E+00
 3.63829E-09
 7.20447E-09
 1.06344E-08
 1.38745E-08
 1.68686E-08
 1.96003E-08
 2.20510E-08
 2.42171E-08
 2.61040E-08
 2.77298E-08
 2.91156E-08
 3.02861E-08
 3.12673E-08
 3.20847E-08
 3.27624E-08
 3.33219E-08
 3.37823E-08
 3.41596E-08
 3.44673E-08
 3.47165E-08
 3.49168E-08
 3.50753E-08
 3.51939E-08
 3.52572E-08
 3.51183E-08
 3.47253E-08
 3.39547E-08
 3.26432E-08
 3.06387E-08
 2.78443E-08
 2.43911E-08
 2.04887E-08
 1.55684E-08
 1.08098E-08
 7.68729E-09
 4.51528E-09
 2.55474E-09
 1.36962E-09
 6.27114E-10
 0.00000E+00
-0.00000E+00
 2.50609E-09
 4.97850E-09
 7.38634E-09
 9.70241E-09
 1.19022E-08
 1.39725E-08
 1.59034E-08
 1.76903E-08
 1.93333E-08
 2.08377E-08
 2.22113E-08
 2.34637E-08
 2.46058E-08
 2.56485E-08
 2.66023E-08
 2.74767E-08
 2.82798E-08
 2.90184E-08
 2.96980E-08
 3.03232E-08
 3.08984E-08
 3.14274E-08
 3.19163E-08
 3.21912E-08
 3.22169E-08
 3.18691E-08
 3.09920E-08
 2.93964E-08
 2.69652E-08
 2.35845E-08
 1.98456E-08
 1.70092E-08
 1.12755E-08
 5.36241E-09
-6.44725E-10
-1.26946E-09
-9.28159E-10
-4.86630E-10
-1.95431E-10
 0.00000E+00
-0.00000E+00
 1.40758E-09
 2.81710E-09
 4.23003E-09
 5.64661E-09
 7.06529E-09
 8.48423E-09
 9.89983E-09
 1.13073E-08
 1.27012E-08
 1.40764E-08
 1.54280E-08
 1.67517E-08
 1.80437E-08
 1.93012E-08
 2.05216E-08
 2.17026E-08
 2.28415E-08
 2.39356E-08
 2.49809E-08
 2.59728E-08
 2.69079E-08
 2.77760E-08
 2.85549E-08
 2.89774E-08
 2.90167E-08
 2.85153E-08
 2.73199E-08
 2.51741E-08
 2.21533E-08
 1.75083E-08
 1.24289E-08
-4.98348E-10
-5.71774E-09
-6.82559E-09
-5.04407E-09
-3.91142E-09
-2.85937E-09
-1.80555E-09
-8.64944E-10
 0.00000E+00
-0.00000E+00
 3.07121E-10
 6.52274E-10
 1.07007E-09
 1.58871E-09
 2.22809E-09
 2.99927E-09
 3.90437E-09
 4.93777E-09
 6.08780E-09
 7.33876E-09
 8.67273E-09
 1.00712E-08
 1.15161E-08
 1.29909E-08
 1.44804E-08
 1.59703E-08
 1.74468E-08
 1.88983E-08
 2.03079E-08
 2.16549E-08
 2.29272E-08
 2.40936E-08
 2.49408E-08
 2.54158E-08
 2.52207E-08
 2.42378E-08
 2.24705E-08
 1.91960E-08
 1.59096E-08
 8.13615E-09
-4.85484E-09
-8.06931E-09
-9.90436E-09
-9.64151E-09
-7.94273E-09
-6.29490E-09
-4.58943E-09
-2.96832E-09
-1.45299E-09
 0.00000E+00
-0.00000E+00
-8.31358E-10
-1.58518E-09
-2.19075E-09
-2.58992E-09
-2.74089E-09
-2.61963E-09
-2.21937E-09
-1.54835E-09
-6.26537E-10
 5.18070E-10
 1.85295E-09
 3.34415E-09
 4.95865E-09
 6.66568E-09
 8.43816E-09
 1.02498E-08
 1.20723E-08
 1.38897E-08
 1.56637E-08
 1.73348E-08
 1.88920E-08
 2.00642E-08
 2.08527E-08
 2.11922E-08
 2.02608E-08
 1.80541E-08
 1.56229E-08
 8.60470E-09
-4.82717E-09
-1.20439E-08
-1.36396E-08
-1.44671E-08
-1.41443E-08
-1.26594E-08
-1.05056E-08
-8.33156E-09
-6.12234E-09
-4.00326E-09
-1.97591E-09
 0.00000E+00
-0.00000E+00
-2.04739E-09
-3.97090E-09
-5.65799E-09
-7.01679E-09
-7.98214E-09
-8.51757E-09
-8.61392E-09
-8.28532E-09
-7.56371E-09
-6.49295E-09
-5.12326E-09
-3.50658E-09
-1.69266E-09
 2.74163E-10
 2.35411E-09
 4.51078E-09
 6.68295E-09
 8.87560E-09
 1.10126E-08
 1.29034E-08
 1.44430E-08
 1.53524E-08
 1.55050E-08
 1.56834E-08
 1.28799E-08
 6.85634E-09
-5.41014E-09
-1.32217E-08
-1.65942E-08
-1.96677E-08
-2.03945E-08
-1.96799E-08
-1.79286E-08
-1.54735E-08
-1.28848E-08
-1.01717E-08
-7.50585E-09
-4.93565E-09
-2.44611E-09
 0.00000E+00
-0.00000E+00
-3.38732E-09
-6.59306E-09
-9.45351E-09
-1.18371E-08
-1.36533E-08
-1.48546E-08
-1.54334E-08
-1.54153E-08
-1.48502E-08
-1.38032E-08
-1.23473E-08
-1.05568E-08
-8.50263E-09
-6.25109E-09
-3.85903E-09
-1.37772E-09
 1.19575E-09
 3.74492E-09
 6.04707E-09
 7.95464E-09
 9.10458E-09
 8.89178E-09
 6.19808E-09
-2.08697E-09
-9.12163E-09
-1.56955E-08
-1.96100E-08
-2.37898E-08
-2.60484E-08
-2.68593E-08
-2.60392E-08
-2.40132E-08
-2.12416E-08
-1.81139E-08
-1.49939E-08
-1.18399E-08
-8.76425E-09
-5.78233E-09
-2.87231E-09
 0.00000E+00
-0.00000E+00
-4.90881E-09
-9.56054E-09
-1.37258E-08
-1.72249E-08
-1.99395E-08
-2.18141E-08
-2.28500E-08
-2.30928E-08
-2.26193E-08
-2.15247E-08
-1.99120E-08
-1.78853E-08
-1.55448E-08
-1.29931E-08
-1.03269E-08
-7.69270E-09
-5.37847E-09
-3.56183E-09
-2.66739E-09
-3.09837E-09
-5.17101E-09
-8.94317E-09
-1.39477E-08
-1.82986E-08
-2.37301E-08
-2.85179E-08
-3.16826E-08
-3.36413E-08
-3.40368E-08
-3.30113E-08
-3.07569E-08
-2.76548E-08
-2.41194E-08
-2.05393E-08
-1.69198E-08
-1.33670E-08
-9.91505E-09
-6.55490E-09
-3.26054E-09
 0.00000E+00
-0.00000E+00
-6.68741E-09
-1.30144E-08
-1.86644E-08
-2.33974E-08
-2.70656E-08
-2.96128E-08
-3.10606E-08
-3.14890E-08
-3.10160E-08
-2.97802E-08
-2.79277E-08
-2.56107E-08
-2.29763E-08
-2.02144E-08
-1.74719E-08
-1.51771E-08
-1.35842E-08
-1.30639E-08
-1.39379E-08
-1.63360E-08
-2.01106E-08
-2.48277E-08
-2.98092E-08
-3.42188E-08
-3.80884E-08
-4.08591E-08
-4.21738E-08
-4.20961E-08
-4.06726E-08
-3.81087E-08
-3.46888E-08
-3.07398E-08
-2.67498E-08
-2.26795E-08
-1.86678E-08
-1.47637E-08
-1.09679E-08
-7.26076E-09
-3.61483E-09
 0.00000E+00
-0.00000E+00
-8.82639E-09
-1.71454E-08
-2.45202E-08
-3.06348E-08
-3.53135E-08
-3.85133E-08
-4.02972E-08
-4.08035E-08
-4.02148E-08
-3.87405E-08
-3.65942E-08
-3.40270E-08
-3.12437E-08
-2.86805E-08
-2.65893E-08
-2.53994E-08
-2.54347E-08
-2.68755E-08
-2.96730E-08
-3.35274E-08
-3.79513E-08
-4.23886E-08
-4.62993E-08
-4.92525E-08
-5.11178E-08
-5.17217E-08
-5.10035E-08
-4.90641E-08
-4.60788E-08
-4.22978E-08
-3.80080E-08
-3.34877E-08
-2.90325E-08
-2.45929E-08
-2.02558E-08
-1.60388E-08
-1.19296E-08
-7.90503E-09
-3.93799E-09
 0.00000E+00
-0.00000E+00
-1.14728E-08
-2.22207E-08
-3.16368E-08
-3.93099E-08
-4.50464E-08
-4.88454E-08
-5.08506E-08
-5.13029E-08
-5.04913E-08
-4.87571E-08
-4.64030E-08
-4.39298E-08
-4.16574E-08
-4.00527E-08
-3.94814E-08
-4.01973E-08
-4.22266E-08
-4.53459E-08
-4.91396E-08
-5.31069E-08
-5.67761E-08
-5.97567E-08
-6.17591E-08
-6.26127E-08
-6.22801E-08
-6.07753E-08
-5.81811E-08
-5.46655E-08
-5.04470E-08
-4.57558E-08
-4.08314E-08
-3.59325E-08
-3.10762E-08
-2.63240E-08
-2.17004E-08
-1.72006E-08
-1.28057E-08
-8.49162E-09
-4.23207E-09
 0.00000E+00
-0.00000E+00
-1.48443E-08
-2.86288E-08
-4.05000E-08
-4.99338E-08
-5.67505E-08
-6.10547E-08
-6.31432E-08
-6.34496E-08
-6.24191E-08
-6.06814E-08
-5.86961E-08
-5.70319E-08
-5.61457E-08
-5.63726E-08
-5.78154E-08
-6.03274E-08
-6.35500E-08
-6.70145E-08
-7.02663E-08
-7.29321E-08
-7.47493E-08
-7.55519E-08
-7.52557E-08
-7.38554E-08
-7.14109E-08
-6.80325E-08
-6.38722E-08
-5.91224E-08
-5.40049E-08
-4.86589E-08
-4.33426E-08
-3.80682E-08
-3.29098E-08
-2.78916E-08
-2.30119E-08
-1.82555E-08
-1.36008E-08
-9.02358E-09
-4.49866E-09
 0.00000E+00
-0.00000E+00
-1.92771E-08
-3.69561E-08
-5.18227E-08
-6.32388E-08
-7.11267E-08
-7.58329E-08
-7.79225E-08
-7.82155E-08
-7.74213E-08
-7.63221E-08
-7.55624E-08
-7.56222E-08
-7.67185E-08
-7.87847E-08
-8.15159E-08
-8.44804E-08
-8.72414E-08
-8.94391E-08
-9.08214E-08
-9.12421E-08
-9.06383E-08
-8.90078E-08
-8.63978E-08
-8.28930E-08
-7.86145E-08
-7.37086E-08
-6.83383E-08
-6.26724E-08
-5.69836E-08
-5.12114E-08
-4.55213E-08
-3.99622E-08
-3.45575E-08
-2.93067E-08
-2.41967E-08
-1.92080E-08
-1.43181E-08
-9.50328E-09
-4.73896E-09
 0.00000E+00
-0.00000E+00
-2.53155E-08
-4.81291E-08
-6.67028E-08
-8.03494E-08
-8.93013E-08
-9.44342E-08
-9.68042E-08
-9.75915E-08
-9.78218E-08
-9.82832E-08
-9.94110E-08
-1.01274E-07
-1.03646E-07
-1.06139E-07
-1.08344E-07
-1.09927E-07
-1.10662E-07
-1.10430E-07
-1.09194E-07
-1.06975E-07
-1.03837E-07
-9.98693E-08
-9.51849E-08
-8.99068E-08
-8.41736E-08
-7.81174E-08
-7.18778E-08
-6.56770E-08
-5.94903E-08
-5.33883E-08
-4.74338E-08
-4.16486E-08
-3.60332E-08
-3.05760E-08
-2.52590E-08
-2.00613E-08
-1.49603E-08
-9.93250E-09
-4.95391E-09
 0.00000E+00
-0.00000E+00
-3.38956E-08
-6.36967E-08
-8.69471E-08
-1.03154E-07
-1.13385E-07
-1.19257E-07
-1.22526E-07
-1.24655E-07
-1.26585E-07
-1.28702E-07
-1.30950E-07
-1.33035E-07
-1.34608E-07
-1.35392E-07
-1.35215E-07
-1.34008E-07
-1.31778E-07
-1.28586E-07
-1.24524E-07
-1.19701E-07
-1.14238E-07
-1.08257E-07
-1.01886E-07
-9.52392E-08
-8.84481E-08
-8.15812E-08
-7.48233E-08
-6.81582E-08
-6.16357E-08
-5.52847E-08
-4.91212E-08
-4.31448E-08
-3.73445E-08
-3.17035E-08
-2.62018E-08
-2.08179E-08
-1.55292E-08
-1.03125E-08
-5.14416E-09
 0.00000E+00
-0.00000E+00
-4.67527E-08
-8.64295E-08
-1.15745E-07
-1.35126E-07
-1.47037E-07
-1.54260E-07
-1.58980E-07
-1.62452E-07
-1.65121E-07
-1.66962E-07
-1.67801E-07
-1.67495E-07
-1.65996E-07
-1.63335E-07
-1.59604E-07
-1.54927E-07
-1.49436E-07
-1.43274E-07
-1.36578E-07
-1.29476E-07
-1.22093E-07
-1.14533E-07
-1.06911E-07
-9.92744E-08
-9.17985E-08
-8.44210E-08
-7.72338E-08
-7.02535E-08
-6.34891E-08
-5.69405E-08
-5.06011E-08
-4.44581E-08
-3.84946E-08
-3.26911E-08
-2.70266E-08
-2.14791E-08
-1.60261E-08
-1.06443E-08
-5.31018E-09
 0.00000E+00
-0.00000E+00
-6.74166E-08
-1.21743E-07
-1.59055E-07
-1.82255E-07
-1.96083E-07
-2.04289E-07
-2.08994E-07
-2.11139E-07
-2.11129E-07
-2.09222E-07
-2.05668E-07
-2.00728E-07
-1.94653E-07
-1.87674E-07
-1.79998E-07
-1.71806E-07
-1.63251E-07
-1.54470E-07
-1.45582E-07
-1.36680E-07
-1.27860E-07
-1.19151E-07
-1.10708E-07
-1.02449E-07
-9.44501E-08
-8.67085E-08
-7.92374E-08
-7.20320E-08
-6.50809E-08
-5.83686E-08
-5.18780E-08
-4.55899E-08
-3.94842E-08
-3.35396E-08
-2.77343E-08
-2.20460E-08
-1.64517E-08
-1.09283E-08
-5.45228E-09
 0.00000E+00
-0.00000E+00
-1.03897E-07
-1.80622E-07
-2.27813E-07
-2.53925E-07
-2.66906E-07
-2.71657E-07
-2.70939E-07
-2.66447E-07
-2.59351E-07
-2.50491E-07
-2.40470E-07
-2.29721E-07
-2.18555E-07
-2.07194E-07
-1.95807E-07
-1.84518E-07
-1.73417E-07
-1.62571E-07
-1.52044E-07
-1.41839E-07
-1.32067E-07
-1.22634E-07
-1.13586E-07
-1.04899E-07
-9.65672E-08
-8.85727E-08
-8.08975E-08
-7.35205E-08
-6.64188E-08
-5.95697E-08
-5.29505E-08
-4.65388E-08
-4.03124E-08
-3.42488E-08
-2.83252E-08
-2.25188E-08
-1.68065E-08
-1.11649E-08
-5.57063E-09
 0.00000E+00
-0.00000E+00
-1.76412E-07
-2.86250E-07
-3.40037E-07
-3.60011E-07
-3.61204E-07
-3.52273E-07
-3.38135E-07
-3.21559E-07
-3.04079E-07
-2.86521E-07
-2.69322E-07
-2.52706E-07
-2.36785E-07
-2.21600E-07
-2.07162E-07
-1.93473E-07
-1.80492E-07
-1.68179E-07
-1.56570E-07
-1.45547E-07
-1.35107E-07
-1.25191E-07
-1.15769E-07
-1.06797E-07
-9.82402E-08
-9.00634E-08
-8.22344E-08
-7.47229E-08
-6.75002E-08
-6.05394E-08
-5.38150E-08
-4.73024E-08
-4.09779E-08
-3.48178E-08
-2.87988E-08
-2.28975E-08
-1.70905E-08
-1.13543E-08
-5.66532E-09
 0.00000E+00
-0.00000E+00
-3.43170E-07
-4.84886E-07
-5.16630E-07
-5.02008E-07
-4.70821E-07
-4.35648E-07
-4.01357E-07
-3.69571E-07
-3.40635E-07
-3.14421E-07
-2.90657E-07
-2.69052E-07
-2.49348E-07
-2.31289E-07
-2.14664E-07
-1.99369E-07
-1.85170E-07
-1.71956E-07
-1.59635E-07
-1.48095E-07
-1.37255E-07
-1.27036E-07
-1.17375E-07
-1.08213E-07
-9.94995E-08
-9.11907E-08
-8.32472E-08
-7.56338E-08
-6.83187E-08
-6.12724E-08
-5.44675E-08
-4.78780E-08
-4.14789E-08
-3.52458E-08
-2.91547E-08
-2.31819E-08
-1.73037E-08
-1.14964E-08
-5.73635E-09
 0.00000E+00
-0.00000E+00
-7.91065E-07
-8.48475E-07
-7.60958E-07
-6.61554E-07
-5.76448E-07
-5.07282E-07
-4.51069E-07
-4.04729E-07
-3.65875E-07
-3.32773E-07
-3.04147E-07
-2.79066E-07
-2.56901E-07
-2.37059E-07
-2.19153E-07
-2.02887E-07
-1.87992E-07
-1.74269E-07
-1.61559E-07
-1.49724E-07
-1.38654E-07
-1.28254E-07
-1.18445E-07
-1.09162E-07
-1.00346E-07
-9.19491E-08
-8.39284E-08
-7.62461E-08
-6.88683E-08
-6.17640E-08
-5.49047E-08
-4.82632E-08
-4.18139E-08
-3.55318E-08
-2.93924E-08
-2.33717E-08
-1.74459E-08
-1.15911E-08
-5.78373E-09
 0.00000E+00
-2.05734E-06
-2.17058E-06
-1.39374E-06
-1.00900E-06
-7.89394E-07
-6.49052E-07
-5.51474E-07
-4.79306E-07
-4.23420E-07
-3.78587E-07
-3.41650E-07
-3.10484E-07
-2.83703E-07
-2.60344E-07
-2.39686E-07
-2.21209E-07
-2.04525E-07
-1.89327E-07
-1.75380E-07
-1.62497E-07
-1.50528E-07
-1.39350E-07
-1.28863E-07
-1.18983E-07
-1.09639E-07
-1.00772E-07
-9.23307E-08
-8.42709E-08
-7.65538E-08
-6.91442E-08
-6.20107E-08
-5.51239E-08
-4.84563E-08
-4.19817E-08
-3.56749E-08
-2.95114E-08
-2.34667E-08
-1.75171E-08
-1.16385E-08
-5.80743E-09
 0.00000E+00
