 4.52601E-01
 9.06765E-01
 1.35976E+00
 1.81844E+00
 2.27026E+00
 2.74008E+00
 3.19154E+00
 3.64163E+00
 4.08688E+00
 4.54380E+00
 4.98907E+00
 5.44000E+00
 5.88501E+00
 6.32903E+00
 6.79860E+00
 7.27483E+00
 7.76321E+00
 8.24148E+00
 8.70263E+00
 9.15081E+00
 9.59551E+00
 1.00559E+01
 1.05086E+01
 1.09539E+01
 1.13990E+01
 1.18578E+01
 1.23186E+01
 1.27742E+01
 1.32436E+01
 1.36938E+01
 1.41428E+01
 1.45872E+01
 1.50290E+01
 1.54683E+01
 1.59244E+01
 1.63776E+01
 1.68389E+01
 1.72960E+01
 1.77522E+01
 1.82113E+01
 1.86668E+01
 1.91116E+01
 1.95644E+01
 2.00146E+01
 2.04659E+01
 2.09241E+01
 2.13777E+01
 2.18287E+01
 2.22752E+01
 2.27206E+01
 2.32009E+01
 2.36852E+01
 2.41529E+01
 2.46249E+01
 2.50883E+01
 2.55514E+01
 2.60098E+01
 2.64761E+01
 2.69496E+01
 2.73935E+01
 2.78442E+01
 2.82949E+01
 2.87481E+01
 2.92100E+01
 2.96622E+01
 3.01068E+01
 3.05683E+01
 3.10179E+01
 3.14808E+01
 3.19291E+01
 3.24055E+01
 3.28751E+01
 3.33462E+01
 3.38348E+01
 3.43054E+01
 3.48019E+01
 3.52954E+01
 3.57613E+01
 3.62462E+01
 3.67154E+01
 3.71874E+01
 3.76688E+01
 3.81366E+01
 3.86041E+01
 3.90892E+01
 3.95587E+01
 4.00279E+01
 4.04994E+01
 4.09809E+01
 4.14477E+01
 4.19281E+01
 4.23845E+01
 4.28715E+01
 4.33557E+01
 4.38388E+01
 4.43002E+01
 4.47688E+01
 4.52511E+01
 4.57401E+01
 4.62119E+01
 4.66832E+01
 4.71611E+01
 4.76309E+01
 4.80899E+01
 4.85669E+01
 4.90478E+01
 4.95134E+01
 4.99733E+01
 5.04263E+01
 5.08970E+01
 5.13781E+01
 5.18530E+01
 5.23436E+01
 5.27921E+01
 5.32454E+01
 5.37098E+01
 5.41735E+01
 5.46473E+01
 5.51103E+01
 5.55693E+01
 5.60308E+01
 5.64977E+01
 5.69629E+01
 5.74228E+01
 5.78814E+01
 5.83583E+01
 5.88148E+01
 5.92678E+01
 5.97519E+01
 6.02158E+01
 6.06812E+01
 6.11823E+01
 6.16681E+01
 6.21554E+01
 6.26509E+01
 6.31559E+01
 6.36456E+01
 6.41347E+01
 6.46201E+01
 6.51122E+01
 6.55993E+01
 6.60923E+01
 6.65858E+01
 6.70837E+01
 6.75754E+01
 6.80463E+01
 6.85281E+01
 6.89833E+01
 6.94648E+01
 6.99652E+01
 7.04372E+01
 7.09130E+01
 7.13736E+01
 7.18382E+01
 7.22956E+01
 7.27735E+01
 7.32676E+01
 7.37380E+01
 7.42300E+01
 7.47411E+01
 7.52108E+01
 7.57691E+01
 7.62327E+01
 7.67494E+01
 7.72418E+01
 7.77400E+01
 7.82042E+01
 7.86542E+01
 7.91643E+01
 7.96630E+01
 8.01772E+01
 8.06810E+01
 8.11516E+01
 8.16572E+01
 8.21307E+01
 8.26325E+01
 8.31055E+01
 8.36119E+01
 8.40760E+01
 8.45655E+01
 8.50585E+01
 8.55622E+01
 8.60356E+01
 8.65297E+01
 8.70231E+01
 8.75314E+01
 8.80144E+01
 8.85097E+01
 8.89996E+01
 8.94794E+01
 8.99475E+01
 9.04576E+01
 9.09508E+01
 9.14256E+01
 9.18909E+01
 9.23957E+01
 9.28630E+01
 9.33424E+01
 9.38067E+01
 9.42946E+01
 9.47810E+01
 9.52662E+01
 9.57641E+01
 9.62255E+01
 9.66879E+01
 9.71591E+01
 9.76291E+01
 9.81057E+01
 9.86126E+01
 9.90849E+01
 9.95671E+01
 1.00024E+02
 1.00512E+02
 1.00998E+02
 1.01476E+02
 1.01966E+02
 1.02443E+02
 1.02928E+02
 1.03405E+02
 1.03880E+02
 1.04399E+02
 1.04897E+02
 1.05372E+02
 1.05836E+02
 1.06311E+02
 1.06788E+02
 1.07280E+02
 1.07733E+02
 1.08193E+02
 1.08651E+02
 1.09120E+02
 1.09595E+02
 1.10062E+02
 1.10533E+02
 1.11008E+02
 1.11464E+02
 1.11906E+02
 1.12371E+02
 1.12831E+02
 1.13283E+02
 1.13746E+02
 1.14205E+02
 1.14661E+02
 1.15113E+02
 1.15578E+02
 1.16028E+02
 1.16504E+02
 1.16972E+02
 1.17421E+02
 1.17892E+02
 1.18357E+02
 1.18840E+02
 1.19313E+02
 1.19774E+02
 1.20232E+02
 1.20684E+02
 1.21143E+02
 1.21595E+02
 1.22065E+02
 1.22531E+02
 1.22991E+02
 1.23443E+02
 1.23909E+02
 1.24367E+02
 1.24846E+02
 1.25319E+02
 1.25790E+02
 1.26250E+02
 1.26705E+02
 1.27170E+02
 1.27651E+02
 1.28132E+02
 1.28615E+02
 1.29081E+02
 1.29543E+02
 1.29992E+02
 1.30477E+02
 1.30945E+02
 1.31453E+02
 1.31951E+02
 1.32407E+02
 1.32870E+02
 1.33333E+02
 1.33797E+02
 1.34278E+02
 1.34759E+02
 1.35225E+02
 1.35699E+02
 1.36184E+02
 1.36666E+02
 1.37136E+02
 1.37610E+02
 1.38078E+02
 1.38539E+02
 1.39013E+02
 1.39513E+02
 1.39982E+02
 1.40459E+02
 1.40912E+02
 1.41406E+02
 1.41902E+02
 1.42364E+02
 1.42825E+02
 1.43299E+02
 1.43756E+02
 1.44216E+02
 1.44706E+02
 1.45170E+02
 1.45634E+02
 1.46096E+02
 1.46574E+02
 1.47056E+02
 1.47542E+02
 1.48004E+02
 1.48455E+02
 1.48907E+02
 1.49378E+02
 1.49856E+02
 1.50340E+02
 1.50813E+02
 1.51295E+02
 1.51760E+02
 1.52230E+02
 1.52737E+02
 1.53260E+02
 1.53741E+02
 1.54235E+02
 1.54702E+02
 1.55195E+02
 1.55702E+02
 1.56152E+02
 1.56611E+02
 1.57066E+02
 1.57515E+02
 1.57979E+02
 1.58455E+02
 1.58930E+02
 1.59387E+02
 1.59861E+02
 1.60318E+02
 1.60776E+02
 1.61259E+02
 1.61701E+02
 1.62154E+02
 1.62611E+02
 1.63085E+02
 1.63539E+02
 1.64028E+02
 1.64507E+02
 1.65026E+02
 1.65540E+02
 1.66047E+02
 1.66547E+02
 1.67000E+02
 1.67449E+02
 1.67897E+02
 1.68370E+02
 1.68823E+02
 1.69289E+02
 1.69752E+02
 1.70216E+02
 1.70681E+02
 1.71132E+02
 1.71584E+02
 1.72054E+02
 1.72520E+02
 1.72973E+02
 1.73436E+02
 1.73897E+02
 1.74354E+02
 1.74834E+02
 1.75312E+02
 1.75784E+02
 1.76253E+02
 1.76709E+02
 1.77174E+02
 1.77662E+02
 1.78131E+02
 1.78591E+02
 1.79070E+02
 1.79530E+02
 1.79991E+02
 1.80445E+02
 1.80907E+02
 1.81371E+02
 1.81834E+02
 1.82303E+02
 1.82756E+02
 1.83217E+02
 1.83685E+02
 1.84147E+02
 1.84604E+02
 1.85095E+02
 1.85579E+02
 1.86041E+02
 1.86507E+02
 1.86967E+02
 1.87448E+02
 1.87954E+02
 1.88430E+02
 1.88893E+02
 1.89363E+02
 1.89827E+02
 1.90290E+02
 1.90746E+02
 1.91221E+02
 1.91715E+02
 1.92190E+02
 1.92657E+02
 1.93107E+02
 1.93564E+02
 1.94012E+02
 1.94479E+02
 1.94952E+02
 1.95409E+02
 1.95878E+02
 1.96338E+02
 1.96796E+02
 1.97279E+02
 1.97742E+02
 1.98211E+02
 1.98674E+02
 1.99168E+02
 1.99673E+02
 2.00145E+02
 2.00589E+02
 2.01049E+02
 2.01509E+02
 2.01964E+02
 2.02425E+02
 2.02885E+02
 2.03346E+02
 2.03815E+02
 2.04288E+02
 2.04754E+02
 2.05227E+02
 2.05680E+02
 2.06135E+02
 2.06613E+02
 2.07066E+02
 2.07530E+02
 2.08004E+02
 2.08465E+02
 2.08926E+02
 2.09392E+02
 2.09837E+02
 2.10293E+02
 2.10758E+02
 2.11235E+02
 2.11730E+02
 2.12215E+02
 2.12697E+02
 2.13166E+02
 2.13624E+02
 2.14105E+02
 2.14566E+02
 2.15020E+02
 2.15486E+02
 2.15952E+02
 2.16417E+02
 2.16920E+02
 2.17427E+02
 2.17894E+02
 2.18349E+02
 2.18820E+02
 2.19311E+02
 2.19781E+02
 2.20252E+02
 2.20724E+02
 2.21193E+02
 2.21659E+02
 2.22128E+02
 2.22598E+02
 2.23103E+02
 2.23589E+02
 2.24052E+02
 2.24508E+02
 2.24975E+02
 2.25448E+02
 2.25950E+02
 2.26440E+02
 2.26912E+02
 2.27376E+02
 2.27846E+02
 2.28298E+02
 2.28776E+02
 2.29231E+02
 2.29696E+02
 2.30161E+02
 2.30633E+02
 2.31085E+02
 2.31558E+02
 2.32011E+02
 2.32474E+02
 2.32938E+02
 2.33416E+02
 2.33895E+02
 2.34353E+02
 2.34808E+02
 2.35281E+02
 2.35739E+02
 2.36209E+02
 2.36703E+02
 2.37174E+02
 2.37625E+02
 2.38089E+02
 2.38547E+02
 2.39012E+02
 2.39476E+02
 2.39935E+02
 2.40396E+02
 2.40855E+02
 2.41321E+02
 2.41799E+02
 2.42257E+02
 2.42713E+02
 2.43159E+02
 2.43618E+02
 2.44064E+02
 2.44530E+02
 2.44995E+02
 2.45456E+02
 2.45920E+02
 2.46392E+02
 2.46864E+02
 2.47333E+02
 2.47798E+02
 2.48262E+02
 2.48735E+02
 2.49218E+02
 2.49684E+02
 2.50146E+02
 2.50617E+02
 2.51083E+02
 2.51546E+02
 2.52006E+02
 2.52452E+02
 2.52919E+02
 2.53389E+02
 2.53852E+02
 2.54312E+02
 2.54781E+02
 2.55246E+02
 2.55714E+02
 2.56173E+02
 2.56638E+02
 2.57104E+02
 2.57565E+02
 2.58021E+02
 2.58493E+02
 2.58997E+02
 2.59487E+02
 2.59948E+02
 2.60408E+02
 2.60914E+02
 2.61377E+02
 2.61847E+02
 2.62327E+02
 2.62784E+02
 2.63238E+02
 2.63696E+02
 2.64163E+02
 2.64620E+02
 2.65091E+02
 2.65567E+02
 2.66045E+02
 2.66502E+02
 2.66959E+02
 2.67429E+02
 2.67905E+02
 2.68394E+02
 2.68886E+02
 2.69352E+02
 2.69814E+02
 2.70271E+02
 2.70774E+02
 2.71271E+02
 2.71760E+02
 2.72230E+02
 2.72677E+02
 2.73137E+02
 2.73603E+02
 2.74070E+02
 2.74541E+02
 2.75021E+02
 2.75484E+02
 2.75956E+02
 2.76411E+02
 2.76877E+02
 2.77334E+02
 2.77805E+02
 2.78261E+02
 2.78731E+02
 2.79189E+02
 2.79644E+02
 2.80116E+02
 2.80596E+02
 2.81058E+02
 2.81530E+02
 2.81983E+02
 2.82443E+02
 2.82905E+02
 2.83395E+02
 2.83869E+02
 2.84330E+02
 2.84787E+02
 2.85252E+02
 2.85713E+02
 2.86187E+02
 2.86659E+02
 2.87124E+02
 2.87583E+02
 2.88038E+02
 2.88513E+02
 2.88987E+02
 2.89453E+02
 2.89960E+02
 2.90456E+02
 2.90934E+02
 2.91408E+02
 2.91866E+02
 2.92327E+02
 2.92787E+02
 2.93256E+02
 2.93745E+02
 2.94224E+02
 2.94714E+02
 2.95187E+02
 2.95659E+02
 2.96127E+02
 2.96588E+02
 2.97072E+02
 2.97536E+02
 2.97993E+02
 2.98470E+02
 2.98957E+02
 2.99467E+02
 2.99980E+02
 3.00453E+02
 3.00933E+02
 3.01395E+02
 3.01907E+02
 3.02400E+02
 3.02885E+02
 3.03359E+02
 3.03827E+02
 3.04291E+02
 3.04753E+02
 3.05226E+02
 3.05684E+02
 3.06157E+02
 3.06619E+02
 3.07093E+02
 3.07546E+02
 3.08021E+02
 3.08481E+02
 3.08947E+02
 3.09410E+02
 3.09867E+02
 3.10389E+02
 3.10891E+02
 3.11395E+02
 3.11898E+02
 3.12382E+02
 3.12902E+02
 3.13416E+02
 3.13933E+02
 3.14439E+02
 3.14920E+02
 3.15408E+02
 3.15880E+02
 3.16393E+02
 3.16908E+02
 3.17401E+02
 3.17872E+02
 3.18358E+02
 3.18844E+02
 3.19330E+02
 3.19794E+02
 3.20295E+02
 3.20803E+02
 3.21335E+02
 3.21850E+02
 3.22362E+02
 3.22863E+02
 3.23340E+02
 3.23824E+02
 3.24334E+02
 3.24815E+02
 3.25318E+02
 3.25813E+02
 3.26310E+02
 3.26811E+02
 3.27308E+02
 3.27805E+02
 3.28299E+02
 3.28803E+02
 3.29288E+02
 3.29795E+02
 3.30302E+02
 3.30788E+02
 3.31292E+02
 3.31800E+02
 3.32296E+02
 3.32794E+02
 3.33293E+02
 3.33799E+02
 3.34297E+02
 3.34780E+02
 3.35295E+02
 3.35797E+02
 3.36292E+02
 3.36788E+02
 3.37317E+02
 3.37814E+02
 3.38332E+02
 3.38804E+02
 3.39303E+02
 3.39802E+02
 3.40301E+02
 3.40783E+02
 3.41293E+02
 3.41778E+02
 3.42265E+02
 3.42768E+02
 3.43251E+02
 3.43736E+02
 3.44231E+02
 3.44711E+02
 3.45192E+02
 3.45689E+02
 3.46179E+02
 3.46679E+02
 3.47202E+02
 3.47714E+02
 3.48226E+02
 3.48710E+02
 3.49216E+02
 3.49709E+02
 3.50210E+02
 3.50722E+02
 3.51216E+02
 3.51709E+02
 3.52193E+02
 3.52688E+02
 3.53193E+02
 3.53685E+02
 3.54187E+02
 3.54683E+02
 3.55190E+02
 3.55655E+02
 3.56161E+02
 3.56660E+02
 3.57158E+02
 3.57654E+02
 3.58170E+02
 3.58664E+02
 3.59163E+02
 3.59660E+02
 3.60166E+02
 3.60651E+02
 3.61169E+02
 3.61652E+02
 3.62145E+02
 3.62660E+02
 3.63163E+02
 3.63649E+02
 3.64156E+02
 3.64651E+02
 3.65135E+02
 3.65612E+02
 3.66109E+02
 3.66598E+02
 3.67097E+02
 3.67600E+02
 3.68111E+02
 3.68596E+02
 3.69094E+02
 3.69596E+02
 3.70089E+02
 3.70572E+02
 3.71082E+02
 3.71557E+02
 3.72060E+02
 3.72560E+02
 3.73058E+02
 3.73537E+02
 3.74042E+02
 3.74523E+02
 3.75023E+02
 3.75509E+02
 3.76034E+02
 3.76547E+02
 3.77064E+02
 3.77566E+02
 3.78057E+02
 3.78558E+02
 3.79051E+02
 3.79537E+02
 3.80014E+02
 3.80505E+02
 3.81012E+02
 3.81508E+02
 3.81989E+02
 3.82454E+02
 3.82934E+02
 3.83430E+02
 3.83953E+02
 3.84434E+02
 3.84934E+02
 3.85448E+02
 3.85934E+02
 3.86441E+02
 3.86947E+02
 3.87428E+02
 3.87912E+02
 3.88418E+02
 3.88919E+02
 3.89421E+02
 3.89899E+02
 3.90407E+02
 3.90911E+02
 3.91407E+02
 3.91908E+02
 3.92373E+02
 3.92863E+02
 3.93356E+02
 3.93835E+02
 3.94356E+02
 3.94823E+02
 3.95312E+02
 3.95813E+02
 3.96306E+02
 3.96806E+02
 3.97318E+02
 3.97820E+02
 3.98314E+02
 3.98828E+02
 3.99330E+02
 3.99823E+02
 4.00347E+02
 4.00832E+02
 4.01363E+02
 4.01893E+02
 4.02380E+02
 4.02890E+02
 4.03411E+02
 4.03891E+02
 4.04370E+02
 4.04881E+02
 4.05370E+02
 4.05870E+02
 4.06363E+02
 4.06852E+02
 4.07331E+02
 4.07831E+02
 4.08298E+02
 4.08813E+02
 4.09310E+02
 4.09804E+02
 4.10295E+02
 4.10789E+02
 4.11292E+02
 4.11795E+02
 4.12300E+02
 4.12789E+02
 4.13290E+02
 4.13784E+02
 4.14278E+02
 4.14800E+02
 4.15283E+02
 4.15784E+02
 4.16275E+02
 4.16756E+02
 4.17243E+02
 4.17761E+02
 4.18247E+02
 4.18756E+02
 4.19241E+02
 4.19740E+02
 4.20239E+02
 4.20725E+02
 4.21221E+02
 4.21701E+02
 4.22191E+02
 4.22680E+02
 4.23177E+02
 4.23670E+02
 4.24175E+02
 4.24680E+02
 4.25159E+02
 4.25666E+02
 4.26171E+02
 4.26661E+02
 4.27154E+02
 4.27660E+02
 4.28162E+02
 4.28671E+02
 4.29174E+02
 4.29664E+02
 4.30158E+02
 4.30645E+02
 4.31146E+02
 4.31641E+02
 4.32120E+02
 4.32599E+02
 4.33122E+02
 4.33607E+02
 4.34115E+02
 4.34609E+02
 4.35105E+02
 4.35602E+02
 4.36125E+02
 4.36627E+02
 4.37109E+02
 4.37622E+02
 4.38097E+02
 4.38592E+02
 4.39060E+02
 4.39544E+02
 4.40034E+02
 4.40561E+02
 4.41073E+02
 4.41598E+02
 4.42095E+02
 4.42602E+02
 4.43116E+02
 4.43609E+02
 4.44117E+02
 4.44619E+02
 4.45121E+02
 4.45628E+02
 4.46114E+02
 4.46619E+02
 4.47122E+02
 4.47612E+02
 4.48092E+02
 4.48591E+02
 4.49085E+02
 4.49576E+02
 4.50067E+02
 4.50557E+02
 4.51040E+02
 4.51519E+02
 4.52008E+02
 4.52509E+02
 4.53003E+02
 4.53500E+02
 4.54002E+02
 4.54494E+02
 4.55003E+02
 4.55489E+02
 4.55999E+02
 4.56508E+02
 4.57018E+02
 4.57500E+02
 4.58003E+02
 4.58493E+02
 4.58993E+02
 4.59484E+02
 4.59972E+02
 4.60460E+02
 4.60965E+02
 4.61454E+02
 4.61964E+02
 4.62458E+02
 4.62957E+02
 4.63469E+02
 4.63982E+02
 4.64507E+02
 4.65002E+02
 4.65508E+02
 4.66008E+02
 4.66518E+02
 4.67018E+02
 4.67505E+02
 4.68027E+02
 4.68528E+02
 4.69027E+02
 4.69532E+02
 4.70026E+02
 4.70526E+02
 4.71014E+02
 4.71520E+02
 4.72017E+02
 4.72531E+02
 4.73022E+02
 4.73535E+02
 4.74035E+02
 4.74524E+02
 4.75035E+02
 4.75549E+02
 4.76051E+02
 4.76551E+02
 4.77040E+02
 4.77542E+02
 4.78044E+02
 4.78532E+02
 4.79024E+02
 4.79508E+02
 4.79995E+02
 4.80494E+02
 4.80992E+02
 4.81494E+02
 4.81985E+02
 4.82486E+02
 4.82974E+02
 4.83465E+02
 4.83967E+02
 4.84447E+02
 4.84949E+02
 4.85448E+02
 4.85952E+02
 4.86436E+02
 4.86900E+02
 4.87397E+02
 4.87879E+02
 4.88366E+02
 4.88838E+02
 4.89343E+02
 4.89850E+02
 4.90354E+02
 4.90835E+02
 4.91329E+02
 4.91832E+02
 4.92302E+02
 4.92798E+02
 4.93290E+02
 4.93777E+02
 4.94264E+02
 4.94759E+02
 4.95255E+02
 4.95742E+02
 4.96242E+02
 4.96754E+02
 4.97251E+02
 4.97763E+02
 4.98267E+02
 4.98749E+02
 4.99239E+02
 4.99735E+02
 5.00225E+02
 5.00712E+02
 5.01213E+02
 5.01730E+02
 5.02232E+02
 5.02726E+02
 5.03217E+02
 5.03698E+02
 5.04184E+02
 5.04656E+02
 5.05139E+02
 5.05635E+02
 5.06124E+02
 5.06612E+02
 5.07105E+02
 5.07604E+02
 5.08096E+02
 5.08582E+02
 5.09072E+02
 5.09570E+02
 5.10053E+02
 5.10541E+02
 5.11036E+02
 5.11517E+02
 5.12001E+02
 5.12486E+02
 5.12984E+02
 5.13501E+02
 5.13999E+02
 5.14488E+02
 5.15013E+02
 5.15527E+02
 5.16022E+02
 5.16515E+02
 5.17008E+02
 5.17499E+02
 5.18037E+02
 5.18531E+02
 5.19011E+02
 5.19510E+02
 5.20018E+02
 5.20518E+02
 5.21025E+02
 5.21520E+02
 5.22015E+02
 5.22502E+02
 5.23000E+02
 5.23508E+02
 5.24003E+02
 5.24491E+02
 5.24984E+02
 5.25480E+02
 5.25985E+02
 5.26452E+02
 5.26955E+02
 5.27443E+02
 5.27941E+02
 5.28440E+02
 5.28942E+02
 5.29452E+02
 5.29951E+02
 5.30467E+02
 5.30970E+02
 5.31465E+02
 5.31976E+02
 5.32472E+02
 5.32961E+02
 5.33449E+02
 5.33951E+02
 5.34455E+02
 5.34940E+02
 5.35416E+02
 5.35902E+02
 5.36404E+02
 5.36904E+02
 5.37383E+02
 5.37862E+02
 5.38349E+02
 5.38840E+02
 5.39331E+02
 5.39810E+02
 5.40315E+02
 5.40808E+02
 5.41325E+02
 5.41830E+02
 5.42311E+02
 5.42805E+02
 5.43286E+02
 5.43777E+02
 5.44264E+02
 5.44770E+02
 5.45261E+02
 5.45753E+02
 5.46238E+02
 5.46727E+02
 5.47214E+02
 5.47725E+02
 5.48217E+02
 5.48695E+02
 5.49192E+02
 5.49663E+02
 5.50153E+02
 5.50629E+02
 5.51133E+02
 5.51635E+02
 5.52134E+02
 5.52620E+02
 5.53105E+02
 5.53592E+02
 5.54083E+02
 5.54575E+02
 5.55082E+02
 5.55554E+02
 5.56029E+02
 5.56526E+02
 5.57018E+02
 5.57505E+02
 5.57983E+02
 5.58464E+02
 5.58983E+02
 5.59494E+02
 5.59989E+02
 5.60465E+02
 5.60969E+02
 5.61457E+02
 5.61954E+02
 5.62447E+02
 5.62937E+02
 5.63444E+02
 5.63958E+02
 5.64445E+02
 5.64923E+02
 5.65412E+02
 5.65898E+02
 5.66401E+02
 5.66907E+02
 5.67405E+02
 5.67919E+02
 5.68403E+02
 5.68890E+02
 5.69385E+02
 5.69901E+02
 5.70393E+02
 5.70879E+02
 5.71353E+02
 5.71870E+02
 5.72385E+02
 5.72890E+02
 5.73398E+02
 5.73924E+02
 5.74423E+02
 5.74919E+02
 5.75415E+02
 5.75912E+02
 5.76398E+02
 5.76899E+02
 5.77402E+02
 5.77884E+02
 5.78367E+02
 5.78873E+02
 5.79374E+02
 5.79862E+02
 5.80353E+02
 5.80869E+02
 5.81368E+02
 5.81856E+02
 5.82340E+02
 5.82822E+02
 5.83325E+02
 5.83816E+02
 5.84324E+02
 5.84817E+02
 5.85315E+02
 5.85803E+02
 5.86307E+02
 5.86809E+02
 5.87276E+02
 5.87767E+02
 5.88260E+02
 5.88735E+02
 5.89246E+02
 5.89723E+02
 5.90231E+02
 5.90720E+02
 5.91189E+02
 5.91660E+02
 5.92168E+02
 5.92655E+02
 5.93152E+02
 5.93630E+02
 5.94112E+02
 5.94596E+02
 5.95110E+02
 5.95587E+02
 5.96074E+02
 5.96576E+02
 5.97073E+02
 5.97561E+02
 5.98056E+02
 5.98551E+02
 5.99061E+02
 5.99583E+02
 6.00097E+02
 6.00618E+02
 6.01117E+02
 6.01630E+02
 6.02122E+02
 6.02615E+02
 6.03118E+02
 6.03634E+02
 6.04129E+02
 6.04612E+02
 6.05100E+02
 6.05599E+02
 6.06092E+02
 6.06569E+02
 6.07054E+02
 6.07544E+02
 6.08035E+02
 6.08531E+02
 6.09027E+02
 6.09520E+02
 6.10013E+02
 6.10489E+02
 6.10988E+02
 6.11493E+02
 6.11985E+02
 6.12499E+02
 6.13017E+02
 6.13500E+02
 6.14001E+02
 6.14488E+02
 6.14966E+02
 6.15463E+02
 6.15952E+02
 6.16459E+02
 6.16949E+02
 6.17456E+02
 6.17952E+02
 6.18437E+02
 6.18916E+02
 6.19418E+02
 6.19899E+02
 6.20372E+02
 6.20866E+02
 6.21378E+02
 6.21853E+02
 6.22341E+02
 6.22827E+02
 6.23329E+02
 6.23854E+02
 6.24356E+02
 6.24838E+02
 6.25342E+02
 6.25852E+02
 6.26344E+02
 6.26841E+02
 6.27329E+02
 6.27847E+02
 6.28354E+02
 6.28849E+02
 6.29318E+02
 6.29802E+02
 6.30283E+02
 6.30775E+02
 6.31272E+02
 6.31768E+02
 6.32256E+02
 6.32759E+02
 6.33279E+02
 6.33795E+02
 6.34295E+02
 6.34781E+02
 6.35284E+02
 6.35774E+02
 6.36271E+02
 6.36763E+02
 6.37276E+02
 6.37787E+02
 6.38270E+02
 6.38784E+02
 6.39287E+02
 6.39788E+02
 6.40274E+02
 6.40787E+02
 6.41292E+02
 6.41800E+02
 6.42303E+02
 6.42794E+02
 6.43303E+02
 6.43796E+02
 6.44302E+02
 6.44787E+02
 6.45283E+02
 6.45789E+02
 6.46271E+02
 6.46769E+02
 6.47257E+02
 6.47756E+02
 6.48249E+02
 6.48738E+02
 6.49234E+02
 6.49731E+02
 6.50225E+02
 6.50731E+02
 6.51223E+02
 6.51713E+02
 6.52207E+02
 6.52705E+02
 6.53192E+02
 6.53687E+02
 6.54191E+02
 6.54688E+02
 6.55196E+02
 6.55686E+02
 6.56204E+02
 6.56675E+02
 6.57169E+02
 6.57647E+02
 6.58138E+02
 6.58634E+02
 6.59139E+02
 6.59636E+02
 6.60149E+02
 6.60646E+02
 6.61150E+02
 6.61636E+02
 6.62127E+02
 6.62618E+02
 6.63124E+02
 6.63637E+02
 6.64143E+02
 6.64663E+02
 6.65154E+02
 6.65645E+02
 6.66128E+02
 6.66620E+02
 6.67118E+02
 6.67588E+02
 6.68070E+02
 6.68531E+02
 6.69004E+02
 6.69491E+02
 6.69996E+02
 6.70519E+02
 6.71012E+02
 6.71504E+02
 6.71995E+02
 6.72508E+02
 6.73015E+02
 6.73531E+02
 6.74034E+02
 6.74526E+02
 6.75018E+02
 6.75506E+02
 6.76007E+02
 6.76483E+02
 6.76990E+02
 6.77490E+02
 6.77976E+02
 6.78496E+02
 6.78995E+02
 6.79502E+02
 6.80024E+02
 6.80530E+02
 6.81041E+02
 6.81551E+02
 6.82032E+02
 6.82522E+02
 6.83042E+02
 6.83548E+02
 6.84053E+02
 6.84541E+02
 6.85063E+02
 6.85571E+02
 6.86089E+02
 6.86606E+02
 6.87104E+02
 6.87625E+02
 6.88145E+02
 6.88628E+02
 6.89146E+02
 6.89645E+02
 6.90138E+02
 6.90628E+02
 6.91161E+02
 6.91659E+02
 6.92164E+02
 6.92657E+02
 6.93167E+02
 6.93670E+02
 6.94163E+02
 6.94654E+02
 6.95157E+02
 6.95648E+02
 6.96157E+02
 6.96648E+02
 6.97143E+02
 6.97637E+02
 6.98134E+02
 6.98633E+02
 6.99112E+02
 6.99598E+02
 7.00091E+02
 7.00582E+02
 7.01082E+02
 7.01592E+02
 7.02106E+02
 7.02604E+02
 7.03103E+02
 7.03579E+02
 7.04084E+02
 7.04564E+02
 7.05054E+02
 7.05543E+02
 7.06057E+02
 7.06552E+02
 7.07049E+02
 7.07544E+02
 7.08048E+02
 7.08560E+02
 7.09065E+02
 7.09589E+02
 7.10077E+02
 7.10564E+02
 7.11055E+02
 7.11546E+02
 7.12039E+02
 7.12542E+02
 7.13023E+02
 7.13510E+02
 7.14010E+02
 7.14509E+02
 7.15014E+02
 7.15499E+02
 7.16014E+02
 7.16515E+02
 7.17004E+02
 7.17506E+02
 7.17979E+02
 7.18488E+02
 7.18963E+02
 7.19459E+02
 7.19951E+02
 7.20433E+02
 7.20907E+02
 7.21392E+02
 7.21876E+02
 7.22368E+02
 7.22873E+02
 7.23362E+02
 7.23846E+02
 7.24361E+02
 7.24877E+02
 7.25387E+02
 7.25893E+02
 7.26406E+02
 7.26905E+02
 7.27395E+02
 7.27889E+02
 7.28361E+02
 7.28879E+02
 7.29374E+02
 7.29871E+02
 7.30363E+02
 7.30851E+02
 7.31360E+02
 7.31866E+02
 7.32358E+02
 7.32861E+02
 7.33369E+02
 7.33858E+02
 7.34346E+02
 7.34855E+02
 7.35359E+02
 7.35869E+02
 7.36361E+02
 7.36832E+02
 7.37324E+02
 7.37808E+02
 7.38308E+02
 7.38842E+02
 7.39341E+02
 7.39837E+02
 7.40316E+02
 7.40816E+02
 7.41302E+02
 7.41824E+02
 7.42321E+02
 7.42802E+02
 7.43315E+02
 7.43839E+02
 7.44348E+02
 7.44859E+02
 7.45371E+02
 7.45882E+02
 7.46390E+02
 7.46906E+02
 7.47409E+02
 7.47910E+02
 7.48399E+02
 7.48886E+02
 7.49410E+02
 7.49898E+02
 7.50398E+02
 7.50887E+02
 7.51398E+02
 7.51895E+02
 7.52404E+02
 7.52906E+02
 7.53377E+02
 7.53868E+02
 7.54380E+02
 7.54883E+02
 7.55363E+02
 7.55869E+02
 7.56362E+02
 7.56869E+02
 7.57362E+02
 7.57849E+02
 7.58355E+02
 7.58880E+02
 7.59382E+02
 7.59880E+02
 7.60378E+02
 7.60870E+02
 7.61355E+02
 7.61847E+02
 7.62337E+02
 7.62830E+02
 7.63324E+02
 7.63815E+02
 7.64313E+02
 7.64804E+02
 7.65284E+02
 7.65764E+02
 7.66246E+02
 7.66766E+02
 7.67274E+02
 7.67782E+02
 7.68275E+02
 7.68777E+02
 7.69276E+02
 7.69770E+02
 7.70277E+02
 7.70765E+02
 7.71276E+02
 7.71774E+02
 7.72275E+02
 7.72773E+02
 7.73259E+02
 7.73764E+02
 7.74253E+02
 7.74753E+02
 7.75262E+02
 7.75758E+02
 7.76255E+02
 7.76754E+02
 7.77254E+02
 7.77759E+02
 7.78269E+02
 7.78781E+02
 7.79271E+02
 7.79760E+02
 7.80257E+02
 7.80746E+02
 7.81224E+02
 7.81726E+02
 7.82202E+02
 7.82691E+02
 7.83182E+02
 7.83677E+02
 7.84163E+02
 7.84658E+02
 7.85147E+02
 7.85643E+02
 7.86137E+02
 7.86629E+02
 7.87101E+02
 7.87592E+02
 7.88078E+02
 7.88576E+02
 7.89073E+02
 7.89578E+02
 7.90084E+02
 7.90579E+02
 7.91075E+02
 7.91584E+02
 7.92074E+02
 7.92575E+02
 7.93082E+02
 7.93614E+02
 7.94125E+02
 7.94640E+02
 7.95159E+02
 7.95679E+02
 7.96180E+02
 7.96688E+02
 7.97197E+02
 7.97700E+02
 7.98204E+02
 7.98695E+02
 7.99176E+02
 7.99680E+02
 8.00189E+02
 8.00674E+02
 8.01181E+02
 8.01672E+02
 8.02182E+02
 8.02683E+02
 8.03189E+02
 8.03691E+02
 8.04187E+02
 8.04696E+02
 8.05185E+02
 8.05691E+02
 8.06199E+02
 8.06714E+02
 8.07254E+02
 8.07769E+02
 8.08284E+02
 8.08793E+02
 8.09299E+02
 8.09801E+02
 8.10294E+02
 8.10793E+02
 8.11280E+02
 8.11773E+02
 8.12274E+02
 8.12787E+02
 8.13290E+02
 8.13789E+02
 8.14263E+02
 8.14743E+02
 8.15219E+02
 8.15724E+02
 8.16221E+02
 8.16723E+02
 8.17235E+02
 8.17721E+02
 8.18205E+02
 8.18699E+02
 8.19175E+02
 8.19654E+02
 8.20166E+02
 8.20669E+02
 8.21171E+02
 8.21683E+02
 8.22191E+02
 8.22688E+02
 8.23197E+02
 8.23687E+02
 8.24178E+02
 8.24664E+02
 8.25145E+02
 8.25667E+02
 8.26157E+02
 8.26663E+02
 8.27148E+02
 8.27650E+02
 8.28171E+02
 8.28649E+02
 8.29144E+02
 8.29662E+02
 8.30162E+02
 8.30667E+02
 8.31160E+02
 8.31656E+02
 8.32149E+02
 8.32633E+02
 8.33126E+02
 8.33638E+02
 8.34142E+02
 8.34633E+02
 8.35129E+02
 8.35609E+02
 8.36108E+02
 8.36599E+02
 8.37086E+02
 8.37581E+02
 8.38050E+02
 8.38547E+02
 8.39036E+02
 8.39533E+02
 8.40011E+02
 8.40478E+02
 8.40975E+02
 8.41478E+02
 8.41986E+02
 8.42475E+02
 8.42963E+02
 8.43462E+02
 8.43983E+02
 8.44486E+02
 8.44977E+02
 8.45492E+02
 8.46011E+02
 8.46515E+02
 8.47026E+02
 8.47525E+02
 8.48002E+02
 8.48505E+02
 8.49011E+02
 8.49512E+02
 8.50015E+02
 8.50517E+02
 8.50997E+02
 8.51483E+02
 8.51995E+02
 8.52489E+02
 8.52999E+02
