 0.00000E+00
 7.68117E-06
 1.54502E-05
 2.32626E-05
 3.10866E-05
 3.89206E-05
 4.69021E-05
 5.49140E-05
 6.28625E-05
 7.08852E-05
 7.89811E-05
 8.71027E-05
 9.52490E-05
 1.03419E-04
 1.11612E-04
 1.19757E-04
 1.27946E-04
 1.36201E-04
 1.44429E-04
 1.52722E-04
 1.61033E-04
 1.69361E-04
 1.77705E-04
 1.86064E-04
 1.94439E-04
 2.02828E-04
 2.11185E-04
 2.19555E-04
 2.27983E-04
 2.36401E-04
 2.44831E-04
 2.53295E-04
 2.61770E-04
 2.70255E-04
 2.78704E-04
 2.87209E-04
 2.95723E-04
 3.04246E-04
 3.12778E-04
 3.21317E-04
 3.29865E-04
 3.38420E-04
 3.46982E-04
 3.55551E-04
 3.64104E-04
 3.72640E-04
 3.81228E-04
 3.89776E-04
 3.98377E-04
 4.06982E-04
 4.15593E-04
 4.24186E-04
 4.32784E-04
 4.41410E-04
 4.50040E-04
 4.58675E-04
 4.67313E-04
 4.75956E-04
 4.84603E-04
 4.93231E-04
 5.01862E-04
 5.10520E-04
 5.19181E-04
 5.27845E-04
 5.36513E-04
 5.45183E-04
 5.53857E-04
 5.62533E-04
 5.71213E-04
 5.79894E-04
 5.88532E-04
 5.97219E-04
 6.05862E-04
 6.14554E-04
 6.23248E-04
 6.31944E-04
 6.40619E-04
 6.49296E-04
 6.57998E-04
 6.66702E-04
 6.75408E-04
 6.84116E-04
 6.92825E-04
 7.01513E-04
 7.10203E-04
 7.18918E-04
 7.27634E-04
 7.36352E-04
 7.45071E-04
 7.53792E-04
 7.62514E-04
 7.71237E-04
 7.79962E-04
 7.88688E-04
 7.97416E-04
 8.06145E-04
 8.14851E-04
 8.23559E-04
 8.32292E-04
 8.41025E-04
 8.49760E-04
 8.58496E-04
 8.67233E-04
 8.75971E-04
 8.84687E-04
 8.93404E-04
 9.02122E-04
 9.10864E-04
 9.19607E-04
 9.28328E-04
 9.37050E-04
 9.45796E-04
 9.54543E-04
 9.63291E-04
 9.72040E-04
 9.80790E-04
 9.89517E-04
 9.98245E-04
 1.00700E-03
 1.01575E-03
 1.02451E-03
 1.03326E-03
 1.04202E-03
 1.05077E-03
 1.05953E-03
 1.06829E-03
 1.07705E-03
 1.08581E-03
 1.09454E-03
 1.10328E-03
 1.11204E-03
 1.12081E-03
 1.12957E-03
 1.13834E-03
 1.14710E-03
 1.15587E-03
 1.16463E-03
 1.17340E-03
 1.18217E-03
 1.19094E-03
 1.19971E-03
 1.20848E-03
 1.21725E-03
 1.22602E-03
 1.23479E-03
 1.24357E-03
 1.25234E-03
 1.26112E-03
 1.26985E-03
 1.27858E-03
 1.28735E-03
 1.29613E-03
 1.30486E-03
 1.31364E-03
 1.32242E-03
 1.33120E-03
 1.33998E-03
 1.34876E-03
 1.35752E-03
 1.36628E-03
 1.37507E-03
 1.38385E-03
 1.39263E-03
 1.40142E-03
 1.41021E-03
 1.41899E-03
 1.42778E-03
 1.43657E-03
 1.44536E-03
 1.45415E-03
 1.46289E-03
 1.47168E-03
 1.48048E-03
 1.48927E-03
 1.49806E-03
 1.50685E-03
 1.51565E-03
 1.52444E-03
 1.53324E-03
 1.54203E-03
 1.55083E-03
 1.55963E-03
 1.56843E-03
 1.57723E-03
 1.58602E-03
 1.59482E-03
 1.60363E-03
 1.61243E-03
 1.62118E-03
 1.62998E-03
 1.63879E-03
 1.64759E-03
 1.65639E-03
 1.66520E-03
 1.67401E-03
 1.68281E-03
 1.69162E-03
 1.70043E-03
 1.70923E-03
 1.71804E-03
 1.72685E-03
 1.73566E-03
 1.74447E-03
 1.75326E-03
 1.76207E-03
 1.77084E-03
 1.77965E-03
 1.78846E-03
 1.79727E-03
 1.80609E-03
 1.81490E-03
 1.82367E-03
 1.83249E-03
 1.84131E-03
 1.85012E-03
 1.85892E-03
 1.86771E-03
 1.87653E-03
 1.88535E-03
 1.89417E-03
 1.90299E-03
 1.91181E-03
 1.92059E-03
 1.92941E-03
 1.93823E-03
 1.94706E-03
 1.95588E-03
 1.96470E-03
 1.97353E-03
 1.98235E-03
 1.99118E-03
 2.00001E-03
 2.00883E-03
 2.01766E-03
 2.02649E-03
 2.03532E-03
 2.04415E-03
 2.05298E-03
 2.06176E-03
 2.07059E-03
 2.07942E-03
 2.08825E-03
 2.09709E-03
 2.10592E-03
 2.11475E-03
 2.12359E-03
 2.13242E-03
 2.14126E-03
 2.15009E-03
 2.15893E-03
 2.16776E-03
 2.17660E-03
 2.18544E-03
 2.19427E-03
 2.20311E-03
 2.21195E-03
 2.22079E-03
 2.22963E-03
 2.23847E-03
 2.24731E-03
 2.25615E-03
 2.26499E-03
 2.27383E-03
 2.28265E-03
 2.29147E-03
 2.30032E-03
 2.30916E-03
 2.31800E-03
 2.32685E-03
 2.33569E-03
 2.34454E-03
 2.35334E-03
 2.36218E-03
 2.37103E-03
 2.37988E-03
 2.38868E-03
 2.39753E-03
 2.40638E-03
 2.41523E-03
 2.42408E-03
 2.43293E-03
 2.44178E-03
 2.45063E-03
 2.45948E-03
 2.46833E-03
 2.47713E-03
 2.48599E-03
 2.49484E-03
 2.50369E-03
 2.51255E-03
 2.52140E-03
 2.53025E-03
 2.53911E-03
 2.54796E-03
 2.55682E-03
 2.56568E-03
 2.57453E-03
 2.58339E-03
 2.59225E-03
 2.60110E-03
 2.60992E-03
 2.61875E-03
 2.62761E-03
 2.63647E-03
 2.64530E-03
 2.65416E-03
 2.66302E-03
 2.67188E-03
 2.68075E-03
 2.68961E-03
 2.69847E-03
 2.70733E-03
 2.71619E-03
 2.72506E-03
 2.73392E-03
 2.74278E-03
 2.75165E-03
 2.76051E-03
 2.76938E-03
 2.77824E-03
 2.78711E-03
 2.79597E-03
 2.80481E-03
 2.81368E-03
 2.82252E-03
 2.83139E-03
 2.84026E-03
 2.84913E-03
 2.85799E-03
 2.86686E-03
 2.87573E-03
 2.88460E-03
 2.89347E-03
 2.90234E-03
 2.91121E-03
 2.92008E-03
 2.92895E-03
 2.93782E-03
 2.94669E-03
 2.95556E-03
 2.96443E-03
 2.97331E-03
 2.98218E-03
 2.99105E-03
 2.99993E-03
 3.00880E-03
 3.01767E-03
 3.02655E-03
 3.03542E-03
 3.04430E-03
 3.05315E-03
 3.06202E-03
 3.07085E-03
 3.07973E-03
 3.08860E-03
 3.09746E-03
 3.10633E-03
 3.11521E-03
 3.12409E-03
 3.13297E-03
 3.14180E-03
 3.15065E-03
 3.15953E-03
 3.16841E-03
 3.17729E-03
 3.18617E-03
 3.19505E-03
 3.20393E-03
 3.21281E-03
 3.22169E-03
 3.23057E-03
 3.23945E-03
 3.24833E-03
 3.25719E-03
 3.26607E-03
 3.27493E-03
 3.28382E-03
 3.29270E-03
 3.30158E-03
 3.31046E-03
 3.31935E-03
 3.32823E-03
 3.33712E-03
 3.34600E-03
 3.35488E-03
 3.36377E-03
 3.37265E-03
 3.38154E-03
 3.39043E-03
 3.39931E-03
 3.40820E-03
 3.41708E-03
 3.42597E-03
 3.43486E-03
 3.44372E-03
 3.45261E-03
 3.46150E-03
 3.47036E-03
 3.47925E-03
 3.48814E-03
 3.49703E-03
 3.50592E-03
 3.51478E-03
 3.52367E-03
 3.53256E-03
 3.54145E-03
 3.55034E-03
 3.55923E-03
 3.56812E-03
 3.57701E-03
 3.58590E-03
 3.59480E-03
 3.60369E-03
 3.61258E-03
 3.62145E-03
 3.63034E-03
 3.63923E-03
 3.64813E-03
 3.65702E-03
 3.66591E-03
 3.67481E-03
 3.68370E-03
 3.69259E-03
 3.70146E-03
 3.71036E-03
 3.71925E-03
 3.72815E-03
 3.73704E-03
 3.74594E-03
 3.75483E-03
 3.76371E-03
 3.77260E-03
 3.78150E-03
 3.79039E-03
 3.79929E-03
 3.80819E-03
 3.81709E-03
 3.82598E-03
 3.83488E-03
 3.84378E-03
 3.85268E-03
 3.86157E-03
 3.87047E-03
 3.87932E-03
 3.88822E-03
 3.89712E-03
 3.90602E-03
 3.91492E-03
 3.92380E-03
 3.93270E-03
 3.94157E-03
 3.95047E-03
 3.95937E-03
 3.96828E-03
 3.97718E-03
 3.98608E-03
 3.99498E-03
 4.00388E-03
 4.01278E-03
 4.02166E-03
 4.03056E-03
 4.03947E-03
 4.04837E-03
 4.05725E-03
 4.06615E-03
 4.07503E-03
 4.08393E-03
 4.09284E-03
 4.10174E-03
 4.11065E-03
 4.11955E-03
 4.12846E-03
 4.13736E-03
 4.14626E-03
 4.15517E-03
 4.16408E-03
 4.17298E-03
 4.18186E-03
 4.19075E-03
 4.19965E-03
 4.20856E-03
 4.21746E-03
 4.22637E-03
 4.23526E-03
 4.24416E-03
 4.25307E-03
 4.26198E-03
 4.27088E-03
 4.27979E-03
 4.28870E-03
 4.29761E-03
 4.30652E-03
 4.31543E-03
 4.32433E-03
 4.33324E-03
 4.34215E-03
 4.35106E-03
 4.35997E-03
 4.36888E-03
 4.37779E-03
 4.38670E-03
 4.39561E-03
 4.40452E-03
 4.41343E-03
 4.42234E-03
 4.43123E-03
 4.44014E-03
 4.44905E-03
 4.45797E-03
 4.46688E-03
 4.47579E-03
 4.48470E-03
 4.49361E-03
 4.50253E-03
 4.51142E-03
 4.52033E-03
 4.52924E-03
 4.53816E-03
 4.54707E-03
 4.55598E-03
 4.56490E-03
 4.57381E-03
 4.58272E-03
 4.59164E-03
 4.60055E-03
 4.60945E-03
 4.61836E-03
 4.62728E-03
 4.63619E-03
 4.64511E-03
 4.65402E-03
 4.66294E-03
 4.67185E-03
 4.68077E-03
 4.68969E-03
 4.69860E-03
 4.70752E-03
 4.71644E-03
 4.72535E-03
 4.73427E-03
 4.74319E-03
 4.75210E-03
 4.76100E-03
 4.76992E-03
 4.77884E-03
 4.78775E-03
 4.79667E-03
 4.80559E-03
 4.81451E-03
 4.82338E-03
 4.83230E-03
 4.84120E-03
 4.85012E-03
 4.85901E-03
 4.86793E-03
 4.87685E-03
 4.88577E-03
 4.89467E-03
 4.90359E-03
 4.91251E-03
 4.92141E-03
 4.93033E-03
 4.93925E-03
 4.94817E-03
 4.95707E-03
 4.96599E-03
 4.97491E-03
 4.98384E-03
 4.99276E-03
 5.00168E-03
 5.01060E-03
 5.01953E-03
 5.02845E-03
 5.03737E-03
 5.04630E-03
 5.05522E-03
 5.06412E-03
 5.07304E-03
 5.08197E-03
 5.09089E-03
 5.09982E-03
 5.10874E-03
 5.11766E-03
 5.12657E-03
 5.13549E-03
 5.14442E-03
 5.15334E-03
 5.16227E-03
 5.17119E-03
 5.18012E-03
 5.18904E-03
 5.19797E-03
 5.20690E-03
 5.21582E-03
 5.22473E-03
 5.23365E-03
 5.24258E-03
 5.25151E-03
 5.26043E-03
 5.26936E-03
 5.27827E-03
 5.28719E-03
 5.29612E-03
 5.30505E-03
 5.31398E-03
 5.32291E-03
 5.33183E-03
 5.34076E-03
 5.34969E-03
 5.35862E-03
 5.36755E-03
 5.37648E-03
 5.38539E-03
 5.39432E-03
 5.40325E-03
 5.41218E-03
 5.42111E-03
 5.43004E-03
 5.43897E-03
 5.44787E-03
 5.45681E-03
 5.46574E-03
 5.47467E-03
 5.48360E-03
 5.49253E-03
 5.50146E-03
 5.51039E-03
 5.51933E-03
 5.52826E-03
 5.53719E-03
 5.54612E-03
 5.55505E-03
 5.56399E-03
 5.57290E-03
 5.58183E-03
 5.59076E-03
 5.59970E-03
 5.60863E-03
 5.61756E-03
 5.62650E-03
 5.63543E-03
 5.64437E-03
 5.65330E-03
 5.66224E-03
 5.67117E-03
 5.68010E-03
 5.68904E-03
 5.69797E-03
 5.70691E-03
 5.71585E-03
 5.72478E-03
 5.73372E-03
 5.74263E-03
 5.75157E-03
 5.76050E-03
 5.76944E-03
 5.77837E-03
 5.78731E-03
 5.79625E-03
 5.80519E-03
 5.81412E-03
 5.82306E-03
 5.83200E-03
 5.84093E-03
 5.84987E-03
 5.85881E-03
 5.86775E-03
 5.87666E-03
 5.88560E-03
 5.89454E-03
 5.90346E-03
 5.91237E-03
 5.92131E-03
 5.93025E-03
 5.93919E-03
 5.94811E-03
 5.95704E-03
 5.96598E-03
 5.97492E-03
 5.98386E-03
 5.99278E-03
 6.00170E-03
 6.01064E-03
 6.01958E-03
 6.02852E-03
 6.03746E-03
 6.04640E-03
 6.05534E-03
 6.06426E-03
 6.07320E-03
 6.08215E-03
 6.09109E-03
 6.10003E-03
 6.10897E-03
 6.11791E-03
 6.12686E-03
 6.13580E-03
 6.14474E-03
 6.15366E-03
 6.16261E-03
 6.17155E-03
 6.18049E-03
 6.18944E-03
 6.19838E-03
 6.20732E-03
 6.21627E-03
 6.22521E-03
 6.23416E-03
 6.24305E-03
 6.25200E-03
 6.26092E-03
 6.26987E-03
 6.27881E-03
 6.28776E-03
 6.29670E-03
 6.30565E-03
 6.31459E-03
 6.32354E-03
 6.33248E-03
 6.34143E-03
 6.35038E-03
 6.35932E-03
 6.36827E-03
 6.37722E-03
 6.38614E-03
 6.39509E-03
 6.40403E-03
 6.41298E-03
 6.42193E-03
 6.43088E-03
 6.43982E-03
 6.44877E-03
 6.45772E-03
 6.46667E-03
 6.47562E-03
 6.48457E-03
 6.49351E-03
 6.50246E-03
 6.51141E-03
 6.52034E-03
 6.52929E-03
 6.53824E-03
 6.54719E-03
 6.55611E-03
 6.56506E-03
 6.57401E-03
 6.58296E-03
 6.59191E-03
 6.60086E-03
 6.60981E-03
 6.61877E-03
 6.62772E-03
 6.63667E-03
 6.64562E-03
 6.65457E-03
 6.66352E-03
 6.67247E-03
 6.68142E-03
 6.69038E-03
 6.69933E-03
 6.70828E-03
 6.71723E-03
 6.72616E-03
 6.73512E-03
 6.74407E-03
 6.75302E-03
 6.76197E-03
 6.77093E-03
 6.77988E-03
 6.78883E-03
 6.79779E-03
 6.80674E-03
 6.81570E-03
 6.82465E-03
 6.83360E-03
 6.84256E-03
 6.85151E-03
 6.86047E-03
 6.86942E-03
 6.87838E-03
 6.88731E-03
 6.89626E-03
 6.90522E-03
 6.91417E-03
 6.92313E-03
 6.93209E-03
 6.94104E-03
 6.94998E-03
 6.95893E-03
 6.96789E-03
 6.97684E-03
 6.98580E-03
 6.99476E-03
 7.00371E-03
 7.01267E-03
 7.02163E-03
 7.03059E-03
 7.03954E-03
 7.04850E-03
 7.05746E-03
 7.06642E-03
 7.07537E-03
 7.08433E-03
 7.09329E-03
 7.10225E-03
 7.11119E-03
 7.12012E-03
 7.12908E-03
 7.13804E-03
 7.14700E-03
 7.15596E-03
 7.16492E-03
 7.17385E-03
 7.18281E-03
 7.19175E-03
 7.20069E-03
 7.20965E-03
 7.21861E-03
 7.22757E-03
 7.23653E-03
 7.24549E-03
 7.25445E-03
 7.26341E-03
 7.27237E-03
 7.28133E-03
 7.29029E-03
 7.29925E-03
 7.30819E-03
 7.31715E-03
 7.32609E-03
 7.33506E-03
 7.34402E-03
 7.35296E-03
 7.36192E-03
 7.37088E-03
 7.37984E-03
 7.38878E-03
 7.39775E-03
 7.40671E-03
 7.41567E-03
 7.42464E-03
 7.43360E-03
 7.44256E-03
 7.45153E-03
 7.46049E-03
 7.46945E-03
 7.47842E-03
 7.48738E-03
 7.49635E-03
 7.50531E-03
 7.51428E-03
 7.52324E-03
 7.53218E-03
 7.54115E-03
 7.55011E-03
 7.55908E-03
 7.56805E-03
 7.57701E-03
 7.58598E-03
 7.59492E-03
 7.60389E-03
 7.61285E-03
 7.62182E-03
 7.63078E-03
 7.63975E-03
 7.64872E-03
 7.65769E-03
 7.66665E-03
 7.67562E-03
 7.68459E-03
 7.69355E-03
 7.70252E-03
 7.71149E-03
 7.72046E-03
 7.72942E-03
 7.73839E-03
 7.74736E-03
 7.75633E-03
 7.76530E-03
 7.77427E-03
 7.78323E-03
 7.79220E-03
 7.80117E-03
 7.81014E-03
 7.81911E-03
 7.82808E-03
 7.83703E-03
 7.84597E-03
 7.85494E-03
 7.86391E-03
 7.87288E-03
 7.88185E-03
 7.89082E-03
 7.89979E-03
 7.90876E-03
 7.91771E-03
 7.92668E-03
 7.93565E-03
 7.94462E-03
 7.95359E-03
 7.96257E-03
 7.97151E-03
 7.98049E-03
 7.98946E-03
 7.99843E-03
 8.00740E-03
 8.01637E-03
 8.02534E-03
 8.03432E-03
 8.04329E-03
 8.05224E-03
 8.06121E-03
 8.07018E-03
 8.07916E-03
 8.08813E-03
 8.09710E-03
 8.10608E-03
 8.11505E-03
 8.12402E-03
 8.13300E-03
 8.14197E-03
 8.15094E-03
 8.15992E-03
 8.16889E-03
 8.17787E-03
 8.18684E-03
 8.19581E-03
 8.20479E-03
 8.21376E-03
 8.22274E-03
 8.23171E-03
 8.24069E-03
 8.24966E-03
 8.25864E-03
 8.26761E-03
 8.27659E-03
 8.28554E-03
 8.29452E-03
 8.30349E-03
 8.31247E-03
 8.32145E-03
 8.33042E-03
 8.33940E-03
 8.34837E-03
 8.35735E-03
 8.36630E-03
 8.37528E-03
 8.38426E-03
 8.39324E-03
 8.40221E-03
 8.41119E-03
 8.42017E-03
 8.42915E-03
 8.43812E-03
 8.44710E-03
 8.45605E-03
 8.46503E-03
 8.47401E-03
 8.48299E-03
 8.49192E-03
 8.50090E-03
 8.50988E-03
 8.51886E-03
 8.52784E-03
 8.53682E-03
 8.54579E-03
 8.55477E-03
 8.56375E-03
 8.57273E-03
 8.58171E-03
 8.59069E-03
 8.59967E-03
 8.60861E-03
 8.61758E-03
 8.62657E-03
 8.63555E-03
 8.64453E-03
 8.65351E-03
 8.66249E-03
 8.67147E-03
 8.68045E-03
 8.68943E-03
 8.69841E-03
 8.70739E-03
 8.71635E-03
 8.72533E-03
 8.73432E-03
 8.74330E-03
 8.75228E-03
 8.76126E-03
 8.77024E-03
 8.77923E-03
 8.78821E-03
 8.79719E-03
 8.80615E-03
 8.81511E-03
 8.82409E-03
 8.83308E-03
 8.84206E-03
 8.85104E-03
 8.86003E-03
 8.86901E-03
 8.87799E-03
 8.88695E-03
 8.89594E-03
 8.90492E-03
 8.91390E-03
 8.92289E-03
 8.93187E-03
 8.94086E-03
 8.94982E-03
 8.95878E-03
 8.96776E-03
 8.97675E-03
 8.98573E-03
 8.99472E-03
 9.00370E-03
 9.01269E-03
 9.02167E-03
 9.03066E-03
 9.03964E-03
 9.04863E-03
 9.05762E-03
 9.06660E-03
 9.07559E-03
 9.08457E-03
 9.09354E-03
 9.10252E-03
 9.11148E-03
 9.12047E-03
 9.12946E-03
 9.13844E-03
 9.14743E-03
 9.15642E-03
 9.16540E-03
 9.17439E-03
 9.18338E-03
 9.19236E-03
 9.20135E-03
 9.21034E-03
 9.21933E-03
 9.22831E-03
 9.23730E-03
 9.24629E-03
 9.25528E-03
 9.26426E-03
 9.27325E-03
 9.28224E-03
 9.29123E-03
 9.30022E-03
 9.30921E-03
 9.31819E-03
 9.32718E-03
 9.33617E-03
 9.34516E-03
 9.35415E-03
 9.36314E-03
 9.37213E-03
 9.38112E-03
 9.39011E-03
 9.39910E-03
 9.40808E-03
 9.41708E-03
 9.42606E-03
 9.43506E-03
 9.44404E-03
 9.45304E-03
 9.46202E-03
 9.47102E-03
 9.48000E-03
 9.48897E-03
 9.49796E-03
 9.50695E-03
 9.51594E-03
 9.52494E-03
 9.53390E-03
 9.54289E-03
 9.55188E-03
 9.56088E-03
 9.56987E-03
 9.57886E-03
 9.58785E-03
 9.59684E-03
 9.60583E-03
 9.61483E-03
 9.62382E-03
 9.63281E-03
 9.64180E-03
 9.65079E-03
 9.65978E-03
 9.66878E-03
 9.67778E-03
 9.68675E-03
 9.69575E-03
 9.70475E-03
 9.71375E-03
 9.72274E-03
 9.73172E-03
 9.74072E-03
 9.74972E-03
 9.75871E-03
 9.76771E-03
 9.77671E-03
 9.78571E-03
 9.79471E-03
 9.80371E-03
 9.81270E-03
 9.82170E-03
 9.83070E-03
 9.83970E-03
 9.84870E-03
 9.85770E-03
 9.86670E-03
 9.87570E-03
 9.88469E-03
 9.89369E-03
 9.90269E-03
 9.91169E-03
 9.92068E-03
 9.92968E-03
 9.93866E-03
 9.94765E-03
 9.95663E-03
 9.96563E-03
 9.97460E-03
 9.98360E-03
 9.99260E-03
 1.00016E-02
 1.00105E-02
 1.00195E-02
 1.00285E-02
 1.00375E-02
 1.00465E-02
 1.00555E-02
 1.00645E-02
 1.00735E-02
 1.00825E-02
 1.00915E-02
 1.01005E-02
 1.01095E-02
 1.01185E-02
 1.01275E-02
 1.01365E-02
 1.01455E-02
 1.01545E-02
 1.01635E-02
 1.01725E-02
 1.01815E-02
 1.01904E-02
 1.01995E-02
 1.02085E-02
 1.02174E-02
 1.02264E-02
 1.02354E-02
 1.02444E-02
 1.02534E-02
 1.02624E-02
 1.02714E-02
 1.02804E-02
 1.02894E-02
 1.02984E-02
 1.03074E-02
 1.03164E-02
 1.03254E-02
 1.03344E-02
 1.03434E-02
 1.03524E-02
 1.03614E-02
 1.03703E-02
 1.03793E-02
 1.03883E-02
 1.03973E-02
 1.04063E-02
 1.04153E-02
 1.04243E-02
 1.04333E-02
 1.04423E-02
 1.04513E-02
 1.04603E-02
 1.04693E-02
 1.04783E-02
 1.04873E-02
 1.04963E-02
 1.05052E-02
 1.05142E-02
 1.05232E-02
 1.05322E-02
 1.05412E-02
 1.05502E-02
 1.05592E-02
 1.05682E-02
 1.05772E-02
 1.05862E-02
 1.05952E-02
 1.06042E-02
 1.06132E-02
 1.06222E-02
 1.06312E-02
 1.06401E-02
 1.06491E-02
 1.06581E-02
 1.06671E-02
 1.06761E-02
 1.06851E-02
 1.06941E-02
 1.07031E-02
 1.07121E-02
 1.07211E-02
 1.07301E-02
 1.07391E-02
 1.07480E-02
 1.07570E-02
 1.07660E-02
 1.07750E-02
 1.07840E-02
 1.07930E-02
 1.08020E-02
 1.08110E-02
 1.08200E-02
 1.08290E-02
 1.08379E-02
 1.08469E-02
 1.08559E-02
 1.08649E-02
 1.08739E-02
 1.08829E-02
 1.08919E-02
 1.09009E-02
 1.09099E-02
 1.09189E-02
 1.09279E-02
 1.09369E-02
 1.09459E-02
 1.09548E-02
 1.09638E-02
 1.09728E-02
 1.09818E-02
 1.09908E-02
 1.09998E-02
 1.10088E-02
 1.10178E-02
 1.10268E-02
 1.10358E-02
 1.10448E-02
 1.10538E-02
 1.10628E-02
 1.10718E-02
 1.10808E-02
 1.10898E-02
 1.10988E-02
 1.11078E-02
 1.11168E-02
 1.11258E-02
 1.11348E-02
 1.11438E-02
 1.11527E-02
 1.11617E-02
 1.11707E-02
 1.11797E-02
 1.11887E-02
 1.11977E-02
 1.12067E-02
 1.12157E-02
 1.12247E-02
 1.12337E-02
 1.12427E-02
 1.12517E-02
 1.12607E-02
 1.12697E-02
 1.12787E-02
 1.12877E-02
 1.12967E-02
 1.13057E-02
 1.13146E-02
 1.13236E-02
 1.13326E-02
 1.13416E-02
 1.13506E-02
 1.13596E-02
 1.13686E-02
 1.13776E-02
 1.13866E-02
 1.13956E-02
 1.14046E-02
 1.14136E-02
 1.14226E-02
 1.14316E-02
 1.14406E-02
 1.14496E-02
 1.14586E-02
 1.14676E-02
 1.14766E-02
 1.14855E-02
 1.14945E-02
 1.15035E-02
 1.15125E-02
 1.15215E-02
 1.15305E-02
 1.15395E-02
 1.15485E-02
 1.15575E-02
 1.15665E-02
 1.15754E-02
 1.15844E-02
 1.15934E-02
 1.16024E-02
 1.16114E-02
 1.16204E-02
 1.16294E-02
 1.16384E-02
 1.16474E-02
 1.16564E-02
 1.16654E-02
 1.16744E-02
 1.16833E-02
 1.16923E-02
 1.17013E-02
 1.17103E-02
 1.17193E-02
 1.17283E-02
 1.17373E-02
 1.17463E-02
 1.17553E-02
 1.17643E-02
 1.17733E-02
 1.17823E-02
 1.17913E-02
 1.18003E-02
 1.18093E-02
 1.18182E-02
 1.18272E-02
 1.18362E-02
 1.18452E-02
 1.18542E-02
 1.18632E-02
 1.18722E-02
 1.18812E-02
 1.18902E-02
 1.18992E-02
 1.19082E-02
 1.19172E-02
 1.19262E-02
 1.19352E-02
 1.19442E-02
 1.19531E-02
 1.19621E-02
 1.19711E-02
 1.19801E-02
 1.19891E-02
 1.19981E-02
 1.20071E-02
 1.20161E-02
 1.20251E-02
 1.20341E-02
 1.20431E-02
 1.20521E-02
 1.20611E-02
 1.20701E-02
 1.20791E-02
 1.20881E-02
 1.20971E-02
 1.21061E-02
 1.21151E-02
 1.21241E-02
 1.21331E-02
 1.21421E-02
 1.21511E-02
 1.21600E-02
 1.21690E-02
 1.21780E-02
 1.21870E-02
 1.21960E-02
 1.22050E-02
 1.22140E-02
 1.22230E-02
 1.22320E-02
 1.22410E-02
 1.22500E-02
 1.22590E-02
 1.22680E-02
 1.22770E-02
 1.22860E-02
 1.22949E-02
 1.23039E-02
 1.23129E-02
 1.23219E-02
 1.23309E-02
 1.23399E-02
 1.23489E-02
 1.23579E-02
 1.23669E-02
 1.23759E-02
 1.23849E-02
 1.23939E-02
 1.24029E-02
 1.24119E-02
 1.24209E-02
 1.24299E-02
 1.24389E-02
 1.24479E-02
 1.24569E-02
 1.24659E-02
 1.24749E-02
 1.24839E-02
 1.24929E-02
 1.25018E-02
 1.25108E-02
 1.25198E-02
 1.25288E-02
 1.25378E-02
 1.25468E-02
 1.25558E-02
 1.25648E-02
 1.25738E-02
 1.25828E-02
 1.25918E-02
 1.26008E-02
 1.26098E-02
 1.26188E-02
 1.26278E-02
 1.26368E-02
 1.26458E-02
 1.26548E-02
 1.26638E-02
 1.26728E-02
 1.26818E-02
 1.26908E-02
 1.26997E-02
 1.27087E-02
 1.27177E-02
 1.27267E-02
 1.27357E-02
 1.27447E-02
 1.27537E-02
 1.27627E-02
 1.27717E-02
 1.27807E-02
 1.27897E-02
 1.27987E-02
 1.28077E-02
 1.28167E-02
 1.28257E-02
 1.28347E-02
 1.28437E-02
 1.28527E-02
 1.28617E-02
 1.28707E-02
 1.28797E-02
 1.28887E-02
 1.28977E-02
 1.29067E-02
 1.29157E-02
 1.29247E-02
 1.29337E-02
 1.29427E-02
 1.29517E-02
 1.29607E-02
 1.29696E-02
 1.29786E-02
 1.29876E-02
 1.29966E-02
 1.30056E-02
 1.30146E-02
 1.30236E-02
 1.30326E-02
 1.30416E-02
 1.30506E-02
 1.30596E-02
 1.30686E-02
 1.30776E-02
 1.30866E-02
 1.30956E-02
 1.31046E-02
 1.31136E-02
 1.31226E-02
 1.31316E-02
 1.31406E-02
 1.31496E-02
 1.31585E-02
 1.31675E-02
 1.31765E-02
 1.31855E-02
 1.31945E-02
 1.32035E-02
 1.32125E-02
 1.32215E-02
 1.32305E-02
 1.32395E-02
 1.32485E-02
 1.32575E-02
 1.32665E-02
 1.32755E-02
 1.32845E-02
 1.32935E-02
 1.33025E-02
 1.33115E-02
 1.33205E-02
 1.33295E-02
 1.33385E-02
 1.33475E-02
 1.33564E-02
 1.33654E-02
 1.33744E-02
 1.33834E-02
 1.33924E-02
 1.34014E-02
 1.34104E-02
 1.34194E-02
 1.34284E-02
 1.34374E-02
 1.34464E-02
 1.34554E-02
 1.34644E-02
 1.34734E-02
 1.34824E-02
 1.34914E-02
 1.35004E-02
 1.35093E-02
 1.35183E-02
 1.35273E-02
 1.35363E-02
 1.35453E-02
 1.35543E-02
 1.35633E-02
 1.35723E-02
 1.35813E-02
 1.35903E-02
 1.35993E-02
 1.36083E-02
 1.36173E-02
 1.36263E-02
 1.36353E-02
 1.36443E-02
 1.36533E-02
 1.36623E-02
 1.36713E-02
 1.36803E-02
 1.36893E-02
 1.36983E-02
 1.37073E-02
 1.37162E-02
 1.37252E-02
 1.37342E-02
 1.37432E-02
 1.37522E-02
 1.37612E-02
 1.37702E-02
 1.37792E-02
 1.37882E-02
 1.37972E-02
 1.38062E-02
 1.38151E-02
 1.38241E-02
 1.38331E-02
 1.38421E-02
 1.38511E-02
 1.38601E-02
 1.38691E-02
 1.38781E-02
 1.38871E-02
 1.38961E-02
 1.39051E-02
 1.39141E-02
 1.39231E-02
 1.39321E-02
 1.39411E-02
 1.39501E-02
 1.39591E-02
 1.39681E-02
 1.39771E-02
 1.39861E-02
 1.39951E-02
 1.40041E-02
 1.40131E-02
 1.40221E-02
 1.40311E-02
 1.40401E-02
 1.40490E-02
 1.40580E-02
 1.40670E-02
 1.40760E-02
 1.40850E-02
 1.40940E-02
 1.41030E-02
 1.41120E-02
 1.41210E-02
 1.41300E-02
 1.41390E-02
 1.41480E-02
 1.41570E-02
 1.41660E-02
 1.41750E-02
 1.41840E-02
 1.41930E-02
 1.42020E-02
 1.42110E-02
 1.42200E-02
 1.42290E-02
 1.42380E-02
 1.42470E-02
 1.42559E-02
 1.42649E-02
 1.42739E-02
 1.42829E-02
 1.42919E-02
 1.43009E-02
 1.43099E-02
 1.43189E-02
 1.43279E-02
 1.43369E-02
 1.43459E-02
 1.43549E-02
 1.43639E-02
 1.43729E-02
 1.43819E-02
 1.43909E-02
 1.43999E-02
 1.44089E-02
 1.44179E-02
 1.44269E-02
 1.44358E-02
 1.44448E-02
 1.44538E-02
 1.44628E-02
 1.44718E-02
 1.44808E-02
 1.44898E-02
 1.44988E-02
 1.45078E-02
 1.45168E-02
 1.45258E-02
 1.45348E-02
 1.45438E-02
 1.45527E-02
 1.45617E-02
 1.45707E-02
 1.45797E-02
 1.45887E-02
 1.45977E-02
 1.46067E-02
 1.46157E-02
 1.46247E-02
 1.46337E-02
 1.46427E-02
 1.46517E-02
 1.46606E-02
 1.46696E-02
 1.46786E-02
 1.46876E-02
 1.46966E-02
 1.47056E-02
 1.47146E-02
 1.47236E-02
 1.47326E-02
 1.47416E-02
 1.47506E-02
 1.47596E-02
 1.47686E-02
 1.47776E-02
 1.47866E-02
 1.47956E-02
 1.48046E-02
 1.48136E-02
 1.48226E-02
 1.48315E-02
 1.48405E-02
 1.48495E-02
 1.48585E-02
 1.48675E-02
 1.48765E-02
 1.48855E-02
 1.48945E-02
 1.49035E-02
 1.49125E-02
 1.49215E-02
 1.49305E-02
 1.49395E-02
 1.49484E-02
 1.49574E-02
 1.49664E-02
 1.49754E-02
 1.49844E-02
 1.49934E-02
 1.50024E-02
 1.50114E-02
 1.50204E-02
 1.50294E-02
 1.50384E-02
 1.50474E-02
 1.50564E-02
 1.50654E-02
 1.50744E-02
 1.50834E-02
 1.50923E-02
 1.51013E-02
 1.51103E-02
 1.51193E-02
 1.51283E-02
 1.51373E-02
 1.51463E-02
 1.51553E-02
 1.51643E-02
 1.51733E-02
 1.51823E-02
 1.51913E-02
 1.52002E-02
 1.52092E-02
 1.52182E-02
 1.52272E-02
 1.52362E-02
 1.52452E-02
 1.52542E-02
 1.52632E-02
 1.52721E-02
 1.52811E-02
 1.52901E-02
 1.52991E-02
 1.53081E-02
 1.53171E-02
 1.53261E-02
 1.53351E-02
 1.53441E-02
 1.53531E-02
 1.53620E-02
 1.53710E-02
 1.53800E-02
 1.53890E-02
 1.53980E-02
 1.54070E-02
 1.54160E-02
 1.54250E-02
 1.54340E-02
 1.54430E-02
 1.54520E-02
 1.54610E-02
 1.54700E-02
 1.54789E-02
 1.54879E-02
 1.54969E-02
 1.55059E-02
 1.55149E-02
 1.55239E-02
 1.55329E-02
 1.55419E-02
 1.55509E-02
 1.55599E-02
 1.55689E-02
 1.55779E-02
 1.55868E-02
 1.55958E-02
 1.56048E-02
 1.56138E-02
