 0.00000E+00
 7.65512E-06
 1.54993E-05
 2.33758E-05
 3.12893E-05
 3.92258E-05
 4.71997E-05
 5.51993E-05
 6.32318E-05
 7.12922E-05
 7.93875E-05
 8.75050E-05
 9.56589E-05
 1.03820E-04
 1.12013E-04
 1.20226E-04
 1.28456E-04
 1.36711E-04
 1.44981E-04
 1.53275E-04
 1.61578E-04
 1.69901E-04
 1.78246E-04
 1.86603E-04
 1.94973E-04
 2.03355E-04
 2.11756E-04
 2.20165E-04
 2.28592E-04
 2.37032E-04
 2.45474E-04
 2.53938E-04
 2.62410E-04
 2.70887E-04
 2.79380E-04
 2.87882E-04
 2.96391E-04
 3.04910E-04
 3.13436E-04
 3.21974E-04
 3.30520E-04
 3.39071E-04
 3.47634E-04
 3.56207E-04
 3.64780E-04
 3.73364E-04
 3.81947E-04
 3.90541E-04
 3.99140E-04
 4.07743E-04
 4.16358E-04
 4.24969E-04
 4.33583E-04
 4.42207E-04
 4.50837E-04
 4.59465E-04
 4.68108E-04
 4.76748E-04
 4.85390E-04
 4.94042E-04
 5.02694E-04
 5.11351E-04
 5.20004E-04
 5.28669E-04
 5.37335E-04
 5.46006E-04
 5.54671E-04
 5.63342E-04
 5.72024E-04
 5.80702E-04
 5.89386E-04
 5.98072E-04
 6.06761E-04
 6.15453E-04
 6.24132E-04
 6.32824E-04
 6.41524E-04
 6.50217E-04
 6.58919E-04
 6.67617E-04
 6.76324E-04
 6.85025E-04
 6.93729E-04
 7.02450E-04
 7.11153E-04
 7.19863E-04
 7.28579E-04
 7.37292E-04
 7.46015E-04
 7.54730E-04
 7.63447E-04
 7.72166E-04
 7.80890E-04
 7.89612E-04
 7.98346E-04
 8.07072E-04
 8.15802E-04
 8.24537E-04
 8.33259E-04
 8.42000E-04
 8.50723E-04
 8.59460E-04
 8.68198E-04
 8.76941E-04
 8.85675E-04
 8.94412E-04
 9.03145E-04
 9.11890E-04
 9.20629E-04
 9.29380E-04
 9.38115E-04
 9.46866E-04
 9.55604E-04
 9.64356E-04
 9.73091E-04
 9.81848E-04
 9.90595E-04
 9.99354E-04
 1.00810E-03
 1.01685E-03
 1.02560E-03
 1.03435E-03
 1.04310E-03
 1.05186E-03
 1.06061E-03
 1.06937E-03
 1.07813E-03
 1.08689E-03
 1.09565E-03
 1.10442E-03
 1.11317E-03
 1.12193E-03
 1.13068E-03
 1.13944E-03
 1.14821E-03
 1.15697E-03
 1.16575E-03
 1.17450E-03
 1.18328E-03
 1.19205E-03
 1.20080E-03
 1.20958E-03
 1.21834E-03
 1.22712E-03
 1.23589E-03
 1.24465E-03
 1.25343E-03
 1.26220E-03
 1.27097E-03
 1.27975E-03
 1.28852E-03
 1.29730E-03
 1.30607E-03
 1.31485E-03
 1.32363E-03
 1.33241E-03
 1.34118E-03
 1.34996E-03
 1.35874E-03
 1.36751E-03
 1.37630E-03
 1.38508E-03
 1.39386E-03
 1.40265E-03
 1.41143E-03
 1.42022E-03
 1.42901E-03
 1.43780E-03
 1.44659E-03
 1.45537E-03
 1.46416E-03
 1.47295E-03
 1.48173E-03
 1.49052E-03
 1.49931E-03
 1.50811E-03
 1.51690E-03
 1.52570E-03
 1.53449E-03
 1.54329E-03
 1.55209E-03
 1.56088E-03
 1.56968E-03
 1.57848E-03
 1.58727E-03
 1.59607E-03
 1.60486E-03
 1.61366E-03
 1.62247E-03
 1.63126E-03
 1.64007E-03
 1.64887E-03
 1.65767E-03
 1.66648E-03
 1.67528E-03
 1.68409E-03
 1.69290E-03
 1.70170E-03
 1.71052E-03
 1.71932E-03
 1.72812E-03
 1.73693E-03
 1.74573E-03
 1.75454E-03
 1.76335E-03
 1.77216E-03
 1.78098E-03
 1.78979E-03
 1.79860E-03
 1.80741E-03
 1.81621E-03
 1.82503E-03
 1.83385E-03
 1.84266E-03
 1.85148E-03
 1.86029E-03
 1.86912E-03
 1.87794E-03
 1.88675E-03
 1.89556E-03
 1.90439E-03
 1.91320E-03
 1.92202E-03
 1.93085E-03
 1.93966E-03
 1.94849E-03
 1.95732E-03
 1.96613E-03
 1.97495E-03
 1.98378E-03
 1.99260E-03
 2.00142E-03
 2.01025E-03
 2.01908E-03
 2.02790E-03
 2.03673E-03
 2.04555E-03
 2.05437E-03
 2.06320E-03
 2.07203E-03
 2.08087E-03
 2.08970E-03
 2.09852E-03
 2.10736E-03
 2.11620E-03
 2.12503E-03
 2.13386E-03
 2.14269E-03
 2.15152E-03
 2.16035E-03
 2.16918E-03
 2.17802E-03
 2.18685E-03
 2.19569E-03
 2.20453E-03
 2.21337E-03
 2.22220E-03
 2.23104E-03
 2.23988E-03
 2.24872E-03
 2.25755E-03
 2.26640E-03
 2.27523E-03
 2.28408E-03
 2.29293E-03
 2.30178E-03
 2.31061E-03
 2.31945E-03
 2.32829E-03
 2.33713E-03
 2.34597E-03
 2.35482E-03
 2.36367E-03
 2.37251E-03
 2.38135E-03
 2.39020E-03
 2.39905E-03
 2.40790E-03
 2.41674E-03
 2.42559E-03
 2.43445E-03
 2.44329E-03
 2.45213E-03
 2.46098E-03
 2.46984E-03
 2.47869E-03
 2.48754E-03
 2.49639E-03
 2.50525E-03
 2.51410E-03
 2.52294E-03
 2.53180E-03
 2.54066E-03
 2.54951E-03
 2.55837E-03
 2.56722E-03
 2.57608E-03
 2.58492E-03
 2.59378E-03
 2.60264E-03
 2.61151E-03
 2.62036E-03
 2.62921E-03
 2.63807E-03
 2.64692E-03
 2.65578E-03
 2.66471E-03
 2.67363E-03
 2.68255E-03
 2.69147E-03
 2.70040E-03
 2.70932E-03
 2.71822E-03
 2.72714E-03
 2.73607E-03
 2.74499E-03
 2.75390E-03
 2.76282E-03
 2.77174E-03
 2.78066E-03
 2.78958E-03
 2.79851E-03
 2.80742E-03
 2.81632E-03
 2.82523E-03
 2.83415E-03
 2.84307E-03
 2.85198E-03
 2.86090E-03
 2.86981E-03
 2.87873E-03
 2.88764E-03
 2.89655E-03
 2.90547E-03
 2.91437E-03
 2.92329E-03
 2.93220E-03
 2.94111E-03
 2.95002E-03
 2.95893E-03
 2.96784E-03
 2.97676E-03
 2.98567E-03
 2.99459E-03
 3.00350E-03
 3.01241E-03
 3.02132E-03
 3.03023E-03
 3.03914E-03
 3.04805E-03
 3.05696E-03
 3.06587E-03
 3.07477E-03
 3.08367E-03
 3.09258E-03
 3.10150E-03
 3.11041E-03
 3.11931E-03
 3.12821E-03
 3.13712E-03
 3.14603E-03
 3.15494E-03
 3.16385E-03
 3.17276E-03
 3.18167E-03
 3.19057E-03
 3.19948E-03
 3.20839E-03
 3.21730E-03
 3.22621E-03
 3.23511E-03
 3.24402E-03
 3.25293E-03
 3.26183E-03
 3.27074E-03
 3.27965E-03
 3.28857E-03
 3.29747E-03
 3.30637E-03
 3.31527E-03
 3.32418E-03
 3.33309E-03
 3.34199E-03
 3.35090E-03
 3.35981E-03
 3.36871E-03
 3.37762E-03
 3.38653E-03
 3.39544E-03
 3.40435E-03
 3.41325E-03
 3.42214E-03
 3.43105E-03
 3.43996E-03
 3.44887E-03
 3.45778E-03
 3.46668E-03
 3.47559E-03
 3.48449E-03
 3.49340E-03
 3.50231E-03
 3.51122E-03
 3.52011E-03
 3.52901E-03
 3.53792E-03
 3.54682E-03
 3.55573E-03
 3.56464E-03
 3.57355E-03
 3.58246E-03
 3.59138E-03
 3.60028E-03
 3.60919E-03
 3.61809E-03
 3.62699E-03
 3.63589E-03
 3.64479E-03
 3.65371E-03
 3.66262E-03
 3.67153E-03
 3.68043E-03
 3.68934E-03
 3.69824E-03
 3.70716E-03
 3.71607E-03
 3.72497E-03
 3.73387E-03
 3.74277E-03
 3.75168E-03
 3.76059E-03
 3.76949E-03
 3.77840E-03
 3.78731E-03
 3.79622E-03
 3.80513E-03
 3.81403E-03
 3.82293E-03
 3.83184E-03
 3.84075E-03
 3.84966E-03
 3.85856E-03
 3.86748E-03
 3.87639E-03
 3.88531E-03
 3.89421E-03
 3.90310E-03
 3.91201E-03
 3.92092E-03
 3.92984E-03
 3.93876E-03
 3.94766E-03
 3.95657E-03
 3.96548E-03
 3.97439E-03
 3.98330E-03
 3.99221E-03
 4.00112E-03
 4.01003E-03
 4.01894E-03
 4.02785E-03
 4.03676E-03
 4.04567E-03
 4.05458E-03
 4.06348E-03
 4.07239E-03
 4.08130E-03
 4.09021E-03
 4.09912E-03
 4.10803E-03
 4.11694E-03
 4.12585E-03
 4.13477E-03
 4.14367E-03
 4.15258E-03
 4.16149E-03
 4.17040E-03
 4.17931E-03
 4.18822E-03
 4.19712E-03
 4.20604E-03
 4.21496E-03
 4.22388E-03
 4.23278E-03
 4.24169E-03
 4.25060E-03
 4.25951E-03
 4.26843E-03
 4.27735E-03
 4.28626E-03
 4.29516E-03
 4.30407E-03
 4.31299E-03
 4.32190E-03
 4.33082E-03
 4.33973E-03
 4.34865E-03
 4.35757E-03
 4.36648E-03
 4.37539E-03
 4.38431E-03
 4.39322E-03
 4.40213E-03
 4.41105E-03
 4.41996E-03
 4.42887E-03
 4.43778E-03
 4.44670E-03
 4.45561E-03
 4.46453E-03
 4.47345E-03
 4.48236E-03
 4.49128E-03
 4.50020E-03
 4.50911E-03
 4.51802E-03
 4.52693E-03
 4.53586E-03
 4.54478E-03
 4.55369E-03
 4.56260E-03
 4.57152E-03
 4.58044E-03
 4.58936E-03
 4.59828E-03
 4.60720E-03
 4.61611E-03
 4.62502E-03
 4.63393E-03
 4.64285E-03
 4.65177E-03
 4.66069E-03
 4.66961E-03
 4.67852E-03
 4.68743E-03
 4.69634E-03
 4.70526E-03
 4.71419E-03
 4.72312E-03
 4.73204E-03
 4.74095E-03
 4.74987E-03
 4.75879E-03
 4.76771E-03
 4.77664E-03
 4.78556E-03
 4.79447E-03
 4.80339E-03
 4.81231E-03
 4.82123E-03
 4.83015E-03
 4.83907E-03
 4.84800E-03
 4.85692E-03
 4.86584E-03
 4.87476E-03
 4.88369E-03
 4.89261E-03
 4.90153E-03
 4.91045E-03
 4.91937E-03
 4.92829E-03
 4.93721E-03
 4.94613E-03
 4.95505E-03
 4.96398E-03
 4.97290E-03
 4.98182E-03
 4.99075E-03
 4.99967E-03
 5.00859E-03
 5.01751E-03
 5.02644E-03
 5.03537E-03
 5.04429E-03
 5.05321E-03
 5.06214E-03
 5.07106E-03
 5.07999E-03
 5.08891E-03
 5.09783E-03
 5.10675E-03
 5.11568E-03
 5.12461E-03
 5.13354E-03
 5.14247E-03
 5.15139E-03
 5.16032E-03
 5.16925E-03
 5.17818E-03
 5.18711E-03
 5.19603E-03
 5.20495E-03
 5.21387E-03
 5.22280E-03
 5.23173E-03
 5.24066E-03
 5.24958E-03
 5.25851E-03
 5.26744E-03
 5.27636E-03
 5.28529E-03
 5.29421E-03
 5.30314E-03
 5.31207E-03
 5.32100E-03
 5.32993E-03
 5.33886E-03
 5.34779E-03
 5.35671E-03
 5.36564E-03
 5.37457E-03
 5.38351E-03
 5.39244E-03
 5.40136E-03
 5.41028E-03
 5.41921E-03
 5.42814E-03
 5.43708E-03
 5.44602E-03
 5.45495E-03
 5.46388E-03
 5.47281E-03
 5.48174E-03
 5.49067E-03
 5.49960E-03
 5.50853E-03
 5.51746E-03
 5.52639E-03
 5.53533E-03
 5.54426E-03
 5.55319E-03
 5.56211E-03
 5.57105E-03
 5.58002E-03
 5.58899E-03
 5.59796E-03
 5.60693E-03
 5.61589E-03
 5.62486E-03
 5.63383E-03
 5.64280E-03
 5.65177E-03
 5.66074E-03
 5.66970E-03
 5.67866E-03
 5.68763E-03
 5.69660E-03
 5.70557E-03
 5.71454E-03
 5.72351E-03
 5.73247E-03
 5.74144E-03
 5.75040E-03
 5.75937E-03
 5.76833E-03
 5.77729E-03
 5.78625E-03
 5.79522E-03
 5.80419E-03
 5.81316E-03
 5.82213E-03
 5.83110E-03
 5.84006E-03
 5.84902E-03
 5.85799E-03
 5.86697E-03
 5.87594E-03
 5.88490E-03
 5.89387E-03
 5.90283E-03
 5.91180E-03
 5.92076E-03
 5.92972E-03
 5.93868E-03
 5.94765E-03
 5.95662E-03
 5.96559E-03
 5.97455E-03
 5.98351E-03
 5.99247E-03
 6.00144E-03
 6.01041E-03
 6.01937E-03
 6.02832E-03
 6.03728E-03
 6.04624E-03
 6.05521E-03
 6.06418E-03
 6.07316E-03
 6.08213E-03
 6.09110E-03
 6.10005E-03
 6.10900E-03
 6.11797E-03
 6.12694E-03
 6.13590E-03
 6.14487E-03
 6.15383E-03
 6.16280E-03
 6.17176E-03
 6.18073E-03
 6.18969E-03
 6.19865E-03
 6.20762E-03
 6.21658E-03
 6.22554E-03
 6.23451E-03
 6.24347E-03
 6.25244E-03
 6.26141E-03
 6.27038E-03
 6.27935E-03
 6.28831E-03
 6.29727E-03
 6.30624E-03
 6.31521E-03
 6.32418E-03
 6.33314E-03
 6.34211E-03
 6.35107E-03
 6.36003E-03
 6.36899E-03
 6.37795E-03
 6.38691E-03
 6.39588E-03
 6.40485E-03
 6.41382E-03
 6.42279E-03
 6.43175E-03
 6.44071E-03
 6.44967E-03
 6.45863E-03
 6.46760E-03
 6.47658E-03
 6.48555E-03
 6.49452E-03
 6.50348E-03
 6.51243E-03
 6.52139E-03
 6.53035E-03
 6.53932E-03
 6.54829E-03
 6.55726E-03
 6.56622E-03
 6.57517E-03
 6.58413E-03
 6.59309E-03
 6.60206E-03
 6.61103E-03
 6.62000E-03
 6.62897E-03
 6.63794E-03
 6.64690E-03
 6.65586E-03
 6.66483E-03
 6.67379E-03
 6.68275E-03
 6.69172E-03
 6.70070E-03
 6.70967E-03
 6.71864E-03
 6.72761E-03
 6.73657E-03
 6.74553E-03
 6.75449E-03
 6.76346E-03
 6.77242E-03
 6.78139E-03
 6.79034E-03
 6.79930E-03
 6.80826E-03
 6.81723E-03
 6.82621E-03
 6.83518E-03
 6.84416E-03
 6.85312E-03
 6.86209E-03
 6.87105E-03
 6.88001E-03
 6.88898E-03
 6.89795E-03
 6.90691E-03
 6.91587E-03
 6.92483E-03
 6.93380E-03
 6.94276E-03
 6.95173E-03
 6.96070E-03
 6.96966E-03
 6.97863E-03
 6.98759E-03
 6.99656E-03
 7.00554E-03
 7.01451E-03
 7.02348E-03
 7.03245E-03
 7.04141E-03
 7.05038E-03
 7.05935E-03
 7.06832E-03
 7.07729E-03
 7.08625E-03
 7.09522E-03
 7.10418E-03
 7.11315E-03
 7.12211E-03
 7.13109E-03
 7.14005E-03
 7.14901E-03
 7.15798E-03
 7.16695E-03
 7.17592E-03
 7.18489E-03
 7.19386E-03
 7.20283E-03
 7.21180E-03
 7.22077E-03
 7.22973E-03
 7.23870E-03
 7.24767E-03
 7.25664E-03
 7.26563E-03
 7.27463E-03
 7.28363E-03
 7.29262E-03
 7.30161E-03
 7.31060E-03
 7.31960E-03
 7.32859E-03
 7.33759E-03
 7.34659E-03
 7.35558E-03
 7.36458E-03
 7.37357E-03
 7.38257E-03
 7.39156E-03
 7.40056E-03
 7.40955E-03
 7.41855E-03
 7.42755E-03
 7.43655E-03
 7.44554E-03
 7.45454E-03
 7.46354E-03
 7.47254E-03
 7.48153E-03
 7.49052E-03
 7.49951E-03
 7.50850E-03
 7.51750E-03
 7.52650E-03
 7.53550E-03
 7.54449E-03
 7.55348E-03
 7.56248E-03
 7.57147E-03
 7.58047E-03
 7.58946E-03
 7.59845E-03
 7.60744E-03
 7.61643E-03
 7.62543E-03
 7.63442E-03
 7.64341E-03
 7.65241E-03
 7.66141E-03
 7.67041E-03
 7.67940E-03
 7.68840E-03
 7.69739E-03
 7.70638E-03
 7.71537E-03
 7.72436E-03
 7.73335E-03
 7.74235E-03
 7.75135E-03
 7.76035E-03
 7.76934E-03
 7.77833E-03
 7.78732E-03
 7.79631E-03
 7.80530E-03
 7.81429E-03
 7.82329E-03
 7.83229E-03
 7.84128E-03
 7.85027E-03
 7.85926E-03
 7.86824E-03
 7.87723E-03
 7.88623E-03
 7.89523E-03
 7.90424E-03
 7.91323E-03
 7.92223E-03
 7.93121E-03
 7.94021E-03
 7.94920E-03
 7.95819E-03
 7.96718E-03
 7.97618E-03
 7.98517E-03
 7.99416E-03
 8.00316E-03
 8.01215E-03
 8.02114E-03
 8.03014E-03
 8.03914E-03
 8.04813E-03
 8.05712E-03
 8.06611E-03
 8.07510E-03
 8.08410E-03
 8.09309E-03
 8.10208E-03
 8.11108E-03
 8.12007E-03
 8.12906E-03
 8.13806E-03
 8.14706E-03
 8.15605E-03
 8.16504E-03
 8.17404E-03
 8.18303E-03
 8.19202E-03
 8.20100E-03
 8.21000E-03
 8.21899E-03
 8.22798E-03
 8.23698E-03
 8.24597E-03
 8.25497E-03
 8.26397E-03
 8.27296E-03
 8.28195E-03
 8.29094E-03
 8.29993E-03
 8.30892E-03
 8.31792E-03
 8.32692E-03
 8.33591E-03
 8.34490E-03
 8.35390E-03
 8.36289E-03
 8.37188E-03
 8.38087E-03
 8.38985E-03
 8.39885E-03
 8.40784E-03
 8.41683E-03
 8.42582E-03
 8.43482E-03
 8.44381E-03
 8.45281E-03
 8.46180E-03
 8.47079E-03
 8.47979E-03
 8.48878E-03
 8.49777E-03
 8.50676E-03
 8.51575E-03
 8.52475E-03
 8.53373E-03
 8.54273E-03
 8.55173E-03
 8.56073E-03
 8.56973E-03
 8.57873E-03
 8.58772E-03
 8.59671E-03
 8.60570E-03
 8.61469E-03
 8.62368E-03
 8.63268E-03
 8.64168E-03
 8.65068E-03
 8.65967E-03
 8.66866E-03
 8.67765E-03
 8.68664E-03
 8.69563E-03
 8.70462E-03
 8.71362E-03
 8.72262E-03
 8.73162E-03
 8.74061E-03
 8.74961E-03
 8.75861E-03
 8.76760E-03
 8.77659E-03
 8.78559E-03
 8.79458E-03
 8.80358E-03
 8.81257E-03
 8.82156E-03
 8.83056E-03
 8.83956E-03
 8.84855E-03
 8.85754E-03
 8.86653E-03
 8.87552E-03
 8.88452E-03
 8.89351E-03
 8.90251E-03
 8.91152E-03
 8.92052E-03
 8.92951E-03
 8.93850E-03
 8.94749E-03
 8.95648E-03
 8.96548E-03
 8.97447E-03
 8.98346E-03
 8.99246E-03
 9.00146E-03
 9.01045E-03
 9.01944E-03
 9.02844E-03
 9.03744E-03
 9.04643E-03
 9.05543E-03
 9.06442E-03
 9.07341E-03
 9.08241E-03
 9.09140E-03
 9.10040E-03
 9.10939E-03
 9.11839E-03
 9.12738E-03
 9.13638E-03
 9.14538E-03
 9.15440E-03
 9.16342E-03
 9.17245E-03
 9.18147E-03
 9.19049E-03
 9.19951E-03
 9.20852E-03
 9.21754E-03
 9.22656E-03
 9.23558E-03
 9.24461E-03
 9.25363E-03
 9.26265E-03
 9.27166E-03
 9.28068E-03
 9.28970E-03
 9.29872E-03
 9.30775E-03
 9.31677E-03
 9.32580E-03
 9.33482E-03
 9.34384E-03
 9.35286E-03
 9.36188E-03
 9.37090E-03
 9.37992E-03
 9.38894E-03
 9.39795E-03
 9.40696E-03
 9.41598E-03
 9.42500E-03
 9.43401E-03
 9.44303E-03
 9.45205E-03
 9.46107E-03
 9.47008E-03
 9.47910E-03
 9.48812E-03
 9.49714E-03
 9.50616E-03
 9.51517E-03
 9.52419E-03
 9.53321E-03
 9.54223E-03
 9.55125E-03
 9.56027E-03
 9.56929E-03
 9.57832E-03
 9.58734E-03
 9.59636E-03
 9.60538E-03
 9.61438E-03
 9.62339E-03
 9.63241E-03
 9.64143E-03
 9.65045E-03
 9.65948E-03
 9.66851E-03
 9.67753E-03
 9.68656E-03
 9.69558E-03
 9.70460E-03
 9.71362E-03
 9.72263E-03
 9.73164E-03
 9.74066E-03
 9.74968E-03
 9.75869E-03
 9.76771E-03
 9.77673E-03
 9.78574E-03
 9.79476E-03
 9.80378E-03
 9.81281E-03
 9.82184E-03
 9.83086E-03
 9.83987E-03
 9.84888E-03
 9.85789E-03
 9.86691E-03
 9.87592E-03
 9.88494E-03
 9.89396E-03
 9.90299E-03
 9.91203E-03
 9.92107E-03
 9.93011E-03
 9.93915E-03
 9.94819E-03
 9.95724E-03
 9.96628E-03
 9.97531E-03
 9.98435E-03
 9.99338E-03
 1.00024E-02
 1.00115E-02
 1.00205E-02
 1.00295E-02
 1.00386E-02
 1.00476E-02
 1.00567E-02
 1.00657E-02
 1.00747E-02
 1.00838E-02
 1.00928E-02
 1.01018E-02
 1.01109E-02
 1.01199E-02
 1.01290E-02
 1.01380E-02
 1.01470E-02
 1.01561E-02
 1.01651E-02
 1.01741E-02
 1.01832E-02
 1.01922E-02
 1.02012E-02
 1.02103E-02
 1.02193E-02
 1.02283E-02
 1.02374E-02
 1.02464E-02
 1.02554E-02
 1.02645E-02
 1.02735E-02
 1.02825E-02
 1.02915E-02
 1.03006E-02
 1.03096E-02
 1.03187E-02
 1.03277E-02
 1.03367E-02
 1.03458E-02
 1.03548E-02
 1.03638E-02
 1.03728E-02
 1.03819E-02
 1.03909E-02
 1.03999E-02
 1.04090E-02
 1.04180E-02
 1.04270E-02
 1.04361E-02
 1.04451E-02
 1.04541E-02
 1.04631E-02
 1.04722E-02
 1.04812E-02
 1.04902E-02
 1.04992E-02
 1.05083E-02
 1.05173E-02
 1.05264E-02
 1.05354E-02
 1.05444E-02
 1.05534E-02
 1.05624E-02
 1.05715E-02
 1.05805E-02
 1.05895E-02
 1.05986E-02
 1.06076E-02
 1.06166E-02
 1.06256E-02
 1.06347E-02
 1.06437E-02
 1.06527E-02
 1.06617E-02
 1.06708E-02
 1.06798E-02
 1.06888E-02
 1.06979E-02
 1.07069E-02
 1.07159E-02
 1.07249E-02
 1.07339E-02
 1.07430E-02
 1.07520E-02
 1.07610E-02
 1.07700E-02
 1.07791E-02
 1.07881E-02
 1.07971E-02
 1.08061E-02
 1.08152E-02
 1.08242E-02
 1.08332E-02
 1.08422E-02
 1.08513E-02
 1.08603E-02
 1.08693E-02
 1.08783E-02
 1.08874E-02
 1.08964E-02
 1.09054E-02
 1.09144E-02
 1.09234E-02
 1.09324E-02
 1.09415E-02
 1.09505E-02
 1.09595E-02
 1.09685E-02
 1.09775E-02
 1.09866E-02
 1.09956E-02
 1.10046E-02
 1.10136E-02
 1.10226E-02
 1.10317E-02
 1.10407E-02
 1.10497E-02
 1.10587E-02
 1.10677E-02
 1.10768E-02
 1.10858E-02
 1.10948E-02
 1.11038E-02
 1.11128E-02
 1.11218E-02
 1.11309E-02
 1.11399E-02
 1.11489E-02
 1.11579E-02
 1.11669E-02
 1.11760E-02
 1.11850E-02
 1.11940E-02
 1.12030E-02
 1.12120E-02
 1.12210E-02
 1.12301E-02
 1.12391E-02
 1.12481E-02
 1.12571E-02
 1.12661E-02
 1.12752E-02
 1.12842E-02
 1.12932E-02
 1.13022E-02
 1.13112E-02
 1.13203E-02
 1.13293E-02
 1.13383E-02
 1.13473E-02
 1.13563E-02
 1.13653E-02
 1.13743E-02
 1.13833E-02
 1.13924E-02
 1.14014E-02
 1.14104E-02
 1.14194E-02
 1.14284E-02
 1.14375E-02
 1.14465E-02
 1.14555E-02
 1.14645E-02
 1.14735E-02
 1.14825E-02
 1.14916E-02
 1.15006E-02
 1.15096E-02
 1.15186E-02
 1.15276E-02
 1.15366E-02
 1.15456E-02
 1.15546E-02
 1.15637E-02
 1.15727E-02
 1.15817E-02
 1.15907E-02
 1.15997E-02
 1.16087E-02
 1.16177E-02
 1.16268E-02
 1.16358E-02
 1.16448E-02
 1.16538E-02
 1.16628E-02
 1.16719E-02
 1.16809E-02
 1.16899E-02
 1.16989E-02
 1.17079E-02
 1.17169E-02
 1.17259E-02
 1.17349E-02
 1.17439E-02
 1.17529E-02
 1.17619E-02
 1.17710E-02
 1.17800E-02
 1.17890E-02
 1.17980E-02
 1.18070E-02
 1.18160E-02
 1.18250E-02
 1.18341E-02
 1.18431E-02
 1.18521E-02
 1.18611E-02
 1.18701E-02
 1.18791E-02
 1.18881E-02
 1.18971E-02
 1.19062E-02
 1.19152E-02
 1.19242E-02
 1.19332E-02
 1.19422E-02
 1.19512E-02
 1.19602E-02
 1.19692E-02
 1.19782E-02
 1.19872E-02
 1.19963E-02
 1.20053E-02
 1.20143E-02
 1.20233E-02
 1.20323E-02
 1.20413E-02
 1.20503E-02
 1.20593E-02
 1.20683E-02
 1.20774E-02
 1.20864E-02
 1.20954E-02
 1.21044E-02
 1.21134E-02
 1.21224E-02
 1.21314E-02
 1.21404E-02
 1.21494E-02
 1.21584E-02
 1.21674E-02
 1.21765E-02
 1.21855E-02
 1.21945E-02
 1.22035E-02
 1.22125E-02
 1.22215E-02
 1.22305E-02
 1.22395E-02
 1.22485E-02
 1.22575E-02
 1.22665E-02
 1.22756E-02
 1.22846E-02
 1.22936E-02
 1.23026E-02
 1.23116E-02
 1.23206E-02
 1.23296E-02
 1.23386E-02
 1.23476E-02
 1.23566E-02
 1.23656E-02
 1.23746E-02
 1.23837E-02
 1.23927E-02
 1.24017E-02
 1.24107E-02
 1.24197E-02
 1.24287E-02
 1.24377E-02
 1.24467E-02
 1.24557E-02
 1.24647E-02
 1.24737E-02
 1.24827E-02
 1.24917E-02
 1.25007E-02
 1.25097E-02
 1.25187E-02
 1.25278E-02
 1.25368E-02
 1.25458E-02
 1.25548E-02
 1.25638E-02
 1.25728E-02
 1.25818E-02
 1.25908E-02
 1.25998E-02
 1.26088E-02
 1.26178E-02
 1.26269E-02
 1.26359E-02
 1.26449E-02
 1.26539E-02
 1.26629E-02
 1.26719E-02
 1.26809E-02
 1.26899E-02
 1.26989E-02
 1.27079E-02
 1.27169E-02
 1.27259E-02
 1.27349E-02
 1.27439E-02
 1.27530E-02
 1.27620E-02
 1.27710E-02
 1.27800E-02
 1.27890E-02
 1.27980E-02
 1.28070E-02
 1.28160E-02
 1.28250E-02
 1.28340E-02
 1.28430E-02
 1.28520E-02
 1.28610E-02
 1.28700E-02
 1.28790E-02
 1.28880E-02
 1.28970E-02
 1.29061E-02
 1.29151E-02
 1.29241E-02
 1.29331E-02
 1.29421E-02
 1.29511E-02
 1.29601E-02
 1.29691E-02
 1.29781E-02
 1.29871E-02
 1.29961E-02
 1.30051E-02
 1.30141E-02
 1.30232E-02
 1.30322E-02
 1.30412E-02
 1.30502E-02
 1.30593E-02
 1.30683E-02
 1.30773E-02
 1.30863E-02
 1.30954E-02
 1.31044E-02
 1.31134E-02
 1.31225E-02
 1.31315E-02
 1.31406E-02
 1.31496E-02
 1.31587E-02
 1.31677E-02
 1.31768E-02
 1.31858E-02
 1.31948E-02
 1.32039E-02
 1.32129E-02
 1.32220E-02
 1.32310E-02
 1.32400E-02
 1.32491E-02
 1.32581E-02
 1.32672E-02
 1.32762E-02
 1.32853E-02
 1.32943E-02
 1.33034E-02
 1.33124E-02
 1.33214E-02
 1.33304E-02
 1.33395E-02
 1.33485E-02
 1.33576E-02
 1.33666E-02
 1.33757E-02
 1.33847E-02
 1.33938E-02
 1.34028E-02
 1.34118E-02
 1.34209E-02
 1.34299E-02
 1.34389E-02
 1.34480E-02
 1.34570E-02
 1.34660E-02
 1.34751E-02
 1.34841E-02
 1.34932E-02
 1.35022E-02
 1.35112E-02
 1.35203E-02
 1.35293E-02
 1.35383E-02
 1.35474E-02
 1.35564E-02
 1.35655E-02
 1.35745E-02
 1.35835E-02
 1.35926E-02
 1.36016E-02
 1.36106E-02
 1.36197E-02
 1.36287E-02
 1.36377E-02
 1.36468E-02
 1.36558E-02
 1.36648E-02
 1.36739E-02
 1.36829E-02
 1.36919E-02
 1.37010E-02
 1.37100E-02
 1.37190E-02
 1.37281E-02
 1.37371E-02
 1.37461E-02
 1.37551E-02
 1.37642E-02
 1.37732E-02
 1.37822E-02
 1.37913E-02
 1.38003E-02
 1.38093E-02
 1.38184E-02
 1.38274E-02
 1.38364E-02
 1.38455E-02
 1.38545E-02
 1.38635E-02
 1.38725E-02
 1.38816E-02
 1.38906E-02
 1.38996E-02
 1.39087E-02
 1.39177E-02
 1.39267E-02
 1.39357E-02
 1.39448E-02
 1.39538E-02
 1.39628E-02
 1.39719E-02
 1.39809E-02
 1.39899E-02
 1.39990E-02
 1.40080E-02
 1.40170E-02
 1.40260E-02
 1.40351E-02
 1.40441E-02
 1.40531E-02
 1.40621E-02
 1.40712E-02
 1.40802E-02
 1.40892E-02
 1.40983E-02
 1.41073E-02
 1.41163E-02
 1.41253E-02
 1.41344E-02
 1.41434E-02
 1.41524E-02
 1.41614E-02
 1.41705E-02
 1.41795E-02
 1.41885E-02
 1.41975E-02
 1.42065E-02
 1.42156E-02
 1.42246E-02
 1.42336E-02
 1.42426E-02
 1.42517E-02
 1.42607E-02
 1.42697E-02
 1.42787E-02
 1.42878E-02
 1.42968E-02
 1.43058E-02
 1.43148E-02
 1.43239E-02
 1.43329E-02
 1.43419E-02
 1.43509E-02
 1.43599E-02
 1.43690E-02
 1.43780E-02
 1.43870E-02
 1.43960E-02
 1.44050E-02
 1.44141E-02
 1.44231E-02
 1.44321E-02
 1.44411E-02
 1.44502E-02
 1.44592E-02
 1.44682E-02
 1.44772E-02
 1.44862E-02
 1.44952E-02
 1.45043E-02
 1.45133E-02
 1.45223E-02
 1.45313E-02
 1.45404E-02
 1.45494E-02
 1.45584E-02
 1.45674E-02
 1.45764E-02
 1.45855E-02
 1.45945E-02
 1.46035E-02
 1.46125E-02
 1.46215E-02
 1.46306E-02
 1.46396E-02
 1.46486E-02
 1.46576E-02
 1.46666E-02
 1.46756E-02
 1.46847E-02
 1.46937E-02
 1.47027E-02
 1.47117E-02
 1.47207E-02
 1.47297E-02
 1.47388E-02
 1.47478E-02
 1.47568E-02
 1.47658E-02
 1.47748E-02
 1.47839E-02
 1.47929E-02
 1.48019E-02
 1.48109E-02
 1.48199E-02
 1.48289E-02
 1.48379E-02
 1.48470E-02
 1.48560E-02
 1.48650E-02
 1.48740E-02
 1.48830E-02
 1.48921E-02
 1.49011E-02
 1.49101E-02
 1.49191E-02
 1.49281E-02
 1.49371E-02
 1.49461E-02
 1.49552E-02
 1.49642E-02
 1.49732E-02
 1.49822E-02
 1.49912E-02
 1.50002E-02
 1.50092E-02
 1.50182E-02
 1.50273E-02
 1.50363E-02
 1.50453E-02
 1.50543E-02
 1.50633E-02
 1.50723E-02
 1.50813E-02
 1.50903E-02
 1.50993E-02
 1.51084E-02
 1.51174E-02
 1.51264E-02
 1.51354E-02
 1.51444E-02
 1.51534E-02
 1.51624E-02
 1.51714E-02
 1.51805E-02
 1.51895E-02
 1.51985E-02
 1.52075E-02
 1.52165E-02
 1.52255E-02
 1.52345E-02
 1.52435E-02
 1.52525E-02
 1.52616E-02
 1.52706E-02
 1.52796E-02
 1.52886E-02
 1.52976E-02
 1.53066E-02
 1.53156E-02
 1.53246E-02
 1.53336E-02
 1.53426E-02
 1.53516E-02
 1.53607E-02
 1.53697E-02
 1.53787E-02
 1.53877E-02
 1.53967E-02
 1.54057E-02
 1.54147E-02
 1.54237E-02
 1.54327E-02
 1.54418E-02
 1.54508E-02
 1.54598E-02
 1.54688E-02
 1.54778E-02
 1.54868E-02
 1.54958E-02
 1.55048E-02
 1.55138E-02
 1.55228E-02
 1.55319E-02
 1.55409E-02
 1.55499E-02
 1.55589E-02
 1.55679E-02
 1.55769E-02
 1.55859E-02
 1.55949E-02
 1.56039E-02
 1.56129E-02
 1.56219E-02
 1.56309E-02
 1.56399E-02
 1.56489E-02
