 2.01202E+06
 5.00000E-01
 5.00000E-01
 2.01256E+06
 5.02921E-01
 4.97079E-01
 2.01269E+06
 5.05809E-01
 4.94191E-01
 2.01276E+06
 5.08720E-01
 4.91280E-01
 2.01280E+06
 5.11658E-01
 4.88342E-01
 2.01283E+06
 5.14625E-01
 4.85375E-01
 2.01285E+06
 5.17622E-01
 4.82378E-01
 2.01286E+06
 5.20652E-01
 4.79348E-01
 2.01287E+06
 5.23716E-01
 4.76284E-01
 2.01287E+06
 5.26814E-01
 4.73186E-01
 2.01287E+06
 5.29947E-01
 4.70053E-01
 2.01287E+06
 5.33118E-01
 4.66882E-01
 2.01288E+06
 5.36325E-01
 4.63675E-01
 2.01288E+06
 5.39572E-01
 4.60428E-01
 2.01288E+06
 5.42857E-01
 4.57143E-01
 2.01288E+06
 5.46184E-01
 4.53816E-01
 2.01288E+06
 5.49552E-01
 4.50448E-01
 2.01288E+06
 5.52963E-01
 4.47037E-01
 2.01288E+06
 5.56417E-01
 4.43583E-01
 2.01288E+06
 5.59916E-01
 4.40084E-01
 2.01287E+06
 5.63462E-01
 4.36538E-01
 2.01287E+06
 5.67054E-01
 4.32946E-01
 2.01287E+06
 5.70695E-01
 4.29305E-01
 2.01287E+06
 5.74386E-01
 4.25614E-01
 2.01287E+06
 5.78143E-01
 4.21857E-01
 2.01287E+06
 5.81916E-01
 4.18084E-01
 2.01287E+06
 5.85722E-01
 4.14278E-01
 2.01287E+06
 5.89567E-01
 4.10433E-01
 2.01287E+06
 5.93521E-01
 4.06479E-01
 2.01287E+06
 5.97528E-01
 4.02472E-01
 2.01287E+06
 6.01472E-01
 3.98528E-01
 2.01287E+06
 6.05423E-01
 3.94577E-01
 2.01287E+06
 6.09387E-01
 3.90613E-01
 2.01287E+06
 6.13528E-01
 3.86472E-01
 2.01287E+06
 6.17727E-01
 3.82273E-01
 2.01287E+06
 6.21986E-01
 3.78014E-01
 2.01287E+06
 6.26308E-01
 3.73692E-01
 2.01287E+06
 6.30694E-01
 3.69306E-01
 2.01287E+06
 6.35147E-01
 3.64853E-01
 2.01287E+06
 6.39669E-01
 3.60331E-01
 2.01287E+06
 6.44262E-01
 3.55738E-01
 2.01287E+06
 6.48929E-01
 3.51071E-01
 2.01287E+06
 6.53672E-01
 3.46328E-01
 2.01287E+06
 6.58494E-01
 3.41506E-01
 2.01287E+06
 6.63398E-01
 3.36602E-01
 2.01287E+06
 6.68385E-01
 3.31615E-01
 2.01287E+06
 6.73459E-01
 3.26541E-01
 2.01287E+06
 6.78623E-01
 3.21377E-01
 2.01287E+06
 6.83880E-01
 3.16120E-01
 2.01287E+06
 6.89232E-01
 3.10768E-01
 2.01287E+06
 6.94683E-01
 3.05317E-01
 2.01287E+06
 7.00236E-01
 2.99764E-01
 2.01287E+06
 7.05896E-01
 2.94104E-01
 2.01287E+06
 7.11664E-01
 2.88336E-01
 2.01287E+06
 7.17545E-01
 2.82455E-01
 2.01287E+06
 7.23544E-01
 2.76456E-01
 2.01287E+06
 7.29663E-01
 2.70337E-01
 2.01287E+06
 7.35907E-01
 2.64093E-01
 2.01287E+06
 7.42281E-01
 2.57719E-01
 2.01287E+06
 7.48789E-01
 2.51211E-01
 2.01287E+06
 7.55436E-01
 2.44564E-01
 2.01287E+06
 7.62227E-01
 2.37773E-01
 2.01287E+06
 7.69167E-01
 2.30833E-01
 2.01287E+06
 7.76262E-01
 2.23738E-01
 2.01287E+06
 7.83517E-01
 2.16483E-01
 2.01287E+06
 7.90938E-01
 2.09062E-01
 2.01287E+06
 7.98532E-01
 2.01468E-01
 2.01287E+06
 8.06305E-01
 1.93695E-01
 2.01287E+06
 8.14264E-01
 1.85736E-01
 2.01287E+06
 8.22417E-01
 1.77583E-01
 2.01287E+06
 8.30770E-01
 1.69230E-01
 2.01287E+06
 8.39332E-01
 1.60668E-01
 2.01286E+06
 8.48111E-01
 1.51889E-01
 2.01286E+06
 8.57116E-01
 1.42884E-01
 2.01286E+06
 8.66357E-01
 1.33643E-01
 2.01286E+06
 8.75842E-01
 1.24158E-01
 2.01286E+06
 8.85582E-01
 1.14418E-01
 2.01286E+06
 8.95587E-01
 1.04413E-01
 2.01286E+06
 9.05870E-01
 9.41302E-02
 2.01286E+06
 9.16441E-01
 8.35594E-02
 2.01286E+06
 9.27312E-01
 7.26882E-02
 2.01286E+06
 9.38496E-01
 6.15039E-02
 2.01286E+06
 9.50006E-01
 4.99936E-02
 2.01286E+06
 9.61856E-01
 3.81440E-02
 2.01285E+06
 9.72770E-01
 2.72301E-02
 2.01285E+06
 9.80578E-01
 1.94222E-02
 2.01285E+06
 9.86169E-01
 1.38310E-02
 2.01285E+06
 9.90152E-01
 9.84813E-03
 2.01285E+06
 9.92996E-01
 7.00447E-03
 2.01285E+06
 9.95017E-01
 4.98306E-03
 2.01285E+06
 9.96458E-01
 3.54201E-03
 2.01285E+06
 9.97481E-01
 2.51870E-03
 2.01286E+06
 9.98210E-01
 1.78976E-03
 2.01285E+06
 9.98728E-01
 1.27239E-03
 2.01286E+06
 9.99096E-01
 9.04004E-04
 2.01286E+06
 9.99357E-01
 6.42599E-04
 2.01286E+06
 9.99543E-01
 4.56517E-04
 2.01286E+06
 9.99676E-01
 3.24486E-04
 2.01286E+06
 9.99769E-01
 2.30513E-04
 2.01286E+06
 9.99836E-01
 1.63838E-04
 2.01286E+06
 9.99884E-01
 1.16387E-04
 2.01286E+06
 9.99917E-01
 8.27202E-05
 2.01286E+06
 9.99941E-01
 5.87622E-05
 2.01286E+06
 9.99958E-01
 4.17633E-05
 2.01286E+06
 9.99970E-01
 2.96674E-05
 2.01286E+06
 9.99979E-01
 2.10847E-05
 2.01286E+06
 9.99985E-01
 1.49779E-05
 2.01286E+06
 9.99989E-01
 1.06446E-05
 2.01286E+06
 9.99992E-01
 7.56160E-06
 2.01286E+06
 9.99995E-01
 5.37388E-06
 2.01286E+06
 9.99996E-01
 3.81742E-06
 2.01286E+06
 9.99997E-01
 2.71293E-06
 2.01286E+06
 9.99998E-01
 1.92717E-06
 2.01286E+06
 9.99999E-01
 1.36956E-06
 2.01286E+06
 9.99999E-01
 9.72890E-07
 2.01286E+06
 9.99999E-01
 6.91384E-07
 2.01286E+06
 1.00000E+00
 4.91135E-07
 2.01286E+06
 1.00000E+00
 3.49020E-07
 2.01286E+06
 1.00000E+00
 2.47932E-07
 2.01286E+06
 1.00000E+00
 1.76188E-07
 2.01286E+06
 1.00000E+00
 1.25158E-07
 2.01286E+06
 1.00000E+00
 8.89399E-08
 2.01286E+06
 1.00000E+00
 6.31799E-08
 2.01285E+06
 1.00000E+00
 4.48964E-08
 2.01286E+06
 1.00000E+00
 3.18928E-08
 2.01286E+06
 1.00000E+00
 2.26631E-08
 2.01286E+06
 1.00000E+00
 1.60991E-08
 2.01286E+06
 1.00000E+00
 1.14399E-08
 2.01286E+06
 1.00000E+00
 8.12655E-09
 2.01286E+06
 1.00000E+00
 5.77461E-09
 2.01286E+06
 1.00000E+00
 4.10209E-09
 2.01285E+06
 1.00000E+00
 2.91485E-09
 2.01286E+06
 1.00000E+00
 2.07061E-09
 2.01286E+06
 1.00000E+00
 1.47131E-09
 2.01286E+06
 1.00000E+00
 1.04517E-09
 2.01286E+06
 1.00000E+00
 7.42658E-10
 2.01286E+06
 1.00000E+00
 5.27559E-10
 2.01286E+06
 1.00000E+00
 3.74860E-10
 2.01286E+06
 1.00000E+00
 2.66288E-10
 2.01286E+06
 1.00000E+00
 1.89210E-10
 2.01286E+06
 1.00000E+00
 1.34408E-10
 2.01286E+06
 1.00000E+00
 9.55025E-11
 2.01286E+06
 1.00000E+00
 6.78417E-11
 2.01286E+06
 1.00000E+00
 4.82038E-11
 2.01286E+06
 1.00000E+00
 3.42423E-11
 2.01286E+06
 1.00000E+00
 2.43301E-11
 2.01286E+06
 1.00000E+00
 1.72832E-11
 2.01286E+06
 1.00000E+00
 1.22801E-11
 2.01286E+06
 1.00000E+00
 8.72335E-12
 2.01286E+06
 1.00000E+00
 6.19805E-12
 2.01286E+06
 1.00000E+00
 4.40289E-12
 2.01286E+06
 1.00000E+00
 3.12828E-12
 2.01286E+06
 1.00000E+00
 2.22222E-12
 2.01286E+06
 1.00000E+00
 1.57889E-12
 2.01286E+06
 1.00000E+00
 1.12159E-12
 2.01286E+06
 1.00000E+00
 7.96883E-13
 2.01286E+06
 1.00000E+00
 5.66078E-13
 2.01286E+06
 1.00000E+00
 4.02144E-13
 2.01286E+06
 1.00000E+00
 2.85669E-13
 2.01286E+06
 1.00000E+00
 2.02940E-13
 2.01286E+06
 1.00000E+00
 1.44162E-13
 2.01286E+06
 1.00000E+00
 1.02413E-13
 2.01286E+06
 1.00000E+00
 7.27503E-14
 2.01286E+06
 1.00000E+00
 5.16818E-14
 2.01286E+06
 1.00000E+00
 3.67129E-14
 2.01286E+06
 1.00000E+00
 2.60808E-14
 2.01286E+06
 1.00000E+00
 1.85269E-14
 2.01286E+06
 1.00000E+00
 1.31614E-14
 2.01286E+06
 1.00000E+00
 9.34941E-15
 2.01286E+06
 1.00000E+00
 6.64177E-15
 2.01286E+06
 1.00000E+00
 4.71808E-15
 2.01286E+06
 1.00000E+00
 3.35169E-15
 2.01286E+06
 1.00000E+00
 2.38092E-15
 2.01286E+06
 1.00000E+00
 1.69139E-15
 2.01286E+06
 1.00000E+00
 1.20150E-15
 2.01286E+06
 1.00000E+00
 8.53533E-16
 2.01286E+06
 1.00000E+00
 6.06320E-16
 2.01286E+06
 1.00000E+00
 4.30723E-16
 2.01286E+06
 1.00000E+00
 3.05970E-16
 2.01286E+06
 1.00000E+00
 2.17357E-16
 2.01286E+06
 1.00000E+00
 1.54403E-16
 2.01286E+06
 1.00000E+00
 1.09686E-16
 2.01286E+06
 1.00000E+00
 7.79167E-17
 2.01285E+06
 1.00000E+00
 5.53508E-17
 2.01285E+06
 1.00000E+00
 3.93193E-17
 2.01285E+06
 1.00000E+00
 2.79317E-17
 2.01285E+06
 1.00000E+00
 1.98417E-17
 2.01285E+06
 1.00000E+00
 1.40952E-17
 2.01285E+06
 1.00000E+00
 1.00127E-17
 2.01285E+06
 1.00000E+00
 7.11284E-18
 2.01285E+06
 1.00000E+00
 5.05271E-18
 2.01285E+06
 1.00000E+00
 3.58934E-18
 2.01285E+06
 1.00000E+00
 2.54974E-18
 2.01285E+06
 1.00000E+00
 1.81128E-18
 2.01285E+06
 1.00000E+00
 1.28667E-18
 2.01285E+06
 1.00000E+00
 9.14020E-19
 2.01285E+06
 1.00000E+00
 6.49287E-19
 2.01285E+06
 1.00000E+00
 4.61238E-19
 2.01285E+06
 1.00000E+00
 3.27647E-19
 2.01285E+06
 1.00000E+00
 2.32752E-19
 2.01285E+06
 1.00000E+00
 1.65339E-19
 2.01285E+06
 1.00000E+00
 1.17453E-19
 2.01285E+06
 1.00000E+00
 8.34341E-20
 2.01285E+06
 1.00000E+00
 5.92694E-20
 2.01285E+06
 1.00000E+00
 4.21029E-20
 2.01285E+06
 1.00000E+00
 2.99087E-20
 2.01285E+06
 1.00000E+00
 2.12461E-20
 2.01285E+06
 1.00000E+00
 1.50926E-20
 2.01285E+06
 1.00000E+00
 1.07213E-20
 2.01285E+06
 1.00000E+00
 7.61606E-21
 2.01285E+06
 1.00000E+00
 5.41018E-21
 2.01285E+06
 1.00000E+00
 3.84323E-21
 2.01285E+06
 1.00000E+00
 2.73009E-21
 2.01285E+06
 1.00000E+00
 1.93938E-21
 2.01285E+06
 1.00000E+00
 1.37766E-21
 2.01285E+06
 1.00000E+00
 9.78649E-22
 2.01285E+06
 1.00000E+00
 6.95197E-22
 2.01285E+06
 1.00000E+00
 4.93846E-22
 2.01285E+06
 1.00000E+00
 3.50811E-22
 2.01285E+06
 1.00000E+00
 2.49204E-22
 2.01285E+06
 1.00000E+00
 1.77026E-22
 2.01285E+06
 1.00000E+00
 1.25753E-22
 2.01285E+06
 1.00000E+00
 8.93307E-23
 2.01285E+06
 1.00000E+00
 6.34575E-23
 2.01285E+06
 1.00000E+00
 4.50780E-23
 2.01285E+06
 1.00000E+00
 3.20219E-23
 2.01285E+06
 1.00000E+00
 2.27472E-23
 2.01285E+06
 1.00000E+00
 1.61588E-23
 2.01285E+06
 1.00000E+00
 1.14786E-23
 2.01285E+06
 1.00000E+00
 8.15403E-24
 2.01285E+06
 1.00000E+00
 5.79233E-24
 2.01285E+06
 1.00000E+00
 4.11467E-24
 2.01285E+06
 1.00000E+00
 2.92291E-24
 2.01285E+06
 1.00000E+00
 2.07634E-24
 2.01285E+06
 1.00000E+00
 1.47495E-24
 2.01285E+06
 1.00000E+00
 1.04776E-24
 2.01285E+06
 1.00000E+00
 7.44288E-25
 2.01285E+06
 1.00000E+00
 5.28715E-25
 2.01285E+06
 1.00000E+00
 3.75580E-25
 2.01285E+06
 1.00000E+00
 2.66799E-25
 2.01285E+06
 1.00000E+00
 1.89524E-25
 2.01285E+06
 1.00000E+00
 1.34631E-25
 2.01285E+06
 1.00000E+00
 9.56372E-26
 2.01285E+06
 1.00000E+00
 6.79372E-26
 2.01284E+06
 1.00000E+00
 4.82600E-26
 2.01284E+06
 1.00000E+00
 3.42821E-26
 2.01284E+06
 1.00000E+00
 2.43527E-26
 2.01284E+06
 1.00000E+00
 1.72992E-26
 2.01284E+06
 1.00000E+00
 1.22887E-26
 2.01284E+06
 1.00000E+00
 8.72942E-27
 2.01284E+06
 1.00000E+00
 6.20105E-27
 2.01284E+06
 1.00000E+00
 4.40499E-27
 2.01284E+06
 1.00000E+00
 3.12914E-27
 2.01284E+06
 1.00000E+00
 2.22282E-27
 2.01284E+06
 1.00000E+00
 1.57901E-27
 2.01284E+06
 1.00000E+00
 1.12167E-27
 2.01284E+06
 1.00000E+00
 7.96793E-28
 2.01284E+06
 1.00000E+00
 5.66012E-28
 2.01285E+06
 1.00000E+00
 4.02074E-28
 2.01284E+06
 1.00000E+00
 2.85619E-28
 2.01285E+06
 1.00000E+00
 2.02893E-28
 2.01284E+06
 1.00000E+00
 1.44128E-28
 2.01285E+06
 1.00000E+00
 1.02383E-28
 2.01285E+06
 1.00000E+00
 7.27292E-29
 2.01285E+06
 1.00000E+00
 5.16641E-29
 2.01285E+06
 1.00000E+00
 3.67003E-29
 2.01285E+06
 1.00000E+00
 2.60706E-29
 2.01285E+06
 1.00000E+00
 1.85196E-29
 2.01285E+06
 1.00000E+00
 1.31556E-29
 2.01285E+06
 1.00000E+00
 9.34527E-30
 2.01285E+06
 1.00000E+00
 6.63854E-30
 2.01285E+06
 1.00000E+00
 4.71577E-30
 2.01285E+06
 1.00000E+00
 3.34991E-30
 2.01285E+06
 1.00000E+00
 2.37966E-30
 2.01285E+06
 1.00000E+00
 1.69042E-30
 2.01285E+06
 1.00000E+00
 1.20081E-30
 2.01285E+06
 1.00000E+00
 8.53013E-31
 2.01285E+06
 1.00000E+00
 6.05949E-31
 2.01285E+06
 1.00000E+00
 4.30444E-31
 2.01285E+06
 1.00000E+00
 3.05772E-31
 2.01285E+06
 1.00000E+00
 2.17209E-31
 2.01285E+06
 1.00000E+00
 1.54297E-31
 2.01285E+06
 1.00000E+00
 1.09607E-31
 2.01285E+06
 1.00000E+00
 7.78609E-32
 2.01285E+06
 1.00000E+00
 5.53096E-32
 2.01285E+06
 1.00000E+00
 3.92899E-32
 2.01285E+06
 1.00000E+00
 2.79101E-32
 2.01285E+06
 1.00000E+00
 1.98263E-32
 2.01285E+06
 1.00000E+00
 1.40839E-32
 2.01285E+06
 1.00000E+00
 1.00047E-32
 2.01285E+06
 1.00000E+00
 7.10696E-33
 2.01285E+06
 1.00000E+00
 5.04852E-33
 2.01285E+06
 1.00000E+00
 3.58628E-33
 2.01285E+06
 1.00000E+00
 2.54756E-33
 2.01285E+06
 1.00000E+00
 1.80970E-33
 2.01285E+06
 1.00000E+00
 1.28554E-33
 2.01285E+06
 1.00000E+00
 9.13202E-34
 2.01285E+06
 1.00000E+00
 6.48705E-34
 2.01285E+06
 1.00000E+00
 4.60816E-34
 2.01285E+06
 1.00000E+00
 3.27347E-34
 2.01285E+06
 1.00000E+00
 2.32535E-34
 2.01285E+06
 1.00000E+00
 1.65185E-34
 2.01285E+06
 1.00000E+00
 1.17341E-34
 2.01285E+06
 1.00000E+00
 8.33548E-35
 2.01285E+06
 1.00000E+00
 5.92122E-35
 2.01285E+06
 1.00000E+00
 4.20622E-35
 2.01285E+06
 1.00000E+00
 2.98794E-35
 2.01285E+06
 1.00000E+00
 2.12252E-35
 2.01285E+06
 1.00000E+00
 1.50776E-35
 2.01285E+06
 1.00000E+00
 1.07106E-35
 2.01285E+06
 1.00000E+00
 7.60842E-36
 2.01285E+06
 1.00000E+00
 5.40474E-36
 2.01285E+06
 1.00000E+00
 3.83933E-36
 2.01285E+06
 1.00000E+00
 2.72732E-36
 2.01285E+06
 1.00000E+00
 1.93739E-36
 2.01285E+06
 1.00000E+00
 1.37625E-36
 2.01285E+06
 1.00000E+00
 9.77638E-37
 2.01285E+06
 1.00000E+00
 6.94478E-37
 2.01285E+06
 1.00000E+00
 4.93332E-37
 2.01285E+06
 1.00000E+00
 3.50445E-37
 2.01285E+06
 1.00000E+00
 2.48943E-37
 2.01285E+06
 1.00000E+00
 1.76840E-37
 2.01285E+06
 1.00000E+00
 1.25621E-37
 2.01285E+06
 1.00000E+00
 8.92363E-38
 2.01285E+06
 1.00000E+00
 6.33902E-38
 2.01285E+06
 1.00000E+00
 4.50301E-38
 2.01285E+06
 1.00000E+00
 3.19877E-38
 2.01285E+06
 1.00000E+00
 2.27229E-38
 2.01285E+06
 1.00000E+00
 1.61415E-38
 2.01285E+06
 1.00000E+00
 1.14664E-38
 2.01285E+06
 1.00000E+00
 8.14528E-39
 2.01285E+06
 1.00000E+00
 5.78611E-39
 2.01285E+06
 1.00000E+00
 4.11024E-39
 2.01285E+06
 1.00000E+00
 2.91977E-39
 2.01285E+06
 1.00000E+00
 2.07409E-39
 2.01285E+06
 1.00000E+00
 1.47336E-39
 2.01285E+06
 1.00000E+00
 1.04662E-39
 2.01285E+06
 1.00000E+00
 7.43482E-40
 2.01285E+06
 1.00000E+00
 5.28142E-40
 2.01285E+06
 1.00000E+00
 3.75173E-40
 2.01285E+06
 1.00000E+00
 2.66509E-40
 2.01285E+06
 1.00000E+00
 1.89318E-40
 2.01285E+06
 1.00000E+00
 1.34485E-40
 2.01285E+06
 1.00000E+00
 9.55331E-41
 2.01285E+06
 1.00000E+00
 6.78632E-41
 2.01285E+06
 1.00000E+00
 4.82075E-41
 2.01285E+06
 1.00000E+00
 3.42449E-41
 2.01285E+06
 1.00000E+00
 2.43263E-41
 2.01285E+06
 1.00000E+00
 1.72805E-41
 2.01285E+06
 1.00000E+00
 1.22754E-41
 2.01285E+06
 1.00000E+00
 8.72003E-42
 2.01285E+06
 1.00000E+00
 6.19439E-42
 2.01285E+06
 1.00000E+00
 4.40027E-42
 2.01285E+06
 1.00000E+00
 3.12579E-42
 2.01285E+06
 1.00000E+00
 2.22045E-42
 2.01285E+06
 1.00000E+00
 1.57732E-42
 2.01285E+06
 1.00000E+00
 1.12047E-42
 2.01285E+06
 1.00000E+00
 7.95943E-43
 2.01285E+06
 1.00000E+00
 5.65409E-43
 2.01285E+06
 1.00000E+00
 4.01646E-43
 2.01285E+06
 1.00000E+00
 2.85314E-43
 2.01285E+06
 1.00000E+00
 2.02677E-43
 2.01285E+06
 1.00000E+00
 1.43974E-43
 2.01285E+06
 1.00000E+00
 1.02274E-43
 2.01285E+06
 1.00000E+00
 7.26517E-44
 2.01285E+06
 1.00000E+00
 5.16091E-44
 2.01285E+06
 1.00000E+00
 3.66612E-44
 2.01285E+06
 1.00000E+00
 2.60428E-44
 2.01285E+06
 1.00000E+00
 1.84998E-44
 2.01285E+06
 1.00000E+00
 1.31416E-44
 2.01285E+06
 1.00000E+00
 9.33532E-45
 2.01285E+06
 1.00000E+00
 6.63147E-45
 2.01285E+06
 1.00000E+00
 4.71075E-45
 2.01285E+06
 1.00000E+00
 3.34634E-45
 2.01285E+06
 1.00000E+00
 2.37712E-45
 2.01285E+06
 1.00000E+00
 1.68862E-45
 2.01285E+06
 1.00000E+00
 1.19953E-45
 2.01285E+06
 1.00000E+00
 8.52104E-46
 2.01285E+06
 1.00000E+00
 6.05304E-46
 2.01285E+06
 1.00000E+00
 4.29986E-46
 2.01285E+06
 1.00000E+00
 3.05446E-46
 2.01285E+06
 1.00000E+00
 2.16978E-46
 2.01285E+06
 1.00000E+00
 1.54133E-46
 2.01285E+06
 1.00000E+00
 1.09490E-46
 2.01285E+06
 1.00000E+00
 7.77780E-47
 2.01285E+06
 1.00000E+00
 5.52506E-47
 2.01285E+06
 1.00000E+00
 3.92480E-47
 2.01285E+06
 1.00000E+00
 2.78803E-47
 2.01285E+06
 1.00000E+00
 1.98052E-47
 2.01285E+06
 1.00000E+00
 1.40689E-47
 2.01285E+06
 1.00000E+00
 9.99401E-48
 2.01285E+06
 1.00000E+00
 7.09938E-48
 2.01285E+06
 1.00000E+00
 5.04314E-48
 2.01285E+06
 1.00000E+00
 3.58246E-48
 2.01285E+06
 1.00000E+00
 2.54485E-48
 2.01285E+06
 1.00000E+00
 1.80777E-48
 2.01285E+06
 1.00000E+00
 1.28417E-48
 2.01285E+06
 1.00000E+00
 9.12227E-49
 2.01285E+06
 1.00000E+00
 6.48013E-49
 2.01285E+06
 1.00000E+00
 4.60325E-49
 2.01285E+06
 1.00000E+00
 3.26998E-49
 2.01285E+06
 1.00000E+00
 2.32287E-49
 2.01285E+06
 1.00000E+00
 1.65008E-49
 2.01285E+06
 1.00000E+00
 1.17216E-49
 2.01285E+06
 1.00000E+00
 8.32658E-50
 2.01285E+06
 1.00000E+00
 5.91490E-50
 2.01285E+06
 1.00000E+00
 4.20172E-50
 2.01285E+06
 1.00000E+00
 2.98475E-50
 2.01285E+06
 1.00000E+00
 2.12026E-50
 2.01285E+06
 1.00000E+00
 1.50615E-50
 2.01285E+06
 1.00000E+00
 1.06992E-50
 2.01285E+06
 1.00000E+00
 7.60029E-51
 2.01285E+06
 1.00000E+00
 5.39896E-51
 2.01285E+06
 1.00000E+00
 3.83523E-51
 2.01285E+06
 1.00000E+00
 2.72440E-51
 2.01285E+06
 1.00000E+00
 1.93532E-51
 2.01285E+06
 1.00000E+00
 1.37478E-51
 2.01285E+06
 1.00000E+00
 9.76591E-52
 2.01285E+06
 1.00000E+00
 6.93734E-52
 2.01285E+06
 1.00000E+00
 4.92803E-52
 2.01285E+06
 1.00000E+00
 3.50069E-52
 2.01285E+06
 1.00000E+00
 2.48676E-52
 2.01285E+06
 1.00000E+00
 1.76651E-52
 2.01285E+06
 1.00000E+00
 1.25486E-52
 2.01285E+06
 1.00000E+00
 8.91407E-53
 2.01285E+06
 1.00000E+00
 6.33222E-53
 2.01285E+06
 1.00000E+00
 4.49818E-53
 2.01285E+06
 1.00000E+00
 3.19534E-53
 2.01285E+06
 1.00000E+00
 2.26985E-53
 2.01285E+06
 1.00000E+00
 1.61242E-53
 2.01285E+06
 1.00000E+00
 1.14540E-53
 2.01285E+06
 1.00000E+00
 8.13652E-54
 2.01285E+06
 1.00000E+00
 5.77988E-54
 2.01284E+06
 1.00000E+00
 4.10582E-54
 2.01284E+06
 1.00000E+00
 2.91662E-54
 2.01284E+06
 1.00000E+00
 2.07186E-54
 2.01284E+06
 1.00000E+00
 1.47177E-54
 2.01284E+06
 1.00000E+00
 1.04549E-54
 2.01284E+06
 1.00000E+00
 7.42679E-55
 2.01284E+06
 1.00000E+00
 5.27572E-55
 2.01284E+06
 1.00000E+00
 3.74768E-55
 2.01284E+06
 1.00000E+00
 2.66221E-55
 2.01284E+06
 1.00000E+00
 1.89114E-55
 2.01284E+06
 1.00000E+00
 1.34339E-55
 2.01284E+06
 1.00000E+00
 9.54297E-56
 2.01284E+06
 1.00000E+00
 6.77897E-56
 2.01284E+06
 1.00000E+00
 4.81552E-56
 2.01284E+06
 1.00000E+00
 3.42076E-56
 2.01284E+06
 1.00000E+00
 2.42998E-56
 2.01284E+06
 1.00000E+00
 1.72617E-56
 2.01284E+06
 1.00000E+00
 1.22620E-56
 2.01284E+06
 1.00000E+00
 8.71048E-57
 2.01284E+06
 1.00000E+00
 6.18760E-57
 2.01284E+06
 1.00000E+00
 4.39544E-57
 2.01284E+06
 1.00000E+00
 3.12235E-57
 2.01284E+06
 1.00000E+00
 2.21800E-57
 2.01284E+06
 1.00000E+00
 1.57558E-57
 2.01284E+06
 1.00000E+00
 1.11924E-57
 2.01284E+06
 1.00000E+00
 7.95063E-58
 2.01284E+06
 1.00000E+00
 5.64783E-58
 2.01284E+06
 1.00000E+00
 4.01201E-58
 2.01284E+06
 1.00000E+00
 2.84998E-58
 2.01284E+06
 1.00000E+00
 2.02452E-58
 2.01284E+06
 1.00000E+00
 1.43814E-58
 2.01284E+06
 1.00000E+00
 1.02160E-58
 2.01284E+06
 1.00000E+00
 7.25709E-59
 2.01284E+06
 1.00000E+00
 5.15516E-59
 2.01284E+06
 1.00000E+00
 3.66204E-59
 2.01284E+06
 1.00000E+00
 2.60137E-59
 2.01284E+06
 1.00000E+00
 1.84792E-59
 2.01284E+06
 1.00000E+00
 1.31269E-59
 2.01284E+06
 1.00000E+00
 9.32488E-60
 2.01284E+06
 1.00000E+00
 6.62404E-60
 2.01284E+06
 1.00000E+00
 4.70547E-60
 2.01284E+06
 1.00000E+00
 3.34259E-60
 2.01284E+06
 1.00000E+00
 2.37445E-60
 2.01284E+06
 1.00000E+00
 1.68672E-60
 2.01284E+06
 1.00000E+00
 1.19818E-60
 2.01284E+06
 1.00000E+00
 8.51146E-61
 2.01284E+06
 1.00000E+00
 6.04622E-61
 2.01284E+06
 1.00000E+00
 4.29501E-61
 2.01284E+06
 1.00000E+00
 3.05102E-61
 2.01284E+06
 1.00000E+00
 2.16733E-61
 2.01284E+06
 1.00000E+00
 1.53959E-61
 2.01284E+06
 1.00000E+00
 1.09367E-61
 2.01284E+06
 1.00000E+00
 7.76900E-62
 2.01284E+06
 1.00000E+00
 5.51880E-62
 2.01284E+06
 1.00000E+00
 3.92035E-62
 2.01284E+06
 1.00000E+00
 2.78487E-62
 2.01284E+06
 1.00000E+00
 1.97827E-62
 2.01284E+06
 1.00000E+00
 1.40529E-62
 2.01284E+06
 1.00000E+00
 9.98264E-63
 2.01284E+06
 1.00000E+00
 7.09130E-63
 2.01284E+06
 1.00000E+00
 5.03739E-63
 2.01284E+06
 1.00000E+00
 3.57837E-63
 2.01284E+06
 1.00000E+00
 2.54194E-63
 2.01284E+06
 1.00000E+00
 1.80570E-63
 2.01284E+06
 1.00000E+00
 1.28270E-63
 2.01284E+06
 1.00000E+00
 9.11184E-64
 2.01284E+06
 1.00000E+00
 6.47271E-64
 2.01284E+06
 1.00000E+00
 4.59797E-64
 2.01284E+06
 1.00000E+00
 3.26623E-64
 2.01283E+06
 1.00000E+00
 2.32020E-64
 2.01283E+06
 1.00000E+00
 1.64818E-64
 2.01283E+06
 1.00000E+00
 1.17080E-64
 2.01283E+06
 1.00000E+00
 8.31693E-65
 2.01283E+06
 1.00000E+00
 5.90802E-65
 2.01283E+06
 1.00000E+00
 4.19683E-65
 2.01283E+06
 1.00000E+00
 2.98126E-65
 2.01283E+06
 1.00000E+00
 2.11777E-65
 2.01283E+06
 1.00000E+00
 1.50438E-65
 2.01283E+06
 1.00000E+00
 1.06866E-65
 2.01283E+06
 1.00000E+00
 7.59133E-66
 2.01284E+06
 1.00000E+00
 5.39259E-66
 2.01284E+06
 1.00000E+00
 3.83069E-66
 2.01284E+06
 1.00000E+00
 2.72117E-66
 2.01284E+06
 1.00000E+00
 1.93302E-66
 2.01284E+06
 1.00000E+00
 1.37314E-66
 2.01284E+06
 1.00000E+00
 9.75427E-67
 2.01284E+06
 1.00000E+00
 6.92906E-67
 2.01284E+06
 1.00000E+00
 4.92214E-67
 2.01284E+06
 1.00000E+00
 3.49650E-67
 2.01284E+06
 1.00000E+00
 2.48378E-67
 2.01284E+06
 1.00000E+00
 1.76438E-67
 2.01284E+06
 1.00000E+00
 1.25335E-67
 2.01284E+06
 1.00000E+00
 8.90333E-68
 2.01284E+06
 1.00000E+00
 6.32459E-68
 2.01284E+06
 1.00000E+00
 4.49275E-68
 2.01284E+06
 1.00000E+00
 3.19148E-68
 2.01284E+06
 1.00000E+00
 2.26710E-68
 2.01284E+06
 1.00000E+00
 1.61046E-68
 2.01284E+06
 1.00000E+00
 1.14401E-68
 2.01284E+06
 1.00000E+00
 8.12663E-69
 2.01284E+06
 1.00000E+00
 5.77285E-69
 2.01284E+06
 1.00000E+00
 4.10082E-69
 2.01284E+06
 1.00000E+00
 2.91307E-69
 2.01284E+06
 1.00000E+00
 2.06933E-69
 2.01284E+06
 1.00000E+00
 1.46997E-69
 2.01284E+06
 1.00000E+00
 1.04421E-69
 2.01284E+06
 1.00000E+00
 7.41770E-70
 2.01284E+06
 1.00000E+00
 5.26926E-70
 2.01284E+06
 1.00000E+00
 3.74308E-70
 2.01284E+06
 1.00000E+00
 2.65894E-70
 2.01284E+06
 1.00000E+00
 1.88881E-70
 2.01284E+06
 1.00000E+00
 1.34174E-70
 2.01284E+06
 1.00000E+00
 9.53122E-71
 2.01284E+06
 1.00000E+00
 6.77062E-71
 2.01284E+06
 1.00000E+00
 4.80959E-71
 2.01284E+06
 1.00000E+00
 3.41655E-71
 2.01284E+06
 1.00000E+00
 2.42699E-71
 2.01284E+06
 1.00000E+00
 1.72404E-71
 2.01284E+06
 1.00000E+00
 1.22470E-71
 2.01284E+06
 1.00000E+00
 8.69978E-72
 2.01284E+06
 1.00000E+00
 6.17999E-72
 2.01284E+06
 1.00000E+00
 4.39004E-72
 2.01284E+06
 1.00000E+00
 3.11852E-72
 2.01284E+06
 1.00000E+00
 2.21528E-72
 2.01284E+06
 1.00000E+00
 1.57365E-72
 2.01284E+06
 1.00000E+00
 1.11786E-72
 2.01284E+06
 1.00000E+00
 7.94086E-73
 2.01284E+06
 1.00000E+00
 5.64089E-73
 2.01284E+06
 1.00000E+00
 4.00707E-73
 2.01284E+06
 1.00000E+00
 2.84647E-73
 2.01284E+06
 1.00000E+00
 2.02203E-73
 2.01284E+06
 1.00000E+00
 1.43637E-73
 2.01284E+06
 1.00000E+00
 1.02034E-73
 2.01284E+06
 1.00000E+00
 7.24815E-74
 2.01284E+06
 1.00000E+00
 5.14881E-74
 2.01284E+06
 1.00000E+00
 3.65752E-74
 2.01284E+06
 1.00000E+00
 2.59816E-74
 2.01284E+06
 1.00000E+00
 1.84564E-74
 2.01284E+06
 1.00000E+00
 1.31107E-74
 2.01284E+06
 1.00000E+00
 9.31336E-75
 2.01284E+06
 1.00000E+00
 6.61586E-75
 2.01284E+06
 1.00000E+00
 4.69966E-75
 2.01284E+06
 1.00000E+00
 3.33846E-75
 2.01284E+06
 1.00000E+00
 2.37152E-75
 2.01284E+06
 1.00000E+00
 1.68463E-75
 2.01284E+06
 1.00000E+00
 1.19670E-75
 2.01284E+06
 1.00000E+00
 8.50091E-76
 2.01284E+06
 1.00000E+00
 6.03873E-76
 2.01284E+06
 1.00000E+00
 4.28968E-76
 2.01284E+06
 1.00000E+00
 3.04723E-76
 2.01284E+06
 1.00000E+00
 2.16464E-76
 2.01284E+06
 1.00000E+00
 1.53768E-76
 2.01284E+06
 1.00000E+00
 1.09231E-76
 2.01284E+06
 1.00000E+00
 7.75934E-77
 2.01284E+06
 1.00000E+00
 5.51194E-77
 2.01284E+06
 1.00000E+00
 3.91548E-77
 2.01284E+06
 1.00000E+00
 2.78141E-77
 2.01284E+06
 1.00000E+00
 1.97581E-77
 2.01284E+06
 1.00000E+00
 1.40354E-77
 2.01284E+06
 1.00000E+00
 9.97021E-78
 2.01284E+06
 1.00000E+00
 7.08246E-78
 2.01284E+06
 1.00000E+00
 5.03111E-78
 2.01284E+06
 1.00000E+00
 3.57391E-78
 2.01284E+06
 1.00000E+00
 2.53877E-78
 2.01284E+06
 1.00000E+00
 1.80345E-78
 2.01284E+06
 1.00000E+00
 1.28110E-78
 2.01284E+06
 1.00000E+00
 9.10046E-79
 2.01284E+06
 1.00000E+00
 6.46463E-79
 2.01284E+06
 1.00000E+00
 4.59223E-79
 2.01284E+06
 1.00000E+00
 3.26214E-79
 2.01284E+06
 1.00000E+00
 2.31730E-79
 2.01284E+06
 1.00000E+00
 1.64613E-79
 2.01284E+06
 1.00000E+00
 1.16935E-79
 2.01284E+06
 1.00000E+00
 8.30659E-80
 2.01284E+06
 1.00000E+00
 5.90069E-80
 2.01284E+06
 1.00000E+00
 4.19162E-80
 2.01284E+06
 1.00000E+00
 2.97757E-80
 2.01284E+06
 1.00000E+00
 2.11516E-80
 2.01284E+06
 1.00000E+00
 1.50253E-80
 2.01284E+06
 1.00000E+00
 1.06734E-80
 2.01284E+06
 1.00000E+00
 7.58197E-81
 2.01284E+06
 1.00000E+00
 5.38594E-81
 2.01284E+06
 1.00000E+00
 3.82597E-81
 2.01284E+06
 1.00000E+00
 2.71783E-81
 2.01284E+06
 1.00000E+00
 1.93064E-81
 2.01284E+06
 1.00000E+00
 1.37146E-81
 2.01284E+06
 1.00000E+00
 9.74230E-82
 2.01284E+06
 1.00000E+00
 6.92056E-82
 2.01284E+06
 1.00000E+00
 4.91611E-82
 2.01284E+06
 1.00000E+00
 3.49222E-82
 2.01284E+06
 1.00000E+00
 2.48074E-82
 2.01284E+06
 1.00000E+00
 1.76223E-82
 2.01284E+06
 1.00000E+00
 1.25182E-82
 2.01284E+06
 1.00000E+00
 8.89245E-83
 2.01284E+06
 1.00000E+00
 6.31686E-83
 2.01284E+06
 1.00000E+00
 4.48726E-83
 2.01284E+06
 1.00000E+00
 3.18758E-83
 2.01284E+06
 1.00000E+00
 2.26434E-83
 2.01284E+06
 1.00000E+00
 1.60850E-83
 2.01284E+06
 1.00000E+00
 1.14262E-83
 2.01284E+06
 1.00000E+00
 8.11672E-84
 2.01284E+06
 1.00000E+00
 5.76581E-84
 2.01284E+06
 1.00000E+00
 4.09582E-84
 2.01284E+06
 1.00000E+00
 2.90951E-84
 2.01284E+06
 1.00000E+00
 2.06681E-84
 2.01284E+06
 1.00000E+00
 1.46818E-84
 2.01284E+06
 1.00000E+00
 1.04294E-84
 2.01284E+06
 1.00000E+00
 7.40866E-85
 2.01284E+06
 1.00000E+00
 5.26284E-85
 2.01284E+06
 1.00000E+00
 3.73852E-85
 2.01284E+06
 1.00000E+00
 2.65570E-85
 2.01284E+06
 1.00000E+00
 1.88651E-85
 2.01284E+06
 1.00000E+00
 1.34011E-85
 2.01284E+06
 1.00000E+00
 9.51961E-86
 2.01284E+06
 1.00000E+00
 6.76237E-86
 2.01284E+06
 1.00000E+00
 4.80374E-86
 2.01284E+06
 1.00000E+00
 3.41239E-86
 2.01284E+06
 1.00000E+00
 2.42404E-86
 2.01284E+06
 1.00000E+00
 1.72194E-86
 2.01284E+06
 1.00000E+00
 1.22320E-86
 2.01284E+06
 1.00000E+00
 8.68918E-87
 2.01284E+06
 1.00000E+00
 6.17246E-87
 2.01284E+06
 1.00000E+00
 4.38468E-87
 2.01284E+06
 1.00000E+00
 3.11471E-87
 2.01284E+06
 1.00000E+00
 2.21258E-87
 2.01284E+06
 1.00000E+00
 1.57173E-87
 2.01284E+06
 1.00000E+00
 1.11650E-87
 2.01284E+06
 1.00000E+00
 7.93118E-88
 2.01284E+06
 1.00000E+00
 5.63401E-88
 2.01284E+06
 1.00000E+00
 4.00219E-88
 2.01284E+06
 1.00000E+00
 2.84300E-88
 2.01284E+06
 1.00000E+00
 2.01956E-88
 2.01284E+06
 1.00000E+00
 1.43462E-88
 2.01284E+06
 1.00000E+00
 1.01910E-88
 2.01284E+06
 1.00000E+00
 7.23931E-89
 2.01284E+06
 1.00000E+00
 5.14253E-89
 2.01284E+06
 1.00000E+00
 3.65306E-89
 2.01284E+06
 1.00000E+00
 2.59500E-89
 2.01284E+06
 1.00000E+00
 1.84339E-89
 2.01284E+06
 1.00000E+00
 1.30947E-89
 2.01284E+06
 1.00000E+00
 9.30200E-90
 2.01284E+06
 1.00000E+00
 6.60779E-90
 2.01284E+06
 1.00000E+00
 4.69392E-90
 2.01284E+06
 1.00000E+00
 3.33439E-90
 2.01284E+06
 1.00000E+00
 2.36862E-90
 2.01284E+06
 1.00000E+00
 1.68258E-90
 2.01284E+06
 1.00000E+00
 1.19524E-90
 2.01284E+06
 1.00000E+00
 8.49054E-91
 2.01284E+06
 1.00000E+00
 6.03136E-91
 2.01284E+06
 1.00000E+00
 4.28445E-91
 2.01284E+06
 1.00000E+00
 3.04351E-91
 2.01284E+06
 1.00000E+00
 2.16200E-91
 2.01284E+06
 1.00000E+00
 1.53580E-91
 2.01284E+06
 1.00000E+00
 1.09097E-91
 2.01284E+06
 1.00000E+00
 7.74987E-92
 2.01284E+06
 1.00000E+00
 5.50521E-92
 2.01284E+06
 1.00000E+00
 3.91070E-92
 2.01284E+06
 1.00000E+00
 2.77801E-92
 2.01284E+06
 1.00000E+00
 1.97339E-92
 2.01284E+06
 1.00000E+00
 1.40182E-92
 2.01284E+06
 1.00000E+00
 9.95803E-93
 2.01284E+06
 1.00000E+00
 7.07381E-93
 2.01284E+06
 1.00000E+00
 5.02496E-93
 2.01284E+06
 1.00000E+00
 3.56955E-93
 2.01284E+06
 1.00000E+00
 2.53567E-93
 2.01284E+06
 1.00000E+00
 1.80124E-93
 2.01284E+06
 1.00000E+00
 1.27954E-93
 2.01284E+06
 1.00000E+00
 9.08934E-94
 2.01284E+06
 1.00000E+00
 6.45672E-94
 2.01284E+06
 1.00000E+00
 4.58661E-94
 2.01284E+06
 1.00000E+00
 3.25815E-94
 2.01284E+06
 1.00000E+00
 2.31447E-94
 2.01284E+06
 1.00000E+00
 1.64411E-94
 2.01284E+06
 1.00000E+00
 1.16791E-94
 2.01284E+06
 1.00000E+00
 8.29642E-95
 2.01284E+06
 1.00000E+00
 5.89347E-95
 2.01284E+06
 1.00000E+00
 4.18649E-95
 2.01284E+06
 1.00000E+00
 2.97393E-95
 2.01284E+06
 1.00000E+00
 2.11257E-95
 2.01284E+06
 1.00000E+00
 1.50069E-95
 2.01284E+06
 1.00000E+00
 1.06603E-95
 2.01284E+06
 1.00000E+00
 7.57268E-96
 2.01284E+06
 1.00000E+00
 5.37934E-96
 2.01284E+06
 1.00000E+00
 3.82128E-96
 2.01284E+06
 1.00000E+00
 2.71449E-96
 2.01284E+06
 1.00000E+00
 1.92827E-96
 2.01284E+06
 1.00000E+00
 1.36977E-96
 2.01284E+06
 1.00000E+00
 9.73035E-97
 2.01284E+06
 1.00000E+00
 6.91207E-97
 2.01284E+06
 1.00000E+00
 4.91007E-97
 2.01284E+06
 1.00000E+00
 3.48793E-97
 2.01284E+06
 1.00000E+00
 2.47769E-97
 2.01284E+06
 1.00000E+00
 1.76006E-97
 2.01284E+06
 1.00000E+00
 1.25028E-97
 2.01284E+06
 1.00000E+00
 8.88151E-98
 2.01284E+06
 1.00000E+00
 6.30908E-98
 2.01284E+06
 1.00000E+00
 4.48173E-98
 2.01284E+06
 1.00000E+00
 3.18365E-98
 2.01284E+06
 1.00000E+00
 2.26155E-98
 2.01284E+06
 1.00000E+00
 1.60652E-98
 2.01284E+06
 1.00000E+00
 1.14121E-98
 2.01283E+06
 1.00000E+00
 8.10670E-99
 2.01283E+06
 1.00000E+00
 5.75868E-99
 2.01283E+06
 1.00000E+00
 4.09074E-99
 2.01283E+06
 1.00000E+00
 2.90590E-99
 2.01283E+06
 1.00000E+00
 2.06424E-99
 2.01283E+06
 1.00000E+00
 1.46635E-99
 2.01283E+06
 1.00000E+00
 1.04164E-99
 2.01283E+06
 1.00000E+00
 0.00000E+00
 2.01283E+06
 1.00000E+00
 0.00000E+00
 2.01283E+06
 1.00000E+00
 0.00000E+00
 2.01283E+06
 1.00000E+00
 0.00000E+00
 2.01283E+06
 1.00000E+00
 0.00000E+00
 2.01283E+06
 1.00000E+00
 0.00000E+00
 2.01283E+06
 1.00000E+00
 0.00000E+00
 2.01283E+06
 1.00000E+00
 0.00000E+00
 2.01283E+06
 1.00000E+00
 0.00000E+00
 2.01283E+06
 1.00000E+00
 0.00000E+00
 2.01283E+06
 1.00000E+00
 0.00000E+00
 2.01283E+06
 1.00000E+00
 0.00000E+00
 2.01283E+06
 1.00000E+00
 0.00000E+00
 2.01283E+06
 1.00000E+00
 0.00000E+00
 2.01283E+06
 1.00000E+00
 0.00000E+00
 2.01284E+06
 1.00000E+00
 0.00000E+00
 2.01283E+06
 1.00000E+00
 0.00000E+00
 2.01284E+06
 1.00000E+00
 0.00000E+00
 2.01283E+06
 1.00000E+00
 0.00000E+00
 2.01284E+06
 1.00000E+00
 0.00000E+00
 2.01284E+06
 1.00000E+00
 0.00000E+00
 2.01284E+06
 1.00000E+00
 0.00000E+00
 2.01284E+06
 1.00000E+00
 0.00000E+00
 2.01284E+06
 1.00000E+00
 0.00000E+00
 2.01284E+06
 1.00000E+00
 0.00000E+00
 2.01284E+06
 1.00000E+00
 0.00000E+00
 2.01284E+06
 1.00000E+00
 0.00000E+00
 2.01284E+06
 1.00000E+00
 0.00000E+00
 2.01284E+06
 1.00000E+00
 0.00000E+00
 2.01284E+06
 1.00000E+00
 0.00000E+00
 2.01284E+06
 1.00000E+00
 0.00000E+00
 2.01284E+06
 1.00000E+00
 0.00000E+00
 2.01284E+06
 1.00000E+00
 0.00000E+00
 2.01284E+06
 1.00000E+00
 0.00000E+00
 2.01284E+06
 1.00000E+00
 0.00000E+00
 2.01284E+06
 1.00000E+00
 0.00000E+00
 2.01284E+06
 1.00000E+00
 0.00000E+00
 2.01284E+06
 1.00000E+00
 0.00000E+00
 2.01284E+06
 1.00000E+00
 0.00000E+00
 2.01284E+06
 1.00000E+00
 0.00000E+00
 2.01284E+06
 1.00000E+00
 0.00000E+00
 2.01284E+06
 1.00000E+00
 0.00000E+00
 2.01284E+06
 1.00000E+00
 0.00000E+00
 2.01284E+06
 1.00000E+00
 0.00000E+00
 2.01284E+06
 1.00000E+00
 0.00000E+00
 2.01284E+06
 1.00000E+00
 0.00000E+00
 2.01284E+06
 1.00000E+00
 0.00000E+00
 2.01284E+06
 1.00000E+00
 0.00000E+00
 2.01284E+06
 1.00000E+00
 0.00000E+00
 2.01284E+06
 1.00000E+00
 0.00000E+00
 2.01284E+06
 1.00000E+00
 0.00000E+00
 2.01284E+06
 1.00000E+00
 0.00000E+00
 2.01284E+06
 1.00000E+00
 0.00000E+00
 2.01284E+06
 1.00000E+00
 0.00000E+00
 2.01284E+06
 1.00000E+00
 0.00000E+00
 2.01284E+06
 1.00000E+00
 0.00000E+00
 2.01284E+06
 1.00000E+00
 0.00000E+00
 2.01284E+06
 1.00000E+00
 0.00000E+00
 2.01284E+06
 1.00000E+00
 0.00000E+00
 2.01284E+06
 1.00000E+00
 0.00000E+00
 2.01284E+06
 1.00000E+00
 0.00000E+00
 2.01284E+06
 1.00000E+00
 0.00000E+00
 2.01284E+06
 1.00000E+00
 0.00000E+00
 2.01284E+06
 1.00000E+00
 0.00000E+00
 2.01284E+06
 1.00000E+00
 0.00000E+00
 2.01284E+06
 1.00000E+00
 0.00000E+00
 2.01284E+06
 1.00000E+00
 0.00000E+00
 2.01284E+06
 1.00000E+00
 0.00000E+00
 2.01284E+06
 1.00000E+00
 0.00000E+00
 2.01284E+06
 1.00000E+00
 0.00000E+00
 2.01284E+06
 1.00000E+00
 0.00000E+00
 2.01284E+06
 1.00000E+00
 0.00000E+00
 2.01284E+06
 1.00000E+00
 0.00000E+00
 2.01284E+06
 1.00000E+00
 0.00000E+00
 2.01284E+06
 1.00000E+00
 0.00000E+00
 2.01284E+06
 1.00000E+00
 0.00000E+00
 2.01284E+06
 1.00000E+00
 0.00000E+00
 2.01284E+06
 1.00000E+00
 0.00000E+00
 2.01284E+06
 1.00000E+00
 0.00000E+00
 2.01284E+06
 1.00000E+00
 0.00000E+00
 2.01284E+06
 1.00000E+00
 0.00000E+00
 2.01284E+06
 1.00000E+00
 0.00000E+00
 2.01284E+06
 1.00000E+00
 0.00000E+00
 2.01284E+06
 1.00000E+00
 0.00000E+00
 2.01284E+06
 1.00000E+00
 0.00000E+00
 2.01284E+06
 1.00000E+00
 0.00000E+00
 2.01284E+06
 1.00000E+00
 0.00000E+00
 2.01284E+06
 1.00000E+00
 0.00000E+00
 2.01284E+06
 1.00000E+00
 0.00000E+00
 2.01284E+06
 1.00000E+00
 0.00000E+00
 2.01284E+06
 1.00000E+00
 0.00000E+00
 2.01284E+06
 1.00000E+00
 0.00000E+00
 2.01284E+06
 1.00000E+00
 0.00000E+00
 2.01284E+06
 1.00000E+00
 0.00000E+00
 2.01284E+06
 1.00000E+00
 0.00000E+00
 2.01284E+06
 1.00000E+00
 0.00000E+00
 2.01284E+06
 1.00000E+00
 0.00000E+00
 2.01284E+06
 1.00000E+00
 0.00000E+00
 2.01284E+06
 1.00000E+00
 0.00000E+00
 2.01284E+06
 1.00000E+00
 0.00000E+00
 2.01284E+06
 1.00000E+00
 0.00000E+00
 2.01284E+06
 1.00000E+00
 0.00000E+00
 2.01284E+06
 1.00000E+00
 0.00000E+00
 2.01284E+06
 1.00000E+00
 0.00000E+00
 2.01284E+06
 1.00000E+00
 0.00000E+00
 2.01284E+06
 1.00000E+00
 0.00000E+00
 2.01284E+06
 1.00000E+00
 0.00000E+00
 2.01284E+06
 1.00000E+00
 0.00000E+00
 2.01284E+06
 1.00000E+00
 0.00000E+00
 2.01284E+06
 1.00000E+00
 0.00000E+00
 2.01284E+06
 1.00000E+00
 0.00000E+00
 2.01284E+06
 1.00000E+00
 0.00000E+00
 2.01284E+06
 1.00000E+00
 0.00000E+00
 2.01284E+06
 1.00000E+00
 0.00000E+00
 2.01284E+06
 1.00000E+00
 0.00000E+00
 2.01284E+06
 1.00000E+00
 0.00000E+00
 2.01284E+06
 1.00000E+00
 0.00000E+00
 2.01284E+06
 1.00000E+00
 0.00000E+00
 2.01284E+06
 1.00000E+00
 0.00000E+00
 2.01284E+06
 1.00000E+00
 0.00000E+00
 2.01284E+06
 1.00000E+00
 0.00000E+00
 2.01284E+06
 1.00000E+00
 0.00000E+00
 2.01284E+06
 1.00000E+00
 0.00000E+00
 2.01284E+06
 1.00000E+00
 0.00000E+00
 2.01284E+06
 1.00000E+00
 0.00000E+00
 2.01284E+06
 1.00000E+00
 0.00000E+00
 2.01284E+06
 1.00000E+00
 0.00000E+00
 2.01284E+06
 1.00000E+00
 0.00000E+00
 2.01283E+06
 1.00000E+00
 0.00000E+00
 2.01283E+06
 1.00000E+00
 0.00000E+00
 2.01283E+06
 1.00000E+00
 0.00000E+00
 2.01283E+06
 1.00000E+00
 0.00000E+00
 2.01283E+06
 1.00000E+00
 0.00000E+00
 2.01283E+06
 1.00000E+00
 0.00000E+00
 2.01283E+06
 1.00000E+00
 0.00000E+00
 2.01283E+06
 1.00000E+00
 0.00000E+00
 2.01283E+06
 1.00000E+00
 0.00000E+00
 2.01283E+06
 1.00000E+00
 0.00000E+00
 2.01283E+06
 1.00000E+00
 0.00000E+00
 2.01283E+06
 1.00000E+00
 0.00000E+00
 2.01283E+06
 1.00000E+00
 0.00000E+00
 2.01283E+06
 1.00000E+00
 0.00000E+00
 2.01283E+06
 1.00000E+00
 0.00000E+00
 2.01283E+06
 1.00000E+00
 0.00000E+00
 2.01283E+06
 1.00000E+00
 0.00000E+00
 2.01283E+06
 1.00000E+00
 0.00000E+00
 2.01283E+06
 1.00000E+00
 0.00000E+00
 2.01283E+06
 1.00000E+00
 0.00000E+00
 2.01283E+06
 1.00000E+00
 0.00000E+00
 2.01283E+06
 1.00000E+00
 0.00000E+00
 2.01283E+06
 1.00000E+00
 0.00000E+00
 2.01283E+06
 1.00000E+00
 0.00000E+00
 2.01283E+06
 1.00000E+00
 0.00000E+00
 2.01283E+06
 1.00000E+00
 0.00000E+00
 2.01283E+06
 1.00000E+00
 0.00000E+00
 2.01283E+06
 1.00000E+00
 0.00000E+00
 2.01283E+06
 1.00000E+00
 0.00000E+00
 2.01283E+06
 1.00000E+00
 0.00000E+00
 2.01283E+06
 1.00000E+00
 0.00000E+00
 2.01283E+06
 1.00000E+00
 0.00000E+00
 2.01283E+06
 1.00000E+00
 0.00000E+00
 2.01283E+06
 1.00000E+00
 0.00000E+00
 2.01283E+06
 1.00000E+00
 0.00000E+00
 2.01283E+06
 1.00000E+00
 0.00000E+00
 2.01283E+06
 1.00000E+00
 0.00000E+00
 2.01283E+06
 1.00000E+00
 0.00000E+00
 2.01283E+06
 1.00000E+00
 0.00000E+00
 2.01283E+06
 1.00000E+00
 0.00000E+00
 2.01283E+06
 1.00000E+00
 0.00000E+00
 2.01283E+06
 1.00000E+00
 0.00000E+00
 2.01283E+06
 1.00000E+00
 0.00000E+00
 2.01283E+06
 1.00000E+00
 0.00000E+00
 2.01283E+06
 1.00000E+00
 0.00000E+00
 2.01283E+06
 1.00000E+00
 0.00000E+00
 2.01283E+06
 1.00000E+00
 0.00000E+00
 2.01283E+06
 1.00000E+00
 0.00000E+00
 2.01283E+06
 1.00000E+00
 0.00000E+00
 2.01283E+06
 1.00000E+00
 0.00000E+00
 2.01283E+06
 1.00000E+00
 0.00000E+00
 2.01283E+06
 1.00000E+00
 0.00000E+00
 2.01283E+06
 1.00000E+00
 0.00000E+00
 2.01283E+06
 1.00000E+00
 0.00000E+00
 2.01283E+06
 1.00000E+00
 0.00000E+00
 2.01283E+06
 1.00000E+00
 0.00000E+00
 2.01283E+06
 1.00000E+00
 0.00000E+00
 2.01283E+06
 1.00000E+00
 0.00000E+00
 2.01283E+06
 1.00000E+00
 0.00000E+00
 2.01283E+06
 1.00000E+00
 0.00000E+00
 2.01283E+06
 1.00000E+00
 0.00000E+00
 2.01283E+06
 1.00000E+00
 0.00000E+00
 2.01283E+06
 1.00000E+00
 0.00000E+00
 2.01283E+06
 1.00000E+00
 0.00000E+00
 2.01283E+06
 1.00000E+00
 0.00000E+00
 2.01283E+06
 1.00000E+00
 0.00000E+00
 2.01283E+06
 1.00000E+00
 0.00000E+00
 2.01283E+06
 1.00000E+00
 0.00000E+00
 2.01283E+06
 1.00000E+00
 0.00000E+00
 2.01283E+06
 1.00000E+00
 0.00000E+00
 2.01283E+06
 1.00000E+00
 0.00000E+00
 2.01283E+06
 1.00000E+00
 0.00000E+00
 2.01283E+06
 1.00000E+00
 0.00000E+00
 2.01283E+06
 1.00000E+00
 0.00000E+00
 2.01283E+06
 1.00000E+00
 0.00000E+00
 2.01283E+06
 1.00000E+00
 0.00000E+00
 2.01283E+06
 1.00000E+00
 0.00000E+00
 2.01283E+06
 1.00000E+00
 0.00000E+00
 2.01283E+06
 1.00000E+00
 0.00000E+00
 2.01283E+06
 1.00000E+00
 0.00000E+00
 2.01283E+06
 1.00000E+00
 0.00000E+00
 2.01283E+06
 1.00000E+00
 0.00000E+00
 2.01283E+06
 1.00000E+00
 0.00000E+00
 2.01283E+06
 1.00000E+00
 0.00000E+00
 2.01283E+06
 1.00000E+00
 0.00000E+00
 2.01283E+06
 1.00000E+00
 0.00000E+00
 2.01283E+06
 1.00000E+00
 0.00000E+00
 2.01283E+06
 1.00000E+00
 0.00000E+00
 2.01283E+06
 1.00000E+00
 0.00000E+00
 2.01283E+06
 1.00000E+00
 0.00000E+00
 2.01283E+06
 1.00000E+00
 0.00000E+00
 2.01283E+06
 1.00000E+00
 0.00000E+00
 2.01283E+06
 1.00000E+00
 0.00000E+00
 2.01283E+06
 1.00000E+00
 0.00000E+00
 2.01283E+06
 1.00000E+00
 0.00000E+00
 2.01283E+06
 1.00000E+00
 0.00000E+00
 2.01283E+06
 1.00000E+00
 0.00000E+00
 2.01283E+06
 1.00000E+00
 0.00000E+00
 2.01283E+06
 1.00000E+00
 0.00000E+00
 2.01283E+06
 1.00000E+00
 0.00000E+00
 2.01283E+06
 1.00000E+00
 0.00000E+00
 2.01283E+06
 1.00000E+00
 0.00000E+00
 2.01283E+06
 1.00000E+00
 0.00000E+00
 2.01283E+06
 1.00000E+00
 0.00000E+00
 2.01283E+06
 1.00000E+00
 0.00000E+00
 2.01283E+06
 1.00000E+00
 0.00000E+00
 2.01283E+06
 1.00000E+00
 0.00000E+00
 2.01283E+06
 1.00000E+00
 0.00000E+00
 2.01283E+06
 1.00000E+00
 0.00000E+00
 2.01283E+06
 1.00000E+00
 0.00000E+00
 2.01283E+06
 1.00000E+00
 0.00000E+00
 2.01283E+06
 1.00000E+00
 0.00000E+00
 2.01283E+06
 1.00000E+00
 0.00000E+00
 2.01283E+06
 1.00000E+00
 0.00000E+00
 2.01283E+06
 1.00000E+00
 0.00000E+00
 2.01283E+06
 1.00000E+00
 0.00000E+00
 2.01283E+06
 1.00000E+00
 0.00000E+00
 2.01283E+06
 1.00000E+00
 0.00000E+00
 2.01283E+06
 1.00000E+00
 0.00000E+00
 2.01283E+06
 1.00000E+00
 0.00000E+00
 2.01283E+06
 1.00000E+00
 0.00000E+00
 2.01283E+06
 1.00000E+00
 0.00000E+00
 2.01283E+06
 1.00000E+00
 0.00000E+00
 2.01283E+06
 1.00000E+00
 0.00000E+00
 2.01283E+06
 1.00000E+00
 0.00000E+00
 2.01283E+06
 1.00000E+00
 0.00000E+00
 2.01283E+06
 1.00000E+00
 0.00000E+00
 2.01283E+06
 1.00000E+00
 0.00000E+00
 2.01283E+06
 1.00000E+00
 0.00000E+00
 2.01283E+06
 1.00000E+00
 0.00000E+00
 2.01283E+06
 1.00000E+00
 0.00000E+00
 2.01283E+06
 1.00000E+00
 0.00000E+00
 2.01283E+06
 1.00000E+00
 0.00000E+00
 2.01283E+06
 1.00000E+00
 0.00000E+00
 2.01283E+06
 1.00000E+00
 0.00000E+00
 2.01283E+06
 1.00000E+00
 0.00000E+00
 2.01283E+06
 1.00000E+00
 0.00000E+00
 2.01283E+06
 1.00000E+00
 0.00000E+00
 2.01283E+06
 1.00000E+00
 0.00000E+00
 2.01283E+06
 1.00000E+00
 0.00000E+00
 2.01283E+06
 1.00000E+00
 0.00000E+00
 2.01283E+06
 1.00000E+00
 0.00000E+00
 2.01283E+06
 1.00000E+00
 0.00000E+00
 2.01283E+06
 1.00000E+00
 0.00000E+00
 2.01283E+06
 1.00000E+00
 0.00000E+00
 2.01283E+06
 1.00000E+00
 0.00000E+00
 2.01283E+06
 1.00000E+00
 0.00000E+00
 2.01283E+06
 1.00000E+00
 0.00000E+00
 2.01283E+06
 1.00000E+00
 0.00000E+00
 2.01283E+06
 1.00000E+00
 0.00000E+00
 2.01283E+06
 1.00000E+00
 0.00000E+00
 2.01283E+06
 1.00000E+00
 0.00000E+00
 2.01283E+06
 1.00000E+00
 0.00000E+00
 2.01283E+06
 1.00000E+00
 0.00000E+00
 2.01283E+06
 1.00000E+00
 0.00000E+00
 2.01283E+06
 1.00000E+00
 0.00000E+00
 2.01283E+06
 1.00000E+00
 0.00000E+00
 2.01283E+06
 1.00000E+00
 0.00000E+00
 2.01284E+06
 1.00000E+00
 0.00000E+00
 2.01283E+06
 1.00000E+00
 0.00000E+00
 2.01283E+06
 1.00000E+00
 0.00000E+00
 2.01283E+06
 1.00000E+00
 0.00000E+00
 2.01283E+06
 1.00000E+00
 0.00000E+00
 2.01283E+06
 1.00000E+00
 0.00000E+00
 2.01283E+06
 1.00000E+00
 0.00000E+00
 2.01283E+06
 1.00000E+00
 0.00000E+00
 2.01283E+06
 1.00000E+00
 0.00000E+00
 2.01283E+06
 1.00000E+00
 0.00000E+00
 2.01283E+06
 1.00000E+00
 0.00000E+00
 2.01283E+06
 1.00000E+00
 0.00000E+00
 2.01283E+06
 1.00000E+00
 0.00000E+00
 2.01283E+06
 1.00000E+00
 0.00000E+00
 2.01283E+06
 1.00000E+00
 0.00000E+00
 2.01283E+06
 1.00000E+00
 0.00000E+00
 2.01283E+06
 1.00000E+00
 0.00000E+00
 2.01283E+06
 1.00000E+00
 0.00000E+00
 2.01283E+06
 1.00000E+00
 0.00000E+00
 2.01283E+06
 1.00000E+00
 0.00000E+00
 2.01283E+06
 1.00000E+00
 0.00000E+00
 2.01283E+06
 1.00000E+00
 0.00000E+00
 2.01283E+06
 1.00000E+00
 0.00000E+00
 2.01283E+06
 1.00000E+00
 0.00000E+00
 2.01283E+06
 1.00000E+00
 0.00000E+00
 2.01283E+06
 1.00000E+00
 0.00000E+00
 2.01283E+06
 1.00000E+00
 0.00000E+00
 2.01283E+06
 1.00000E+00
 0.00000E+00
 2.01283E+06
 1.00000E+00
 0.00000E+00
 2.01283E+06
 1.00000E+00
 0.00000E+00
 2.01283E+06
 1.00000E+00
 0.00000E+00
 2.01283E+06
 1.00000E+00
 0.00000E+00
 2.01283E+06
 1.00000E+00
 0.00000E+00
 2.01283E+06
 1.00000E+00
 0.00000E+00
 2.01283E+06
 1.00000E+00
 0.00000E+00
 2.01283E+06
 1.00000E+00
 0.00000E+00
 2.01283E+06
 1.00000E+00
 0.00000E+00
 2.01283E+06
 1.00000E+00
 0.00000E+00
 2.01283E+06
 1.00000E+00
 0.00000E+00
 2.01283E+06
 1.00000E+00
 0.00000E+00
 2.01283E+06
 1.00000E+00
 0.00000E+00
 2.01283E+06
 1.00000E+00
 0.00000E+00
 2.01283E+06
 1.00000E+00
 0.00000E+00
 2.01283E+06
 1.00000E+00
 0.00000E+00
 2.01283E+06
 1.00000E+00
 0.00000E+00
 2.01283E+06
 1.00000E+00
 0.00000E+00
 2.01283E+06
 1.00000E+00
 0.00000E+00
 2.01283E+06
 1.00000E+00
 0.00000E+00
 2.01283E+06
 1.00000E+00
 0.00000E+00
 2.01283E+06
 1.00000E+00
 0.00000E+00
 2.01283E+06
 1.00000E+00
 0.00000E+00
 2.01283E+06
 1.00000E+00
 0.00000E+00
 2.01283E+06
 1.00000E+00
 0.00000E+00
 2.01283E+06
 1.00000E+00
 0.00000E+00
 2.01283E+06
 1.00000E+00
 0.00000E+00
 2.01283E+06
 1.00000E+00
 0.00000E+00
 2.01283E+06
 1.00000E+00
 0.00000E+00
 2.01283E+06
 1.00000E+00
 0.00000E+00
 2.01283E+06
 1.00000E+00
 0.00000E+00
 2.01283E+06
 1.00000E+00
 0.00000E+00
 2.01283E+06
 1.00000E+00
 0.00000E+00
 2.01283E+06
 1.00000E+00
 0.00000E+00
 2.01283E+06
 1.00000E+00
 0.00000E+00
 2.01283E+06
 1.00000E+00
 0.00000E+00
 2.01283E+06
 1.00000E+00
 0.00000E+00
 2.01283E+06
 1.00000E+00
 0.00000E+00
 2.01283E+06
 1.00000E+00
 0.00000E+00
 2.01283E+06
 1.00000E+00
 0.00000E+00
 2.01283E+06
 1.00000E+00
 0.00000E+00
 2.01283E+06
 1.00000E+00
 0.00000E+00
 2.01283E+06
 1.00000E+00
 0.00000E+00
 2.01283E+06
 1.00000E+00
 0.00000E+00
 2.01283E+06
 1.00000E+00
 0.00000E+00
 2.01283E+06
 1.00000E+00
 0.00000E+00
 2.01283E+06
 1.00000E+00
 0.00000E+00
 2.01283E+06
 1.00000E+00
 0.00000E+00
 2.01283E+06
 1.00000E+00
 0.00000E+00
 2.01283E+06
 1.00000E+00
 0.00000E+00
 2.01283E+06
 1.00000E+00
 0.00000E+00
 2.01283E+06
 1.00000E+00
 0.00000E+00
 2.01283E+06
 1.00000E+00
 0.00000E+00
 2.01283E+06
 1.00000E+00
 0.00000E+00
 2.01283E+06
 1.00000E+00
 0.00000E+00
 2.01283E+06
 1.00000E+00
 0.00000E+00
 2.01283E+06
 1.00000E+00
 0.00000E+00
 2.01283E+06
 1.00000E+00
 0.00000E+00
 2.01283E+06
 1.00000E+00
 0.00000E+00
 2.01283E+06
 1.00000E+00
 0.00000E+00
 2.01283E+06
 1.00000E+00
 0.00000E+00
 2.01283E+06
 1.00000E+00
 0.00000E+00
 2.01283E+06
 1.00000E+00
 0.00000E+00
 2.01283E+06
 1.00000E+00
 0.00000E+00
 2.01283E+06
 1.00000E+00
 0.00000E+00
 2.01283E+06
 1.00000E+00
 0.00000E+00
 2.01283E+06
 1.00000E+00
 0.00000E+00
 2.01283E+06
 1.00000E+00
 0.00000E+00
 2.01283E+06
 1.00000E+00
 0.00000E+00
 2.01283E+06
 1.00000E+00
 0.00000E+00
 2.01283E+06
 1.00000E+00
 0.00000E+00
 2.01283E+06
 1.00000E+00
 0.00000E+00
 2.01283E+06
 1.00000E+00
 0.00000E+00
 2.01283E+06
 1.00000E+00
 0.00000E+00
 2.01283E+06
 1.00000E+00
 0.00000E+00
 2.01283E+06
 1.00000E+00
 0.00000E+00
 2.01283E+06
 1.00000E+00
 0.00000E+00
 2.01283E+06
 1.00000E+00
 0.00000E+00
 2.01283E+06
 1.00000E+00
 0.00000E+00
 2.01283E+06
 1.00000E+00
 0.00000E+00
 2.01283E+06
 1.00000E+00
 0.00000E+00
 2.01283E+06
 1.00000E+00
 0.00000E+00
 2.01283E+06
 1.00000E+00
 0.00000E+00
 2.01283E+06
 1.00000E+00
 0.00000E+00
 2.01283E+06
 1.00000E+00
 0.00000E+00
 2.01283E+06
 1.00000E+00
 0.00000E+00
 2.01283E+06
 1.00000E+00
 0.00000E+00
 2.01283E+06
 1.00000E+00
 0.00000E+00
 2.01283E+06
 1.00000E+00
 0.00000E+00
 2.01283E+06
 1.00000E+00
 0.00000E+00
 2.01283E+06
 1.00000E+00
 0.00000E+00
 2.01283E+06
 1.00000E+00
 0.00000E+00
 2.01283E+06
 1.00000E+00
 0.00000E+00
 2.01283E+06
 1.00000E+00
 0.00000E+00
 2.01283E+06
 1.00000E+00
 0.00000E+00
 2.01283E+06
 1.00000E+00
 0.00000E+00
 2.01283E+06
 1.00000E+00
 0.00000E+00
 2.01283E+06
 1.00000E+00
 0.00000E+00
 2.01283E+06
 1.00000E+00
 0.00000E+00
 2.01283E+06
 1.00000E+00
 0.00000E+00
 2.01283E+06
 1.00000E+00
 0.00000E+00
 2.01283E+06
 1.00000E+00
 0.00000E+00
 2.01283E+06
 1.00000E+00
 0.00000E+00
 2.01283E+06
 1.00000E+00
 0.00000E+00
 2.01283E+06
 1.00000E+00
 0.00000E+00
 2.01283E+06
 1.00000E+00
 0.00000E+00
 2.01283E+06
 1.00000E+00
 0.00000E+00
 2.01283E+06
 1.00000E+00
 0.00000E+00
 2.01283E+06
 1.00000E+00
 0.00000E+00
 2.01283E+06
 1.00000E+00
 0.00000E+00
 2.01283E+06
 1.00000E+00
 0.00000E+00
 2.01283E+06
 1.00000E+00
 0.00000E+00
 2.01283E+06
 1.00000E+00
 0.00000E+00
 2.01283E+06
 1.00000E+00
 0.00000E+00
 2.01283E+06
 1.00000E+00
 0.00000E+00
 2.01283E+06
 1.00000E+00
 0.00000E+00
 2.01283E+06
 1.00000E+00
 0.00000E+00
 2.01283E+06
 1.00000E+00
 0.00000E+00
 2.01283E+06
 1.00000E+00
 0.00000E+00
 2.01283E+06
 1.00000E+00
 0.00000E+00
 2.01283E+06
 1.00000E+00
 0.00000E+00
 2.01283E+06
 1.00000E+00
 0.00000E+00
 2.01283E+06
 1.00000E+00
 0.00000E+00
 2.01283E+06
 1.00000E+00
 0.00000E+00
 2.01283E+06
 1.00000E+00
 0.00000E+00
 2.01283E+06
 1.00000E+00
 0.00000E+00
 2.01283E+06
 1.00000E+00
 0.00000E+00
 2.01283E+06
 1.00000E+00
 0.00000E+00
 2.01283E+06
 1.00000E+00
 0.00000E+00
 2.01283E+06
 1.00000E+00
 0.00000E+00
 2.01283E+06
 1.00000E+00
 0.00000E+00
 2.01283E+06
 1.00000E+00
 0.00000E+00
 2.01283E+06
 1.00000E+00
 0.00000E+00
 2.01283E+06
 1.00000E+00
 0.00000E+00
 2.01283E+06
 1.00000E+00
 0.00000E+00
 2.01283E+06
 1.00000E+00
 0.00000E+00
 2.01283E+06
 1.00000E+00
 0.00000E+00
 2.01283E+06
 1.00000E+00
 0.00000E+00
 2.01283E+06
 1.00000E+00
 0.00000E+00
 2.01283E+06
 1.00000E+00
 0.00000E+00
 2.01283E+06
 1.00000E+00
 0.00000E+00
 2.01283E+06
 1.00000E+00
 0.00000E+00
 2.01283E+06
 1.00000E+00
 0.00000E+00
 2.01283E+06
 1.00000E+00
 0.00000E+00
 2.01283E+06
 1.00000E+00
 0.00000E+00
 2.01283E+06
 1.00000E+00
 0.00000E+00
 2.01283E+06
 1.00000E+00
 0.00000E+00
 2.01283E+06
 1.00000E+00
 0.00000E+00
 2.01283E+06
 1.00000E+00
 0.00000E+00
 2.01283E+06
 1.00000E+00
 0.00000E+00
 2.01283E+06
 1.00000E+00
 0.00000E+00
 2.01283E+06
 1.00000E+00
 0.00000E+00
 2.01283E+06
 1.00000E+00
 0.00000E+00
 2.01283E+06
 1.00000E+00
 0.00000E+00
 2.01283E+06
 1.00000E+00
 0.00000E+00
 2.01283E+06
 1.00000E+00
 0.00000E+00
 2.01283E+06
 1.00000E+00
 0.00000E+00
 2.01283E+06
 1.00000E+00
 0.00000E+00
 2.01283E+06
 1.00000E+00
 0.00000E+00
 2.01283E+06
 1.00000E+00
 0.00000E+00
 2.01283E+06
 1.00000E+00
 0.00000E+00
 2.01283E+06
 1.00000E+00
 0.00000E+00
 2.01283E+06
 1.00000E+00
 0.00000E+00
 2.01283E+06
 1.00000E+00
 0.00000E+00
 2.01283E+06
 1.00000E+00
 0.00000E+00
 2.01283E+06
 1.00000E+00
 0.00000E+00
 2.01283E+06
 1.00000E+00
 0.00000E+00
 2.01283E+06
 1.00000E+00
 0.00000E+00
 2.01283E+06
 1.00000E+00
 0.00000E+00
 2.01283E+06
 1.00000E+00
 0.00000E+00
 2.01283E+06
 1.00000E+00
 0.00000E+00
 2.01283E+06
 1.00000E+00
 0.00000E+00
 2.01283E+06
 1.00000E+00
 0.00000E+00
 2.01283E+06
 1.00000E+00
 0.00000E+00
 2.01283E+06
 1.00000E+00
 0.00000E+00
 2.01283E+06
 1.00000E+00
 0.00000E+00
 2.01283E+06
 1.00000E+00
 0.00000E+00
 2.01283E+06
 1.00000E+00
 0.00000E+00
 2.01283E+06
 1.00000E+00
 0.00000E+00
 2.01283E+06
 1.00000E+00
 0.00000E+00
 2.01283E+06
 1.00000E+00
 0.00000E+00
 2.01283E+06
 1.00000E+00
 0.00000E+00
 2.01283E+06
 1.00000E+00
 0.00000E+00
 2.01283E+06
 1.00000E+00
 0.00000E+00
 2.01283E+06
 1.00000E+00
 0.00000E+00
 2.01283E+06
 1.00000E+00
 0.00000E+00
 2.01283E+06
 1.00000E+00
 0.00000E+00
 2.01283E+06
 1.00000E+00
 0.00000E+00
 2.01283E+06
 1.00000E+00
 0.00000E+00
 2.01283E+06
 1.00000E+00
 0.00000E+00
 2.01283E+06
 1.00000E+00
 0.00000E+00
 2.01283E+06
 1.00000E+00
 0.00000E+00
 2.01283E+06
 1.00000E+00
 0.00000E+00
 2.01283E+06
 1.00000E+00
 0.00000E+00
 2.01283E+06
 1.00000E+00
 0.00000E+00
 2.01283E+06
 1.00000E+00
 0.00000E+00
 2.01283E+06
 1.00000E+00
 0.00000E+00
 2.01283E+06
 1.00000E+00
 0.00000E+00
 2.01283E+06
 1.00000E+00
 0.00000E+00
 2.01283E+06
 1.00000E+00
 0.00000E+00
 2.01283E+06
 1.00000E+00
 0.00000E+00
 2.01283E+06
 1.00000E+00
 0.00000E+00
 2.01283E+06
 1.00000E+00
 0.00000E+00
 2.01283E+06
 1.00000E+00
 0.00000E+00
 2.01283E+06
 1.00000E+00
 0.00000E+00
 2.01283E+06
 1.00000E+00
 0.00000E+00
 2.01283E+06
 1.00000E+00
 0.00000E+00
 2.01283E+06
 1.00000E+00
 0.00000E+00
 2.01283E+06
 1.00000E+00
 0.00000E+00
 2.01283E+06
 1.00000E+00
 0.00000E+00
 2.01283E+06
 1.00000E+00
 0.00000E+00
 2.01283E+06
 1.00000E+00
 0.00000E+00
 2.01283E+06
 1.00000E+00
 0.00000E+00
 2.01283E+06
 1.00000E+00
 0.00000E+00
 2.01283E+06
 1.00000E+00
 0.00000E+00
 2.01283E+06
 1.00000E+00
 0.00000E+00
 2.01283E+06
 1.00000E+00
 0.00000E+00
 2.01283E+06
 1.00000E+00
 0.00000E+00
 2.01283E+06
 1.00000E+00
 0.00000E+00
 2.01283E+06
 1.00000E+00
 0.00000E+00
 2.01283E+06
 1.00000E+00
 0.00000E+00
 2.01283E+06
 1.00000E+00
 0.00000E+00
 2.01283E+06
 1.00000E+00
 0.00000E+00
 2.01283E+06
 1.00000E+00
 0.00000E+00
 2.01283E+06
 1.00000E+00
 0.00000E+00
 2.01283E+06
 1.00000E+00
 0.00000E+00
 2.01283E+06
 1.00000E+00
 0.00000E+00
 2.01283E+06
 1.00000E+00
 0.00000E+00
 2.01283E+06
 1.00000E+00
 0.00000E+00
 2.01283E+06
 1.00000E+00
 0.00000E+00
 2.01283E+06
 1.00000E+00
 0.00000E+00
 2.01283E+06
 1.00000E+00
 0.00000E+00
 2.01283E+06
 1.00000E+00
 0.00000E+00
 2.01283E+06
 1.00000E+00
 0.00000E+00
 2.01283E+06
 1.00000E+00
 0.00000E+00
 2.01283E+06
 1.00000E+00
 0.00000E+00
 2.01283E+06
 1.00000E+00
 0.00000E+00
 2.01283E+06
 1.00000E+00
 0.00000E+00
 2.01283E+06
 1.00000E+00
 0.00000E+00
 2.01283E+06
 1.00000E+00
 0.00000E+00
 2.01283E+06
 1.00000E+00
 0.00000E+00
 2.01283E+06
 1.00000E+00
 0.00000E+00
 2.01283E+06
 1.00000E+00
 0.00000E+00
 2.01283E+06
 1.00000E+00
 0.00000E+00
 2.01283E+06
 1.00000E+00
 0.00000E+00
 2.01283E+06
 1.00000E+00
 0.00000E+00
 2.01283E+06
 1.00000E+00
 0.00000E+00
 2.01283E+06
 1.00000E+00
 0.00000E+00
 2.01283E+06
 1.00000E+00
 0.00000E+00
 2.01283E+06
 1.00000E+00
 0.00000E+00
 2.01283E+06
 1.00000E+00
 0.00000E+00
 2.01283E+06
 1.00000E+00
 0.00000E+00
 2.01283E+06
 1.00000E+00
 0.00000E+00
 2.01283E+06
 1.00000E+00
 0.00000E+00
 2.01283E+06
 1.00000E+00
 0.00000E+00
 2.01283E+06
 1.00000E+00
 0.00000E+00
 2.01283E+06
 1.00000E+00
 0.00000E+00
 2.01283E+06
 1.00000E+00
 0.00000E+00
 2.01283E+06
 1.00000E+00
 0.00000E+00
 2.01283E+06
 1.00000E+00
 0.00000E+00
 2.01283E+06
 1.00000E+00
 0.00000E+00
 2.01283E+06
 1.00000E+00
 0.00000E+00
 2.01283E+06
 1.00000E+00
 0.00000E+00
 2.01283E+06
 1.00000E+00
 0.00000E+00
 2.01283E+06
 1.00000E+00
 0.00000E+00
 2.01283E+06
 1.00000E+00
 0.00000E+00
 2.01283E+06
 1.00000E+00
 0.00000E+00
 2.01283E+06
 1.00000E+00
 0.00000E+00
 2.01283E+06
 1.00000E+00
 0.00000E+00
 2.01283E+06
 1.00000E+00
 0.00000E+00
 2.01283E+06
 1.00000E+00
 0.00000E+00
 2.01283E+06
 1.00000E+00
 0.00000E+00
 2.01283E+06
 1.00000E+00
 0.00000E+00
 2.01283E+06
 1.00000E+00
 0.00000E+00
 2.01283E+06
 1.00000E+00
 0.00000E+00
 2.01283E+06
 1.00000E+00
 0.00000E+00
 2.01283E+06
 1.00000E+00
 0.00000E+00
 2.01283E+06
 1.00000E+00
 0.00000E+00
 2.01283E+06
 1.00000E+00
 0.00000E+00
 2.01283E+06
 1.00000E+00
 0.00000E+00
 2.01283E+06
 1.00000E+00
 0.00000E+00
 2.01283E+06
 1.00000E+00
 0.00000E+00
 2.01283E+06
 1.00000E+00
 0.00000E+00
 2.01283E+06
 1.00000E+00
 0.00000E+00
 2.01283E+06
 1.00000E+00
 0.00000E+00
 2.01283E+06
 1.00000E+00
 0.00000E+00
 2.01283E+06
 1.00000E+00
 0.00000E+00
 2.01283E+06
 1.00000E+00
 0.00000E+00
 2.01283E+06
 1.00000E+00
 0.00000E+00
 2.01283E+06
 1.00000E+00
 0.00000E+00
 2.01283E+06
 1.00000E+00
 0.00000E+00
 2.01283E+06
 1.00000E+00
 0.00000E+00
 2.01283E+06
 1.00000E+00
 0.00000E+00
 2.01283E+06
 1.00000E+00
 0.00000E+00
 2.01283E+06
 1.00000E+00
 0.00000E+00
 2.01283E+06
 1.00000E+00
 0.00000E+00
 2.01283E+06
 1.00000E+00
 0.00000E+00
 2.01283E+06
 1.00000E+00
 0.00000E+00
 2.01283E+06
 1.00000E+00
 0.00000E+00
 2.01283E+06
 1.00000E+00
 0.00000E+00
 2.01283E+06
 1.00000E+00
 0.00000E+00
 2.01283E+06
 1.00000E+00
 0.00000E+00
 2.01283E+06
 1.00000E+00
 0.00000E+00
 2.01283E+06
 1.00000E+00
 0.00000E+00
 2.01283E+06
 1.00000E+00
 0.00000E+00
 2.01283E+06
 1.00000E+00
 0.00000E+00
 2.01283E+06
 1.00000E+00
 0.00000E+00
 2.01283E+06
 1.00000E+00
 0.00000E+00
 2.01283E+06
 1.00000E+00
 0.00000E+00
 2.01283E+06
 1.00000E+00
 0.00000E+00
 2.01283E+06
 1.00000E+00
 0.00000E+00
 2.01283E+06
 1.00000E+00
 0.00000E+00
 2.01283E+06
 1.00000E+00
 0.00000E+00
 2.01283E+06
 1.00000E+00
 0.00000E+00
 2.01283E+06
 1.00000E+00
 0.00000E+00
 2.01283E+06
 1.00000E+00
 0.00000E+00
 2.01283E+06
 1.00000E+00
 0.00000E+00
 2.01283E+06
 1.00000E+00
 0.00000E+00
 2.01283E+06
 1.00000E+00
 0.00000E+00
 2.01283E+06
 1.00000E+00
 0.00000E+00
 2.01283E+06
 1.00000E+00
 0.00000E+00
 2.01283E+06
 1.00000E+00
 0.00000E+00
 2.01283E+06
 1.00000E+00
 0.00000E+00
 2.01283E+06
 1.00000E+00
 0.00000E+00
 2.01283E+06
 1.00000E+00
 0.00000E+00
 2.01283E+06
 1.00000E+00
 0.00000E+00
 2.01283E+06
 1.00000E+00
 0.00000E+00
 2.01283E+06
 1.00000E+00
 0.00000E+00
 2.01283E+06
 1.00000E+00
 0.00000E+00
 2.01283E+06
 1.00000E+00
 0.00000E+00
 2.01283E+06
 1.00000E+00
 0.00000E+00
 2.01283E+06
 1.00000E+00
 0.00000E+00
 2.01283E+06
 1.00000E+00
 0.00000E+00
 2.01283E+06
 1.00000E+00
 0.00000E+00
 2.01283E+06
 1.00000E+00
 0.00000E+00
 2.01283E+06
 1.00000E+00
 0.00000E+00
 2.01283E+06
 1.00000E+00
 0.00000E+00
 2.01283E+06
 1.00000E+00
 0.00000E+00
 2.01283E+06
 1.00000E+00
 0.00000E+00
 2.01283E+06
 1.00000E+00
 0.00000E+00
 2.01283E+06
 1.00000E+00
 0.00000E+00
 2.01283E+06
 1.00000E+00
 0.00000E+00
 2.01283E+06
 1.00000E+00
 0.00000E+00
 2.01283E+06
 1.00000E+00
 0.00000E+00
 2.01283E+06
 1.00000E+00
 0.00000E+00
 2.01283E+06
 1.00000E+00
 0.00000E+00
 2.01283E+06
 1.00000E+00
 0.00000E+00
 2.01283E+06
 1.00000E+00
 0.00000E+00
 2.01283E+06
 1.00000E+00
 0.00000E+00
 2.01283E+06
 1.00000E+00
 0.00000E+00
 2.01283E+06
 1.00000E+00
 0.00000E+00
 2.01283E+06
 1.00000E+00
 0.00000E+00
 2.01283E+06
 1.00000E+00
 0.00000E+00
 2.01283E+06
 1.00000E+00
 0.00000E+00
 2.01283E+06
 1.00000E+00
 0.00000E+00
 2.01283E+06
 1.00000E+00
 0.00000E+00
 2.01283E+06
 1.00000E+00
 0.00000E+00
 2.01283E+06
 1.00000E+00
 0.00000E+00
 2.01283E+06
 1.00000E+00
 0.00000E+00
 2.01283E+06
 1.00000E+00
 0.00000E+00
 2.01283E+06
 1.00000E+00
 0.00000E+00
 2.01283E+06
 1.00000E+00
 0.00000E+00
 2.01283E+06
 1.00000E+00
 0.00000E+00
 2.01283E+06
 1.00000E+00
 0.00000E+00
 2.01283E+06
 1.00000E+00
 0.00000E+00
 2.01283E+06
 1.00000E+00
 0.00000E+00
 2.01283E+06
 1.00000E+00
 0.00000E+00
 2.01283E+06
 1.00000E+00
 0.00000E+00
 2.01283E+06
 1.00000E+00
 0.00000E+00
 2.01283E+06
 1.00000E+00
 0.00000E+00
 2.01283E+06
 1.00000E+00
 0.00000E+00
 2.01283E+06
 1.00000E+00
 0.00000E+00
 2.01283E+06
 1.00000E+00
 0.00000E+00
 2.01283E+06
 1.00000E+00
 0.00000E+00
 2.01283E+06
 1.00000E+00
 0.00000E+00
 2.01283E+06
 1.00000E+00
 0.00000E+00
 2.01283E+06
 1.00000E+00
 0.00000E+00
 2.01283E+06
 1.00000E+00
 0.00000E+00
 2.01283E+06
 1.00000E+00
 0.00000E+00
 2.01283E+06
 1.00000E+00
 0.00000E+00
 2.01283E+06
 1.00000E+00
 0.00000E+00
 2.01283E+06
 1.00000E+00
 0.00000E+00
 2.01283E+06
 1.00000E+00
 0.00000E+00
 2.01283E+06
 1.00000E+00
 0.00000E+00
 2.01283E+06
 1.00000E+00
 0.00000E+00
 2.01283E+06
 1.00000E+00
 0.00000E+00
 2.01283E+06
 1.00000E+00
 0.00000E+00
 2.01283E+06
 1.00000E+00
 0.00000E+00
 2.01283E+06
 1.00000E+00
 0.00000E+00
 2.01283E+06
 1.00000E+00
 0.00000E+00
 2.01283E+06
 1.00000E+00
 0.00000E+00
 2.01283E+06
 1.00000E+00
 0.00000E+00
 2.01283E+06
 1.00000E+00
 0.00000E+00
 2.01283E+06
 1.00000E+00
 0.00000E+00
 2.01283E+06
 1.00000E+00
 0.00000E+00
 2.01283E+06
 1.00000E+00
 0.00000E+00
 2.01283E+06
 1.00000E+00
 0.00000E+00
 2.01283E+06
 1.00000E+00
 0.00000E+00
 2.01283E+06
 1.00000E+00
 0.00000E+00
 2.01283E+06
 1.00000E+00
 0.00000E+00
 2.01283E+06
 1.00000E+00
 0.00000E+00
 2.01283E+06
 1.00000E+00
 0.00000E+00
 2.01283E+06
 1.00000E+00
 0.00000E+00
 2.01283E+06
 1.00000E+00
 0.00000E+00
 2.01283E+06
 1.00000E+00
 0.00000E+00
 2.01283E+06
 1.00000E+00
 0.00000E+00
 2.01283E+06
 1.00000E+00
 0.00000E+00
 2.01283E+06
 1.00000E+00
 0.00000E+00
 2.01283E+06
 1.00000E+00
 0.00000E+00
 2.01283E+06
 1.00000E+00
 0.00000E+00
 2.01283E+06
 1.00000E+00
 0.00000E+00
 2.01283E+06
 1.00000E+00
 0.00000E+00
 2.01282E+06
 1.00000E+00
 0.00000E+00
 2.01282E+06
 1.00000E+00
 0.00000E+00
 2.01282E+06
 1.00000E+00
 0.00000E+00
 2.01282E+06
 1.00000E+00
 0.00000E+00
 2.01282E+06
 1.00000E+00
 0.00000E+00
 2.01282E+06
 1.00000E+00
 0.00000E+00
 2.01282E+06
 1.00000E+00
 0.00000E+00
 2.01282E+06
 1.00000E+00
 0.00000E+00
 2.01282E+06
 1.00000E+00
 0.00000E+00
 2.01282E+06
 1.00000E+00
 0.00000E+00
 2.01282E+06
 1.00000E+00
 0.00000E+00
 2.01282E+06
 1.00000E+00
 0.00000E+00
 2.01282E+06
 1.00000E+00
 0.00000E+00
 2.01283E+06
 1.00000E+00
 0.00000E+00
 2.01283E+06
 1.00000E+00
 0.00000E+00
 2.01283E+06
 1.00000E+00
 0.00000E+00
 2.01283E+06
 1.00000E+00
 0.00000E+00
 2.01283E+06
 1.00000E+00
 0.00000E+00
 2.01283E+06
 1.00000E+00
 0.00000E+00
 2.01283E+06
 1.00000E+00
 0.00000E+00
 2.01283E+06
 1.00000E+00
 0.00000E+00
 2.01283E+06
 1.00000E+00
 0.00000E+00
 2.01283E+06
 1.00000E+00
 0.00000E+00
 2.01283E+06
 1.00000E+00
 0.00000E+00
 2.01283E+06
 1.00000E+00
 0.00000E+00
 2.01283E+06
 1.00000E+00
 0.00000E+00
 2.01283E+06
 1.00000E+00
 0.00000E+00
 2.01283E+06
 1.00000E+00
 0.00000E+00
 2.01283E+06
 1.00000E+00
 0.00000E+00
 2.01283E+06
 1.00000E+00
 0.00000E+00
 2.01283E+06
 1.00000E+00
 0.00000E+00
 2.01283E+06
 1.00000E+00
 0.00000E+00
 2.01283E+06
 1.00000E+00
 0.00000E+00
 2.01283E+06
 1.00000E+00
 0.00000E+00
 2.01283E+06
 1.00000E+00
 0.00000E+00
 2.01283E+06
 1.00000E+00
 0.00000E+00
 2.01283E+06
 1.00000E+00
 0.00000E+00
 2.01283E+06
 1.00000E+00
 0.00000E+00
 2.01283E+06
 1.00000E+00
 0.00000E+00
 2.01283E+06
 1.00000E+00
 0.00000E+00
 2.01283E+06
 1.00000E+00
 0.00000E+00
 2.01283E+06
 1.00000E+00
 0.00000E+00
 2.01283E+06
 1.00000E+00
 0.00000E+00
 2.01283E+06
 1.00000E+00
 0.00000E+00
 2.01283E+06
 1.00000E+00
 0.00000E+00
 2.01283E+06
 1.00000E+00
 0.00000E+00
 2.01283E+06
 1.00000E+00
 0.00000E+00
 2.01283E+06
 1.00000E+00
 0.00000E+00
 2.01283E+06
 1.00000E+00
 0.00000E+00
 2.01283E+06
 1.00000E+00
 0.00000E+00
 2.01283E+06
 1.00000E+00
 0.00000E+00
 2.01283E+06
 1.00000E+00
 0.00000E+00
 2.01283E+06
 1.00000E+00
 0.00000E+00
 2.01283E+06
 1.00000E+00
 0.00000E+00
 2.01283E+06
 1.00000E+00
 0.00000E+00
 2.01283E+06
 1.00000E+00
 0.00000E+00
 2.01283E+06
 1.00000E+00
 0.00000E+00
 2.01283E+06
 1.00000E+00
 0.00000E+00
 2.01283E+06
 1.00000E+00
 0.00000E+00
 2.01283E+06
 1.00000E+00
 0.00000E+00
 2.01283E+06
 1.00000E+00
 0.00000E+00
 2.01283E+06
 1.00000E+00
 0.00000E+00
 2.01283E+06
 1.00000E+00
 0.00000E+00
 2.01283E+06
 1.00000E+00
 0.00000E+00
 2.01283E+06
 1.00000E+00
 0.00000E+00
 2.01283E+06
 1.00000E+00
 0.00000E+00
 2.01283E+06
 1.00000E+00
 0.00000E+00
 2.01283E+06
 1.00000E+00
 0.00000E+00
 2.01283E+06
 1.00000E+00
 0.00000E+00
 2.01283E+06
 1.00000E+00
 0.00000E+00
 2.01283E+06
 1.00000E+00
 0.00000E+00
 2.01283E+06
 1.00000E+00
 0.00000E+00
 2.01283E+06
 1.00000E+00
 0.00000E+00
 2.01283E+06
 1.00000E+00
 0.00000E+00
 2.01283E+06
 1.00000E+00
 0.00000E+00
 2.01283E+06
 1.00000E+00
 0.00000E+00
 2.01283E+06
 1.00000E+00
 0.00000E+00
 2.01283E+06
 1.00000E+00
 0.00000E+00
 2.01283E+06
 1.00000E+00
 0.00000E+00
 2.01283E+06
 1.00000E+00
 0.00000E+00
 2.01283E+06
 1.00000E+00
 0.00000E+00
 2.01283E+06
 1.00000E+00
 0.00000E+00
 2.01283E+06
 1.00000E+00
 0.00000E+00
 2.01283E+06
 1.00000E+00
 0.00000E+00
 2.01283E+06
 1.00000E+00
 0.00000E+00
 2.01283E+06
 1.00000E+00
 0.00000E+00
 2.01283E+06
 1.00000E+00
 0.00000E+00
 2.01283E+06
 1.00000E+00
 0.00000E+00
 2.01283E+06
 1.00000E+00
 0.00000E+00
 2.01283E+06
 1.00000E+00
 0.00000E+00
 2.01283E+06
 1.00000E+00
 0.00000E+00
 2.01283E+06
 1.00000E+00
 0.00000E+00
 2.01283E+06
 1.00000E+00
 0.00000E+00
 2.01283E+06
 1.00000E+00
 0.00000E+00
 2.01283E+06
 1.00000E+00
 0.00000E+00
 2.01283E+06
 1.00000E+00
 0.00000E+00
 2.01283E+06
 1.00000E+00
 0.00000E+00
 2.01283E+06
 1.00000E+00
 0.00000E+00
 2.01283E+06
 1.00000E+00
 0.00000E+00
 2.01283E+06
 1.00000E+00
 0.00000E+00
 2.01283E+06
 1.00000E+00
 0.00000E+00
 2.01283E+06
 1.00000E+00
 0.00000E+00
 2.01283E+06
 1.00000E+00
 0.00000E+00
 2.01283E+06
 1.00000E+00
 0.00000E+00
 2.01283E+06
 1.00000E+00
 0.00000E+00
 2.01283E+06
 1.00000E+00
 0.00000E+00
 2.01283E+06
 1.00000E+00
 0.00000E+00
 2.01283E+06
 1.00000E+00
 0.00000E+00
 2.01283E+06
 1.00000E+00
 0.00000E+00
 2.01283E+06
 1.00000E+00
 0.00000E+00
 2.01283E+06
 1.00000E+00
 0.00000E+00
 2.01283E+06
 1.00000E+00
 0.00000E+00
 2.01283E+06
 1.00000E+00
 0.00000E+00
 2.01283E+06
 1.00000E+00
 0.00000E+00
 2.01283E+06
 1.00000E+00
 0.00000E+00
 2.01283E+06
 1.00000E+00
 0.00000E+00
 2.01283E+06
 1.00000E+00
 0.00000E+00
 2.01283E+06
 1.00000E+00
 0.00000E+00
 2.01283E+06
 1.00000E+00
 0.00000E+00
 2.01283E+06
 1.00000E+00
 0.00000E+00
 2.01283E+06
 1.00000E+00
 0.00000E+00
 2.01283E+06
 1.00000E+00
 0.00000E+00
 2.01283E+06
 1.00000E+00
 0.00000E+00
 2.01283E+06
 1.00000E+00
 0.00000E+00
 2.01283E+06
 1.00000E+00
 0.00000E+00
 2.01283E+06
 1.00000E+00
 0.00000E+00
 2.01283E+06
 1.00000E+00
 0.00000E+00
 2.01283E+06
 1.00000E+00
 0.00000E+00
 2.01283E+06
 1.00000E+00
 0.00000E+00
 2.01283E+06
 1.00000E+00
 0.00000E+00
 2.01283E+06
 1.00000E+00
 0.00000E+00
 2.01283E+06
 1.00000E+00
 0.00000E+00
 2.01283E+06
 1.00000E+00
 0.00000E+00
 2.01283E+06
 1.00000E+00
 0.00000E+00
 2.01283E+06
 1.00000E+00
 0.00000E+00
 2.01283E+06
 1.00000E+00
 0.00000E+00
 2.01283E+06
 1.00000E+00
 0.00000E+00
 2.01283E+06
 1.00000E+00
 0.00000E+00
 2.01283E+06
 1.00000E+00
 0.00000E+00
 2.01283E+06
 1.00000E+00
 0.00000E+00
 2.01283E+06
 1.00000E+00
 0.00000E+00
 2.01283E+06
 1.00000E+00
 0.00000E+00
 2.01283E+06
 1.00000E+00
 0.00000E+00
 2.01283E+06
 1.00000E+00
 0.00000E+00
 2.01283E+06
 1.00000E+00
 0.00000E+00
 2.01283E+06
 1.00000E+00
 0.00000E+00
 2.01283E+06
 1.00000E+00
 0.00000E+00
 2.01283E+06
 1.00000E+00
 0.00000E+00
 2.01283E+06
 1.00000E+00
 0.00000E+00
 2.01283E+06
 1.00000E+00
 0.00000E+00
 2.01283E+06
 1.00000E+00
 0.00000E+00
 2.01283E+06
 1.00000E+00
 0.00000E+00
 2.01283E+06
 1.00000E+00
 0.00000E+00
 2.01283E+06
 1.00000E+00
 0.00000E+00
 2.01282E+06
 1.00000E+00
 0.00000E+00
 2.01282E+06
 1.00000E+00
 0.00000E+00
 2.01282E+06
 1.00000E+00
 0.00000E+00
 2.01282E+06
 1.00000E+00
 0.00000E+00
 2.01282E+06
 1.00000E+00
 0.00000E+00
 2.01282E+06
 1.00000E+00
 0.00000E+00
 2.01282E+06
 1.00000E+00
 0.00000E+00
 2.01282E+06
 1.00000E+00
 0.00000E+00
 2.01282E+06
 1.00000E+00
 0.00000E+00
 2.01282E+06
 1.00000E+00
 0.00000E+00
 2.01282E+06
 1.00000E+00
 0.00000E+00
 2.01282E+06
 1.00000E+00
 0.00000E+00
 2.01282E+06
 1.00000E+00
 0.00000E+00
 2.01282E+06
 1.00000E+00
 0.00000E+00
 2.01282E+06
 1.00000E+00
 0.00000E+00
 2.01282E+06
 1.00000E+00
 0.00000E+00
 2.01282E+06
 1.00000E+00
 0.00000E+00
 2.01283E+06
 1.00000E+00
 0.00000E+00
 2.01282E+06
 1.00000E+00
 0.00000E+00
 2.01283E+06
 1.00000E+00
 0.00000E+00
 2.01283E+06
 1.00000E+00
 0.00000E+00
 2.01283E+06
 1.00000E+00
 0.00000E+00
 2.01283E+06
 1.00000E+00
 0.00000E+00
 2.01283E+06
 1.00000E+00
 0.00000E+00
 2.01283E+06
 1.00000E+00
 0.00000E+00
 2.01283E+06
 1.00000E+00
 0.00000E+00
 2.01283E+06
 1.00000E+00
 0.00000E+00
 2.01283E+06
 1.00000E+00
 0.00000E+00
 2.01283E+06
 1.00000E+00
 0.00000E+00
 2.01283E+06
 1.00000E+00
 0.00000E+00
 2.01283E+06
 1.00000E+00
 0.00000E+00
 2.01283E+06
 1.00000E+00
 0.00000E+00
 2.01283E+06
 1.00000E+00
 0.00000E+00
 2.01283E+06
 1.00000E+00
 0.00000E+00
 2.01283E+06
 1.00000E+00
 0.00000E+00
 2.01283E+06
 1.00000E+00
 0.00000E+00
 2.01283E+06
 1.00000E+00
 0.00000E+00
 2.01283E+06
 1.00000E+00
 0.00000E+00
 2.01283E+06
 1.00000E+00
 0.00000E+00
 2.01283E+06
 1.00000E+00
 0.00000E+00
 2.01283E+06
 1.00000E+00
 0.00000E+00
 2.01283E+06
 1.00000E+00
 0.00000E+00
 2.01283E+06
 1.00000E+00
 0.00000E+00
 2.01283E+06
 1.00000E+00
 0.00000E+00
 2.01283E+06
 1.00000E+00
 0.00000E+00
 2.01283E+06
 1.00000E+00
 0.00000E+00
 2.01283E+06
 1.00000E+00
 0.00000E+00
 2.01283E+06
 1.00000E+00
 0.00000E+00
 2.01283E+06
 1.00000E+00
 0.00000E+00
 2.01283E+06
 1.00000E+00
 0.00000E+00
 2.01283E+06
 1.00000E+00
 0.00000E+00
 2.01283E+06
 1.00000E+00
 0.00000E+00
 2.01283E+06
 1.00000E+00
 0.00000E+00
 2.01283E+06
 1.00000E+00
 0.00000E+00
 2.01283E+06
 1.00000E+00
 0.00000E+00
 2.01283E+06
 1.00000E+00
 0.00000E+00
 2.01283E+06
 1.00000E+00
 0.00000E+00
 2.01283E+06
 1.00000E+00
 0.00000E+00
 2.01283E+06
 1.00000E+00
 0.00000E+00
 2.01283E+06
 1.00000E+00
 0.00000E+00
 2.01283E+06
 1.00000E+00
 0.00000E+00
 2.01283E+06
 1.00000E+00
 0.00000E+00
 2.01283E+06
 1.00000E+00
 0.00000E+00
 2.01283E+06
 1.00000E+00
 0.00000E+00
 2.01283E+06
 1.00000E+00
 0.00000E+00
 2.01283E+06
 1.00000E+00
 0.00000E+00
 2.01283E+06
 1.00000E+00
 0.00000E+00
 2.01283E+06
 1.00000E+00
 0.00000E+00
 2.01283E+06
 1.00000E+00
 0.00000E+00
 2.01283E+06
 1.00000E+00
 0.00000E+00
 2.01283E+06
 1.00000E+00
 0.00000E+00
 2.01283E+06
 1.00000E+00
 0.00000E+00
 2.01283E+06
 1.00000E+00
 0.00000E+00
 2.01283E+06
 1.00000E+00
 0.00000E+00
 2.01283E+06
 1.00000E+00
 0.00000E+00
 2.01283E+06
 1.00000E+00
 0.00000E+00
 2.01283E+06
 1.00000E+00
 0.00000E+00
 2.01283E+06
 1.00000E+00
 0.00000E+00
 2.01283E+06
 1.00000E+00
 0.00000E+00
 2.01283E+06
 1.00000E+00
 0.00000E+00
 2.01283E+06
 1.00000E+00
 0.00000E+00
 2.01283E+06
 1.00000E+00
 0.00000E+00
 2.01283E+06
 1.00000E+00
 0.00000E+00
 2.01283E+06
 1.00000E+00
 0.00000E+00
 2.01283E+06
 1.00000E+00
 0.00000E+00
 2.01283E+06
 1.00000E+00
 0.00000E+00
 2.01283E+06
 1.00000E+00
 0.00000E+00
 2.01283E+06
 1.00000E+00
 0.00000E+00
 2.01283E+06
 1.00000E+00
 0.00000E+00
 2.01283E+06
 1.00000E+00
 0.00000E+00
 2.01283E+06
 1.00000E+00
 0.00000E+00
 2.01283E+06
 1.00000E+00
 0.00000E+00
 2.01283E+06
 1.00000E+00
 0.00000E+00
 2.01283E+06
 1.00000E+00
 0.00000E+00
 2.01283E+06
 1.00000E+00
 0.00000E+00
 2.01283E+06
 1.00000E+00
 0.00000E+00
 2.01283E+06
 1.00000E+00
 0.00000E+00
 2.01283E+06
 1.00000E+00
 0.00000E+00
 2.01283E+06
 1.00000E+00
 0.00000E+00
 2.01283E+06
 1.00000E+00
 0.00000E+00
 2.01283E+06
 1.00000E+00
 0.00000E+00
 2.01283E+06
 1.00000E+00
 0.00000E+00
 2.01283E+06
 1.00000E+00
 0.00000E+00
 2.01283E+06
 1.00000E+00
 0.00000E+00
 2.01283E+06
 1.00000E+00
 0.00000E+00
 2.01283E+06
 1.00000E+00
 0.00000E+00
 2.01283E+06
 1.00000E+00
 0.00000E+00
 2.01283E+06
 1.00000E+00
 0.00000E+00
 2.01283E+06
 1.00000E+00
 0.00000E+00
 2.01283E+06
 1.00000E+00
 0.00000E+00
 2.01283E+06
 1.00000E+00
 0.00000E+00
 2.01283E+06
 1.00000E+00
 0.00000E+00
 2.01283E+06
 1.00000E+00
 0.00000E+00
 2.01283E+06
 1.00000E+00
 0.00000E+00
 2.01283E+06
 1.00000E+00
 0.00000E+00
 2.01283E+06
 1.00000E+00
 0.00000E+00
 2.01283E+06
 1.00000E+00
 0.00000E+00
 2.01283E+06
 1.00000E+00
 0.00000E+00
 2.01283E+06
 1.00000E+00
 0.00000E+00
 2.01283E+06
 1.00000E+00
 0.00000E+00
 2.01283E+06
 1.00000E+00
 0.00000E+00
 2.01283E+06
 1.00000E+00
 0.00000E+00
 2.01283E+06
 1.00000E+00
 0.00000E+00
 2.01283E+06
 1.00000E+00
 0.00000E+00
 2.01283E+06
 1.00000E+00
 0.00000E+00
 2.01283E+06
 1.00000E+00
 0.00000E+00
 2.01283E+06
 1.00000E+00
 0.00000E+00
 2.01283E+06
 1.00000E+00
 0.00000E+00
 2.01283E+06
 1.00000E+00
 0.00000E+00
 2.01283E+06
 1.00000E+00
 0.00000E+00
 2.01283E+06
 1.00000E+00
 0.00000E+00
