 2.01202E+06
 5.00000E-01
 5.00000E-01
 2.01256E+06
 5.02921E-01
 4.97079E-01
 2.01269E+06
 5.05809E-01
 4.94191E-01
 2.01276E+06
 5.08720E-01
 4.91280E-01
 2.01280E+06
 5.11658E-01
 4.88342E-01
 2.01283E+06
 5.14624E-01
 4.85376E-01
 2.01285E+06
 5.17622E-01
 4.82378E-01
 2.01286E+06
 5.20652E-01
 4.79348E-01
 2.01287E+06
 5.23715E-01
 4.76285E-01
 2.01287E+06
 5.26813E-01
 4.73187E-01
 2.01287E+06
 5.29947E-01
 4.70053E-01
 2.01287E+06
 5.33117E-01
 4.66883E-01
 2.01288E+06
 5.36325E-01
 4.63675E-01
 2.01288E+06
 5.39571E-01
 4.60429E-01
 2.01288E+06
 5.42857E-01
 4.57143E-01
 2.01288E+06
 5.46183E-01
 4.53817E-01
 2.01288E+06
 5.49551E-01
 4.50449E-01
 2.01288E+06
 5.52962E-01
 4.47038E-01
 2.01288E+06
 5.56416E-01
 4.43584E-01
 2.01288E+06
 5.59916E-01
 4.40084E-01
 2.01287E+06
 5.63461E-01
 4.36539E-01
 2.01287E+06
 5.67053E-01
 4.32947E-01
 2.01287E+06
 5.70694E-01
 4.29306E-01
 2.01287E+06
 5.74384E-01
 4.25616E-01
 2.01287E+06
 5.78115E-01
 4.21885E-01
 2.01287E+06
 5.81888E-01
 4.18112E-01
 2.01287E+06
 5.85706E-01
 4.14294E-01
 2.01287E+06
 5.89571E-01
 4.10429E-01
 2.01287E+06
 5.93494E-01
 4.06506E-01
 2.01287E+06
 5.97477E-01
 4.02523E-01
 2.01287E+06
 6.01448E-01
 3.98552E-01
 2.01287E+06
 6.05400E-01
 3.94600E-01
 2.01287E+06
 6.09444E-01
 3.90556E-01
 2.01287E+06
 6.13586E-01
 3.86414E-01
 2.01287E+06
 6.17786E-01
 3.82214E-01
 2.01287E+06
 6.22047E-01
 3.77953E-01
 2.01287E+06
 6.26369E-01
 3.73631E-01
 2.01287E+06
 6.30757E-01
 3.69243E-01
 2.01287E+06
 6.35210E-01
 3.64790E-01
 2.01287E+06
 6.39733E-01
 3.60267E-01
 2.01287E+06
 6.44328E-01
 3.55672E-01
 2.01287E+06
 6.48996E-01
 3.51004E-01
 2.01287E+06
 6.53740E-01
 3.46260E-01
 2.01287E+06
 6.58564E-01
 3.41436E-01
 2.01287E+06
 6.63468E-01
 3.36532E-01
 2.01287E+06
 6.68457E-01
 3.31543E-01
 2.01287E+06
 6.73532E-01
 3.26468E-01
 2.01287E+06
 6.78698E-01
 3.21302E-01
 2.01287E+06
 6.83956E-01
 3.16044E-01
 2.01287E+06
 6.89309E-01
 3.10691E-01
 2.01287E+06
 6.94762E-01
 3.05238E-01
 2.01287E+06
 7.00317E-01
 2.99683E-01
 2.01287E+06
 7.05978E-01
 2.94022E-01
 2.01287E+06
 7.11748E-01
 2.88252E-01
 2.01287E+06
 7.17632E-01
 2.82368E-01
 2.01287E+06
 7.23632E-01
 2.76368E-01
 2.01287E+06
 7.29753E-01
 2.70247E-01
 2.01287E+06
 7.36000E-01
 2.64000E-01
 2.01287E+06
 7.42376E-01
 2.57624E-01
 2.01287E+06
 7.48886E-01
 2.51114E-01
 2.01287E+06
 7.55535E-01
 2.44465E-01
 2.01287E+06
 7.62329E-01
 2.37671E-01
 2.01287E+06
 7.69271E-01
 2.30729E-01
 2.01287E+06
 7.76368E-01
 2.23632E-01
 2.01287E+06
 7.83626E-01
 2.16374E-01
 2.01287E+06
 7.91050E-01
 2.08950E-01
 2.01287E+06
 7.98646E-01
 2.01354E-01
 2.01287E+06
 8.06422E-01
 1.93578E-01
 2.01287E+06
 8.14384E-01
 1.85616E-01
 2.01287E+06
 8.22539E-01
 1.77461E-01
 2.01287E+06
 8.30895E-01
 1.69105E-01
 2.01287E+06
 8.39460E-01
 1.60540E-01
 2.01286E+06
 8.48242E-01
 1.51758E-01
 2.01286E+06
 8.57250E-01
 1.42750E-01
 2.01286E+06
 8.66494E-01
 1.33506E-01
 2.01286E+06
 8.75982E-01
 1.24018E-01
 2.01286E+06
 8.85726E-01
 1.14274E-01
 2.01286E+06
 8.95735E-01
 1.04265E-01
 2.01286E+06
 9.06021E-01
 9.39790E-02
 2.01286E+06
 9.16596E-01
 8.34036E-02
 2.01286E+06
 9.27471E-01
 7.25285E-02
 2.01286E+06
 9.38660E-01
 6.13403E-02
 2.01286E+06
 9.50175E-01
 4.98250E-02
 2.01286E+06
 9.62030E-01
 3.79703E-02
 2.01285E+06
 9.72894E-01
 2.71061E-02
 2.01285E+06
 9.80666E-01
 1.93335E-02
 2.01285E+06
 9.86232E-01
 1.37678E-02
 2.01285E+06
 9.90197E-01
 9.80311E-03
 2.01285E+06
 9.93028E-01
 6.97242E-03
 2.01285E+06
 9.95042E-01
 4.95813E-03
 2.01286E+06
 9.96476E-01
 3.52371E-03
 2.01286E+06
 9.97495E-01
 2.50490E-03
 2.01286E+06
 9.98220E-01
 1.77981E-03
 2.01286E+06
 9.98735E-01
 1.26500E-03
 2.01286E+06
 9.99101E-01
 8.98715E-04
 2.01286E+06
 9.99361E-01
 6.38700E-04
 2.01286E+06
 9.99546E-01
 4.53737E-04
 2.01286E+06
 9.99678E-01
 3.22446E-04
 2.01286E+06
 9.99771E-01
 2.29061E-04
 2.01286E+06
 9.99837E-01
 1.62776E-04
 2.01286E+06
 9.99884E-01
 1.15632E-04
 2.01286E+06
 9.99918E-01
 8.21687E-05
 2.01286E+06
 9.99942E-01
 5.83702E-05
 2.01286E+06
 9.99959E-01
 4.14776E-05
 2.01286E+06
 9.99971E-01
 2.94643E-05
 2.01286E+06
 9.99979E-01
 2.09369E-05
 2.01286E+06
 9.99985E-01
 1.48729E-05
 2.01286E+06
 9.99989E-01
 1.05683E-05
 2.01286E+06
 9.99992E-01
 7.50738E-06
 2.01286E+06
 9.99995E-01
 5.33453E-06
 2.01286E+06
 9.99996E-01
 3.78946E-06
 2.01286E+06
 9.99997E-01
 2.69266E-06
 2.01286E+06
 9.99998E-01
 1.91277E-06
 2.01286E+06
 9.99999E-01
 1.35913E-06
 2.01286E+06
 9.99999E-01
 9.65478E-07
 2.01286E+06
 9.99999E-01
 6.86021E-07
 2.01286E+06
 1.00000E+00
 4.87325E-07
 2.01286E+06
 1.00000E+00
 3.46266E-07
 2.01286E+06
 1.00000E+00
 2.45975E-07
 2.01286E+06
 1.00000E+00
 1.74774E-07
 2.01286E+06
 1.00000E+00
 1.24154E-07
 2.01286E+06
 1.00000E+00
 8.82151E-08
 2.01286E+06
 1.00000E+00
 6.26648E-08
 2.01286E+06
 1.00000E+00
 4.45250E-08
 2.01286E+06
 1.00000E+00
 3.16289E-08
 2.01286E+06
 1.00000E+00
 2.24730E-08
 2.01286E+06
 1.00000E+00
 1.59640E-08
 2.01286E+06
 1.00000E+00
 1.13427E-08
 2.01286E+06
 1.00000E+00
 8.05742E-09
 2.01286E+06
 1.00000E+00
 5.72487E-09
 2.01286E+06
 1.00000E+00
 4.06674E-09
 2.01286E+06
 1.00000E+00
 2.88944E-09
 2.01286E+06
 1.00000E+00
 2.05255E-09
 2.01286E+06
 1.00000E+00
 1.45833E-09
 2.01286E+06
 1.00000E+00
 1.03595E-09
 2.01286E+06
 1.00000E+00
 7.36034E-10
 2.01286E+06
 1.00000E+00
 5.22852E-10
 2.01286E+06
 1.00000E+00
 3.71480E-10
 2.01286E+06
 1.00000E+00
 2.63886E-10
 2.01286E+06
 1.00000E+00
 1.87487E-10
 2.01286E+06
 1.00000E+00
 1.33184E-10
 2.01286E+06
 1.00000E+00
 9.46244E-11
 2.01286E+06
 1.00000E+00
 6.72178E-11
 2.01286E+06
 1.00000E+00
 4.77565E-11
 2.01286E+06
 1.00000E+00
 3.39245E-11
 2.01286E+06
 1.00000E+00
 2.41023E-11
 2.01286E+06
 1.00000E+00
 1.71214E-11
 2.01286E+06
 1.00000E+00
 1.21642E-11
 2.01286E+06
 1.00000E+00
 8.64097E-12
 2.01286E+06
 1.00000E+00
 6.13904E-12
 2.01286E+06
 1.00000E+00
 4.36094E-12
 2.01286E+06
 1.00000E+00
 3.09825E-12
 2.01286E+06
 1.00000E+00
 2.20084E-12
 2.01286E+06
 1.00000E+00
 1.56357E-12
 2.01286E+06
 1.00000E+00
 1.11069E-12
 2.01286E+06
 1.00000E+00
 7.89093E-13
 2.01286E+06
 1.00000E+00
 5.60527E-13
 2.01286E+06
 1.00000E+00
 3.98226E-13
 2.01286E+06
 1.00000E+00
 2.82850E-13
 2.01286E+06
 1.00000E+00
 2.00927E-13
 2.01286E+06
 1.00000E+00
 1.42660E-13
 2.01286E+06
 1.00000E+00
 1.01377E-13
 2.01286E+06
 1.00000E+00
 7.20508E-14
 2.01286E+06
 1.00000E+00
 5.12162E-14
 2.01286E+06
 1.00000E+00
 3.64244E-14
 2.01286E+06
 1.00000E+00
 2.58784E-14
 2.01286E+06
 1.00000E+00
 1.84182E-14
 2.01286E+06
 1.00000E+00
 1.30809E-14
 2.01286E+06
 1.00000E+00
 9.22212E-15
 2.01286E+06
 1.00000E+00
 6.58558E-15
 2.01286E+06
 1.00000E+00
 4.65622E-15
 2.01286E+06
 1.00000E+00
 3.37008E-15
 2.01286E+06
 1.00000E+00
 2.40540E-15
 2.01286E+06
 1.00000E+00
 1.76232E-15
 2.01286E+06
 1.00000E+00
 1.24782E-15
 2.01286E+06
 1.00000E+00
 8.61986E-16
 2.01286E+06
 1.00000E+00
 6.04737E-16
 2.01286E+06
 1.00000E+00
 4.76110E-16
 2.01286E+06
 1.00000E+00
 3.47486E-16
 2.01286E+06
 1.00000E+00
 2.18879E-16
 2.01286E+06
 1.00000E+00
 1.54567E-16
 2.01286E+06
 1.00000E+00
 9.02639E-17
 2.01286E+06
 1.00000E+00
 9.02639E-17
 2.01285E+06
 1.00000E+00
 9.02579E-17
 2.01285E+06
 1.00000E+00
 9.02579E-17
 2.01285E+06
 1.00000E+00
 9.02523E-17
 2.01285E+06
 1.00000E+00
 9.02523E-17
 2.01285E+06
 1.00000E+00
 9.02471E-17
 2.01285E+06
 1.00000E+00
 9.02471E-17
 2.01285E+06
 1.00000E+00
 9.02422E-17
 2.01285E+06
 1.00000E+00
 9.02422E-17
 2.01285E+06
 1.00000E+00
 9.02377E-17
 2.01285E+06
 1.00000E+00
 9.02377E-17
 2.01285E+06
 1.00000E+00
 9.02336E-17
 2.01285E+06
 1.00000E+00
 9.02336E-17
 2.01285E+06
 1.00000E+00
 9.02297E-17
 2.01285E+06
 1.00000E+00
 9.02297E-17
 2.01285E+06
 1.00000E+00
 9.02262E-17
 2.01285E+06
 1.00000E+00
 9.02262E-17
 2.01285E+06
 1.00000E+00
 9.02230E-17
 2.01285E+06
 1.00000E+00
 9.02230E-17
 2.01285E+06
 1.00000E+00
 9.02201E-17
 2.01285E+06
 1.00000E+00
 9.02201E-17
 2.01285E+06
 1.00000E+00
 9.02174E-17
 2.01285E+06
 1.00000E+00
 9.02174E-17
 2.01285E+06
 1.00000E+00
 9.02151E-17
 2.01285E+06
 1.00000E+00
 9.02151E-17
 2.01285E+06
 1.00000E+00
 9.02129E-17
 2.01285E+06
 1.00000E+00
 9.02129E-17
 2.01285E+06
 1.00000E+00
 9.02110E-17
 2.01285E+06
 1.00000E+00
 9.02110E-17
 2.01285E+06
 1.00000E+00
 9.02093E-17
 2.01285E+06
 1.00000E+00
 9.02093E-17
 2.01285E+06
 1.00000E+00
 9.02078E-17
 2.01285E+06
 1.00000E+00
 9.02078E-17
 2.01285E+06
 1.00000E+00
 9.02065E-17
 2.01285E+06
 1.00000E+00
 9.02065E-17
 2.01285E+06
 1.00000E+00
 9.02054E-17
 2.01285E+06
 1.00000E+00
 9.02054E-17
 2.01285E+06
 1.00000E+00
 9.02045E-17
 2.01285E+06
 1.00000E+00
 9.02045E-17
 2.01285E+06
 1.00000E+00
 9.02037E-17
 2.01285E+06
 1.00000E+00
 9.02037E-17
 2.01285E+06
 1.00000E+00
 9.02030E-17
 2.01285E+06
 1.00000E+00
 9.02030E-17
 2.01285E+06
 1.00000E+00
 9.02025E-17
 2.01285E+06
 1.00000E+00
 9.02025E-17
 2.01285E+06
 1.00000E+00
 9.02021E-17
 2.01285E+06
 1.00000E+00
 9.02021E-17
 2.01285E+06
 1.00000E+00
 9.02017E-17
 2.01285E+06
 1.00000E+00
 9.02017E-17
 2.01285E+06
 1.00000E+00
 9.02015E-17
 2.01285E+06
 1.00000E+00
 9.02015E-17
 2.01285E+06
 1.00000E+00
 9.02014E-17
 2.01285E+06
 1.00000E+00
 9.02014E-17
 2.01285E+06
 1.00000E+00
 9.02013E-17
 2.01285E+06
 1.00000E+00
 9.02013E-17
 2.01285E+06
 1.00000E+00
 9.02012E-17
 2.01285E+06
 1.00000E+00
 9.02012E-17
 2.01285E+06
 1.00000E+00
 9.02012E-17
 2.01285E+06
 1.00000E+00
 9.02012E-17
 2.01285E+06
 1.00000E+00
 9.02012E-17
 2.01285E+06
 1.00000E+00
 9.02012E-17
 2.01284E+06
 1.00000E+00
 9.02019E-17
 2.01283E+06
 1.00000E+00
 9.02021E-17
 2.01283E+06
 1.00000E+00
 9.02020E-17
 2.01283E+06
 1.00000E+00
 9.02021E-17
 2.01284E+06
 1.00000E+00
 9.02020E-17
 2.01284E+06
 1.00000E+00
 9.02020E-17
 2.01284E+06
 1.00000E+00
 9.02018E-17
 2.01284E+06
 1.00000E+00
 9.02019E-17
 2.01284E+06
 1.00000E+00
 9.02017E-17
 2.01284E+06
 1.00000E+00
 9.02017E-17
 2.01284E+06
 1.00000E+00
 9.02016E-17
 2.01284E+06
 1.00000E+00
 9.02016E-17
 2.01285E+06
 1.00000E+00
 9.02015E-17
 2.01284E+06
 1.00000E+00
 9.02015E-17
 2.01285E+06
 1.00000E+00
 9.02014E-17
 2.01285E+06
 1.00000E+00
 9.02015E-17
 2.01285E+06
 1.00000E+00
 9.02014E-17
 2.01285E+06
 1.00000E+00
 9.02014E-17
 2.01285E+06
 1.00000E+00
 9.02014E-17
 2.01285E+06
 1.00000E+00
 9.02014E-17
 2.01285E+06
 1.00000E+00
 9.02014E-17
 2.01285E+06
 1.00000E+00
 9.02014E-17
 2.01285E+06
 1.00000E+00
 9.02014E-17
 2.01285E+06
 1.00000E+00
 9.02014E-17
 2.01285E+06
 1.00000E+00
 9.02014E-17
 2.01285E+06
 1.00000E+00
 9.02014E-17
 2.01285E+06
 1.00000E+00
 9.02014E-17
 2.01285E+06
 1.00000E+00
 9.02014E-17
 2.01285E+06
 1.00000E+00
 9.02014E-17
 2.01285E+06
 1.00000E+00
 9.02014E-17
 2.01285E+06
 1.00000E+00
 9.02014E-17
 2.01285E+06
 1.00000E+00
 9.02014E-17
 2.01285E+06
 1.00000E+00
 9.02014E-17
 2.01285E+06
 1.00000E+00
 9.02014E-17
 2.01285E+06
 1.00000E+00
 9.02014E-17
 2.01285E+06
 1.00000E+00
 9.02014E-17
 2.01285E+06
 1.00000E+00
 9.02014E-17
 2.01285E+06
 1.00000E+00
 9.02014E-17
 2.01285E+06
 1.00000E+00
 9.02014E-17
 2.01285E+06
 1.00000E+00
 9.02014E-17
 2.01285E+06
 1.00000E+00
 9.02014E-17
 2.01285E+06
 1.00000E+00
 9.02014E-17
 2.01285E+06
 1.00000E+00
 9.02014E-17
 2.01285E+06
 1.00000E+00
 9.02014E-17
 2.01285E+06
 1.00000E+00
 9.02014E-17
 2.01285E+06
 1.00000E+00
 9.02014E-17
 2.01285E+06
 1.00000E+00
 9.02014E-17
 2.01285E+06
 1.00000E+00
 9.02014E-17
 2.01285E+06
 1.00000E+00
 9.02014E-17
 2.01285E+06
 1.00000E+00
 9.02014E-17
 2.01285E+06
 1.00000E+00
 9.02014E-17
 2.01285E+06
 1.00000E+00
 9.02014E-17
 2.01285E+06
 1.00000E+00
 9.02014E-17
 2.01285E+06
 1.00000E+00
 9.02014E-17
 2.01285E+06
 1.00000E+00
 9.02014E-17
 2.01285E+06
 1.00000E+00
 9.02014E-17
 2.01285E+06
 1.00000E+00
 9.02014E-17
 2.01285E+06
 1.00000E+00
 9.02014E-17
 2.01285E+06
 1.00000E+00
 9.02014E-17
 2.01285E+06
 1.00000E+00
 9.02014E-17
 2.01285E+06
 1.00000E+00
 9.02014E-17
 2.01285E+06
 1.00000E+00
 9.02014E-17
 2.01285E+06
 1.00000E+00
 9.02014E-17
 2.01285E+06
 1.00000E+00
 9.02014E-17
 2.01285E+06
 1.00000E+00
 9.02014E-17
 2.01285E+06
 1.00000E+00
 9.02014E-17
 2.01285E+06
 1.00000E+00
 9.02014E-17
 2.01285E+06
 1.00000E+00
 9.02014E-17
 2.01285E+06
 1.00000E+00
 9.02014E-17
 2.01285E+06
 1.00000E+00
 9.02014E-17
 2.01285E+06
 1.00000E+00
 9.02014E-17
 2.01285E+06
 1.00000E+00
 9.02014E-17
 2.01285E+06
 1.00000E+00
 9.02014E-17
 2.01285E+06
 1.00000E+00
 9.02014E-17
 2.01285E+06
 1.00000E+00
 9.02014E-17
 2.01285E+06
 1.00000E+00
 9.02014E-17
 2.01285E+06
 1.00000E+00
 9.02014E-17
 2.01285E+06
 1.00000E+00
 9.02014E-17
 2.01285E+06
 1.00000E+00
 9.02014E-17
 2.01285E+06
 1.00000E+00
 9.02014E-17
 2.01285E+06
 1.00000E+00
 9.02014E-17
 2.01285E+06
 1.00000E+00
 9.02014E-17
 2.01285E+06
 1.00000E+00
 9.02014E-17
 2.01285E+06
 1.00000E+00
 9.02014E-17
 2.01285E+06
 1.00000E+00
 9.02014E-17
 2.01285E+06
 1.00000E+00
 9.02014E-17
 2.01285E+06
 1.00000E+00
 9.02014E-17
 2.01285E+06
 1.00000E+00
 9.02014E-17
 2.01285E+06
 1.00000E+00
 9.02014E-17
 2.01285E+06
 1.00000E+00
 9.02014E-17
 2.01285E+06
 1.00000E+00
 9.02014E-17
 2.01285E+06
 1.00000E+00
 9.02014E-17
 2.01285E+06
 1.00000E+00
 9.02014E-17
 2.01285E+06
 1.00000E+00
 9.02014E-17
 2.01285E+06
 1.00000E+00
 9.02014E-17
 2.01285E+06
 1.00000E+00
 9.02014E-17
 2.01285E+06
 1.00000E+00
 9.02014E-17
 2.01285E+06
 1.00000E+00
 9.02014E-17
 2.01285E+06
 1.00000E+00
 9.02014E-17
 2.01285E+06
 1.00000E+00
 9.02014E-17
 2.01285E+06
 1.00000E+00
 9.02014E-17
 2.01285E+06
 1.00000E+00
 9.02014E-17
 2.01285E+06
 1.00000E+00
 9.02014E-17
 2.01285E+06
 1.00000E+00
 9.02014E-17
 2.01285E+06
 1.00000E+00
 9.02014E-17
 2.01285E+06
 1.00000E+00
 9.02014E-17
 2.01285E+06
 1.00000E+00
 9.02014E-17
 2.01285E+06
 1.00000E+00
 9.02014E-17
 2.01285E+06
 1.00000E+00
 9.02014E-17
 2.01285E+06
 1.00000E+00
 9.02014E-17
 2.01285E+06
 1.00000E+00
 9.02014E-17
 2.01285E+06
 1.00000E+00
 9.02014E-17
 2.01285E+06
 1.00000E+00
 9.02014E-17
 2.01285E+06
 1.00000E+00
 9.02014E-17
 2.01285E+06
 1.00000E+00
 9.02014E-17
 2.01285E+06
 1.00000E+00
 9.02014E-17
 2.01285E+06
 1.00000E+00
 9.02014E-17
 2.01285E+06
 1.00000E+00
 9.02014E-17
 2.01285E+06
 1.00000E+00
 9.02014E-17
 2.01285E+06
 1.00000E+00
 9.02014E-17
 2.01285E+06
 1.00000E+00
 9.02014E-17
 2.01285E+06
 1.00000E+00
 9.02014E-17
 2.01285E+06
 1.00000E+00
 9.02014E-17
 2.01285E+06
 1.00000E+00
 9.02014E-17
 2.01285E+06
 1.00000E+00
 9.02014E-17
 2.01285E+06
 1.00000E+00
 9.02014E-17
 2.01285E+06
 1.00000E+00
 9.02014E-17
 2.01285E+06
 1.00000E+00
 9.02014E-17
 2.01285E+06
 1.00000E+00
 9.02014E-17
 2.01285E+06
 1.00000E+00
 9.02014E-17
 2.01285E+06
 1.00000E+00
 9.02014E-17
 2.01285E+06
 1.00000E+00
 9.02014E-17
 2.01285E+06
 1.00000E+00
 9.02014E-17
 2.01285E+06
 1.00000E+00
 9.02014E-17
 2.01285E+06
 1.00000E+00
 9.02014E-17
 2.01285E+06
 1.00000E+00
 9.02014E-17
 2.01285E+06
 1.00000E+00
 9.02014E-17
 2.01285E+06
 1.00000E+00
 9.02014E-17
 2.01285E+06
 1.00000E+00
 9.02014E-17
 2.01285E+06
 1.00000E+00
 9.02014E-17
 2.01285E+06
 1.00000E+00
 9.02014E-17
 2.01285E+06
 1.00000E+00
 9.02014E-17
 2.01285E+06
 1.00000E+00
 9.02014E-17
 2.01285E+06
 1.00000E+00
 9.02014E-17
 2.01285E+06
 1.00000E+00
 9.02014E-17
 2.01285E+06
 1.00000E+00
 9.02014E-17
 2.01285E+06
 1.00000E+00
 9.02014E-17
 2.01285E+06
 1.00000E+00
 9.02014E-17
 2.01285E+06
 1.00000E+00
 9.02014E-17
 2.01285E+06
 1.00000E+00
 9.02014E-17
 2.01285E+06
 1.00000E+00
 9.02014E-17
 2.01285E+06
 1.00000E+00
 9.02014E-17
 2.01285E+06
 1.00000E+00
 9.02014E-17
 2.01285E+06
 1.00000E+00
 9.02014E-17
 2.01285E+06
 1.00000E+00
 9.02014E-17
 2.01285E+06
 1.00000E+00
 9.02014E-17
 2.01285E+06
 1.00000E+00
 9.02014E-17
 2.01285E+06
 1.00000E+00
 9.02014E-17
 2.01285E+06
 1.00000E+00
 9.02014E-17
 2.01285E+06
 1.00000E+00
 9.02014E-17
 2.01285E+06
 1.00000E+00
 9.02014E-17
 2.01285E+06
 1.00000E+00
 9.02014E-17
 2.01285E+06
 1.00000E+00
 9.02014E-17
 2.01285E+06
 1.00000E+00
 9.02015E-17
 2.01285E+06
 1.00000E+00
 9.02015E-17
 2.01285E+06
 1.00000E+00
 9.02015E-17
 2.01285E+06
 1.00000E+00
 9.02015E-17
 2.01285E+06
 1.00000E+00
 9.02015E-17
 2.01285E+06
 1.00000E+00
 9.02015E-17
 2.01285E+06
 1.00000E+00
 9.02015E-17
 2.01285E+06
 1.00000E+00
 9.02015E-17
 2.01285E+06
 1.00000E+00
 9.02015E-17
 2.01285E+06
 1.00000E+00
 9.02015E-17
 2.01285E+06
 1.00000E+00
 9.02015E-17
 2.01285E+06
 1.00000E+00
 9.02015E-17
 2.01285E+06
 1.00000E+00
 9.02015E-17
 2.01285E+06
 1.00000E+00
 9.02015E-17
 2.01285E+06
 1.00000E+00
 9.02015E-17
 2.01285E+06
 1.00000E+00
 9.02015E-17
 2.01285E+06
 1.00000E+00
 9.02015E-17
 2.01285E+06
 1.00000E+00
 9.02015E-17
 2.01285E+06
 1.00000E+00
 9.02015E-17
 2.01285E+06
 1.00000E+00
 9.02015E-17
 2.01285E+06
 1.00000E+00
 9.02015E-17
 2.01285E+06
 1.00000E+00
 9.02015E-17
 2.01285E+06
 1.00000E+00
 9.02015E-17
 2.01285E+06
 1.00000E+00
 9.02015E-17
 2.01285E+06
 1.00000E+00
 9.02015E-17
 2.01285E+06
 1.00000E+00
 9.02015E-17
 2.01285E+06
 1.00000E+00
 9.02015E-17
 2.01285E+06
 1.00000E+00
 9.02015E-17
 2.01284E+06
 1.00000E+00
 9.02015E-17
 2.01284E+06
 1.00000E+00
 9.02015E-17
 2.01284E+06
 1.00000E+00
 9.02015E-17
 2.01284E+06
 1.00000E+00
 9.02015E-17
 2.01284E+06
 1.00000E+00
 9.02015E-17
 2.01284E+06
 1.00000E+00
 9.02015E-17
 2.01284E+06
 1.00000E+00
 9.02015E-17
 2.01284E+06
 1.00000E+00
 9.02015E-17
 2.01284E+06
 1.00000E+00
 9.02015E-17
 2.01284E+06
 1.00000E+00
 9.02018E-17
 2.01284E+06
 1.00000E+00
 9.02019E-17
 2.01284E+06
 1.00000E+00
 9.02019E-17
 2.01284E+06
 1.00000E+00
 9.02019E-17
 2.01284E+06
 1.00000E+00
 9.02019E-17
 2.01284E+06
 1.00000E+00
 9.02019E-17
 2.01284E+06
 1.00000E+00
 9.02018E-17
 2.01284E+06
 1.00000E+00
 9.02018E-17
 2.01284E+06
 1.00000E+00
 9.02018E-17
 2.01284E+06
 1.00000E+00
 9.02018E-17
 2.01284E+06
 1.00000E+00
 9.02017E-17
 2.01284E+06
 1.00000E+00
 9.02017E-17
 2.01284E+06
 1.00000E+00
 9.02017E-17
 2.01284E+06
 1.00000E+00
 9.02017E-17
 2.01284E+06
 1.00000E+00
 9.02017E-17
 2.01284E+06
 1.00000E+00
 9.02017E-17
 2.01284E+06
 1.00000E+00
 9.02016E-17
 2.01284E+06
 1.00000E+00
 9.02016E-17
 2.01284E+06
 1.00000E+00
 9.02016E-17
 2.01284E+06
 1.00000E+00
 9.02016E-17
 2.01284E+06
 1.00000E+00
 9.02016E-17
 2.01284E+06
 1.00000E+00
 9.02016E-17
 2.01284E+06
 1.00000E+00
 9.02016E-17
 2.01284E+06
 1.00000E+00
 9.02016E-17
 2.01284E+06
 1.00000E+00
 9.02016E-17
 2.01284E+06
 1.00000E+00
 9.02016E-17
 2.01284E+06
 1.00000E+00
 9.02016E-17
 2.01284E+06
 1.00000E+00
 9.02016E-17
 2.01284E+06
 1.00000E+00
 9.02016E-17
 2.01284E+06
 1.00000E+00
 9.02016E-17
 2.01284E+06
 1.00000E+00
 9.02016E-17
 2.01284E+06
 1.00000E+00
 9.02016E-17
 2.01284E+06
 1.00000E+00
 9.02016E-17
 2.01284E+06
 1.00000E+00
 9.02016E-17
 2.01284E+06
 1.00000E+00
 9.02016E-17
 2.01284E+06
 1.00000E+00
 9.02016E-17
 2.01284E+06
 1.00000E+00
 9.02016E-17
 2.01284E+06
 1.00000E+00
 9.02016E-17
 2.01284E+06
 1.00000E+00
 9.02016E-17
 2.01284E+06
 1.00000E+00
 9.02016E-17
 2.01284E+06
 1.00000E+00
 9.02016E-17
 2.01284E+06
 1.00000E+00
 9.02016E-17
 2.01284E+06
 1.00000E+00
 9.02016E-17
 2.01284E+06
 1.00000E+00
 9.02016E-17
 2.01284E+06
 1.00000E+00
 9.02016E-17
 2.01284E+06
 1.00000E+00
 9.02016E-17
 2.01284E+06
 1.00000E+00
 9.02016E-17
 2.01284E+06
 1.00000E+00
 9.02016E-17
 2.01284E+06
 1.00000E+00
 9.02016E-17
 2.01284E+06
 1.00000E+00
 9.02016E-17
 2.01284E+06
 1.00000E+00
 9.02016E-17
 2.01284E+06
 1.00000E+00
 9.02017E-17
 2.01284E+06
 1.00000E+00
 9.02016E-17
 2.01284E+06
 1.00000E+00
 9.02017E-17
 2.01284E+06
 1.00000E+00
 9.02016E-17
 2.01284E+06
 1.00000E+00
 9.02017E-17
 2.01284E+06
 1.00000E+00
 9.02017E-17
 2.01283E+06
 1.00000E+00
 9.02020E-17
 2.01283E+06
 1.00000E+00
 9.02022E-17
 2.01283E+06
 1.00000E+00
 9.02022E-17
 2.01283E+06
 1.00000E+00
 9.02022E-17
 2.01283E+06
 1.00000E+00
 9.02022E-17
 2.01283E+06
 1.00000E+00
 9.02022E-17
 2.01283E+06
 1.00000E+00
 9.02022E-17
 2.01283E+06
 1.00000E+00
 9.02021E-17
 2.01283E+06
 1.00000E+00
 9.02021E-17
 2.01283E+06
 1.00000E+00
 9.02021E-17
 2.01283E+06
 1.00000E+00
 9.02020E-17
 2.01283E+06
 1.00000E+00
 9.02020E-17
 2.01284E+06
 1.00000E+00
 9.02020E-17
 2.01284E+06
 1.00000E+00
 9.02020E-17
 2.01284E+06
 1.00000E+00
 9.02020E-17
 2.01284E+06
 1.00000E+00
 9.02020E-17
 2.01284E+06
 1.00000E+00
 9.02019E-17
 2.01284E+06
 1.00000E+00
 9.02019E-17
 2.01284E+06
 1.00000E+00
 9.02019E-17
 2.01284E+06
 1.00000E+00
 9.02019E-17
 2.01284E+06
 1.00000E+00
 9.02018E-17
 2.01284E+06
 1.00000E+00
 9.02018E-17
 2.01284E+06
 1.00000E+00
 9.02018E-17
 2.01284E+06
 1.00000E+00
 9.02018E-17
 2.01284E+06
 1.00000E+00
 9.02018E-17
 2.01284E+06
 1.00000E+00
 9.02018E-17
 2.01284E+06
 1.00000E+00
 9.02018E-17
 2.01284E+06
 1.00000E+00
 9.02018E-17
 2.01284E+06
 1.00000E+00
 9.02018E-17
 2.01284E+06
 1.00000E+00
 9.02018E-17
 2.01284E+06
 1.00000E+00
 9.02018E-17
 2.01284E+06
 1.00000E+00
 9.02018E-17
 2.01284E+06
 1.00000E+00
 9.02018E-17
 2.01284E+06
 1.00000E+00
 9.02018E-17
 2.01284E+06
 1.00000E+00
 9.02018E-17
 2.01284E+06
 1.00000E+00
 9.02018E-17
 2.01284E+06
 1.00000E+00
 9.02018E-17
 2.01284E+06
 1.00000E+00
 9.02018E-17
 2.01284E+06
 1.00000E+00
 9.02018E-17
 2.01284E+06
 1.00000E+00
 9.02018E-17
 2.01284E+06
 1.00000E+00
 9.02017E-17
 2.01284E+06
 1.00000E+00
 9.02018E-17
 2.01284E+06
 1.00000E+00
 9.02017E-17
 2.01284E+06
 1.00000E+00
 9.02018E-17
 2.01284E+06
 1.00000E+00
 9.02017E-17
 2.01284E+06
 1.00000E+00
 9.02017E-17
 2.01284E+06
 1.00000E+00
 9.02017E-17
 2.01284E+06
 1.00000E+00
 9.02017E-17
 2.01284E+06
 1.00000E+00
 9.02017E-17
 2.01284E+06
 1.00000E+00
 9.02017E-17
 2.01284E+06
 1.00000E+00
 9.02017E-17
 2.01284E+06
 1.00000E+00
 9.02017E-17
 2.01284E+06
 1.00000E+00
 9.02017E-17
 2.01284E+06
 1.00000E+00
 9.02017E-17
 2.01284E+06
 1.00000E+00
 9.02017E-17
 2.01284E+06
 1.00000E+00
 9.02017E-17
 2.01284E+06
 1.00000E+00
 9.02017E-17
 2.01284E+06
 1.00000E+00
 9.02017E-17
 2.01284E+06
 1.00000E+00
 9.02017E-17
 2.01284E+06
 1.00000E+00
 9.02017E-17
 2.01284E+06
 1.00000E+00
 9.02017E-17
 2.01284E+06
 1.00000E+00
 9.02017E-17
 2.01284E+06
 1.00000E+00
 9.02017E-17
 2.01284E+06
 1.00000E+00
 9.02017E-17
 2.01284E+06
 1.00000E+00
 9.02017E-17
 2.01284E+06
 1.00000E+00
 9.02017E-17
 2.01284E+06
 1.00000E+00
 9.02017E-17
 2.01284E+06
 1.00000E+00
 9.02017E-17
 2.01284E+06
 1.00000E+00
 9.02017E-17
 2.01284E+06
 1.00000E+00
 9.02017E-17
 2.01284E+06
 1.00000E+00
 9.02017E-17
 2.01284E+06
 1.00000E+00
 9.02017E-17
 2.01284E+06
 1.00000E+00
 9.02017E-17
 2.01284E+06
 1.00000E+00
 9.02017E-17
 2.01284E+06
 1.00000E+00
 9.02017E-17
 2.01284E+06
 1.00000E+00
 9.02017E-17
 2.01284E+06
 1.00000E+00
 9.02017E-17
 2.01284E+06
 1.00000E+00
 9.02017E-17
 2.01284E+06
 1.00000E+00
 9.02017E-17
 2.01284E+06
 1.00000E+00
 9.02017E-17
 2.01284E+06
 1.00000E+00
 9.02017E-17
 2.01284E+06
 1.00000E+00
 9.02017E-17
 2.01284E+06
 1.00000E+00
 9.02017E-17
 2.01284E+06
 1.00000E+00
 9.02017E-17
 2.01284E+06
 1.00000E+00
 9.02017E-17
 2.01284E+06
 1.00000E+00
 9.02017E-17
 2.01284E+06
 1.00000E+00
 9.02017E-17
 2.01284E+06
 1.00000E+00
 9.02017E-17
 2.01284E+06
 1.00000E+00
 9.02017E-17
 2.01284E+06
 1.00000E+00
 9.02017E-17
 2.01284E+06
 1.00000E+00
 9.02017E-17
 2.01284E+06
 1.00000E+00
 9.02017E-17
 2.01284E+06
 1.00000E+00
 9.02017E-17
 2.01284E+06
 1.00000E+00
 9.02017E-17
 2.01284E+06
 1.00000E+00
 9.02017E-17
 2.01284E+06
 1.00000E+00
 9.02017E-17
 2.01284E+06
 1.00000E+00
 9.02017E-17
 2.01284E+06
 1.00000E+00
 9.02017E-17
 2.01284E+06
 1.00000E+00
 9.02017E-17
 2.01284E+06
 1.00000E+00
 9.02017E-17
 2.01284E+06
 1.00000E+00
 9.02017E-17
 2.01284E+06
 1.00000E+00
 9.02017E-17
 2.01284E+06
 1.00000E+00
 9.02017E-17
 2.01284E+06
 1.00000E+00
 9.02017E-17
 2.01284E+06
 1.00000E+00
 9.02017E-17
 2.01284E+06
 1.00000E+00
 9.02017E-17
 2.01284E+06
 1.00000E+00
 9.02017E-17
 2.01284E+06
 1.00000E+00
 9.02017E-17
 2.01284E+06
 1.00000E+00
 9.02017E-17
 2.01284E+06
 1.00000E+00
 9.02017E-17
 2.01284E+06
 1.00000E+00
 9.02017E-17
 2.01284E+06
 1.00000E+00
 9.02017E-17
 2.01284E+06
 1.00000E+00
 9.02017E-17
 2.01284E+06
 1.00000E+00
 9.02017E-17
 2.01284E+06
 1.00000E+00
 9.02017E-17
 2.01284E+06
 1.00000E+00
 9.02017E-17
 2.01284E+06
 1.00000E+00
 9.02017E-17
 2.01284E+06
 1.00000E+00
 9.02017E-17
 2.01284E+06
 1.00000E+00
 9.02017E-17
 2.01284E+06
 1.00000E+00
 9.02017E-17
 2.01284E+06
 1.00000E+00
 9.02017E-17
 2.01284E+06
 1.00000E+00
 9.02017E-17
 2.01284E+06
 1.00000E+00
 9.02017E-17
 2.01284E+06
 1.00000E+00
 9.02017E-17
 2.01284E+06
 1.00000E+00
 9.02017E-17
 2.01284E+06
 1.00000E+00
 9.02017E-17
 2.01284E+06
 1.00000E+00
 9.02017E-17
 2.01284E+06
 1.00000E+00
 9.02017E-17
 2.01284E+06
 1.00000E+00
 9.02017E-17
 2.01284E+06
 1.00000E+00
 9.02017E-17
 2.01284E+06
 1.00000E+00
 9.02017E-17
 2.01284E+06
 1.00000E+00
 9.02017E-17
 2.01284E+06
 1.00000E+00
 9.02017E-17
 2.01284E+06
 1.00000E+00
 9.02017E-17
 2.01284E+06
 1.00000E+00
 9.02017E-17
 2.01284E+06
 1.00000E+00
 9.02017E-17
 2.01284E+06
 1.00000E+00
 9.02017E-17
 2.01284E+06
 1.00000E+00
 9.02017E-17
 2.01284E+06
 1.00000E+00
 9.02017E-17
 2.01284E+06
 1.00000E+00
 9.02017E-17
 2.01284E+06
 1.00000E+00
 9.02017E-17
 2.01284E+06
 1.00000E+00
 9.02017E-17
 2.01284E+06
 1.00000E+00
 9.02017E-17
 2.01284E+06
 1.00000E+00
 9.02017E-17
 2.01284E+06
 1.00000E+00
 9.02017E-17
 2.01284E+06
 1.00000E+00
 9.02017E-17
 2.01284E+06
 1.00000E+00
 9.02017E-17
 2.01284E+06
 1.00000E+00
 9.02017E-17
 2.01284E+06
 1.00000E+00
 9.02017E-17
 2.01284E+06
 1.00000E+00
 9.02017E-17
 2.01284E+06
 1.00000E+00
 9.02017E-17
 2.01284E+06
 1.00000E+00
 9.02017E-17
 2.01284E+06
 1.00000E+00
 9.02017E-17
 2.01284E+06
 1.00000E+00
 9.02017E-17
 2.01284E+06
 1.00000E+00
 9.02017E-17
 2.01284E+06
 1.00000E+00
 9.02018E-17
 2.01284E+06
 1.00000E+00
 9.02017E-17
 2.01284E+06
 1.00000E+00
 9.02018E-17
 2.01284E+06
 1.00000E+00
 9.02017E-17
 2.01284E+06
 1.00000E+00
 9.02018E-17
 2.01284E+06
 1.00000E+00
 9.02017E-17
 2.01284E+06
 1.00000E+00
 9.02018E-17
 2.01284E+06
 1.00000E+00
 9.02017E-17
 2.01284E+06
 1.00000E+00
 9.02018E-17
 2.01284E+06
 1.00000E+00
 9.02018E-17
 2.01284E+06
 1.00000E+00
 9.02018E-17
 2.01284E+06
 1.00000E+00
 9.02018E-17
 2.01284E+06
 1.00000E+00
 9.02018E-17
 2.01284E+06
 1.00000E+00
 9.02018E-17
 2.01284E+06
 1.00000E+00
 9.02018E-17
 2.01284E+06
 1.00000E+00
 9.02018E-17
 2.01284E+06
 1.00000E+00
 9.02018E-17
 2.01284E+06
 1.00000E+00
 9.02018E-17
 2.01284E+06
 1.00000E+00
 9.02018E-17
 2.01284E+06
 1.00000E+00
 9.02018E-17
 2.01284E+06
 1.00000E+00
 9.02018E-17
 2.01284E+06
 1.00000E+00
 9.02018E-17
 2.01284E+06
 1.00000E+00
 9.02018E-17
 2.01284E+06
 1.00000E+00
 9.02018E-17
 2.01284E+06
 1.00000E+00
 9.02018E-17
 2.01284E+06
 1.00000E+00
 9.02018E-17
 2.01284E+06
 1.00000E+00
 9.02018E-17
 2.01284E+06
 1.00000E+00
 9.02018E-17
 2.01284E+06
 1.00000E+00
 9.02018E-17
 2.01284E+06
 1.00000E+00
 9.02018E-17
 2.01284E+06
 1.00000E+00
 9.02018E-17
 2.01284E+06
 1.00000E+00
 9.02018E-17
 2.01284E+06
 1.00000E+00
 9.02018E-17
 2.01284E+06
 1.00000E+00
 9.02018E-17
 2.01284E+06
 1.00000E+00
 9.02018E-17
 2.01284E+06
 1.00000E+00
 9.02018E-17
 2.01284E+06
 1.00000E+00
 9.02018E-17
 2.01284E+06
 1.00000E+00
 9.02018E-17
 2.01284E+06
 1.00000E+00
 9.02018E-17
 2.01284E+06
 1.00000E+00
 9.02018E-17
 2.01284E+06
 1.00000E+00
 9.02018E-17
 2.01284E+06
 1.00000E+00
 9.02018E-17
 2.01284E+06
 1.00000E+00
 9.02018E-17
 2.01284E+06
 1.00000E+00
 9.02018E-17
 2.01284E+06
 1.00000E+00
 9.02018E-17
 2.01284E+06
 1.00000E+00
 9.02018E-17
 2.01284E+06
 1.00000E+00
 9.02018E-17
 2.01284E+06
 1.00000E+00
 9.02018E-17
 2.01284E+06
 1.00000E+00
 9.02018E-17
 2.01284E+06
 1.00000E+00
 9.02018E-17
 2.01284E+06
 1.00000E+00
 9.02018E-17
 2.01284E+06
 1.00000E+00
 9.02018E-17
 2.01284E+06
 1.00000E+00
 9.02018E-17
 2.01284E+06
 1.00000E+00
 9.02018E-17
 2.01284E+06
 1.00000E+00
 9.02018E-17
 2.01284E+06
 1.00000E+00
 9.02018E-17
 2.01284E+06
 1.00000E+00
 9.02018E-17
 2.01284E+06
 1.00000E+00
 9.02018E-17
 2.01284E+06
 1.00000E+00
 9.02018E-17
 2.01284E+06
 1.00000E+00
 9.02018E-17
 2.01284E+06
 1.00000E+00
 9.02018E-17
 2.01284E+06
 1.00000E+00
 9.02018E-17
 2.01284E+06
 1.00000E+00
 9.02018E-17
 2.01284E+06
 1.00000E+00
 9.02018E-17
 2.01284E+06
 1.00000E+00
 9.02018E-17
 2.01284E+06
 1.00000E+00
 9.02018E-17
 2.01284E+06
 1.00000E+00
 9.02018E-17
 2.01284E+06
 1.00000E+00
 9.02018E-17
 2.01284E+06
 1.00000E+00
 9.02018E-17
 2.01284E+06
 1.00000E+00
 9.02018E-17
 2.01284E+06
 1.00000E+00
 9.02018E-17
 2.01284E+06
 1.00000E+00
 9.02018E-17
 2.01284E+06
 1.00000E+00
 9.02018E-17
 2.01284E+06
 1.00000E+00
 9.02018E-17
 2.01284E+06
 1.00000E+00
 9.02018E-17
 2.01284E+06
 1.00000E+00
 9.02018E-17
 2.01284E+06
 1.00000E+00
 9.02018E-17
 2.01283E+06
 1.00000E+00
 9.02022E-17
 2.01283E+06
 1.00000E+00
 9.02023E-17
 2.01283E+06
 1.00000E+00
 9.02023E-17
 2.01283E+06
 1.00000E+00
 9.02024E-17
 2.01283E+06
 1.00000E+00
 9.02023E-17
 2.01283E+06
 1.00000E+00
 9.02024E-17
 2.01283E+06
 1.00000E+00
 9.02023E-17
 2.01283E+06
 1.00000E+00
 9.02023E-17
 2.01283E+06
 1.00000E+00
 9.02022E-17
 2.01283E+06
 1.00000E+00
 9.02023E-17
 2.01283E+06
 1.00000E+00
 9.02022E-17
 2.01283E+06
 1.00000E+00
 9.02022E-17
 2.01283E+06
 1.00000E+00
 9.02021E-17
 2.01283E+06
 1.00000E+00
 9.02022E-17
 2.01283E+06
 1.00000E+00
 9.02021E-17
 2.01283E+06
 1.00000E+00
 9.02021E-17
 2.01283E+06
 1.00000E+00
 9.02021E-17
 2.01283E+06
 1.00000E+00
 9.02021E-17
 2.01283E+06
 1.00000E+00
 9.02020E-17
 2.01283E+06
 1.00000E+00
 9.02021E-17
 2.01283E+06
 1.00000E+00
 9.02020E-17
 2.01283E+06
 1.00000E+00
 9.02020E-17
 2.01284E+06
 1.00000E+00
 9.02020E-17
 2.01284E+06
 1.00000E+00
 9.02020E-17
 2.01284E+06
 1.00000E+00
 9.02020E-17
 2.01284E+06
 1.00000E+00
 9.02020E-17
 2.01284E+06
 1.00000E+00
 9.02019E-17
 2.01284E+06
 1.00000E+00
 9.02020E-17
 2.01284E+06
 1.00000E+00
 9.02019E-17
 2.01284E+06
 1.00000E+00
 9.02019E-17
 2.01284E+06
 1.00000E+00
 9.02019E-17
 2.01284E+06
 1.00000E+00
 9.02019E-17
 2.01284E+06
 1.00000E+00
 9.02019E-17
 2.01284E+06
 1.00000E+00
 9.02019E-17
 2.01284E+06
 1.00000E+00
 9.02019E-17
 2.01284E+06
 1.00000E+00
 9.02019E-17
 2.01284E+06
 1.00000E+00
 9.02019E-17
 2.01284E+06
 1.00000E+00
 9.02019E-17
 2.01284E+06
 1.00000E+00
 9.02019E-17
 2.01284E+06
 1.00000E+00
 9.02019E-17
 2.01284E+06
 1.00000E+00
 9.02019E-17
 2.01284E+06
 1.00000E+00
 9.02019E-17
 2.01284E+06
 1.00000E+00
 9.02019E-17
 2.01284E+06
 1.00000E+00
 9.02019E-17
 2.01284E+06
 1.00000E+00
 9.02019E-17
 2.01284E+06
 1.00000E+00
 9.02019E-17
 2.01284E+06
 1.00000E+00
 9.02019E-17
 2.01284E+06
 1.00000E+00
 9.02019E-17
 2.01284E+06
 1.00000E+00
 9.02019E-17
 2.01284E+06
 1.00000E+00
 9.02019E-17
 2.01284E+06
 1.00000E+00
 9.02019E-17
 2.01284E+06
 1.00000E+00
 9.02019E-17
 2.01284E+06
 1.00000E+00
 9.02019E-17
 2.01284E+06
 1.00000E+00
 9.02019E-17
 2.01284E+06
 1.00000E+00
 9.02019E-17
 2.01284E+06
 1.00000E+00
 9.02019E-17
 2.01284E+06
 1.00000E+00
 9.02019E-17
 2.01284E+06
 1.00000E+00
 9.02019E-17
 2.01284E+06
 1.00000E+00
 9.02019E-17
 2.01284E+06
 1.00000E+00
 9.02019E-17
 2.01284E+06
 1.00000E+00
 9.02019E-17
 2.01284E+06
 1.00000E+00
 9.02019E-17
 2.01284E+06
 1.00000E+00
 9.02019E-17
 2.01284E+06
 1.00000E+00
 9.02019E-17
 2.01284E+06
 1.00000E+00
 9.02019E-17
 2.01284E+06
 1.00000E+00
 9.02019E-17
 2.01284E+06
 1.00000E+00
 9.02019E-17
 2.01284E+06
 1.00000E+00
 9.02019E-17
 2.01284E+06
 1.00000E+00
 9.02019E-17
 2.01284E+06
 1.00000E+00
 9.02019E-17
 2.01284E+06
 1.00000E+00
 9.02019E-17
 2.01284E+06
 1.00000E+00
 9.02019E-17
 2.01284E+06
 1.00000E+00
 9.02019E-17
 2.01284E+06
 1.00000E+00
 9.02019E-17
 2.01284E+06
 1.00000E+00
 9.02019E-17
 2.01284E+06
 1.00000E+00
 9.02019E-17
 2.01284E+06
 1.00000E+00
 9.02019E-17
 2.01284E+06
 1.00000E+00
 9.02019E-17
 2.01284E+06
 1.00000E+00
 9.02019E-17
 2.01284E+06
 1.00000E+00
 9.02019E-17
 2.01284E+06
 1.00000E+00
 9.02019E-17
 2.01284E+06
 1.00000E+00
 9.02019E-17
 2.01284E+06
 1.00000E+00
 9.02019E-17
 2.01284E+06
 1.00000E+00
 9.02019E-17
 2.01284E+06
 1.00000E+00
 9.02019E-17
 2.01284E+06
 1.00000E+00
 9.02019E-17
 2.01284E+06
 1.00000E+00
 9.02019E-17
 2.01284E+06
 1.00000E+00
 9.02019E-17
 2.01284E+06
 1.00000E+00
 9.02019E-17
 2.01284E+06
 1.00000E+00
 9.02019E-17
 2.01284E+06
 1.00000E+00
 9.02019E-17
 2.01284E+06
 1.00000E+00
 9.02019E-17
 2.01284E+06
 1.00000E+00
 9.02019E-17
 2.01284E+06
 1.00000E+00
 9.02019E-17
 2.01284E+06
 1.00000E+00
 9.02019E-17
 2.01284E+06
 1.00000E+00
 9.02019E-17
 2.01284E+06
 1.00000E+00
 9.02019E-17
 2.01284E+06
 1.00000E+00
 9.02019E-17
 2.01284E+06
 1.00000E+00
 9.02019E-17
 2.01284E+06
 1.00000E+00
 9.02019E-17
 2.01284E+06
 1.00000E+00
 9.02019E-17
 2.01284E+06
 1.00000E+00
 9.02019E-17
 2.01284E+06
 1.00000E+00
 9.02019E-17
 2.01284E+06
 1.00000E+00
 9.02019E-17
 2.01284E+06
 1.00000E+00
 9.02019E-17
 2.01284E+06
 1.00000E+00
 9.02019E-17
 2.01284E+06
 1.00000E+00
 9.02019E-17
 2.01284E+06
 1.00000E+00
 9.02019E-17
 2.01284E+06
 1.00000E+00
 9.02019E-17
 2.01284E+06
 1.00000E+00
 9.02019E-17
 2.01284E+06
 1.00000E+00
 9.02019E-17
 2.01284E+06
 1.00000E+00
 9.02020E-17
 2.01284E+06
 1.00000E+00
 9.02019E-17
 2.01284E+06
 1.00000E+00
 9.02020E-17
 2.01284E+06
 1.00000E+00
 9.02019E-17
 2.01284E+06
 1.00000E+00
 9.02020E-17
 2.01284E+06
 1.00000E+00
 9.02019E-17
 2.01284E+06
 1.00000E+00
 9.02020E-17
 2.01284E+06
 1.00000E+00
 9.02019E-17
 2.01284E+06
 1.00000E+00
 9.02020E-17
 2.01284E+06
 1.00000E+00
 9.02019E-17
 2.01284E+06
 1.00000E+00
 9.02020E-17
 2.01284E+06
 1.00000E+00
 9.02020E-17
 2.01284E+06
 1.00000E+00
 9.02020E-17
 2.01284E+06
 1.00000E+00
 9.02020E-17
 2.01284E+06
 1.00000E+00
 9.02020E-17
 2.01284E+06
 1.00000E+00
 9.02020E-17
 2.01284E+06
 1.00000E+00
 9.02020E-17
 2.01284E+06
 1.00000E+00
 9.02020E-17
 2.01284E+06
 1.00000E+00
 9.02020E-17
 2.01284E+06
 1.00000E+00
 9.02020E-17
 2.01284E+06
 1.00000E+00
 9.02020E-17
 2.01284E+06
 1.00000E+00
 9.02020E-17
 2.01284E+06
 1.00000E+00
 9.02020E-17
 2.01283E+06
 1.00000E+00
 9.02022E-17
 2.01283E+06
 1.00000E+00
 9.02023E-17
 2.01283E+06
 1.00000E+00
 9.02023E-17
 2.01283E+06
 1.00000E+00
 9.02024E-17
 2.01283E+06
 1.00000E+00
 9.02023E-17
 2.01283E+06
 1.00000E+00
 9.02024E-17
 2.01283E+06
 1.00000E+00
 9.02023E-17
 2.01283E+06
 1.00000E+00
 9.02023E-17
 2.01283E+06
 1.00000E+00
 9.02023E-17
 2.01283E+06
 1.00000E+00
 9.02023E-17
 2.01283E+06
 1.00000E+00
 9.02022E-17
 2.01283E+06
 1.00000E+00
 9.02023E-17
 2.01283E+06
 1.00000E+00
 9.02022E-17
 2.01283E+06
 1.00000E+00
 9.02022E-17
 2.01283E+06
 1.00000E+00
 9.02022E-17
 2.01283E+06
 1.00000E+00
 9.02022E-17
 2.01283E+06
 1.00000E+00
 9.02022E-17
 2.01283E+06
 1.00000E+00
 9.02022E-17
 2.01283E+06
 1.00000E+00
 9.02022E-17
 2.01283E+06
 1.00000E+00
 9.02022E-17
 2.01283E+06
 1.00000E+00
 9.02021E-17
 2.01283E+06
 1.00000E+00
 9.02022E-17
 2.01283E+06
 1.00000E+00
 9.02021E-17
 2.01283E+06
 1.00000E+00
 9.02021E-17
 2.01283E+06
 1.00000E+00
 9.02021E-17
 2.01283E+06
 1.00000E+00
 9.02021E-17
 2.01283E+06
 1.00000E+00
 9.02021E-17
 2.01283E+06
 1.00000E+00
 9.02021E-17
 2.01283E+06
 1.00000E+00
 9.02021E-17
 2.01283E+06
 1.00000E+00
 9.02021E-17
 2.01283E+06
 1.00000E+00
 9.02020E-17
 2.01283E+06
 1.00000E+00
 9.02021E-17
 2.01283E+06
 1.00000E+00
 9.02020E-17
 2.01283E+06
 1.00000E+00
 9.02020E-17
 2.01283E+06
 1.00000E+00
 9.02020E-17
 2.01283E+06
 1.00000E+00
 9.02020E-17
 2.01283E+06
 1.00000E+00
 9.02020E-17
 2.01283E+06
 1.00000E+00
 9.02020E-17
 2.01283E+06
 1.00000E+00
 9.02020E-17
 2.01283E+06
 1.00000E+00
 9.02020E-17
 2.01283E+06
 1.00000E+00
 9.02020E-17
 2.01283E+06
 1.00000E+00
 9.02020E-17
 2.01283E+06
 1.00000E+00
 9.02020E-17
 2.01283E+06
 1.00000E+00
 9.02020E-17
 2.01284E+06
 1.00000E+00
 9.02020E-17
 2.01283E+06
 1.00000E+00
 9.02020E-17
 2.01284E+06
 1.00000E+00
 9.02020E-17
 2.01283E+06
 1.00000E+00
 9.02020E-17
 2.01284E+06
 1.00000E+00
 9.02020E-17
 2.01283E+06
 1.00000E+00
 9.02020E-17
 2.01284E+06
 1.00000E+00
 9.02020E-17
 2.01283E+06
 1.00000E+00
 9.02020E-17
 2.01284E+06
 1.00000E+00
 9.02020E-17
 2.01283E+06
 1.00000E+00
 9.02020E-17
 2.01284E+06
 1.00000E+00
 9.02020E-17
 2.01283E+06
 1.00000E+00
 9.02020E-17
 2.01284E+06
 1.00000E+00
 9.02020E-17
 2.01283E+06
 1.00000E+00
 9.02020E-17
 2.01284E+06
 1.00000E+00
 9.02020E-17
 2.01283E+06
 1.00000E+00
 9.02020E-17
 2.01284E+06
 1.00000E+00
 9.02020E-17
 2.01283E+06
 1.00000E+00
 9.02020E-17
 2.01284E+06
 1.00000E+00
 9.02020E-17
 2.01283E+06
 1.00000E+00
 9.02020E-17
 2.01284E+06
 1.00000E+00
 9.02020E-17
 2.01283E+06
 1.00000E+00
 9.02020E-17
 2.01284E+06
 1.00000E+00
 9.02020E-17
 2.01283E+06
 1.00000E+00
 9.02020E-17
 2.01284E+06
 1.00000E+00
 9.02020E-17
 2.01283E+06
 1.00000E+00
 9.02020E-17
 2.01284E+06
 1.00000E+00
 9.02020E-17
 2.01283E+06
 1.00000E+00
 9.02020E-17
 2.01284E+06
 1.00000E+00
 9.02020E-17
 2.01283E+06
 1.00000E+00
 9.02020E-17
 2.01284E+06
 1.00000E+00
 9.02020E-17
 2.01283E+06
 1.00000E+00
 9.02020E-17
 2.01284E+06
 1.00000E+00
 9.02020E-17
 2.01283E+06
 1.00000E+00
 9.02020E-17
 2.01284E+06
 1.00000E+00
 9.02020E-17
 2.01283E+06
 1.00000E+00
 9.02020E-17
 2.01284E+06
 1.00000E+00
 9.02020E-17
 2.01283E+06
 1.00000E+00
 9.02020E-17
 2.01284E+06
 1.00000E+00
 9.02020E-17
 2.01283E+06
 1.00000E+00
 9.02020E-17
 2.01284E+06
 1.00000E+00
 9.02020E-17
 2.01283E+06
 1.00000E+00
 9.02020E-17
 2.01284E+06
 1.00000E+00
 9.02020E-17
 2.01283E+06
 1.00000E+00
 9.02020E-17
 2.01284E+06
 1.00000E+00
 9.02020E-17
 2.01283E+06
 1.00000E+00
 9.02020E-17
 2.01284E+06
 1.00000E+00
 9.02020E-17
 2.01283E+06
 1.00000E+00
 9.02020E-17
 2.01284E+06
 1.00000E+00
 9.02020E-17
 2.01283E+06
 1.00000E+00
 9.02020E-17
 2.01284E+06
 1.00000E+00
 9.02020E-17
 2.01283E+06
 1.00000E+00
 9.02020E-17
 2.01284E+06
 1.00000E+00
 9.02020E-17
 2.01283E+06
 1.00000E+00
 9.02020E-17
 2.01283E+06
 1.00000E+00
 9.02020E-17
 2.01283E+06
 1.00000E+00
 9.02020E-17
 2.01283E+06
 1.00000E+00
 9.02020E-17
 2.01283E+06
 1.00000E+00
 9.02020E-17
 2.01283E+06
 1.00000E+00
 9.02020E-17
 2.01283E+06
 1.00000E+00
 9.02020E-17
 2.01283E+06
 1.00000E+00
 9.02020E-17
 2.01283E+06
 1.00000E+00
 9.02020E-17
 2.01283E+06
 1.00000E+00
 9.02020E-17
 2.01283E+06
 1.00000E+00
 9.02020E-17
 2.01283E+06
 1.00000E+00
 9.02020E-17
 2.01283E+06
 1.00000E+00
 9.02020E-17
 2.01283E+06
 1.00000E+00
 9.02020E-17
 2.01283E+06
 1.00000E+00
 9.02020E-17
 2.01283E+06
 1.00000E+00
 9.02020E-17
 2.01283E+06
 1.00000E+00
 9.02020E-17
 2.01283E+06
 1.00000E+00
 9.02020E-17
 2.01283E+06
 1.00000E+00
 9.02020E-17
 2.01283E+06
 1.00000E+00
 9.02020E-17
 2.01283E+06
 1.00000E+00
 9.02020E-17
 2.01283E+06
 1.00000E+00
 9.02020E-17
 2.01283E+06
 1.00000E+00
 9.02020E-17
 2.01283E+06
 1.00000E+00
 9.02020E-17
 2.01283E+06
 1.00000E+00
 9.02020E-17
 2.01283E+06
 1.00000E+00
 9.02020E-17
 2.01283E+06
 1.00000E+00
 9.02020E-17
 2.01283E+06
 1.00000E+00
 9.02020E-17
 2.01283E+06
 1.00000E+00
 9.02020E-17
 2.01283E+06
 1.00000E+00
 9.02020E-17
 2.01283E+06
 1.00000E+00
 9.02020E-17
 2.01283E+06
 1.00000E+00
 9.02020E-17
 2.01283E+06
 1.00000E+00
 9.02020E-17
 2.01283E+06
 1.00000E+00
 9.02020E-17
 2.01283E+06
 1.00000E+00
 9.02020E-17
 2.01283E+06
 1.00000E+00
 9.02020E-17
 2.01283E+06
 1.00000E+00
 9.02020E-17
 2.01283E+06
 1.00000E+00
 9.02020E-17
 2.01283E+06
 1.00000E+00
 9.02020E-17
 2.01283E+06
 1.00000E+00
 9.02020E-17
 2.01283E+06
 1.00000E+00
 9.02020E-17
 2.01283E+06
 1.00000E+00
 9.02020E-17
 2.01283E+06
 1.00000E+00
 9.02020E-17
 2.01283E+06
 1.00000E+00
 9.02020E-17
 2.01283E+06
 1.00000E+00
 9.02020E-17
 2.01283E+06
 1.00000E+00
 9.02020E-17
 2.01283E+06
 1.00000E+00
 9.02020E-17
 2.01283E+06
 1.00000E+00
 9.02020E-17
 2.01283E+06
 1.00000E+00
 9.02020E-17
 2.01283E+06
 1.00000E+00
 9.02020E-17
 2.01283E+06
 1.00000E+00
 9.02020E-17
 2.01283E+06
 1.00000E+00
 9.02020E-17
 2.01283E+06
 1.00000E+00
 9.02020E-17
 2.01283E+06
 1.00000E+00
 9.02020E-17
 2.01283E+06
 1.00000E+00
 9.02020E-17
 2.01283E+06
 1.00000E+00
 9.02020E-17
 2.01283E+06
 1.00000E+00
 9.02020E-17
 2.01283E+06
 1.00000E+00
 9.02020E-17
 2.01283E+06
 1.00000E+00
 9.02020E-17
 2.01283E+06
 1.00000E+00
 9.02020E-17
 2.01283E+06
 1.00000E+00
 9.02020E-17
 2.01283E+06
 1.00000E+00
 9.02020E-17
 2.01283E+06
 1.00000E+00
 9.02020E-17
 2.01283E+06
 1.00000E+00
 9.02020E-17
 2.01283E+06
 1.00000E+00
 9.02020E-17
 2.01283E+06
 1.00000E+00
 9.02020E-17
 2.01283E+06
 1.00000E+00
 9.02020E-17
 2.01283E+06
 1.00000E+00
 9.02020E-17
 2.01283E+06
 1.00000E+00
 9.02020E-17
 2.01283E+06
 1.00000E+00
 9.02020E-17
 2.01283E+06
 1.00000E+00
 9.02020E-17
 2.01283E+06
 1.00000E+00
 9.02020E-17
 2.01283E+06
 1.00000E+00
 9.02020E-17
 2.01283E+06
 1.00000E+00
 9.02020E-17
 2.01283E+06
 1.00000E+00
 9.02020E-17
 2.01283E+06
 1.00000E+00
 9.02020E-17
 2.01283E+06
 1.00000E+00
 9.02020E-17
 2.01283E+06
 1.00000E+00
 9.02020E-17
 2.01283E+06
 1.00000E+00
 9.02020E-17
 2.01283E+06
 1.00000E+00
 9.02020E-17
 2.01283E+06
 1.00000E+00
 9.02020E-17
 2.01283E+06
 1.00000E+00
 9.02020E-17
 2.01283E+06
 1.00000E+00
 9.02020E-17
 2.01283E+06
 1.00000E+00
 9.02020E-17
 2.01283E+06
 1.00000E+00
 9.02020E-17
 2.01283E+06
 1.00000E+00
 9.02020E-17
 2.01283E+06
 1.00000E+00
 9.02020E-17
 2.01283E+06
 1.00000E+00
 9.02022E-17
 2.01283E+06
 1.00000E+00
 9.02022E-17
 2.01283E+06
 1.00000E+00
 9.02022E-17
 2.01283E+06
 1.00000E+00
 9.02023E-17
 2.01283E+06
 1.00000E+00
 9.02023E-17
 2.01283E+06
 1.00000E+00
 9.02023E-17
 2.01283E+06
 1.00000E+00
 9.02022E-17
 2.01283E+06
 1.00000E+00
 9.02023E-17
 2.01283E+06
 1.00000E+00
 9.02022E-17
 2.01283E+06
 1.00000E+00
 9.02022E-17
 2.01283E+06
 1.00000E+00
 9.02022E-17
 2.01283E+06
 1.00000E+00
 9.02022E-17
 2.01283E+06
 1.00000E+00
 9.02022E-17
 2.01283E+06
 1.00000E+00
 9.02022E-17
 2.01283E+06
 1.00000E+00
 9.02022E-17
 2.01283E+06
 1.00000E+00
 9.02022E-17
 2.01283E+06
 1.00000E+00
 9.02022E-17
 2.01283E+06
 1.00000E+00
 9.02022E-17
 2.01283E+06
 1.00000E+00
 9.02022E-17
 2.01283E+06
 1.00000E+00
 9.02022E-17
 2.01283E+06
 1.00000E+00
 9.02021E-17
 2.01283E+06
 1.00000E+00
 9.02022E-17
 2.01283E+06
 1.00000E+00
 9.02021E-17
 2.01283E+06
 1.00000E+00
 9.02021E-17
 2.01283E+06
 1.00000E+00
 9.02021E-17
 2.01283E+06
 1.00000E+00
 9.02021E-17
 2.01283E+06
 1.00000E+00
 9.02021E-17
 2.01283E+06
 1.00000E+00
 9.02021E-17
 2.01283E+06
 1.00000E+00
 9.02021E-17
 2.01283E+06
 1.00000E+00
 9.02021E-17
 2.01283E+06
 1.00000E+00
 9.02021E-17
 2.01283E+06
 1.00000E+00
 9.02021E-17
 2.01283E+06
 1.00000E+00
 9.02021E-17
 2.01283E+06
 1.00000E+00
 9.02021E-17
 2.01283E+06
 1.00000E+00
 9.02021E-17
 2.01283E+06
 1.00000E+00
 9.02021E-17
 2.01283E+06
 1.00000E+00
 9.02021E-17
 2.01283E+06
 1.00000E+00
 9.02021E-17
 2.01283E+06
 1.00000E+00
 9.02021E-17
 2.01283E+06
 1.00000E+00
 9.02021E-17
 2.01283E+06
 1.00000E+00
 9.02021E-17
 2.01283E+06
 1.00000E+00
 9.02021E-17
 2.01283E+06
 1.00000E+00
 9.02021E-17
 2.01283E+06
 1.00000E+00
 9.02021E-17
 2.01283E+06
 1.00000E+00
 9.02021E-17
 2.01283E+06
 1.00000E+00
 9.02021E-17
 2.01283E+06
 1.00000E+00
 9.02021E-17
 2.01283E+06
 1.00000E+00
 9.02021E-17
 2.01283E+06
 1.00000E+00
 9.02021E-17
 2.01283E+06
 1.00000E+00
 9.02021E-17
 2.01283E+06
 1.00000E+00
 9.02021E-17
 2.01283E+06
 1.00000E+00
 9.02021E-17
 2.01283E+06
 1.00000E+00
 9.02021E-17
 2.01283E+06
 1.00000E+00
 9.02021E-17
 2.01283E+06
 1.00000E+00
 9.02021E-17
 2.01283E+06
 1.00000E+00
 9.02021E-17
 2.01283E+06
 1.00000E+00
 9.02021E-17
 2.01283E+06
 1.00000E+00
 9.02021E-17
 2.01283E+06
 1.00000E+00
 9.02021E-17
 2.01283E+06
 1.00000E+00
 9.02021E-17
 2.01283E+06
 1.00000E+00
 9.02021E-17
 2.01283E+06
 1.00000E+00
 9.02021E-17
 2.01283E+06
 1.00000E+00
 9.02021E-17
 2.01283E+06
 1.00000E+00
 9.02021E-17
 2.01283E+06
 1.00000E+00
 9.02021E-17
 2.01283E+06
 1.00000E+00
 9.02021E-17
 2.01283E+06
 1.00000E+00
 9.02021E-17
 2.01283E+06
 1.00000E+00
 9.02021E-17
 2.01283E+06
 1.00000E+00
 9.02021E-17
 2.01283E+06
 1.00000E+00
 9.02021E-17
 2.01283E+06
 1.00000E+00
 9.02021E-17
 2.01283E+06
 1.00000E+00
 9.02024E-17
 2.01283E+06
 1.00000E+00
 9.02024E-17
 2.01283E+06
 1.00000E+00
 9.02025E-17
 2.01283E+06
 1.00000E+00
 9.02025E-17
 2.01283E+06
 1.00000E+00
 9.02025E-17
 2.01283E+06
 1.00000E+00
 9.02025E-17
 2.01283E+06
 1.00000E+00
 9.02025E-17
 2.01283E+06
 1.00000E+00
 9.02025E-17
 2.01283E+06
 1.00000E+00
 9.02025E-17
 2.01283E+06
 1.00000E+00
 9.02025E-17
 2.01283E+06
 1.00000E+00
 9.02024E-17
 2.01283E+06
 1.00000E+00
 9.02024E-17
 2.01283E+06
 1.00000E+00
 9.02024E-17
 2.01283E+06
 1.00000E+00
 9.02024E-17
 2.01283E+06
 1.00000E+00
 9.02024E-17
 2.01283E+06
 1.00000E+00
 9.02024E-17
 2.01283E+06
 1.00000E+00
 9.02023E-17
 2.01283E+06
 1.00000E+00
 9.02023E-17
 2.01283E+06
 1.00000E+00
 9.02023E-17
 2.01283E+06
 1.00000E+00
 9.02023E-17
 2.01283E+06
 1.00000E+00
 9.02023E-17
 2.01283E+06
 1.00000E+00
 9.02023E-17
 2.01283E+06
 1.00000E+00
 9.02023E-17
 2.01283E+06
 1.00000E+00
 9.02023E-17
 2.01283E+06
 1.00000E+00
 9.02023E-17
 2.01283E+06
 1.00000E+00
 9.02023E-17
 2.01283E+06
 1.00000E+00
 9.02023E-17
 2.01283E+06
 1.00000E+00
 9.02023E-17
 2.01283E+06
 1.00000E+00
 9.02022E-17
 2.01283E+06
 1.00000E+00
 9.02022E-17
 2.01283E+06
 1.00000E+00
 9.02022E-17
 2.01283E+06
 1.00000E+00
 9.02022E-17
 2.01283E+06
 1.00000E+00
 9.02022E-17
 2.01283E+06
 1.00000E+00
 9.02022E-17
 2.01283E+06
 1.00000E+00
 9.02022E-17
 2.01283E+06
 1.00000E+00
 9.02022E-17
 2.01283E+06
 1.00000E+00
 9.02022E-17
 2.01283E+06
 1.00000E+00
 9.02022E-17
 2.01283E+06
 1.00000E+00
 9.02022E-17
 2.01283E+06
 1.00000E+00
 9.02022E-17
 2.01283E+06
 1.00000E+00
 9.02022E-17
 2.01283E+06
 1.00000E+00
 9.02022E-17
 2.01283E+06
 1.00000E+00
 9.02022E-17
 2.01283E+06
 1.00000E+00
 9.02022E-17
 2.01283E+06
 1.00000E+00
 9.02022E-17
 2.01283E+06
 1.00000E+00
 9.02022E-17
 2.01283E+06
 1.00000E+00
 9.02022E-17
 2.01283E+06
 1.00000E+00
 9.02022E-17
 2.01283E+06
 1.00000E+00
 9.02022E-17
 2.01283E+06
 1.00000E+00
 9.02022E-17
 2.01283E+06
 1.00000E+00
 9.02022E-17
 2.01283E+06
 1.00000E+00
 9.02022E-17
 2.01283E+06
 1.00000E+00
 9.02022E-17
 2.01283E+06
 1.00000E+00
 9.02022E-17
 2.01283E+06
 1.00000E+00
 9.02022E-17
 2.01283E+06
 1.00000E+00
 9.02022E-17
 2.01283E+06
 1.00000E+00
 9.02022E-17
 2.01283E+06
 1.00000E+00
 9.02022E-17
 2.01283E+06
 1.00000E+00
 9.02022E-17
 2.01283E+06
 1.00000E+00
 9.02022E-17
 2.01283E+06
 1.00000E+00
 9.02022E-17
 2.01283E+06
 1.00000E+00
 9.02022E-17
 2.01283E+06
 1.00000E+00
 9.02022E-17
 2.01283E+06
 1.00000E+00
 9.02022E-17
 2.01283E+06
 1.00000E+00
 9.02022E-17
 2.01283E+06
 1.00000E+00
 9.02022E-17
 2.01283E+06
 1.00000E+00
 9.02022E-17
 2.01283E+06
 1.00000E+00
 9.02022E-17
 2.01283E+06
 1.00000E+00
 9.02022E-17
 2.01283E+06
 1.00000E+00
 9.02022E-17
 2.01283E+06
 1.00000E+00
 9.02022E-17
 2.01283E+06
 1.00000E+00
 9.02022E-17
 2.01283E+06
 1.00000E+00
 9.02022E-17
 2.01283E+06
 1.00000E+00
 9.02022E-17
 2.01283E+06
 1.00000E+00
 9.02022E-17
 2.01283E+06
 1.00000E+00
 9.02022E-17
 2.01283E+06
 1.00000E+00
 9.02022E-17
 2.01283E+06
 1.00000E+00
 9.02022E-17
 2.01283E+06
 1.00000E+00
 9.02021E-17
 2.01283E+06
 1.00000E+00
 9.02022E-17
 2.01283E+06
 1.00000E+00
 9.02021E-17
 2.01283E+06
 1.00000E+00
 9.02021E-17
 2.01283E+06
 1.00000E+00
 9.02021E-17
 2.01283E+06
 1.00000E+00
 9.02022E-17
 2.01283E+06
 1.00000E+00
 9.02021E-17
 2.01283E+06
 1.00000E+00
 9.02022E-17
 2.01283E+06
 1.00000E+00
 9.02022E-17
 2.01283E+06
 1.00000E+00
 9.02022E-17
 2.01283E+06
 1.00000E+00
 9.02022E-17
 2.01283E+06
 1.00000E+00
 9.02022E-17
 2.01283E+06
 1.00000E+00
 9.02022E-17
 2.01283E+06
 1.00000E+00
 9.02022E-17
 2.01283E+06
 1.00000E+00
 9.02022E-17
 2.01283E+06
 1.00000E+00
 9.02022E-17
 2.01283E+06
 1.00000E+00
 9.02022E-17
 2.01283E+06
 1.00000E+00
 9.02022E-17
 2.01283E+06
 1.00000E+00
 9.02022E-17
 2.01283E+06
 1.00000E+00
 9.02022E-17
 2.01283E+06
 1.00000E+00
 9.02022E-17
 2.01283E+06
 1.00000E+00
 9.02022E-17
 2.01283E+06
 1.00000E+00
 9.02022E-17
 2.01283E+06
 1.00000E+00
 9.02022E-17
 2.01283E+06
 1.00000E+00
 9.02022E-17
 2.01283E+06
 1.00000E+00
 9.02022E-17
 2.01283E+06
 1.00000E+00
 9.02022E-17
 2.01283E+06
 1.00000E+00
 9.02022E-17
 2.01283E+06
 1.00000E+00
 9.02022E-17
 2.01283E+06
 1.00000E+00
 9.02022E-17
 2.01283E+06
 1.00000E+00
 9.02022E-17
 2.01283E+06
 1.00000E+00
 9.02022E-17
 2.01283E+06
 1.00000E+00
 9.02022E-17
 2.01283E+06
 1.00000E+00
 9.02022E-17
 2.01283E+06
 1.00000E+00
 9.02022E-17
 2.01283E+06
 1.00000E+00
 9.02022E-17
 2.01283E+06
 1.00000E+00
 9.02022E-17
 2.01283E+06
 1.00000E+00
 9.02022E-17
 2.01283E+06
 1.00000E+00
 9.02022E-17
 2.01283E+06
 1.00000E+00
 9.02022E-17
 2.01283E+06
 1.00000E+00
 9.02022E-17
 2.01283E+06
 1.00000E+00
 9.02022E-17
 2.01283E+06
 1.00000E+00
 9.02022E-17
 2.01283E+06
 1.00000E+00
 9.02022E-17
 2.01283E+06
 1.00000E+00
 9.02022E-17
 2.01283E+06
 1.00000E+00
 9.02022E-17
 2.01283E+06
 1.00000E+00
 9.02022E-17
 2.01283E+06
 1.00000E+00
 9.02022E-17
 2.01283E+06
 1.00000E+00
 9.02022E-17
 2.01283E+06
 1.00000E+00
 9.02022E-17
 2.01283E+06
 1.00000E+00
 9.02022E-17
 2.01283E+06
 1.00000E+00
 9.02022E-17
 2.01283E+06
 1.00000E+00
 9.02022E-17
 2.01283E+06
 1.00000E+00
 9.02022E-17
 2.01283E+06
 1.00000E+00
 9.02022E-17
 2.01283E+06
 1.00000E+00
 9.02022E-17
 2.01283E+06
 1.00000E+00
 9.02022E-17
 2.01283E+06
 1.00000E+00
 9.02022E-17
 2.01283E+06
 1.00000E+00
 9.02022E-17
 2.01283E+06
 1.00000E+00
 9.02022E-17
 2.01283E+06
 1.00000E+00
 9.02022E-17
 2.01283E+06
 1.00000E+00
 9.02022E-17
 2.01283E+06
 1.00000E+00
 9.02022E-17
 2.01283E+06
 1.00000E+00
 9.02022E-17
 2.01283E+06
 1.00000E+00
 9.02022E-17
 2.01283E+06
 1.00000E+00
 9.02022E-17
 2.01283E+06
 1.00000E+00
 9.02022E-17
 2.01283E+06
 1.00000E+00
 9.02022E-17
 2.01283E+06
 1.00000E+00
 9.02022E-17
 2.01283E+06
 1.00000E+00
 9.02022E-17
 2.01283E+06
 1.00000E+00
 9.02022E-17
 2.01283E+06
 1.00000E+00
 9.02022E-17
 2.01283E+06
 1.00000E+00
 9.02022E-17
 2.01283E+06
 1.00000E+00
 9.02022E-17
 2.01283E+06
 1.00000E+00
 9.02022E-17
 2.01283E+06
 1.00000E+00
 9.02022E-17
 2.01283E+06
 1.00000E+00
 9.02022E-17
 2.01283E+06
 1.00000E+00
 9.02022E-17
 2.01283E+06
 1.00000E+00
 9.02022E-17
 2.01283E+06
 1.00000E+00
 9.02022E-17
 2.01283E+06
 1.00000E+00
 9.02022E-17
 2.01283E+06
 1.00000E+00
 9.02022E-17
 2.01283E+06
 1.00000E+00
 9.02022E-17
 2.01283E+06
 1.00000E+00
 9.02022E-17
 2.01283E+06
 1.00000E+00
 9.02022E-17
 2.01283E+06
 1.00000E+00
 9.02022E-17
 2.01283E+06
 1.00000E+00
 9.02022E-17
 2.01283E+06
 1.00000E+00
 9.02022E-17
 2.01283E+06
 1.00000E+00
 9.02022E-17
 2.01283E+06
 1.00000E+00
 9.02022E-17
 2.01283E+06
 1.00000E+00
 9.02022E-17
 2.01283E+06
 1.00000E+00
 9.02022E-17
 2.01283E+06
 1.00000E+00
 9.02022E-17
 2.01283E+06
 1.00000E+00
 9.02022E-17
 2.01283E+06
 1.00000E+00
 9.02022E-17
 2.01283E+06
 1.00000E+00
 9.02022E-17
 2.01283E+06
 1.00000E+00
 9.02022E-17
 2.01283E+06
 1.00000E+00
 9.02022E-17
 2.01283E+06
 1.00000E+00
 9.02022E-17
 2.01283E+06
 1.00000E+00
 9.02022E-17
 2.01283E+06
 1.00000E+00
 9.02022E-17
 2.01283E+06
 1.00000E+00
 9.02022E-17
 2.01283E+06
 1.00000E+00
 9.02022E-17
 2.01283E+06
 1.00000E+00
 9.02022E-17
 2.01283E+06
 1.00000E+00
 9.02022E-17
 2.01283E+06
 1.00000E+00
 9.02022E-17
 2.01283E+06
 1.00000E+00
 9.02022E-17
 2.01283E+06
 1.00000E+00
 9.02022E-17
 2.01283E+06
 1.00000E+00
 9.02022E-17
 2.01283E+06
 1.00000E+00
 9.02022E-17
 2.01283E+06
 1.00000E+00
 9.02022E-17
 2.01283E+06
 1.00000E+00
 9.02022E-17
 2.01283E+06
 1.00000E+00
 9.02022E-17
 2.01283E+06
 1.00000E+00
 9.02022E-17
 2.01283E+06
 1.00000E+00
 9.02022E-17
 2.01283E+06
 1.00000E+00
 9.02022E-17
 2.01283E+06
 1.00000E+00
 9.02022E-17
 2.01283E+06
 1.00000E+00
 9.02022E-17
 2.01283E+06
 1.00000E+00
 9.02022E-17
 2.01283E+06
 1.00000E+00
 9.02022E-17
 2.01283E+06
 1.00000E+00
 9.02022E-17
 2.01283E+06
 1.00000E+00
 9.02022E-17
 2.01283E+06
 1.00000E+00
 9.02022E-17
 2.01283E+06
 1.00000E+00
 9.02022E-17
 2.01283E+06
 1.00000E+00
 9.02022E-17
 2.01283E+06
 1.00000E+00
 9.02022E-17
 2.01283E+06
 1.00000E+00
 9.02022E-17
 2.01283E+06
 1.00000E+00
 9.02022E-17
 2.01283E+06
 1.00000E+00
 9.02022E-17
 2.01283E+06
 1.00000E+00
 9.02022E-17
 2.01283E+06
 1.00000E+00
 9.02022E-17
 2.01283E+06
 1.00000E+00
 9.02022E-17
 2.01283E+06
 1.00000E+00
 9.02022E-17
 2.01283E+06
 1.00000E+00
 9.02022E-17
 2.01283E+06
 1.00000E+00
 9.02022E-17
 2.01283E+06
 1.00000E+00
 9.02022E-17
 2.01283E+06
 1.00000E+00
 9.02022E-17
 2.01283E+06
 1.00000E+00
 9.02022E-17
 2.01283E+06
 1.00000E+00
 9.02022E-17
 2.01283E+06
 1.00000E+00
 9.02022E-17
 2.01283E+06
 1.00000E+00
 9.02022E-17
 2.01283E+06
 1.00000E+00
 9.02022E-17
 2.01283E+06
 1.00000E+00
 9.02022E-17
 2.01283E+06
 1.00000E+00
 9.02022E-17
 2.01283E+06
 1.00000E+00
 9.02022E-17
 2.01283E+06
 1.00000E+00
 9.02022E-17
 2.01283E+06
 1.00000E+00
 9.02022E-17
 2.01283E+06
 1.00000E+00
 9.02024E-17
 2.01283E+06
 1.00000E+00
 9.02024E-17
 2.01283E+06
 1.00000E+00
 9.02025E-17
 2.01283E+06
 1.00000E+00
 9.02025E-17
 2.01283E+06
 1.00000E+00
 9.02025E-17
 2.01283E+06
 1.00000E+00
 9.02025E-17
 2.01283E+06
 1.00000E+00
 9.02025E-17
 2.01283E+06
 1.00000E+00
 9.02025E-17
 2.01283E+06
 1.00000E+00
 9.02025E-17
 2.01283E+06
 1.00000E+00
 9.02025E-17
 2.01283E+06
 1.00000E+00
 9.02024E-17
 2.01283E+06
 1.00000E+00
 9.02024E-17
 2.01283E+06
 1.00000E+00
 9.02024E-17
 2.01283E+06
 1.00000E+00
 9.02024E-17
 2.01283E+06
 1.00000E+00
 9.02024E-17
 2.01283E+06
 1.00000E+00
 9.02024E-17
 2.01283E+06
 1.00000E+00
 9.02024E-17
 2.01283E+06
 1.00000E+00
 9.02024E-17
 2.01283E+06
 1.00000E+00
 9.02024E-17
 2.01283E+06
 1.00000E+00
 9.02024E-17
 2.01283E+06
 1.00000E+00
 9.02024E-17
 2.01283E+06
 1.00000E+00
 9.02024E-17
 2.01283E+06
 1.00000E+00
 9.02024E-17
 2.01283E+06
 1.00000E+00
 9.02024E-17
 2.01283E+06
 1.00000E+00
 9.02023E-17
 2.01283E+06
 1.00000E+00
 9.02024E-17
 2.01283E+06
 1.00000E+00
 9.02023E-17
 2.01283E+06
 1.00000E+00
 9.02023E-17
 2.01283E+06
 1.00000E+00
 9.02023E-17
 2.01283E+06
 1.00000E+00
 9.02023E-17
 2.01283E+06
 1.00000E+00
 9.02023E-17
 2.01283E+06
 1.00000E+00
 9.02023E-17
 2.01283E+06
 1.00000E+00
 9.02023E-17
 2.01283E+06
 1.00000E+00
 9.02023E-17
 2.01283E+06
 1.00000E+00
 9.02023E-17
 2.01283E+06
 1.00000E+00
 9.02023E-17
 2.01283E+06
 1.00000E+00
 9.02023E-17
 2.01283E+06
 1.00000E+00
 9.02023E-17
 2.01283E+06
 1.00000E+00
 9.02023E-17
 2.01283E+06
 1.00000E+00
 9.02023E-17
 2.01283E+06
 1.00000E+00
 9.02023E-17
 2.01283E+06
 1.00000E+00
 9.02023E-17
 2.01283E+06
 1.00000E+00
 9.02023E-17
 2.01283E+06
 1.00000E+00
 9.02023E-17
 2.01283E+06
 1.00000E+00
 9.02023E-17
 2.01283E+06
 1.00000E+00
 9.02023E-17
 2.01283E+06
 1.00000E+00
 9.02023E-17
 2.01283E+06
 1.00000E+00
 9.02023E-17
 2.01283E+06
 1.00000E+00
 9.02022E-17
 2.01283E+06
 1.00000E+00
 9.02023E-17
 2.01283E+06
 1.00000E+00
 9.02022E-17
 2.01283E+06
 1.00000E+00
 9.02023E-17
 2.01283E+06
 1.00000E+00
 9.02022E-17
 2.01283E+06
 1.00000E+00
 9.02023E-17
 2.01283E+06
 1.00000E+00
 9.02022E-17
 2.01283E+06
 1.00000E+00
 9.02023E-17
 2.01283E+06
 1.00000E+00
 9.02022E-17
 2.01283E+06
 1.00000E+00
 9.02023E-17
 2.01283E+06
 1.00000E+00
 9.02022E-17
 2.01283E+06
 1.00000E+00
 9.02022E-17
 2.01283E+06
 1.00000E+00
 9.02022E-17
 2.01283E+06
 1.00000E+00
 9.02022E-17
 2.01283E+06
 1.00000E+00
 9.02022E-17
 2.01283E+06
 1.00000E+00
 9.02022E-17
 2.01283E+06
 1.00000E+00
 9.02022E-17
 2.01283E+06
 1.00000E+00
 9.02022E-17
 2.01283E+06
 1.00000E+00
 9.02022E-17
 2.01283E+06
 1.00000E+00
 9.02022E-17
 2.01283E+06
 1.00000E+00
 9.02022E-17
 2.01283E+06
 1.00000E+00
 9.02022E-17
 2.01283E+06
 1.00000E+00
 9.02022E-17
 2.01283E+06
 1.00000E+00
 9.02022E-17
 2.01283E+06
 1.00000E+00
 9.02022E-17
 2.01283E+06
 1.00000E+00
 9.02022E-17
 2.01283E+06
 1.00000E+00
 9.02022E-17
 2.01283E+06
 1.00000E+00
 9.02022E-17
 2.01283E+06
 1.00000E+00
 9.02022E-17
 2.01283E+06
 1.00000E+00
 9.02022E-17
 2.01283E+06
 1.00000E+00
 9.02022E-17
 2.01283E+06
 1.00000E+00
 9.02023E-17
 2.01283E+06
 1.00000E+00
 9.02022E-17
 2.01283E+06
 1.00000E+00
 9.02023E-17
 2.01283E+06
 1.00000E+00
 9.02022E-17
 2.01283E+06
 1.00000E+00
 9.02023E-17
 2.01283E+06
 1.00000E+00
 9.02022E-17
 2.01283E+06
 1.00000E+00
 9.02023E-17
 2.01283E+06
 1.00000E+00
 9.02022E-17
 2.01283E+06
 1.00000E+00
 9.02023E-17
 2.01283E+06
 1.00000E+00
 9.02022E-17
 2.01283E+06
 1.00000E+00
 9.02023E-17
 2.01283E+06
 1.00000E+00
 9.02022E-17
 2.01283E+06
 1.00000E+00
 9.02023E-17
 2.01283E+06
 1.00000E+00
 9.02023E-17
 2.01283E+06
 1.00000E+00
 9.02023E-17
 2.01283E+06
 1.00000E+00
 9.02023E-17
 2.01283E+06
 1.00000E+00
 9.02023E-17
 2.01283E+06
 1.00000E+00
 9.02023E-17
 2.01283E+06
 1.00000E+00
 9.02023E-17
 2.01283E+06
 1.00000E+00
 9.02023E-17
 2.01283E+06
 1.00000E+00
 9.02023E-17
 2.01283E+06
 1.00000E+00
 9.02023E-17
 2.01283E+06
 1.00000E+00
 9.02023E-17
 2.01283E+06
 1.00000E+00
 9.02023E-17
 2.01283E+06
 1.00000E+00
 9.02023E-17
 2.01283E+06
 1.00000E+00
 9.02023E-17
 2.01283E+06
 1.00000E+00
 9.02023E-17
 2.01283E+06
 1.00000E+00
 9.02023E-17
 2.01283E+06
 1.00000E+00
 9.02023E-17
 2.01283E+06
 1.00000E+00
 9.02023E-17
 2.01283E+06
 1.00000E+00
 9.02023E-17
 2.01283E+06
 1.00000E+00
 9.02023E-17
 2.01283E+06
 1.00000E+00
 9.02023E-17
 2.01283E+06
 1.00000E+00
 9.02023E-17
 2.01283E+06
 1.00000E+00
 9.02023E-17
 2.01283E+06
 1.00000E+00
 9.02023E-17
 2.01283E+06
 1.00000E+00
 9.02023E-17
 2.01283E+06
 1.00000E+00
 9.02023E-17
 2.01283E+06
 1.00000E+00
 9.02025E-17
 2.01282E+06
 1.00000E+00
 9.02026E-17
 2.01282E+06
 1.00000E+00
 9.02026E-17
 2.01282E+06
 1.00000E+00
 9.02026E-17
 2.01282E+06
 1.00000E+00
 9.02026E-17
 2.01282E+06
 1.00000E+00
 9.02026E-17
 2.01282E+06
 1.00000E+00
 9.02026E-17
 2.01282E+06
 1.00000E+00
 9.02026E-17
 2.01282E+06
 1.00000E+00
 9.02026E-17
 2.01282E+06
 1.00000E+00
 9.02026E-17
 2.01282E+06
 1.00000E+00
 9.02026E-17
 2.01282E+06
 1.00000E+00
 9.02026E-17
 2.01282E+06
 1.00000E+00
 9.02025E-17
 2.01282E+06
 1.00000E+00
 9.02025E-17
 2.01282E+06
 1.00000E+00
 9.02025E-17
 2.01282E+06
 1.00000E+00
 9.02025E-17
 2.01283E+06
 1.00000E+00
 9.02025E-17
 2.01283E+06
 1.00000E+00
 9.02025E-17
 2.01283E+06
 1.00000E+00
 9.02025E-17
 2.01283E+06
 1.00000E+00
 9.02025E-17
 2.01283E+06
 1.00000E+00
 9.02025E-17
 2.01283E+06
 1.00000E+00
 9.02025E-17
 2.01283E+06
 1.00000E+00
 9.02024E-17
 2.01283E+06
 1.00000E+00
 9.02025E-17
 2.01283E+06
 1.00000E+00
 9.02024E-17
 2.01283E+06
 1.00000E+00
 9.02024E-17
 2.01283E+06
 1.00000E+00
 9.02024E-17
 2.01283E+06
 1.00000E+00
 9.02024E-17
 2.01283E+06
 1.00000E+00
 9.02024E-17
 2.01283E+06
 1.00000E+00
 9.02024E-17
 2.01283E+06
 1.00000E+00
 9.02024E-17
 2.01283E+06
 1.00000E+00
 9.02024E-17
 2.01283E+06
 1.00000E+00
 9.02024E-17
 2.01283E+06
 1.00000E+00
 9.02024E-17
 2.01283E+06
 1.00000E+00
 9.02024E-17
 2.01283E+06
 1.00000E+00
 9.02024E-17
 2.01283E+06
 1.00000E+00
 9.02023E-17
 2.01283E+06
 1.00000E+00
 9.02024E-17
 2.01283E+06
 1.00000E+00
 9.02023E-17
 2.01283E+06
 1.00000E+00
 9.02023E-17
 2.01283E+06
 1.00000E+00
 9.02023E-17
 2.01283E+06
 1.00000E+00
 9.02023E-17
 2.01283E+06
 1.00000E+00
 9.02023E-17
 2.01283E+06
 1.00000E+00
 9.02023E-17
 2.01283E+06
 1.00000E+00
 9.02023E-17
 2.01283E+06
 1.00000E+00
 9.02023E-17
 2.01283E+06
 1.00000E+00
 9.02023E-17
 2.01283E+06
 1.00000E+00
 9.02023E-17
 2.01283E+06
 1.00000E+00
 9.02023E-17
 2.01283E+06
 1.00000E+00
 9.02023E-17
 2.01283E+06
 1.00000E+00
 9.02023E-17
 2.01283E+06
 1.00000E+00
 9.02023E-17
 2.01283E+06
 1.00000E+00
 9.02023E-17
 2.01283E+06
 1.00000E+00
 9.02023E-17
 2.01283E+06
 1.00000E+00
 9.02023E-17
 2.01283E+06
 1.00000E+00
 9.02023E-17
 2.01283E+06
 1.00000E+00
 9.02023E-17
 2.01283E+06
 1.00000E+00
 9.02023E-17
 2.01283E+06
 1.00000E+00
 9.02023E-17
 2.01283E+06
 1.00000E+00
 9.02023E-17
 2.01283E+06
 1.00000E+00
 9.02023E-17
 2.01283E+06
 1.00000E+00
 9.02023E-17
 2.01283E+06
 1.00000E+00
 9.02023E-17
 2.01283E+06
 1.00000E+00
 9.02023E-17
 2.01283E+06
 1.00000E+00
 9.02023E-17
 2.01283E+06
 1.00000E+00
 9.02023E-17
 2.01283E+06
 1.00000E+00
 9.02023E-17
 2.01283E+06
 1.00000E+00
 9.02023E-17
 2.01283E+06
 1.00000E+00
 9.02023E-17
 2.01283E+06
 1.00000E+00
 9.02023E-17
 2.01283E+06
 1.00000E+00
 9.02023E-17
 2.01283E+06
 1.00000E+00
 9.02023E-17
 2.01283E+06
 1.00000E+00
 9.02023E-17
 2.01283E+06
 1.00000E+00
 9.02023E-17
 2.01283E+06
 1.00000E+00
 9.02023E-17
 2.01283E+06
 1.00000E+00
 9.02023E-17
 2.01283E+06
 1.00000E+00
 9.02023E-17
 2.01283E+06
 1.00000E+00
 9.02023E-17
 2.01283E+06
 1.00000E+00
 9.02023E-17
 2.01283E+06
 1.00000E+00
 9.02023E-17
 2.01283E+06
 1.00000E+00
 9.02023E-17
 2.01283E+06
 1.00000E+00
 9.02023E-17
 2.01283E+06
 1.00000E+00
 9.02023E-17
 2.01283E+06
 1.00000E+00
 9.02023E-17
 2.01283E+06
 1.00000E+00
 9.02023E-17
 2.01283E+06
 1.00000E+00
 9.02023E-17
 2.01283E+06
 1.00000E+00
 9.02023E-17
 2.01283E+06
 1.00000E+00
 9.02023E-17
 2.01283E+06
 1.00000E+00
 9.02023E-17
 2.01283E+06
 1.00000E+00
 9.02023E-17
 2.01283E+06
 1.00000E+00
 9.02023E-17
 2.01283E+06
 1.00000E+00
 9.02023E-17
 2.01283E+06
 1.00000E+00
 9.02023E-17
 2.01283E+06
 1.00000E+00
 9.02023E-17
 2.01283E+06
 1.00000E+00
 9.02023E-17
 2.01283E+06
 1.00000E+00
 9.02023E-17
 2.01283E+06
 1.00000E+00
 9.02023E-17
 2.01283E+06
 1.00000E+00
 9.02023E-17
 2.01283E+06
 1.00000E+00
 9.02023E-17
 2.01283E+06
 1.00000E+00
 9.02023E-17
 2.01283E+06
 1.00000E+00
 9.02023E-17
 2.01283E+06
 1.00000E+00
 9.02023E-17
 2.01283E+06
 1.00000E+00
 9.02023E-17
 2.01283E+06
 1.00000E+00
 9.02023E-17
 2.01283E+06
 1.00000E+00
 9.02023E-17
 2.01283E+06
 1.00000E+00
 9.02023E-17
 2.01283E+06
 1.00000E+00
 9.02023E-17
 2.01283E+06
 1.00000E+00
 9.02023E-17
 2.01283E+06
 1.00000E+00
 9.02023E-17
 2.01283E+06
 1.00000E+00
 9.02023E-17
 2.01283E+06
 1.00000E+00
 9.02023E-17
 2.01283E+06
 1.00000E+00
 9.02023E-17
 2.01283E+06
 1.00000E+00
 9.02023E-17
 2.01283E+06
 1.00000E+00
 9.02023E-17
 2.01283E+06
 1.00000E+00
 9.02023E-17
 2.01283E+06
 1.00000E+00
 9.02023E-17
 2.01283E+06
 1.00000E+00
 9.02023E-17
 2.01283E+06
 1.00000E+00
 9.02023E-17
 2.01283E+06
 1.00000E+00
 9.02023E-17
 2.01283E+06
 1.00000E+00
 9.02023E-17
 2.01283E+06
 1.00000E+00
 9.02023E-17
 2.01283E+06
 1.00000E+00
 9.02023E-17
 2.01283E+06
 1.00000E+00
 9.02023E-17
 2.01283E+06
 1.00000E+00
 9.02023E-17
 2.01283E+06
 1.00000E+00
 9.02023E-17
 2.01283E+06
 1.00000E+00
 9.02023E-17
 2.01283E+06
 1.00000E+00
 9.02023E-17
 2.01283E+06
 1.00000E+00
 9.02023E-17
 2.01283E+06
 1.00000E+00
 9.02023E-17
 2.01283E+06
 1.00000E+00
 9.02023E-17
 2.01283E+06
 1.00000E+00
 9.02023E-17
 2.01283E+06
 1.00000E+00
 9.02023E-17
 2.01283E+06
 1.00000E+00
 9.02023E-17
 2.01283E+06
 1.00000E+00
 9.02023E-17
 2.01283E+06
 1.00000E+00
 9.02023E-17
 2.01283E+06
 1.00000E+00
 9.02023E-17
 2.01283E+06
 1.00000E+00
 9.02023E-17
 2.01283E+06
 1.00000E+00
 9.02023E-17
 2.01283E+06
 1.00000E+00
 9.02023E-17
 2.01283E+06
 1.00000E+00
 9.02023E-17
 2.01283E+06
 1.00000E+00
 9.02023E-17
 2.01283E+06
 1.00000E+00
 9.02023E-17
 2.01283E+06
 1.00000E+00
 9.02023E-17
 2.01283E+06
 1.00000E+00
 9.02023E-17
 2.01283E+06
 1.00000E+00
 9.02023E-17
 2.01283E+06
 1.00000E+00
 9.02023E-17
 2.01283E+06
 1.00000E+00
 9.02023E-17
 2.01283E+06
 1.00000E+00
 9.02023E-17
 2.01283E+06
 1.00000E+00
 9.02023E-17
 2.01283E+06
 1.00000E+00
 9.02023E-17
 2.01283E+06
 1.00000E+00
 9.02023E-17
 2.01283E+06
 1.00000E+00
 9.02023E-17
 2.01283E+06
 1.00000E+00
 9.02023E-17
 2.01282E+06
 1.00000E+00
 9.02025E-17
 2.01282E+06
 1.00000E+00
 9.02026E-17
 2.01282E+06
 1.00000E+00
 9.02026E-17
 2.01282E+06
 1.00000E+00
 9.02026E-17
 2.01282E+06
 1.00000E+00
 9.02026E-17
 2.01282E+06
 1.00000E+00
 9.02027E-17
 2.01282E+06
 1.00000E+00
 9.02026E-17
 2.01282E+06
 1.00000E+00
 9.02026E-17
 2.01282E+06
 1.00000E+00
 9.02026E-17
 2.01282E+06
 1.00000E+00
 9.02026E-17
 2.01282E+06
 1.00000E+00
 9.02026E-17
 2.01282E+06
 1.00000E+00
 9.02026E-17
 2.01282E+06
 1.00000E+00
 9.02026E-17
 2.01282E+06
 1.00000E+00
 9.02026E-17
 2.01282E+06
 1.00000E+00
 9.02026E-17
 2.01282E+06
 1.00000E+00
 9.02026E-17
 2.01282E+06
 1.00000E+00
 9.02025E-17
 2.01282E+06
 1.00000E+00
 9.02025E-17
 2.01282E+06
 1.00000E+00
 9.02025E-17
 2.01282E+06
 1.00000E+00
 9.02025E-17
 2.01282E+06
 1.00000E+00
 9.02025E-17
 2.01282E+06
 1.00000E+00
 9.02025E-17
 2.01283E+06
 1.00000E+00
 9.02025E-17
 2.01283E+06
 1.00000E+00
 9.02025E-17
 2.01283E+06
 1.00000E+00
 9.02025E-17
 2.01283E+06
 1.00000E+00
 9.02025E-17
 2.01283E+06
 1.00000E+00
 9.02025E-17
 2.01283E+06
 1.00000E+00
 9.02025E-17
 2.01283E+06
 1.00000E+00
 9.02025E-17
 2.01283E+06
 1.00000E+00
 9.02025E-17
 2.01283E+06
 1.00000E+00
 9.02025E-17
 2.01283E+06
 1.00000E+00
 9.02025E-17
 2.01283E+06
 1.00000E+00
 9.02024E-17
 2.01283E+06
 1.00000E+00
 9.02025E-17
 2.01283E+06
 1.00000E+00
 9.02024E-17
 2.01283E+06
 1.00000E+00
 9.02024E-17
 2.01283E+06
 1.00000E+00
 9.02024E-17
 2.01283E+06
 1.00000E+00
 9.02024E-17
 2.01283E+06
 1.00000E+00
 9.02024E-17
 2.01283E+06
 1.00000E+00
 9.02024E-17
 2.01283E+06
 1.00000E+00
 9.02024E-17
 2.01283E+06
 1.00000E+00
 9.02024E-17
 2.01283E+06
 1.00000E+00
 9.02024E-17
 2.01283E+06
 1.00000E+00
 9.02024E-17
 2.01283E+06
 1.00000E+00
 9.02024E-17
 2.01283E+06
 1.00000E+00
 9.02024E-17
 2.01283E+06
 1.00000E+00
 9.02024E-17
 2.01283E+06
 1.00000E+00
 9.02024E-17
 2.01283E+06
 1.00000E+00
 9.02024E-17
 2.01283E+06
 1.00000E+00
 9.02024E-17
 2.01283E+06
 1.00000E+00
 9.02024E-17
 2.01283E+06
 1.00000E+00
 9.02024E-17
 2.01283E+06
 1.00000E+00
 9.02024E-17
 2.01283E+06
 1.00000E+00
 9.02024E-17
 2.01283E+06
 1.00000E+00
 9.02024E-17
 2.01283E+06
 1.00000E+00
 9.02024E-17
 2.01283E+06
 1.00000E+00
 9.02024E-17
 2.01283E+06
 1.00000E+00
 9.02024E-17
 2.01283E+06
 1.00000E+00
 9.02024E-17
 2.01283E+06
 1.00000E+00
 9.02024E-17
 2.01283E+06
 1.00000E+00
 9.02024E-17
 2.01283E+06
 1.00000E+00
 9.02024E-17
 2.01283E+06
 1.00000E+00
 9.02024E-17
 2.01283E+06
 1.00000E+00
 9.02024E-17
 2.01283E+06
 1.00000E+00
 9.02024E-17
 2.01283E+06
 1.00000E+00
 9.02024E-17
 2.01283E+06
 1.00000E+00
 9.02024E-17
 2.01283E+06
 1.00000E+00
 9.02024E-17
 2.01283E+06
 1.00000E+00
 9.02024E-17
 2.01283E+06
 1.00000E+00
 9.02024E-17
 2.01283E+06
 1.00000E+00
 9.02024E-17
 2.01283E+06
 1.00000E+00
 9.02024E-17
 2.01283E+06
 1.00000E+00
 9.02024E-17
 2.01283E+06
 1.00000E+00
 9.02024E-17
 2.01283E+06
 1.00000E+00
 9.02024E-17
 2.01283E+06
 1.00000E+00
 9.02024E-17
 2.01283E+06
 1.00000E+00
 9.02024E-17
 2.01283E+06
 1.00000E+00
 9.02024E-17
 2.01283E+06
 1.00000E+00
 9.02024E-17
 2.01283E+06
 1.00000E+00
 9.02024E-17
 2.01283E+06
 1.00000E+00
 9.02024E-17
 2.01283E+06
 1.00000E+00
 9.02024E-17
 2.01283E+06
 1.00000E+00
 9.02024E-17
 2.01283E+06
 1.00000E+00
 9.02024E-17
 2.01283E+06
 1.00000E+00
 9.02024E-17
 2.01283E+06
 1.00000E+00
 9.02024E-17
 2.01283E+06
 1.00000E+00
 9.02024E-17
 2.01283E+06
 1.00000E+00
 9.02024E-17
 2.01283E+06
 1.00000E+00
 9.02024E-17
 2.01283E+06
 1.00000E+00
 9.02024E-17
 2.01283E+06
 1.00000E+00
 9.02024E-17
 2.01283E+06
 1.00000E+00
 9.02024E-17
 2.01283E+06
 1.00000E+00
 9.02024E-17
 2.01283E+06
 1.00000E+00
 9.02024E-17
 2.01283E+06
 1.00000E+00
 9.02024E-17
 2.01283E+06
 1.00000E+00
 9.02024E-17
 2.01283E+06
 1.00000E+00
 9.02024E-17
 2.01283E+06
 1.00000E+00
 9.02024E-17
 2.01283E+06
 1.00000E+00
 9.02024E-17
 2.01283E+06
 1.00000E+00
 9.02024E-17
 2.01283E+06
 1.00000E+00
 9.02024E-17
 2.01283E+06
 1.00000E+00
 9.02024E-17
 2.01283E+06
 1.00000E+00
 9.02024E-17
 2.01283E+06
 1.00000E+00
 9.02024E-17
 2.01283E+06
 1.00000E+00
 9.02024E-17
 2.01283E+06
 1.00000E+00
 9.02024E-17
 2.01283E+06
 1.00000E+00
 9.02024E-17
 2.01283E+06
 1.00000E+00
 9.02024E-17
 2.01283E+06
 1.00000E+00
 9.02024E-17
 2.01283E+06
 1.00000E+00
 9.02024E-17
 2.01283E+06
 1.00000E+00
 9.02024E-17
 2.01283E+06
 1.00000E+00
 9.02024E-17
 2.01283E+06
 1.00000E+00
 9.02024E-17
 2.01283E+06
 1.00000E+00
 9.02024E-17
 2.01283E+06
 1.00000E+00
 9.02024E-17
 2.01283E+06
 1.00000E+00
 9.02024E-17
 2.01283E+06
 1.00000E+00
 9.02024E-17
 2.01283E+06
 1.00000E+00
 9.02024E-17
 2.01283E+06
 1.00000E+00
 9.02024E-17
 2.01283E+06
 1.00000E+00
 9.02024E-17
 2.01283E+06
 1.00000E+00
 9.02024E-17
 2.01283E+06
 1.00000E+00
 9.02024E-17
 2.01283E+06
 1.00000E+00
 9.02024E-17
 2.01283E+06
 1.00000E+00
 9.02024E-17
 2.01283E+06
 1.00000E+00
 9.02024E-17
 2.01283E+06
 1.00000E+00
 9.02024E-17
 2.01283E+06
 1.00000E+00
 9.02024E-17
 2.01283E+06
 1.00000E+00
 9.02024E-17
 2.01283E+06
 1.00000E+00
 9.02024E-17
 2.01283E+06
 1.00000E+00
 9.02024E-17
 2.01283E+06
 1.00000E+00
 9.02024E-17
 2.01283E+06
 1.00000E+00
 9.02024E-17
 2.01283E+06
 1.00000E+00
 9.02024E-17
 2.01283E+06
 1.00000E+00
 9.02024E-17
 2.01283E+06
 1.00000E+00
 9.02024E-17
 2.01283E+06
 1.00000E+00
 9.02024E-17
