 2.01202E+06
 5.00000E-01
 5.00000E-01
 2.01256E+06
 5.02921E-01
 4.97079E-01
 2.01269E+06
 5.05809E-01
 4.94191E-01
 2.01276E+06
 5.08720E-01
 4.91280E-01
 2.01280E+06
 5.11657E-01
 4.88343E-01
 2.01283E+06
 5.14624E-01
 4.85376E-01
 2.01285E+06
 5.17622E-01
 4.82378E-01
 2.01286E+06
 5.20652E-01
 4.79348E-01
 2.01287E+06
 5.23715E-01
 4.76285E-01
 2.01287E+06
 5.26813E-01
 4.73187E-01
 2.01287E+06
 5.29946E-01
 4.70054E-01
 2.01287E+06
 5.33116E-01
 4.66884E-01
 2.01288E+06
 5.36324E-01
 4.63676E-01
 2.01288E+06
 5.39570E-01
 4.60430E-01
 2.01288E+06
 5.42856E-01
 4.57144E-01
 2.01288E+06
 5.46182E-01
 4.53818E-01
 2.01288E+06
 5.49550E-01
 4.50450E-01
 2.01288E+06
 5.52961E-01
 4.47039E-01
 2.01288E+06
 5.56415E-01
 4.43585E-01
 2.01288E+06
 5.59914E-01
 4.40086E-01
 2.01287E+06
 5.63459E-01
 4.36541E-01
 2.01287E+06
 5.67052E-01
 4.32948E-01
 2.01287E+06
 5.70693E-01
 4.29307E-01
 2.01287E+06
 5.74382E-01
 4.25618E-01
 2.01287E+06
 5.78113E-01
 4.21887E-01
 2.01287E+06
 5.81886E-01
 4.18114E-01
 2.01287E+06
 5.85702E-01
 4.14298E-01
 2.01287E+06
 5.89562E-01
 4.10438E-01
 2.01287E+06
 5.93482E-01
 4.06518E-01
 2.01287E+06
 5.97465E-01
 4.02535E-01
 2.01287E+06
 6.01435E-01
 3.98565E-01
 2.01287E+06
 6.05387E-01
 3.94613E-01
 2.01287E+06
 6.09431E-01
 3.90569E-01
 2.01287E+06
 6.13573E-01
 3.86427E-01
 2.01287E+06
 6.17773E-01
 3.82227E-01
 2.01287E+06
 6.22033E-01
 3.77967E-01
 2.01287E+06
 6.26355E-01
 3.73645E-01
 2.01287E+06
 6.30742E-01
 3.69258E-01
 2.01287E+06
 6.35195E-01
 3.64805E-01
 2.01287E+06
 6.39718E-01
 3.60282E-01
 2.01287E+06
 6.44312E-01
 3.55688E-01
 2.01287E+06
 6.48980E-01
 3.51020E-01
 2.01287E+06
 6.53724E-01
 3.46276E-01
 2.01287E+06
 6.58546E-01
 3.41454E-01
 2.01287E+06
 6.63450E-01
 3.36550E-01
 2.01287E+06
 6.68439E-01
 3.31561E-01
 2.01287E+06
 6.73514E-01
 3.26486E-01
 2.01287E+06
 6.78678E-01
 3.21322E-01
 2.01287E+06
 6.83936E-01
 3.16064E-01
 2.01287E+06
 6.89289E-01
 3.10711E-01
 2.01287E+06
 6.94741E-01
 3.05259E-01
 2.01287E+06
 7.00295E-01
 2.99705E-01
 2.01287E+06
 7.05955E-01
 2.94045E-01
 2.01287E+06
 7.11725E-01
 2.88275E-01
 2.01287E+06
 7.17607E-01
 2.82393E-01
 2.01287E+06
 7.23607E-01
 2.76393E-01
 2.01287E+06
 7.29727E-01
 2.70273E-01
 2.01287E+06
 7.35972E-01
 2.64028E-01
 2.01287E+06
 7.42347E-01
 2.57653E-01
 2.01287E+06
 7.48857E-01
 2.51143E-01
 2.01287E+06
 7.55505E-01
 2.44495E-01
 2.01287E+06
 7.62297E-01
 2.37703E-01
 2.01287E+06
 7.69239E-01
 2.30761E-01
 2.01287E+06
 7.76335E-01
 2.23665E-01
 2.01287E+06
 7.83591E-01
 2.16409E-01
 2.01287E+06
 7.91014E-01
 2.08986E-01
 2.01287E+06
 7.98609E-01
 2.01391E-01
 2.01287E+06
 8.06384E-01
 1.93616E-01
 2.01287E+06
 8.14345E-01
 1.85655E-01
 2.01287E+06
 8.22499E-01
 1.77501E-01
 2.01287E+06
 8.30854E-01
 1.69146E-01
 2.01287E+06
 8.39418E-01
 1.60582E-01
 2.01286E+06
 8.48199E-01
 1.51801E-01
 2.01286E+06
 8.57206E-01
 1.42794E-01
 2.01286E+06
 8.66449E-01
 1.33551E-01
 2.01286E+06
 8.75936E-01
 1.24064E-01
 2.01286E+06
 8.85678E-01
 1.14322E-01
 2.01286E+06
 8.95686E-01
 1.04314E-01
 2.01286E+06
 9.05971E-01
 9.40287E-02
 2.01286E+06
 9.16545E-01
 8.34552E-02
 2.01286E+06
 9.27419E-01
 7.25812E-02
 2.01286E+06
 9.38606E-01
 6.13941E-02
 2.01286E+06
 9.50119E-01
 4.98808E-02
 2.01286E+06
 9.61972E-01
 3.80281E-02
 2.01285E+06
 9.72852E-01
 2.71475E-02
 2.01285E+06
 9.80637E-01
 1.93631E-02
 2.01285E+06
 9.86211E-01
 1.37888E-02
 2.01285E+06
 9.90182E-01
 9.81816E-03
 2.01285E+06
 9.93017E-01
 6.98324E-03
 2.01285E+06
 9.95034E-01
 4.96595E-03
 2.01286E+06
 9.96471E-01
 3.52936E-03
 2.01286E+06
 9.97491E-01
 2.50899E-03
 2.01286E+06
 9.98217E-01
 1.78276E-03
 2.01286E+06
 9.98733E-01
 1.26712E-03
 2.01286E+06
 9.99100E-01
 9.00251E-04
 2.01286E+06
 9.99360E-01
 6.39808E-04
 2.01286E+06
 9.99545E-01
 4.54536E-04
 2.01286E+06
 9.99677E-01
 3.23022E-04
 2.01286E+06
 9.99771E-01
 2.29476E-04
 2.01286E+06
 9.99837E-01
 1.63075E-04
 2.01286E+06
 9.99884E-01
 1.15847E-04
 2.01286E+06
 9.99918E-01
 8.23241E-05
 2.01286E+06
 9.99942E-01
 5.84821E-05
 2.01286E+06
 9.99958E-01
 4.15582E-05
 2.01286E+06
 9.99970E-01
 2.95223E-05
 2.01286E+06
 9.99979E-01
 2.09787E-05
 2.01286E+06
 9.99985E-01
 1.49030E-05
 2.01286E+06
 9.99989E-01
 1.05900E-05
 2.01286E+06
 9.99992E-01
 7.52296E-06
 2.01286E+06
 9.99995E-01
 5.34573E-06
 2.01286E+06
 9.99996E-01
 3.79752E-06
 2.01286E+06
 9.99997E-01
 2.69845E-06
 2.01286E+06
 9.99998E-01
 1.91693E-06
 2.01286E+06
 9.99999E-01
 1.36213E-06
 2.01286E+06
 9.99999E-01
 9.67631E-07
 2.01286E+06
 9.99999E-01
 6.87569E-07
 2.01286E+06
 1.00000E+00
 4.88437E-07
 2.01286E+06
 1.00000E+00
 3.47065E-07
 2.01286E+06
 1.00000E+00
 2.46549E-07
 2.01286E+06
 1.00000E+00
 1.75187E-07
 2.01286E+06
 1.00000E+00
 1.24450E-07
 2.01286E+06
 1.00000E+00
 8.84280E-08
 2.01286E+06
 1.00000E+00
 6.28177E-08
 2.01286E+06
 1.00000E+00
 4.46348E-08
 2.01286E+06
 1.00000E+00
 3.17078E-08
 2.01286E+06
 1.00000E+00
 2.25296E-08
 2.01286E+06
 1.00000E+00
 1.60046E-08
 2.01286E+06
 1.00000E+00
 1.13718E-08
 2.01286E+06
 1.00000E+00
 8.07835E-09
 2.01286E+06
 1.00000E+00
 5.73989E-09
 2.01286E+06
 1.00000E+00
 4.07752E-09
 2.01286E+06
 1.00000E+00
 2.89717E-09
 2.01286E+06
 1.00000E+00
 2.05810E-09
 2.01286E+06
 1.00000E+00
 1.46231E-09
 2.01286E+06
 1.00000E+00
 1.03880E-09
 2.01286E+06
 1.00000E+00
 7.38080E-10
 2.01286E+06
 1.00000E+00
 5.24319E-10
 2.01286E+06
 1.00000E+00
 3.72533E-10
 2.01286E+06
 1.00000E+00
 2.64641E-10
 2.01286E+06
 1.00000E+00
 1.88028E-10
 2.01286E+06
 1.00000E+00
 1.33572E-10
 2.01286E+06
 1.00000E+00
 9.49023E-11
 2.01286E+06
 1.00000E+00
 6.74170E-11
 2.01286E+06
 1.00000E+00
 4.78993E-11
 2.01286E+06
 1.00000E+00
 3.40268E-11
 2.01286E+06
 1.00000E+00
 2.41756E-11
 2.01286E+06
 1.00000E+00
 1.71739E-11
 2.01286E+06
 1.00000E+00
 1.22018E-11
 2.01286E+06
 1.00000E+00
 8.66800E-12
 2.01286E+06
 1.00000E+00
 6.15838E-12
 2.01286E+06
 1.00000E+00
 4.37481E-12
 2.01286E+06
 1.00000E+00
 3.10824E-12
 2.01286E+06
 1.00000E+00
 2.20806E-12
 2.01286E+06
 1.00000E+00
 1.56877E-12
 2.01286E+06
 1.00000E+00
 1.11444E-12
 2.01286E+06
 1.00000E+00
 7.91779E-13
 2.01286E+06
 1.00000E+00
 5.62442E-13
 2.01286E+06
 1.00000E+00
 3.99498E-13
 2.01286E+06
 1.00000E+00
 2.83800E-13
 2.01286E+06
 1.00000E+00
 2.01620E-13
 2.01286E+06
 1.00000E+00
 1.43225E-13
 2.01286E+06
 1.00000E+00
 1.01749E-13
 2.01286E+06
 1.00000E+00
 7.22936E-14
 2.01286E+06
 1.00000E+00
 5.13304E-14
 2.01286E+06
 1.00000E+00
 3.64100E-14
 2.01286E+06
 1.00000E+00
 2.58640E-14
 2.01286E+06
 1.00000E+00
 1.84038E-14
 2.01286E+06
 1.00000E+00
 1.30665E-14
 2.01286E+06
 1.00000E+00
 9.33636E-15
 2.01286E+06
 1.00000E+00
 6.63552E-15
 2.01286E+06
 1.00000E+00
 4.70616E-15
 2.01286E+06
 1.00000E+00
 3.29144E-15
 2.01286E+06
 1.00000E+00
 2.32676E-15
 2.01286E+06
 1.00000E+00
 1.68369E-15
 2.01286E+06
 1.00000E+00
 1.16919E-15
 2.01286E+06
 1.00000E+00
 8.47653E-16
 2.01286E+06
 1.00000E+00
 5.90404E-16
 2.01286E+06
 1.00000E+00
 4.61779E-16
 2.01286E+06
 1.00000E+00
 3.33154E-16
 2.01286E+06
 1.00000E+00
 2.04548E-16
 2.01286E+06
 1.00000E+00
 1.40236E-16
 2.01286E+06
 1.00000E+00
 7.59342E-17
 2.01286E+06
 1.00000E+00
 7.59342E-17
 2.01285E+06
 1.00000E+00
 7.59291E-17
 2.01285E+06
 1.00000E+00
 7.59291E-17
 2.01285E+06
 1.00000E+00
 7.59244E-17
 2.01285E+06
 1.00000E+00
 7.59244E-17
 2.01285E+06
 1.00000E+00
 7.59200E-17
 2.01285E+06
 1.00000E+00
 7.59200E-17
 2.01285E+06
 1.00000E+00
 7.59159E-17
 2.01285E+06
 1.00000E+00
 7.59159E-17
 2.01285E+06
 1.00000E+00
 7.59121E-17
 2.01285E+06
 1.00000E+00
 7.59121E-17
 2.01285E+06
 1.00000E+00
 7.59086E-17
 2.01285E+06
 1.00000E+00
 7.59086E-17
 2.01285E+06
 1.00000E+00
 7.59054E-17
 2.01285E+06
 1.00000E+00
 7.59054E-17
 2.01285E+06
 1.00000E+00
 7.59024E-17
 2.01285E+06
 1.00000E+00
 7.59024E-17
 2.01285E+06
 1.00000E+00
 7.58997E-17
 2.01285E+06
 1.00000E+00
 7.58997E-17
 2.01285E+06
 1.00000E+00
 7.58973E-17
 2.01285E+06
 1.00000E+00
 7.58973E-17
 2.01285E+06
 1.00000E+00
 7.58950E-17
 2.01285E+06
 1.00000E+00
 7.58950E-17
 2.01285E+06
 1.00000E+00
 7.58930E-17
 2.01285E+06
 1.00000E+00
 7.58930E-17
 2.01285E+06
 1.00000E+00
 7.58912E-17
 2.01285E+06
 1.00000E+00
 7.58912E-17
 2.01285E+06
 1.00000E+00
 7.58896E-17
 2.01285E+06
 1.00000E+00
 7.58896E-17
 2.01285E+06
 1.00000E+00
 7.58882E-17
 2.01285E+06
 1.00000E+00
 7.58882E-17
 2.01285E+06
 1.00000E+00
 7.58869E-17
 2.01285E+06
 1.00000E+00
 7.58869E-17
 2.01285E+06
 1.00000E+00
 7.58858E-17
 2.01285E+06
 1.00000E+00
 7.58858E-17
 2.01285E+06
 1.00000E+00
 7.58849E-17
 2.01285E+06
 1.00000E+00
 7.58849E-17
 2.01285E+06
 1.00000E+00
 7.58841E-17
 2.01285E+06
 1.00000E+00
 7.58841E-17
 2.01285E+06
 1.00000E+00
 7.58834E-17
 2.01285E+06
 1.00000E+00
 7.58834E-17
 2.01285E+06
 1.00000E+00
 7.58829E-17
 2.01285E+06
 1.00000E+00
 7.58829E-17
 2.01285E+06
 1.00000E+00
 7.58824E-17
 2.01285E+06
 1.00000E+00
 7.58824E-17
 2.01285E+06
 1.00000E+00
 7.58821E-17
 2.01285E+06
 1.00000E+00
 7.58821E-17
 2.01285E+06
 1.00000E+00
 7.58818E-17
 2.01285E+06
 1.00000E+00
 7.58818E-17
 2.01285E+06
 1.00000E+00
 7.58816E-17
 2.01285E+06
 1.00000E+00
 7.58816E-17
 2.01285E+06
 1.00000E+00
 7.58815E-17
 2.01285E+06
 1.00000E+00
 7.58815E-17
 2.01285E+06
 1.00000E+00
 7.58814E-17
 2.01285E+06
 1.00000E+00
 7.58814E-17
 2.01285E+06
 1.00000E+00
 7.58814E-17
 2.01285E+06
 1.00000E+00
 7.58814E-17
 2.01285E+06
 1.00000E+00
 7.58814E-17
 2.01285E+06
 1.00000E+00
 7.58814E-17
 2.01285E+06
 1.00000E+00
 7.58814E-17
 2.01285E+06
 1.00000E+00
 7.58814E-17
 2.01284E+06
 1.00000E+00
 7.58819E-17
 2.01283E+06
 1.00000E+00
 7.58821E-17
 2.01283E+06
 1.00000E+00
 7.58821E-17
 2.01283E+06
 1.00000E+00
 7.58821E-17
 2.01284E+06
 1.00000E+00
 7.58820E-17
 2.01284E+06
 1.00000E+00
 7.58820E-17
 2.01284E+06
 1.00000E+00
 7.58819E-17
 2.01284E+06
 1.00000E+00
 7.58819E-17
 2.01284E+06
 1.00000E+00
 7.58818E-17
 2.01284E+06
 1.00000E+00
 7.58818E-17
 2.01284E+06
 1.00000E+00
 7.58817E-17
 2.01284E+06
 1.00000E+00
 7.58817E-17
 2.01285E+06
 1.00000E+00
 7.58816E-17
 2.01284E+06
 1.00000E+00
 7.58816E-17
 2.01285E+06
 1.00000E+00
 7.58816E-17
 2.01285E+06
 1.00000E+00
 7.58816E-17
 2.01285E+06
 1.00000E+00
 7.58815E-17
 2.01285E+06
 1.00000E+00
 7.58816E-17
 2.01285E+06
 1.00000E+00
 7.58815E-17
 2.01285E+06
 1.00000E+00
 7.58815E-17
 2.01285E+06
 1.00000E+00
 7.58815E-17
 2.01285E+06
 1.00000E+00
 7.58815E-17
 2.01285E+06
 1.00000E+00
 7.58815E-17
 2.01285E+06
 1.00000E+00
 7.58815E-17
 2.01285E+06
 1.00000E+00
 7.58815E-17
 2.01285E+06
 1.00000E+00
 7.58815E-17
 2.01285E+06
 1.00000E+00
 7.58815E-17
 2.01285E+06
 1.00000E+00
 7.58815E-17
 2.01285E+06
 1.00000E+00
 7.58815E-17
 2.01285E+06
 1.00000E+00
 7.58815E-17
 2.01285E+06
 1.00000E+00
 7.58815E-17
 2.01285E+06
 1.00000E+00
 7.58815E-17
 2.01285E+06
 1.00000E+00
 7.58815E-17
 2.01285E+06
 1.00000E+00
 7.58815E-17
 2.01285E+06
 1.00000E+00
 7.58815E-17
 2.01285E+06
 1.00000E+00
 7.58815E-17
 2.01285E+06
 1.00000E+00
 7.58815E-17
 2.01285E+06
 1.00000E+00
 7.58815E-17
 2.01285E+06
 1.00000E+00
 7.58815E-17
 2.01285E+06
 1.00000E+00
 7.58815E-17
 2.01285E+06
 1.00000E+00
 7.58815E-17
 2.01285E+06
 1.00000E+00
 7.58815E-17
 2.01285E+06
 1.00000E+00
 7.58815E-17
 2.01285E+06
 1.00000E+00
 7.58815E-17
 2.01285E+06
 1.00000E+00
 7.58815E-17
 2.01285E+06
 1.00000E+00
 7.58815E-17
 2.01285E+06
 1.00000E+00
 7.58815E-17
 2.01285E+06
 1.00000E+00
 7.58815E-17
 2.01285E+06
 1.00000E+00
 7.58815E-17
 2.01285E+06
 1.00000E+00
 7.58815E-17
 2.01285E+06
 1.00000E+00
 7.58815E-17
 2.01285E+06
 1.00000E+00
 7.58815E-17
 2.01285E+06
 1.00000E+00
 7.58815E-17
 2.01285E+06
 1.00000E+00
 7.58815E-17
 2.01285E+06
 1.00000E+00
 7.58815E-17
 2.01285E+06
 1.00000E+00
 7.58815E-17
 2.01285E+06
 1.00000E+00
 7.58815E-17
 2.01285E+06
 1.00000E+00
 7.58815E-17
 2.01285E+06
 1.00000E+00
 7.58815E-17
 2.01285E+06
 1.00000E+00
 7.58815E-17
 2.01285E+06
 1.00000E+00
 7.58815E-17
 2.01285E+06
 1.00000E+00
 7.58815E-17
 2.01285E+06
 1.00000E+00
 7.58815E-17
 2.01285E+06
 1.00000E+00
 7.58815E-17
 2.01285E+06
 1.00000E+00
 7.58815E-17
 2.01285E+06
 1.00000E+00
 7.58815E-17
 2.01285E+06
 1.00000E+00
 7.58815E-17
 2.01285E+06
 1.00000E+00
 7.58815E-17
 2.01285E+06
 1.00000E+00
 7.58815E-17
 2.01285E+06
 1.00000E+00
 7.58815E-17
 2.01285E+06
 1.00000E+00
 7.58815E-17
 2.01285E+06
 1.00000E+00
 7.58815E-17
 2.01285E+06
 1.00000E+00
 7.58815E-17
 2.01285E+06
 1.00000E+00
 7.58815E-17
 2.01285E+06
 1.00000E+00
 7.58815E-17
 2.01285E+06
 1.00000E+00
 7.58815E-17
 2.01285E+06
 1.00000E+00
 7.58815E-17
 2.01285E+06
 1.00000E+00
 7.58815E-17
 2.01285E+06
 1.00000E+00
 7.58815E-17
 2.01285E+06
 1.00000E+00
 7.58815E-17
 2.01285E+06
 1.00000E+00
 7.58815E-17
 2.01285E+06
 1.00000E+00
 7.58815E-17
 2.01285E+06
 1.00000E+00
 7.58815E-17
 2.01285E+06
 1.00000E+00
 7.58815E-17
 2.01285E+06
 1.00000E+00
 7.58815E-17
 2.01285E+06
 1.00000E+00
 7.58815E-17
 2.01285E+06
 1.00000E+00
 7.58815E-17
 2.01285E+06
 1.00000E+00
 7.58815E-17
 2.01285E+06
 1.00000E+00
 7.58815E-17
 2.01285E+06
 1.00000E+00
 7.58815E-17
 2.01285E+06
 1.00000E+00
 7.58815E-17
 2.01285E+06
 1.00000E+00
 7.58815E-17
 2.01285E+06
 1.00000E+00
 7.58815E-17
 2.01285E+06
 1.00000E+00
 7.58815E-17
 2.01285E+06
 1.00000E+00
 7.58815E-17
 2.01285E+06
 1.00000E+00
 7.58815E-17
 2.01285E+06
 1.00000E+00
 7.58815E-17
 2.01285E+06
 1.00000E+00
 7.58815E-17
 2.01285E+06
 1.00000E+00
 7.58815E-17
 2.01285E+06
 1.00000E+00
 7.58815E-17
 2.01285E+06
 1.00000E+00
 7.58815E-17
 2.01285E+06
 1.00000E+00
 7.58815E-17
 2.01285E+06
 1.00000E+00
 7.58815E-17
 2.01285E+06
 1.00000E+00
 7.58815E-17
 2.01285E+06
 1.00000E+00
 7.58815E-17
 2.01285E+06
 1.00000E+00
 7.58815E-17
 2.01285E+06
 1.00000E+00
 7.58815E-17
 2.01285E+06
 1.00000E+00
 7.58815E-17
 2.01285E+06
 1.00000E+00
 7.58815E-17
 2.01285E+06
 1.00000E+00
 7.58815E-17
 2.01285E+06
 1.00000E+00
 7.58815E-17
 2.01285E+06
 1.00000E+00
 7.58815E-17
 2.01285E+06
 1.00000E+00
 7.58815E-17
 2.01285E+06
 1.00000E+00
 7.58815E-17
 2.01285E+06
 1.00000E+00
 7.58815E-17
 2.01285E+06
 1.00000E+00
 7.58815E-17
 2.01285E+06
 1.00000E+00
 7.58815E-17
 2.01285E+06
 1.00000E+00
 7.58815E-17
 2.01285E+06
 1.00000E+00
 7.58815E-17
 2.01285E+06
 1.00000E+00
 7.58815E-17
 2.01285E+06
 1.00000E+00
 7.58815E-17
 2.01285E+06
 1.00000E+00
 7.58815E-17
 2.01285E+06
 1.00000E+00
 7.58815E-17
 2.01285E+06
 1.00000E+00
 7.58815E-17
 2.01285E+06
 1.00000E+00
 7.58815E-17
 2.01285E+06
 1.00000E+00
 7.58815E-17
 2.01285E+06
 1.00000E+00
 7.58815E-17
 2.01285E+06
 1.00000E+00
 7.58815E-17
 2.01285E+06
 1.00000E+00
 7.58815E-17
 2.01285E+06
 1.00000E+00
 7.58815E-17
 2.01285E+06
 1.00000E+00
 7.58815E-17
 2.01285E+06
 1.00000E+00
 7.58815E-17
 2.01285E+06
 1.00000E+00
 7.58815E-17
 2.01285E+06
 1.00000E+00
 7.58815E-17
 2.01285E+06
 1.00000E+00
 7.58815E-17
 2.01285E+06
 1.00000E+00
 7.58815E-17
 2.01285E+06
 1.00000E+00
 7.58815E-17
 2.01285E+06
 1.00000E+00
 7.58815E-17
 2.01285E+06
 1.00000E+00
 7.58815E-17
 2.01285E+06
 1.00000E+00
 7.58816E-17
 2.01285E+06
 1.00000E+00
 7.58815E-17
 2.01285E+06
 1.00000E+00
 7.58816E-17
 2.01285E+06
 1.00000E+00
 7.58815E-17
 2.01285E+06
 1.00000E+00
 7.58816E-17
 2.01285E+06
 1.00000E+00
 7.58815E-17
 2.01285E+06
 1.00000E+00
 7.58816E-17
 2.01285E+06
 1.00000E+00
 7.58816E-17
 2.01285E+06
 1.00000E+00
 7.58816E-17
 2.01285E+06
 1.00000E+00
 7.58816E-17
 2.01285E+06
 1.00000E+00
 7.58816E-17
 2.01285E+06
 1.00000E+00
 7.58816E-17
 2.01285E+06
 1.00000E+00
 7.58816E-17
 2.01285E+06
 1.00000E+00
 7.58816E-17
 2.01285E+06
 1.00000E+00
 7.58816E-17
 2.01285E+06
 1.00000E+00
 7.58816E-17
 2.01285E+06
 1.00000E+00
 7.58816E-17
 2.01285E+06
 1.00000E+00
 7.58816E-17
 2.01285E+06
 1.00000E+00
 7.58816E-17
 2.01285E+06
 1.00000E+00
 7.58816E-17
 2.01285E+06
 1.00000E+00
 7.58816E-17
 2.01285E+06
 1.00000E+00
 7.58816E-17
 2.01285E+06
 1.00000E+00
 7.58816E-17
 2.01285E+06
 1.00000E+00
 7.58816E-17
 2.01285E+06
 1.00000E+00
 7.58816E-17
 2.01285E+06
 1.00000E+00
 7.58816E-17
 2.01285E+06
 1.00000E+00
 7.58816E-17
 2.01285E+06
 1.00000E+00
 7.58816E-17
 2.01285E+06
 1.00000E+00
 7.58816E-17
 2.01285E+06
 1.00000E+00
 7.58816E-17
 2.01285E+06
 1.00000E+00
 7.58816E-17
 2.01285E+06
 1.00000E+00
 7.58816E-17
 2.01285E+06
 1.00000E+00
 7.58816E-17
 2.01285E+06
 1.00000E+00
 7.58816E-17
 2.01285E+06
 1.00000E+00
 7.58816E-17
 2.01285E+06
 1.00000E+00
 7.58816E-17
 2.01285E+06
 1.00000E+00
 7.58816E-17
 2.01285E+06
 1.00000E+00
 7.58816E-17
 2.01285E+06
 1.00000E+00
 7.58816E-17
 2.01285E+06
 1.00000E+00
 7.58816E-17
 2.01285E+06
 1.00000E+00
 7.58816E-17
 2.01285E+06
 1.00000E+00
 7.58816E-17
 2.01285E+06
 1.00000E+00
 7.58816E-17
 2.01285E+06
 1.00000E+00
 7.58816E-17
 2.01285E+06
 1.00000E+00
 7.58816E-17
 2.01285E+06
 1.00000E+00
 7.58816E-17
 2.01285E+06
 1.00000E+00
 7.58816E-17
 2.01285E+06
 1.00000E+00
 7.58816E-17
 2.01285E+06
 1.00000E+00
 7.58816E-17
 2.01285E+06
 1.00000E+00
 7.58816E-17
 2.01285E+06
 1.00000E+00
 7.58816E-17
 2.01285E+06
 1.00000E+00
 7.58816E-17
 2.01284E+06
 1.00000E+00
 7.58816E-17
 2.01284E+06
 1.00000E+00
 7.58816E-17
 2.01284E+06
 1.00000E+00
 7.58816E-17
 2.01284E+06
 1.00000E+00
 7.58816E-17
 2.01284E+06
 1.00000E+00
 7.58816E-17
 2.01284E+06
 1.00000E+00
 7.58816E-17
 2.01284E+06
 1.00000E+00
 7.58816E-17
 2.01284E+06
 1.00000E+00
 7.58816E-17
 2.01284E+06
 1.00000E+00
 7.58816E-17
 2.01284E+06
 1.00000E+00
 7.58818E-17
 2.01284E+06
 1.00000E+00
 7.58819E-17
 2.01284E+06
 1.00000E+00
 7.58819E-17
 2.01284E+06
 1.00000E+00
 7.58819E-17
 2.01284E+06
 1.00000E+00
 7.58819E-17
 2.01284E+06
 1.00000E+00
 7.58819E-17
 2.01284E+06
 1.00000E+00
 7.58819E-17
 2.01284E+06
 1.00000E+00
 7.58819E-17
 2.01284E+06
 1.00000E+00
 7.58818E-17
 2.01284E+06
 1.00000E+00
 7.58819E-17
 2.01284E+06
 1.00000E+00
 7.58818E-17
 2.01284E+06
 1.00000E+00
 7.58818E-17
 2.01284E+06
 1.00000E+00
 7.58818E-17
 2.01284E+06
 1.00000E+00
 7.58818E-17
 2.01284E+06
 1.00000E+00
 7.58818E-17
 2.01284E+06
 1.00000E+00
 7.58818E-17
 2.01284E+06
 1.00000E+00
 7.58817E-17
 2.01284E+06
 1.00000E+00
 7.58817E-17
 2.01284E+06
 1.00000E+00
 7.58817E-17
 2.01284E+06
 1.00000E+00
 7.58817E-17
 2.01284E+06
 1.00000E+00
 7.58817E-17
 2.01284E+06
 1.00000E+00
 7.58817E-17
 2.01284E+06
 1.00000E+00
 7.58817E-17
 2.01284E+06
 1.00000E+00
 7.58817E-17
 2.01284E+06
 1.00000E+00
 7.58817E-17
 2.01284E+06
 1.00000E+00
 7.58817E-17
 2.01284E+06
 1.00000E+00
 7.58817E-17
 2.01284E+06
 1.00000E+00
 7.58817E-17
 2.01284E+06
 1.00000E+00
 7.58817E-17
 2.01284E+06
 1.00000E+00
 7.58817E-17
 2.01284E+06
 1.00000E+00
 7.58817E-17
 2.01284E+06
 1.00000E+00
 7.58817E-17
 2.01284E+06
 1.00000E+00
 7.58817E-17
 2.01284E+06
 1.00000E+00
 7.58817E-17
 2.01284E+06
 1.00000E+00
 7.58817E-17
 2.01284E+06
 1.00000E+00
 7.58817E-17
 2.01284E+06
 1.00000E+00
 7.58817E-17
 2.01284E+06
 1.00000E+00
 7.58817E-17
 2.01284E+06
 1.00000E+00
 7.58817E-17
 2.01284E+06
 1.00000E+00
 7.58817E-17
 2.01284E+06
 1.00000E+00
 7.58817E-17
 2.01284E+06
 1.00000E+00
 7.58817E-17
 2.01284E+06
 1.00000E+00
 7.58817E-17
 2.01284E+06
 1.00000E+00
 7.58817E-17
 2.01284E+06
 1.00000E+00
 7.58817E-17
 2.01284E+06
 1.00000E+00
 7.58817E-17
 2.01284E+06
 1.00000E+00
 7.58817E-17
 2.01284E+06
 1.00000E+00
 7.58817E-17
 2.01284E+06
 1.00000E+00
 7.58817E-17
 2.01284E+06
 1.00000E+00
 7.58817E-17
 2.01284E+06
 1.00000E+00
 7.58817E-17
 2.01284E+06
 1.00000E+00
 7.58817E-17
 2.01284E+06
 1.00000E+00
 7.58817E-17
 2.01284E+06
 1.00000E+00
 7.58817E-17
 2.01284E+06
 1.00000E+00
 7.58817E-17
 2.01284E+06
 1.00000E+00
 7.58817E-17
 2.01284E+06
 1.00000E+00
 7.58817E-17
 2.01283E+06
 1.00000E+00
 7.58821E-17
 2.01283E+06
 1.00000E+00
 7.58822E-17
 2.01283E+06
 1.00000E+00
 7.58822E-17
 2.01283E+06
 1.00000E+00
 7.58822E-17
 2.01283E+06
 1.00000E+00
 7.58822E-17
 2.01283E+06
 1.00000E+00
 7.58822E-17
 2.01283E+06
 1.00000E+00
 7.58822E-17
 2.01283E+06
 1.00000E+00
 7.58822E-17
 2.01283E+06
 1.00000E+00
 7.58821E-17
 2.01283E+06
 1.00000E+00
 7.58821E-17
 2.01283E+06
 1.00000E+00
 7.58821E-17
 2.01283E+06
 1.00000E+00
 7.58821E-17
 2.01284E+06
 1.00000E+00
 7.58820E-17
 2.01284E+06
 1.00000E+00
 7.58820E-17
 2.01284E+06
 1.00000E+00
 7.58820E-17
 2.01284E+06
 1.00000E+00
 7.58820E-17
 2.01284E+06
 1.00000E+00
 7.58820E-17
 2.01284E+06
 1.00000E+00
 7.58820E-17
 2.01284E+06
 1.00000E+00
 7.58819E-17
 2.01284E+06
 1.00000E+00
 7.58819E-17
 2.01284E+06
 1.00000E+00
 7.58819E-17
 2.01284E+06
 1.00000E+00
 7.58819E-17
 2.01284E+06
 1.00000E+00
 7.58819E-17
 2.01284E+06
 1.00000E+00
 7.58819E-17
 2.01284E+06
 1.00000E+00
 7.58819E-17
 2.01284E+06
 1.00000E+00
 7.58819E-17
 2.01284E+06
 1.00000E+00
 7.58818E-17
 2.01284E+06
 1.00000E+00
 7.58818E-17
 2.01284E+06
 1.00000E+00
 7.58818E-17
 2.01284E+06
 1.00000E+00
 7.58818E-17
 2.01284E+06
 1.00000E+00
 7.58818E-17
 2.01284E+06
 1.00000E+00
 7.58818E-17
 2.01284E+06
 1.00000E+00
 7.58818E-17
 2.01284E+06
 1.00000E+00
 7.58818E-17
 2.01284E+06
 1.00000E+00
 7.58818E-17
 2.01284E+06
 1.00000E+00
 7.58818E-17
 2.01284E+06
 1.00000E+00
 7.58818E-17
 2.01284E+06
 1.00000E+00
 7.58818E-17
 2.01284E+06
 1.00000E+00
 7.58818E-17
 2.01284E+06
 1.00000E+00
 7.58818E-17
 2.01284E+06
 1.00000E+00
 7.58818E-17
 2.01284E+06
 1.00000E+00
 7.58818E-17
 2.01284E+06
 1.00000E+00
 7.58818E-17
 2.01284E+06
 1.00000E+00
 7.58818E-17
 2.01284E+06
 1.00000E+00
 7.58818E-17
 2.01284E+06
 1.00000E+00
 7.58818E-17
 2.01284E+06
 1.00000E+00
 7.58818E-17
 2.01284E+06
 1.00000E+00
 7.58818E-17
 2.01284E+06
 1.00000E+00
 7.58818E-17
 2.01284E+06
 1.00000E+00
 7.58818E-17
 2.01284E+06
 1.00000E+00
 7.58818E-17
 2.01284E+06
 1.00000E+00
 7.58818E-17
 2.01284E+06
 1.00000E+00
 7.58818E-17
 2.01284E+06
 1.00000E+00
 7.58818E-17
 2.01284E+06
 1.00000E+00
 7.58818E-17
 2.01284E+06
 1.00000E+00
 7.58818E-17
 2.01284E+06
 1.00000E+00
 7.58818E-17
 2.01284E+06
 1.00000E+00
 7.58818E-17
 2.01284E+06
 1.00000E+00
 7.58818E-17
 2.01284E+06
 1.00000E+00
 7.58818E-17
 2.01284E+06
 1.00000E+00
 7.58818E-17
 2.01284E+06
 1.00000E+00
 7.58818E-17
 2.01284E+06
 1.00000E+00
 7.58818E-17
 2.01284E+06
 1.00000E+00
 7.58818E-17
 2.01284E+06
 1.00000E+00
 7.58818E-17
 2.01284E+06
 1.00000E+00
 7.58818E-17
 2.01284E+06
 1.00000E+00
 7.58818E-17
 2.01284E+06
 1.00000E+00
 7.58818E-17
 2.01284E+06
 1.00000E+00
 7.58818E-17
 2.01284E+06
 1.00000E+00
 7.58818E-17
 2.01284E+06
 1.00000E+00
 7.58818E-17
 2.01284E+06
 1.00000E+00
 7.58818E-17
 2.01284E+06
 1.00000E+00
 7.58818E-17
 2.01284E+06
 1.00000E+00
 7.58818E-17
 2.01284E+06
 1.00000E+00
 7.58818E-17
 2.01284E+06
 1.00000E+00
 7.58818E-17
 2.01284E+06
 1.00000E+00
 7.58818E-17
 2.01284E+06
 1.00000E+00
 7.58818E-17
 2.01284E+06
 1.00000E+00
 7.58818E-17
 2.01284E+06
 1.00000E+00
 7.58818E-17
 2.01284E+06
 1.00000E+00
 7.58818E-17
 2.01284E+06
 1.00000E+00
 7.58818E-17
 2.01284E+06
 1.00000E+00
 7.58818E-17
 2.01284E+06
 1.00000E+00
 7.58818E-17
 2.01284E+06
 1.00000E+00
 7.58818E-17
 2.01284E+06
 1.00000E+00
 7.58818E-17
 2.01284E+06
 1.00000E+00
 7.58818E-17
 2.01284E+06
 1.00000E+00
 7.58818E-17
 2.01284E+06
 1.00000E+00
 7.58818E-17
 2.01284E+06
 1.00000E+00
 7.58818E-17
 2.01284E+06
 1.00000E+00
 7.58818E-17
 2.01284E+06
 1.00000E+00
 7.58818E-17
 2.01284E+06
 1.00000E+00
 7.58818E-17
 2.01284E+06
 1.00000E+00
 7.58818E-17
 2.01284E+06
 1.00000E+00
 7.58818E-17
 2.01284E+06
 1.00000E+00
 7.58818E-17
 2.01284E+06
 1.00000E+00
 7.58818E-17
 2.01284E+06
 1.00000E+00
 7.58818E-17
 2.01284E+06
 1.00000E+00
 7.58818E-17
 2.01284E+06
 1.00000E+00
 7.58818E-17
 2.01284E+06
 1.00000E+00
 7.58818E-17
 2.01284E+06
 1.00000E+00
 7.58818E-17
 2.01284E+06
 1.00000E+00
 7.58818E-17
 2.01284E+06
 1.00000E+00
 7.58818E-17
 2.01284E+06
 1.00000E+00
 7.58818E-17
 2.01284E+06
 1.00000E+00
 7.58818E-17
 2.01284E+06
 1.00000E+00
 7.58818E-17
 2.01284E+06
 1.00000E+00
 7.58818E-17
 2.01284E+06
 1.00000E+00
 7.58818E-17
 2.01284E+06
 1.00000E+00
 7.58818E-17
 2.01284E+06
 1.00000E+00
 7.58818E-17
 2.01284E+06
 1.00000E+00
 7.58818E-17
 2.01284E+06
 1.00000E+00
 7.58818E-17
 2.01284E+06
 1.00000E+00
 7.58818E-17
 2.01284E+06
 1.00000E+00
 7.58818E-17
 2.01284E+06
 1.00000E+00
 7.58818E-17
 2.01284E+06
 1.00000E+00
 7.58818E-17
 2.01284E+06
 1.00000E+00
 7.58818E-17
 2.01284E+06
 1.00000E+00
 7.58818E-17
 2.01284E+06
 1.00000E+00
 7.58818E-17
 2.01284E+06
 1.00000E+00
 7.58818E-17
 2.01284E+06
 1.00000E+00
 7.58818E-17
 2.01284E+06
 1.00000E+00
 7.58818E-17
 2.01284E+06
 1.00000E+00
 7.58818E-17
 2.01284E+06
 1.00000E+00
 7.58818E-17
 2.01284E+06
 1.00000E+00
 7.58818E-17
 2.01284E+06
 1.00000E+00
 7.58818E-17
 2.01284E+06
 1.00000E+00
 7.58818E-17
 2.01284E+06
 1.00000E+00
 7.58818E-17
 2.01284E+06
 1.00000E+00
 7.58818E-17
 2.01284E+06
 1.00000E+00
 7.58818E-17
 2.01284E+06
 1.00000E+00
 7.58818E-17
 2.01284E+06
 1.00000E+00
 7.58818E-17
 2.01284E+06
 1.00000E+00
 7.58818E-17
 2.01284E+06
 1.00000E+00
 7.58818E-17
 2.01284E+06
 1.00000E+00
 7.58818E-17
 2.01284E+06
 1.00000E+00
 7.58818E-17
 2.01284E+06
 1.00000E+00
 7.58818E-17
 2.01284E+06
 1.00000E+00
 7.58818E-17
 2.01284E+06
 1.00000E+00
 7.58818E-17
 2.01284E+06
 1.00000E+00
 7.58818E-17
 2.01284E+06
 1.00000E+00
 7.58818E-17
 2.01284E+06
 1.00000E+00
 7.58818E-17
 2.01284E+06
 1.00000E+00
 7.58818E-17
 2.01284E+06
 1.00000E+00
 7.58818E-17
 2.01284E+06
 1.00000E+00
 7.58818E-17
 2.01284E+06
 1.00000E+00
 7.58818E-17
 2.01284E+06
 1.00000E+00
 7.58818E-17
 2.01284E+06
 1.00000E+00
 7.58818E-17
 2.01284E+06
 1.00000E+00
 7.58818E-17
 2.01284E+06
 1.00000E+00
 7.58818E-17
 2.01284E+06
 1.00000E+00
 7.58818E-17
 2.01284E+06
 1.00000E+00
 7.58818E-17
 2.01284E+06
 1.00000E+00
 7.58818E-17
 2.01284E+06
 1.00000E+00
 7.58818E-17
 2.01284E+06
 1.00000E+00
 7.58818E-17
 2.01284E+06
 1.00000E+00
 7.58818E-17
 2.01284E+06
 1.00000E+00
 7.58818E-17
 2.01284E+06
 1.00000E+00
 7.58818E-17
 2.01284E+06
 1.00000E+00
 7.58818E-17
 2.01284E+06
 1.00000E+00
 7.58818E-17
 2.01284E+06
 1.00000E+00
 7.58818E-17
 2.01284E+06
 1.00000E+00
 7.58818E-17
 2.01284E+06
 1.00000E+00
 7.58818E-17
 2.01284E+06
 1.00000E+00
 7.58818E-17
 2.01284E+06
 1.00000E+00
 7.58818E-17
 2.01284E+06
 1.00000E+00
 7.58818E-17
 2.01284E+06
 1.00000E+00
 7.58818E-17
 2.01284E+06
 1.00000E+00
 7.58818E-17
 2.01284E+06
 1.00000E+00
 7.58818E-17
 2.01284E+06
 1.00000E+00
 7.58818E-17
 2.01284E+06
 1.00000E+00
 7.58818E-17
 2.01284E+06
 1.00000E+00
 7.58818E-17
 2.01284E+06
 1.00000E+00
 7.58818E-17
 2.01284E+06
 1.00000E+00
 7.58818E-17
 2.01284E+06
 1.00000E+00
 7.58818E-17
 2.01284E+06
 1.00000E+00
 7.58818E-17
 2.01284E+06
 1.00000E+00
 7.58818E-17
 2.01284E+06
 1.00000E+00
 7.58818E-17
 2.01284E+06
 1.00000E+00
 7.58818E-17
 2.01284E+06
 1.00000E+00
 7.58818E-17
 2.01284E+06
 1.00000E+00
 7.58818E-17
 2.01284E+06
 1.00000E+00
 7.58818E-17
 2.01284E+06
 1.00000E+00
 7.58818E-17
 2.01284E+06
 1.00000E+00
 7.58818E-17
 2.01284E+06
 1.00000E+00
 7.58818E-17
 2.01284E+06
 1.00000E+00
 7.58818E-17
 2.01284E+06
 1.00000E+00
 7.58818E-17
 2.01284E+06
 1.00000E+00
 7.58818E-17
 2.01284E+06
 1.00000E+00
 7.58818E-17
 2.01284E+06
 1.00000E+00
 7.58818E-17
 2.01284E+06
 1.00000E+00
 7.58818E-17
 2.01284E+06
 1.00000E+00
 7.58818E-17
 2.01284E+06
 1.00000E+00
 7.58818E-17
 2.01284E+06
 1.00000E+00
 7.58818E-17
 2.01284E+06
 1.00000E+00
 7.58818E-17
 2.01284E+06
 1.00000E+00
 7.58818E-17
 2.01284E+06
 1.00000E+00
 7.58818E-17
 2.01284E+06
 1.00000E+00
 7.58818E-17
 2.01284E+06
 1.00000E+00
 7.58819E-17
 2.01284E+06
 1.00000E+00
 7.58818E-17
 2.01284E+06
 1.00000E+00
 7.58819E-17
 2.01284E+06
 1.00000E+00
 7.58818E-17
 2.01284E+06
 1.00000E+00
 7.58819E-17
 2.01284E+06
 1.00000E+00
 7.58819E-17
 2.01284E+06
 1.00000E+00
 7.58819E-17
 2.01284E+06
 1.00000E+00
 7.58819E-17
 2.01284E+06
 1.00000E+00
 7.58819E-17
 2.01284E+06
 1.00000E+00
 7.58819E-17
 2.01284E+06
 1.00000E+00
 7.58819E-17
 2.01284E+06
 1.00000E+00
 7.58819E-17
 2.01284E+06
 1.00000E+00
 7.58819E-17
 2.01284E+06
 1.00000E+00
 7.58819E-17
 2.01284E+06
 1.00000E+00
 7.58819E-17
 2.01284E+06
 1.00000E+00
 7.58819E-17
 2.01284E+06
 1.00000E+00
 7.58819E-17
 2.01284E+06
 1.00000E+00
 7.58819E-17
 2.01284E+06
 1.00000E+00
 7.58819E-17
 2.01284E+06
 1.00000E+00
 7.58819E-17
 2.01284E+06
 1.00000E+00
 7.58819E-17
 2.01284E+06
 1.00000E+00
 7.58819E-17
 2.01284E+06
 1.00000E+00
 7.58819E-17
 2.01284E+06
 1.00000E+00
 7.58819E-17
 2.01284E+06
 1.00000E+00
 7.58819E-17
 2.01284E+06
 1.00000E+00
 7.58819E-17
 2.01284E+06
 1.00000E+00
 7.58819E-17
 2.01284E+06
 1.00000E+00
 7.58819E-17
 2.01284E+06
 1.00000E+00
 7.58819E-17
 2.01284E+06
 1.00000E+00
 7.58819E-17
 2.01284E+06
 1.00000E+00
 7.58819E-17
 2.01284E+06
 1.00000E+00
 7.58819E-17
 2.01284E+06
 1.00000E+00
 7.58819E-17
 2.01283E+06
 1.00000E+00
 7.58822E-17
 2.01283E+06
 1.00000E+00
 7.58823E-17
 2.01283E+06
 1.00000E+00
 7.58823E-17
 2.01283E+06
 1.00000E+00
 7.58824E-17
 2.01283E+06
 1.00000E+00
 7.58823E-17
 2.01283E+06
 1.00000E+00
 7.58823E-17
 2.01283E+06
 1.00000E+00
 7.58823E-17
 2.01283E+06
 1.00000E+00
 7.58823E-17
 2.01283E+06
 1.00000E+00
 7.58822E-17
 2.01283E+06
 1.00000E+00
 7.58823E-17
 2.01283E+06
 1.00000E+00
 7.58822E-17
 2.01283E+06
 1.00000E+00
 7.58822E-17
 2.01283E+06
 1.00000E+00
 7.58822E-17
 2.01283E+06
 1.00000E+00
 7.58822E-17
 2.01283E+06
 1.00000E+00
 7.58821E-17
 2.01283E+06
 1.00000E+00
 7.58821E-17
 2.01283E+06
 1.00000E+00
 7.58821E-17
 2.01283E+06
 1.00000E+00
 7.58821E-17
 2.01283E+06
 1.00000E+00
 7.58821E-17
 2.01283E+06
 1.00000E+00
 7.58821E-17
 2.01283E+06
 1.00000E+00
 7.58821E-17
 2.01283E+06
 1.00000E+00
 7.58820E-17
 2.01284E+06
 1.00000E+00
 7.58820E-17
 2.01284E+06
 1.00000E+00
 7.58820E-17
 2.01284E+06
 1.00000E+00
 7.58820E-17
 2.01284E+06
 1.00000E+00
 7.58820E-17
 2.01284E+06
 1.00000E+00
 7.58820E-17
 2.01284E+06
 1.00000E+00
 7.58820E-17
 2.01284E+06
 1.00000E+00
 7.58820E-17
 2.01284E+06
 1.00000E+00
 7.58820E-17
 2.01284E+06
 1.00000E+00
 7.58820E-17
 2.01284E+06
 1.00000E+00
 7.58820E-17
 2.01284E+06
 1.00000E+00
 7.58820E-17
 2.01284E+06
 1.00000E+00
 7.58820E-17
 2.01284E+06
 1.00000E+00
 7.58820E-17
 2.01284E+06
 1.00000E+00
 7.58820E-17
 2.01284E+06
 1.00000E+00
 7.58820E-17
 2.01284E+06
 1.00000E+00
 7.58820E-17
 2.01284E+06
 1.00000E+00
 7.58820E-17
 2.01284E+06
 1.00000E+00
 7.58820E-17
 2.01284E+06
 1.00000E+00
 7.58820E-17
 2.01284E+06
 1.00000E+00
 7.58820E-17
 2.01284E+06
 1.00000E+00
 7.58820E-17
 2.01284E+06
 1.00000E+00
 7.58820E-17
 2.01284E+06
 1.00000E+00
 7.58820E-17
 2.01284E+06
 1.00000E+00
 7.58820E-17
 2.01284E+06
 1.00000E+00
 7.58820E-17
 2.01284E+06
 1.00000E+00
 7.58820E-17
 2.01284E+06
 1.00000E+00
 7.58820E-17
 2.01284E+06
 1.00000E+00
 7.58820E-17
 2.01284E+06
 1.00000E+00
 7.58820E-17
 2.01284E+06
 1.00000E+00
 7.58820E-17
 2.01284E+06
 1.00000E+00
 7.58820E-17
 2.01284E+06
 1.00000E+00
 7.58820E-17
 2.01284E+06
 1.00000E+00
 7.58820E-17
 2.01284E+06
 1.00000E+00
 7.58820E-17
 2.01284E+06
 1.00000E+00
 7.58820E-17
 2.01284E+06
 1.00000E+00
 7.58820E-17
 2.01284E+06
 1.00000E+00
 7.58820E-17
 2.01284E+06
 1.00000E+00
 7.58820E-17
 2.01284E+06
 1.00000E+00
 7.58820E-17
 2.01284E+06
 1.00000E+00
 7.58820E-17
 2.01284E+06
 1.00000E+00
 7.58820E-17
 2.01284E+06
 1.00000E+00
 7.58820E-17
 2.01284E+06
 1.00000E+00
 7.58820E-17
 2.01284E+06
 1.00000E+00
 7.58820E-17
 2.01284E+06
 1.00000E+00
 7.58820E-17
 2.01284E+06
 1.00000E+00
 7.58820E-17
 2.01284E+06
 1.00000E+00
 7.58820E-17
 2.01284E+06
 1.00000E+00
 7.58820E-17
 2.01284E+06
 1.00000E+00
 7.58820E-17
 2.01284E+06
 1.00000E+00
 7.58820E-17
 2.01284E+06
 1.00000E+00
 7.58820E-17
 2.01284E+06
 1.00000E+00
 7.58820E-17
 2.01284E+06
 1.00000E+00
 7.58820E-17
 2.01284E+06
 1.00000E+00
 7.58820E-17
 2.01284E+06
 1.00000E+00
 7.58820E-17
 2.01284E+06
 1.00000E+00
 7.58820E-17
 2.01284E+06
 1.00000E+00
 7.58820E-17
 2.01284E+06
 1.00000E+00
 7.58820E-17
 2.01284E+06
 1.00000E+00
 7.58820E-17
 2.01284E+06
 1.00000E+00
 7.58820E-17
 2.01284E+06
 1.00000E+00
 7.58820E-17
 2.01284E+06
 1.00000E+00
 7.58820E-17
 2.01284E+06
 1.00000E+00
 7.58820E-17
 2.01284E+06
 1.00000E+00
 7.58820E-17
 2.01284E+06
 1.00000E+00
 7.58820E-17
 2.01284E+06
 1.00000E+00
 7.58820E-17
 2.01284E+06
 1.00000E+00
 7.58820E-17
 2.01284E+06
 1.00000E+00
 7.58820E-17
 2.01284E+06
 1.00000E+00
 7.58820E-17
 2.01284E+06
 1.00000E+00
 7.58820E-17
 2.01284E+06
 1.00000E+00
 7.58820E-17
 2.01284E+06
 1.00000E+00
 7.58820E-17
 2.01284E+06
 1.00000E+00
 7.58820E-17
 2.01284E+06
 1.00000E+00
 7.58820E-17
 2.01284E+06
 1.00000E+00
 7.58820E-17
 2.01284E+06
 1.00000E+00
 7.58820E-17
 2.01284E+06
 1.00000E+00
 7.58820E-17
 2.01284E+06
 1.00000E+00
 7.58820E-17
 2.01284E+06
 1.00000E+00
 7.58820E-17
 2.01284E+06
 1.00000E+00
 7.58820E-17
 2.01284E+06
 1.00000E+00
 7.58820E-17
 2.01284E+06
 1.00000E+00
 7.58820E-17
 2.01284E+06
 1.00000E+00
 7.58820E-17
 2.01284E+06
 1.00000E+00
 7.58820E-17
 2.01284E+06
 1.00000E+00
 7.58820E-17
 2.01284E+06
 1.00000E+00
 7.58820E-17
 2.01284E+06
 1.00000E+00
 7.58820E-17
 2.01284E+06
 1.00000E+00
 7.58820E-17
 2.01284E+06
 1.00000E+00
 7.58820E-17
 2.01284E+06
 1.00000E+00
 7.58820E-17
 2.01284E+06
 1.00000E+00
 7.58820E-17
 2.01284E+06
 1.00000E+00
 7.58820E-17
 2.01284E+06
 1.00000E+00
 7.58820E-17
 2.01284E+06
 1.00000E+00
 7.58820E-17
 2.01284E+06
 1.00000E+00
 7.58820E-17
 2.01284E+06
 1.00000E+00
 7.58820E-17
 2.01284E+06
 1.00000E+00
 7.58820E-17
 2.01284E+06
 1.00000E+00
 7.58820E-17
 2.01284E+06
 1.00000E+00
 7.58820E-17
 2.01284E+06
 1.00000E+00
 7.58820E-17
 2.01284E+06
 1.00000E+00
 7.58820E-17
 2.01284E+06
 1.00000E+00
 7.58820E-17
 2.01284E+06
 1.00000E+00
 7.58820E-17
 2.01284E+06
 1.00000E+00
 7.58820E-17
 2.01284E+06
 1.00000E+00
 7.58820E-17
 2.01284E+06
 1.00000E+00
 7.58820E-17
 2.01284E+06
 1.00000E+00
 7.58820E-17
 2.01284E+06
 1.00000E+00
 7.58820E-17
 2.01284E+06
 1.00000E+00
 7.58820E-17
 2.01284E+06
 1.00000E+00
 7.58820E-17
 2.01284E+06
 1.00000E+00
 7.58820E-17
 2.01284E+06
 1.00000E+00
 7.58820E-17
 2.01283E+06
 1.00000E+00
 7.58822E-17
 2.01283E+06
 1.00000E+00
 7.58823E-17
 2.01283E+06
 1.00000E+00
 7.58823E-17
 2.01283E+06
 1.00000E+00
 7.58823E-17
 2.01283E+06
 1.00000E+00
 7.58823E-17
 2.01283E+06
 1.00000E+00
 7.58823E-17
 2.01283E+06
 1.00000E+00
 7.58823E-17
 2.01283E+06
 1.00000E+00
 7.58823E-17
 2.01283E+06
 1.00000E+00
 7.58823E-17
 2.01283E+06
 1.00000E+00
 7.58823E-17
 2.01283E+06
 1.00000E+00
 7.58822E-17
 2.01283E+06
 1.00000E+00
 7.58823E-17
 2.01283E+06
 1.00000E+00
 7.58822E-17
 2.01283E+06
 1.00000E+00
 7.58822E-17
 2.01283E+06
 1.00000E+00
 7.58822E-17
 2.01283E+06
 1.00000E+00
 7.58822E-17
 2.01283E+06
 1.00000E+00
 7.58822E-17
 2.01283E+06
 1.00000E+00
 7.58822E-17
 2.01283E+06
 1.00000E+00
 7.58822E-17
 2.01283E+06
 1.00000E+00
 7.58822E-17
 2.01283E+06
 1.00000E+00
 7.58821E-17
 2.01283E+06
 1.00000E+00
 7.58822E-17
 2.01283E+06
 1.00000E+00
 7.58821E-17
 2.01283E+06
 1.00000E+00
 7.58822E-17
 2.01283E+06
 1.00000E+00
 7.58821E-17
 2.01283E+06
 1.00000E+00
 7.58821E-17
 2.01283E+06
 1.00000E+00
 7.58821E-17
 2.01283E+06
 1.00000E+00
 7.58821E-17
 2.01283E+06
 1.00000E+00
 7.58821E-17
 2.01283E+06
 1.00000E+00
 7.58821E-17
 2.01283E+06
 1.00000E+00
 7.58821E-17
 2.01283E+06
 1.00000E+00
 7.58821E-17
 2.01283E+06
 1.00000E+00
 7.58821E-17
 2.01283E+06
 1.00000E+00
 7.58821E-17
 2.01283E+06
 1.00000E+00
 7.58821E-17
 2.01283E+06
 1.00000E+00
 7.58821E-17
 2.01283E+06
 1.00000E+00
 7.58820E-17
 2.01283E+06
 1.00000E+00
 7.58821E-17
 2.01283E+06
 1.00000E+00
 7.58820E-17
 2.01283E+06
 1.00000E+00
 7.58821E-17
 2.01283E+06
 1.00000E+00
 7.58820E-17
 2.01283E+06
 1.00000E+00
 7.58821E-17
 2.01283E+06
 1.00000E+00
 7.58820E-17
 2.01283E+06
 1.00000E+00
 7.58821E-17
 2.01284E+06
 1.00000E+00
 7.58820E-17
 2.01283E+06
 1.00000E+00
 7.58821E-17
 2.01284E+06
 1.00000E+00
 7.58820E-17
 2.01283E+06
 1.00000E+00
 7.58820E-17
 2.01284E+06
 1.00000E+00
 7.58820E-17
 2.01283E+06
 1.00000E+00
 7.58820E-17
 2.01284E+06
 1.00000E+00
 7.58820E-17
 2.01283E+06
 1.00000E+00
 7.58820E-17
 2.01284E+06
 1.00000E+00
 7.58820E-17
 2.01283E+06
 1.00000E+00
 7.58820E-17
 2.01284E+06
 1.00000E+00
 7.58820E-17
 2.01283E+06
 1.00000E+00
 7.58820E-17
 2.01284E+06
 1.00000E+00
 7.58820E-17
 2.01283E+06
 1.00000E+00
 7.58820E-17
 2.01284E+06
 1.00000E+00
 7.58820E-17
 2.01283E+06
 1.00000E+00
 7.58820E-17
 2.01284E+06
 1.00000E+00
 7.58820E-17
 2.01283E+06
 1.00000E+00
 7.58820E-17
 2.01284E+06
 1.00000E+00
 7.58820E-17
 2.01283E+06
 1.00000E+00
 7.58820E-17
 2.01284E+06
 1.00000E+00
 7.58820E-17
 2.01283E+06
 1.00000E+00
 7.58820E-17
 2.01284E+06
 1.00000E+00
 7.58820E-17
 2.01283E+06
 1.00000E+00
 7.58820E-17
 2.01284E+06
 1.00000E+00
 7.58820E-17
 2.01283E+06
 1.00000E+00
 7.58820E-17
 2.01284E+06
 1.00000E+00
 7.58820E-17
 2.01283E+06
 1.00000E+00
 7.58820E-17
 2.01284E+06
 1.00000E+00
 7.58820E-17
 2.01283E+06
 1.00000E+00
 7.58820E-17
 2.01284E+06
 1.00000E+00
 7.58820E-17
 2.01283E+06
 1.00000E+00
 7.58820E-17
 2.01284E+06
 1.00000E+00
 7.58820E-17
 2.01283E+06
 1.00000E+00
 7.58820E-17
 2.01284E+06
 1.00000E+00
 7.58820E-17
 2.01283E+06
 1.00000E+00
 7.58820E-17
 2.01284E+06
 1.00000E+00
 7.58820E-17
 2.01283E+06
 1.00000E+00
 7.58820E-17
 2.01284E+06
 1.00000E+00
 7.58820E-17
 2.01283E+06
 1.00000E+00
 7.58820E-17
 2.01284E+06
 1.00000E+00
 7.58820E-17
 2.01283E+06
 1.00000E+00
 7.58820E-17
 2.01284E+06
 1.00000E+00
 7.58820E-17
 2.01283E+06
 1.00000E+00
 7.58820E-17
 2.01284E+06
 1.00000E+00
 7.58820E-17
 2.01283E+06
 1.00000E+00
 7.58820E-17
 2.01284E+06
 1.00000E+00
 7.58820E-17
 2.01283E+06
 1.00000E+00
 7.58820E-17
 2.01284E+06
 1.00000E+00
 7.58820E-17
 2.01283E+06
 1.00000E+00
 7.58820E-17
 2.01284E+06
 1.00000E+00
 7.58820E-17
 2.01283E+06
 1.00000E+00
 7.58820E-17
 2.01284E+06
 1.00000E+00
 7.58820E-17
 2.01283E+06
 1.00000E+00
 7.58820E-17
 2.01283E+06
 1.00000E+00
 7.58820E-17
 2.01283E+06
 1.00000E+00
 7.58820E-17
 2.01283E+06
 1.00000E+00
 7.58820E-17
 2.01283E+06
 1.00000E+00
 7.58820E-17
 2.01283E+06
 1.00000E+00
 7.58820E-17
 2.01283E+06
 1.00000E+00
 7.58820E-17
 2.01283E+06
 1.00000E+00
 7.58820E-17
 2.01283E+06
 1.00000E+00
 7.58820E-17
 2.01283E+06
 1.00000E+00
 7.58820E-17
 2.01283E+06
 1.00000E+00
 7.58820E-17
 2.01283E+06
 1.00000E+00
 7.58820E-17
 2.01283E+06
 1.00000E+00
 7.58820E-17
 2.01283E+06
 1.00000E+00
 7.58820E-17
 2.01283E+06
 1.00000E+00
 7.58820E-17
 2.01283E+06
 1.00000E+00
 7.58820E-17
 2.01283E+06
 1.00000E+00
 7.58820E-17
 2.01283E+06
 1.00000E+00
 7.58820E-17
 2.01283E+06
 1.00000E+00
 7.58820E-17
 2.01283E+06
 1.00000E+00
 7.58820E-17
 2.01283E+06
 1.00000E+00
 7.58821E-17
 2.01283E+06
 1.00000E+00
 7.58820E-17
 2.01283E+06
 1.00000E+00
 7.58821E-17
 2.01283E+06
 1.00000E+00
 7.58820E-17
 2.01283E+06
 1.00000E+00
 7.58821E-17
 2.01283E+06
 1.00000E+00
 7.58820E-17
 2.01283E+06
 1.00000E+00
 7.58821E-17
 2.01283E+06
 1.00000E+00
 7.58820E-17
 2.01283E+06
 1.00000E+00
 7.58821E-17
 2.01283E+06
 1.00000E+00
 7.58820E-17
 2.01283E+06
 1.00000E+00
 7.58821E-17
 2.01283E+06
 1.00000E+00
 7.58820E-17
 2.01283E+06
 1.00000E+00
 7.58821E-17
 2.01283E+06
 1.00000E+00
 7.58820E-17
 2.01283E+06
 1.00000E+00
 7.58821E-17
 2.01283E+06
 1.00000E+00
 7.58820E-17
 2.01283E+06
 1.00000E+00
 7.58821E-17
 2.01283E+06
 1.00000E+00
 7.58820E-17
 2.01283E+06
 1.00000E+00
 7.58821E-17
 2.01283E+06
 1.00000E+00
 7.58820E-17
 2.01283E+06
 1.00000E+00
 7.58821E-17
 2.01283E+06
 1.00000E+00
 7.58821E-17
 2.01283E+06
 1.00000E+00
 7.58821E-17
 2.01283E+06
 1.00000E+00
 7.58821E-17
 2.01283E+06
 1.00000E+00
 7.58821E-17
 2.01283E+06
 1.00000E+00
 7.58821E-17
 2.01283E+06
 1.00000E+00
 7.58821E-17
 2.01283E+06
 1.00000E+00
 7.58821E-17
 2.01283E+06
 1.00000E+00
 7.58821E-17
 2.01283E+06
 1.00000E+00
 7.58820E-17
 2.01283E+06
 1.00000E+00
 7.58821E-17
 2.01283E+06
 1.00000E+00
 7.58820E-17
 2.01283E+06
 1.00000E+00
 7.58821E-17
 2.01283E+06
 1.00000E+00
 7.58820E-17
 2.01283E+06
 1.00000E+00
 7.58820E-17
 2.01283E+06
 1.00000E+00
 7.58820E-17
 2.01283E+06
 1.00000E+00
 7.58820E-17
 2.01283E+06
 1.00000E+00
 7.58820E-17
 2.01283E+06
 1.00000E+00
 7.58820E-17
 2.01283E+06
 1.00000E+00
 7.58820E-17
 2.01283E+06
 1.00000E+00
 7.58820E-17
 2.01283E+06
 1.00000E+00
 7.58820E-17
 2.01283E+06
 1.00000E+00
 7.58820E-17
 2.01283E+06
 1.00000E+00
 7.58820E-17
 2.01283E+06
 1.00000E+00
 7.58821E-17
 2.01283E+06
 1.00000E+00
 7.58820E-17
 2.01283E+06
 1.00000E+00
 7.58821E-17
 2.01283E+06
 1.00000E+00
 7.58820E-17
 2.01283E+06
 1.00000E+00
 7.58821E-17
 2.01283E+06
 1.00000E+00
 7.58821E-17
 2.01283E+06
 1.00000E+00
 7.58821E-17
 2.01283E+06
 1.00000E+00
 7.58821E-17
 2.01283E+06
 1.00000E+00
 7.58821E-17
 2.01283E+06
 1.00000E+00
 7.58821E-17
 2.01283E+06
 1.00000E+00
 7.58821E-17
 2.01283E+06
 1.00000E+00
 7.58821E-17
 2.01283E+06
 1.00000E+00
 7.58821E-17
 2.01283E+06
 1.00000E+00
 7.58821E-17
 2.01283E+06
 1.00000E+00
 7.58821E-17
 2.01283E+06
 1.00000E+00
 7.58821E-17
 2.01283E+06
 1.00000E+00
 7.58821E-17
 2.01283E+06
 1.00000E+00
 7.58821E-17
 2.01283E+06
 1.00000E+00
 7.58821E-17
 2.01283E+06
 1.00000E+00
 7.58821E-17
 2.01283E+06
 1.00000E+00
 7.58821E-17
 2.01283E+06
 1.00000E+00
 7.58821E-17
 2.01283E+06
 1.00000E+00
 7.58821E-17
 2.01283E+06
 1.00000E+00
 7.58822E-17
 2.01283E+06
 1.00000E+00
 7.58822E-17
 2.01283E+06
 1.00000E+00
 7.58822E-17
 2.01283E+06
 1.00000E+00
 7.58823E-17
 2.01283E+06
 1.00000E+00
 7.58823E-17
 2.01283E+06
 1.00000E+00
 7.58823E-17
 2.01283E+06
 1.00000E+00
 7.58822E-17
 2.01283E+06
 1.00000E+00
 7.58823E-17
 2.01283E+06
 1.00000E+00
 7.58822E-17
 2.01283E+06
 1.00000E+00
 7.58822E-17
 2.01283E+06
 1.00000E+00
 7.58822E-17
 2.01283E+06
 1.00000E+00
 7.58822E-17
 2.01283E+06
 1.00000E+00
 7.58822E-17
 2.01283E+06
 1.00000E+00
 7.58822E-17
 2.01283E+06
 1.00000E+00
 7.58822E-17
 2.01283E+06
 1.00000E+00
 7.58822E-17
 2.01283E+06
 1.00000E+00
 7.58822E-17
 2.01283E+06
 1.00000E+00
 7.58822E-17
 2.01283E+06
 1.00000E+00
 7.58822E-17
 2.01283E+06
 1.00000E+00
 7.58822E-17
 2.01283E+06
 1.00000E+00
 7.58822E-17
 2.01283E+06
 1.00000E+00
 7.58822E-17
 2.01283E+06
 1.00000E+00
 7.58821E-17
 2.01283E+06
 1.00000E+00
 7.58822E-17
 2.01283E+06
 1.00000E+00
 7.58821E-17
 2.01283E+06
 1.00000E+00
 7.58821E-17
 2.01283E+06
 1.00000E+00
 7.58821E-17
 2.01283E+06
 1.00000E+00
 7.58821E-17
 2.01283E+06
 1.00000E+00
 7.58821E-17
 2.01283E+06
 1.00000E+00
 7.58821E-17
 2.01283E+06
 1.00000E+00
 7.58821E-17
 2.01283E+06
 1.00000E+00
 7.58821E-17
 2.01283E+06
 1.00000E+00
 7.58821E-17
 2.01283E+06
 1.00000E+00
 7.58821E-17
 2.01283E+06
 1.00000E+00
 7.58821E-17
 2.01283E+06
 1.00000E+00
 7.58821E-17
 2.01283E+06
 1.00000E+00
 7.58821E-17
 2.01283E+06
 1.00000E+00
 7.58821E-17
 2.01283E+06
 1.00000E+00
 7.58821E-17
 2.01283E+06
 1.00000E+00
 7.58821E-17
 2.01283E+06
 1.00000E+00
 7.58821E-17
 2.01283E+06
 1.00000E+00
 7.58821E-17
 2.01283E+06
 1.00000E+00
 7.58821E-17
 2.01283E+06
 1.00000E+00
 7.58821E-17
 2.01283E+06
 1.00000E+00
 7.58821E-17
 2.01283E+06
 1.00000E+00
 7.58821E-17
 2.01283E+06
 1.00000E+00
 7.58821E-17
 2.01283E+06
 1.00000E+00
 7.58821E-17
 2.01283E+06
 1.00000E+00
 7.58821E-17
 2.01283E+06
 1.00000E+00
 7.58821E-17
 2.01283E+06
 1.00000E+00
 7.58821E-17
 2.01283E+06
 1.00000E+00
 7.58821E-17
 2.01283E+06
 1.00000E+00
 7.58821E-17
 2.01283E+06
 1.00000E+00
 7.58821E-17
 2.01283E+06
 1.00000E+00
 7.58821E-17
 2.01283E+06
 1.00000E+00
 7.58821E-17
 2.01283E+06
 1.00000E+00
 7.58821E-17
 2.01283E+06
 1.00000E+00
 7.58821E-17
 2.01283E+06
 1.00000E+00
 7.58821E-17
 2.01283E+06
 1.00000E+00
 7.58821E-17
 2.01283E+06
 1.00000E+00
 7.58821E-17
 2.01283E+06
 1.00000E+00
 7.58821E-17
 2.01283E+06
 1.00000E+00
 7.58821E-17
 2.01283E+06
 1.00000E+00
 7.58821E-17
 2.01283E+06
 1.00000E+00
 7.58821E-17
 2.01283E+06
 1.00000E+00
 7.58821E-17
 2.01283E+06
 1.00000E+00
 7.58821E-17
 2.01283E+06
 1.00000E+00
 7.58821E-17
 2.01283E+06
 1.00000E+00
 7.58821E-17
 2.01283E+06
 1.00000E+00
 7.58821E-17
 2.01283E+06
 1.00000E+00
 7.58821E-17
 2.01283E+06
 1.00000E+00
 7.58823E-17
 2.01283E+06
 1.00000E+00
 7.58824E-17
 2.01283E+06
 1.00000E+00
 7.58824E-17
 2.01282E+06
 1.00000E+00
 7.58825E-17
 2.01283E+06
 1.00000E+00
 7.58825E-17
 2.01283E+06
 1.00000E+00
 7.58825E-17
 2.01283E+06
 1.00000E+00
 7.58824E-17
 2.01283E+06
 1.00000E+00
 7.58824E-17
 2.01283E+06
 1.00000E+00
 7.58824E-17
 2.01283E+06
 1.00000E+00
 7.58824E-17
 2.01283E+06
 1.00000E+00
 7.58824E-17
 2.01283E+06
 1.00000E+00
 7.58824E-17
 2.01283E+06
 1.00000E+00
 7.58824E-17
 2.01283E+06
 1.00000E+00
 7.58824E-17
 2.01283E+06
 1.00000E+00
 7.58823E-17
 2.01283E+06
 1.00000E+00
 7.58823E-17
 2.01283E+06
 1.00000E+00
 7.58823E-17
 2.01283E+06
 1.00000E+00
 7.58823E-17
 2.01283E+06
 1.00000E+00
 7.58823E-17
 2.01283E+06
 1.00000E+00
 7.58823E-17
 2.01283E+06
 1.00000E+00
 7.58823E-17
 2.01283E+06
 1.00000E+00
 7.58823E-17
 2.01283E+06
 1.00000E+00
 7.58823E-17
 2.01283E+06
 1.00000E+00
 7.58823E-17
 2.01283E+06
 1.00000E+00
 7.58823E-17
 2.01283E+06
 1.00000E+00
 7.58823E-17
 2.01283E+06
 1.00000E+00
 7.58823E-17
 2.01283E+06
 1.00000E+00
 7.58823E-17
 2.01283E+06
 1.00000E+00
 7.58822E-17
 2.01283E+06
 1.00000E+00
 7.58822E-17
 2.01283E+06
 1.00000E+00
 7.58822E-17
 2.01283E+06
 1.00000E+00
 7.58822E-17
 2.01283E+06
 1.00000E+00
 7.58822E-17
 2.01283E+06
 1.00000E+00
 7.58822E-17
 2.01283E+06
 1.00000E+00
 7.58822E-17
 2.01283E+06
 1.00000E+00
 7.58822E-17
 2.01283E+06
 1.00000E+00
 7.58822E-17
 2.01283E+06
 1.00000E+00
 7.58822E-17
 2.01283E+06
 1.00000E+00
 7.58822E-17
 2.01283E+06
 1.00000E+00
 7.58822E-17
 2.01283E+06
 1.00000E+00
 7.58822E-17
 2.01283E+06
 1.00000E+00
 7.58822E-17
 2.01283E+06
 1.00000E+00
 7.58822E-17
 2.01283E+06
 1.00000E+00
 7.58822E-17
 2.01283E+06
 1.00000E+00
 7.58822E-17
 2.01283E+06
 1.00000E+00
 7.58822E-17
 2.01283E+06
 1.00000E+00
 7.58822E-17
 2.01283E+06
 1.00000E+00
 7.58822E-17
 2.01283E+06
 1.00000E+00
 7.58822E-17
 2.01283E+06
 1.00000E+00
 7.58822E-17
 2.01283E+06
 1.00000E+00
 7.58822E-17
 2.01283E+06
 1.00000E+00
 7.58822E-17
 2.01283E+06
 1.00000E+00
 7.58822E-17
 2.01283E+06
 1.00000E+00
 7.58822E-17
 2.01283E+06
 1.00000E+00
 7.58822E-17
 2.01283E+06
 1.00000E+00
 7.58822E-17
 2.01283E+06
 1.00000E+00
 7.58822E-17
 2.01283E+06
 1.00000E+00
 7.58822E-17
 2.01283E+06
 1.00000E+00
 7.58822E-17
 2.01283E+06
 1.00000E+00
 7.58822E-17
 2.01283E+06
 1.00000E+00
 7.58822E-17
 2.01283E+06
 1.00000E+00
 7.58822E-17
 2.01283E+06
 1.00000E+00
 7.58822E-17
 2.01283E+06
 1.00000E+00
 7.58822E-17
 2.01283E+06
 1.00000E+00
 7.58822E-17
 2.01283E+06
 1.00000E+00
 7.58822E-17
 2.01283E+06
 1.00000E+00
 7.58822E-17
 2.01283E+06
 1.00000E+00
 7.58822E-17
 2.01283E+06
 1.00000E+00
 7.58822E-17
 2.01283E+06
 1.00000E+00
 7.58822E-17
 2.01283E+06
 1.00000E+00
 7.58822E-17
 2.01283E+06
 1.00000E+00
 7.58822E-17
 2.01283E+06
 1.00000E+00
 7.58822E-17
 2.01283E+06
 1.00000E+00
 7.58822E-17
 2.01283E+06
 1.00000E+00
 7.58822E-17
 2.01283E+06
 1.00000E+00
 7.58822E-17
 2.01283E+06
 1.00000E+00
 7.58822E-17
 2.01283E+06
 1.00000E+00
 7.58822E-17
 2.01283E+06
 1.00000E+00
 7.58822E-17
 2.01283E+06
 1.00000E+00
 7.58822E-17
 2.01283E+06
 1.00000E+00
 7.58822E-17
 2.01283E+06
 1.00000E+00
 7.58822E-17
 2.01283E+06
 1.00000E+00
 7.58822E-17
 2.01283E+06
 1.00000E+00
 7.58822E-17
 2.01283E+06
 1.00000E+00
 7.58822E-17
 2.01283E+06
 1.00000E+00
 7.58822E-17
 2.01283E+06
 1.00000E+00
 7.58822E-17
 2.01283E+06
 1.00000E+00
 7.58822E-17
 2.01283E+06
 1.00000E+00
 7.58822E-17
 2.01283E+06
 1.00000E+00
 7.58822E-17
 2.01283E+06
 1.00000E+00
 7.58822E-17
 2.01283E+06
 1.00000E+00
 7.58822E-17
 2.01283E+06
 1.00000E+00
 7.58822E-17
 2.01283E+06
 1.00000E+00
 7.58822E-17
 2.01283E+06
 1.00000E+00
 7.58822E-17
 2.01283E+06
 1.00000E+00
 7.58822E-17
 2.01283E+06
 1.00000E+00
 7.58822E-17
 2.01283E+06
 1.00000E+00
 7.58822E-17
 2.01283E+06
 1.00000E+00
 7.58822E-17
 2.01283E+06
 1.00000E+00
 7.58822E-17
 2.01283E+06
 1.00000E+00
 7.58822E-17
 2.01283E+06
 1.00000E+00
 7.58822E-17
 2.01283E+06
 1.00000E+00
 7.58822E-17
 2.01283E+06
 1.00000E+00
 7.58822E-17
 2.01283E+06
 1.00000E+00
 7.58822E-17
 2.01283E+06
 1.00000E+00
 7.58822E-17
 2.01283E+06
 1.00000E+00
 7.58822E-17
 2.01283E+06
 1.00000E+00
 7.58822E-17
 2.01283E+06
 1.00000E+00
 7.58822E-17
 2.01283E+06
 1.00000E+00
 7.58822E-17
 2.01283E+06
 1.00000E+00
 7.58822E-17
 2.01283E+06
 1.00000E+00
 7.58822E-17
 2.01283E+06
 1.00000E+00
 7.58822E-17
 2.01283E+06
 1.00000E+00
 7.58822E-17
 2.01283E+06
 1.00000E+00
 7.58822E-17
 2.01283E+06
 1.00000E+00
 7.58822E-17
 2.01283E+06
 1.00000E+00
 7.58822E-17
 2.01283E+06
 1.00000E+00
 7.58822E-17
 2.01283E+06
 1.00000E+00
 7.58822E-17
 2.01283E+06
 1.00000E+00
 7.58822E-17
 2.01283E+06
 1.00000E+00
 7.58822E-17
 2.01283E+06
 1.00000E+00
 7.58822E-17
 2.01283E+06
 1.00000E+00
 7.58822E-17
 2.01283E+06
 1.00000E+00
 7.58822E-17
 2.01283E+06
 1.00000E+00
 7.58822E-17
 2.01283E+06
 1.00000E+00
 7.58822E-17
 2.01283E+06
 1.00000E+00
 7.58822E-17
 2.01283E+06
 1.00000E+00
 7.58822E-17
 2.01283E+06
 1.00000E+00
 7.58822E-17
 2.01283E+06
 1.00000E+00
 7.58822E-17
 2.01283E+06
 1.00000E+00
 7.58822E-17
 2.01283E+06
 1.00000E+00
 7.58822E-17
 2.01283E+06
 1.00000E+00
 7.58822E-17
 2.01283E+06
 1.00000E+00
 7.58822E-17
 2.01283E+06
 1.00000E+00
 7.58822E-17
 2.01283E+06
 1.00000E+00
 7.58822E-17
 2.01283E+06
 1.00000E+00
 7.58822E-17
 2.01283E+06
 1.00000E+00
 7.58822E-17
 2.01283E+06
 1.00000E+00
 7.58822E-17
 2.01283E+06
 1.00000E+00
 7.58822E-17
 2.01283E+06
 1.00000E+00
 7.58822E-17
 2.01283E+06
 1.00000E+00
 7.58822E-17
 2.01283E+06
 1.00000E+00
 7.58822E-17
 2.01283E+06
 1.00000E+00
 7.58822E-17
 2.01283E+06
 1.00000E+00
 7.58822E-17
 2.01283E+06
 1.00000E+00
 7.58822E-17
 2.01283E+06
 1.00000E+00
 7.58822E-17
 2.01283E+06
 1.00000E+00
 7.58822E-17
 2.01283E+06
 1.00000E+00
 7.58822E-17
 2.01283E+06
 1.00000E+00
 7.58822E-17
 2.01283E+06
 1.00000E+00
 7.58822E-17
 2.01283E+06
 1.00000E+00
 7.58822E-17
 2.01283E+06
 1.00000E+00
 7.58822E-17
 2.01283E+06
 1.00000E+00
 7.58822E-17
 2.01283E+06
 1.00000E+00
 7.58822E-17
 2.01283E+06
 1.00000E+00
 7.58822E-17
 2.01283E+06
 1.00000E+00
 7.58822E-17
 2.01283E+06
 1.00000E+00
 7.58822E-17
 2.01283E+06
 1.00000E+00
 7.58822E-17
 2.01283E+06
 1.00000E+00
 7.58822E-17
 2.01283E+06
 1.00000E+00
 7.58822E-17
 2.01283E+06
 1.00000E+00
 7.58822E-17
 2.01283E+06
 1.00000E+00
 7.58822E-17
 2.01283E+06
 1.00000E+00
 7.58822E-17
 2.01283E+06
 1.00000E+00
 7.58822E-17
 2.01283E+06
 1.00000E+00
 7.58822E-17
 2.01283E+06
 1.00000E+00
 7.58822E-17
 2.01283E+06
 1.00000E+00
 7.58822E-17
 2.01283E+06
 1.00000E+00
 7.58822E-17
 2.01283E+06
 1.00000E+00
 7.58822E-17
 2.01283E+06
 1.00000E+00
 7.58822E-17
 2.01283E+06
 1.00000E+00
 7.58822E-17
 2.01283E+06
 1.00000E+00
 7.58822E-17
 2.01283E+06
 1.00000E+00
 7.58822E-17
 2.01283E+06
 1.00000E+00
 7.58822E-17
 2.01283E+06
 1.00000E+00
 7.58822E-17
 2.01283E+06
 1.00000E+00
 7.58822E-17
 2.01283E+06
 1.00000E+00
 7.58822E-17
 2.01283E+06
 1.00000E+00
 7.58822E-17
 2.01283E+06
 1.00000E+00
 7.58822E-17
 2.01283E+06
 1.00000E+00
 7.58822E-17
 2.01283E+06
 1.00000E+00
 7.58822E-17
 2.01283E+06
 1.00000E+00
 7.58822E-17
 2.01283E+06
 1.00000E+00
 7.58822E-17
 2.01283E+06
 1.00000E+00
 7.58822E-17
 2.01283E+06
 1.00000E+00
 7.58822E-17
 2.01283E+06
 1.00000E+00
 7.58822E-17
 2.01283E+06
 1.00000E+00
 7.58822E-17
 2.01283E+06
 1.00000E+00
 7.58822E-17
 2.01283E+06
 1.00000E+00
 7.58822E-17
 2.01283E+06
 1.00000E+00
 7.58822E-17
 2.01283E+06
 1.00000E+00
 7.58822E-17
 2.01283E+06
 1.00000E+00
 7.58822E-17
 2.01283E+06
 1.00000E+00
 7.58822E-17
 2.01283E+06
 1.00000E+00
 7.58822E-17
 2.01283E+06
 1.00000E+00
 7.58822E-17
 2.01283E+06
 1.00000E+00
 7.58822E-17
 2.01283E+06
 1.00000E+00
 7.58822E-17
 2.01283E+06
 1.00000E+00
 7.58822E-17
 2.01283E+06
 1.00000E+00
 7.58822E-17
 2.01283E+06
 1.00000E+00
 7.58822E-17
 2.01283E+06
 1.00000E+00
 7.58822E-17
 2.01283E+06
 1.00000E+00
 7.58822E-17
 2.01283E+06
 1.00000E+00
 7.58822E-17
 2.01283E+06
 1.00000E+00
 7.58822E-17
 2.01283E+06
 1.00000E+00
 7.58822E-17
 2.01283E+06
 1.00000E+00
 7.58822E-17
 2.01283E+06
 1.00000E+00
 7.58822E-17
 2.01283E+06
 1.00000E+00
 7.58822E-17
 2.01283E+06
 1.00000E+00
 7.58822E-17
 2.01283E+06
 1.00000E+00
 7.58822E-17
 2.01283E+06
 1.00000E+00
 7.58822E-17
 2.01283E+06
 1.00000E+00
 7.58822E-17
 2.01283E+06
 1.00000E+00
 7.58822E-17
 2.01283E+06
 1.00000E+00
 7.58822E-17
 2.01283E+06
 1.00000E+00
 7.58822E-17
 2.01283E+06
 1.00000E+00
 7.58822E-17
 2.01283E+06
 1.00000E+00
 7.58822E-17
 2.01283E+06
 1.00000E+00
 7.58822E-17
 2.01283E+06
 1.00000E+00
 7.58822E-17
 2.01283E+06
 1.00000E+00
 7.58822E-17
 2.01283E+06
 1.00000E+00
 7.58822E-17
 2.01283E+06
 1.00000E+00
 7.58822E-17
 2.01283E+06
 1.00000E+00
 7.58822E-17
 2.01283E+06
 1.00000E+00
 7.58822E-17
 2.01283E+06
 1.00000E+00
 7.58823E-17
 2.01283E+06
 1.00000E+00
 7.58824E-17
 2.01283E+06
 1.00000E+00
 7.58824E-17
 2.01283E+06
 1.00000E+00
 7.58824E-17
 2.01283E+06
 1.00000E+00
 7.58824E-17
 2.01283E+06
 1.00000E+00
 7.58825E-17
 2.01283E+06
 1.00000E+00
 7.58824E-17
 2.01283E+06
 1.00000E+00
 7.58824E-17
 2.01283E+06
 1.00000E+00
 7.58824E-17
 2.01283E+06
 1.00000E+00
 7.58824E-17
 2.01283E+06
 1.00000E+00
 7.58824E-17
 2.01283E+06
 1.00000E+00
 7.58824E-17
 2.01283E+06
 1.00000E+00
 7.58824E-17
 2.01283E+06
 1.00000E+00
 7.58824E-17
 2.01283E+06
 1.00000E+00
 7.58824E-17
 2.01283E+06
 1.00000E+00
 7.58824E-17
 2.01283E+06
 1.00000E+00
 7.58824E-17
 2.01283E+06
 1.00000E+00
 7.58824E-17
 2.01283E+06
 1.00000E+00
 7.58824E-17
 2.01283E+06
 1.00000E+00
 7.58824E-17
 2.01283E+06
 1.00000E+00
 7.58823E-17
 2.01283E+06
 1.00000E+00
 7.58823E-17
 2.01283E+06
 1.00000E+00
 7.58823E-17
 2.01283E+06
 1.00000E+00
 7.58823E-17
 2.01283E+06
 1.00000E+00
 7.58823E-17
 2.01283E+06
 1.00000E+00
 7.58823E-17
 2.01283E+06
 1.00000E+00
 7.58823E-17
 2.01283E+06
 1.00000E+00
 7.58823E-17
 2.01283E+06
 1.00000E+00
 7.58823E-17
 2.01283E+06
 1.00000E+00
 7.58823E-17
 2.01283E+06
 1.00000E+00
 7.58823E-17
 2.01283E+06
 1.00000E+00
 7.58823E-17
 2.01283E+06
 1.00000E+00
 7.58823E-17
 2.01283E+06
 1.00000E+00
 7.58823E-17
 2.01283E+06
 1.00000E+00
 7.58823E-17
 2.01283E+06
 1.00000E+00
 7.58823E-17
 2.01283E+06
 1.00000E+00
 7.58823E-17
 2.01283E+06
 1.00000E+00
 7.58823E-17
 2.01283E+06
 1.00000E+00
 7.58823E-17
 2.01283E+06
 1.00000E+00
 7.58823E-17
 2.01283E+06
 1.00000E+00
 7.58823E-17
 2.01283E+06
 1.00000E+00
 7.58823E-17
 2.01283E+06
 1.00000E+00
 7.58822E-17
 2.01283E+06
 1.00000E+00
 7.58823E-17
 2.01283E+06
 1.00000E+00
 7.58822E-17
 2.01283E+06
 1.00000E+00
 7.58822E-17
 2.01283E+06
 1.00000E+00
 7.58822E-17
 2.01283E+06
 1.00000E+00
 7.58822E-17
 2.01283E+06
 1.00000E+00
 7.58822E-17
 2.01283E+06
 1.00000E+00
 7.58822E-17
 2.01283E+06
 1.00000E+00
 7.58822E-17
 2.01283E+06
 1.00000E+00
 7.58822E-17
 2.01283E+06
 1.00000E+00
 7.58822E-17
 2.01283E+06
 1.00000E+00
 7.58822E-17
 2.01283E+06
 1.00000E+00
 7.58822E-17
 2.01283E+06
 1.00000E+00
 7.58822E-17
 2.01283E+06
 1.00000E+00
 7.58822E-17
 2.01283E+06
 1.00000E+00
 7.58822E-17
 2.01283E+06
 1.00000E+00
 7.58822E-17
 2.01283E+06
 1.00000E+00
 7.58822E-17
 2.01283E+06
 1.00000E+00
 7.58822E-17
 2.01283E+06
 1.00000E+00
 7.58822E-17
 2.01283E+06
 1.00000E+00
 7.58822E-17
 2.01283E+06
 1.00000E+00
 7.58822E-17
 2.01283E+06
 1.00000E+00
 7.58822E-17
 2.01283E+06
 1.00000E+00
 7.58822E-17
 2.01283E+06
 1.00000E+00
 7.58822E-17
 2.01283E+06
 1.00000E+00
 7.58822E-17
 2.01283E+06
 1.00000E+00
 7.58822E-17
 2.01283E+06
 1.00000E+00
 7.58822E-17
 2.01283E+06
 1.00000E+00
 7.58822E-17
 2.01283E+06
 1.00000E+00
 7.58822E-17
 2.01283E+06
 1.00000E+00
 7.58822E-17
 2.01283E+06
 1.00000E+00
 7.58822E-17
 2.01283E+06
 1.00000E+00
 7.58822E-17
 2.01283E+06
 1.00000E+00
 7.58822E-17
 2.01283E+06
 1.00000E+00
 7.58822E-17
 2.01283E+06
 1.00000E+00
 7.58822E-17
 2.01283E+06
 1.00000E+00
 7.58822E-17
 2.01283E+06
 1.00000E+00
 7.58822E-17
 2.01283E+06
 1.00000E+00
 7.58822E-17
 2.01283E+06
 1.00000E+00
 7.58822E-17
 2.01283E+06
 1.00000E+00
 7.58822E-17
 2.01283E+06
 1.00000E+00
 7.58822E-17
 2.01283E+06
 1.00000E+00
 7.58822E-17
 2.01283E+06
 1.00000E+00
 7.58822E-17
 2.01283E+06
 1.00000E+00
 7.58822E-17
 2.01283E+06
 1.00000E+00
 7.58822E-17
 2.01283E+06
 1.00000E+00
 7.58822E-17
 2.01283E+06
 1.00000E+00
 7.58822E-17
 2.01283E+06
 1.00000E+00
 7.58822E-17
 2.01283E+06
 1.00000E+00
 7.58822E-17
 2.01283E+06
 1.00000E+00
 7.58822E-17
 2.01283E+06
 1.00000E+00
 7.58822E-17
 2.01283E+06
 1.00000E+00
 7.58822E-17
 2.01283E+06
 1.00000E+00
 7.58822E-17
 2.01283E+06
 1.00000E+00
 7.58822E-17
 2.01283E+06
 1.00000E+00
 7.58822E-17
 2.01283E+06
 1.00000E+00
 7.58822E-17
 2.01283E+06
 1.00000E+00
 7.58823E-17
 2.01283E+06
 1.00000E+00
 7.58822E-17
 2.01283E+06
 1.00000E+00
 7.58823E-17
 2.01283E+06
 1.00000E+00
 7.58822E-17
 2.01283E+06
 1.00000E+00
 7.58823E-17
 2.01283E+06
 1.00000E+00
 7.58822E-17
 2.01283E+06
 1.00000E+00
 7.58823E-17
 2.01283E+06
 1.00000E+00
 7.58823E-17
 2.01283E+06
 1.00000E+00
 7.58823E-17
 2.01283E+06
 1.00000E+00
 7.58823E-17
 2.01283E+06
 1.00000E+00
 7.58823E-17
 2.01283E+06
 1.00000E+00
 7.58823E-17
 2.01283E+06
 1.00000E+00
 7.58823E-17
 2.01283E+06
 1.00000E+00
 7.58823E-17
 2.01283E+06
 1.00000E+00
 7.58823E-17
 2.01283E+06
 1.00000E+00
 7.58823E-17
 2.01283E+06
 1.00000E+00
 7.58823E-17
 2.01283E+06
 1.00000E+00
 7.58823E-17
 2.01283E+06
 1.00000E+00
 7.58823E-17
 2.01283E+06
 1.00000E+00
 7.58824E-17
 2.01282E+06
 1.00000E+00
 7.58825E-17
 2.01282E+06
 1.00000E+00
 7.58825E-17
 2.01282E+06
 1.00000E+00
 7.58826E-17
 2.01282E+06
 1.00000E+00
 7.58826E-17
 2.01282E+06
 1.00000E+00
 7.58826E-17
 2.01282E+06
 1.00000E+00
 7.58825E-17
 2.01282E+06
 1.00000E+00
 7.58826E-17
 2.01282E+06
 1.00000E+00
 7.58825E-17
 2.01282E+06
 1.00000E+00
 7.58825E-17
 2.01282E+06
 1.00000E+00
 7.58825E-17
 2.01282E+06
 1.00000E+00
 7.58825E-17
 2.01282E+06
 1.00000E+00
 7.58825E-17
 2.01282E+06
 1.00000E+00
 7.58825E-17
 2.01283E+06
 1.00000E+00
 7.58825E-17
 2.01282E+06
 1.00000E+00
 7.58825E-17
 2.01283E+06
 1.00000E+00
 7.58824E-17
 2.01283E+06
 1.00000E+00
 7.58825E-17
 2.01283E+06
 1.00000E+00
 7.58824E-17
 2.01283E+06
 1.00000E+00
 7.58824E-17
 2.01283E+06
 1.00000E+00
 7.58824E-17
 2.01283E+06
 1.00000E+00
 7.58824E-17
 2.01283E+06
 1.00000E+00
 7.58824E-17
 2.01283E+06
 1.00000E+00
 7.58824E-17
 2.01283E+06
 1.00000E+00
 7.58824E-17
 2.01283E+06
 1.00000E+00
 7.58824E-17
 2.01283E+06
 1.00000E+00
 7.58824E-17
 2.01283E+06
 1.00000E+00
 7.58824E-17
 2.01283E+06
 1.00000E+00
 7.58824E-17
 2.01283E+06
 1.00000E+00
 7.58824E-17
 2.01283E+06
 1.00000E+00
 7.58823E-17
 2.01283E+06
 1.00000E+00
 7.58823E-17
 2.01283E+06
 1.00000E+00
 7.58823E-17
 2.01283E+06
 1.00000E+00
 7.58823E-17
 2.01283E+06
 1.00000E+00
 7.58823E-17
 2.01283E+06
 1.00000E+00
 7.58823E-17
 2.01283E+06
 1.00000E+00
 7.58823E-17
 2.01283E+06
 1.00000E+00
 7.58823E-17
 2.01283E+06
 1.00000E+00
 7.58823E-17
 2.01283E+06
 1.00000E+00
 7.58823E-17
 2.01283E+06
 1.00000E+00
 7.58823E-17
 2.01283E+06
 1.00000E+00
 7.58823E-17
 2.01283E+06
 1.00000E+00
 7.58823E-17
 2.01283E+06
 1.00000E+00
 7.58823E-17
 2.01283E+06
 1.00000E+00
 7.58823E-17
 2.01283E+06
 1.00000E+00
 7.58823E-17
 2.01283E+06
 1.00000E+00
 7.58823E-17
 2.01283E+06
 1.00000E+00
 7.58823E-17
 2.01283E+06
 1.00000E+00
 7.58823E-17
 2.01283E+06
 1.00000E+00
 7.58823E-17
 2.01283E+06
 1.00000E+00
 7.58823E-17
 2.01283E+06
 1.00000E+00
 7.58823E-17
 2.01283E+06
 1.00000E+00
 7.58823E-17
 2.01283E+06
 1.00000E+00
 7.58823E-17
 2.01283E+06
 1.00000E+00
 7.58823E-17
 2.01283E+06
 1.00000E+00
 7.58823E-17
 2.01283E+06
 1.00000E+00
 7.58823E-17
 2.01283E+06
 1.00000E+00
 7.58823E-17
 2.01283E+06
 1.00000E+00
 7.58823E-17
 2.01283E+06
 1.00000E+00
 7.58823E-17
 2.01283E+06
 1.00000E+00
 7.58823E-17
 2.01283E+06
 1.00000E+00
 7.58823E-17
 2.01283E+06
 1.00000E+00
 7.58823E-17
 2.01283E+06
 1.00000E+00
 7.58823E-17
 2.01283E+06
 1.00000E+00
 7.58823E-17
 2.01283E+06
 1.00000E+00
 7.58823E-17
 2.01283E+06
 1.00000E+00
 7.58823E-17
 2.01283E+06
 1.00000E+00
 7.58823E-17
 2.01283E+06
 1.00000E+00
 7.58823E-17
 2.01283E+06
 1.00000E+00
 7.58823E-17
 2.01283E+06
 1.00000E+00
 7.58823E-17
 2.01283E+06
 1.00000E+00
 7.58823E-17
 2.01283E+06
 1.00000E+00
 7.58823E-17
 2.01283E+06
 1.00000E+00
 7.58823E-17
 2.01283E+06
 1.00000E+00
 7.58823E-17
 2.01283E+06
 1.00000E+00
 7.58823E-17
 2.01283E+06
 1.00000E+00
 7.58823E-17
 2.01283E+06
 1.00000E+00
 7.58823E-17
 2.01283E+06
 1.00000E+00
 7.58823E-17
 2.01283E+06
 1.00000E+00
 7.58823E-17
 2.01283E+06
 1.00000E+00
 7.58823E-17
 2.01283E+06
 1.00000E+00
 7.58823E-17
 2.01283E+06
 1.00000E+00
 7.58823E-17
 2.01283E+06
 1.00000E+00
 7.58823E-17
 2.01283E+06
 1.00000E+00
 7.58823E-17
 2.01283E+06
 1.00000E+00
 7.58823E-17
 2.01283E+06
 1.00000E+00
 7.58823E-17
 2.01283E+06
 1.00000E+00
 7.58823E-17
 2.01283E+06
 1.00000E+00
 7.58823E-17
 2.01283E+06
 1.00000E+00
 7.58823E-17
 2.01283E+06
 1.00000E+00
 7.58823E-17
 2.01283E+06
 1.00000E+00
 7.58823E-17
 2.01283E+06
 1.00000E+00
 7.58823E-17
 2.01283E+06
 1.00000E+00
 7.58823E-17
 2.01283E+06
 1.00000E+00
 7.58823E-17
 2.01283E+06
 1.00000E+00
 7.58823E-17
 2.01283E+06
 1.00000E+00
 7.58823E-17
 2.01283E+06
 1.00000E+00
 7.58823E-17
 2.01283E+06
 1.00000E+00
 7.58823E-17
 2.01283E+06
 1.00000E+00
 7.58823E-17
 2.01283E+06
 1.00000E+00
 7.58823E-17
 2.01283E+06
 1.00000E+00
 7.58823E-17
 2.01283E+06
 1.00000E+00
 7.58823E-17
 2.01283E+06
 1.00000E+00
 7.58823E-17
 2.01283E+06
 1.00000E+00
 7.58823E-17
 2.01283E+06
 1.00000E+00
 7.58823E-17
 2.01283E+06
 1.00000E+00
 7.58823E-17
 2.01283E+06
 1.00000E+00
 7.58823E-17
 2.01283E+06
 1.00000E+00
 7.58823E-17
 2.01283E+06
 1.00000E+00
 7.58823E-17
 2.01283E+06
 1.00000E+00
 7.58823E-17
 2.01283E+06
 1.00000E+00
 7.58823E-17
 2.01283E+06
 1.00000E+00
 7.58823E-17
 2.01283E+06
 1.00000E+00
 7.58823E-17
 2.01283E+06
 1.00000E+00
 7.58823E-17
 2.01283E+06
 1.00000E+00
 7.58823E-17
 2.01283E+06
 1.00000E+00
 7.58823E-17
 2.01283E+06
 1.00000E+00
 7.58823E-17
 2.01283E+06
 1.00000E+00
 7.58823E-17
 2.01283E+06
 1.00000E+00
 7.58823E-17
 2.01283E+06
 1.00000E+00
 7.58823E-17
 2.01283E+06
 1.00000E+00
 7.58823E-17
 2.01283E+06
 1.00000E+00
 7.58823E-17
 2.01283E+06
 1.00000E+00
 7.58823E-17
 2.01283E+06
 1.00000E+00
 7.58823E-17
 2.01283E+06
 1.00000E+00
 7.58823E-17
 2.01283E+06
 1.00000E+00
 7.58823E-17
 2.01283E+06
 1.00000E+00
 7.58823E-17
 2.01283E+06
 1.00000E+00
 7.58823E-17
 2.01283E+06
 1.00000E+00
 7.58823E-17
 2.01283E+06
 1.00000E+00
 7.58823E-17
 2.01283E+06
 1.00000E+00
 7.58823E-17
 2.01283E+06
 1.00000E+00
 7.58823E-17
 2.01283E+06
 1.00000E+00
 7.58823E-17
 2.01283E+06
 1.00000E+00
 7.58823E-17
 2.01283E+06
 1.00000E+00
 7.58823E-17
 2.01283E+06
 1.00000E+00
 7.58823E-17
 2.01283E+06
 1.00000E+00
 7.58823E-17
 2.01283E+06
 1.00000E+00
 7.58823E-17
 2.01283E+06
 1.00000E+00
 7.58823E-17
 2.01283E+06
 1.00000E+00
 7.58823E-17
 2.01283E+06
 1.00000E+00
 7.58823E-17
 2.01283E+06
 1.00000E+00
 7.58823E-17
 2.01283E+06
 1.00000E+00
 7.58823E-17
 2.01283E+06
 1.00000E+00
 7.58823E-17
 2.01283E+06
 1.00000E+00
 7.58823E-17
 2.01283E+06
 1.00000E+00
 7.58823E-17
 2.01283E+06
 1.00000E+00
 7.58823E-17
 2.01283E+06
 1.00000E+00
 7.58823E-17
 2.01283E+06
 1.00000E+00
 7.58823E-17
 2.01283E+06
 1.00000E+00
 7.58823E-17
 2.01283E+06
 1.00000E+00
 7.58823E-17
 2.01283E+06
 1.00000E+00
 7.58825E-17
 2.01282E+06
 1.00000E+00
 7.58825E-17
 2.01282E+06
 1.00000E+00
 7.58825E-17
 2.01282E+06
 1.00000E+00
 7.58826E-17
 2.01282E+06
 1.00000E+00
 7.58826E-17
 2.01282E+06
 1.00000E+00
 7.58826E-17
 2.01282E+06
 1.00000E+00
 7.58826E-17
 2.01282E+06
 1.00000E+00
 7.58826E-17
 2.01282E+06
 1.00000E+00
 7.58826E-17
 2.01282E+06
 1.00000E+00
 7.58826E-17
 2.01282E+06
 1.00000E+00
 7.58825E-17
 2.01282E+06
 1.00000E+00
 7.58825E-17
 2.01282E+06
 1.00000E+00
 7.58825E-17
 2.01282E+06
 1.00000E+00
 7.58825E-17
 2.01282E+06
 1.00000E+00
 7.58825E-17
 2.01282E+06
 1.00000E+00
 7.58825E-17
 2.01282E+06
 1.00000E+00
 7.58825E-17
 2.01282E+06
 1.00000E+00
 7.58825E-17
 2.01282E+06
 1.00000E+00
 7.58825E-17
 2.01282E+06
 1.00000E+00
 7.58825E-17
 2.01283E+06
 1.00000E+00
 7.58825E-17
 2.01282E+06
 1.00000E+00
 7.58825E-17
 2.01283E+06
 1.00000E+00
 7.58824E-17
 2.01283E+06
 1.00000E+00
 7.58825E-17
 2.01283E+06
 1.00000E+00
 7.58824E-17
 2.01283E+06
 1.00000E+00
 7.58825E-17
 2.01283E+06
 1.00000E+00
 7.58824E-17
 2.01283E+06
 1.00000E+00
 7.58824E-17
 2.01283E+06
 1.00000E+00
 7.58824E-17
 2.01283E+06
 1.00000E+00
 7.58824E-17
 2.01283E+06
 1.00000E+00
 7.58824E-17
 2.01283E+06
 1.00000E+00
 7.58824E-17
 2.01283E+06
 1.00000E+00
 7.58824E-17
 2.01283E+06
 1.00000E+00
 7.58824E-17
 2.01283E+06
 1.00000E+00
 7.58824E-17
 2.01283E+06
 1.00000E+00
 7.58824E-17
 2.01283E+06
 1.00000E+00
 7.58824E-17
 2.01283E+06
 1.00000E+00
 7.58824E-17
 2.01283E+06
 1.00000E+00
 7.58824E-17
 2.01283E+06
 1.00000E+00
 7.58824E-17
 2.01283E+06
 1.00000E+00
 7.58823E-17
 2.01283E+06
 1.00000E+00
 7.58824E-17
 2.01283E+06
 1.00000E+00
 7.58823E-17
 2.01283E+06
 1.00000E+00
 7.58824E-17
 2.01283E+06
 1.00000E+00
 7.58823E-17
 2.01283E+06
 1.00000E+00
 7.58824E-17
 2.01283E+06
 1.00000E+00
 7.58823E-17
 2.01283E+06
 1.00000E+00
 7.58823E-17
 2.01283E+06
 1.00000E+00
 7.58823E-17
 2.01283E+06
 1.00000E+00
 7.58823E-17
 2.01283E+06
 1.00000E+00
 7.58823E-17
 2.01283E+06
 1.00000E+00
 7.58823E-17
 2.01283E+06
 1.00000E+00
 7.58823E-17
 2.01283E+06
 1.00000E+00
 7.58823E-17
 2.01283E+06
 1.00000E+00
 7.58823E-17
 2.01283E+06
 1.00000E+00
 7.58823E-17
 2.01283E+06
 1.00000E+00
 7.58823E-17
 2.01283E+06
 1.00000E+00
 7.58823E-17
 2.01283E+06
 1.00000E+00
 7.58823E-17
 2.01283E+06
 1.00000E+00
 7.58823E-17
 2.01283E+06
 1.00000E+00
 7.58823E-17
 2.01283E+06
 1.00000E+00
 7.58823E-17
 2.01283E+06
 1.00000E+00
 7.58823E-17
 2.01283E+06
 1.00000E+00
 7.58823E-17
 2.01283E+06
 1.00000E+00
 7.58823E-17
 2.01283E+06
 1.00000E+00
 7.58823E-17
 2.01283E+06
 1.00000E+00
 7.58823E-17
 2.01283E+06
 1.00000E+00
 7.58823E-17
 2.01283E+06
 1.00000E+00
 7.58823E-17
 2.01283E+06
 1.00000E+00
 7.58823E-17
 2.01283E+06
 1.00000E+00
 7.58823E-17
 2.01283E+06
 1.00000E+00
 7.58823E-17
 2.01283E+06
 1.00000E+00
 7.58823E-17
 2.01283E+06
 1.00000E+00
 7.58823E-17
 2.01283E+06
 1.00000E+00
 7.58823E-17
 2.01283E+06
 1.00000E+00
 7.58823E-17
 2.01283E+06
 1.00000E+00
 7.58823E-17
 2.01283E+06
 1.00000E+00
 7.58823E-17
 2.01283E+06
 1.00000E+00
 7.58823E-17
 2.01283E+06
 1.00000E+00
 7.58823E-17
 2.01283E+06
 1.00000E+00
 7.58823E-17
 2.01283E+06
 1.00000E+00
 7.58823E-17
 2.01283E+06
 1.00000E+00
 7.58823E-17
 2.01283E+06
 1.00000E+00
 7.58823E-17
 2.01283E+06
 1.00000E+00
 7.58823E-17
 2.01283E+06
 1.00000E+00
 7.58823E-17
 2.01283E+06
 1.00000E+00
 7.58823E-17
 2.01283E+06
 1.00000E+00
 7.58823E-17
 2.01283E+06
 1.00000E+00
 7.58823E-17
 2.01283E+06
 1.00000E+00
 7.58823E-17
 2.01283E+06
 1.00000E+00
 7.58823E-17
 2.01283E+06
 1.00000E+00
 7.58823E-17
 2.01283E+06
 1.00000E+00
 7.58823E-17
 2.01283E+06
 1.00000E+00
 7.58823E-17
 2.01283E+06
 1.00000E+00
 7.58823E-17
 2.01283E+06
 1.00000E+00
 7.58823E-17
 2.01283E+06
 1.00000E+00
 7.58823E-17
 2.01283E+06
 1.00000E+00
 7.58823E-17
 2.01283E+06
 1.00000E+00
 7.58823E-17
 2.01283E+06
 1.00000E+00
 7.58823E-17
 2.01283E+06
 1.00000E+00
 7.58823E-17
 2.01283E+06
 1.00000E+00
 7.58823E-17
 2.01283E+06
 1.00000E+00
 7.58823E-17
 2.01283E+06
 1.00000E+00
 7.58823E-17
 2.01283E+06
 1.00000E+00
 7.58823E-17
 2.01283E+06
 1.00000E+00
 7.58823E-17
 2.01283E+06
 1.00000E+00
 7.58823E-17
 2.01283E+06
 1.00000E+00
 7.58823E-17
 2.01283E+06
 1.00000E+00
 7.58823E-17
 2.01283E+06
 1.00000E+00
 7.58823E-17
 2.01283E+06
 1.00000E+00
 7.58823E-17
 2.01283E+06
 1.00000E+00
 7.58823E-17
 2.01283E+06
 1.00000E+00
 7.58823E-17
 2.01283E+06
 1.00000E+00
 7.58823E-17
 2.01283E+06
 1.00000E+00
 7.58823E-17
 2.01283E+06
 1.00000E+00
 7.58823E-17
 2.01283E+06
 1.00000E+00
 7.58823E-17
 2.01283E+06
 1.00000E+00
 7.58823E-17
 2.01283E+06
 1.00000E+00
 7.58823E-17
 2.01283E+06
 1.00000E+00
 7.58823E-17
 2.01283E+06
 1.00000E+00
 7.58823E-17
 2.01283E+06
 1.00000E+00
 7.58823E-17
 2.01283E+06
 1.00000E+00
 7.58823E-17
 2.01283E+06
 1.00000E+00
 7.58823E-17
 2.01283E+06
 1.00000E+00
 7.58823E-17
 2.01283E+06
 1.00000E+00
 7.58823E-17
 2.01283E+06
 1.00000E+00
 7.58823E-17
 2.01283E+06
 1.00000E+00
 7.58823E-17
 2.01283E+06
 1.00000E+00
 7.58823E-17
 2.01283E+06
 1.00000E+00
 7.58823E-17
 2.01283E+06
 1.00000E+00
 7.58823E-17
 2.01283E+06
 1.00000E+00
 7.58823E-17
 2.01283E+06
 1.00000E+00
 7.58823E-17
 2.01283E+06
 1.00000E+00
 7.58823E-17
 2.01283E+06
 1.00000E+00
 7.58823E-17
 2.01283E+06
 1.00000E+00
 7.58823E-17
