 0.00000E+00
 8.29982E-06
 1.67298E-05
 2.52022E-05
 3.36251E-05
 4.21336E-05
 5.05925E-05
 5.90632E-05
 6.75927E-05
 7.60253E-05
 8.45306E-05
 9.30032E-05
 1.01473E-04
 1.09988E-04
 1.18430E-04
 1.26941E-04
 1.35392E-04
 1.43877E-04
 1.52354E-04
 1.60820E-04
 1.69313E-04
 1.77765E-04
 1.86267E-04
 1.94707E-04
 2.03191E-04
 2.11586E-04
 2.20024E-04
 2.28386E-04
 2.36810E-04
 2.45192E-04
 2.53497E-04
 2.61614E-04
 2.69843E-04
 2.78087E-04
 2.86366E-04
 2.94604E-04
 3.02862E-04
 3.11101E-04
 3.19339E-04
 3.27585E-04
 3.35808E-04
 3.44054E-04
 3.52274E-04
 3.60506E-04
 3.68745E-04
 3.76964E-04
 3.85200E-04
 3.93435E-04
 4.01661E-04
 4.09901E-04
 4.18143E-04
 4.26375E-04
 4.34617E-04
 4.42869E-04
 4.51115E-04
 4.59362E-04
 4.67617E-04
 4.75848E-04
 4.84083E-04
 4.92315E-04
 5.00552E-04
 5.08794E-04
 5.17042E-04
 5.25295E-04
 5.33552E-04
 5.41814E-04
 5.50080E-04
 5.58352E-04
 5.66628E-04
 5.74908E-04
 5.83194E-04
 5.91485E-04
 5.99781E-04
 6.08082E-04
 6.16389E-04
 6.24699E-04
 6.33013E-04
 6.41333E-04
 6.49658E-04
 6.57985E-04
 6.66316E-04
 6.74650E-04
 6.82985E-04
 6.91263E-04
 6.99398E-04
 7.07500E-04
 7.15829E-04
 7.23966E-04
 7.32317E-04
 7.40585E-04
 7.49046E-04
 7.57404E-04
 7.65931E-04
 7.74196E-04
 7.82637E-04
 7.90979E-04
 7.99493E-04
 8.07913E-04
 8.16334E-04
 8.24654E-04
 8.33134E-04
 8.41529E-04
 8.50076E-04
 8.58379E-04
 8.66830E-04
 8.75205E-04
 8.83725E-04
 8.92133E-04
 9.00558E-04
 9.08918E-04
 9.17412E-04
 9.25843E-04
 9.34307E-04
 9.42655E-04
 9.51128E-04
 9.59547E-04
 9.68066E-04
 9.76408E-04
 9.84867E-04
 9.93278E-04
 1.00180E-03
 1.01017E-03
 1.01861E-03
 1.02700E-03
 1.03549E-03
 1.04385E-03
 1.05225E-03
 1.06061E-03
 1.06906E-03
 1.07743E-03
 1.08581E-03
 1.09416E-03
 1.10260E-03
 1.11097E-03
 1.11932E-03
 1.12759E-03
 1.13586E-03
 1.14401E-03
 1.15214E-03
 1.16029E-03
 1.16854E-03
 1.17677E-03
 1.18501E-03
 1.19325E-03
 1.20155E-03
 1.20976E-03
 1.21800E-03
 1.22624E-03
 1.23452E-03
 1.24271E-03
 1.25095E-03
 1.25919E-03
 1.26744E-03
 1.27564E-03
 1.28389E-03
 1.29214E-03
 1.30034E-03
 1.30856E-03
 1.31681E-03
 1.32501E-03
 1.33323E-03
 1.34145E-03
 1.34969E-03
 1.35788E-03
 1.36611E-03
 1.37435E-03
 1.38255E-03
 1.39077E-03
 1.39902E-03
 1.40722E-03
 1.41545E-03
 1.42368E-03
 1.43187E-03
 1.44008E-03
 1.44831E-03
 1.45650E-03
 1.46472E-03
 1.47294E-03
 1.48114E-03
 1.48937E-03
 1.49759E-03
 1.50580E-03
 1.51404E-03
 1.52225E-03
 1.53047E-03
 1.53872E-03
 1.54693E-03
 1.55516E-03
 1.56340E-03
 1.57163E-03
 1.57988E-03
 1.58810E-03
 1.59635E-03
 1.60459E-03
 1.61284E-03
 1.62109E-03
 1.62933E-03
 1.63759E-03
 1.64584E-03
 1.65410E-03
 1.66236E-03
 1.67062E-03
 1.67889E-03
 1.68715E-03
 1.69543E-03
 1.70369E-03
 1.71198E-03
 1.72024E-03
 1.72851E-03
 1.73678E-03
 1.74506E-03
 1.75333E-03
 1.76161E-03
 1.76989E-03
 1.77818E-03
 1.78646E-03
 1.79476E-03
 1.80304E-03
 1.81134E-03
 1.81963E-03
 1.82794E-03
 1.83624E-03
 1.84454E-03
 1.85286E-03
 1.86116E-03
 1.86948E-03
 1.87779E-03
 1.88611E-03
 1.89443E-03
 1.90275E-03
 1.91106E-03
 1.91937E-03
 1.92768E-03
 1.93599E-03
 1.94431E-03
 1.95263E-03
 1.96095E-03
 1.96927E-03
 1.97759E-03
 1.98591E-03
 1.99424E-03
 2.00256E-03
 2.01092E-03
 2.01899E-03
 2.02699E-03
 2.03518E-03
 2.04328E-03
 2.05154E-03
 2.05967E-03
 2.06799E-03
 2.07619E-03
 2.08457E-03
 2.09284E-03
 2.10129E-03
 2.10958E-03
 2.11800E-03
 2.12628E-03
 2.13469E-03
 2.14300E-03
 2.15146E-03
 2.15982E-03
 2.16833E-03
 2.17674E-03
 2.18518E-03
 2.19348E-03
 2.20192E-03
 2.21026E-03
 2.21875E-03
 2.22715E-03
 2.23566E-03
 2.24405E-03
 2.25251E-03
 2.26084E-03
 2.26930E-03
 2.27768E-03
 2.28618E-03
 2.29455E-03
 2.30305E-03
 2.31147E-03
 2.31993E-03
 2.32830E-03
 2.33676E-03
 2.34513E-03
 2.35360E-03
 2.36201E-03
 2.37053E-03
 2.37896E-03
 2.38740E-03
 2.39575E-03
 2.40421E-03
 2.41260E-03
 2.42110E-03
 2.42952E-03
 2.43801E-03
 2.44635E-03
 2.45478E-03
 2.46316E-03
 2.47164E-03
 2.48002E-03
 2.48849E-03
 2.49691E-03
 2.50534E-03
 2.51372E-03
 2.52215E-03
 2.53050E-03
 2.53891E-03
 2.54727E-03
 2.55567E-03
 2.56392E-03
 2.57221E-03
 2.58048E-03
 2.58883E-03
 2.59716E-03
 2.60556E-03
 2.61388E-03
 2.62221E-03
 2.63051E-03
 2.63888E-03
 2.64720E-03
 2.65556E-03
 2.66390E-03
 2.67224E-03
 2.68053E-03
 2.68882E-03
 2.69705E-03
 2.70531E-03
 2.71354E-03
 2.72177E-03
 2.72989E-03
 2.73806E-03
 2.74625E-03
 2.75448E-03
 2.76269E-03
 2.77095E-03
 2.77914E-03
 2.78738E-03
 2.79560E-03
 2.80383E-03
 2.81206E-03
 2.82033E-03
 2.82854E-03
 2.83675E-03
 2.84495E-03
 2.85320E-03
 2.86143E-03
 2.86968E-03
 2.87788E-03
 2.88610E-03
 2.89431E-03
 2.90254E-03
 2.91076E-03
 2.91902E-03
 2.92722E-03
 2.93543E-03
 2.94363E-03
 2.95187E-03
 2.96011E-03
 2.96834E-03
 2.97653E-03
 2.98476E-03
 2.99298E-03
 3.00121E-03
 3.00945E-03
 3.01767E-03
 3.02587E-03
 3.03409E-03
 3.04231E-03
 3.05055E-03
 3.05875E-03
 3.06696E-03
 3.07517E-03
 3.08339E-03
 3.09161E-03
 3.09985E-03
 3.10805E-03
 3.11626E-03
 3.12448E-03
 3.13272E-03
 3.14095E-03
 3.14916E-03
 3.15738E-03
 3.16560E-03
 3.17384E-03
 3.18209E-03
 3.19029E-03
 3.19852E-03
 3.20675E-03
 3.21499E-03
 3.22324E-03
 3.23146E-03
 3.23968E-03
 3.24793E-03
 3.25618E-03
 3.26442E-03
 3.27265E-03
 3.28089E-03
 3.28914E-03
 3.29741E-03
 3.30564E-03
 3.31388E-03
 3.32213E-03
 3.33038E-03
 3.33862E-03
 3.34685E-03
 3.35509E-03
 3.36334E-03
 3.37159E-03
 3.37983E-03
 3.38807E-03
 3.39632E-03
 3.40458E-03
 3.41283E-03
 3.42107E-03
 3.42933E-03
 3.43760E-03
 3.44585E-03
 3.45410E-03
 3.46237E-03
 3.47064E-03
 3.47890E-03
 3.48716E-03
 3.49543E-03
 3.50370E-03
 3.51197E-03
 3.52024E-03
 3.52852E-03
 3.53680E-03
 3.54507E-03
 3.55335E-03
 3.56163E-03
 3.56992E-03
 3.57820E-03
 3.58648E-03
 3.59477E-03
 3.60306E-03
 3.61135E-03
 3.61964E-03
 3.62794E-03
 3.63623E-03
 3.64452E-03
 3.65282E-03
 3.66113E-03
 3.66955E-03
 3.67773E-03
 3.68589E-03
 3.69411E-03
 3.70230E-03
 3.71057E-03
 3.71879E-03
 3.72708E-03
 3.73534E-03
 3.74366E-03
 3.75191E-03
 3.76019E-03
 3.76842E-03
 3.77671E-03
 3.78496E-03
 3.79329E-03
 3.80156E-03
 3.80990E-03
 3.81820E-03
 3.82655E-03
 3.83486E-03
 3.84324E-03
 3.85156E-03
 3.85995E-03
 3.86827E-03
 3.87660E-03
 3.88489E-03
 3.89324E-03
 3.90154E-03
 3.90990E-03
 3.91822E-03
 3.92660E-03
 3.93493E-03
 3.94332E-03
 3.95167E-03
 3.96008E-03
 3.96843E-03
 3.97678E-03
 3.98509E-03
 3.99344E-03
 4.00177E-03
 4.01014E-03
 4.01848E-03
 4.02687E-03
 4.03522E-03
 4.04362E-03
 4.05199E-03
 4.06040E-03
 4.06875E-03
 4.07711E-03
 4.08543E-03
 4.09381E-03
 4.10215E-03
 4.11053E-03
 4.11888E-03
 4.12728E-03
 4.13565E-03
 4.14427E-03
 4.15245E-03
 4.16061E-03
 4.16881E-03
 4.17700E-03
 4.18525E-03
 4.19349E-03
 4.20179E-03
 4.21007E-03
 4.21842E-03
 4.22675E-03
 4.23514E-03
 4.24347E-03
 4.25177E-03
 4.26005E-03
 4.26840E-03
 4.27672E-03
 4.28510E-03
 4.29346E-03
 4.30188E-03
 4.31026E-03
 4.31865E-03
 4.32702E-03
 4.33544E-03
 4.34384E-03
 4.35229E-03
 4.36072E-03
 4.36915E-03
 4.37750E-03
 4.38587E-03
 4.39421E-03
 4.40261E-03
 4.41099E-03
 4.41943E-03
 4.42784E-03
 4.43631E-03
 4.44468E-03
 4.45311E-03
 4.46152E-03
 4.46993E-03
 4.47829E-03
 4.48671E-03
 4.49511E-03
 4.50350E-03
 4.51184E-03
 4.52022E-03
 4.52855E-03
 4.53691E-03
 4.54523E-03
 4.55359E-03
 4.56181E-03
 4.57005E-03
 4.57828E-03
 4.58657E-03
 4.59486E-03
 4.60320E-03
 4.61153E-03
 4.61986E-03
 4.62818E-03
 4.63654E-03
 4.64488E-03
 4.65322E-03
 4.66152E-03
 4.66985E-03
 4.67812E-03
 4.68644E-03
 4.69475E-03
 4.70310E-03
 4.71143E-03
 4.71981E-03
 4.72812E-03
 4.73645E-03
 4.74473E-03
 4.75304E-03
 4.76135E-03
 4.76969E-03
 4.77799E-03
 4.78630E-03
 4.79460E-03
 4.80294E-03
 4.81127E-03
 4.81963E-03
 4.82789E-03
 4.83618E-03
 4.84445E-03
 4.85276E-03
 4.86105E-03
 4.86939E-03
 4.87767E-03
 4.88598E-03
 4.89428E-03
 4.90260E-03
 4.91087E-03
 4.91917E-03
 4.92742E-03
 4.93571E-03
 4.94398E-03
 4.95230E-03
 4.96060E-03
 4.96893E-03
 4.97722E-03
 4.98551E-03
 4.99377E-03
 5.00207E-03
 5.01036E-03
 5.01865E-03
 5.02692E-03
 5.03522E-03
 5.04352E-03
 5.05185E-03
 5.06014E-03
 5.06840E-03
 5.07665E-03
 5.08491E-03
 5.09316E-03
 5.10141E-03
 5.10962E-03
 5.11785E-03
 5.12606E-03
 5.13429E-03
 5.14245E-03
 5.15062E-03
 5.15879E-03
 5.16699E-03
 5.17521E-03
 5.18343E-03
 5.19165E-03
 5.19989E-03
 5.20815E-03
 5.21639E-03
 5.22461E-03
 5.23283E-03
 5.24106E-03
 5.24932E-03
 5.25757E-03
 5.26582E-03
 5.27406E-03
 5.28233E-03
 5.29056E-03
 5.29880E-03
 5.30702E-03
 5.31526E-03
 5.32350E-03
 5.33177E-03
 5.34000E-03
 5.34826E-03
 5.35649E-03
 5.36473E-03
 5.37295E-03
 5.38118E-03
 5.38942E-03
 5.39768E-03
 5.40592E-03
 5.41418E-03
 5.42243E-03
 5.43067E-03
 5.43889E-03
 5.44711E-03
 5.45535E-03
 5.46360E-03
 5.47184E-03
 5.48009E-03
 5.48834E-03
 5.49658E-03
 5.50480E-03
 5.51304E-03
 5.52127E-03
 5.52953E-03
 5.53778E-03
 5.54603E-03
 5.55430E-03
 5.56254E-03
 5.57076E-03
 5.57899E-03
 5.58723E-03
 5.59548E-03
 5.60372E-03
 5.61197E-03
 5.62023E-03
 5.62845E-03
 5.63668E-03
 5.64493E-03
 5.65317E-03
 5.66142E-03
 5.66968E-03
 5.67795E-03
 5.68618E-03
 5.69442E-03
 5.70267E-03
 5.71092E-03
 5.71917E-03
 5.72744E-03
 5.73570E-03
 5.74396E-03
 5.75221E-03
 5.76046E-03
 5.76871E-03
 5.77698E-03
 5.78524E-03
 5.79352E-03
 5.80179E-03
 5.81004E-03
 5.81830E-03
 5.82657E-03
 5.83483E-03
 5.84311E-03
 5.85139E-03
 5.85967E-03
 5.86793E-03
 5.87620E-03
 5.88447E-03
 5.89275E-03
 5.90103E-03
 5.90932E-03
 5.91760E-03
 5.92587E-03
 5.93414E-03
 5.94243E-03
 5.95071E-03
 5.95900E-03
 5.96729E-03
 5.97556E-03
 5.98383E-03
 5.99211E-03
 6.00039E-03
 6.00868E-03
 6.01697E-03
 6.02526E-03
 6.03354E-03
 6.04182E-03
 6.05010E-03
 6.05840E-03
 6.06694E-03
 6.07505E-03
 6.08308E-03
 6.09124E-03
 6.09934E-03
 6.10755E-03
 6.11569E-03
 6.12394E-03
 6.13210E-03
 6.14036E-03
 6.14856E-03
 6.15685E-03
 6.16504E-03
 6.17333E-03
 6.18153E-03
 6.18983E-03
 6.19806E-03
 6.20638E-03
 6.21463E-03
 6.22294E-03
 6.23118E-03
 6.23950E-03
 6.24778E-03
 6.25614E-03
 6.26445E-03
 6.27283E-03
 6.28114E-03
 6.28953E-03
 6.29787E-03
 6.30627E-03
 6.31455E-03
 6.32288E-03
 6.33116E-03
 6.33951E-03
 6.34781E-03
 6.35620E-03
 6.36451E-03
 6.37290E-03
 6.38123E-03
 6.38964E-03
 6.39799E-03
 6.40639E-03
 6.41471E-03
 6.42311E-03
 6.43141E-03
 6.43978E-03
 6.44809E-03
 6.45645E-03
 6.46477E-03
 6.47316E-03
 6.48150E-03
 6.48987E-03
 6.49819E-03
 6.50658E-03
 6.51492E-03
 6.52333E-03
 6.53169E-03
 6.54011E-03
 6.54843E-03
 6.55682E-03
 6.56513E-03
 6.57350E-03
 6.58181E-03
 6.59019E-03
 6.59853E-03
 6.60694E-03
 6.61529E-03
 6.62370E-03
 6.63208E-03
 6.64048E-03
 6.64884E-03
 6.65723E-03
 6.66555E-03
 6.67392E-03
 6.68226E-03
 6.69064E-03
 6.69899E-03
 6.70739E-03
 6.71573E-03
 6.72412E-03
 6.73246E-03
 6.74086E-03
 6.74923E-03
 6.75765E-03
 6.76600E-03
 6.77439E-03
 6.78272E-03
 6.79110E-03
 6.79943E-03
 6.80781E-03
 6.81616E-03
 6.82456E-03
 6.83292E-03
 6.84133E-03
 6.84971E-03
 6.85812E-03
 6.86647E-03
 6.87483E-03
 6.88314E-03
 6.89149E-03
 6.89979E-03
 6.90814E-03
 6.91645E-03
 6.92477E-03
 6.93306E-03
 6.94139E-03
 6.94970E-03
 6.95805E-03
 6.96638E-03
 6.97473E-03
 6.98304E-03
 6.99137E-03
 6.99967E-03
 7.00801E-03
 7.01633E-03
 7.02468E-03
 7.03301E-03
 7.04138E-03
 7.04971E-03
 7.05806E-03
 7.06639E-03
 7.07473E-03
 7.08302E-03
 7.09135E-03
 7.09966E-03
 7.10800E-03
 7.11632E-03
 7.12465E-03
 7.13296E-03
 7.14130E-03
 7.14963E-03
 7.15798E-03
 7.16632E-03
 7.17465E-03
 7.18323E-03
 7.19139E-03
 7.19949E-03
 7.20766E-03
 7.21579E-03
 7.22400E-03
 7.23215E-03
 7.24037E-03
 7.24851E-03
 7.25673E-03
 7.26484E-03
 7.27300E-03
 7.28112E-03
 7.28931E-03
 7.29745E-03
 7.30566E-03
 7.31383E-03
 7.32207E-03
 7.33027E-03
 7.33855E-03
 7.34677E-03
 7.35503E-03
 7.36323E-03
 7.37150E-03
 7.37973E-03
 7.38803E-03
 7.39627E-03
 7.40460E-03
 7.41285E-03
 7.42117E-03
 7.42942E-03
 7.43773E-03
 7.44596E-03
 7.45425E-03
 7.46248E-03
 7.47077E-03
 7.47901E-03
 7.48732E-03
 7.49557E-03
 7.50385E-03
 7.51209E-03
 7.52039E-03
 7.52864E-03
 7.53695E-03
 7.54523E-03
 7.55357E-03
 7.56186E-03
 7.57017E-03
 7.57841E-03
 7.58668E-03
 7.59492E-03
 7.60321E-03
 7.61147E-03
 7.61977E-03
 7.62804E-03
 7.63633E-03
 7.64458E-03
 7.65289E-03
 7.66116E-03
 7.66947E-03
 7.67775E-03
 7.68609E-03
 7.69440E-03
 7.70271E-03
 7.71093E-03
 7.71921E-03
 7.72746E-03
 7.73576E-03
 7.74403E-03
 7.75235E-03
 7.76062E-03
 7.76892E-03
 7.77719E-03
 7.78551E-03
 7.79380E-03
 7.80212E-03
 7.81042E-03
 7.81876E-03
 7.82701E-03
 7.83530E-03
 7.84355E-03
 7.85185E-03
 7.86012E-03
 7.86844E-03
 7.87673E-03
 7.88505E-03
 7.89332E-03
 7.90164E-03
 7.90993E-03
 7.91827E-03
 7.92658E-03
 7.93491E-03
 7.94317E-03
 7.95146E-03
 7.95972E-03
 7.96801E-03
 7.97628E-03
 7.98459E-03
 7.99288E-03
 8.00120E-03
 8.00947E-03
 8.01779E-03
 8.02608E-03
 8.03442E-03
 8.04273E-03
 8.05103E-03
 8.05929E-03
 8.06758E-03
 8.07585E-03
 8.08415E-03
 8.09244E-03
 8.10076E-03
 8.10905E-03
 8.11735E-03
 8.12564E-03
 8.13396E-03
 8.14226E-03
 8.15059E-03
 8.15887E-03
 8.16715E-03
 8.17542E-03
 8.18371E-03
 8.19199E-03
 8.20030E-03
 8.20860E-03
 8.21692E-03
 8.22520E-03
 8.23353E-03
 8.24183E-03
 8.25017E-03
 8.25848E-03
 8.26678E-03
 8.27505E-03
 8.28335E-03
 8.29164E-03
 8.29996E-03
 8.30827E-03
 8.31657E-03
 8.32487E-03
 8.33319E-03
 8.34151E-03
 8.34984E-03
 8.35816E-03
 8.36645E-03
 8.37472E-03
 8.38301E-03
 8.39129E-03
 8.39958E-03
 8.40784E-03
 8.41611E-03
 8.42437E-03
 8.43265E-03
 8.44091E-03
 8.44918E-03
 8.45742E-03
 8.46564E-03
 8.47386E-03
 8.48210E-03
 8.49033E-03
 8.49858E-03
 8.50682E-03
 8.51508E-03
 8.52334E-03
 8.53162E-03
 8.53988E-03
 8.54816E-03
 8.55644E-03
 8.56472E-03
 8.57298E-03
 8.58125E-03
 8.58950E-03
 8.59778E-03
 8.60605E-03
 8.61434E-03
 8.62261E-03
 8.63090E-03
 8.63918E-03
 8.64748E-03
 8.65577E-03
 8.66404E-03
 8.67230E-03
 8.68057E-03
 8.68885E-03
 8.69713E-03
 8.70554E-03
 8.71374E-03
 8.72191E-03
 8.73013E-03
 8.73831E-03
 8.74655E-03
 8.75473E-03
 8.76295E-03
 8.77114E-03
 8.77938E-03
 8.78758E-03
 8.79583E-03
 8.80405E-03
 8.81232E-03
 8.82055E-03
 8.82883E-03
 8.83708E-03
 8.84535E-03
 8.85358E-03
 8.86186E-03
 8.87010E-03
 8.87839E-03
 8.88665E-03
 8.89495E-03
 8.90323E-03
 8.91155E-03
 8.91983E-03
 8.92816E-03
 8.93644E-03
 8.94476E-03
 8.95304E-03
 8.96135E-03
 8.96961E-03
 8.97791E-03
 8.98617E-03
 8.99448E-03
 9.00276E-03
 9.01108E-03
 9.01936E-03
 9.02766E-03
 9.03594E-03
 9.04425E-03
 9.05254E-03
 9.06086E-03
 9.06916E-03
 9.07750E-03
 9.08581E-03
 9.09416E-03
 9.10247E-03
 9.11080E-03
 9.11911E-03
 9.12742E-03
 9.13569E-03
 9.14400E-03
 9.15229E-03
 9.16061E-03
 9.16891E-03
 9.17724E-03
 9.18554E-03
 9.19386E-03
 9.20215E-03
 9.21048E-03
 9.21878E-03
 9.22712E-03
 9.23544E-03
 9.24379E-03
 9.25211E-03
 9.26048E-03
 9.26879E-03
 9.27712E-03
 9.28540E-03
 9.29394E-03
 9.30209E-03
 9.31023E-03
 9.31842E-03
 9.32662E-03
 9.33485E-03
 9.34307E-03
 9.35131E-03
 9.35954E-03
 9.36782E-03
 9.37606E-03
 9.38433E-03
 9.39259E-03
 9.40089E-03
 9.40916E-03
 9.41743E-03
 9.42567E-03
 9.43394E-03
 9.44220E-03
 9.45050E-03
 9.45879E-03
 9.46711E-03
 9.47542E-03
 9.48377E-03
 9.49210E-03
 9.50045E-03
 9.50878E-03
 9.51712E-03
 9.52542E-03
 9.53377E-03
 9.54211E-03
 9.55048E-03
 9.55884E-03
 9.56723E-03
 9.57554E-03
 9.58389E-03
 9.59223E-03
 9.60060E-03
 9.60895E-03
 9.61729E-03
 9.62562E-03
 9.63398E-03
 9.64231E-03
 9.65066E-03
 9.65901E-03
 9.66738E-03
 9.67574E-03
 9.68414E-03
 9.69252E-03
 9.70093E-03
 9.70927E-03
 9.71763E-03
 9.72593E-03
 9.73427E-03
 9.74260E-03
 9.75095E-03
 9.75930E-03
 9.76768E-03
 9.77604E-03
 9.78443E-03
 9.79277E-03
 9.80112E-03
 9.80946E-03
 9.81783E-03
 9.82619E-03
 9.83458E-03
 9.84295E-03
 9.85134E-03
 9.85972E-03
 9.86808E-03
 9.87642E-03
 9.88474E-03
 9.89305E-03
 9.90138E-03
 9.90967E-03
 9.91798E-03
 9.92626E-03
 9.93457E-03
 9.94286E-03
 9.95117E-03
 9.95944E-03
 9.96771E-03
 9.97594E-03
 9.98422E-03
 9.99249E-03
 1.00008E-02
 1.00090E-02
 1.00173E-02
 1.00256E-02
 1.00339E-02
 1.00422E-02
 1.00505E-02
 1.00587E-02
 1.00670E-02
 1.00753E-02
 1.00837E-02
 1.00920E-02
 1.01003E-02
 1.01086E-02
 1.01170E-02
 1.01252E-02
 1.01335E-02
 1.01418E-02
 1.01500E-02
 1.01583E-02
 1.01666E-02
 1.01749E-02
 1.01832E-02
 1.01915E-02
 1.01998E-02
 1.02081E-02
 1.02164E-02
 1.02247E-02
 1.02330E-02
 1.02413E-02
 1.02496E-02
 1.02579E-02
 1.02662E-02
 1.02745E-02
 1.02828E-02
 1.02910E-02
 1.02993E-02
 1.03076E-02
 1.03159E-02
 1.03242E-02
 1.03325E-02
 1.03408E-02
 1.03491E-02
 1.03574E-02
 1.03657E-02
 1.03740E-02
 1.03822E-02
 1.03905E-02
 1.03988E-02
 1.04071E-02
 1.04154E-02
 1.04236E-02
 1.04319E-02
 1.04402E-02
 1.04485E-02
 1.04568E-02
 1.04651E-02
 1.04734E-02
 1.04817E-02
 1.04900E-02
 1.04983E-02
 1.05066E-02
 1.05149E-02
 1.05231E-02
 1.05314E-02
 1.05397E-02
 1.05480E-02
 1.05563E-02
 1.05646E-02
 1.05729E-02
 1.05812E-02
 1.05895E-02
 1.05978E-02
 1.06061E-02
 1.06144E-02
 1.06227E-02
 1.06309E-02
 1.06392E-02
 1.06475E-02
 1.06557E-02
 1.06640E-02
 1.06722E-02
 1.06805E-02
 1.06887E-02
 1.06970E-02
 1.07052E-02
 1.07135E-02
 1.07217E-02
 1.07300E-02
 1.07382E-02
 1.07464E-02
 1.07546E-02
 1.07628E-02
 1.07711E-02
 1.07793E-02
 1.07876E-02
 1.07958E-02
 1.08041E-02
 1.08123E-02
 1.08206E-02
 1.08289E-02
 1.08371E-02
 1.08454E-02
 1.08537E-02
 1.08619E-02
 1.08702E-02
 1.08784E-02
 1.08867E-02
 1.08950E-02
 1.09032E-02
 1.09115E-02
 1.09198E-02
 1.09281E-02
 1.09363E-02
 1.09446E-02
 1.09529E-02
 1.09611E-02
 1.09694E-02
 1.09776E-02
 1.09859E-02
 1.09941E-02
 1.10024E-02
 1.10107E-02
 1.10189E-02
 1.10272E-02
 1.10355E-02
 1.10437E-02
 1.10520E-02
 1.10603E-02
 1.10685E-02
 1.10768E-02
 1.10850E-02
 1.10933E-02
 1.11016E-02
 1.11098E-02
 1.11181E-02
 1.11264E-02
 1.11346E-02
 1.11429E-02
 1.11512E-02
 1.11597E-02
 1.11678E-02
 1.11760E-02
 1.11841E-02
 1.11922E-02
 1.12004E-02
 1.12086E-02
 1.12168E-02
 1.12250E-02
 1.12332E-02
 1.12414E-02
 1.12496E-02
 1.12578E-02
 1.12660E-02
 1.12742E-02
 1.12824E-02
 1.12906E-02
 1.12988E-02
 1.13070E-02
 1.13153E-02
 1.13235E-02
 1.13317E-02
 1.13399E-02
 1.13482E-02
 1.13564E-02
 1.13647E-02
 1.13729E-02
 1.13812E-02
 1.13894E-02
 1.13977E-02
 1.14059E-02
 1.14142E-02
 1.14225E-02
 1.14308E-02
 1.14391E-02
 1.14473E-02
 1.14555E-02
 1.14638E-02
 1.14720E-02
 1.14803E-02
 1.14886E-02
 1.14969E-02
 1.15051E-02
 1.15134E-02
 1.15217E-02
 1.15300E-02
 1.15382E-02
 1.15465E-02
 1.15548E-02
 1.15631E-02
 1.15714E-02
 1.15797E-02
 1.15880E-02
 1.15963E-02
 1.16046E-02
 1.16130E-02
 1.16212E-02
 1.16295E-02
 1.16378E-02
 1.16461E-02
 1.16544E-02
 1.16627E-02
 1.16710E-02
 1.16793E-02
 1.16875E-02
 1.16958E-02
 1.17041E-02
 1.17125E-02
 1.17208E-02
 1.17291E-02
 1.17374E-02
 1.17457E-02
 1.17540E-02
 1.17624E-02
 1.17707E-02
 1.17790E-02
 1.17873E-02
 1.17956E-02
 1.18039E-02
 1.18122E-02
 1.18205E-02
 1.18288E-02
 1.18371E-02
 1.18454E-02
 1.18537E-02
 1.18620E-02
 1.18704E-02
 1.18787E-02
 1.18870E-02
 1.18953E-02
 1.19037E-02
 1.19120E-02
 1.19203E-02
 1.19287E-02
 1.19369E-02
 1.19453E-02
 1.19536E-02
 1.19619E-02
 1.19702E-02
 1.19785E-02
 1.19868E-02
 1.19952E-02
 1.20035E-02
 1.20118E-02
 1.20201E-02
 1.20285E-02
 1.20368E-02
 1.20452E-02
 1.20535E-02
 1.20618E-02
 1.20702E-02
 1.20785E-02
 1.20868E-02
 1.20951E-02
 1.21034E-02
 1.21118E-02
 1.21201E-02
 1.21284E-02
 1.21369E-02
 1.21452E-02
 1.21533E-02
 1.21616E-02
 1.21698E-02
 1.21780E-02
 1.21862E-02
 1.21945E-02
 1.22028E-02
 1.22110E-02
 1.22192E-02
 1.22275E-02
 1.22358E-02
 1.22441E-02
 1.22523E-02
 1.22606E-02
 1.22689E-02
 1.22772E-02
 1.22855E-02
 1.22938E-02
 1.23021E-02
 1.23104E-02
 1.23187E-02
 1.23271E-02
 1.23353E-02
 1.23437E-02
 1.23520E-02
 1.23603E-02
 1.23686E-02
 1.23770E-02
 1.23852E-02
 1.23936E-02
 1.24019E-02
 1.24103E-02
 1.24187E-02
 1.24271E-02
 1.24354E-02
 1.24438E-02
 1.24521E-02
 1.24605E-02
 1.24688E-02
 1.24772E-02
 1.24855E-02
 1.24938E-02
 1.25021E-02
 1.25105E-02
 1.25188E-02
 1.25272E-02
 1.25356E-02
 1.25439E-02
 1.25523E-02
 1.25607E-02
 1.25691E-02
 1.25775E-02
 1.25858E-02
 1.25942E-02
 1.26026E-02
 1.26109E-02
 1.26192E-02
 1.26276E-02
 1.26359E-02
 1.26443E-02
 1.26526E-02
 1.26609E-02
 1.26692E-02
 1.26776E-02
 1.26859E-02
 1.26942E-02
 1.27025E-02
 1.27109E-02
 1.27192E-02
 1.27275E-02
 1.27358E-02
 1.27441E-02
 1.27524E-02
 1.27607E-02
 1.27690E-02
 1.27774E-02
 1.27857E-02
 1.27940E-02
 1.28023E-02
 1.28106E-02
 1.28189E-02
 1.28273E-02
 1.28356E-02
 1.28440E-02
 1.28523E-02
 1.28607E-02
 1.28690E-02
 1.28773E-02
 1.28857E-02
 1.28940E-02
 1.29023E-02
 1.29107E-02
 1.29190E-02
 1.29274E-02
 1.29357E-02
 1.29441E-02
 1.29524E-02
 1.29608E-02
 1.29691E-02
 1.29774E-02
 1.29857E-02
 1.29941E-02
 1.30024E-02
 1.30107E-02
 1.30190E-02
 1.30274E-02
 1.30357E-02
 1.30441E-02
 1.30524E-02
 1.30608E-02
 1.30691E-02
 1.30775E-02
 1.30858E-02
 1.30942E-02
 1.31025E-02
 1.31109E-02
 1.31191E-02
 1.31275E-02
 1.31358E-02
 1.31441E-02
 1.31524E-02
 1.31608E-02
 1.31691E-02
 1.31775E-02
 1.31858E-02
 1.31942E-02
 1.32025E-02
 1.32109E-02
 1.32192E-02
 1.32275E-02
 1.32358E-02
 1.32442E-02
 1.32525E-02
 1.32608E-02
 1.32691E-02
 1.32774E-02
 1.32857E-02
 1.32940E-02
 1.33022E-02
 1.33105E-02
 1.33188E-02
 1.33271E-02
 1.33354E-02
 1.33437E-02
 1.33520E-02
 1.33603E-02
 1.33686E-02
 1.33769E-02
 1.33852E-02
 1.33936E-02
 1.34022E-02
 1.34104E-02
 1.34185E-02
 1.34267E-02
 1.34348E-02
 1.34430E-02
 1.34512E-02
 1.34595E-02
 1.34676E-02
 1.34759E-02
 1.34841E-02
 1.34923E-02
 1.35006E-02
 1.35088E-02
 1.35171E-02
 1.35254E-02
 1.35336E-02
 1.35419E-02
 1.35501E-02
 1.35584E-02
 1.35666E-02
 1.35749E-02
 1.35831E-02
 1.35914E-02
 1.35997E-02
 1.36080E-02
 1.36162E-02
 1.36246E-02
 1.36329E-02
 1.36412E-02
 1.36495E-02
 1.36578E-02
 1.36660E-02
 1.36743E-02
 1.36825E-02
 1.36908E-02
 1.36991E-02
 1.37074E-02
 1.37157E-02
 1.37239E-02
 1.37322E-02
 1.37404E-02
 1.37486E-02
 1.37569E-02
 1.37650E-02
 1.37733E-02
 1.37815E-02
 1.37897E-02
 1.37979E-02
 1.38062E-02
 1.38144E-02
 1.38227E-02
 1.38310E-02
 1.38393E-02
 1.38475E-02
 1.38558E-02
 1.38641E-02
 1.38724E-02
 1.38806E-02
 1.38889E-02
 1.38972E-02
 1.39055E-02
 1.39137E-02
 1.39220E-02
 1.39302E-02
 1.39385E-02
 1.39468E-02
 1.39551E-02
 1.39633E-02
 1.39716E-02
 1.39798E-02
 1.39881E-02
 1.39963E-02
 1.40047E-02
 1.40129E-02
 1.40212E-02
 1.40295E-02
 1.40378E-02
 1.40461E-02
 1.40544E-02
 1.40626E-02
 1.40709E-02
 1.40791E-02
 1.40874E-02
 1.40957E-02
 1.41039E-02
 1.41122E-02
 1.41205E-02
 1.41287E-02
 1.41370E-02
 1.41453E-02
 1.41535E-02
 1.41618E-02
 1.41701E-02
 1.41784E-02
 1.41867E-02
 1.41949E-02
 1.42032E-02
 1.42115E-02
 1.42198E-02
 1.42281E-02
 1.42364E-02
 1.42446E-02
 1.42529E-02
 1.42611E-02
 1.42694E-02
 1.42777E-02
 1.42859E-02
 1.42942E-02
 1.43025E-02
 1.43108E-02
 1.43191E-02
 1.43273E-02
 1.43356E-02
 1.43439E-02
 1.43522E-02
 1.43605E-02
 1.43688E-02
 1.43771E-02
 1.43854E-02
 1.43936E-02
 1.44019E-02
 1.44101E-02
 1.44184E-02
 1.44267E-02
 1.44350E-02
 1.44432E-02
 1.44515E-02
 1.44598E-02
 1.44681E-02
 1.44764E-02
 1.44847E-02
 1.44929E-02
 1.45012E-02
 1.45095E-02
 1.45178E-02
 1.45261E-02
