 0.00000E+00
 8.75103E-06
 1.74064E-05
 2.60003E-05
 3.45555E-05
 4.30862E-05
 5.16013E-05
 6.01064E-05
 6.86050E-05
 7.70992E-05
 8.55905E-05
 9.40796E-05
 1.02567E-04
 1.11053E-04
 1.19539E-04
 1.28023E-04
 1.36506E-04
 1.44989E-04
 1.53470E-04
 1.61951E-04
 1.70431E-04
 1.78910E-04
 1.87388E-04
 1.95865E-04
 2.04372E-04
 2.12806E-04
 2.21200E-04
 2.29565E-04
 2.38031E-04
 2.46485E-04
 2.54719E-04
 2.62863E-04
 2.70929E-04
 2.79201E-04
 2.87464E-04
 2.95720E-04
 3.03969E-04
 3.12214E-04
 3.20454E-04
 3.28690E-04
 3.36923E-04
 3.45154E-04
 3.53382E-04
 3.61610E-04
 3.69836E-04
 3.78062E-04
 3.86287E-04
 3.94513E-04
 4.02740E-04
 4.10967E-04
 4.19196E-04
 4.27426E-04
 4.35658E-04
 4.43892E-04
 4.52128E-04
 4.60366E-04
 4.68607E-04
 4.76851E-04
 4.85097E-04
 4.93347E-04
 5.01600E-04
 5.09857E-04
 5.18117E-04
 5.26381E-04
 5.34648E-04
 5.42920E-04
 5.51195E-04
 5.59474E-04
 5.67757E-04
 5.76044E-04
 5.84336E-04
 5.92631E-04
 6.00931E-04
 6.09234E-04
 6.17542E-04
 6.25853E-04
 6.34169E-04
 6.42487E-04
 6.50809E-04
 6.59134E-04
 6.67462E-04
 6.75791E-04
 6.84121E-04
 6.92394E-04
 7.00506E-04
 7.08573E-04
 7.16874E-04
 7.25068E-04
 7.33463E-04
 7.41724E-04
 7.50167E-04
 7.58465E-04
 7.66931E-04
 7.75249E-04
 7.83727E-04
 7.92058E-04
 8.00541E-04
 8.08882E-04
 8.17367E-04
 8.25715E-04
 8.34201E-04
 8.42554E-04
 8.51040E-04
 8.59398E-04
 8.67884E-04
 8.76247E-04
 8.84733E-04
 8.93100E-04
 9.01585E-04
 9.09956E-04
 9.18440E-04
 9.26816E-04
 9.35299E-04
 9.43679E-04
 9.52161E-04
 9.60544E-04
 9.69026E-04
 9.77413E-04
 9.85893E-04
 9.94283E-04
 1.00276E-03
 1.01116E-03
 1.01964E-03
 1.02810E-03
 1.03658E-03
 1.04496E-03
 1.05338E-03
 1.06171E-03
 1.07010E-03
 1.07841E-03
 1.08698E-03
 1.09541E-03
 1.10385E-03
 1.11216E-03
 1.12044E-03
 1.12865E-03
 1.13686E-03
 1.14499E-03
 1.15311E-03
 1.16116E-03
 1.16944E-03
 1.17767E-03
 1.18594E-03
 1.19417E-03
 1.20243E-03
 1.21065E-03
 1.21890E-03
 1.22712E-03
 1.23537E-03
 1.24358E-03
 1.25182E-03
 1.26003E-03
 1.26827E-03
 1.27648E-03
 1.28471E-03
 1.29292E-03
 1.30115E-03
 1.30937E-03
 1.31759E-03
 1.32581E-03
 1.33403E-03
 1.34225E-03
 1.35047E-03
 1.35869E-03
 1.36691E-03
 1.37512E-03
 1.38335E-03
 1.39156E-03
 1.39978E-03
 1.40800E-03
 1.41622E-03
 1.42444E-03
 1.43266E-03
 1.44088E-03
 1.44911E-03
 1.45733E-03
 1.46555E-03
 1.47377E-03
 1.48200E-03
 1.49023E-03
 1.49846E-03
 1.50668E-03
 1.51491E-03
 1.52314E-03
 1.53138E-03
 1.53961E-03
 1.54784E-03
 1.55608E-03
 1.56432E-03
 1.57256E-03
 1.58080E-03
 1.58904E-03
 1.59728E-03
 1.60553E-03
 1.61378E-03
 1.62202E-03
 1.63028E-03
 1.63853E-03
 1.64678E-03
 1.65504E-03
 1.66330E-03
 1.67155E-03
 1.67982E-03
 1.68808E-03
 1.69634E-03
 1.70461E-03
 1.71288E-03
 1.72115E-03
 1.72943E-03
 1.73770E-03
 1.74598E-03
 1.75426E-03
 1.76254E-03
 1.77082E-03
 1.77911E-03
 1.78740E-03
 1.79569E-03
 1.80398E-03
 1.81227E-03
 1.82057E-03
 1.82887E-03
 1.83717E-03
 1.84547E-03
 1.85378E-03
 1.86208E-03
 1.87039E-03
 1.87870E-03
 1.88701E-03
 1.89533E-03
 1.90364E-03
 1.91196E-03
 1.92028E-03
 1.92860E-03
 1.93693E-03
 1.94525E-03
 1.95358E-03
 1.96190E-03
 1.97023E-03
 1.97856E-03
 1.98689E-03
 1.99522E-03
 2.00355E-03
 2.01188E-03
 2.02004E-03
 2.02817E-03
 2.03622E-03
 2.04445E-03
 2.05257E-03
 2.06088E-03
 2.06906E-03
 2.07741E-03
 2.08563E-03
 2.09402E-03
 2.10228E-03
 2.11069E-03
 2.11897E-03
 2.12741E-03
 2.13571E-03
 2.14416E-03
 2.15247E-03
 2.16093E-03
 2.16926E-03
 2.17772E-03
 2.18606E-03
 2.19453E-03
 2.20287E-03
 2.21135E-03
 2.21970E-03
 2.22817E-03
 2.23653E-03
 2.24501E-03
 2.25337E-03
 2.26185E-03
 2.27021E-03
 2.27869E-03
 2.28706E-03
 2.29554E-03
 2.30391E-03
 2.31239E-03
 2.32077E-03
 2.32925E-03
 2.33763E-03
 2.34611E-03
 2.35449E-03
 2.36297E-03
 2.37135E-03
 2.37983E-03
 2.38822E-03
 2.39670E-03
 2.40508E-03
 2.41358E-03
 2.42197E-03
 2.43044E-03
 2.43882E-03
 2.44727E-03
 2.45564E-03
 2.46409E-03
 2.47245E-03
 2.48088E-03
 2.48931E-03
 2.49780E-03
 2.50619E-03
 2.51464E-03
 2.52300E-03
 2.53144E-03
 2.53979E-03
 2.54817E-03
 2.55646E-03
 2.56479E-03
 2.57304E-03
 2.58133E-03
 2.58955E-03
 2.59789E-03
 2.60617E-03
 2.61450E-03
 2.62291E-03
 2.63135E-03
 2.63970E-03
 2.64808E-03
 2.65639E-03
 2.66472E-03
 2.67305E-03
 2.68131E-03
 2.68939E-03
 2.69763E-03
 2.70582E-03
 2.71403E-03
 2.72218E-03
 2.73036E-03
 2.73848E-03
 2.74663E-03
 2.75472E-03
 2.76298E-03
 2.77121E-03
 2.77946E-03
 2.78768E-03
 2.79593E-03
 2.80415E-03
 2.81240E-03
 2.82061E-03
 2.82886E-03
 2.83707E-03
 2.84531E-03
 2.85352E-03
 2.86176E-03
 2.86997E-03
 2.87821E-03
 2.88642E-03
 2.89466E-03
 2.90286E-03
 2.91110E-03
 2.91931E-03
 2.92754E-03
 2.93575E-03
 2.94398E-03
 2.95219E-03
 2.96042E-03
 2.96863E-03
 2.97685E-03
 2.98506E-03
 2.99329E-03
 3.00150E-03
 3.00973E-03
 3.01794E-03
 3.02617E-03
 3.03438E-03
 3.04261E-03
 3.05082E-03
 3.05905E-03
 3.06726E-03
 3.07549E-03
 3.08370E-03
 3.09193E-03
 3.10015E-03
 3.10838E-03
 3.11659E-03
 3.12482E-03
 3.13304E-03
 3.14127E-03
 3.14949E-03
 3.15773E-03
 3.16595E-03
 3.17418E-03
 3.18240E-03
 3.19064E-03
 3.19886E-03
 3.20710E-03
 3.21533E-03
 3.22357E-03
 3.23179E-03
 3.24003E-03
 3.24826E-03
 3.25651E-03
 3.26474E-03
 3.27298E-03
 3.28122E-03
 3.28946E-03
 3.29770E-03
 3.30594E-03
 3.31418E-03
 3.32243E-03
 3.33068E-03
 3.33893E-03
 3.34718E-03
 3.35543E-03
 3.36368E-03
 3.37193E-03
 3.38019E-03
 3.38844E-03
 3.39670E-03
 3.40496E-03
 3.41321E-03
 3.42147E-03
 3.42973E-03
 3.43800E-03
 3.44626E-03
 3.45453E-03
 3.46279E-03
 3.47106E-03
 3.47933E-03
 3.48760E-03
 3.49587E-03
 3.50414E-03
 3.51241E-03
 3.52069E-03
 3.52896E-03
 3.53724E-03
 3.54552E-03
 3.55380E-03
 3.56208E-03
 3.57036E-03
 3.57864E-03
 3.58693E-03
 3.59521E-03
 3.60350E-03
 3.61179E-03
 3.62008E-03
 3.62837E-03
 3.63666E-03
 3.64495E-03
 3.65324E-03
 3.66153E-03
 3.66983E-03
 3.67812E-03
 3.68635E-03
 3.69453E-03
 3.70271E-03
 3.71095E-03
 3.71916E-03
 3.72743E-03
 3.73566E-03
 3.74396E-03
 3.75220E-03
 3.76051E-03
 3.76877E-03
 3.77710E-03
 3.78537E-03
 3.79370E-03
 3.80199E-03
 3.81033E-03
 3.81862E-03
 3.82697E-03
 3.83527E-03
 3.84363E-03
 3.85193E-03
 3.86029E-03
 3.86860E-03
 3.87697E-03
 3.88528E-03
 3.89365E-03
 3.90196E-03
 3.91034E-03
 3.91866E-03
 3.92703E-03
 3.93536E-03
 3.94373E-03
 3.95206E-03
 3.96044E-03
 3.96877E-03
 3.97715E-03
 3.98548E-03
 3.99387E-03
 4.00220E-03
 4.01059E-03
 4.01892E-03
 4.02731E-03
 4.03565E-03
 4.04403E-03
 4.05238E-03
 4.06076E-03
 4.06911E-03
 4.07749E-03
 4.08584E-03
 4.09423E-03
 4.10257E-03
 4.11096E-03
 4.11931E-03
 4.12770E-03
 4.13605E-03
 4.14444E-03
 4.15279E-03
 4.16107E-03
 4.16928E-03
 4.17749E-03
 4.18574E-03
 4.19398E-03
 4.20227E-03
 4.21054E-03
 4.21885E-03
 4.22714E-03
 4.23548E-03
 4.24379E-03
 4.25214E-03
 4.26047E-03
 4.26884E-03
 4.27718E-03
 4.28557E-03
 4.29392E-03
 4.30231E-03
 4.31067E-03
 4.31908E-03
 4.32745E-03
 4.33586E-03
 4.34424E-03
 4.35267E-03
 4.36106E-03
 4.36947E-03
 4.37784E-03
 4.38625E-03
 4.39461E-03
 4.40301E-03
 4.41136E-03
 4.41975E-03
 4.42810E-03
 4.43648E-03
 4.44482E-03
 4.45331E-03
 4.46175E-03
 4.47020E-03
 4.47859E-03
 4.48700E-03
 4.49535E-03
 4.50379E-03
 4.51208E-03
 4.52030E-03
 4.52859E-03
 4.53690E-03
 4.54516E-03
 4.55345E-03
 4.56168E-03
 4.56995E-03
 4.57816E-03
 4.58639E-03
 4.59458E-03
 4.60293E-03
 4.61124E-03
 4.61958E-03
 4.62789E-03
 4.63623E-03
 4.64454E-03
 4.65288E-03
 4.66118E-03
 4.66952E-03
 4.67782E-03
 4.68616E-03
 4.69446E-03
 4.70280E-03
 4.71110E-03
 4.71943E-03
 4.72773E-03
 4.73607E-03
 4.74437E-03
 4.75270E-03
 4.76100E-03
 4.76933E-03
 4.77762E-03
 4.78595E-03
 4.79425E-03
 4.80258E-03
 4.81088E-03
 4.81921E-03
 4.82750E-03
 4.83583E-03
 4.84413E-03
 4.85245E-03
 4.86075E-03
 4.86909E-03
 4.87739E-03
 4.88572E-03
 4.89401E-03
 4.90232E-03
 4.91060E-03
 4.91890E-03
 4.92717E-03
 4.93547E-03
 4.94373E-03
 4.95202E-03
 4.96028E-03
 4.96857E-03
 4.97682E-03
 4.98510E-03
 4.99345E-03
 5.00181E-03
 5.01013E-03
 5.01846E-03
 5.02675E-03
 5.03506E-03
 5.04334E-03
 5.05162E-03
 5.05988E-03
 5.06817E-03
 5.07638E-03
 5.08454E-03
 5.09276E-03
 5.10098E-03
 5.10918E-03
 5.11739E-03
 5.12558E-03
 5.13378E-03
 5.14195E-03
 5.15013E-03
 5.15829E-03
 5.16645E-03
 5.17460E-03
 5.18275E-03
 5.19098E-03
 5.19923E-03
 5.20746E-03
 5.21570E-03
 5.22393E-03
 5.23218E-03
 5.24041E-03
 5.24865E-03
 5.25688E-03
 5.26512E-03
 5.27335E-03
 5.28159E-03
 5.28982E-03
 5.29807E-03
 5.30629E-03
 5.31454E-03
 5.32277E-03
 5.33101E-03
 5.33924E-03
 5.34748E-03
 5.35571E-03
 5.36395E-03
 5.37218E-03
 5.38043E-03
 5.38866E-03
 5.39690E-03
 5.40513E-03
 5.41338E-03
 5.42161E-03
 5.42986E-03
 5.43809E-03
 5.44634E-03
 5.45457E-03
 5.46282E-03
 5.47105E-03
 5.47930E-03
 5.48753E-03
 5.49578E-03
 5.50402E-03
 5.51227E-03
 5.52051E-03
 5.52875E-03
 5.53699E-03
 5.54524E-03
 5.55349E-03
 5.56174E-03
 5.56998E-03
 5.57823E-03
 5.58647E-03
 5.59473E-03
 5.60297E-03
 5.61123E-03
 5.61947E-03
 5.62773E-03
 5.63598E-03
 5.64423E-03
 5.65248E-03
 5.66074E-03
 5.66899E-03
 5.67725E-03
 5.68550E-03
 5.69376E-03
 5.70202E-03
 5.71028E-03
 5.71853E-03
 5.72680E-03
 5.73505E-03
 5.74332E-03
 5.75158E-03
 5.75984E-03
 5.76811E-03
 5.77637E-03
 5.78463E-03
 5.79290E-03
 5.80117E-03
 5.80944E-03
 5.81770E-03
 5.82598E-03
 5.83424E-03
 5.84252E-03
 5.85079E-03
 5.85906E-03
 5.86733E-03
 5.87561E-03
 5.88388E-03
 5.89216E-03
 5.90043E-03
 5.90871E-03
 5.91699E-03
 5.92527E-03
 5.93354E-03
 5.94183E-03
 5.95010E-03
 5.95839E-03
 5.96667E-03
 5.97495E-03
 5.98323E-03
 5.99152E-03
 5.99980E-03
 6.00809E-03
 6.01637E-03
 6.02466E-03
 6.03295E-03
 6.04124E-03
 6.04952E-03
 6.05781E-03
 6.06610E-03
 6.07439E-03
 6.08261E-03
 6.09076E-03
 6.09886E-03
 6.10705E-03
 6.11518E-03
 6.12341E-03
 6.13157E-03
 6.13982E-03
 6.14800E-03
 6.15627E-03
 6.16447E-03
 6.17276E-03
 6.18097E-03
 6.18928E-03
 6.19751E-03
 6.20583E-03
 6.21407E-03
 6.22240E-03
 6.23066E-03
 6.23900E-03
 6.24726E-03
 6.25561E-03
 6.26388E-03
 6.27223E-03
 6.28051E-03
 6.28887E-03
 6.29715E-03
 6.30552E-03
 6.31381E-03
 6.32218E-03
 6.33047E-03
 6.33884E-03
 6.34714E-03
 6.35552E-03
 6.36382E-03
 6.37220E-03
 6.38050E-03
 6.38889E-03
 6.39720E-03
 6.40558E-03
 6.41389E-03
 6.42228E-03
 6.43059E-03
 6.43898E-03
 6.44730E-03
 6.45569E-03
 6.46401E-03
 6.47240E-03
 6.48072E-03
 6.48911E-03
 6.49744E-03
 6.50583E-03
 6.51415E-03
 6.52255E-03
 6.53088E-03
 6.53926E-03
 6.54759E-03
 6.55599E-03
 6.56432E-03
 6.57272E-03
 6.58105E-03
 6.58945E-03
 6.59778E-03
 6.60618E-03
 6.61452E-03
 6.62292E-03
 6.63126E-03
 6.63966E-03
 6.64800E-03
 6.65640E-03
 6.66474E-03
 6.67314E-03
 6.68149E-03
 6.68990E-03
 6.69824E-03
 6.70664E-03
 6.71498E-03
 6.72336E-03
 6.73170E-03
 6.74009E-03
 6.74842E-03
 6.75680E-03
 6.76514E-03
 6.77351E-03
 6.78184E-03
 6.79028E-03
 6.79866E-03
 6.80707E-03
 6.81544E-03
 6.82384E-03
 6.83219E-03
 6.84057E-03
 6.84891E-03
 6.85731E-03
 6.86563E-03
 6.87395E-03
 6.88226E-03
 6.89061E-03
 6.89892E-03
 6.90726E-03
 6.91556E-03
 6.92391E-03
 6.93220E-03
 6.94053E-03
 6.94881E-03
 6.95712E-03
 6.96538E-03
 6.97373E-03
 6.98205E-03
 6.99039E-03
 6.99870E-03
 7.00703E-03
 7.01534E-03
 7.02367E-03
 7.03197E-03
 7.04030E-03
 7.04859E-03
 7.05692E-03
 7.06521E-03
 7.07353E-03
 7.08190E-03
 7.09029E-03
 7.09864E-03
 7.10702E-03
 7.11535E-03
 7.12371E-03
 7.13203E-03
 7.14037E-03
 7.14867E-03
 7.15700E-03
 7.16529E-03
 7.17365E-03
 7.18193E-03
 7.19020E-03
 7.19841E-03
 7.20663E-03
 7.21478E-03
 7.22292E-03
 7.23108E-03
 7.23922E-03
 7.24739E-03
 7.25553E-03
 7.26370E-03
 7.27184E-03
 7.28001E-03
 7.28815E-03
 7.29632E-03
 7.30445E-03
 7.31262E-03
 7.32075E-03
 7.32901E-03
 7.33723E-03
 7.34549E-03
 7.35372E-03
 7.36199E-03
 7.37023E-03
 7.37849E-03
 7.38674E-03
 7.39501E-03
 7.40325E-03
 7.41153E-03
 7.41978E-03
 7.42806E-03
 7.43630E-03
 7.44459E-03
 7.45284E-03
 7.46112E-03
 7.46938E-03
 7.47766E-03
 7.48592E-03
 7.49421E-03
 7.50246E-03
 7.51075E-03
 7.51901E-03
 7.52730E-03
 7.53556E-03
 7.54386E-03
 7.55212E-03
 7.56041E-03
 7.56867E-03
 7.57697E-03
 7.58523E-03
 7.59353E-03
 7.60179E-03
 7.61009E-03
 7.61835E-03
 7.62665E-03
 7.63491E-03
 7.64321E-03
 7.65148E-03
 7.65978E-03
 7.66804E-03
 7.67634E-03
 7.68461E-03
 7.69291E-03
 7.70118E-03
 7.70948E-03
 7.71775E-03
 7.72605E-03
 7.73432E-03
 7.74262E-03
 7.75089E-03
 7.75920E-03
 7.76747E-03
 7.77577E-03
 7.78404E-03
 7.79235E-03
 7.80062E-03
 7.80892E-03
 7.81720E-03
 7.82550E-03
 7.83378E-03
 7.84208E-03
 7.85036E-03
 7.85867E-03
 7.86694E-03
 7.87525E-03
 7.88353E-03
 7.89183E-03
 7.90011E-03
 7.90842E-03
 7.91670E-03
 7.92501E-03
 7.93329E-03
 7.94160E-03
 7.94988E-03
 7.95819E-03
 7.96647E-03
 7.97478E-03
 7.98307E-03
 7.99138E-03
 7.99966E-03
 8.00798E-03
 8.01626E-03
 8.02457E-03
 8.03286E-03
 8.04118E-03
 8.04946E-03
 8.05778E-03
 8.06607E-03
 8.07438E-03
 8.08267E-03
 8.09099E-03
 8.09930E-03
 8.10763E-03
 8.11592E-03
 8.12424E-03
 8.13253E-03
 8.14084E-03
 8.14913E-03
 8.15743E-03
 8.16572E-03
 8.17402E-03
 8.18230E-03
 8.19060E-03
 8.19887E-03
 8.20717E-03
 8.21545E-03
 8.22374E-03
 8.23201E-03
 8.24030E-03
 8.24857E-03
 8.25686E-03
 8.26521E-03
 8.27357E-03
 8.28190E-03
 8.29024E-03
 8.29856E-03
 8.30689E-03
 8.31519E-03
 8.32351E-03
 8.33180E-03
 8.34011E-03
 8.34839E-03
 8.35668E-03
 8.36498E-03
 8.37327E-03
 8.38150E-03
 8.38971E-03
 8.39796E-03
 8.40622E-03
 8.41447E-03
 8.42272E-03
 8.43095E-03
 8.43920E-03
 8.44743E-03
 8.45566E-03
 8.46388E-03
 8.47211E-03
 8.48033E-03
 8.48855E-03
 8.49676E-03
 8.50497E-03
 8.51317E-03
 8.52138E-03
 8.52965E-03
 8.53793E-03
 8.54619E-03
 8.55447E-03
 8.56274E-03
 8.57102E-03
 8.57929E-03
 8.58757E-03
 8.59584E-03
 8.60412E-03
 8.61239E-03
 8.62067E-03
 8.62894E-03
 8.63722E-03
 8.64549E-03
 8.65377E-03
 8.66204E-03
 8.67032E-03
 8.67859E-03
 8.68687E-03
 8.69514E-03
 8.70342E-03
 8.71169E-03
 8.71997E-03
 8.72818E-03
 8.73638E-03
 8.74460E-03
 8.75281E-03
 8.76105E-03
 8.76927E-03
 8.77752E-03
 8.78575E-03
 8.79400E-03
 8.80224E-03
 8.81050E-03
 8.81875E-03
 8.82702E-03
 8.83527E-03
 8.84355E-03
 8.85181E-03
 8.86009E-03
 8.86835E-03
 8.87664E-03
 8.88490E-03
 8.89320E-03
 8.90147E-03
 8.90976E-03
 8.91803E-03
 8.92633E-03
 8.93461E-03
 8.94291E-03
 8.95119E-03
 8.95950E-03
 8.96778E-03
 8.97608E-03
 8.98437E-03
 8.99268E-03
 9.00096E-03
 9.00927E-03
 9.01756E-03
 9.02587E-03
 9.03416E-03
 9.04248E-03
 9.05077E-03
 9.05909E-03
 9.06738E-03
 9.07570E-03
 9.08399E-03
 9.09231E-03
 9.10060E-03
 9.10892E-03
 9.11722E-03
 9.12554E-03
 9.13384E-03
 9.14216E-03
 9.15046E-03
 9.15878E-03
 9.16708E-03
 9.17541E-03
 9.18371E-03
 9.19203E-03
 9.20033E-03
 9.20866E-03
 9.21696E-03
 9.22529E-03
 9.23359E-03
 9.24192E-03
 9.25022E-03
 9.25855E-03
 9.26685E-03
 9.27518E-03
 9.28348E-03
 9.29181E-03
 9.30011E-03
 9.30843E-03
 9.31662E-03
 9.32481E-03
 9.33303E-03
 9.34123E-03
 9.34947E-03
 9.35769E-03
 9.36594E-03
 9.37418E-03
 9.38245E-03
 9.39069E-03
 9.39898E-03
 9.40724E-03
 9.41553E-03
 9.42380E-03
 9.43211E-03
 9.44038E-03
 9.44870E-03
 9.45699E-03
 9.46531E-03
 9.47360E-03
 9.48193E-03
 9.49023E-03
 9.49857E-03
 9.50687E-03
 9.51522E-03
 9.52353E-03
 9.53187E-03
 9.54019E-03
 9.54854E-03
 9.55686E-03
 9.56521E-03
 9.57354E-03
 9.58190E-03
 9.59022E-03
 9.59858E-03
 9.60691E-03
 9.61528E-03
 9.62361E-03
 9.63198E-03
 9.64031E-03
 9.64868E-03
 9.65705E-03
 9.66543E-03
 9.67377E-03
 9.68215E-03
 9.69048E-03
 9.69885E-03
 9.70717E-03
 9.71553E-03
 9.72386E-03
 9.73221E-03
 9.74053E-03
 9.74888E-03
 9.75719E-03
 9.76554E-03
 9.77385E-03
 9.78219E-03
 9.79050E-03
 9.79894E-03
 9.80732E-03
 9.81573E-03
 9.82410E-03
 9.83249E-03
 9.84084E-03
 9.84921E-03
 9.85754E-03
 9.86589E-03
 9.87420E-03
 9.88256E-03
 9.89085E-03
 9.89911E-03
 9.90739E-03
 9.91569E-03
 9.92396E-03
 9.93224E-03
 9.94050E-03
 9.94877E-03
 9.95701E-03
 9.96528E-03
 9.97351E-03
 9.98176E-03
 9.98997E-03
 9.99821E-03
 1.00064E-02
 1.00147E-02
 1.00229E-02
 1.00313E-02
 1.00395E-02
 1.00479E-02
 1.00561E-02
 1.00645E-02
 1.00728E-02
 1.00811E-02
 1.00894E-02
 1.00977E-02
 1.01060E-02
 1.01143E-02
 1.01226E-02
 1.01309E-02
 1.01392E-02
 1.01475E-02
 1.01558E-02
 1.01641E-02
 1.01723E-02
 1.01807E-02
 1.01889E-02
 1.01973E-02
 1.02055E-02
 1.02139E-02
 1.02221E-02
 1.02304E-02
 1.02387E-02
 1.02470E-02
 1.02553E-02
 1.02636E-02
 1.02719E-02
 1.02802E-02
 1.02885E-02
 1.02968E-02
 1.03051E-02
 1.03134E-02
 1.03217E-02
 1.03301E-02
 1.03383E-02
 1.03466E-02
 1.03549E-02
 1.03632E-02
 1.03715E-02
 1.03798E-02
 1.03881E-02
 1.03964E-02
 1.04047E-02
 1.04129E-02
 1.04212E-02
 1.04295E-02
 1.04378E-02
 1.04461E-02
 1.04543E-02
 1.04626E-02
 1.04709E-02
 1.04792E-02
 1.04874E-02
 1.04957E-02
 1.05040E-02
 1.05124E-02
 1.05207E-02
 1.05290E-02
 1.05373E-02
 1.05456E-02
 1.05539E-02
 1.05622E-02
 1.05705E-02
 1.05788E-02
 1.05871E-02
 1.05954E-02
 1.06036E-02
 1.06120E-02
 1.06202E-02
 1.06285E-02
 1.06367E-02
 1.06449E-02
 1.06532E-02
 1.06614E-02
 1.06696E-02
 1.06779E-02
 1.06861E-02
 1.06944E-02
 1.07026E-02
 1.07108E-02
 1.07190E-02
 1.07273E-02
 1.07355E-02
 1.07437E-02
 1.07519E-02
 1.07601E-02
 1.07683E-02
 1.07765E-02
 1.07847E-02
 1.07929E-02
 1.08011E-02
 1.08094E-02
 1.08176E-02
 1.08259E-02
 1.08342E-02
 1.08424E-02
 1.08507E-02
 1.08589E-02
 1.08672E-02
 1.08755E-02
 1.08837E-02
 1.08920E-02
 1.09002E-02
 1.09085E-02
 1.09168E-02
 1.09250E-02
 1.09333E-02
 1.09415E-02
 1.09498E-02
 1.09581E-02
 1.09663E-02
 1.09746E-02
 1.09829E-02
 1.09911E-02
 1.09994E-02
 1.10076E-02
 1.10159E-02
 1.10242E-02
 1.10324E-02
 1.10407E-02
 1.10490E-02
 1.10572E-02
 1.10655E-02
 1.10737E-02
 1.10820E-02
 1.10903E-02
 1.10985E-02
 1.11068E-02
 1.11151E-02
 1.11233E-02
 1.11316E-02
 1.11399E-02
 1.11481E-02
 1.11564E-02
 1.11647E-02
 1.11729E-02
 1.11812E-02
 1.11894E-02
 1.11975E-02
 1.12057E-02
 1.12139E-02
 1.12221E-02
 1.12303E-02
 1.12385E-02
 1.12467E-02
 1.12549E-02
 1.12631E-02
 1.12713E-02
 1.12795E-02
 1.12878E-02
 1.12960E-02
 1.13042E-02
 1.13124E-02
 1.13207E-02
 1.13289E-02
 1.13372E-02
 1.13454E-02
 1.13537E-02
 1.13619E-02
 1.13702E-02
 1.13784E-02
 1.13867E-02
 1.13949E-02
 1.14032E-02
 1.14114E-02
 1.14197E-02
 1.14279E-02
 1.14362E-02
 1.14445E-02
 1.14528E-02
 1.14610E-02
 1.14693E-02
 1.14775E-02
 1.14858E-02
 1.14941E-02
 1.15024E-02
 1.15106E-02
 1.15189E-02
 1.15272E-02
 1.15355E-02
 1.15438E-02
 1.15521E-02
 1.15603E-02
 1.15686E-02
 1.15769E-02
 1.15852E-02
 1.15935E-02
 1.16018E-02
 1.16101E-02
 1.16184E-02
 1.16266E-02
 1.16350E-02
 1.16432E-02
 1.16515E-02
 1.16598E-02
 1.16681E-02
 1.16764E-02
 1.16847E-02
 1.16930E-02
 1.17013E-02
 1.17096E-02
 1.17179E-02
 1.17262E-02
 1.17345E-02
 1.17428E-02
 1.17511E-02
 1.17594E-02
 1.17677E-02
 1.17760E-02
 1.17844E-02
 1.17926E-02
 1.18010E-02
 1.18093E-02
 1.18176E-02
 1.18259E-02
 1.18342E-02
 1.18425E-02
 1.18508E-02
 1.18591E-02
 1.18674E-02
 1.18757E-02
 1.18841E-02
 1.18924E-02
 1.19007E-02
 1.19090E-02
 1.19173E-02
 1.19256E-02
 1.19340E-02
 1.19423E-02
 1.19506E-02
 1.19589E-02
 1.19672E-02
 1.19755E-02
 1.19839E-02
 1.19922E-02
 1.20005E-02
 1.20088E-02
 1.20172E-02
 1.20255E-02
 1.20338E-02
 1.20421E-02
 1.20504E-02
 1.20588E-02
 1.20671E-02
 1.20754E-02
 1.20837E-02
 1.20921E-02
 1.21004E-02
 1.21087E-02
 1.21170E-02
 1.21254E-02
 1.21337E-02
 1.21420E-02
 1.21503E-02
 1.21585E-02
 1.21667E-02
 1.21750E-02
 1.21832E-02
 1.21914E-02
 1.21997E-02
 1.22079E-02
 1.22162E-02
 1.22245E-02
 1.22327E-02
 1.22410E-02
 1.22493E-02
 1.22576E-02
 1.22659E-02
 1.22742E-02
 1.22825E-02
 1.22908E-02
 1.22991E-02
 1.23074E-02
 1.23157E-02
 1.23241E-02
 1.23324E-02
 1.23407E-02
 1.23490E-02
 1.23573E-02
 1.23656E-02
 1.23740E-02
 1.23823E-02
 1.23906E-02
 1.23989E-02
 1.24073E-02
 1.24156E-02
 1.24239E-02
 1.24322E-02
 1.24406E-02
 1.24489E-02
 1.24572E-02
 1.24655E-02
 1.24739E-02
 1.24823E-02
 1.24907E-02
 1.24990E-02
 1.25074E-02
 1.25158E-02
 1.25242E-02
 1.25325E-02
 1.25409E-02
 1.25493E-02
 1.25576E-02
 1.25660E-02
 1.25743E-02
 1.25827E-02
 1.25910E-02
 1.25994E-02
 1.26078E-02
 1.26161E-02
 1.26244E-02
 1.26327E-02
 1.26410E-02
 1.26493E-02
 1.26576E-02
 1.26659E-02
 1.26743E-02
 1.26826E-02
 1.26909E-02
 1.26992E-02
 1.27075E-02
 1.27158E-02
 1.27241E-02
 1.27324E-02
 1.27407E-02
 1.27490E-02
 1.27573E-02
 1.27656E-02
 1.27739E-02
 1.27821E-02
 1.27905E-02
 1.27987E-02
 1.28070E-02
 1.28153E-02
 1.28237E-02
 1.28320E-02
 1.28404E-02
 1.28487E-02
 1.28570E-02
 1.28654E-02
 1.28737E-02
 1.28820E-02
 1.28904E-02
 1.28987E-02
 1.29071E-02
 1.29154E-02
 1.29237E-02
 1.29321E-02
 1.29404E-02
 1.29488E-02
 1.29571E-02
 1.29654E-02
 1.29738E-02
 1.29821E-02
 1.29905E-02
 1.29988E-02
 1.30071E-02
 1.30155E-02
 1.30238E-02
 1.30321E-02
 1.30405E-02
 1.30488E-02
 1.30571E-02
 1.30654E-02
 1.30738E-02
 1.30821E-02
 1.30904E-02
 1.30987E-02
 1.31071E-02
 1.31154E-02
 1.31238E-02
 1.31321E-02
 1.31405E-02
 1.31488E-02
 1.31572E-02
 1.31655E-02
 1.31738E-02
 1.31822E-02
 1.31905E-02
 1.31988E-02
 1.32071E-02
 1.32154E-02
 1.32237E-02
 1.32320E-02
 1.32403E-02
 1.32486E-02
 1.32569E-02
 1.32652E-02
 1.32735E-02
 1.32818E-02
 1.32901E-02
 1.32984E-02
 1.33067E-02
 1.33149E-02
 1.33232E-02
 1.33315E-02
 1.33398E-02
 1.33481E-02
 1.33564E-02
 1.33647E-02
 1.33730E-02
 1.33813E-02
 1.33896E-02
 1.33979E-02
 1.34062E-02
 1.34145E-02
 1.34228E-02
 1.34311E-02
 1.34393E-02
 1.34475E-02
 1.34557E-02
 1.34639E-02
 1.34721E-02
 1.34803E-02
 1.34886E-02
 1.34968E-02
 1.35050E-02
 1.35132E-02
 1.35215E-02
 1.35297E-02
 1.35380E-02
 1.35462E-02
 1.35545E-02
 1.35628E-02
 1.35711E-02
 1.35794E-02
 1.35877E-02
 1.35960E-02
 1.36043E-02
 1.36126E-02
 1.36209E-02
 1.36291E-02
 1.36374E-02
 1.36457E-02
 1.36540E-02
 1.36623E-02
 1.36705E-02
 1.36787E-02
 1.36869E-02
 1.36952E-02
 1.37034E-02
 1.37116E-02
 1.37199E-02
 1.37281E-02
 1.37364E-02
 1.37446E-02
 1.37528E-02
 1.37610E-02
 1.37693E-02
 1.37775E-02
 1.37857E-02
 1.37939E-02
 1.38021E-02
 1.38103E-02
 1.38185E-02
 1.38267E-02
 1.38350E-02
 1.38432E-02
 1.38515E-02
 1.38598E-02
 1.38681E-02
 1.38763E-02
 1.38846E-02
 1.38928E-02
 1.39011E-02
 1.39094E-02
 1.39177E-02
 1.39259E-02
 1.39342E-02
 1.39425E-02
 1.39507E-02
 1.39590E-02
 1.39673E-02
 1.39755E-02
 1.39838E-02
 1.39921E-02
 1.40004E-02
 1.40086E-02
 1.40169E-02
 1.40251E-02
 1.40334E-02
 1.40417E-02
 1.40500E-02
 1.40582E-02
 1.40665E-02
 1.40748E-02
 1.40831E-02
 1.40913E-02
 1.40996E-02
 1.41078E-02
 1.41161E-02
 1.41244E-02
 1.41327E-02
 1.41409E-02
 1.41492E-02
 1.41575E-02
 1.41658E-02
 1.41740E-02
 1.41823E-02
 1.41905E-02
 1.41988E-02
 1.42071E-02
 1.42154E-02
 1.42236E-02
 1.42319E-02
 1.42402E-02
 1.42485E-02
 1.42567E-02
 1.42650E-02
 1.42733E-02
 1.42816E-02
 1.42898E-02
 1.42981E-02
 1.43064E-02
 1.43146E-02
 1.43229E-02
 1.43312E-02
 1.43394E-02
 1.43477E-02
 1.43560E-02
 1.43643E-02
 1.43725E-02
 1.43808E-02
 1.43891E-02
 1.43974E-02
 1.44056E-02
 1.44139E-02
 1.44222E-02
 1.44305E-02
 1.44387E-02
 1.44470E-02
 1.44553E-02
 1.44636E-02
 1.44718E-02
 1.44801E-02
 1.44884E-02
 1.44967E-02
 1.45050E-02
 1.45132E-02
 1.45215E-02
