 0.00000E+00
 7.72804E-06
 1.58014E-05
 2.40525E-05
 3.23379E-05
 4.07612E-05
 4.91672E-05
 5.76051E-05
 6.61146E-05
 7.45350E-05
 8.30330E-05
 9.15018E-05
 9.99702E-05
 1.08484E-04
 1.16926E-04
 1.25437E-04
 1.33889E-04
 1.42375E-04
 1.50853E-04
 1.59320E-04
 1.67814E-04
 1.76266E-04
 1.84770E-04
 1.93210E-04
 2.01695E-04
 2.10091E-04
 2.18534E-04
 2.26905E-04
 2.35335E-04
 2.43718E-04
 2.52023E-04
 2.60138E-04
 2.68368E-04
 2.76613E-04
 2.84893E-04
 2.93131E-04
 3.01389E-04
 3.09629E-04
 3.17868E-04
 3.26114E-04
 3.34337E-04
 3.42584E-04
 3.50804E-04
 3.59036E-04
 3.67276E-04
 3.75495E-04
 3.83732E-04
 3.91967E-04
 4.00194E-04
 4.08433E-04
 4.16676E-04
 4.24908E-04
 4.33151E-04
 4.41402E-04
 4.49649E-04
 4.57897E-04
 4.66152E-04
 4.74383E-04
 4.82619E-04
 4.90851E-04
 4.99087E-04
 5.07330E-04
 5.15578E-04
 5.23831E-04
 5.32081E-04
 5.40334E-04
 5.48612E-04
 5.56873E-04
 5.65159E-04
 5.73432E-04
 5.81723E-04
 5.90011E-04
 5.98308E-04
 6.06612E-04
 6.14913E-04
 6.23231E-04
 6.31541E-04
 6.39861E-04
 6.48190E-04
 6.56514E-04
 6.64846E-04
 6.73182E-04
 6.81518E-04
 6.89795E-04
 6.97946E-04
 7.06058E-04
 7.14387E-04
 7.22525E-04
 7.30873E-04
 7.39140E-04
 7.47598E-04
 7.55956E-04
 7.64480E-04
 7.72746E-04
 7.81186E-04
 7.89530E-04
 7.98044E-04
 8.06465E-04
 8.14886E-04
 8.23208E-04
 8.31689E-04
 8.40087E-04
 8.48634E-04
 8.56938E-04
 8.65389E-04
 8.73767E-04
 8.82287E-04
 8.90696E-04
 8.99123E-04
 9.07484E-04
 9.15978E-04
 9.24411E-04
 9.32875E-04
 9.41226E-04
 9.49700E-04
 9.58120E-04
 9.66639E-04
 9.74983E-04
 9.83442E-04
 9.91854E-04
 1.00038E-03
 1.00875E-03
 1.01719E-03
 1.02558E-03
 1.03407E-03
 1.04243E-03
 1.05083E-03
 1.05920E-03
 1.06766E-03
 1.07603E-03
 1.08441E-03
 1.09277E-03
 1.10122E-03
 1.10959E-03
 1.11794E-03
 1.12621E-03
 1.13448E-03
 1.14263E-03
 1.15075E-03
 1.15891E-03
 1.16716E-03
 1.17539E-03
 1.18363E-03
 1.19187E-03
 1.20017E-03
 1.20838E-03
 1.21662E-03
 1.22486E-03
 1.23314E-03
 1.24133E-03
 1.24958E-03
 1.25782E-03
 1.26606E-03
 1.27426E-03
 1.28251E-03
 1.29076E-03
 1.29897E-03
 1.30719E-03
 1.31544E-03
 1.32364E-03
 1.33186E-03
 1.34008E-03
 1.34832E-03
 1.35651E-03
 1.36475E-03
 1.37298E-03
 1.38118E-03
 1.38940E-03
 1.39765E-03
 1.40585E-03
 1.41408E-03
 1.42232E-03
 1.43050E-03
 1.43871E-03
 1.44695E-03
 1.45513E-03
 1.46335E-03
 1.47158E-03
 1.47978E-03
 1.48800E-03
 1.49623E-03
 1.50444E-03
 1.51267E-03
 1.52089E-03
 1.52911E-03
 1.53735E-03
 1.54557E-03
 1.55380E-03
 1.56204E-03
 1.57027E-03
 1.57852E-03
 1.58674E-03
 1.59499E-03
 1.60323E-03
 1.61148E-03
 1.61974E-03
 1.62797E-03
 1.63623E-03
 1.64448E-03
 1.65274E-03
 1.66100E-03
 1.66926E-03
 1.67753E-03
 1.68579E-03
 1.69407E-03
 1.70231E-03
 1.71058E-03
 1.71885E-03
 1.72715E-03
 1.73540E-03
 1.74366E-03
 1.75195E-03
 1.76025E-03
 1.76851E-03
 1.77679E-03
 1.78508E-03
 1.79339E-03
 1.80166E-03
 1.80996E-03
 1.81826E-03
 1.82657E-03
 1.83486E-03
 1.84317E-03
 1.85149E-03
 1.85979E-03
 1.86810E-03
 1.87642E-03
 1.88474E-03
 1.89305E-03
 1.90138E-03
 1.90969E-03
 1.91799E-03
 1.92631E-03
 1.93463E-03
 1.94294E-03
 1.95126E-03
 1.95958E-03
 1.96790E-03
 1.97622E-03
 1.98455E-03
 1.99287E-03
 2.00120E-03
 2.00955E-03
 2.01763E-03
 2.02565E-03
 2.03384E-03
 2.04194E-03
 2.05020E-03
 2.05834E-03
 2.06665E-03
 2.07485E-03
 2.08323E-03
 2.09150E-03
 2.09995E-03
 2.10824E-03
 2.11666E-03
 2.12493E-03
 2.13335E-03
 2.14165E-03
 2.15012E-03
 2.15848E-03
 2.16699E-03
 2.17540E-03
 2.18384E-03
 2.19214E-03
 2.20058E-03
 2.20893E-03
 2.21741E-03
 2.22581E-03
 2.23433E-03
 2.24271E-03
 2.25117E-03
 2.25951E-03
 2.26797E-03
 2.27635E-03
 2.28485E-03
 2.29322E-03
 2.30172E-03
 2.31014E-03
 2.31860E-03
 2.32697E-03
 2.33544E-03
 2.34380E-03
 2.35228E-03
 2.36069E-03
 2.36922E-03
 2.37765E-03
 2.38608E-03
 2.39444E-03
 2.40289E-03
 2.41129E-03
 2.41979E-03
 2.42821E-03
 2.43670E-03
 2.44504E-03
 2.45347E-03
 2.46186E-03
 2.47034E-03
 2.47873E-03
 2.48720E-03
 2.49562E-03
 2.50405E-03
 2.51243E-03
 2.52086E-03
 2.52921E-03
 2.53763E-03
 2.54598E-03
 2.55439E-03
 2.56264E-03
 2.57093E-03
 2.57920E-03
 2.58755E-03
 2.59589E-03
 2.60428E-03
 2.61261E-03
 2.62095E-03
 2.62925E-03
 2.63763E-03
 2.64595E-03
 2.65432E-03
 2.66266E-03
 2.67100E-03
 2.67928E-03
 2.68757E-03
 2.69580E-03
 2.70407E-03
 2.71229E-03
 2.72052E-03
 2.72864E-03
 2.73682E-03
 2.74500E-03
 2.75324E-03
 2.76145E-03
 2.76970E-03
 2.77790E-03
 2.78614E-03
 2.79435E-03
 2.80259E-03
 2.81082E-03
 2.81909E-03
 2.82731E-03
 2.83551E-03
 2.84372E-03
 2.85196E-03
 2.86020E-03
 2.86845E-03
 2.87664E-03
 2.88486E-03
 2.89308E-03
 2.90131E-03
 2.90953E-03
 2.91779E-03
 2.92599E-03
 2.93419E-03
 2.94240E-03
 2.95064E-03
 2.95888E-03
 2.96711E-03
 2.97530E-03
 2.98353E-03
 2.99175E-03
 2.99998E-03
 3.00822E-03
 3.01645E-03
 3.02464E-03
 3.03286E-03
 3.04108E-03
 3.04932E-03
 3.05753E-03
 3.06573E-03
 3.07394E-03
 3.08216E-03
 3.09038E-03
 3.09863E-03
 3.10682E-03
 3.11504E-03
 3.12326E-03
 3.13150E-03
 3.13973E-03
 3.14794E-03
 3.15616E-03
 3.16438E-03
 3.17261E-03
 3.18087E-03
 3.18907E-03
 3.19730E-03
 3.20553E-03
 3.21377E-03
 3.22202E-03
 3.23024E-03
 3.23847E-03
 3.24671E-03
 3.25496E-03
 3.26320E-03
 3.27143E-03
 3.27967E-03
 3.28791E-03
 3.29617E-03
 3.30440E-03
 3.31266E-03
 3.32091E-03
 3.32916E-03
 3.33739E-03
 3.34562E-03
 3.35386E-03
 3.36212E-03
 3.37037E-03
 3.37860E-03
 3.38684E-03
 3.39510E-03
 3.40336E-03
 3.41160E-03
 3.41984E-03
 3.42810E-03
 3.43638E-03
 3.44463E-03
 3.45288E-03
 3.46114E-03
 3.46941E-03
 3.47768E-03
 3.48593E-03
 3.49420E-03
 3.50248E-03
 3.51076E-03
 3.51902E-03
 3.52729E-03
 3.53558E-03
 3.54386E-03
 3.55213E-03
 3.56041E-03
 3.56870E-03
 3.57698E-03
 3.58526E-03
 3.59355E-03
 3.60184E-03
 3.61013E-03
 3.61842E-03
 3.62672E-03
 3.63500E-03
 3.64328E-03
 3.65157E-03
 3.65987E-03
 3.66831E-03
 3.67651E-03
 3.68468E-03
 3.69290E-03
 3.70108E-03
 3.70933E-03
 3.71756E-03
 3.72586E-03
 3.73412E-03
 3.74245E-03
 3.75069E-03
 3.75895E-03
 3.76718E-03
 3.77548E-03
 3.78374E-03
 3.79208E-03
 3.80034E-03
 3.80867E-03
 3.81696E-03
 3.82532E-03
 3.83364E-03
 3.84202E-03
 3.85034E-03
 3.85872E-03
 3.86704E-03
 3.87537E-03
 3.88367E-03
 3.89203E-03
 3.90032E-03
 3.90868E-03
 3.91700E-03
 3.92538E-03
 3.93372E-03
 3.94211E-03
 3.95045E-03
 3.95885E-03
 3.96721E-03
 3.97556E-03
 3.98387E-03
 3.99223E-03
 4.00055E-03
 4.00893E-03
 4.01727E-03
 4.02566E-03
 4.03401E-03
 4.04241E-03
 4.05078E-03
 4.05920E-03
 4.06754E-03
 4.07589E-03
 4.08422E-03
 4.09260E-03
 4.10094E-03
 4.10933E-03
 4.11768E-03
 4.12608E-03
 4.13444E-03
 4.14306E-03
 4.15125E-03
 4.15942E-03
 4.16763E-03
 4.17582E-03
 4.18407E-03
 4.19231E-03
 4.20061E-03
 4.20889E-03
 4.21724E-03
 4.22557E-03
 4.23396E-03
 4.24228E-03
 4.25059E-03
 4.25887E-03
 4.26722E-03
 4.27554E-03
 4.28392E-03
 4.29228E-03
 4.30070E-03
 4.30908E-03
 4.31747E-03
 4.32584E-03
 4.33426E-03
 4.34266E-03
 4.35111E-03
 4.35954E-03
 4.36797E-03
 4.37632E-03
 4.38469E-03
 4.39304E-03
 4.40144E-03
 4.40983E-03
 4.41827E-03
 4.42668E-03
 4.43515E-03
 4.44353E-03
 4.45197E-03
 4.46038E-03
 4.46879E-03
 4.47716E-03
 4.48558E-03
 4.49398E-03
 4.50237E-03
 4.51071E-03
 4.51908E-03
 4.52742E-03
 4.53578E-03
 4.54410E-03
 4.55246E-03
 4.56067E-03
 4.56892E-03
 4.57715E-03
 4.58544E-03
 4.59373E-03
 4.60208E-03
 4.61041E-03
 4.61874E-03
 4.62705E-03
 4.63541E-03
 4.64375E-03
 4.65210E-03
 4.66040E-03
 4.66873E-03
 4.67700E-03
 4.68532E-03
 4.69363E-03
 4.70198E-03
 4.71032E-03
 4.71870E-03
 4.72700E-03
 4.73534E-03
 4.74361E-03
 4.75193E-03
 4.76023E-03
 4.76858E-03
 4.77688E-03
 4.78519E-03
 4.79349E-03
 4.80183E-03
 4.81016E-03
 4.81852E-03
 4.82679E-03
 4.83507E-03
 4.84334E-03
 4.85165E-03
 4.85995E-03
 4.86828E-03
 4.87657E-03
 4.88488E-03
 4.89318E-03
 4.90150E-03
 4.90976E-03
 4.91807E-03
 4.92632E-03
 4.93461E-03
 4.94289E-03
 4.95120E-03
 4.95951E-03
 4.96784E-03
 4.97614E-03
 4.98443E-03
 4.99269E-03
 5.00100E-03
 5.00929E-03
 5.01758E-03
 5.02585E-03
 5.03416E-03
 5.04246E-03
 5.05079E-03
 5.05908E-03
 5.06734E-03
 5.07558E-03
 5.08384E-03
 5.09209E-03
 5.10034E-03
 5.10856E-03
 5.11678E-03
 5.12500E-03
 5.13323E-03
 5.14139E-03
 5.14955E-03
 5.15773E-03
 5.16593E-03
 5.17415E-03
 5.18237E-03
 5.19059E-03
 5.19883E-03
 5.20709E-03
 5.21533E-03
 5.22355E-03
 5.23178E-03
 5.24001E-03
 5.24826E-03
 5.25652E-03
 5.26476E-03
 5.27301E-03
 5.28128E-03
 5.28951E-03
 5.29774E-03
 5.30596E-03
 5.31421E-03
 5.32245E-03
 5.33072E-03
 5.33895E-03
 5.34721E-03
 5.35544E-03
 5.36368E-03
 5.37190E-03
 5.38013E-03
 5.38837E-03
 5.39663E-03
 5.40488E-03
 5.41313E-03
 5.42138E-03
 5.42962E-03
 5.43784E-03
 5.44607E-03
 5.45430E-03
 5.46255E-03
 5.47079E-03
 5.47904E-03
 5.48730E-03
 5.49553E-03
 5.50376E-03
 5.51199E-03
 5.52023E-03
 5.52849E-03
 5.53672E-03
 5.54497E-03
 5.55322E-03
 5.56145E-03
 5.56969E-03
 5.57793E-03
 5.58618E-03
 5.59442E-03
 5.60265E-03
 5.61090E-03
 5.61914E-03
 5.62738E-03
 5.63562E-03
 5.64388E-03
 5.65212E-03
 5.66036E-03
 5.66861E-03
 5.67687E-03
 5.68511E-03
 5.69337E-03
 5.70162E-03
 5.70986E-03
 5.71811E-03
 5.72637E-03
 5.73464E-03
 5.74290E-03
 5.75116E-03
 5.75941E-03
 5.76765E-03
 5.77591E-03
 5.78418E-03
 5.79246E-03
 5.80074E-03
 5.80899E-03
 5.81724E-03
 5.82551E-03
 5.83377E-03
 5.84206E-03
 5.85035E-03
 5.85862E-03
 5.86687E-03
 5.87514E-03
 5.88341E-03
 5.89170E-03
 5.89998E-03
 5.90827E-03
 5.91654E-03
 5.92481E-03
 5.93309E-03
 5.94138E-03
 5.94966E-03
 5.95795E-03
 5.96624E-03
 5.97451E-03
 5.98279E-03
 5.99106E-03
 5.99934E-03
 6.00763E-03
 6.01593E-03
 6.02422E-03
 6.03249E-03
 6.04077E-03
 6.04906E-03
 6.05735E-03
 6.06588E-03
 6.07400E-03
 6.08204E-03
 6.09021E-03
 6.09832E-03
 6.10652E-03
 6.11467E-03
 6.12291E-03
 6.13108E-03
 6.13934E-03
 6.14754E-03
 6.15583E-03
 6.16402E-03
 6.17231E-03
 6.18051E-03
 6.18880E-03
 6.19703E-03
 6.20536E-03
 6.21360E-03
 6.22192E-03
 6.23015E-03
 6.23848E-03
 6.24675E-03
 6.25512E-03
 6.26342E-03
 6.27180E-03
 6.28011E-03
 6.28851E-03
 6.29684E-03
 6.30525E-03
 6.31353E-03
 6.32186E-03
 6.33014E-03
 6.33849E-03
 6.34679E-03
 6.35518E-03
 6.36349E-03
 6.37188E-03
 6.38021E-03
 6.38863E-03
 6.39698E-03
 6.40537E-03
 6.41370E-03
 6.42210E-03
 6.43040E-03
 6.43876E-03
 6.44707E-03
 6.45543E-03
 6.46375E-03
 6.47213E-03
 6.48045E-03
 6.48882E-03
 6.49715E-03
 6.50554E-03
 6.51389E-03
 6.52231E-03
 6.53068E-03
 6.53909E-03
 6.54741E-03
 6.55579E-03
 6.56409E-03
 6.57246E-03
 6.58078E-03
 6.58917E-03
 6.59752E-03
 6.60593E-03
 6.61429E-03
 6.62269E-03
 6.63106E-03
 6.63946E-03
 6.64782E-03
 6.65620E-03
 6.66453E-03
 6.67291E-03
 6.68126E-03
 6.68964E-03
 6.69798E-03
 6.70638E-03
 6.71471E-03
 6.72309E-03
 6.73145E-03
 6.73985E-03
 6.74823E-03
 6.75666E-03
 6.76501E-03
 6.77339E-03
 6.78172E-03
 6.79009E-03
 6.79843E-03
 6.80682E-03
 6.81517E-03
 6.82358E-03
 6.83194E-03
 6.84035E-03
 6.84873E-03
 6.85712E-03
 6.86548E-03
 6.87384E-03
 6.88216E-03
 6.89051E-03
 6.89881E-03
 6.90715E-03
 6.91546E-03
 6.92378E-03
 6.93207E-03
 6.94040E-03
 6.94872E-03
 6.95708E-03
 6.96540E-03
 6.97375E-03
 6.98205E-03
 6.99038E-03
 6.99869E-03
 7.00703E-03
 7.01536E-03
 7.02370E-03
 7.03203E-03
 7.04040E-03
 7.04874E-03
 7.05710E-03
 7.06543E-03
 7.07377E-03
 7.08206E-03
 7.09039E-03
 7.09871E-03
 7.10705E-03
 7.11537E-03
 7.12370E-03
 7.13202E-03
 7.14036E-03
 7.14869E-03
 7.15704E-03
 7.16538E-03
 7.17371E-03
 7.18228E-03
 7.19045E-03
 7.19855E-03
 7.20672E-03
 7.21486E-03
 7.22307E-03
 7.23123E-03
 7.23944E-03
 7.24758E-03
 7.25580E-03
 7.26391E-03
 7.27207E-03
 7.28019E-03
 7.28838E-03
 7.29652E-03
 7.30473E-03
 7.31290E-03
 7.32115E-03
 7.32935E-03
 7.33763E-03
 7.34585E-03
 7.35410E-03
 7.36230E-03
 7.37058E-03
 7.37880E-03
 7.38710E-03
 7.39535E-03
 7.40367E-03
 7.41193E-03
 7.42025E-03
 7.42850E-03
 7.43681E-03
 7.44504E-03
 7.45333E-03
 7.46156E-03
 7.46985E-03
 7.47809E-03
 7.48640E-03
 7.49465E-03
 7.50294E-03
 7.51118E-03
 7.51947E-03
 7.52772E-03
 7.53604E-03
 7.54431E-03
 7.55265E-03
 7.56095E-03
 7.56926E-03
 7.57749E-03
 7.58577E-03
 7.59401E-03
 7.60230E-03
 7.61056E-03
 7.61886E-03
 7.62713E-03
 7.63542E-03
 7.64368E-03
 7.65199E-03
 7.66025E-03
 7.66857E-03
 7.67685E-03
 7.68519E-03
 7.69350E-03
 7.70180E-03
 7.71003E-03
 7.71831E-03
 7.72656E-03
 7.73486E-03
 7.74313E-03
 7.75145E-03
 7.75973E-03
 7.76802E-03
 7.77629E-03
 7.78461E-03
 7.79290E-03
 7.80123E-03
 7.80953E-03
 7.81787E-03
 7.82612E-03
 7.83441E-03
 7.84266E-03
 7.85096E-03
 7.85923E-03
 7.86755E-03
 7.87584E-03
 7.88416E-03
 7.89243E-03
 7.90075E-03
 7.90904E-03
 7.91739E-03
 7.92569E-03
 7.93402E-03
 7.94229E-03
 7.95057E-03
 7.95883E-03
 7.96712E-03
 7.97539E-03
 7.98371E-03
 7.99200E-03
 8.00032E-03
 8.00859E-03
 8.01691E-03
 8.02521E-03
 8.03354E-03
 8.04185E-03
 8.05015E-03
 8.05841E-03
 8.06670E-03
 8.07497E-03
 8.08327E-03
 8.09155E-03
 8.09986E-03
 8.10815E-03
 8.11646E-03
 8.12475E-03
 8.13308E-03
 8.14139E-03
 8.14972E-03
 8.15798E-03
 8.16626E-03
 8.17452E-03
 8.18282E-03
 8.19111E-03
 8.19943E-03
 8.20774E-03
 8.21605E-03
 8.22433E-03
 8.23265E-03
 8.24096E-03
 8.24930E-03
 8.25761E-03
 8.26591E-03
 8.27420E-03
 8.28250E-03
 8.29079E-03
 8.29910E-03
 8.30741E-03
 8.31572E-03
 8.32402E-03
 8.33235E-03
 8.34066E-03
 8.34900E-03
 8.35731E-03
 8.36560E-03
 8.37387E-03
 8.38216E-03
 8.39044E-03
 8.39874E-03
 8.40700E-03
 8.41527E-03
 8.42352E-03
 8.43180E-03
 8.44006E-03
 8.44833E-03
 8.45658E-03
 8.46479E-03
 8.47301E-03
 8.48125E-03
 8.48949E-03
 8.49773E-03
 8.50598E-03
 8.51424E-03
 8.52250E-03
 8.53078E-03
 8.53904E-03
 8.54732E-03
 8.55560E-03
 8.56388E-03
 8.57214E-03
 8.58040E-03
 8.58865E-03
 8.59691E-03
 8.60518E-03
 8.61346E-03
 8.62174E-03
 8.63003E-03
 8.63833E-03
 8.64664E-03
 8.65494E-03
 8.66319E-03
 8.67144E-03
 8.67971E-03
 8.68798E-03
 8.69626E-03
 8.70467E-03
 8.71288E-03
 8.72106E-03
 8.72929E-03
 8.73748E-03
 8.74571E-03
 8.75387E-03
 8.76209E-03
 8.77028E-03
 8.77852E-03
 8.78673E-03
 8.79499E-03
 8.80322E-03
 8.81148E-03
 8.81971E-03
 8.82798E-03
 8.83623E-03
 8.84449E-03
 8.85273E-03
 8.86101E-03
 8.86927E-03
 8.87756E-03
 8.88581E-03
 8.89411E-03
 8.90238E-03
 8.91069E-03
 8.91899E-03
 8.92732E-03
 8.93560E-03
 8.94393E-03
 8.95220E-03
 8.96050E-03
 8.96876E-03
 8.97706E-03
 8.98533E-03
 8.99364E-03
 9.00193E-03
 9.01025E-03
 9.01852E-03
 9.02682E-03
 9.03509E-03
 9.04341E-03
 9.05170E-03
 9.06003E-03
 9.06834E-03
 9.07667E-03
 9.08498E-03
 9.09333E-03
 9.10164E-03
 9.10997E-03
 9.11828E-03
 9.12659E-03
 9.13486E-03
 9.14317E-03
 9.15145E-03
 9.15978E-03
 9.16808E-03
 9.17642E-03
 9.18471E-03
 9.19303E-03
 9.20132E-03
 9.20965E-03
 9.21796E-03
 9.22630E-03
 9.23462E-03
 9.24297E-03
 9.25130E-03
 9.25966E-03
 9.26798E-03
 9.27630E-03
 9.28458E-03
 9.29311E-03
 9.30127E-03
 9.30942E-03
 9.31761E-03
 9.32581E-03
 9.33405E-03
 9.34227E-03
 9.35051E-03
 9.35874E-03
 9.36702E-03
 9.37526E-03
 9.38353E-03
 9.39179E-03
 9.40010E-03
 9.40836E-03
 9.41663E-03
 9.42487E-03
 9.43314E-03
 9.44140E-03
 9.44970E-03
 9.45799E-03
 9.46631E-03
 9.47462E-03
 9.48297E-03
 9.49130E-03
 9.49965E-03
 9.50799E-03
 9.51632E-03
 9.52463E-03
 9.53298E-03
 9.54132E-03
 9.54969E-03
 9.55805E-03
 9.56643E-03
 9.57475E-03
 9.58310E-03
 9.59144E-03
 9.59981E-03
 9.60816E-03
 9.61651E-03
 9.62483E-03
 9.63319E-03
 9.64152E-03
 9.64988E-03
 9.65822E-03
 9.66660E-03
 9.67496E-03
 9.68336E-03
 9.69174E-03
 9.70015E-03
 9.70849E-03
 9.71685E-03
 9.72516E-03
 9.73350E-03
 9.74182E-03
 9.75018E-03
 9.75853E-03
 9.76692E-03
 9.77528E-03
 9.78367E-03
 9.79201E-03
 9.80037E-03
 9.80871E-03
 9.81709E-03
 9.82545E-03
 9.83384E-03
 9.84221E-03
 9.85061E-03
 9.85898E-03
 9.86735E-03
 9.87568E-03
 9.88401E-03
 9.89231E-03
 9.90064E-03
 9.90893E-03
 9.91724E-03
 9.92553E-03
 9.93384E-03
 9.94212E-03
 9.95043E-03
 9.95870E-03
 9.96697E-03
 9.97521E-03
 9.98348E-03
 9.99175E-03
 1.00000E-02
 1.00083E-02
 1.00166E-02
 1.00248E-02
 1.00332E-02
 1.00414E-02
 1.00497E-02
 1.00580E-02
 1.00663E-02
 1.00746E-02
 1.00829E-02
 1.00912E-02
 1.00996E-02
 1.01079E-02
 1.01162E-02
 1.01245E-02
 1.01328E-02
 1.01410E-02
 1.01493E-02
 1.01576E-02
 1.01659E-02
 1.01742E-02
 1.01825E-02
 1.01908E-02
 1.01991E-02
 1.02074E-02
 1.02157E-02
 1.02239E-02
 1.02323E-02
 1.02406E-02
 1.02489E-02
 1.02572E-02
 1.02655E-02
 1.02737E-02
 1.02820E-02
 1.02903E-02
 1.02986E-02
 1.03069E-02
 1.03152E-02
 1.03235E-02
 1.03318E-02
 1.03401E-02
 1.03484E-02
 1.03566E-02
 1.03649E-02
 1.03732E-02
 1.03815E-02
 1.03898E-02
 1.03981E-02
 1.04064E-02
 1.04147E-02
 1.04229E-02
 1.04312E-02
 1.04395E-02
 1.04478E-02
 1.04561E-02
 1.04644E-02
 1.04727E-02
 1.04810E-02
 1.04893E-02
 1.04976E-02
 1.05059E-02
 1.05142E-02
 1.05224E-02
 1.05307E-02
 1.05390E-02
 1.05473E-02
 1.05556E-02
 1.05639E-02
 1.05722E-02
 1.05805E-02
 1.05888E-02
 1.05971E-02
 1.06054E-02
 1.06137E-02
 1.06220E-02
 1.06302E-02
 1.06385E-02
 1.06468E-02
 1.06550E-02
 1.06633E-02
 1.06716E-02
 1.06798E-02
 1.06881E-02
 1.06963E-02
 1.07045E-02
 1.07128E-02
 1.07210E-02
 1.07293E-02
 1.07375E-02
 1.07457E-02
 1.07539E-02
 1.07621E-02
 1.07704E-02
 1.07786E-02
 1.07869E-02
 1.07951E-02
 1.08034E-02
 1.08116E-02
 1.08199E-02
 1.08282E-02
 1.08364E-02
 1.08447E-02
 1.08530E-02
 1.08612E-02
 1.08695E-02
 1.08777E-02
 1.08860E-02
 1.08943E-02
 1.09026E-02
 1.09108E-02
 1.09191E-02
 1.09274E-02
 1.09356E-02
 1.09439E-02
 1.09522E-02
 1.09604E-02
 1.09687E-02
 1.09769E-02
 1.09852E-02
 1.09934E-02
 1.10017E-02
 1.10100E-02
 1.10183E-02
 1.10265E-02
 1.10348E-02
 1.10431E-02
 1.10513E-02
 1.10596E-02
 1.10679E-02
 1.10761E-02
 1.10844E-02
 1.10926E-02
 1.11009E-02
 1.11092E-02
 1.11174E-02
 1.11257E-02
 1.11340E-02
 1.11422E-02
 1.11505E-02
 1.11590E-02
 1.11672E-02
 1.11753E-02
 1.11834E-02
 1.11916E-02
 1.11998E-02
 1.12079E-02
 1.12161E-02
 1.12243E-02
 1.12325E-02
 1.12407E-02
 1.12489E-02
 1.12571E-02
 1.12653E-02
 1.12735E-02
 1.12817E-02
 1.12899E-02
 1.12981E-02
 1.13064E-02
 1.13146E-02
 1.13228E-02
 1.13311E-02
 1.13393E-02
 1.13476E-02
 1.13558E-02
 1.13640E-02
 1.13722E-02
 1.13805E-02
 1.13887E-02
 1.13970E-02
 1.14053E-02
 1.14135E-02
 1.14218E-02
 1.14301E-02
 1.14384E-02
 1.14467E-02
 1.14549E-02
 1.14631E-02
 1.14714E-02
 1.14796E-02
 1.14879E-02
 1.14962E-02
 1.15045E-02
 1.15128E-02
 1.15210E-02
 1.15293E-02
 1.15376E-02
 1.15459E-02
 1.15541E-02
 1.15624E-02
 1.15707E-02
 1.15791E-02
 1.15874E-02
 1.15957E-02
 1.16040E-02
 1.16123E-02
 1.16206E-02
 1.16288E-02
 1.16371E-02
 1.16454E-02
 1.16537E-02
 1.16620E-02
 1.16703E-02
 1.16786E-02
 1.16869E-02
 1.16952E-02
 1.17035E-02
 1.17118E-02
 1.17201E-02
 1.17284E-02
 1.17367E-02
 1.17451E-02
 1.17534E-02
 1.17617E-02
 1.17700E-02
 1.17783E-02
 1.17866E-02
 1.17949E-02
 1.18032E-02
 1.18116E-02
 1.18199E-02
 1.18282E-02
 1.18364E-02
 1.18448E-02
 1.18531E-02
 1.18614E-02
 1.18697E-02
 1.18781E-02
 1.18864E-02
 1.18947E-02
 1.19030E-02
 1.19114E-02
 1.19197E-02
 1.19280E-02
 1.19363E-02
 1.19446E-02
 1.19529E-02
 1.19612E-02
 1.19695E-02
 1.19779E-02
 1.19862E-02
 1.19945E-02
 1.20028E-02
 1.20112E-02
 1.20195E-02
 1.20278E-02
 1.20362E-02
 1.20445E-02
 1.20529E-02
 1.20612E-02
 1.20695E-02
 1.20779E-02
 1.20862E-02
 1.20945E-02
 1.21028E-02
 1.21111E-02
 1.21195E-02
 1.21281E-02
 1.21363E-02
 1.21445E-02
 1.21527E-02
 1.21609E-02
 1.21691E-02
 1.21774E-02
 1.21856E-02
 1.21939E-02
 1.22022E-02
 1.22104E-02
 1.22186E-02
 1.22269E-02
 1.22351E-02
 1.22434E-02
 1.22517E-02
 1.22600E-02
 1.22683E-02
 1.22766E-02
 1.22849E-02
 1.22932E-02
 1.23015E-02
 1.23098E-02
 1.23181E-02
 1.23264E-02
 1.23347E-02
 1.23430E-02
 1.23514E-02
 1.23596E-02
 1.23680E-02
 1.23763E-02
 1.23846E-02
 1.23930E-02
 1.24013E-02
 1.24097E-02
 1.24181E-02
 1.24265E-02
 1.24348E-02
 1.24432E-02
 1.24515E-02
 1.24598E-02
 1.24682E-02
 1.24765E-02
 1.24849E-02
 1.24932E-02
 1.25015E-02
 1.25099E-02
 1.25182E-02
 1.25266E-02
 1.25349E-02
 1.25433E-02
 1.25517E-02
 1.25601E-02
 1.25685E-02
 1.25768E-02
 1.25852E-02
 1.25936E-02
 1.26020E-02
 1.26103E-02
 1.26187E-02
 1.26270E-02
 1.26353E-02
 1.26436E-02
 1.26520E-02
 1.26603E-02
 1.26686E-02
 1.26770E-02
 1.26853E-02
 1.26936E-02
 1.27019E-02
 1.27102E-02
 1.27186E-02
 1.27269E-02
 1.27352E-02
 1.27435E-02
 1.27518E-02
 1.27601E-02
 1.27685E-02
 1.27768E-02
 1.27851E-02
 1.27934E-02
 1.28017E-02
 1.28100E-02
 1.28184E-02
 1.28267E-02
 1.28350E-02
 1.28434E-02
 1.28517E-02
 1.28601E-02
 1.28684E-02
 1.28767E-02
 1.28851E-02
 1.28934E-02
 1.29018E-02
 1.29101E-02
 1.29185E-02
 1.29268E-02
 1.29352E-02
 1.29435E-02
 1.29519E-02
 1.29602E-02
 1.29685E-02
 1.29768E-02
 1.29852E-02
 1.29935E-02
 1.30018E-02
 1.30101E-02
 1.30185E-02
 1.30268E-02
 1.30351E-02
 1.30435E-02
 1.30518E-02
 1.30602E-02
 1.30685E-02
 1.30769E-02
 1.30853E-02
 1.30936E-02
 1.31020E-02
 1.31103E-02
 1.31186E-02
 1.31269E-02
 1.31352E-02
 1.31436E-02
 1.31519E-02
 1.31602E-02
 1.31686E-02
 1.31769E-02
 1.31853E-02
 1.31936E-02
 1.32020E-02
 1.32103E-02
 1.32186E-02
 1.32269E-02
 1.32353E-02
 1.32436E-02
 1.32519E-02
 1.32602E-02
 1.32685E-02
 1.32768E-02
 1.32851E-02
 1.32934E-02
 1.33017E-02
 1.33100E-02
 1.33183E-02
 1.33266E-02
 1.33349E-02
 1.33431E-02
 1.33514E-02
 1.33597E-02
 1.33681E-02
 1.33764E-02
 1.33847E-02
 1.33930E-02
 1.34016E-02
 1.34098E-02
 1.34180E-02
 1.34261E-02
 1.34343E-02
 1.34425E-02
 1.34507E-02
 1.34589E-02
 1.34671E-02
 1.34754E-02
 1.34836E-02
 1.34918E-02
 1.35000E-02
 1.35083E-02
 1.35166E-02
 1.35248E-02
 1.35331E-02
 1.35414E-02
 1.35496E-02
 1.35579E-02
 1.35661E-02
 1.35744E-02
 1.35826E-02
 1.35909E-02
 1.35992E-02
 1.36075E-02
 1.36158E-02
 1.36241E-02
 1.36324E-02
 1.36407E-02
 1.36490E-02
 1.36572E-02
 1.36655E-02
 1.36738E-02
 1.36821E-02
 1.36903E-02
 1.36986E-02
 1.37069E-02
 1.37152E-02
 1.37234E-02
 1.37317E-02
 1.37399E-02
 1.37481E-02
 1.37564E-02
 1.37645E-02
 1.37728E-02
 1.37810E-02
 1.37892E-02
 1.37975E-02
 1.38057E-02
 1.38140E-02
 1.38222E-02
 1.38305E-02
 1.38388E-02
 1.38471E-02
 1.38554E-02
 1.38636E-02
 1.38719E-02
 1.38802E-02
 1.38885E-02
 1.38967E-02
 1.39050E-02
 1.39132E-02
 1.39215E-02
 1.39298E-02
 1.39380E-02
 1.39463E-02
 1.39546E-02
 1.39628E-02
 1.39711E-02
 1.39793E-02
 1.39876E-02
 1.39959E-02
 1.40042E-02
 1.40125E-02
 1.40208E-02
 1.40290E-02
 1.40373E-02
 1.40456E-02
 1.40539E-02
 1.40622E-02
 1.40704E-02
 1.40787E-02
 1.40869E-02
 1.40952E-02
 1.41035E-02
 1.41117E-02
 1.41200E-02
 1.41283E-02
 1.41366E-02
 1.41448E-02
 1.41531E-02
 1.41613E-02
 1.41696E-02
 1.41779E-02
 1.41862E-02
 1.41945E-02
 1.42028E-02
 1.42111E-02
 1.42194E-02
 1.42276E-02
 1.42359E-02
 1.42441E-02
 1.42524E-02
 1.42607E-02
 1.42689E-02
 1.42772E-02
 1.42855E-02
 1.42938E-02
 1.43021E-02
 1.43103E-02
 1.43186E-02
 1.43269E-02
 1.43352E-02
 1.43434E-02
 1.43518E-02
 1.43601E-02
 1.43684E-02
 1.43766E-02
 1.43849E-02
 1.43932E-02
 1.44014E-02
 1.44097E-02
 1.44180E-02
 1.44262E-02
 1.44345E-02
 1.44428E-02
 1.44511E-02
 1.44594E-02
 1.44677E-02
 1.44759E-02
 1.44842E-02
 1.44925E-02
 1.45008E-02
 1.45091E-02
 1.45174E-02
 1.45257E-02
