 1.00000E+00
 9.99964E-01
 9.99929E-01
 9.99899E-01
 9.99873E-01
 9.99850E-01
 9.99830E-01
 9.99812E-01
 9.99797E-01
 9.99784E-01
 9.99772E-01
 9.99761E-01
 9.99752E-01
 9.99744E-01
 9.99736E-01
 9.99730E-01
 9.99724E-01
 9.99719E-01
 9.99714E-01
 9.99709E-01
 9.99705E-01
 9.99702E-01
 9.99698E-01
 9.99695E-01
 9.99692E-01
 9.99689E-01
 9.99686E-01
 9.99684E-01
 9.99681E-01
 9.99679E-01
 9.99677E-01
 9.99675E-01
 9.99672E-01
 9.99670E-01
 9.99668E-01
 9.99666E-01
 9.99664E-01
 9.99662E-01
 9.99660E-01
 9.99659E-01
 9.99657E-01
 9.99655E-01
 9.99653E-01
 9.99651E-01
 9.99649E-01
 9.99648E-01
 9.99646E-01
 9.99644E-01
 9.99642E-01
 9.99640E-01
 9.99639E-01
 9.99637E-01
 9.99635E-01
 9.99633E-01
 9.99631E-01
 9.99630E-01
 9.99628E-01
 9.99626E-01
 9.99624E-01
 9.99623E-01
 9.99621E-01
 9.99619E-01
 9.99617E-01
 9.99616E-01
 9.99614E-01
 9.99612E-01
 9.99610E-01
 9.99609E-01
 9.99607E-01
 9.99605E-01
 9.99603E-01
 9.99602E-01
 9.99600E-01
 9.99598E-01
 9.99596E-01
 9.99594E-01
 9.99593E-01
 9.99591E-01
 9.99589E-01
 9.99587E-01
 9.99586E-01
 9.99584E-01
 9.99582E-01
 9.99580E-01
 9.99579E-01
 9.99577E-01
 9.99575E-01
 9.99573E-01
 9.99572E-01
 9.99570E-01
 9.99568E-01
 9.99566E-01
 9.99565E-01
 9.99563E-01
 9.99561E-01
 9.99559E-01
 9.99558E-01
 9.99556E-01
 9.99554E-01
 9.99552E-01
 9.99551E-01
 9.99549E-01
 9.99547E-01
 9.99545E-01
 9.99544E-01
 9.99542E-01
 9.99540E-01
 9.99539E-01
 9.99537E-01
 9.99535E-01
 9.99533E-01
 9.99532E-01
 9.99530E-01
 9.99528E-01
 9.99527E-01
 9.99525E-01
 9.99523E-01
 9.99522E-01
 9.99520E-01
 9.99518E-01
 9.99516E-01
 9.99515E-01
 9.99513E-01
 9.99511E-01
 9.99510E-01
 9.99508E-01
 9.99506E-01
 9.99504E-01
 9.99503E-01
 9.99501E-01
 9.99499E-01
 9.99498E-01
 9.99496E-01
 9.99494E-01
 9.99492E-01
 9.99491E-01
 9.99489E-01
 9.99487E-01
 9.99486E-01
 9.99484E-01
 9.99482E-01
 9.99480E-01
 9.99479E-01
 9.99477E-01
 9.99475E-01
 9.99474E-01
 9.99472E-01
 9.99470E-01
 9.99468E-01
 9.99467E-01
 9.99465E-01
 9.99463E-01
 9.99462E-01
 9.99460E-01
 9.99458E-01
 9.99456E-01
 9.99455E-01
 9.99453E-01
 9.99451E-01
 9.99450E-01
 9.99448E-01
 9.99446E-01
 9.99445E-01
 9.99443E-01
 9.99441E-01
 9.99439E-01
 9.99438E-01
 9.99436E-01
 9.99434E-01
 9.99433E-01
 9.99431E-01
 9.99429E-01
 9.99427E-01
 9.99426E-01
 9.99424E-01
 9.99422E-01
 9.99421E-01
 9.99419E-01
 9.99417E-01
 9.99415E-01
 9.99414E-01
 9.99412E-01
 9.99410E-01
 9.99409E-01
 9.99407E-01
 9.99405E-01
 9.99404E-01
 9.99402E-01
 9.99400E-01
 9.99398E-01
 9.99397E-01
 9.99395E-01
 9.99393E-01
 9.99392E-01
 9.99390E-01
 9.99388E-01
 9.99386E-01
 9.99385E-01
 9.99383E-01
 9.99381E-01
 9.99380E-01
 9.99378E-01
 9.99376E-01
 9.99374E-01
 9.99373E-01
 9.99371E-01
 9.99369E-01
 9.99368E-01
 9.99366E-01
 9.99364E-01
 9.99363E-01
 9.99361E-01
 9.99359E-01
 9.99357E-01
 9.99356E-01
 9.99354E-01
 9.99352E-01
 9.99351E-01
 9.99349E-01
 9.99347E-01
 9.99345E-01
 9.99344E-01
 9.99342E-01
 9.99340E-01
 9.99339E-01
 9.99337E-01
 9.99335E-01
 9.99333E-01
 9.99332E-01
 9.99330E-01
 9.99328E-01
 9.99327E-01
 9.99325E-01
 9.99323E-01
 9.99321E-01
 9.99320E-01
 9.99318E-01
 9.99316E-01
 9.99315E-01
 9.99313E-01
 9.99311E-01
 9.99309E-01
 9.99308E-01
 9.99306E-01
 9.99304E-01
 9.99303E-01
 9.99301E-01
 9.99299E-01
 9.99297E-01
 9.99296E-01
 9.99294E-01
 9.99292E-01
 9.99291E-01
 9.99289E-01
 9.99287E-01
 9.99285E-01
 9.99284E-01
 9.99282E-01
 9.99280E-01
 9.99279E-01
 9.99277E-01
 9.99275E-01
 9.99273E-01
 9.99272E-01
 9.99270E-01
 9.99268E-01
 9.99267E-01
 9.99265E-01
 9.99263E-01
 9.99261E-01
 9.99260E-01
 9.99258E-01
 9.99256E-01
 9.99254E-01
 9.99253E-01
 9.99251E-01
 9.99249E-01
 9.99248E-01
 9.99246E-01
 9.99244E-01
 9.99242E-01
 9.99241E-01
 9.99239E-01
 9.99237E-01
 9.99236E-01
 9.99234E-01
 9.99232E-01
 9.99230E-01
 9.99229E-01
 9.99227E-01
 9.99225E-01
 9.99224E-01
 9.99222E-01
 9.99220E-01
 9.99218E-01
 9.99217E-01
 9.99215E-01
 9.99213E-01
 9.99211E-01
 9.99210E-01
 9.99208E-01
 9.99206E-01
 9.99205E-01
 9.99203E-01
 9.99201E-01
 9.99199E-01
 9.99198E-01
 9.99196E-01
 9.99194E-01
 9.99193E-01
 9.99193E-01
 9.99190E-01
 9.99187E-01
 9.99186E-01
 9.99183E-01
 9.99181E-01
 9.99179E-01
 9.99177E-01
 9.99175E-01
 9.99172E-01
 9.99170E-01
 9.99168E-01
 9.99165E-01
 9.99163E-01
 9.99161E-01
 9.99159E-01
 9.99156E-01
 9.99154E-01
 9.99152E-01
 9.99150E-01
 9.99147E-01
 9.99145E-01
 9.99143E-01
 9.99141E-01
 9.99139E-01
 9.99137E-01
 9.99135E-01
 9.99133E-01
 9.99130E-01
 9.99128E-01
 9.99126E-01
 9.99124E-01
 9.99122E-01
 9.99120E-01
 9.99118E-01
 9.99116E-01
 9.99115E-01
 9.99113E-01
 9.99111E-01
 9.99109E-01
 9.99107E-01
 9.99105E-01
 9.99103E-01
 9.99101E-01
 9.99100E-01
 9.99098E-01
 9.99096E-01
 9.99094E-01
 9.99092E-01
 9.99090E-01
 9.99089E-01
 9.99087E-01
 9.99085E-01
 9.99083E-01
 9.99081E-01
 9.99080E-01
 9.99078E-01
 9.99076E-01
 9.99074E-01
 9.99073E-01
 9.99071E-01
 9.99069E-01
 9.99067E-01
 9.99066E-01
 9.99064E-01
 9.99062E-01
 9.99060E-01
 9.99059E-01
 9.99057E-01
 9.99055E-01
 9.99053E-01
 9.99052E-01
 9.99050E-01
 9.99048E-01
 9.99046E-01
 9.99045E-01
 9.99043E-01
 9.99041E-01
 9.99040E-01
 9.99038E-01
 9.99036E-01
 9.99034E-01
 9.99033E-01
 9.99031E-01
 9.99029E-01
 9.99028E-01
 9.99026E-01
 9.99024E-01
 9.99022E-01
 9.99021E-01
 9.99019E-01
 9.99017E-01
 9.99016E-01
 9.99014E-01
 9.99012E-01
 9.99010E-01
 9.99009E-01
 9.99007E-01
 9.99005E-01
 9.99004E-01
 9.99002E-01
 9.99000E-01
 9.98998E-01
 9.98997E-01
 9.98995E-01
 9.98993E-01
 9.98992E-01
 9.98990E-01
 9.98988E-01
 9.98986E-01
 9.98985E-01
 9.98983E-01
 9.98981E-01
 9.98980E-01
 9.98978E-01
 9.98976E-01
 9.98974E-01
 9.98973E-01
 9.98971E-01
 9.98969E-01
 9.98968E-01
 9.98966E-01
 9.98964E-01
 9.98962E-01
 9.98961E-01
 9.98959E-01
 9.98957E-01
 9.98956E-01
 9.98954E-01
 9.98952E-01
 9.98950E-01
 9.98949E-01
 9.98947E-01
 9.98945E-01
 9.98944E-01
 9.98942E-01
 9.98940E-01
 9.98939E-01
 9.98937E-01
 9.98935E-01
 9.98933E-01
 9.98932E-01
 9.98930E-01
 9.98928E-01
 9.98927E-01
 9.98925E-01
 9.98923E-01
 9.98921E-01
 9.98920E-01
 9.98918E-01
 9.98916E-01
 9.98915E-01
 9.98913E-01
 9.98911E-01
 9.98909E-01
 9.98908E-01
 9.98906E-01
 9.98904E-01
 9.98902E-01
 9.98901E-01
 9.98899E-01
 9.98897E-01
 9.98896E-01
 9.98894E-01
 9.98892E-01
 9.98890E-01
 9.98889E-01
 9.98887E-01
 9.98885E-01
 9.98884E-01
 9.98882E-01
 9.98880E-01
 9.98878E-01
 9.98877E-01
 9.98875E-01
 9.98873E-01
 9.98872E-01
 9.98870E-01
 9.98868E-01
 9.98866E-01
 9.98865E-01
 9.98863E-01
 9.98861E-01
 9.98860E-01
 9.98858E-01
 9.98857E-01
 9.98854E-01
 9.98852E-01
 9.98851E-01
 9.98849E-01
 9.98847E-01
 9.98845E-01
 9.98843E-01
 9.98841E-01
 9.98840E-01
 9.98838E-01
 9.98836E-01
 9.98834E-01
 9.98832E-01
 9.98830E-01
 9.98828E-01
 9.98826E-01
 9.98824E-01
 9.98822E-01
 9.98819E-01
 9.98817E-01
 9.98815E-01
 9.98814E-01
 9.98812E-01
 9.98810E-01
 9.98808E-01
 9.98806E-01
 9.98804E-01
 9.98802E-01
 9.98800E-01
 9.98798E-01
 9.98797E-01
 9.98794E-01
 9.98792E-01
 9.98790E-01
 9.98789E-01
 9.98787E-01
 9.98785E-01
 9.98783E-01
 9.98781E-01
 9.98779E-01
 9.98777E-01
 9.98775E-01
 9.98773E-01
 9.98771E-01
 9.98769E-01
 9.98767E-01
 9.98765E-01
 9.98763E-01
 9.98762E-01
 9.98760E-01
 9.98758E-01
 9.98756E-01
 9.98754E-01
 9.98752E-01
 9.98750E-01
 9.98749E-01
 9.98747E-01
 9.98745E-01
 9.98743E-01
 9.98741E-01
 9.98740E-01
 9.98738E-01
 9.98736E-01
 9.98734E-01
 9.98733E-01
 9.98731E-01
 9.98729E-01
 9.98727E-01
 9.98726E-01
 9.98724E-01
 9.98722E-01
 9.98720E-01
 9.98719E-01
 9.98717E-01
 9.98715E-01
 9.98713E-01
 9.98712E-01
 9.98710E-01
 9.98708E-01
 9.98706E-01
 9.98705E-01
 9.98703E-01
 9.98701E-01
 9.98699E-01
 9.98698E-01
 9.98696E-01
 9.98694E-01
 9.98692E-01
 9.98691E-01
 9.98689E-01
 9.98687E-01
 9.98686E-01
 9.98684E-01
 9.98682E-01
 9.98680E-01
 9.98679E-01
 9.98677E-01
 9.98675E-01
 9.98673E-01
 9.98672E-01
 9.98670E-01
 9.98668E-01
 9.98667E-01
 9.98665E-01
 9.98663E-01
 9.98661E-01
 9.98660E-01
 9.98658E-01
 9.98656E-01
 9.98655E-01
 9.98653E-01
 9.98651E-01
 9.98649E-01
 9.98648E-01
 9.98646E-01
 9.98644E-01
 9.98642E-01
 9.98641E-01
 9.98639E-01
 9.98637E-01
 9.98636E-01
 9.98634E-01
 9.98632E-01
 9.98631E-01
 9.98629E-01
 9.98627E-01
 9.98625E-01
 9.98624E-01
 9.98622E-01
 9.98620E-01
 9.98619E-01
 9.98617E-01
 9.98615E-01
 9.98613E-01
 9.98612E-01
 9.98610E-01
 9.98608E-01
 9.98607E-01
 9.98605E-01
 9.98603E-01
 9.98601E-01
 9.98600E-01
 9.98598E-01
 9.98596E-01
 9.98595E-01
 9.98593E-01
 9.98591E-01
 9.98589E-01
 9.98588E-01
 9.98586E-01
 9.98584E-01
 9.98583E-01
 9.98581E-01
 9.98579E-01
 9.98577E-01
 9.98576E-01
 9.98574E-01
 9.98572E-01
 9.98571E-01
 9.98569E-01
 9.98567E-01
 9.98565E-01
 9.98564E-01
 9.98562E-01
 9.98560E-01
 9.98559E-01
 9.98557E-01
 9.98555E-01
 9.98554E-01
 9.98552E-01
 9.98550E-01
 9.98548E-01
 9.98547E-01
 9.98545E-01
 9.98543E-01
 9.98542E-01
 9.98540E-01
 9.98538E-01
 9.98536E-01
 9.98535E-01
 9.98533E-01
 9.98531E-01
 9.98530E-01
 9.98528E-01
 9.98526E-01
 9.98524E-01
 9.98523E-01
 9.98521E-01
 9.98519E-01
 9.98518E-01
 9.98516E-01
 9.98514E-01
 9.98512E-01
 9.98511E-01
 9.98509E-01
 9.98507E-01
 9.98506E-01
 9.98504E-01
 9.98502E-01
 9.98500E-01
 9.98499E-01
 9.98497E-01
 9.98495E-01
 9.98494E-01
 9.98492E-01
 9.98490E-01
 9.98488E-01
 9.98486E-01
 9.98485E-01
 9.98483E-01
 9.98481E-01
 9.98479E-01
 9.98478E-01
 9.98476E-01
 9.98474E-01
 9.98472E-01
 9.98470E-01
 9.98469E-01
 9.98467E-01
 9.98465E-01
 9.98463E-01
 9.98461E-01
 9.98460E-01
 9.98458E-01
 9.98456E-01
 9.98454E-01
 9.98453E-01
 9.98451E-01
 9.98449E-01
 9.98447E-01
 9.98445E-01
 9.98444E-01
 9.98442E-01
 9.98440E-01
 9.98438E-01
 9.98436E-01
 9.98435E-01
 9.98433E-01
 9.98431E-01
 9.98429E-01
 9.98427E-01
 9.98425E-01
 9.98423E-01
 9.98421E-01
 9.98419E-01
 9.98418E-01
 9.98416E-01
 9.98414E-01
 9.98412E-01
 9.98410E-01
 9.98409E-01
 9.98406E-01
 9.98405E-01
 9.98403E-01
 9.98401E-01
 9.98399E-01
 9.98397E-01
 9.98395E-01
 9.98393E-01
 9.98391E-01
 9.98389E-01
 9.98387E-01
 9.98385E-01
 9.98383E-01
 9.98381E-01
 9.98380E-01
 9.98378E-01
 9.98376E-01
 9.98374E-01
 9.98372E-01
 9.98370E-01
 9.98368E-01
 9.98366E-01
 9.98365E-01
 9.98363E-01
 9.98361E-01
 9.98359E-01
 9.98357E-01
 9.98356E-01
 9.98354E-01
 9.98352E-01
 9.98350E-01
 9.98348E-01
 9.98347E-01
 9.98345E-01
 9.98343E-01
 9.98341E-01
 9.98340E-01
 9.98338E-01
 9.98336E-01
 9.98335E-01
 9.98333E-01
 9.98331E-01
 9.98329E-01
 9.98327E-01
 9.98325E-01
 9.98323E-01
 9.98322E-01
 9.98320E-01
 9.98318E-01
 9.98316E-01
 9.98314E-01
 9.98312E-01
 9.98310E-01
 9.98308E-01
 9.98306E-01
 9.98304E-01
 9.98303E-01
 9.98301E-01
 9.98299E-01
 9.98297E-01
 9.98295E-01
 9.98293E-01
 9.98291E-01
 9.98290E-01
 9.98288E-01
 9.98286E-01
 9.98284E-01
 9.98282E-01
 9.98281E-01
 9.98279E-01
 9.98277E-01
 9.98275E-01
 9.98274E-01
 9.98272E-01
 9.98270E-01
 9.98268E-01
 9.98267E-01
 9.98265E-01
 9.98263E-01
 9.98261E-01
 9.98260E-01
 9.98258E-01
 9.98256E-01
 9.98254E-01
 9.98253E-01
 9.98251E-01
 9.98249E-01
 9.98247E-01
 9.98246E-01
 9.98244E-01
 9.98242E-01
 9.98240E-01
 9.98239E-01
 9.98237E-01
 9.98235E-01
 9.98234E-01
 9.98232E-01
 9.98230E-01
 9.98228E-01
 9.98227E-01
 9.98225E-01
 9.98223E-01
 9.98221E-01
 9.98220E-01
 9.98218E-01
 9.98216E-01
 9.98215E-01
 9.98213E-01
 9.98211E-01
 9.98209E-01
 9.98208E-01
 9.98206E-01
 9.98204E-01
 9.98203E-01
 9.98201E-01
 9.98199E-01
 9.98197E-01
 9.98196E-01
 9.98194E-01
 9.98192E-01
 9.98191E-01
 9.98189E-01
 9.98187E-01
 9.98185E-01
 9.98184E-01
 9.98182E-01
 9.98180E-01
 9.98179E-01
 9.98177E-01
 9.98175E-01
 9.98173E-01
 9.98172E-01
 9.98170E-01
 9.98168E-01
 9.98166E-01
 9.98165E-01
 9.98163E-01
 9.98161E-01
 9.98160E-01
 9.98158E-01
 9.98156E-01
 9.98154E-01
 9.98153E-01
 9.98151E-01
 9.98149E-01
 9.98148E-01
 9.98146E-01
 9.98144E-01
 9.98142E-01
 9.98141E-01
 9.98139E-01
 9.98137E-01
 9.98136E-01
 9.98134E-01
 9.98132E-01
 9.98131E-01
 9.98129E-01
 9.98127E-01
 9.98125E-01
 9.98124E-01
 9.98122E-01
 9.98120E-01
 9.98119E-01
 9.98117E-01
 9.98115E-01
 9.98113E-01
 9.98112E-01
 9.98110E-01
 9.98108E-01
 9.98107E-01
 9.98105E-01
 9.98103E-01
 9.98101E-01
 9.98100E-01
 9.98098E-01
 9.98096E-01
 9.98095E-01
 9.98093E-01
 9.98091E-01
 9.98089E-01
 9.98088E-01
 9.98086E-01
 9.98084E-01
 9.98083E-01
 9.98081E-01
 9.98079E-01
 9.98077E-01
 9.98076E-01
 9.98074E-01
 9.98072E-01
 9.98071E-01
 9.98069E-01
 9.98067E-01
 9.98065E-01
 9.98064E-01
 9.98062E-01
 9.98060E-01
 9.98059E-01
 9.98057E-01
 9.98055E-01
 9.98054E-01
 9.98052E-01
 9.98050E-01
 9.98048E-01
 9.98046E-01
 9.98045E-01
 9.98043E-01
 9.98041E-01
 9.98039E-01
 9.98037E-01
 9.98035E-01
 9.98033E-01
 9.98031E-01
 9.98030E-01
 9.98028E-01
 9.98026E-01
 9.98024E-01
 9.98022E-01
 9.98020E-01
 9.98019E-01
 9.98017E-01
 9.98015E-01
 9.98013E-01
 9.98011E-01
 9.98009E-01
 9.98008E-01
 9.98006E-01
 9.98004E-01
 9.98002E-01
 9.98000E-01
 9.97999E-01
 9.97997E-01
 9.97995E-01
 9.97993E-01
 9.97992E-01
 9.97990E-01
 9.97988E-01
 9.97986E-01
 9.97985E-01
 9.97983E-01
 9.97981E-01
 9.97979E-01
 9.97978E-01
 9.97976E-01
 9.97974E-01
 9.97972E-01
 9.97971E-01
 9.97969E-01
 9.97967E-01
 9.97965E-01
 9.97964E-01
 9.97962E-01
 9.97960E-01
 9.97959E-01
 9.97957E-01
 9.97955E-01
 9.97953E-01
 9.97952E-01
 9.97950E-01
 9.97948E-01
 9.97946E-01
 9.97945E-01
 9.97943E-01
 9.97941E-01
 9.97939E-01
 9.97937E-01
 9.97935E-01
 9.97934E-01
 9.97932E-01
 9.97930E-01
 9.97928E-01
 9.97926E-01
 9.97924E-01
 9.97922E-01
 9.97921E-01
 9.97919E-01
 9.97917E-01
 9.97915E-01
 9.97913E-01
 9.97911E-01
 9.97910E-01
 9.97908E-01
 9.97906E-01
 9.97904E-01
 9.97902E-01
 9.97900E-01
 9.97899E-01
 9.97897E-01
 9.97895E-01
 9.97893E-01
 9.97892E-01
 9.97890E-01
 9.97888E-01
 9.97886E-01
 9.97884E-01
 9.97882E-01
 9.97880E-01
 9.97878E-01
 9.97876E-01
 9.97875E-01
 9.97873E-01
 9.97871E-01
 9.97869E-01
 9.97867E-01
 9.97865E-01
 9.97863E-01
 9.97861E-01
 9.97860E-01
 9.97858E-01
 9.97856E-01
 9.97854E-01
 9.97852E-01
 9.97850E-01
 9.97848E-01
 9.97847E-01
 9.97845E-01
 9.97843E-01
 9.97841E-01
 9.97839E-01
 9.97838E-01
 9.97836E-01
 9.97834E-01
 9.97832E-01
 9.97831E-01
 9.97829E-01
 9.97827E-01
 9.97825E-01
 9.97824E-01
 9.97822E-01
 9.97820E-01
 9.97818E-01
 9.97817E-01
 9.97815E-01
 9.97813E-01
 9.97811E-01
 9.97810E-01
 9.97808E-01
 9.97806E-01
 9.97804E-01
 9.97803E-01
 9.97801E-01
 9.97799E-01
 9.97797E-01
 9.97796E-01
 9.97794E-01
 9.97792E-01
 9.97791E-01
 9.97789E-01
 9.97787E-01
 9.97785E-01
 9.97783E-01
 9.97782E-01
 9.97780E-01
 9.97778E-01
 9.97776E-01
 9.97774E-01
 9.97772E-01
 9.97770E-01
 9.97768E-01
 9.97767E-01
 9.97765E-01
 9.97763E-01
 9.97761E-01
 9.97759E-01
 9.97757E-01
 9.97755E-01
 9.97754E-01
 9.97752E-01
 9.97750E-01
 9.97748E-01
 9.97746E-01
 9.97744E-01
 9.97743E-01
 9.97741E-01
 9.97739E-01
 9.97737E-01
 9.97736E-01
 9.97734E-01
 9.97732E-01
 9.97730E-01
 9.97728E-01
 9.97727E-01
 9.97725E-01
 9.97723E-01
 9.97721E-01
 9.97720E-01
 9.97718E-01
 9.97716E-01
 9.97715E-01
 9.97713E-01
 9.97711E-01
 9.97709E-01
 9.97708E-01
 9.97706E-01
 9.97704E-01
 9.97702E-01
 9.97701E-01
 9.97699E-01
 9.97697E-01
 9.97695E-01
 9.97694E-01
 9.97692E-01
 9.97690E-01
 9.97689E-01
 9.97687E-01
 9.97685E-01
 9.97683E-01
 9.97682E-01
 9.97680E-01
 9.97678E-01
 9.97676E-01
 9.97675E-01
 9.97673E-01
 9.97671E-01
 9.97670E-01
 9.97668E-01
 9.97666E-01
 9.97664E-01
 9.97663E-01
 9.97661E-01
 9.97659E-01
 9.97658E-01
 9.97656E-01
 9.97654E-01
 9.97652E-01
 9.97651E-01
 9.97649E-01
 9.97647E-01
 9.97646E-01
 9.97644E-01
 9.97642E-01
 9.97640E-01
 9.97639E-01
 9.97637E-01
 9.97635E-01
 9.97633E-01
 9.97632E-01
 9.97630E-01
 9.97629E-01
 9.97627E-01
 9.97625E-01
 9.97623E-01
 9.97621E-01
 9.97620E-01
 9.97618E-01
 9.97616E-01
 9.97614E-01
 9.97612E-01
 9.97611E-01
 9.97609E-01
 9.97607E-01
 9.97605E-01
 9.97603E-01
 9.97602E-01
 9.97600E-01
 9.97598E-01
 9.97596E-01
 9.97595E-01
 9.97593E-01
 9.97591E-01
 9.97589E-01
 9.97587E-01
 9.97586E-01
 9.97584E-01
 9.97582E-01
 9.97580E-01
 9.97579E-01
 9.97577E-01
 9.97575E-01
 9.97573E-01
 9.97572E-01
 9.97570E-01
 9.97568E-01
 9.97566E-01
 9.97565E-01
 9.97563E-01
 9.97561E-01
 9.97560E-01
 9.97558E-01
 9.97556E-01
 9.97554E-01
 9.97553E-01
 9.97551E-01
 9.97549E-01
 9.97547E-01
 9.97546E-01
 9.97544E-01
 9.97542E-01
 9.97541E-01
 9.97539E-01
 9.97537E-01
 9.97535E-01
 9.97534E-01
 9.97532E-01
 9.97530E-01
 9.97529E-01
 9.97527E-01
 9.97525E-01
 9.97523E-01
 9.97522E-01
 9.97520E-01
 9.97518E-01
 9.97516E-01
 9.97515E-01
 9.97513E-01
 9.97511E-01
 9.97509E-01
 9.97508E-01
 9.97506E-01
 9.97504E-01
 9.97502E-01
 9.97500E-01
 9.97498E-01
 9.97497E-01
 9.97495E-01
 9.97493E-01
 9.97491E-01
 9.97489E-01
 9.97487E-01
 9.97485E-01
 9.97484E-01
 9.97482E-01
 9.97480E-01
 9.97478E-01
 9.97476E-01
 9.97474E-01
 9.97473E-01
 9.97471E-01
 9.97469E-01
 9.97467E-01
 9.97465E-01
 9.97464E-01
 9.97462E-01
 9.97460E-01
 9.97458E-01
 9.97456E-01
 9.97455E-01
 9.97453E-01
 9.97451E-01
 9.97449E-01
 9.97448E-01
 9.97446E-01
 9.97444E-01
 9.97442E-01
 9.97441E-01
 9.97439E-01
 9.97437E-01
 9.97435E-01
 9.97434E-01
 9.97432E-01
 9.97430E-01
 9.97428E-01
 9.97427E-01
 9.97425E-01
 9.97423E-01
 9.97422E-01
 9.97420E-01
 9.97418E-01
 9.97416E-01
 9.97415E-01
 9.97413E-01
 9.97411E-01
 9.97409E-01
 9.97408E-01
 9.97406E-01
 9.97404E-01
 9.97403E-01
 9.97401E-01
 9.97399E-01
 9.97397E-01
 9.97396E-01
 9.97394E-01
 9.97392E-01
 9.97391E-01
 9.97389E-01
 9.97387E-01
 9.97385E-01
 9.97384E-01
 9.97382E-01
 9.97380E-01
 9.97378E-01
 9.97377E-01
 9.97375E-01
 9.97373E-01
 9.97372E-01
 9.97370E-01
 9.97368E-01
 9.97366E-01
 9.97365E-01
 9.97363E-01
 9.97361E-01
 9.97359E-01
 9.97358E-01
 9.97356E-01
 9.97354E-01
 9.97352E-01
 9.97350E-01
 9.97349E-01
 9.97347E-01
 9.97345E-01
 9.97343E-01
 9.97341E-01
 9.97339E-01
 9.97338E-01
 9.97336E-01
 9.97334E-01
 9.97332E-01
 9.97330E-01
 9.97328E-01
 9.97327E-01
 9.97325E-01
 9.97323E-01
 9.97321E-01
 9.97319E-01
 9.97318E-01
 9.97316E-01
 9.97314E-01
 9.97312E-01
 9.97310E-01
 9.97309E-01
 9.97307E-01
 9.97305E-01
 9.97303E-01
 9.97301E-01
 9.97300E-01
 9.97298E-01
 9.97296E-01
 9.97294E-01
 9.97292E-01
 9.97291E-01
 9.97289E-01
 9.97287E-01
 9.97285E-01
 9.97283E-01
 9.97282E-01
 9.97280E-01
 9.97278E-01
 9.97276E-01
 9.97274E-01
 9.97272E-01
 9.97270E-01
 9.97269E-01
 9.97267E-01
 9.97265E-01
 9.97263E-01
 9.97261E-01
 9.97259E-01
 9.97258E-01
 9.97256E-01
 9.97254E-01
 9.97252E-01
 9.97250E-01
 9.97248E-01
 9.97247E-01
 9.97245E-01
 9.97243E-01
 9.97241E-01
 9.97239E-01
 9.97238E-01
 9.97236E-01
 9.97234E-01
 9.97232E-01
 9.97231E-01
 9.97229E-01
 9.97227E-01
 9.97225E-01
 9.97223E-01
 9.97222E-01
 9.97220E-01
 9.97218E-01
 9.97216E-01
 9.97215E-01
 9.97213E-01
 9.97211E-01
 9.97209E-01
 9.97208E-01
 9.97206E-01
 9.97204E-01
 9.97203E-01
 9.97201E-01
 9.97199E-01
 9.97197E-01
 9.97196E-01
 9.97194E-01
 9.97192E-01
 9.97190E-01
 9.97189E-01
 9.97187E-01
 9.97185E-01
 9.97183E-01
 9.97182E-01
 9.97180E-01
 9.97178E-01
 9.97177E-01
 9.97175E-01
 9.97173E-01
 9.97171E-01
 9.97169E-01
 9.97168E-01
 9.97166E-01
 9.97164E-01
 9.97163E-01
 9.97161E-01
 9.97159E-01
 9.97157E-01
 9.97155E-01
 9.97153E-01
 9.97151E-01
 9.97150E-01
 9.97148E-01
 9.97146E-01
 9.97144E-01
 9.97142E-01
 9.97140E-01
 9.97138E-01
 9.97137E-01
 9.97135E-01
 9.97133E-01
 9.97131E-01
 9.97129E-01
 9.97128E-01
 9.97126E-01
 9.97124E-01
 9.97122E-01
 9.97120E-01
 9.97118E-01
 9.97117E-01
 9.97115E-01
 9.97113E-01
 9.97111E-01
 9.97110E-01
 9.97108E-01
 9.97106E-01
 9.97105E-01
 9.97103E-01
 9.97101E-01
 9.97099E-01
 9.97097E-01
 9.97095E-01
 9.97094E-01
 9.97092E-01
 9.97090E-01
 9.97088E-01
 9.97086E-01
 9.97084E-01
 9.97082E-01
 9.97080E-01
 9.97079E-01
 9.97077E-01
 9.97075E-01
 9.97073E-01
 9.97071E-01
 9.97069E-01
 9.97067E-01
 9.97066E-01
 9.97064E-01
 9.97062E-01
 9.97060E-01
 9.97058E-01
 9.97056E-01
 9.97055E-01
 9.97053E-01
 9.97051E-01
 9.97049E-01
 9.97047E-01
 9.97046E-01
 9.97044E-01
 9.97042E-01
 9.97040E-01
 9.97039E-01
 9.97037E-01
 9.97035E-01
 9.97033E-01
 9.97032E-01
 9.97030E-01
 9.97028E-01
 9.97026E-01
 9.97025E-01
 9.97023E-01
 9.97021E-01
 9.97019E-01
 9.97018E-01
 9.97016E-01
 9.97014E-01
 9.97012E-01
 9.97011E-01
 9.97009E-01
 9.97007E-01
 9.97005E-01
 9.97004E-01
 9.97002E-01
 9.97000E-01
 9.96998E-01
 9.96997E-01
 9.96995E-01
 9.96993E-01
 9.96992E-01
 9.96990E-01
 9.96988E-01
 9.96986E-01
 9.96985E-01
 9.96983E-01
 9.96981E-01
 9.96979E-01
 9.96978E-01
 9.96976E-01
 9.96974E-01
 9.96972E-01
 9.96971E-01
 9.96969E-01
 9.96967E-01
 9.96966E-01
 9.96964E-01
 9.96962E-01
 9.96960E-01
 9.96959E-01
 9.96957E-01
 9.96955E-01
 9.96953E-01
 9.96952E-01
 9.96950E-01
 9.96948E-01
 9.96947E-01
 9.96945E-01
 9.96943E-01
 9.96941E-01
 9.96940E-01
 9.96938E-01
 9.96936E-01
 9.96934E-01
 9.96933E-01
 9.96931E-01
 9.96929E-01
 9.96928E-01
 9.96926E-01
 9.96924E-01
 9.96922E-01
 9.96921E-01
 9.96919E-01
 9.96917E-01
 9.96916E-01
 9.96914E-01
 9.96912E-01
 9.96910E-01
 9.96909E-01
 9.96907E-01
 9.96905E-01
 9.96904E-01
 9.96902E-01
 9.96900E-01
 9.96899E-01
 9.96897E-01
 9.96895E-01
 9.96893E-01
 9.96891E-01
 9.96890E-01
 9.96888E-01
 9.96886E-01
 9.96885E-01
 9.96883E-01
 9.96881E-01
 9.96879E-01
 9.96877E-01
 9.96875E-01
 9.96873E-01
 9.96872E-01
 9.96870E-01
 9.96868E-01
 9.96866E-01
 9.96864E-01
 9.96862E-01
 9.96861E-01
 9.96859E-01
 9.96857E-01
 9.96855E-01
 9.96853E-01
 9.96851E-01
 9.96850E-01
 9.96848E-01
 9.96846E-01
 9.96844E-01
 9.96842E-01
 9.96841E-01
 9.96839E-01
 9.96837E-01
 9.96835E-01
 9.96834E-01
 9.96832E-01
 9.96830E-01
 9.96828E-01
 9.96827E-01
 9.96825E-01
 9.96823E-01
 9.96821E-01
 9.96820E-01
 9.96818E-01
 9.96816E-01
 9.96814E-01
 9.96813E-01
 9.96811E-01
 9.96809E-01
 9.96807E-01
 9.96806E-01
 9.96804E-01
 9.96802E-01
 9.96800E-01
 9.96799E-01
 9.96797E-01
 9.96795E-01
 9.96794E-01
 9.96792E-01
 9.96790E-01
 9.96788E-01
 9.96787E-01
 9.96785E-01
 9.96783E-01
 9.96781E-01
 9.96780E-01
 9.96778E-01
 9.96776E-01
 9.96775E-01
 9.96773E-01
 9.96771E-01
 9.96769E-01
 9.96768E-01
 9.96766E-01
 9.96764E-01
 9.96763E-01
 9.96761E-01
 9.96759E-01
 9.96757E-01
 9.96756E-01
 9.96754E-01
 9.96752E-01
 9.96750E-01
 9.96749E-01
 9.96747E-01
 9.96745E-01
 9.96744E-01
 9.96742E-01
 9.96740E-01
 9.96738E-01
 9.96737E-01
 9.96735E-01
 9.96733E-01
 9.96732E-01
 9.96730E-01
 9.96728E-01
 9.96726E-01
 9.96725E-01
 9.96723E-01
 9.96721E-01
 9.96719E-01
 9.96718E-01
 9.96716E-01
 9.96714E-01
 9.96713E-01
 9.96711E-01
 9.96709E-01
 9.96707E-01
 9.96706E-01
 9.96704E-01
 9.96702E-01
 9.96701E-01
 9.96699E-01
 9.96697E-01
 9.96695E-01
 9.96694E-01
 9.96692E-01
 9.96690E-01
 9.96688E-01
 9.96687E-01
 9.96685E-01
 9.96683E-01
 9.96682E-01
 9.96680E-01
 9.96678E-01
 9.96676E-01
 9.96674E-01
 9.96672E-01
 9.96670E-01
 9.96669E-01
 9.96667E-01
 9.96665E-01
 9.96663E-01
 9.96661E-01
 9.96660E-01
 9.96658E-01
 9.96656E-01
 9.96654E-01
 9.96652E-01
 9.96650E-01
 9.96649E-01
 9.96647E-01
 9.96645E-01
 9.96643E-01
 9.96641E-01
 9.96640E-01
 9.96638E-01
 9.96636E-01
 9.96634E-01
 9.96633E-01
 9.96631E-01
 9.96629E-01
 9.96627E-01
 9.96625E-01
 9.96624E-01
 9.96622E-01
 9.96620E-01
 9.96618E-01
 9.96617E-01
 9.96615E-01
 9.96613E-01
 9.96611E-01
 9.96609E-01
 9.96608E-01
 9.96606E-01
 9.96604E-01
 9.96602E-01
 9.96600E-01
 9.96599E-01
 9.96597E-01
 9.96595E-01
 9.96593E-01
 9.96591E-01
 9.96590E-01
 9.96588E-01
 9.96586E-01
 9.96584E-01
 9.96582E-01
 9.96580E-01
 9.96579E-01
 9.96577E-01
 9.96575E-01
 9.96573E-01
 9.96571E-01
 9.96569E-01
 9.96567E-01
 9.96565E-01
 9.96563E-01
 9.96562E-01
 9.96560E-01
 9.96558E-01
 9.96556E-01
 9.96554E-01
 9.96552E-01
 9.96550E-01
 9.96549E-01
 9.96547E-01
 9.96545E-01
 9.96543E-01
 9.96541E-01
 9.96539E-01
 9.96538E-01
 9.96536E-01
 9.96534E-01
 9.96532E-01
 9.96530E-01
 9.96529E-01
 9.96527E-01
 9.96525E-01
 9.96523E-01
 9.96522E-01
 9.96520E-01
 9.96518E-01
 9.96516E-01
 9.96514E-01
 9.96513E-01
 9.96511E-01
 9.96509E-01
 9.96507E-01
 9.96506E-01
 9.96504E-01
 9.96502E-01
 9.96500E-01
 9.96499E-01
 9.96497E-01
 9.96495E-01
 9.96493E-01
 9.96492E-01
 9.96490E-01
 9.96488E-01
 9.96486E-01
 9.96485E-01
 9.96483E-01
 9.96481E-01
 9.96479E-01
 9.96478E-01
 9.96476E-01
 9.96474E-01
 9.96472E-01
 9.96470E-01
 9.96469E-01
 9.96467E-01
 9.96465E-01
 9.96463E-01
 9.96461E-01
 9.96459E-01
 9.96457E-01
 9.96455E-01
 9.96453E-01
 9.96451E-01
 9.96450E-01
 9.96448E-01
 9.96446E-01
 9.96444E-01
 9.96442E-01
 9.96440E-01
 9.96438E-01
 9.96436E-01
 9.96434E-01
 9.96432E-01
 9.96430E-01
 9.96428E-01
 9.96426E-01
 9.96425E-01
 9.96423E-01
 9.96421E-01
 9.96419E-01
 9.96417E-01
 9.96415E-01
 9.96413E-01
 9.96412E-01
 9.96410E-01
 9.96408E-01
 9.96406E-01
 9.96404E-01
 9.96402E-01
 9.96401E-01
 9.96399E-01
 9.96397E-01
 9.96395E-01
 9.96393E-01
 9.96392E-01
 9.96390E-01
 9.96388E-01
 9.96386E-01
 9.96384E-01
 9.96383E-01
 9.96381E-01
 9.96379E-01
 9.96377E-01
 9.96376E-01
 9.96374E-01
 9.96372E-01
 9.96370E-01
 9.96369E-01
 9.96367E-01
 9.96365E-01
 9.96363E-01
 9.96362E-01
 9.96360E-01
 9.96358E-01
 9.96356E-01
 9.96355E-01
 9.96353E-01
 9.96351E-01
 9.96349E-01
 9.96348E-01
 9.96346E-01
 9.96344E-01
 9.96342E-01
 9.96341E-01
 9.96339E-01
 9.96337E-01
 9.96336E-01
 9.96334E-01
 9.96332E-01
 9.96330E-01
 9.96329E-01
 9.96327E-01
 9.96325E-01
 9.96323E-01
 9.96322E-01
 9.96320E-01
 9.96318E-01
 9.96317E-01
 9.96315E-01
 9.96313E-01
 9.96311E-01
 9.96310E-01
 9.96308E-01
 9.96306E-01
 9.96304E-01
 9.96303E-01
 9.96301E-01
 9.96299E-01
 9.96298E-01
 9.96296E-01
 9.96294E-01
 9.96292E-01
 9.96291E-01
 9.96289E-01
 9.96287E-01
 9.96286E-01
 9.96284E-01
 9.96282E-01
 9.96280E-01
 9.96279E-01
 9.96277E-01
 9.96275E-01
 9.96273E-01
 9.96272E-01
 9.96270E-01
 9.96268E-01
 9.96267E-01
 9.96265E-01
 9.96263E-01
 9.96261E-01
 9.96260E-01
 9.96258E-01
 9.96256E-01
 9.96254E-01
 9.96253E-01
 9.96251E-01
 9.96249E-01
 9.96248E-01
 9.96246E-01
 9.96244E-01
 9.96242E-01
 9.96241E-01
 9.96239E-01
 9.96237E-01
 9.96236E-01
 9.96234E-01
 9.96232E-01
 9.96230E-01
 9.96229E-01
 9.96227E-01
 9.96225E-01
 9.96224E-01
 9.96222E-01
 9.96220E-01
 9.96218E-01
 9.96217E-01
 9.96215E-01
 9.96213E-01
 9.96211E-01
 9.96210E-01
 9.96208E-01
 9.96206E-01
 9.96205E-01
 9.96203E-01
 9.96201E-01
 9.96199E-01
 9.96198E-01
 9.96196E-01
 9.96195E-01
 9.96193E-01
 9.96191E-01
 9.96189E-01
 9.96187E-01
 9.96186E-01
 9.96184E-01
 9.96182E-01
 9.96180E-01
 9.96179E-01
 9.96177E-01
 9.96175E-01
 9.96173E-01
 9.96172E-01
 9.96170E-01
 9.96168E-01
 9.96166E-01
 9.96164E-01
 9.96163E-01
 9.96161E-01
 9.96159E-01
 9.96157E-01
 9.96155E-01
 9.96154E-01
 9.96152E-01
 9.96150E-01
 9.96148E-01
 9.96146E-01
 9.96145E-01
 9.96143E-01
 9.96141E-01
 9.96139E-01
 9.96137E-01
 9.96135E-01
 9.96134E-01
 9.96132E-01
 9.96130E-01
 9.96128E-01
 9.96127E-01
 9.96125E-01
 9.96123E-01
 9.96121E-01
 9.96119E-01
 9.96118E-01
 9.96116E-01
 9.96114E-01
 9.96112E-01
 9.96111E-01
 9.96109E-01
 9.96107E-01
 9.96105E-01
 9.96104E-01
 9.96102E-01
 9.96100E-01
 9.96098E-01
 9.96097E-01
 9.96095E-01
 9.96093E-01
 9.96091E-01
 9.96090E-01
 9.96088E-01
 9.96086E-01
 9.96085E-01
 9.96083E-01
 9.96081E-01
 9.96079E-01
 9.96078E-01
 9.96076E-01
 9.96074E-01
 9.96072E-01
 9.96071E-01
 9.96069E-01
 9.96067E-01
 9.96066E-01
 9.96064E-01
 9.96062E-01
 9.96060E-01
 9.96059E-01
 9.96057E-01
 9.96055E-01
 9.96054E-01
 9.96052E-01
 9.96050E-01
 9.96048E-01
 9.96047E-01
 9.96045E-01
 9.96043E-01
 9.96041E-01
 9.96040E-01
 9.96038E-01
 9.96036E-01
 9.96035E-01
 9.96033E-01
 9.96031E-01
 9.96029E-01
 9.96028E-01
 9.96026E-01
 9.96024E-01
 9.96023E-01
 9.96021E-01
 9.96019E-01
 9.96017E-01
 9.96016E-01
 9.96014E-01
 9.96012E-01
 9.96010E-01
 9.96009E-01
 9.96007E-01
 9.96005E-01
 9.96004E-01
 9.96002E-01
 9.96000E-01
 9.95998E-01
 9.95997E-01
 9.95995E-01
 9.95993E-01
 9.95992E-01
 9.95990E-01
 9.95988E-01
 9.95986E-01
 9.95985E-01
 9.95983E-01
 9.95981E-01
 9.95979E-01
 9.95978E-01
 9.95976E-01
 9.95975E-01
 9.95973E-01
 9.95971E-01
 9.95969E-01
 9.95968E-01
 9.95966E-01
 9.95964E-01
 9.95962E-01
 9.95960E-01
 9.95959E-01
 9.95957E-01
 9.95955E-01
 9.95953E-01
 9.95951E-01
 9.95949E-01
 9.95948E-01
 9.95946E-01
 9.95944E-01
 9.95942E-01
 9.95940E-01
 9.95938E-01
 9.95936E-01
 9.95934E-01
 9.95933E-01
 9.95931E-01
 9.95929E-01
 9.95927E-01
 9.95925E-01
 9.95923E-01
 9.95921E-01
 9.95920E-01
 9.95918E-01
 9.95916E-01
 9.95914E-01
 9.95912E-01
 9.95910E-01
 9.95909E-01
 9.95907E-01
 9.95905E-01
 9.95903E-01
 9.95901E-01
 9.95899E-01
 9.95898E-01
 9.95896E-01
 9.95894E-01
 9.95892E-01
 9.95890E-01
 9.95888E-01
 9.95887E-01
 9.95885E-01
 9.95883E-01
 9.95881E-01
 9.95879E-01
 9.95878E-01
 9.95876E-01
 9.95874E-01
 9.95872E-01
 9.95870E-01
 9.95868E-01
 9.95867E-01
 9.95865E-01
 9.95863E-01
 9.95861E-01
 9.95860E-01
 9.95858E-01
 9.95856E-01
 9.95854E-01
 9.95853E-01
 9.95851E-01
 9.95849E-01
 9.95847E-01
 9.95845E-01
 9.95844E-01
 9.95842E-01
 9.95840E-01
 9.95838E-01
 9.95836E-01
 9.95834E-01
 9.95833E-01
 9.95831E-01
 9.95829E-01
 9.95827E-01
 9.95825E-01
 9.95824E-01
 9.95822E-01
 9.95820E-01
 9.95818E-01
 9.95816E-01
 9.95815E-01
 9.95813E-01
 9.95811E-01
 9.95809E-01
 9.95807E-01
 9.95806E-01
 9.95804E-01
 9.95802E-01
 9.95800E-01
 9.95798E-01
 9.95797E-01
 9.95795E-01
 9.95793E-01
 9.95791E-01
 9.95789E-01
 9.95787E-01
 9.95786E-01
 9.95784E-01
 9.95782E-01
 9.95780E-01
 9.95778E-01
 9.95777E-01
 9.95775E-01
 9.95773E-01
 9.95771E-01
 9.95769E-01
 9.95767E-01
 9.95766E-01
 9.95764E-01
 9.95762E-01
 9.95760E-01
 9.95758E-01
 9.95756E-01
 9.95755E-01
 9.95753E-01
 9.95751E-01
 9.95749E-01
 9.95747E-01
 9.95745E-01
 9.95743E-01
 9.95741E-01
 9.95740E-01
 9.95738E-01
 9.95736E-01
 9.95734E-01
 9.95732E-01
 9.95730E-01
 9.95728E-01
 9.95727E-01
 9.95725E-01
 9.95723E-01
 9.95721E-01
 9.95719E-01
 9.95718E-01
 9.95716E-01
 9.95714E-01
 9.95712E-01
 9.95710E-01
 9.95709E-01
 9.95707E-01
 9.95705E-01
 9.95703E-01
 9.95701E-01
 9.95700E-01
 9.95698E-01
 9.95696E-01
 9.95694E-01
 9.95693E-01
 9.95691E-01
 9.95689E-01
 9.95687E-01
 9.95686E-01
 9.95684E-01
 9.95682E-01
 9.95680E-01
 9.95678E-01
 9.95677E-01
 9.95675E-01
 9.95673E-01
 9.95671E-01
 9.95669E-01
 9.95668E-01
 9.95666E-01
 9.95664E-01
 9.95662E-01
 9.95660E-01
 9.95659E-01
 9.95657E-01
 9.95655E-01
 9.95653E-01
 9.95652E-01
 9.95650E-01
 9.95648E-01
 9.95646E-01
 9.95644E-01
 9.95643E-01
 9.95641E-01
 9.95639E-01
 9.95637E-01
 9.95635E-01
 9.95634E-01
 9.95632E-01
 9.95630E-01
 9.95628E-01
 9.95626E-01
 9.95625E-01
 9.95623E-01
 9.95621E-01
 9.95619E-01
 9.95617E-01
 9.95616E-01
 9.95614E-01
 9.95612E-01
 9.95610E-01
 9.95608E-01
 9.95607E-01
 9.95605E-01
 9.95603E-01
 9.95601E-01
 9.95600E-01
 9.95598E-01
 9.95596E-01
 9.95594E-01
 9.95592E-01
 9.95591E-01
 9.95589E-01
 9.95587E-01
 9.95585E-01
 9.95584E-01
 9.95582E-01
 9.95580E-01
 9.95578E-01
 9.95577E-01
 9.95575E-01
 9.95573E-01
 9.95571E-01
 9.95570E-01
 9.95568E-01
 9.95566E-01
 9.95565E-01
 9.95563E-01
 9.95561E-01
 9.95559E-01
 9.95558E-01
 9.95556E-01
 9.95554E-01
 9.95552E-01
 9.95551E-01
 9.95549E-01
 9.95547E-01
 9.95545E-01
 9.95544E-01
 9.95542E-01
 9.95540E-01
 9.95539E-01
 9.95537E-01
 9.95535E-01
 9.95533E-01
 9.95532E-01
 9.95530E-01
 9.95528E-01
 9.95526E-01
 9.95525E-01
 9.95523E-01
 9.95521E-01
 9.95520E-01
 9.95518E-01
 9.95516E-01
 9.95514E-01
 9.95513E-01
 9.95511E-01
 9.95509E-01
 9.95507E-01
 9.95506E-01
 9.95504E-01
 9.95502E-01
 9.95501E-01
 9.95499E-01
 9.95497E-01
 9.95495E-01
 9.95494E-01
 9.95492E-01
 9.95490E-01
 9.95489E-01
 9.95487E-01
 9.95485E-01
 9.95483E-01
 9.95482E-01
 9.95480E-01
 9.95478E-01
 9.95476E-01
 9.95475E-01
 9.95473E-01
 9.95471E-01
 9.95470E-01
 9.95468E-01
 9.95466E-01
 9.95464E-01
 9.95463E-01
 9.95461E-01
 9.95459E-01
 9.95458E-01
 9.95456E-01
 9.95454E-01
 9.95452E-01
 9.95451E-01
 9.95449E-01
 9.95447E-01
 9.95445E-01
 9.95444E-01
 9.95442E-01
 9.95440E-01
 9.95439E-01
 9.95437E-01
 9.95435E-01
 9.95433E-01
 9.95432E-01
 9.95430E-01
 9.95428E-01
 9.95427E-01
 9.95425E-01
 9.95423E-01
 9.95421E-01
 9.95420E-01
 9.95418E-01
 9.95416E-01
 9.95415E-01
 9.95413E-01
 9.95411E-01
 9.95409E-01
 9.95408E-01
 9.95406E-01
 9.95404E-01
 9.95403E-01
 9.95401E-01
 9.95399E-01
 9.95397E-01
 9.95396E-01
 9.95394E-01
 9.95392E-01
 9.95390E-01
 9.95388E-01
 9.95387E-01
 9.95385E-01
 9.95383E-01
 9.95381E-01
 9.95380E-01
 9.95378E-01
 9.95376E-01
 9.95374E-01
 9.95372E-01
 9.95371E-01
 9.95369E-01
 9.95368E-01
 9.95366E-01
 9.95364E-01
 9.95362E-01
 9.95360E-01
 9.95358E-01
 9.95357E-01
 9.95355E-01
 9.95353E-01
 9.95351E-01
 9.95349E-01
 9.95348E-01
 9.95346E-01
 9.95344E-01
 9.95342E-01
 9.95340E-01
 9.95338E-01
 9.95337E-01
 9.95335E-01
 9.95333E-01
 9.95331E-01
 9.95329E-01
 9.95327E-01
 9.95326E-01
 9.95324E-01
 9.95322E-01
 9.95320E-01
 9.95318E-01
 9.95316E-01
 9.95315E-01
 9.95313E-01
 9.95311E-01
 9.95309E-01
 9.95307E-01
 9.95306E-01
 9.95304E-01
 9.95302E-01
 9.95300E-01
 9.95298E-01
 9.95297E-01
 9.95295E-01
 9.95293E-01
 9.95291E-01
 9.95290E-01
 9.95288E-01
 9.95286E-01
 9.95284E-01
 9.95283E-01
 9.95281E-01
 9.95279E-01
 9.95277E-01
 9.95276E-01
 9.95274E-01
 9.95272E-01
 9.95270E-01
 9.95269E-01
 9.95267E-01
 9.95265E-01
 9.95263E-01
 9.95262E-01
 9.95260E-01
 9.95258E-01
 9.95256E-01
 9.95255E-01
 9.95253E-01
 9.95251E-01
 9.95249E-01
 9.95248E-01
 9.95246E-01
 9.95244E-01
 9.95242E-01
 9.95240E-01
 9.95238E-01
 9.95236E-01
 9.95235E-01
 9.95233E-01
 9.95231E-01
 9.95229E-01
 9.95227E-01
 9.95225E-01
 9.95224E-01
 9.95222E-01
 9.95220E-01
 9.95218E-01
 9.95216E-01
 9.95215E-01
 9.95213E-01
 9.95211E-01
 9.95209E-01
 9.95207E-01
 9.95206E-01
 9.95204E-01
 9.95202E-01
 9.95200E-01
 9.95198E-01
 9.95197E-01
 9.95195E-01
 9.95193E-01
 9.95191E-01
 9.95189E-01
 9.95188E-01
 9.95186E-01
 9.95184E-01
 9.95182E-01
 9.95181E-01
 9.95179E-01
 9.95177E-01
 9.95175E-01
 9.95174E-01
 9.95172E-01
 9.95170E-01
 9.95168E-01
 9.95167E-01
 9.95165E-01
 9.95163E-01
 9.95161E-01
 9.95160E-01
 9.95158E-01
 9.95156E-01
 9.95154E-01
 9.95153E-01
 9.95151E-01
 9.95149E-01
 9.95147E-01
 9.95146E-01
 9.95144E-01
 9.95142E-01
 9.95140E-01
 9.95139E-01
 9.95137E-01
 9.95135E-01
 9.95134E-01
 9.95132E-01
 9.95130E-01
 9.95128E-01
 9.95127E-01
 9.95125E-01
 9.95123E-01
 9.95121E-01
 9.95120E-01
 9.95118E-01
 9.95116E-01
 9.95114E-01
 9.95113E-01
 9.95111E-01
 9.95109E-01
 9.95108E-01
 9.95106E-01
 9.95104E-01
 9.95102E-01
 9.95101E-01
 9.95099E-01
 9.95097E-01
 9.95096E-01
 9.95094E-01
 9.95092E-01
 9.95090E-01
 9.95088E-01
 9.95087E-01
 9.95085E-01
 9.95083E-01
 9.95081E-01
 9.95080E-01
 9.95078E-01
 9.95076E-01
 9.95074E-01
 9.95073E-01
 9.95071E-01
 9.95069E-01
 9.95067E-01
 9.95065E-01
 9.95064E-01
 9.95062E-01
 9.95060E-01
 9.95058E-01
 9.95057E-01
 9.95055E-01
 9.95053E-01
 9.95051E-01
 9.95050E-01
 9.95048E-01
 9.95046E-01
 9.95045E-01
 9.95043E-01
 9.95041E-01
 9.95039E-01
 9.95037E-01
 9.95036E-01
 9.95034E-01
 9.95032E-01
 9.95030E-01
 9.95028E-01
 9.95027E-01
 9.95025E-01
 9.95023E-01
 9.95021E-01
 9.95020E-01
 9.95018E-01
 9.95016E-01
 9.95014E-01
 9.95012E-01
 9.95011E-01
 9.95009E-01
 9.95007E-01
 9.95005E-01
 9.95003E-01
 9.95002E-01
 9.95000E-01
 9.94998E-01
 9.94997E-01
 9.94995E-01
 9.94993E-01
 9.94991E-01
 9.94989E-01
 9.94987E-01
 9.94986E-01
 9.94984E-01
 9.94982E-01
 9.94980E-01
 9.94978E-01
 9.94976E-01
 9.94974E-01
 9.94973E-01
 9.94971E-01
 9.94969E-01
 9.94967E-01
 9.94965E-01
 9.94963E-01
 9.94961E-01
 9.94960E-01
 9.94958E-01
 9.94956E-01
 9.94954E-01
 9.94952E-01
 9.94951E-01
 9.94949E-01
 9.94947E-01
 9.94945E-01
 9.94943E-01
 9.94941E-01
 9.94940E-01
 9.94938E-01
 9.94936E-01
 9.94934E-01
 9.94932E-01
 9.94930E-01
 9.94928E-01
 9.94926E-01
 9.94925E-01
 9.94923E-01
 9.94921E-01
 9.94919E-01
 9.94917E-01
 9.94915E-01
 9.94913E-01
 9.94912E-01
 9.94910E-01
 9.94908E-01
 9.94906E-01
 9.94904E-01
 9.94902E-01
 9.94901E-01
 9.94899E-01
 9.94897E-01
 9.94895E-01
 9.94893E-01
 9.94891E-01
 9.94890E-01
 9.94888E-01
 9.94886E-01
 9.94884E-01
 9.94882E-01
 9.94881E-01
 9.94879E-01
 9.94877E-01
 9.94875E-01
 9.94874E-01
 9.94872E-01
 9.94870E-01
 9.94868E-01
 9.94867E-01
 9.94865E-01
 9.94863E-01
 9.94861E-01
 9.94859E-01
 9.94858E-01
 9.94856E-01
 9.94854E-01
 9.94852E-01
 9.94851E-01
 9.94849E-01
 9.94847E-01
 9.94845E-01
 9.94844E-01
 9.94842E-01
 9.94840E-01
 9.94838E-01
 9.94837E-01
 9.94835E-01
 9.94833E-01
 9.94831E-01
 9.94830E-01
 9.94828E-01
 9.94827E-01
 9.94825E-01
 9.94823E-01
 9.94821E-01
 9.94819E-01
 9.94818E-01
 9.94816E-01
 9.94814E-01
 9.94812E-01
 9.94810E-01
 9.94809E-01
 9.94807E-01
 9.94805E-01
 9.94803E-01
 9.94802E-01
 9.94800E-01
 9.94798E-01
 9.94796E-01
 9.94794E-01
 9.94793E-01
 9.94791E-01
 9.94789E-01
 9.94787E-01
 9.94786E-01
 9.94784E-01
 9.94782E-01
 9.94780E-01
 9.94778E-01
 9.94777E-01
 9.94775E-01
 9.94773E-01
 9.94771E-01
 9.94770E-01
 9.94768E-01
 9.94766E-01
 9.94765E-01
 9.94763E-01
 9.94761E-01
 9.94759E-01
 9.94757E-01
 9.94756E-01
 9.94754E-01
 9.94752E-01
 9.94750E-01
 9.94748E-01
 9.94747E-01
 9.94745E-01
 9.94743E-01
 9.94741E-01
 9.94739E-01
 9.94738E-01
 9.94736E-01
 9.94734E-01
 9.94732E-01
 9.94731E-01
 9.94729E-01
 9.94727E-01
 9.94725E-01
 9.94723E-01
 9.94722E-01
 9.94720E-01
 9.94718E-01
 9.94716E-01
 9.94715E-01
 9.94713E-01
 9.94711E-01
 9.94709E-01
 9.94708E-01
 9.94706E-01
 9.94704E-01
 9.94702E-01
 9.94700E-01
 9.94699E-01
 9.94697E-01
 9.94695E-01
 9.94693E-01
 9.94692E-01
 9.94690E-01
 9.94688E-01
 9.94686E-01
 9.94685E-01
 9.94683E-01
 9.94681E-01
 9.94680E-01
 9.94678E-01
 9.94676E-01
 9.94674E-01
 9.94673E-01
 9.94671E-01
 9.94669E-01
 9.94667E-01
 9.94666E-01
 9.94664E-01
 9.94662E-01
 9.94660E-01
 9.94659E-01
 9.94657E-01
 9.94655E-01
 9.94654E-01
 9.94652E-01
 9.94650E-01
 9.94648E-01
 9.94647E-01
 9.94645E-01
 9.94643E-01
 9.94641E-01
 9.94640E-01
 9.94638E-01
 9.94636E-01
 9.94635E-01
 9.94633E-01
 9.94631E-01
 9.94629E-01
 9.94627E-01
 9.94625E-01
 9.94624E-01
 9.94622E-01
 9.94620E-01
 9.94618E-01
 9.94616E-01
 9.94614E-01
 9.94613E-01
 9.94611E-01
 9.94609E-01
 9.94607E-01
 9.94605E-01
 9.94604E-01
 9.94602E-01
 9.94600E-01
 9.94598E-01
 9.94596E-01
 9.94594E-01
 9.94593E-01
 9.94591E-01
 9.94589E-01
 9.94587E-01
 9.94585E-01
 9.94584E-01
 9.94582E-01
 9.94580E-01
 9.94578E-01
 9.94577E-01
 9.94575E-01
 9.94573E-01
 9.94571E-01
 9.94569E-01
 9.94568E-01
 9.94566E-01
 9.94564E-01
 9.94562E-01
 9.94561E-01
 9.94559E-01
 9.94557E-01
 9.94555E-01
 9.94554E-01
 9.94552E-01
 9.94550E-01
 9.94548E-01
 9.94547E-01
 9.94545E-01
 9.94543E-01
 9.94541E-01
 9.94540E-01
 9.94538E-01
 9.94536E-01
 9.94535E-01
 9.94533E-01
 9.94531E-01
 9.94529E-01
 9.94528E-01
 9.94526E-01
 9.94524E-01
 9.94522E-01
 9.94521E-01
 9.94519E-01
 9.94517E-01
 9.94515E-01
 9.94513E-01
 9.94512E-01
 9.94510E-01
 9.94508E-01
 9.94506E-01
 9.94505E-01
 9.94503E-01
 9.94501E-01
 9.94499E-01
 9.94497E-01
 9.94496E-01
 9.94494E-01
 9.94492E-01
 9.94490E-01
 9.94489E-01
 9.94487E-01
 9.94485E-01
 9.94483E-01
 9.94481E-01
 9.94480E-01
 9.94478E-01
 9.94476E-01
 9.94475E-01
 9.94473E-01
 9.94471E-01
 9.94469E-01
 9.94468E-01
 9.94466E-01
 9.94464E-01
 9.94462E-01
 9.94460E-01
 9.94458E-01
 9.94457E-01
 9.94455E-01
 9.94453E-01
 9.94451E-01
 9.94449E-01
 9.94447E-01
 9.94445E-01
 9.94444E-01
 9.94442E-01
 9.94440E-01
 9.94438E-01
 9.94436E-01
 9.94434E-01
 9.94433E-01
 9.94431E-01
 9.94429E-01
 9.94427E-01
 9.94425E-01
 9.94423E-01
 9.94422E-01
 9.94420E-01
 9.94418E-01
 9.94416E-01
 9.94414E-01
 9.94412E-01
 9.94410E-01
 9.94409E-01
 9.94407E-01
 9.94405E-01
 9.94403E-01
 9.94401E-01
 9.94399E-01
 9.94398E-01
 9.94396E-01
 9.94394E-01
 9.94392E-01
 9.94390E-01
 9.94389E-01
 9.94387E-01
 9.94385E-01
 9.94383E-01
 9.94382E-01
 9.94380E-01
 9.94378E-01
 9.94376E-01
 9.94374E-01
 9.94373E-01
 9.94371E-01
 9.94369E-01
 9.94367E-01
 9.94366E-01
 9.94364E-01
 9.94362E-01
 9.94360E-01
 9.94359E-01
 9.94357E-01
 9.94355E-01
 9.94353E-01
 9.94352E-01
 9.94350E-01
 9.94348E-01
 9.94346E-01
 9.94345E-01
 9.94343E-01
 9.94341E-01
 9.94339E-01
 9.94338E-01
 9.94336E-01
 9.94334E-01
 9.94332E-01
 9.94331E-01
 9.94329E-01
 9.94327E-01
 9.94326E-01
 9.94324E-01
 9.94322E-01
 9.94320E-01
 9.94319E-01
 9.94317E-01
 9.94315E-01
 9.94313E-01
 9.94312E-01
 9.94310E-01
 9.94308E-01
 9.94307E-01
 9.94305E-01
 9.94303E-01
 9.94301E-01
 9.94300E-01
 9.94298E-01
 9.94296E-01
 9.94294E-01
 9.94293E-01
 9.94291E-01
 9.94289E-01
 9.94288E-01
 9.94286E-01
 9.94284E-01
 9.94282E-01
 9.94281E-01
 9.94279E-01
 9.94277E-01
 9.94275E-01
 9.94274E-01
 9.94272E-01
 9.94270E-01
 9.94269E-01
 9.94267E-01
 9.94265E-01
 9.94263E-01
 9.94262E-01
 9.94260E-01
 9.94258E-01
 9.94257E-01
 9.94255E-01
 9.94253E-01
 9.94251E-01
 9.94250E-01
 9.94248E-01
 9.94246E-01
 9.94244E-01
 9.94243E-01
 9.94241E-01
 9.94239E-01
 9.94238E-01
 9.94236E-01
 9.94234E-01
 9.94232E-01
 9.94231E-01
 9.94229E-01
 9.94227E-01
 9.94226E-01
 9.94224E-01
 9.94222E-01
 9.94220E-01
 9.94219E-01
 9.94217E-01
 9.94215E-01
 9.94213E-01
 9.94212E-01
 9.94210E-01
 9.94208E-01
 9.94207E-01
 9.94205E-01
 9.94203E-01
 9.94201E-01
 9.94200E-01
 9.94198E-01
 9.94196E-01
 9.94195E-01
 9.94193E-01
 9.94191E-01
 9.94189E-01
 9.94188E-01
 9.94186E-01
 9.94184E-01
 9.94182E-01
 9.94181E-01
 9.94179E-01
 9.94177E-01
 9.94176E-01
 9.94174E-01
 9.94172E-01
 9.94171E-01
 9.94169E-01
 9.94167E-01
 9.94165E-01
 9.94164E-01
 9.94162E-01
 9.94160E-01
 9.94158E-01
 9.94157E-01
 9.94155E-01
 9.94153E-01
 9.94151E-01
 9.94150E-01
 9.94148E-01
 9.94146E-01
 9.94144E-01
 9.94142E-01
 9.94141E-01
 9.94139E-01
 9.94137E-01
 9.94135E-01
 9.94134E-01
 9.94132E-01
 9.94130E-01
 9.94128E-01
 9.94127E-01
 9.94125E-01
 9.94123E-01
 9.94121E-01
 9.94120E-01
 9.94118E-01
 9.94116E-01
 9.94114E-01
 9.94113E-01
 9.94111E-01
 9.94109E-01
 9.94107E-01
 9.94105E-01
 9.94104E-01
 9.94102E-01
 9.94100E-01
 9.94098E-01
 9.94096E-01
 9.94095E-01
 9.94093E-01
 9.94091E-01
 9.94089E-01
 9.94087E-01
 9.94086E-01
 9.94084E-01
 9.94082E-01
 9.94080E-01
 9.94079E-01
 9.94077E-01
 9.94075E-01
 9.94073E-01
 9.94071E-01
 9.94070E-01
 9.94068E-01
 9.94066E-01
 9.94064E-01
 9.94063E-01
 9.94061E-01
 9.94059E-01
 9.94057E-01
 9.94055E-01
 9.94053E-01
 9.94052E-01
 9.94050E-01
 9.94048E-01
 9.94046E-01
 9.94044E-01
 9.94042E-01
 9.94040E-01
 9.94038E-01
 9.94036E-01
 9.94035E-01
 9.94033E-01
 9.94031E-01
 9.94029E-01
 9.94027E-01
 9.94025E-01
 9.94023E-01
 9.94022E-01
 9.94020E-01
 9.94018E-01
 9.94016E-01
 9.94014E-01
 9.94012E-01
 9.94011E-01
 9.94009E-01
 9.94007E-01
 9.94005E-01
 9.94003E-01
 9.94002E-01
 9.94000E-01
 9.93998E-01
 9.93996E-01
 9.93994E-01
 9.93992E-01
 9.93991E-01
 9.93989E-01
 9.93987E-01
 9.93985E-01
 9.93984E-01
 9.93982E-01
 9.93980E-01
 9.93978E-01
 9.93976E-01
 9.93975E-01
 9.93973E-01
 9.93971E-01
 9.93970E-01
 9.93968E-01
 9.93966E-01
 9.93964E-01
 9.93962E-01
 9.93961E-01
 9.93959E-01
 9.93957E-01
 9.93955E-01
 9.93953E-01
 9.93952E-01
 9.93950E-01
 9.93948E-01
 9.93946E-01
 9.93944E-01
 9.93943E-01
 9.93941E-01
 9.93939E-01
 9.93937E-01
 9.93936E-01
 9.93934E-01
 9.93932E-01
 9.93930E-01
 9.93929E-01
 9.93927E-01
 9.93925E-01
 9.93923E-01
 9.93921E-01
 9.93919E-01
 9.93918E-01
 9.93916E-01
 9.93914E-01
 9.93912E-01
 9.93910E-01
 9.93909E-01
 9.93907E-01
 9.93905E-01
 9.93903E-01
 9.93901E-01
 9.93900E-01
 9.93898E-01
 9.93896E-01
 9.93894E-01
 9.93892E-01
 9.93891E-01
 9.93889E-01
 9.93887E-01
 9.93885E-01
 9.93883E-01
 9.93882E-01
 9.93880E-01
 9.93878E-01
 9.93876E-01
 9.93875E-01
 9.93873E-01
 9.93871E-01
 9.93869E-01
 9.93867E-01
 9.93866E-01
 9.93864E-01
 9.93862E-01
 9.93860E-01
 9.93858E-01
 9.93856E-01
 9.93855E-01
 9.93853E-01
 9.93851E-01
 9.93849E-01
 9.93848E-01
 9.93846E-01
 9.93844E-01
 9.93842E-01
 9.93840E-01
 9.93838E-01
 9.93837E-01
 9.93835E-01
 9.93833E-01
 9.93831E-01
 9.93829E-01
 9.93827E-01
 9.93826E-01
 9.93824E-01
 9.93822E-01
 9.93820E-01
 9.93818E-01
 9.93816E-01
 9.93815E-01
 9.93813E-01
 9.93811E-01
 9.93809E-01
 9.93807E-01
 9.93805E-01
 9.93803E-01
 9.93802E-01
 9.93800E-01
 9.93798E-01
 9.93796E-01
 9.93794E-01
 9.93792E-01
 9.93791E-01
 9.93789E-01
 9.93787E-01
 9.93785E-01
 9.93783E-01
 9.93782E-01
 9.93780E-01
 9.93778E-01
 9.93776E-01
 9.93774E-01
 9.93772E-01
 9.93771E-01
 9.93769E-01
 9.93767E-01
 9.93765E-01
 9.93763E-01
 9.93761E-01
 9.93760E-01
 9.93758E-01
 9.93756E-01
 9.93754E-01
 9.93752E-01
 9.93751E-01
 9.93749E-01
 9.93747E-01
 9.93745E-01
 9.93743E-01
 9.93741E-01
 9.93740E-01
 9.93738E-01
 9.93736E-01
 9.93734E-01
 9.93733E-01
 9.93731E-01
 9.93729E-01
 9.93727E-01
 9.93725E-01
 9.93724E-01
 9.93722E-01
 9.93720E-01
 9.93718E-01
 9.93717E-01
 9.93715E-01
 9.93713E-01
 9.93711E-01
 9.93710E-01
 9.93708E-01
 9.93706E-01
 9.93704E-01
 9.93702E-01
 9.93701E-01
 9.93699E-01
 9.93697E-01
 9.93695E-01
 9.93694E-01
 9.93692E-01
 9.93690E-01
 9.93688E-01
 9.93687E-01
 9.93685E-01
 9.93683E-01
 9.93681E-01
 9.93680E-01
 9.93678E-01
 9.93676E-01
 9.93675E-01
 9.93673E-01
 9.93671E-01
 9.93669E-01
 9.93668E-01
 9.93666E-01
 9.93664E-01
 9.93662E-01
 9.93661E-01
 9.93659E-01
 9.93657E-01
 9.93655E-01
 9.93654E-01
 9.93652E-01
 9.93650E-01
 9.93648E-01
 9.93647E-01
 9.93645E-01
 9.93643E-01
 9.93642E-01
 9.93640E-01
 9.93638E-01
 9.93636E-01
 9.93635E-01
 9.93633E-01
 9.93631E-01
 9.93629E-01
 9.93628E-01
 9.93626E-01
 9.93624E-01
 9.93623E-01
 9.93621E-01
 9.93619E-01
 9.93617E-01
 9.93616E-01
 9.93614E-01
 9.93612E-01
 9.93610E-01
 9.93609E-01
 9.93607E-01
 9.93605E-01
 9.93604E-01
 9.93602E-01
 9.93600E-01
 9.93598E-01
 9.93597E-01
 9.93595E-01
 9.93593E-01
 9.93592E-01
 9.93590E-01
 9.93588E-01
 9.93586E-01
 9.93585E-01
 9.93583E-01
 9.93581E-01
 9.93579E-01
 9.93577E-01
 9.93576E-01
 9.93574E-01
 9.93572E-01
 9.93570E-01
 9.93569E-01
 9.93567E-01
 9.93565E-01
 9.93563E-01
 9.93561E-01
 9.93560E-01
 9.93558E-01
 9.93556E-01
 9.93554E-01
 9.93552E-01
 9.93550E-01
 9.93549E-01
 9.93547E-01
 9.93545E-01
 9.93543E-01
 9.93541E-01
 9.93540E-01
 9.93538E-01
 9.93536E-01
 9.93534E-01
 9.93533E-01
 9.93531E-01
 9.93529E-01
 9.93527E-01
 9.93525E-01
 9.93523E-01
 9.93522E-01
 9.93520E-01
 9.93518E-01
 9.93516E-01
 9.93514E-01
