 0.00000E+00
 3.86152E-06
 1.08867E-05
 1.73444E-05
 2.32158E-05
 2.85725E-05
 3.34861E-05
 3.80187E-05
 4.22234E-05
 4.61461E-05
 4.98262E-05
 5.32978E-05
 5.65877E-05
 5.96793E-05
 6.26387E-05
 6.54849E-05
 6.82340E-05
 7.09002E-05
 7.34954E-05
 7.60302E-05
 7.85133E-05
 8.09527E-05
 8.33527E-05
 8.56788E-05
 8.79783E-05
 9.02555E-05
 9.25141E-05
 9.47573E-05
 9.69879E-05
 9.92081E-05
 1.01420E-04
 1.03626E-04
 1.05812E-04
 1.07967E-04
 1.10118E-04
 1.12268E-04
 1.14417E-04
 1.16566E-04
 1.18715E-04
 1.20865E-04
 1.23017E-04
 1.25171E-04
 1.27291E-04
 1.29409E-04
 1.31529E-04
 1.33653E-04
 1.35779E-04
 1.37909E-04
 1.40042E-04
 1.42179E-04
 1.44319E-04
 1.46436E-04
 1.48545E-04
 1.50658E-04
 1.52775E-04
 1.54896E-04
 1.57020E-04
 1.59149E-04
 1.61281E-04
 1.63418E-04
 1.65530E-04
 1.67638E-04
 1.69750E-04
 1.71866E-04
 1.73986E-04
 1.76110E-04
 1.78238E-04
 1.80371E-04
 1.82503E-04
 1.84608E-04
 1.86716E-04
 1.88827E-04
 1.90940E-04
 1.93057E-04
 1.95176E-04
 1.97299E-04
 1.99424E-04
 2.01530E-04
 2.03628E-04
 2.05729E-04
 2.07834E-04
 2.09942E-04
 2.12054E-04
 2.14169E-04
 2.16287E-04
 2.18394E-04
 2.20488E-04
 2.22585E-04
 2.24686E-04
 2.26791E-04
 2.28900E-04
 2.31012E-04
 2.33129E-04
 2.35236E-04
 2.37324E-04
 2.39405E-04
 2.41483E-04
 2.43558E-04
 2.45627E-04
 2.47692E-04
 2.49753E-04
 2.51792E-04
 2.53825E-04
 2.55867E-04
 2.57916E-04
 2.59971E-04
 2.62033E-04
 2.64102E-04
 2.66177E-04
 2.68239E-04
 2.70294E-04
 2.72352E-04
 2.74412E-04
 2.76477E-04
 2.78544E-04
 2.80615E-04
 2.82684E-04
 2.84735E-04
 2.86789E-04
 2.88847E-04
 2.90908E-04
 2.92973E-04
 2.95041E-04
 2.97112E-04
 2.99163E-04
 3.01215E-04
 3.03271E-04
 3.05329E-04
 3.07392E-04
 3.09457E-04
 3.11526E-04
 3.13579E-04
 3.15630E-04
 3.17684E-04
 3.19742E-04
 3.21803E-04
 3.23868E-04
 3.25936E-04
 3.27986E-04
 3.30037E-04
 3.32092E-04
 3.34150E-04
 3.36211E-04
 3.38275E-04
 3.40340E-04
 3.42389E-04
 3.44441E-04
 3.46496E-04
 3.48555E-04
 3.50617E-04
 3.52683E-04
 3.54740E-04
 3.56790E-04
 3.58845E-04
 3.60902E-04
 3.62963E-04
 3.65025E-04
 3.67087E-04
 3.69135E-04
 3.71186E-04
 3.73241E-04
 3.75298E-04
 3.77357E-04
 3.79420E-04
 3.81467E-04
 3.83517E-04
 3.85570E-04
 3.87626E-04
 3.89686E-04
 3.91749E-04
 3.93798E-04
 3.95849E-04
 3.97902E-04
 3.99960E-04
 4.02020E-04
 4.04082E-04
 4.06129E-04
 4.08180E-04
 4.10233E-04
 4.12290E-04
 4.14351E-04
 4.16410E-04
 4.18459E-04
 4.20512E-04
 4.22568E-04
 4.24627E-04
 4.26690E-04
 4.28744E-04
 4.30797E-04
 4.32852E-04
 4.34911E-04
 4.36973E-04
 4.39035E-04
 4.41088E-04
 4.43143E-04
 4.45202E-04
 4.47264E-04
 4.49330E-04
 4.51384E-04
 4.53441E-04
 4.55500E-04
 4.57563E-04
 4.59629E-04
 4.61688E-04
 4.63745E-04
 4.65806E-04
 4.67870E-04
 4.69935E-04
 4.71994E-04
 4.74051E-04
 4.76111E-04
 4.78175E-04
 4.80241E-04
 4.82300E-04
 4.84357E-04
 4.86417E-04
 4.88481E-04
 4.90547E-04
 4.92604E-04
 4.94663E-04
 4.96726E-04
 4.98791E-04
 5.00856E-04
 5.02915E-04
 5.04978E-04
 5.07043E-04
 5.09111E-04
 5.11174E-04
 5.13236E-04
 5.15301E-04
 5.17369E-04
 5.19437E-04
 5.21498E-04
 5.23562E-04
 5.25629E-04
 5.27698E-04
 5.29761E-04
 5.31825E-04
 5.33893E-04
 5.35963E-04
 5.38029E-04
 5.40095E-04
 5.42163E-04
 5.44234E-04
 5.46303E-04
 5.48370E-04
 5.50440E-04
 5.52512E-04
 5.54582E-04
 5.56651E-04
 5.58722E-04
 5.60796E-04
 5.62867E-04
 5.64938E-04
 5.67011E-04
 5.69086E-04
 5.71156E-04
 5.73227E-04
 5.75300E-04
 5.77375E-04
 5.79446E-04
 5.81518E-04
 5.83593E-04
 5.85668E-04
 5.87740E-04
 5.89812E-04
 5.91888E-04
 5.93961E-04
 5.96034E-04
 5.98109E-04
 6.00185E-04
 6.02259E-04
 6.04334E-04
 6.06412E-04
 6.08487E-04
 6.10563E-04
 6.12641E-04
 6.14720E-04
 6.16796E-04
 6.18875E-04
 6.20955E-04
 6.23033E-04
 6.25112E-04
 6.27193E-04
 6.29272E-04
 6.31352E-04
 6.33434E-04
 6.35513E-04
 6.37592E-04
 6.39673E-04
 6.41753E-04
 6.43834E-04
 6.45916E-04
 6.47997E-04
 6.50078E-04
 6.52161E-04
 6.54243E-04
 6.56326E-04
 6.58410E-04
 6.60493E-04
 6.62576E-04
 6.64661E-04
 6.66744E-04
 6.68829E-04
 6.70913E-04
 6.72995E-04
 6.75078E-04
 6.77162E-04
 6.79244E-04
 6.81325E-04
 6.83509E-04
 6.86698E-04
 6.88685E-04
 6.90419E-04
 6.92474E-04
 6.94261E-04
 6.96366E-04
 6.98215E-04
 7.00364E-04
 7.02239E-04
 7.04432E-04
 7.06335E-04
 7.08538E-04
 7.10458E-04
 7.12673E-04
 7.14606E-04
 7.16836E-04
 7.18775E-04
 7.21009E-04
 7.22965E-04
 7.25211E-04
 7.27180E-04
 7.29415E-04
 7.31380E-04
 7.33614E-04
 7.35499E-04
 7.37716E-04
 7.39766E-04
 7.41983E-04
 7.44027E-04
 7.46229E-04
 7.48262E-04
 7.50459E-04
 7.52502E-04
 7.54702E-04
 7.56744E-04
 7.58942E-04
 7.60974E-04
 7.63156E-04
 7.65196E-04
 7.67377E-04
 7.69416E-04
 7.71600E-04
 7.73635E-04
 7.75806E-04
 7.77843E-04
 7.80011E-04
 7.82050E-04
 7.84219E-04
 7.86258E-04
 7.88419E-04
 7.90448E-04
 7.92601E-04
 7.94631E-04
 7.96774E-04
 7.98791E-04
 8.00911E-04
 8.02917E-04
 8.05043E-04
 8.07048E-04
 8.09176E-04
 8.11192E-04
 8.13315E-04
 8.15331E-04
 8.17450E-04
 8.19458E-04
 8.21568E-04
 8.23575E-04
 8.25680E-04
 8.27685E-04
 8.29786E-04
 8.31795E-04
 8.33906E-04
 8.35926E-04
 8.38026E-04
 8.40035E-04
 8.42138E-04
 8.44157E-04
 8.46264E-04
 8.48273E-04
 8.50368E-04
 8.52386E-04
 8.54490E-04
 8.56505E-04
 8.58599E-04
 8.60616E-04
 8.62714E-04
 8.64732E-04
 8.66822E-04
 8.68844E-04
 8.70936E-04
 8.72956E-04
 8.75042E-04
 8.77065E-04
 8.79159E-04
 8.81180E-04
 8.83263E-04
 8.85288E-04
 8.87376E-04
 8.89403E-04
 8.91482E-04
 8.93507E-04
 8.95590E-04
 8.97620E-04
 8.99701E-04
 9.01729E-04
 9.03808E-04
 9.05839E-04
 9.07919E-04
 9.09949E-04
 9.12025E-04
 9.14057E-04
 9.16135E-04
 9.18169E-04
 9.20246E-04
 9.22280E-04
 9.24354E-04
 9.26392E-04
 9.28471E-04
 9.30505E-04
 9.32580E-04
 9.34623E-04
 9.36699E-04
 9.38737E-04
 9.40813E-04
 9.42856E-04
 9.44931E-04
 9.46976E-04
 9.49051E-04
 9.51095E-04
 9.53172E-04
 9.55219E-04
 9.57290E-04
 9.59338E-04
 9.61414E-04
 9.63462E-04
 9.65535E-04
 9.67586E-04
 9.69661E-04
 9.71712E-04
 9.73784E-04
 9.75837E-04
 9.77911E-04
 9.79965E-04
 9.82038E-04
 9.84094E-04
 9.86170E-04
 9.88225E-04
 9.90299E-04
 9.92360E-04
 9.94434E-04
 9.96494E-04
 9.98569E-04
 1.00063E-03
 1.00271E-03
 1.00477E-03
 1.00685E-03
 1.00891E-03
 1.01098E-03
 1.01305E-03
 1.01512E-03
 1.01719E-03
 1.01927E-03
 1.02133E-03
 1.02341E-03
 1.02548E-03
 1.02756E-03
 1.02963E-03
 1.03170E-03
 1.03377E-03
 1.03585E-03
 1.03792E-03
 1.04000E-03
 1.04207E-03
 1.04415E-03
 1.04622E-03
 1.04830E-03
 1.05038E-03
 1.05246E-03
 1.05453E-03
 1.05661E-03
 1.05869E-03
 1.06077E-03
 1.06285E-03
 1.06493E-03
 1.06703E-03
 1.06951E-03
 1.07156E-03
 1.07351E-03
 1.07558E-03
 1.07757E-03
 1.07966E-03
 1.08167E-03
 1.08378E-03
 1.08582E-03
 1.08837E-03
 1.09036E-03
 1.09235E-03
 1.09436E-03
 1.09639E-03
 1.09843E-03
 1.10046E-03
 1.10256E-03
 1.10463E-03
 1.10673E-03
 1.10880E-03
 1.11091E-03
 1.11298E-03
 1.11508E-03
 1.11716E-03
 1.11928E-03
 1.12139E-03
 1.12351E-03
 1.12561E-03
 1.12771E-03
 1.12982E-03
 1.13193E-03
 1.13429E-03
 1.13662E-03
 1.13864E-03
 1.14068E-03
 1.14273E-03
 1.14480E-03
 1.14688E-03
 1.14897E-03
 1.15106E-03
 1.15316E-03
 1.15527E-03
 1.15738E-03
 1.15946E-03
 1.16155E-03
 1.16367E-03
 1.16579E-03
 1.16791E-03
 1.17004E-03
 1.17216E-03
 1.17429E-03
 1.17640E-03
 1.17851E-03
 1.18062E-03
 1.18273E-03
 1.18485E-03
 1.18696E-03
 1.18908E-03
 1.19119E-03
 1.19330E-03
 1.19541E-03
 1.19751E-03
 1.19962E-03
 1.20172E-03
 1.20383E-03
 1.20593E-03
 1.20803E-03
 1.21013E-03
 1.21222E-03
 1.21431E-03
 1.21640E-03
 1.21848E-03
 1.22056E-03
 1.22265E-03
 1.22474E-03
 1.22684E-03
 1.22893E-03
 1.23101E-03
 1.23309E-03
 1.23516E-03
 1.23723E-03
 1.23930E-03
 1.24137E-03
 1.24344E-03
 1.24550E-03
 1.24756E-03
 1.24963E-03
 1.25170E-03
 1.25378E-03
 1.25585E-03
 1.25792E-03
 1.25999E-03
 1.26206E-03
 1.26412E-03
 1.26619E-03
 1.26826E-03
 1.27033E-03
 1.27239E-03
 1.27447E-03
 1.27653E-03
 1.27860E-03
 1.28066E-03
 1.28273E-03
 1.28480E-03
 1.28686E-03
 1.28893E-03
 1.29100E-03
 1.29306E-03
 1.29512E-03
 1.29718E-03
 1.29923E-03
 1.30129E-03
 1.30335E-03
 1.30540E-03
 1.30745E-03
 1.30949E-03
 1.31155E-03
 1.31360E-03
 1.31566E-03
 1.31771E-03
 1.31977E-03
 1.32183E-03
 1.32388E-03
 1.32594E-03
 1.32800E-03
 1.33005E-03
 1.33211E-03
 1.33417E-03
 1.33623E-03
 1.33828E-03
 1.34033E-03
 1.34239E-03
 1.34445E-03
 1.34651E-03
 1.34856E-03
 1.35061E-03
 1.35267E-03
 1.35473E-03
 1.35679E-03
 1.35884E-03
 1.36090E-03
 1.36295E-03
 1.36501E-03
 1.36707E-03
 1.36912E-03
 1.37118E-03
 1.37324E-03
 1.37529E-03
 1.37735E-03
 1.37940E-03
 1.38146E-03
 1.38352E-03
 1.38558E-03
 1.38763E-03
 1.38969E-03
 1.39175E-03
 1.39381E-03
 1.39587E-03
 1.39793E-03
 1.39999E-03
 1.40205E-03
 1.40410E-03
 1.40617E-03
 1.40822E-03
 1.41029E-03
 1.41234E-03
 1.41440E-03
 1.41646E-03
 1.41853E-03
 1.42059E-03
 1.42265E-03
 1.42471E-03
 1.42677E-03
 1.42883E-03
 1.43090E-03
 1.43296E-03
 1.43503E-03
 1.43709E-03
 1.43915E-03
 1.44122E-03
 1.44329E-03
 1.44535E-03
 1.44742E-03
 1.44948E-03
 1.45155E-03
 1.45362E-03
 1.45569E-03
 1.45775E-03
 1.45982E-03
 1.46189E-03
 1.46396E-03
 1.46602E-03
 1.46809E-03
 1.47016E-03
 1.47223E-03
 1.47430E-03
 1.47637E-03
 1.47844E-03
 1.48051E-03
 1.48258E-03
 1.48465E-03
 1.48672E-03
 1.48880E-03
 1.49087E-03
 1.49294E-03
 1.49501E-03
 1.49730E-03
 1.49936E-03
 1.50137E-03
 1.50345E-03
 1.50547E-03
 1.50756E-03
 1.50959E-03
 1.51169E-03
 1.51373E-03
 1.51584E-03
 1.51788E-03
 1.51999E-03
 1.52204E-03
 1.52415E-03
 1.52618E-03
 1.52828E-03
 1.53035E-03
 1.53245E-03
 1.53452E-03
 1.53662E-03
 1.53869E-03
 1.54080E-03
 1.54286E-03
 1.54498E-03
 1.54721E-03
 1.54930E-03
 1.55147E-03
 1.55356E-03
 1.55553E-03
 1.55763E-03
 1.55962E-03
 1.56174E-03
 1.56375E-03
 1.56588E-03
 1.56790E-03
 1.57004E-03
 1.57206E-03
 1.57420E-03
 1.57622E-03
 1.57836E-03
 1.58039E-03
 1.58254E-03
 1.58457E-03
 1.58690E-03
 1.58893E-03
 1.59119E-03
 1.59322E-03
 1.59526E-03
 1.59730E-03
 1.59936E-03
 1.60143E-03
 1.60350E-03
 1.60558E-03
 1.60767E-03
 1.60976E-03
 1.61185E-03
 1.61395E-03
 1.61604E-03
 1.61814E-03
 1.62023E-03
 1.62230E-03
 1.62441E-03
 1.62649E-03
 1.62862E-03
 1.63072E-03
 1.63284E-03
 1.63493E-03
 1.63705E-03
 1.63914E-03
 1.64125E-03
 1.64334E-03
 1.64545E-03
 1.64755E-03
 1.64966E-03
 1.65175E-03
 1.65387E-03
 1.65595E-03
 1.65806E-03
 1.66015E-03
 1.66226E-03
 1.66435E-03
 1.66646E-03
 1.66855E-03
 1.67067E-03
 1.67276E-03
 1.67506E-03
 1.67714E-03
 1.67938E-03
 1.68145E-03
 1.68345E-03
 1.68554E-03
 1.68757E-03
 1.68968E-03
 1.69171E-03
 1.69383E-03
 1.69587E-03
 1.69799E-03
 1.70004E-03
 1.70216E-03
 1.70420E-03
 1.70630E-03
 1.70837E-03
 1.71049E-03
 1.71255E-03
 1.71467E-03
 1.71674E-03
 1.71886E-03
 1.72093E-03
 1.72305E-03
 1.72512E-03
 1.72723E-03
 1.72929E-03
 1.73139E-03
 1.73344E-03
 1.73554E-03
 1.73760E-03
 1.73969E-03
 1.74176E-03
 1.74386E-03
 1.74592E-03
 1.74803E-03
 1.75008E-03
 1.75218E-03
 1.75424E-03
 1.75634E-03
 1.75840E-03
 1.76049E-03
 1.76255E-03
 1.76465E-03
 1.76671E-03
 1.76880E-03
 1.77085E-03
 1.77294E-03
 1.77498E-03
 1.77707E-03
 1.77911E-03
 1.78119E-03
 1.78324E-03
 1.78532E-03
 1.78737E-03
 1.78946E-03
 1.79151E-03
 1.79359E-03
 1.79564E-03
 1.79772E-03
 1.79977E-03
 1.80186E-03
 1.80391E-03
 1.80600E-03
 1.80805E-03
 1.81013E-03
 1.81218E-03
 1.81426E-03
 1.81631E-03
 1.81839E-03
 1.82044E-03
 1.82253E-03
 1.82458E-03
 1.82666E-03
 1.82871E-03
 1.83079E-03
 1.83284E-03
 1.83492E-03
 1.83697E-03
 1.83905E-03
 1.84110E-03
 1.84318E-03
 1.84524E-03
 1.84732E-03
 1.84937E-03
 1.85145E-03
 1.85350E-03
 1.85558E-03
 1.85763E-03
 1.85971E-03
 1.86176E-03
 1.86384E-03
 1.86589E-03
 1.86796E-03
 1.87001E-03
 1.87208E-03
 1.87413E-03
 1.87620E-03
 1.87824E-03
 1.88031E-03
 1.88235E-03
 1.88441E-03
 1.88646E-03
 1.88852E-03
 1.89057E-03
 1.89264E-03
 1.89469E-03
 1.89676E-03
 1.89881E-03
 1.90088E-03
 1.90293E-03
 1.90500E-03
 1.90705E-03
 1.90912E-03
 1.91117E-03
 1.91324E-03
 1.91529E-03
 1.91737E-03
 1.91941E-03
 1.92149E-03
 1.92354E-03
 1.92561E-03
 1.92766E-03
 1.92973E-03
 1.93178E-03
 1.93385E-03
 1.93590E-03
 1.93798E-03
 1.94003E-03
 1.94210E-03
 1.94415E-03
 1.94623E-03
 1.94828E-03
 1.95035E-03
 1.95240E-03
 1.95448E-03
 1.95653E-03
 1.95860E-03
 1.96066E-03
 1.96274E-03
 1.96479E-03
 1.96686E-03
 1.96892E-03
 1.97100E-03
 1.97305E-03
 1.97513E-03
 1.97718E-03
 1.97926E-03
 1.98132E-03
 1.98339E-03
 1.98545E-03
 1.98752E-03
 1.98958E-03
 1.99166E-03
 1.99372E-03
 1.99580E-03
 1.99786E-03
 1.99993E-03
 2.00199E-03
 2.00407E-03
 2.00614E-03
 2.00839E-03
 2.01045E-03
 2.01264E-03
 2.01469E-03
 2.01667E-03
 2.01874E-03
 2.02074E-03
 2.02283E-03
 2.02483E-03
 2.02694E-03
 2.02895E-03
 2.03107E-03
 2.03309E-03
 2.03521E-03
 2.03724E-03
 2.03936E-03
 2.04140E-03
 2.04351E-03
 2.04554E-03
 2.04765E-03
 2.04971E-03
 2.05182E-03
 2.05388E-03
 2.05599E-03
 2.05806E-03
 2.06017E-03
 2.06223E-03
 2.06434E-03
 2.06640E-03
 2.06851E-03
 2.07057E-03
 2.07269E-03
 2.07475E-03
 2.07686E-03
 2.07891E-03
 2.08102E-03
 2.08308E-03
 2.08519E-03
 2.08725E-03
 2.08936E-03
 2.09142E-03
 2.09353E-03
 2.09559E-03
 2.09770E-03
 2.09975E-03
 2.10186E-03
 2.10392E-03
 2.10603E-03
 2.10809E-03
 2.11020E-03
 2.11226E-03
 2.11437E-03
 2.11643E-03
 2.11854E-03
 2.12060E-03
 2.12270E-03
 2.12477E-03
 2.12701E-03
 2.12906E-03
 2.13113E-03
 2.13320E-03
 2.13541E-03
 2.13746E-03
 2.13950E-03
 2.14157E-03
 2.14361E-03
 2.14569E-03
 2.14774E-03
 2.14983E-03
 2.15189E-03
 2.15397E-03
 2.15604E-03
 2.15813E-03
 2.16019E-03
 2.16228E-03
 2.16435E-03
 2.16644E-03
 2.16850E-03
 2.17060E-03
 2.17266E-03
 2.17475E-03
 2.17683E-03
 2.17893E-03
 2.18100E-03
 2.18309E-03
 2.18519E-03
 2.18743E-03
 2.18950E-03
 2.19154E-03
 2.19362E-03
 2.19583E-03
 2.19790E-03
 2.19991E-03
 2.20199E-03
 2.20403E-03
 2.20613E-03
 2.20816E-03
 2.21026E-03
 2.21231E-03
 2.21442E-03
 2.21647E-03
 2.21859E-03
 2.22064E-03
 2.22276E-03
 2.22481E-03
 2.22693E-03
 2.22898E-03
 2.23109E-03
 2.23315E-03
 2.23526E-03
 2.23732E-03
 2.23942E-03
 2.24150E-03
 2.24360E-03
 2.24567E-03
 2.24777E-03
 2.24984E-03
 2.25194E-03
 2.25400E-03
 2.25610E-03
 2.25817E-03
 2.26027E-03
 2.26234E-03
 2.26444E-03
 2.26652E-03
 2.26862E-03
 2.27068E-03
 2.27279E-03
 2.27486E-03
 2.27696E-03
 2.27902E-03
 2.28112E-03
 2.28319E-03
 2.28529E-03
 2.28736E-03
 2.28946E-03
 2.29153E-03
 2.29363E-03
 2.29570E-03
 2.29780E-03
 2.29987E-03
 2.30197E-03
 2.30405E-03
 2.30631E-03
 2.30836E-03
 2.31041E-03
 2.31247E-03
 2.31454E-03
 2.31677E-03
 2.31882E-03
 2.32085E-03
 2.32292E-03
 2.32496E-03
 2.32703E-03
 2.32908E-03
 2.33116E-03
 2.33322E-03
 2.33531E-03
 2.33737E-03
 2.33945E-03
 2.34151E-03
 2.34359E-03
 2.34564E-03
 2.34773E-03
 2.34979E-03
 2.35188E-03
 2.35394E-03
 2.35602E-03
 2.35809E-03
 2.36018E-03
 2.36225E-03
 2.36434E-03
 2.36641E-03
 2.36850E-03
 2.37057E-03
 2.37266E-03
 2.37473E-03
 2.37682E-03
 2.37889E-03
 2.38097E-03
 2.38304E-03
 2.38513E-03
 2.38720E-03
 2.38928E-03
 2.39135E-03
 2.39343E-03
 2.39550E-03
 2.39758E-03
 2.39965E-03
 2.40173E-03
 2.40378E-03
 2.40586E-03
 2.40792E-03
 2.40999E-03
 2.41205E-03
 2.41413E-03
 2.41619E-03
 2.41826E-03
 2.42032E-03
 2.42240E-03
 2.42446E-03
 2.42653E-03
 2.42859E-03
 2.43067E-03
 2.43274E-03
 2.43482E-03
 2.43688E-03
 2.43895E-03
 2.44102E-03
 2.44309E-03
 2.44516E-03
 2.44724E-03
 2.44930E-03
 2.45138E-03
 2.45344E-03
 2.45552E-03
 2.45758E-03
 2.45966E-03
 2.46172E-03
 2.46380E-03
 2.46587E-03
 2.46794E-03
 2.47001E-03
 2.47208E-03
 2.47414E-03
 2.47622E-03
 2.47828E-03
 2.48035E-03
 2.48242E-03
 2.48449E-03
 2.48656E-03
 2.48863E-03
 2.49070E-03
 2.49277E-03
 2.49483E-03
 2.49691E-03
 2.49897E-03
 2.50106E-03
 2.50328E-03
 2.50535E-03
 2.50736E-03
 2.50943E-03
 2.51146E-03
 2.51354E-03
 2.51557E-03
 2.51767E-03
 2.51970E-03
 2.52179E-03
 2.52383E-03
 2.52592E-03
 2.52797E-03
 2.53007E-03
 2.53211E-03
 2.53421E-03
 2.53625E-03
 2.53834E-03
 2.54038E-03
 2.54245E-03
 2.54451E-03
 2.54659E-03
 2.54864E-03
 2.55073E-03
 2.55278E-03
 2.55487E-03
 2.55692E-03
 2.55901E-03
 2.56106E-03
 2.56315E-03
 2.56521E-03
 2.56730E-03
 2.56935E-03
 2.57144E-03
 2.57349E-03
 2.57557E-03
 2.57763E-03
 2.57971E-03
 2.58176E-03
 2.58385E-03
 2.58591E-03
 2.58800E-03
 2.59005E-03
 2.59214E-03
 2.59420E-03
 2.59629E-03
 2.59834E-03
 2.60043E-03
 2.60249E-03
 2.60457E-03
 2.60663E-03
 2.60871E-03
 2.61077E-03
 2.61286E-03
 2.61492E-03
 2.61700E-03
 2.61906E-03
 2.62115E-03
 2.62321E-03
 2.62530E-03
 2.62736E-03
 2.62944E-03
 2.63151E-03
 2.63374E-03
 2.63579E-03
 2.63783E-03
 2.63989E-03
 2.64209E-03
 2.64415E-03
 2.64615E-03
 2.64823E-03
 2.65025E-03
 2.65233E-03
 2.65436E-03
 2.65645E-03
 2.65848E-03
 2.66058E-03
 2.66263E-03
 2.66473E-03
 2.66678E-03
 2.66889E-03
 2.67094E-03
 2.67303E-03
 2.67509E-03
 2.67719E-03
 2.67926E-03
 2.68134E-03
 2.68341E-03
 2.68551E-03
 2.68758E-03
 2.68968E-03
 2.69175E-03
 2.69384E-03
 2.69592E-03
 2.69801E-03
 2.70009E-03
 2.70218E-03
 2.70425E-03
 2.70635E-03
 2.70842E-03
 2.71051E-03
 2.71258E-03
 2.71468E-03
 2.71674E-03
 2.71884E-03
 2.72090E-03
 2.72299E-03
 2.72506E-03
 2.72714E-03
 2.72920E-03
 2.73128E-03
 2.73334E-03
 2.73542E-03
 2.73748E-03
 2.73956E-03
 2.74161E-03
 2.74370E-03
 2.74576E-03
 2.74785E-03
 2.74991E-03
 2.75199E-03
 2.75406E-03
 2.75614E-03
 2.75820E-03
 2.76029E-03
 2.76235E-03
 2.76443E-03
 2.76649E-03
 2.76858E-03
 2.77064E-03
 2.77272E-03
 2.77479E-03
 2.77687E-03
 2.77893E-03
 2.78102E-03
 2.78308E-03
 2.78517E-03
 2.78723E-03
 2.78931E-03
 2.79137E-03
 2.79346E-03
 2.79552E-03
 2.79761E-03
 2.79967E-03
 2.80175E-03
 2.80383E-03
 2.80603E-03
 2.80809E-03
 2.81013E-03
 2.81219E-03
 2.81425E-03
 2.81631E-03
 2.81837E-03
 2.82045E-03
 2.82262E-03
 2.82469E-03
 2.82671E-03
 2.82879E-03
 2.83082E-03
 2.83290E-03
 2.83494E-03
 2.83703E-03
 2.83907E-03
 2.84116E-03
 2.84321E-03
 2.84531E-03
 2.84736E-03
 2.84945E-03
 2.85150E-03
 2.85360E-03
 2.85566E-03
 2.85776E-03
 2.85980E-03
 2.86190E-03
 2.86396E-03
 2.86606E-03
 2.86813E-03
 2.87022E-03
 2.87229E-03
 2.87438E-03
 2.87643E-03
 2.87852E-03
 2.88059E-03
 2.88269E-03
 2.88489E-03
 2.88696E-03
 2.88899E-03
 2.89107E-03
 2.89310E-03
 2.89518E-03
 2.89722E-03
 2.89932E-03
 2.90148E-03
 2.90356E-03
 2.90557E-03
 2.90765E-03
 2.90967E-03
 2.91177E-03
 2.91379E-03
 2.91590E-03
 2.91793E-03
 2.92004E-03
 2.92207E-03
 2.92418E-03
 2.92621E-03
 2.92833E-03
 2.93036E-03
 2.93248E-03
 2.93451E-03
 2.93663E-03
 2.93868E-03
 2.94079E-03
 2.94284E-03
 2.94495E-03
 2.94700E-03
 2.94911E-03
 2.95115E-03
 2.95326E-03
 2.95532E-03
 2.95743E-03
 2.95949E-03
 2.96160E-03
 2.96366E-03
 2.96577E-03
 2.96783E-03
 2.96993E-03
 2.97199E-03
 2.97410E-03
 2.97616E-03
 2.97826E-03
 2.98032E-03
 2.98242E-03
 2.98449E-03
 2.98659E-03
 2.98866E-03
 2.99076E-03
 2.99282E-03
 2.99492E-03
 2.99698E-03
 2.99909E-03
 3.00115E-03
 3.00325E-03
 3.00531E-03
 3.00742E-03
 3.00948E-03
 3.01158E-03
 3.01365E-03
 3.01575E-03
 3.01781E-03
 3.01992E-03
 3.02198E-03
 3.02408E-03
 3.02615E-03
 3.02825E-03
 3.03032E-03
 3.03256E-03
 3.03461E-03
 3.03667E-03
 3.03872E-03
 3.04079E-03
 3.04286E-03
 3.04493E-03
 3.04701E-03
 3.04922E-03
 3.05127E-03
 3.05330E-03
 3.05537E-03
 3.05741E-03
 3.05948E-03
 3.06154E-03
 3.06362E-03
 3.06568E-03
 3.06776E-03
 3.06982E-03
 3.07190E-03
 3.07396E-03
 3.07604E-03
 3.07810E-03
 3.08018E-03
 3.08226E-03
 3.08435E-03
 3.08642E-03
 3.08852E-03
 3.09059E-03
 3.09268E-03
 3.09475E-03
 3.09682E-03
 3.09890E-03
 3.10099E-03
 3.10307E-03
 3.10515E-03
 3.10723E-03
 3.10932E-03
 3.11140E-03
 3.11350E-03
 3.11571E-03
 3.11779E-03
 3.11982E-03
 3.12204E-03
 3.12407E-03
 3.12611E-03
 3.12816E-03
 3.13021E-03
 3.13226E-03
 3.13432E-03
 3.13638E-03
 3.13844E-03
 3.14051E-03
 3.14258E-03
 3.14465E-03
 3.14672E-03
 3.14880E-03
 3.15087E-03
 3.15295E-03
 3.15502E-03
 3.15710E-03
 3.15916E-03
 3.16124E-03
 3.16332E-03
 3.16539E-03
 3.16747E-03
 3.16955E-03
 3.17164E-03
 3.17372E-03
 3.17580E-03
 3.17788E-03
 3.17997E-03
 3.18205E-03
 3.18413E-03
 3.18621E-03
 3.18829E-03
 3.19037E-03
 3.19246E-03
 3.19454E-03
 3.19663E-03
 3.19871E-03
 3.20079E-03
 3.20286E-03
 3.20494E-03
 3.20702E-03
 3.20910E-03
 3.21118E-03
 3.21326E-03
 3.21534E-03
 3.21743E-03
 3.21951E-03
 3.22159E-03
 3.22367E-03
 3.22575E-03
 3.22783E-03
 3.22991E-03
 3.23199E-03
 3.23407E-03
 3.23614E-03
 3.23822E-03
 3.24031E-03
 3.24239E-03
 3.24447E-03
 3.24655E-03
 3.24863E-03
 3.25072E-03
 3.25279E-03
 3.25487E-03
 3.25695E-03
 3.25903E-03
 3.26111E-03
 3.26319E-03
 3.26527E-03
 3.26735E-03
 3.26944E-03
 3.27152E-03
 3.27360E-03
 3.27567E-03
 3.27775E-03
 3.27983E-03
 3.28191E-03
 3.28399E-03
 3.28607E-03
 3.28814E-03
 3.29022E-03
 3.29229E-03
 3.29436E-03
 3.29643E-03
 3.29850E-03
 3.30057E-03
 3.30264E-03
 3.30471E-03
 3.30677E-03
 3.30884E-03
 3.31091E-03
 3.31298E-03
 3.31504E-03
 3.31711E-03
 3.31917E-03
 3.32124E-03
 3.32331E-03
 3.32538E-03
 3.32745E-03
 3.32952E-03
 3.33159E-03
 3.33366E-03
 3.33573E-03
 3.33780E-03
 3.33986E-03
 3.34193E-03
 3.34400E-03
 3.34607E-03
 3.34814E-03
 3.35021E-03
 3.35228E-03
 3.35435E-03
 3.35643E-03
 3.35863E-03
 3.36069E-03
 3.36272E-03
 3.36478E-03
 3.36682E-03
 3.36889E-03
 3.37093E-03
 3.37302E-03
 3.37520E-03
 3.37726E-03
 3.37927E-03
 3.38135E-03
 3.38336E-03
 3.38545E-03
 3.38747E-03
 3.38956E-03
 3.39159E-03
 3.39368E-03
 3.39571E-03
 3.39781E-03
 3.39984E-03
 3.40193E-03
 3.40396E-03
 3.40603E-03
 3.40807E-03
 3.41016E-03
 3.41221E-03
 3.41430E-03
 3.41634E-03
 3.41843E-03
 3.42047E-03
 3.42254E-03
 3.42460E-03
 3.42669E-03
 3.42874E-03
 3.43083E-03
 3.43288E-03
 3.43496E-03
 3.43701E-03
 3.43910E-03
 3.44115E-03
 3.44324E-03
 3.44529E-03
 3.44738E-03
 3.44943E-03
 3.45151E-03
 3.45357E-03
 3.45565E-03
 3.45770E-03
 3.45979E-03
 3.46184E-03
 3.46392E-03
 3.46598E-03
 3.46806E-03
 3.47011E-03
 3.47219E-03
 3.47425E-03
 3.47634E-03
 3.47839E-03
 3.48047E-03
 3.48253E-03
 3.48461E-03
 3.48667E-03
 3.48875E-03
 3.49081E-03
 3.49289E-03
 3.49494E-03
 3.49702E-03
 3.49908E-03
 3.50116E-03
 3.50322E-03
 3.50530E-03
 3.50736E-03
 3.50944E-03
 3.51150E-03
 3.51358E-03
 3.51564E-03
 3.51772E-03
 3.51977E-03
 3.52185E-03
 3.52391E-03
 3.52599E-03
 3.52805E-03
 3.53014E-03
 3.53219E-03
 3.53428E-03
 3.53634E-03
 3.53842E-03
 3.54048E-03
 3.54256E-03
 3.54462E-03
 3.54670E-03
 3.54876E-03
 3.55084E-03
 3.55290E-03
 3.55498E-03
 3.55705E-03
 3.55913E-03
 3.56119E-03
 3.56327E-03
 3.56534E-03
 3.56742E-03
 3.56948E-03
 3.57156E-03
 3.57362E-03
 3.57570E-03
 3.57777E-03
 3.57985E-03
 3.58191E-03
 3.58399E-03
 3.58607E-03
 3.58826E-03
 3.59032E-03
 3.59236E-03
 3.59442E-03
 3.59647E-03
 3.59854E-03
 3.60060E-03
 3.60267E-03
 3.60473E-03
 3.60680E-03
 3.60886E-03
 3.61094E-03
 3.61303E-03
 3.61520E-03
 3.61726E-03
 3.61931E-03
 3.62137E-03
 3.62342E-03
 3.62549E-03
 3.62754E-03
 3.62962E-03
 3.63167E-03
 3.63375E-03
 3.63581E-03
 3.63788E-03
 3.63994E-03
 3.64202E-03
 3.64408E-03
 3.64616E-03
 3.64822E-03
 3.65029E-03
 3.65235E-03
 3.65444E-03
 3.65650E-03
 3.65859E-03
 3.66065E-03
 3.66273E-03
 3.66479E-03
 3.66687E-03
 3.66893E-03
 3.67102E-03
 3.67308E-03
 3.67516E-03
 3.67722E-03
 3.67931E-03
 3.68149E-03
 3.68357E-03
 3.68561E-03
 3.68769E-03
 3.68973E-03
 3.69181E-03
 3.69385E-03
 3.69594E-03
 3.69799E-03
 3.70008E-03
 3.70213E-03
 3.70422E-03
 3.70628E-03
 3.70839E-03
 3.71055E-03
 3.71264E-03
 3.71466E-03
 3.71676E-03
 3.71879E-03
 3.72088E-03
 3.72293E-03
 3.72516E-03
 3.72719E-03
 3.72925E-03
 3.73129E-03
 3.73337E-03
 3.73541E-03
 3.73749E-03
 3.73954E-03
 3.74163E-03
 3.74370E-03
 3.74579E-03
 3.74787E-03
 3.74995E-03
 3.75203E-03
 3.75412E-03
 3.75619E-03
 3.75828E-03
 3.76036E-03
 3.76245E-03
 3.76454E-03
 3.76663E-03
 3.76870E-03
 3.77080E-03
 3.77288E-03
 3.77497E-03
 3.77705E-03
 3.77915E-03
 3.78123E-03
 3.78333E-03
 3.78541E-03
 3.78750E-03
 3.78958E-03
 3.79168E-03
 3.79377E-03
 3.79587E-03
 3.79795E-03
 3.80005E-03
 3.80213E-03
 3.80423E-03
 3.80631E-03
 3.80841E-03
 3.81049E-03
 3.81258E-03
 3.81466E-03
 3.81676E-03
 3.81884E-03
 3.82093E-03
 3.82301E-03
 3.82511E-03
 3.82719E-03
 3.82928E-03
 3.83136E-03
 3.83346E-03
 3.83556E-03
 3.83778E-03
 3.83986E-03
 3.84191E-03
 3.84399E-03
 3.84604E-03
 3.84816E-03
 3.85045E-03
 3.85252E-03
 3.85451E-03
 3.85659E-03
 3.85860E-03
 3.86070E-03
 3.86272E-03
 3.86483E-03
 3.86686E-03
 3.86897E-03
 3.87100E-03
 3.87312E-03
 3.87516E-03
 3.87728E-03
 3.87933E-03
 3.88157E-03
 3.88361E-03
 3.88569E-03
 3.88774E-03
 3.88984E-03
 3.89189E-03
 3.89399E-03
 3.89605E-03
 3.89815E-03
 3.90019E-03
 3.90229E-03
 3.90436E-03
 3.90645E-03
 3.90854E-03
 3.91064E-03
 3.91272E-03
 3.91483E-03
 3.91691E-03
 3.91901E-03
 3.92109E-03
 3.92319E-03
 3.92527E-03
 3.92737E-03
 3.92945E-03
 3.93154E-03
 3.93362E-03
 3.93571E-03
 3.93779E-03
 3.93989E-03
 3.94197E-03
 3.94407E-03
 3.94615E-03
 3.94825E-03
 3.95033E-03
 3.95243E-03
 3.95450E-03
 3.95660E-03
 3.95867E-03
 3.96076E-03
 3.96283E-03
 3.96493E-03
 3.96700E-03
 3.96909E-03
 3.97116E-03
 3.97325E-03
 3.97531E-03
 3.97740E-03
 3.97946E-03
 3.98155E-03
 3.98361E-03
 3.98570E-03
 3.98775E-03
 3.98983E-03
 3.99189E-03
 3.99396E-03
 3.99602E-03
 3.99810E-03
 4.00016E-03
 4.00224E-03
 4.00430E-03
 4.00639E-03
 4.00845E-03
 4.01054E-03
 4.01260E-03
 4.01468E-03
 4.01675E-03
 4.01883E-03
 4.02089E-03
 4.02297E-03
 4.02503E-03
 4.02712E-03
 4.02918E-03
 4.03127E-03
 4.03333E-03
 4.03541E-03
 4.03748E-03
 4.03957E-03
 4.04163E-03
 4.04371E-03
 4.04578E-03
 4.04786E-03
 4.04992E-03
 4.05200E-03
 4.05406E-03
 4.05614E-03
 4.05821E-03
 4.06029E-03
 4.06236E-03
 4.06444E-03
 4.06651E-03
 4.06859E-03
 4.07065E-03
 4.07273E-03
 4.07479E-03
 4.07687E-03
 4.07893E-03
 4.08102E-03
 4.08308E-03
 4.08517E-03
 4.08723E-03
 4.08931E-03
 4.09138E-03
 4.09346E-03
 4.09552E-03
 4.09760E-03
 4.09967E-03
 4.10175E-03
 4.10381E-03
 4.10589E-03
 4.10795E-03
 4.11003E-03
 4.11210E-03
 4.11418E-03
 4.11625E-03
 4.11833E-03
 4.12039E-03
 4.12247E-03
 4.12454E-03
 4.12662E-03
 4.12868E-03
 4.13075E-03
 4.13281E-03
 4.13489E-03
 4.13695E-03
 4.13902E-03
 4.14108E-03
 4.14315E-03
 4.14521E-03
 4.14729E-03
 4.14934E-03
 4.15141E-03
 4.15347E-03
 4.15553E-03
 4.15759E-03
 4.15966E-03
 4.16171E-03
 4.16378E-03
 4.16584E-03
 4.16790E-03
 4.16995E-03
 4.17202E-03
 4.17407E-03
 4.17613E-03
 4.17819E-03
 4.18026E-03
 4.18243E-03
 4.18448E-03
 4.18650E-03
 4.18856E-03
 4.19059E-03
 4.19265E-03
 4.19469E-03
 4.19676E-03
 4.19880E-03
 4.20088E-03
 4.20291E-03
 4.20499E-03
 4.20703E-03
 4.20912E-03
 4.21127E-03
 4.21335E-03
 4.21535E-03
 4.21743E-03
 4.21945E-03
 4.22153E-03
 4.22355E-03
 4.22564E-03
 4.22766E-03
 4.22975E-03
 4.23177E-03
 4.23386E-03
 4.23588E-03
 4.23797E-03
 4.24001E-03
 4.24210E-03
 4.24414E-03
 4.24623E-03
 4.24827E-03
 4.25036E-03
 4.25241E-03
 4.25450E-03
 4.25654E-03
 4.25863E-03
 4.26067E-03
 4.26276E-03
 4.26479E-03
 4.26688E-03
 4.26893E-03
 4.27102E-03
 4.27306E-03
 4.27515E-03
 4.27720E-03
 4.27929E-03
 4.28133E-03
 4.28342E-03
 4.28547E-03
 4.28756E-03
 4.28961E-03
 4.29170E-03
 4.29375E-03
 4.29584E-03
 4.29788E-03
 4.29997E-03
 4.30201E-03
 4.30410E-03
 4.30615E-03
 4.30823E-03
 4.31029E-03
 4.31237E-03
 4.31443E-03
 4.31651E-03
 4.31857E-03
 4.32065E-03
 4.32271E-03
 4.32479E-03
 4.32685E-03
 4.32893E-03
 4.33099E-03
 4.33307E-03
 4.33512E-03
 4.33721E-03
 4.33926E-03
 4.34135E-03
 4.34340E-03
 4.34549E-03
 4.34754E-03
 4.34963E-03
 4.35169E-03
 4.35378E-03
 4.35584E-03
 4.35792E-03
 4.35998E-03
 4.36206E-03
 4.36412E-03
 4.36620E-03
 4.36826E-03
 4.37035E-03
 4.37241E-03
 4.37449E-03
 4.37655E-03
 4.37864E-03
 4.38070E-03
 4.38279E-03
 4.38485E-03
 4.38694E-03
 4.38900E-03
 4.39108E-03
 4.39314E-03
 4.39523E-03
 4.39729E-03
 4.39938E-03
 4.40144E-03
 4.40352E-03
 4.40559E-03
 4.40768E-03
 4.40974E-03
 4.41183E-03
 4.41389E-03
 4.41597E-03
 4.41804E-03
 4.42012E-03
 4.42218E-03
 4.42427E-03
 4.42633E-03
 4.42841E-03
 4.43048E-03
 4.43256E-03
 4.43463E-03
 4.43671E-03
 4.43878E-03
 4.44088E-03
 4.44306E-03
 4.44514E-03
 4.44716E-03
 4.44926E-03
 4.45141E-03
 4.45349E-03
 4.45548E-03
 4.45758E-03
 4.45958E-03
 4.46168E-03
 4.46371E-03
 4.46581E-03
 4.46784E-03
 4.46995E-03
 4.47199E-03
 4.47419E-03
 4.47621E-03
 4.47829E-03
 4.48032E-03
 4.48241E-03
 4.48445E-03
 4.48654E-03
 4.48858E-03
 4.49069E-03
 4.49272E-03
 4.49483E-03
 4.49686E-03
 4.49897E-03
 4.50102E-03
 4.50312E-03
 4.50516E-03
 4.50726E-03
 4.50932E-03
 4.51142E-03
 4.51348E-03
 4.51559E-03
 4.51774E-03
 4.51983E-03
 4.52186E-03
 4.52396E-03
 4.52600E-03
 4.52809E-03
 4.53013E-03
 4.53223E-03
 4.53427E-03
 4.53637E-03
 4.53842E-03
 4.54053E-03
 4.54258E-03
 4.54467E-03
 4.54673E-03
 4.54884E-03
 4.55089E-03
 4.55300E-03
 4.55505E-03
 4.55716E-03
 4.55922E-03
 4.56133E-03
 4.56338E-03
 4.56549E-03
 4.56755E-03
 4.56966E-03
 4.57171E-03
 4.57382E-03
 4.57588E-03
 4.57800E-03
 4.58015E-03
 4.58226E-03
 4.58428E-03
 4.58639E-03
 4.58842E-03
 4.59053E-03
 4.59257E-03
 4.59468E-03
 4.59672E-03
 4.59884E-03
 4.60089E-03
 4.60300E-03
 4.60505E-03
 4.60717E-03
 4.60922E-03
 4.61134E-03
 4.61339E-03
 4.61551E-03
 4.61756E-03
 4.61968E-03
 4.62173E-03
 4.62386E-03
 4.62601E-03
 4.62812E-03
 4.63014E-03
 4.63226E-03
 4.63429E-03
 4.63641E-03
 4.63844E-03
 4.64056E-03
 4.64260E-03
 4.64471E-03
 4.64676E-03
 4.64888E-03
 4.65093E-03
 4.65305E-03
 4.65510E-03
 4.65724E-03
 4.65940E-03
 4.66151E-03
 4.66352E-03
 4.66564E-03
 4.66765E-03
 4.66977E-03
 4.67179E-03
 4.67391E-03
 4.67593E-03
 4.67806E-03
 4.68009E-03
 4.68222E-03
 4.68427E-03
 4.68651E-03
 4.68853E-03
 4.69063E-03
 4.69266E-03
 4.69476E-03
 4.69680E-03
 4.69891E-03
 4.70096E-03
 4.70307E-03
 4.70512E-03
 4.70723E-03
 4.70929E-03
 4.71140E-03
 4.71346E-03
 4.71556E-03
 4.71762E-03
 4.71973E-03
 4.72180E-03
 4.72392E-03
 4.72598E-03
 4.72809E-03
 4.73016E-03
 4.73227E-03
 4.73434E-03
 4.73646E-03
 4.73853E-03
 4.74064E-03
 4.74269E-03
 4.74480E-03
 4.74686E-03
 4.74897E-03
 4.75104E-03
 4.75315E-03
 4.75521E-03
 4.75732E-03
 4.75937E-03
 4.76147E-03
 4.76353E-03
 4.76564E-03
 4.76780E-03
 4.76989E-03
 4.77192E-03
 4.77402E-03
 4.77605E-03
 4.77815E-03
 4.78018E-03
 4.78229E-03
 4.78432E-03
 4.78642E-03
 4.78845E-03
 4.79055E-03
 4.79259E-03
 4.79470E-03
 4.79675E-03
 4.79885E-03
 4.80090E-03
 4.80301E-03
 4.80506E-03
 4.80717E-03
 4.80922E-03
 4.81133E-03
 4.81339E-03
 4.81559E-03
 4.81762E-03
 4.81969E-03
 4.82173E-03
 4.82381E-03
 4.82585E-03
 4.82794E-03
 4.82998E-03
 4.83207E-03
 4.83413E-03
 4.83621E-03
 4.83827E-03
 4.84035E-03
 4.84241E-03
 4.84450E-03
 4.84657E-03
 4.84866E-03
 4.85072E-03
 4.85280E-03
 4.85486E-03
 4.85695E-03
 4.85901E-03
 4.86110E-03
 4.86316E-03
 4.86525E-03
 4.86731E-03
 4.86939E-03
 4.87146E-03
 4.87355E-03
 4.87561E-03
 4.87769E-03
 4.87976E-03
 4.88185E-03
 4.88391E-03
 4.88600E-03
 4.88806E-03
 4.89014E-03
 4.89220E-03
 4.89429E-03
 4.89635E-03
 4.89843E-03
 4.90049E-03
 4.90258E-03
 4.90463E-03
 4.90672E-03
 4.90879E-03
 4.91088E-03
 4.91294E-03
 4.91502E-03
 4.91708E-03
 4.91916E-03
 4.92122E-03
 4.92330E-03
 4.92536E-03
 4.92744E-03
 4.92951E-03
 4.93159E-03
 4.93365E-03
 4.93574E-03
 4.93780E-03
 4.93988E-03
 4.94194E-03
 4.94402E-03
 4.94608E-03
 4.94815E-03
 4.95021E-03
 4.95229E-03
 4.95435E-03
 4.95643E-03
 4.95849E-03
 4.96058E-03
 4.96264E-03
 4.96472E-03
 4.96679E-03
 4.96887E-03
 4.97093E-03
 4.97301E-03
 4.97507E-03
 4.97715E-03
 4.97921E-03
 4.98129E-03
 4.98335E-03
 4.98543E-03
 4.98749E-03
 4.98957E-03
 4.99164E-03
 4.99372E-03
 4.99578E-03
 4.99786E-03
 4.99992E-03
 5.00200E-03
 5.00406E-03
 5.00613E-03
 5.00819E-03
 5.01026E-03
 5.01232E-03
 5.01440E-03
 5.01646E-03
 5.01854E-03
 5.02060E-03
 5.02268E-03
 5.02474E-03
 5.02682E-03
 5.02888E-03
 5.03095E-03
 5.03301E-03
 5.03509E-03
 5.03715E-03
 5.03922E-03
 5.04128E-03
 5.04335E-03
 5.04541E-03
 5.04749E-03
 5.04955E-03
 5.05163E-03
 5.05369E-03
 5.05577E-03
 5.05783E-03
 5.05990E-03
 5.06197E-03
 5.06404E-03
 5.06610E-03
 5.06817E-03
 5.07023E-03
 5.07230E-03
 5.07436E-03
 5.07644E-03
 5.07850E-03
 5.08058E-03
 5.08264E-03
 5.08471E-03
 5.08677E-03
 5.08884E-03
 5.09090E-03
 5.09297E-03
 5.09503E-03
 5.09710E-03
 5.09916E-03
 5.10124E-03
 5.10341E-03
 5.10547E-03
 5.10750E-03
 5.10957E-03
 5.11161E-03
 5.11368E-03
 5.11572E-03
 5.11779E-03
 5.11983E-03
 5.12190E-03
 5.12395E-03
 5.12602E-03
 5.12807E-03
 5.13015E-03
 5.13220E-03
 5.13428E-03
 5.13633E-03
 5.13841E-03
 5.14046E-03
 5.14254E-03
 5.14459E-03
 5.14667E-03
 5.14873E-03
 5.15091E-03
 5.15295E-03
 5.15500E-03
 5.15705E-03
 5.15910E-03
 5.16115E-03
 5.16321E-03
 5.16526E-03
 5.16733E-03
 5.16951E-03
 5.17156E-03
 5.17359E-03
 5.17565E-03
 5.17769E-03
 5.17976E-03
 5.18180E-03
 5.18388E-03
 5.18593E-03
 5.18801E-03
 5.19007E-03
 5.19214E-03
 5.19420E-03
 5.19628E-03
 5.19833E-03
 5.20042E-03
 5.20247E-03
 5.20456E-03
 5.20662E-03
 5.20870E-03
 5.21076E-03
 5.21284E-03
 5.21490E-03
 5.21699E-03
 5.21904E-03
 5.22113E-03
 5.22319E-03
 5.22527E-03
 5.22733E-03
 5.22942E-03
 5.23148E-03
 5.23357E-03
 5.23563E-03
 5.23772E-03
 5.23978E-03
 5.24187E-03
 5.24394E-03
 5.24602E-03
 5.24809E-03
 5.25017E-03
 5.25224E-03
 5.25432E-03
 5.25639E-03
 5.25848E-03
 5.26054E-03
 5.26262E-03
 5.26470E-03
 5.26689E-03
 5.26894E-03
 5.27099E-03
 5.27306E-03
 5.27511E-03
 5.27718E-03
 5.27924E-03
 5.28131E-03
 5.28337E-03
 5.28544E-03
 5.28752E-03
 5.28971E-03
 5.29177E-03
 5.29382E-03
 5.29588E-03
 5.29793E-03
 5.30000E-03
 5.30206E-03
 5.30414E-03
 5.30620E-03
 5.30828E-03
 5.31034E-03
 5.31243E-03
 5.31450E-03
 5.31659E-03
 5.31866E-03
 5.32075E-03
 5.32281E-03
 5.32489E-03
 5.32696E-03
 5.32905E-03
 5.33112E-03
 5.33322E-03
 5.33528E-03
 5.33738E-03
 5.33945E-03
 5.34155E-03
 5.34362E-03
 5.34572E-03
 5.34777E-03
 5.34987E-03
 5.35194E-03
 5.35404E-03
 5.35611E-03
 5.35820E-03
 5.36028E-03
 5.36237E-03
 5.36444E-03
 5.36654E-03
 5.36861E-03
 5.37070E-03
 5.37278E-03
 5.37487E-03
 5.37695E-03
 5.37904E-03
 5.38112E-03
 5.38321E-03
 5.38529E-03
 5.38738E-03
 5.38945E-03
 5.39154E-03
 5.39361E-03
 5.39570E-03
 5.39778E-03
 5.39987E-03
 5.40195E-03
 5.40404E-03
 5.40611E-03
 5.40820E-03
 5.41028E-03
 5.41236E-03
 5.41444E-03
 5.41653E-03
 5.41860E-03
 5.42069E-03
 5.42277E-03
 5.42486E-03
 5.42693E-03
 5.42902E-03
 5.43109E-03
 5.43318E-03
 5.43525E-03
 5.43734E-03
 5.43941E-03
 5.44149E-03
 5.44356E-03
 5.44564E-03
 5.44771E-03
 5.44978E-03
 5.45185E-03
 5.45393E-03
 5.45599E-03
 5.45807E-03
 5.46015E-03
 5.46231E-03
 5.46437E-03
 5.46642E-03
 5.46849E-03
 5.47054E-03
 5.47261E-03
 5.47466E-03
 5.47673E-03
 5.47879E-03
 5.48086E-03
 5.48292E-03
 5.48500E-03
 5.48706E-03
 5.48914E-03
 5.49120E-03
 5.49328E-03
 5.49535E-03
 5.49743E-03
 5.49949E-03
 5.50157E-03
 5.50364E-03
 5.50571E-03
 5.50777E-03
 5.50985E-03
 5.51192E-03
 5.51399E-03
 5.51606E-03
 5.51814E-03
 5.52021E-03
 5.52229E-03
 5.52436E-03
 5.52645E-03
 5.52860E-03
 5.53067E-03
 5.53271E-03
 5.53479E-03
 5.53684E-03
 5.53892E-03
 5.54096E-03
 5.54304E-03
 5.54510E-03
 5.54718E-03
 5.54924E-03
 5.55132E-03
 5.55338E-03
 5.55546E-03
 5.55752E-03
 5.55961E-03
 5.56167E-03
 5.56376E-03
 5.56582E-03
 5.56791E-03
 5.56997E-03
 5.57207E-03
 5.57413E-03
 5.57623E-03
 5.57838E-03
 5.58046E-03
 5.58250E-03
 5.58468E-03
 5.58671E-03
 5.58877E-03
 5.59080E-03
 5.59287E-03
 5.59491E-03
 5.59699E-03
 5.59904E-03
 5.60112E-03
 5.60318E-03
 5.60526E-03
 5.60732E-03
 5.60939E-03
 5.61145E-03
 5.61354E-03
 5.61560E-03
 5.61769E-03
 5.61976E-03
 5.62184E-03
 5.62390E-03
 5.62600E-03
 5.62817E-03
 5.63024E-03
 5.63227E-03
 5.63435E-03
 5.63639E-03
 5.63847E-03
 5.64051E-03
 5.64260E-03
 5.64465E-03
 5.64674E-03
 5.64887E-03
 5.65097E-03
 5.65298E-03
 5.65508E-03
 5.65711E-03
 5.65920E-03
 5.66124E-03
 5.66334E-03
 5.66537E-03
 5.66747E-03
 5.66951E-03
 5.67162E-03
 5.67366E-03
 5.67576E-03
 5.67781E-03
 5.67991E-03
 5.68196E-03
 5.68407E-03
 5.68612E-03
 5.68822E-03
 5.69027E-03
 5.69236E-03
 5.69441E-03
 5.69651E-03
 5.69857E-03
 5.70067E-03
 5.70273E-03
 5.70483E-03
 5.70688E-03
 5.70899E-03
 5.71105E-03
 5.71315E-03
 5.71520E-03
 5.71730E-03
 5.71936E-03
 5.72146E-03
 5.72351E-03
 5.72562E-03
 5.72768E-03
 5.72978E-03
 5.73184E-03
 5.73393E-03
 5.73599E-03
 5.73809E-03
 5.74015E-03
 5.74225E-03
 5.74431E-03
 5.74641E-03
 5.74847E-03
 5.75057E-03
 5.75263E-03
 5.75472E-03
 5.75678E-03
 5.75888E-03
 5.76094E-03
 5.76304E-03
 5.76510E-03
 5.76720E-03
 5.76926E-03
 5.77136E-03
 5.77342E-03
 5.77551E-03
 5.77759E-03
 5.77977E-03
 5.78182E-03
 5.78389E-03
 5.78595E-03
 5.78802E-03
 5.79007E-03
 5.79215E-03
 5.79421E-03
 5.79629E-03
 5.79835E-03
 5.80044E-03
 5.80250E-03
 5.80457E-03
 5.80664E-03
 5.80872E-03
 5.81079E-03
 5.81287E-03
 5.81494E-03
 5.81703E-03
 5.81910E-03
 5.82118E-03
 5.82325E-03
 5.82534E-03
 5.82741E-03
 5.82949E-03
 5.83156E-03
 5.83365E-03
 5.83572E-03
 5.83780E-03
 5.83987E-03
 5.84196E-03
 5.84403E-03
 5.84612E-03
 5.84819E-03
 5.85028E-03
 5.85244E-03
 5.85452E-03
 5.85657E-03
 5.85865E-03
 5.86070E-03
 5.86278E-03
 5.86483E-03
 5.86692E-03
 5.86897E-03
 5.87107E-03
 5.87312E-03
 5.87521E-03
 5.87726E-03
 5.87936E-03
 5.88141E-03
 5.88350E-03
 5.88556E-03
 5.88765E-03
 5.88971E-03
 5.89180E-03
 5.89386E-03
 5.89596E-03
 5.89802E-03
 5.90011E-03
 5.90217E-03
 5.90427E-03
 5.90633E-03
 5.90842E-03
 5.91047E-03
 5.91256E-03
 5.91462E-03
 5.91671E-03
 5.91876E-03
 5.92085E-03
 5.92291E-03
 5.92499E-03
 5.92705E-03
 5.92914E-03
 5.93121E-03
 5.93330E-03
 5.93536E-03
 5.93745E-03
 5.93951E-03
 5.94160E-03
 5.94366E-03
 5.94575E-03
 5.94780E-03
 5.94989E-03
 5.95195E-03
 5.95403E-03
 5.95609E-03
 5.95818E-03
 5.96024E-03
 5.96233E-03
 5.96439E-03
 5.96648E-03
 5.96854E-03
 5.97063E-03
 5.97269E-03
 5.97478E-03
 5.97684E-03
 5.97892E-03
 5.98098E-03
 5.98307E-03
 5.98512E-03
 5.98720E-03
 5.98926E-03
 5.99136E-03
 5.99351E-03
 5.99559E-03
 5.99762E-03
 5.99970E-03
 6.00173E-03
 6.00383E-03
 6.00596E-03
 6.00804E-03
 6.01004E-03
 6.01213E-03
 6.01414E-03
 6.01623E-03
 6.01825E-03
 6.02035E-03
 6.02238E-03
 6.02448E-03
 6.02651E-03
 6.02862E-03
 6.03065E-03
 6.03276E-03
 6.03479E-03
 6.03690E-03
 6.03894E-03
 6.04105E-03
 6.04308E-03
 6.04520E-03
 6.04723E-03
 6.04935E-03
 6.05139E-03
 6.05350E-03
 6.05553E-03
 6.05765E-03
 6.05969E-03
 6.06181E-03
 6.06385E-03
 6.06596E-03
 6.06799E-03
 6.07010E-03
 6.07215E-03
 6.07426E-03
 6.07631E-03
 6.07842E-03
 6.08047E-03
 6.08258E-03
 6.08463E-03
 6.08674E-03
 6.08880E-03
 6.09090E-03
 6.09295E-03
 6.09505E-03
 6.09710E-03
 6.09921E-03
 6.10126E-03
 6.10336E-03
 6.10541E-03
 6.10752E-03
 6.10957E-03
 6.11167E-03
 6.11372E-03
 6.11583E-03
 6.11788E-03
 6.11997E-03
 6.12204E-03
 6.12423E-03
 6.12627E-03
 6.12834E-03
 6.13039E-03
 6.13246E-03
 6.13451E-03
 6.13659E-03
 6.13864E-03
 6.14073E-03
 6.14278E-03
 6.14486E-03
 6.14693E-03
 6.14901E-03
 6.15107E-03
 6.15316E-03
 6.15522E-03
 6.15731E-03
 6.15937E-03
 6.16146E-03
 6.16352E-03
 6.16561E-03
 6.16768E-03
 6.16977E-03
 6.17183E-03
 6.17392E-03
 6.17599E-03
 6.17807E-03
 6.18014E-03
 6.18223E-03
 6.18429E-03
 6.18638E-03
 6.18845E-03
 6.19054E-03
 6.19269E-03
 6.19479E-03
 6.19691E-03
 6.19898E-03
 6.20099E-03
 6.20308E-03
 6.20509E-03
 6.20719E-03
 6.20921E-03
 6.21131E-03
 6.21334E-03
 6.21544E-03
 6.21747E-03
 6.21956E-03
 6.22159E-03
 6.22370E-03
 6.22573E-03
 6.22784E-03
 6.22988E-03
 6.23200E-03
 6.23414E-03
 6.23624E-03
 6.23825E-03
 6.24036E-03
 6.24237E-03
 6.24448E-03
 6.24650E-03
 6.24861E-03
 6.25063E-03
 6.25274E-03
 6.25476E-03
 6.25686E-03
 6.25889E-03
 6.26100E-03
 6.26303E-03
 6.26515E-03
 6.26718E-03
 6.26929E-03
 6.27133E-03
 6.27344E-03
 6.27548E-03
 6.27759E-03
 6.27963E-03
 6.28175E-03
 6.28379E-03
 6.28591E-03
 6.28795E-03
 6.29007E-03
 6.29212E-03
 6.29423E-03
 6.29626E-03
 6.29836E-03
 6.30040E-03
 6.30251E-03
 6.30455E-03
 6.30666E-03
 6.30871E-03
 6.31081E-03
 6.31286E-03
 6.31497E-03
 6.31702E-03
 6.31913E-03
 6.32117E-03
 6.32328E-03
 6.32532E-03
 6.32743E-03
 6.32948E-03
 6.33158E-03
 6.33362E-03
 6.33572E-03
 6.33777E-03
 6.33986E-03
 6.34190E-03
 6.34400E-03
 6.34604E-03
 6.34814E-03
 6.35018E-03
 6.35228E-03
 6.35433E-03
 6.35642E-03
 6.35847E-03
 6.36057E-03
 6.36261E-03
 6.36471E-03
 6.36675E-03
 6.36884E-03
 6.37089E-03
 6.37298E-03
 6.37503E-03
 6.37712E-03
 6.37917E-03
 6.38126E-03
 6.38331E-03
 6.38540E-03
 6.38745E-03
 6.38954E-03
 6.39159E-03
 6.39369E-03
 6.39573E-03
 6.39783E-03
 6.39988E-03
 6.40197E-03
 6.40402E-03
 6.40612E-03
 6.40817E-03
 6.41026E-03
 6.41231E-03
 6.41440E-03
 6.41645E-03
 6.41855E-03
 6.42060E-03
 6.42269E-03
 6.42474E-03
 6.42684E-03
 6.42889E-03
 6.43098E-03
 6.43303E-03
 6.43512E-03
 6.43718E-03
 6.43927E-03
 6.44132E-03
 6.44342E-03
 6.44547E-03
 6.44756E-03
 6.44962E-03
 6.45171E-03
 6.45376E-03
 6.45585E-03
 6.45791E-03
 6.46000E-03
 6.46205E-03
 6.46413E-03
 6.46619E-03
 6.46828E-03
 6.47033E-03
 6.47242E-03
 6.47448E-03
 6.47657E-03
 6.47862E-03
 6.48071E-03
 6.48276E-03
 6.48485E-03
 6.48690E-03
 6.48899E-03
 6.49104E-03
 6.49313E-03
 6.49518E-03
 6.49726E-03
 6.49932E-03
 6.50140E-03
 6.50346E-03
 6.50555E-03
 6.50760E-03
 6.50969E-03
 6.51175E-03
 6.51383E-03
 6.51589E-03
 6.51798E-03
 6.52003E-03
 6.52212E-03
 6.52418E-03
 6.52626E-03
 6.52832E-03
 6.53040E-03
 6.53246E-03
 6.53454E-03
 6.53660E-03
 6.53869E-03
 6.54075E-03
 6.54283E-03
 6.54489E-03
 6.54697E-03
 6.54904E-03
 6.55120E-03
 6.55325E-03
 6.55530E-03
 6.55736E-03
 6.55942E-03
 6.56147E-03
 6.56354E-03
 6.56559E-03
 6.56766E-03
 6.56972E-03
 6.57179E-03
 6.57385E-03
 6.57591E-03
 6.57797E-03
 6.58004E-03
 6.58210E-03
 6.58417E-03
 6.58623E-03
 6.58830E-03
 6.59037E-03
 6.59243E-03
 6.59450E-03
 6.59657E-03
 6.59864E-03
 6.60071E-03
 6.60278E-03
 6.60486E-03
 6.60701E-03
 6.60907E-03
 6.61111E-03
 6.61317E-03
 6.61522E-03
 6.61729E-03
 6.61933E-03
 6.62140E-03
 6.62346E-03
 6.62553E-03
 6.62758E-03
 6.62966E-03
 6.63172E-03
 6.63379E-03
 6.63585E-03
 6.63793E-03
 6.63997E-03
 6.64206E-03
 6.64411E-03
 6.64619E-03
 6.64827E-03
 6.65042E-03
 6.65247E-03
 6.65453E-03
 6.65658E-03
 6.65865E-03
 6.66070E-03
 6.66277E-03
 6.66483E-03
 6.66690E-03
 6.66896E-03
 6.67103E-03
 6.67309E-03
 6.67518E-03
 6.67741E-03
 6.67947E-03
 6.68149E-03
 6.68355E-03
 6.68558E-03
 6.68765E-03
 6.68969E-03
 6.69176E-03
 6.69380E-03
 6.69589E-03
 6.69793E-03
 6.70001E-03
 6.70206E-03
 6.70415E-03
 6.70620E-03
 6.70829E-03
 6.71034E-03
 6.71243E-03
 6.71448E-03
 6.71657E-03
 6.71863E-03
 6.72072E-03
 6.72278E-03
 6.72487E-03
 6.72692E-03
 6.72902E-03
 6.73107E-03
 6.73317E-03
 6.73522E-03
 6.73731E-03
 6.73937E-03
 6.74146E-03
 6.74352E-03
 6.74562E-03
 6.74767E-03
 6.74976E-03
 6.75182E-03
 6.75392E-03
 6.75598E-03
 6.75807E-03
 6.76013E-03
 6.76222E-03
 6.76429E-03
 6.76638E-03
 6.76845E-03
 6.77054E-03
 6.77261E-03
 6.77470E-03
 6.77679E-03
 6.77895E-03
 6.78101E-03
 6.78308E-03
 6.78515E-03
 6.78722E-03
 6.78928E-03
 6.79135E-03
 6.79342E-03
 6.79550E-03
 6.79757E-03
 6.79964E-03
 6.80172E-03
 6.80380E-03
 6.80587E-03
 6.80795E-03
 6.81003E-03
 6.81211E-03
 6.81419E-03
 6.81627E-03
 6.81835E-03
 6.82044E-03
 6.82252E-03
 6.82460E-03
 6.82668E-03
 6.82877E-03
 6.83094E-03
 6.83301E-03
 6.83506E-03
 6.83713E-03
 6.83919E-03
 6.84127E-03
 6.84333E-03
 6.84542E-03
 6.84748E-03
 6.84958E-03
 6.85164E-03
 6.85374E-03
 6.85580E-03
 6.85790E-03
 6.85997E-03
 6.86206E-03
 6.86412E-03
 6.86622E-03
 6.86829E-03
 6.87039E-03
 6.87246E-03
 6.87456E-03
 6.87663E-03
 6.87873E-03
 6.88079E-03
 6.88289E-03
 6.88496E-03
 6.88706E-03
 6.88913E-03
 6.89124E-03
 6.89339E-03
 6.89548E-03
 6.89751E-03
 6.89961E-03
 6.90166E-03
 6.90375E-03
 6.90580E-03
 6.90790E-03
 6.90996E-03
 6.91206E-03
 6.91412E-03
 6.91622E-03
 6.91830E-03
 6.92049E-03
 6.92254E-03
 6.92461E-03
 6.92667E-03
 6.92875E-03
 6.93081E-03
 6.93289E-03
 6.93496E-03
 6.93704E-03
 6.93910E-03
 6.94119E-03
 6.94326E-03
 6.94534E-03
 6.94742E-03
 6.94952E-03
 6.95169E-03
 6.95377E-03
 6.95581E-03
 6.95790E-03
 6.95995E-03
 6.96204E-03
 6.96410E-03
 6.96619E-03
 6.96825E-03
 6.97034E-03
 6.97241E-03
 6.97450E-03
 6.97657E-03
 6.97867E-03
 6.98074E-03
 6.98283E-03
 6.98490E-03
 6.98699E-03
 6.98906E-03
 6.99116E-03
 6.99323E-03
 6.99533E-03
 6.99741E-03
 6.99959E-03
 7.00165E-03
 7.00373E-03
 7.00579E-03
 7.00787E-03
 7.00994E-03
 7.01203E-03
 7.01409E-03
 7.01618E-03
 7.01825E-03
 7.02033E-03
 7.02241E-03
 7.02450E-03
 7.02658E-03
 7.02866E-03
 7.03074E-03
 7.03282E-03
 7.03490E-03
 7.03698E-03
 7.03906E-03
 7.04114E-03
 7.04322E-03
 7.04531E-03
 7.04738E-03
 7.04947E-03
 7.05154E-03
 7.05362E-03
 7.05570E-03
 7.05779E-03
 7.05987E-03
 7.06195E-03
 7.06403E-03
 7.06612E-03
 7.06819E-03
 7.07027E-03
 7.07235E-03
 7.07443E-03
 7.07650E-03
 7.07858E-03
 7.08065E-03
 7.08274E-03
 7.08481E-03
 7.08690E-03
 7.08898E-03
 7.09107E-03
 7.09315E-03
 7.09524E-03
 7.09732E-03
 7.09940E-03
 7.10148E-03
 7.10357E-03
 7.10564E-03
 7.10773E-03
 7.10981E-03
 7.11189E-03
 7.11397E-03
 7.11606E-03
 7.11813E-03
 7.12022E-03
 7.12229E-03
 7.12438E-03
 7.12645E-03
 7.12854E-03
 7.13061E-03
 7.13270E-03
 7.13477E-03
 7.13686E-03
 7.13894E-03
 7.14102E-03
 7.14309E-03
 7.14517E-03
 7.14723E-03
 7.14931E-03
 7.15138E-03
 7.15345E-03
 7.15552E-03
 7.15759E-03
 7.15966E-03
 7.16173E-03
 7.16380E-03
 7.16588E-03
 7.16794E-03
 7.17002E-03
 7.17208E-03
 7.17416E-03
 7.17623E-03
 7.17830E-03
 7.18037E-03
 7.18244E-03
 7.18451E-03
 7.18659E-03
 7.18866E-03
 7.19074E-03
 7.19281E-03
 7.19489E-03
 7.19696E-03
 7.19903E-03
 7.20110E-03
 7.20318E-03
 7.20525E-03
 7.20733E-03
 7.20940E-03
 7.21148E-03
 7.21355E-03
 7.21562E-03
 7.21770E-03
 7.21987E-03
 7.22193E-03
 7.22398E-03
 7.22605E-03
 7.22810E-03
 7.23018E-03
 7.23224E-03
 7.23431E-03
 7.23637E-03
 7.23844E-03
 7.24051E-03
 7.24267E-03
 7.24472E-03
 7.24677E-03
 7.24883E-03
 7.25089E-03
 7.25295E-03
 7.25501E-03
 7.25707E-03
 7.25913E-03
 7.26120E-03
 7.26327E-03
 7.26533E-03
 7.26740E-03
 7.26947E-03
 7.27154E-03
 7.27361E-03
 7.27567E-03
 7.27774E-03
 7.27981E-03
 7.28189E-03
 7.28405E-03
 7.28611E-03
 7.28815E-03
 7.29022E-03
 7.29226E-03
 7.29433E-03
 7.29637E-03
 7.29845E-03
 7.30050E-03
 7.30258E-03
 7.30463E-03
 7.30671E-03
 7.30876E-03
 7.31085E-03
