 2.01494999E+06
 2.01460170E+06
 2.01438835E+06
 2.01423862E+06
 2.01412384E+06
 2.01403070E+06
 2.01395220E+06
 2.01388426E+06
 2.01382431E+06
 2.01377062E+06
 2.01372198E+06
 2.01367751E+06
 2.01363654E+06
 2.01359856E+06
 2.01356316E+06
 2.01353001E+06
 2.01349886E+06
 2.01346947E+06
 2.01344166E+06
 2.01341528E+06
 2.01339020E+06
 2.01336630E+06
 2.01334349E+06
 2.01332168E+06
 2.01330080E+06
 2.01328078E+06
 2.01326158E+06
 2.01324314E+06
 2.01322540E+06
 2.01320831E+06
 2.01319177E+06
 2.01317565E+06
 2.01315968E+06
 2.01314347E+06
 2.01312650E+06
 2.01310821E+06
 2.01308813E+06
 2.01306619E+06
 2.01304288E+06
 2.01301908E+06
 2.01460904E+06
 2.01446674E+06
 2.01432473E+06
 2.01420367E+06
 2.01410219E+06
 2.01401606E+06
 2.01394165E+06
 2.01387628E+06
 2.01381805E+06
 2.01376557E+06
 2.01371781E+06
 2.01367401E+06
 2.01363355E+06
 2.01359598E+06
 2.01356090E+06
 2.01352802E+06
 2.01349709E+06
 2.01346788E+06
 2.01344023E+06
 2.01341399E+06
 2.01338902E+06
 2.01336522E+06
 2.01334249E+06
 2.01332075E+06
 2.01329993E+06
 2.01327997E+06
 2.01326082E+06
 2.01324241E+06
 2.01322471E+06
 2.01320765E+06
 2.01319114E+06
 2.01317504E+06
 2.01315908E+06
 2.01314286E+06
 2.01312588E+06
 2.01310753E+06
 2.01308738E+06
 2.01306537E+06
 2.01304202E+06
 2.01301822E+06
 2.01440247E+06
 2.01433151E+06
 2.01424017E+06
 2.01414912E+06
 2.01406521E+06
 2.01398971E+06
 2.01392204E+06
 2.01386116E+06
 2.01380604E+06
 2.01375579E+06
 2.01370970E+06
 2.01366715E+06
 2.01362768E+06
 2.01359089E+06
 2.01355645E+06
 2.01352409E+06
 2.01349359E+06
 2.01346474E+06
 2.01343740E+06
 2.01341141E+06
 2.01338667E+06
 2.01336306E+06
 2.01334050E+06
 2.01331890E+06
 2.01329821E+06
 2.01327836E+06
 2.01325929E+06
 2.01324097E+06
 2.01322334E+06
 2.01320633E+06
 2.01318987E+06
 2.01317380E+06
 2.01315785E+06
 2.01314163E+06
 2.01312459E+06
 2.01310616E+06
 2.01308590E+06
 2.01306378E+06
 2.01304036E+06
 2.01301655E+06
 2.01425895E+06
 2.01421666E+06
 2.01415533E+06
 2.01408743E+06
 2.01401981E+06
 2.01395553E+06
 2.01389565E+06
 2.01384027E+06
 2.01378915E+06
 2.01374187E+06
 2.01369802E+06
 2.01365723E+06
 2.01361914E+06
 2.01358346E+06
 2.01354992E+06
 2.01351831E+06
 2.01348842E+06
 2.01346010E+06
 2.01343321E+06
 2.01340760E+06
 2.01338318E+06
 2.01335986E+06
 2.01333754E+06
 2.01331616E+06
 2.01329564E+06
 2.01327595E+06
 2.01325702E+06
 2.01323882E+06
 2.01322129E+06
 2.01320436E+06
 2.01318797E+06
 2.01317194E+06
 2.01315600E+06
 2.01313975E+06
 2.01312264E+06
 2.01310408E+06
 2.01308367E+06
 2.01306143E+06
 2.01303794E+06
 2.01301411E+06
 2.01414982E+06
 2.01412083E+06
 2.01407707E+06
 2.01402546E+06
 2.01397107E+06
 2.01391696E+06
 2.01386474E+06
 2.01381514E+06
 2.01376841E+06
 2.01372451E+06
 2.01368330E+06
 2.01364460E+06
 2.01360819E+06
 2.01357388E+06
 2.01354147E+06
 2.01351079E+06
 2.01348170E+06
 2.01345405E+06
 2.01342772E+06
 2.01340260E+06
 2.01337861E+06
 2.01335565E+06
 2.01333364E+06
 2.01331254E+06
 2.01329226E+06
 2.01327277E+06
 2.01325402E+06
 2.01323597E+06
 2.01321857E+06
 2.01320175E+06
 2.01318544E+06
 2.01316945E+06
 2.01315352E+06
 2.01313722E+06
 2.01312001E+06
 2.01310131E+06
 2.01308072E+06
 2.01305834E+06
 2.01303477E+06
 2.01301092E+06
 2.01406177E+06
 2.01403979E+06
 2.01400666E+06
 2.01396627E+06
 2.01392204E+06
 2.01387649E+06
 2.01383121E+06
 2.01378716E+06
 2.01374483E+06
 2.01370446E+06
 2.01366608E+06
 2.01362968E+06
 2.01359515E+06
 2.01356239E+06
 2.01353128E+06
 2.01350169E+06
 2.01347352E+06
 2.01344666E+06
 2.01342101E+06
 2.01339649E+06
 2.01337300E+06
 2.01335048E+06
 2.01332886E+06
 2.01330808E+06
 2.01328810E+06
 2.01326886E+06
 2.01325032E+06
 2.01323246E+06
 2.01321521E+06
 2.01319851E+06
 2.01318229E+06
 2.01316636E+06
 2.01315042E+06
 2.01313406E+06
 2.01311672E+06
 2.01309783E+06
 2.01307706E+06
 2.01305453E+06
 2.01303088E+06
 2.01300701E+06
 2.01398779E+06
 2.01396989E+06
 2.01394351E+06
 2.01391091E+06
 2.01387436E+06
 2.01383574E+06
 2.01379645E+06
 2.01375744E+06
 2.01371931E+06
 2.01368240E+06
 2.01364690E+06
 2.01361287E+06
 2.01358034E+06
 2.01354925E+06
 2.01351956E+06
 2.01349118E+06
 2.01346404E+06
 2.01343807E+06
 2.01341319E+06
 2.01338933E+06
 2.01336642E+06
 2.01334440E+06
 2.01332322E+06
 2.01330283E+06
 2.01328318E+06
 2.01326423E+06
 2.01324595E+06
 2.01322829E+06
 2.01321122E+06
 2.01319467E+06
 2.01317854E+06
 2.01316266E+06
 2.01314671E+06
 2.01313026E+06
 2.01311277E+06
 2.01309368E+06
 2.01307270E+06
 2.01305001E+06
 2.01302629E+06
 2.01300239E+06
 2.01392380E+06
 2.01390847E+06
 2.01388658E+06
 2.01385950E+06
 2.01382873E+06
 2.01379566E+06
 2.01376142E+06
 2.01372686E+06
 2.01369256E+06
 2.01365893E+06
 2.01362623E+06
 2.01359459E+06
 2.01356408E+06
 2.01353473E+06
 2.01350652E+06
 2.01347942E+06
 2.01345340E+06
 2.01342839E+06
 2.01340435E+06
 2.01338122E+06
 2.01335895E+06
 2.01333749E+06
 2.01331681E+06
 2.01329684E+06
 2.01327757E+06
 2.01325894E+06
 2.01324094E+06
 2.01322352E+06
 2.01320664E+06
 2.01319024E+06
 2.01317423E+06
 2.01315839E+06
 2.01314241E+06
 2.01312585E+06
 2.01310817E+06
 2.01308886E+06
 2.01306765E+06
 2.01304479E+06
 2.01302100E+06
 2.01299708E+06
 2.01386722E+06
 2.01385362E+06
 2.01383485E+06
 2.01381177E+06
 2.01378540E+06
 2.01375676E+06
 2.01372672E+06
 2.01369600E+06
 2.01366514E+06
 2.01363455E+06
 2.01360450E+06
 2.01357516E+06
 2.01354666E+06
 2.01351906E+06
 2.01349237E+06
 2.01346660E+06
 2.01344173E+06
 2.01341774E+06
 2.01339459E+06
 2.01337224E+06
 2.01335067E+06
 2.01332982E+06
 2.01330966E+06
 2.01329017E+06
 2.01327130E+06
 2.01325303E+06
 2.01323533E+06
 2.01321817E+06
 2.01320150E+06
 2.01318527E+06
 2.01316936E+06
 2.01315356E+06
 2.01313753E+06
 2.01312084E+06
 2.01310295E+06
 2.01308338E+06
 2.01306193E+06
 2.01303891E+06
 2.01301503E+06
 2.01299110E+06
 2.01381633E+06
 2.01380395E+06
 2.01378742E+06
 2.01376732E+06
 2.01374436E+06
 2.01371925E+06
 2.01369270E+06
 2.01366528E+06
 2.01363746E+06
 2.01360963E+06
 2.01358204E+06
 2.01355491E+06
 2.01352835E+06
 2.01350247E+06
 2.01347730E+06
 2.01345287E+06
 2.01342919E+06
 2.01340625E+06
 2.01338403E+06
 2.01336250E+06
 2.01334165E+06
 2.01332145E+06
 2.01330186E+06
 2.01328286E+06
 2.01326443E+06
 2.01324654E+06
 2.01322917E+06
 2.01321229E+06
 2.01319584E+06
 2.01317978E+06
 2.01316397E+06
 2.01314819E+06
 2.01313210E+06
 2.01311525E+06
 2.01309712E+06
 2.01307726E+06
 2.01305556E+06
 2.01303236E+06
 2.01300842E+06
 2.01298448E+06
 2.01376991E+06
 2.01375843E+06
 2.01374357E+06
 2.01372575E+06
 2.01370544E+06
 2.01368320E+06
 2.01365954E+06
 2.01363494E+06
 2.01360980E+06
 2.01358445E+06
 2.01355914E+06
 2.01353407E+06
 2.01350937E+06
 2.01348516E+06
 2.01346149E+06
 2.01343840E+06
 2.01341591E+06
 2.01339404E+06
 2.01337277E+06
 2.01335209E+06
 2.01333200E+06
 2.01331246E+06
 2.01329347E+06
 2.01327499E+06
 2.01325702E+06
 2.01323954E+06
 2.01322251E+06
 2.01320592E+06
 2.01318970E+06
 2.01317381E+06
 2.01315810E+06
 2.01314232E+06
 2.01312614E+06
 2.01310909E+06
 2.01309068E+06
 2.01307052E+06
 2.01304854E+06
 2.01302518E+06
 2.01300119E+06
 2.01297724E+06
 2.01372708E+06
 2.01371626E+06
 2.01370270E+06
 2.01368664E+06
 2.01366847E+06
 2.01364856E+06
 2.01362733E+06
 2.01360515E+06
 2.01358236E+06
 2.01355923E+06
 2.01353600E+06
 2.01351285E+06
 2.01348992E+06
 2.01346731E+06
 2.01344509E+06
 2.01342332E+06
 2.01340203E+06
 2.01338122E+06
 2.01336091E+06
 2.01334110E+06
 2.01332178E+06
 2.01330293E+06
 2.01328455E+06
 2.01326662E+06
 2.01324913E+06
 2.01323206E+06
 2.01321539E+06
 2.01319909E+06
 2.01318312E+06
 2.01316740E+06
 2.01315176E+06
 2.01313597E+06
 2.01311966E+06
 2.01310238E+06
 2.01308366E+06
 2.01306316E+06
 2.01304092E+06
 2.01301740E+06
 2.01299335E+06
 2.01296942E+06
 2.01368714E+06
 2.01367686E+06
 2.01366430E+06
 2.01364967E+06
 2.01363322E+06
 2.01361525E+06
 2.01359607E+06
 2.01357598E+06
 2.01355525E+06
 2.01353412E+06
 2.01351278E+06
 2.01349142E+06
 2.01347014E+06
 2.01344906E+06
 2.01342826E+06
 2.01340777E+06
 2.01338765E+06
 2.01336791E+06
 2.01334856E+06
 2.01332962E+06
 2.01331108E+06
 2.01329294E+06
 2.01327518E+06
 2.01325781E+06
 2.01324081E+06
 2.01322417E+06
 2.01320786E+06
 2.01319186E+06
 2.01317613E+06
 2.01316057E+06
 2.01314500E+06
 2.01312916E+06
 2.01311269E+06
 2.01309513E+06
 2.01307607E+06
 2.01305522E+06
 2.01303270E+06
 2.01300905E+06
 2.01298498E+06
 2.01296106E+06
 2.01364959E+06
 2.01363972E+06
 2.01362799E+06
 2.01361451E+06
 2.01359949E+06
 2.01358315E+06
 2.01356572E+06
 2.01354744E+06
 2.01352854E+06
 2.01350920E+06
 2.01348960E+06
 2.01346989E+06
 2.01345017E+06
 2.01343055E+06
 2.01341109E+06
 2.01339186E+06
 2.01337288E+06
 2.01335419E+06
 2.01333581E+06
 2.01331774E+06
 2.01329999E+06
 2.01328255E+06
 2.01326544E+06
 2.01324863E+06
 2.01323213E+06
 2.01321592E+06
 2.01319999E+06
 2.01318429E+06
 2.01316879E+06
 2.01315337E+06
 2.01313784E+06
 2.01312191E+06
 2.01310523E+06
 2.01308736E+06
 2.01306792E+06
 2.01304670E+06
 2.01302393E+06
 2.01300017E+06
 2.01297609E+06
 2.01295220E+06
 2.01361398E+06
 2.01360447E+06
 2.01359341E+06
 2.01358090E+06
 2.01356708E+06
 2.01355213E+06
 2.01353622E+06
 2.01351954E+06
 2.01350226E+06
 2.01348455E+06
 2.01346654E+06
 2.01344835E+06
 2.01343010E+06
 2.01341187E+06
 2.01339371E+06
 2.01337568E+06
 2.01335783E+06
 2.01334018E+06
 2.01332274E+06
 2.01330554E+06
 2.01328858E+06
 2.01327185E+06
 2.01325538E+06
 2.01323914E+06
 2.01322314E+06
 2.01320737E+06
 2.01319181E+06
 2.01317642E+06
 2.01316113E+06
 2.01314583E+06
 2.01313030E+06
 2.01311425E+06
 2.01309731E+06
 2.01307908E+06
 2.01305922E+06
 2.01303765E+06
 2.01301464E+06
 2.01299080E+06
 2.01296675E+06
 2.01294289E+06
 2.01357998E+06
 2.01357076E+06
 2.01356027E+06
 2.01354859E+06
 2.01353581E+06
 2.01352206E+06
 2.01350749E+06
 2.01349223E+06
 2.01347642E+06
 2.01346019E+06
 2.01344364E+06
 2.01342689E+06
 2.01341002E+06
 2.01339310E+06
 2.01337619E+06
 2.01335934E+06
 2.01334258E+06
 2.01332594E+06
 2.01330944E+06
 2.01329310E+06
 2.01327692E+06
 2.01326091E+06
 2.01324507E+06
 2.01322941E+06
 2.01321392E+06
 2.01319859E+06
 2.01318338E+06
 2.01316829E+06
 2.01315320E+06
 2.01313798E+06
 2.01312240E+06
 2.01310617E+06
 2.01308892E+06
 2.01307029E+06
 2.01305000E+06
 2.01302807E+06
 2.01300487E+06
 2.01298100E+06
 2.01295700E+06
 2.01293319E+06
 2.01354729E+06
 2.01353833E+06
 2.01352834E+06
 2.01351737E+06
 2.01350550E+06
 2.01349283E+06
 2.01347945E+06
 2.01346548E+06
 2.01345100E+06
 2.01343613E+06
 2.01342095E+06
 2.01340555E+06
 2.01338999E+06
 2.01337433E+06
 2.01335862E+06
 2.01334290E+06
 2.01332721E+06
 2.01331157E+06
 2.01329599E+06
 2.01328050E+06
 2.01326510E+06
 2.01324979E+06
 2.01323460E+06
 2.01321950E+06
 2.01320451E+06
 2.01318961E+06
 2.01317477E+06
 2.01315994E+06
 2.01314502E+06
 2.01312985E+06
 2.01311417E+06
 2.01309770E+06
 2.01308008E+06
 2.01306100E+06
 2.01304027E+06
 2.01301803E+06
 2.01299469E+06
 2.01297083E+06
 2.01294692E+06
 2.01292317E+06
 2.01351566E+06
 2.01350692E+06
 2.01349737E+06
 2.01348705E+06
 2.01347600E+06
 2.01346430E+06
 2.01345201E+06
 2.01343922E+06
 2.01342598E+06
 2.01341238E+06
 2.01339849E+06
 2.01338436E+06
 2.01337005E+06
 2.01335560E+06
 2.01334105E+06
 2.01332644E+06
 2.01331179E+06
 2.01329713E+06
 2.01328246E+06
 2.01326780E+06
 2.01325317E+06
 2.01323857E+06
 2.01322401E+06
 2.01320948E+06
 2.01319499E+06
 2.01318051E+06
 2.01316601E+06
 2.01315143E+06
 2.01313663E+06
 2.01312145E+06
 2.01310562E+06
 2.01308883E+06
 2.01307078E+06
 2.01305121E+06
 2.01303007E+06
 2.01300755E+06
 2.01298414E+06
 2.01296036E+06
 2.01293657E+06
 2.01291290E+06
 2.01348486E+06
 2.01347633E+06
 2.01346718E+06
 2.01345745E+06
 2.01344716E+06
 2.01343636E+06
 2.01342508E+06
 2.01341339E+06
 2.01340132E+06
 2.01338893E+06
 2.01337626E+06
 2.01336336E+06
 2.01335025E+06
 2.01333697E+06
 2.01332355E+06
 2.01331002E+06
 2.01329639E+06
 2.01328268E+06
 2.01326891E+06
 2.01325509E+06
 2.01324122E+06
 2.01322731E+06
 2.01321338E+06
 2.01319941E+06
 2.01318539E+06
 2.01317132E+06
 2.01315714E+06
 2.01314276E+06
 2.01312805E+06
 2.01311279E+06
 2.01309674E+06
 2.01307958E+06
 2.01306100E+06
 2.01304094E+06
 2.01301944E+06
 2.01299670E+06
 2.01297331E+06
 2.01294968E+06
 2.01292604E+06
 2.01290246E+06
 2.01345468E+06
 2.01344634E+06
 2.01343758E+06
 2.01342840E+06
 2.01341883E+06
 2.01340888E+06
 2.01339857E+06
 2.01338793E+06
 2.01337699E+06
 2.01336576E+06
 2.01335427E+06
 2.01334255E+06
 2.01333062E+06
 2.01331848E+06
 2.01330617E+06
 2.01329370E+06
 2.01328107E+06
 2.01326831E+06
 2.01325542E+06
 2.01324241E+06
 2.01322929E+06
 2.01321608E+06
 2.01320276E+06
 2.01318933E+06
 2.01317579E+06
 2.01316210E+06
 2.01314820E+06
 2.01313397E+06
 2.01311927E+06
 2.01310387E+06
 2.01308755E+06
 2.01306998E+06
 2.01305074E+06
 2.01303018E+06
 2.01300849E+06
 2.01298548E+06
 2.01296225E+06
 2.01293887E+06
 2.01291542E+06
 2.01289193E+06
 2.01342493E+06
 2.01341678E+06
 2.01340839E+06
 2.01339975E+06
 2.01339088E+06
 2.01338176E+06
 2.01337239E+06
 2.01336278E+06
 2.01335293E+06
 2.01334285E+06
 2.01333252E+06
 2.01332196E+06
 2.01331118E+06
 2.01330017E+06
 2.01328895E+06
 2.01327752E+06
 2.01326589E+06
 2.01325406E+06
 2.01324204E+06
 2.01322984E+06
 2.01321747E+06
 2.01320493E+06
 2.01319222E+06
 2.01317931E+06
 2.01316621E+06
 2.01315287E+06
 2.01313919E+06
 2.01312505E+06
 2.01311028E+06
 2.01309466E+06
 2.01307806E+06
 2.01306021E+06
 2.01303991E+06
 2.01301880E+06
 2.01299686E+06
 2.01297423E+06
 2.01295127E+06
 2.01292813E+06
 2.01290484E+06
 2.01288144E+06
 2.01339542E+06
 2.01338746E+06
 2.01337944E+06
 2.01337135E+06
 2.01336317E+06
 2.01335488E+06
 2.01334645E+06
 2.01333788E+06
 2.01332912E+06
 2.01332017E+06
 2.01331100E+06
 2.01330160E+06
 2.01329197E+06
 2.01328208E+06
 2.01327194E+06
 2.01326155E+06
 2.01325090E+06
 2.01324000E+06
 2.01322884E+06
 2.01321744E+06
 2.01320580E+06
 2.01319392E+06
 2.01318179E+06
 2.01316939E+06
 2.01315669E+06
 2.01314363E+06
 2.01313012E+06
 2.01311597E+06
 2.01310107E+06
 2.01308504E+06
 2.01306813E+06
 2.01304894E+06
 2.01302860E+06
 2.01300739E+06
 2.01298552E+06
 2.01296314E+06
 2.01294045E+06
 2.01291752E+06
 2.01289438E+06
 2.01287105E+06
 2.01336596E+06
 2.01335820E+06
 2.01335056E+06
 2.01334303E+06
 2.01333557E+06
 2.01332813E+06
 2.01332067E+06
 2.01331315E+06
 2.01330550E+06
 2.01329770E+06
 2.01328971E+06
 2.01328148E+06
 2.01327300E+06
 2.01326424E+06
 2.01325519E+06
 2.01324583E+06
 2.01323616E+06
 2.01322618E+06
 2.01321588E+06
 2.01320527E+06
 2.01319435E+06
 2.01318310E+06
 2.01317153E+06
 2.01315960E+06
 2.01314723E+06
 2.01313438E+06
 2.01312096E+06
 2.01310665E+06
 2.01309168E+06
 2.01307467E+06
 2.01305675E+06
 2.01303751E+06
 2.01301721E+06
 2.01299611E+06
 2.01297443E+06
 2.01295231E+06
 2.01292986E+06
 2.01290712E+06
 2.01288411E+06
 2.01286084E+06
 2.01333636E+06
 2.01332881E+06
 2.01332158E+06
 2.01331465E+06
 2.01330794E+06
 2.01330141E+06
 2.01329496E+06
 2.01328853E+06
 2.01328205E+06
 2.01327544E+06
 2.01326865E+06
 2.01326162E+06
 2.01325431E+06
 2.01324669E+06
 2.01323874E+06
 2.01323043E+06
 2.01322174E+06
 2.01321268E+06
 2.01320323E+06
 2.01319338E+06
 2.01318314E+06
 2.01317251E+06
 2.01316147E+06
 2.01314997E+06
 2.01313776E+06
 2.01312500E+06
 2.01311173E+06
 2.01309666E+06
 2.01308080E+06
 2.01306368E+06
 2.01304546E+06
 2.01302617E+06
 2.01300598E+06
 2.01298508E+06
 2.01296364E+06
 2.01294178E+06
 2.01291956E+06
 2.01289699E+06
 2.01287409E+06
 2.01285089E+06
 2.01330641E+06
 2.01329909E+06
 2.01329231E+06
 2.01328603E+06
 2.01328015E+06
 2.01327459E+06
 2.01326923E+06
 2.01326397E+06
 2.01325871E+06
 2.01325336E+06
 2.01324782E+06
 2.01324203E+06
 2.01323593E+06
 2.01322949E+06
 2.01322265E+06
 2.01321539E+06
 2.01320769E+06
 2.01319955E+06
 2.01319093E+06
 2.01318183E+06
 2.01317224E+06
 2.01316214E+06
 2.01315155E+06
 2.01314056E+06
 2.01312813E+06
 2.01311508E+06
 2.01310115E+06
 2.01308603E+06
 2.01306985E+06
 2.01305257E+06
 2.01303428E+06
 2.01301505E+06
 2.01299504E+06
 2.01297439E+06
 2.01295322E+06
 2.01293161E+06
 2.01290959E+06
 2.01288718E+06
 2.01286439E+06
 2.01284124E+06
 2.01327588E+06
 2.01326882E+06
 2.01326255E+06
 2.01325700E+06
 2.01325205E+06
 2.01324757E+06
 2.01324340E+06
 2.01323942E+06
 2.01323548E+06
 2.01323145E+06
 2.01322724E+06
 2.01322275E+06
 2.01321791E+06
 2.01321266E+06
 2.01320696E+06
 2.01320078E+06
 2.01319408E+06
 2.01318685E+06
 2.01317906E+06
 2.01317066E+06
 2.01316163E+06
 2.01315190E+06
 2.01314145E+06
 2.01313021E+06
 2.01311791E+06
 2.01310468E+06
 2.01309048E+06
 2.01307521E+06
 2.01305889E+06
 2.01304158E+06
 2.01302334E+06
 2.01300428E+06
 2.01298450E+06
 2.01296412E+06
 2.01294322E+06
 2.01292184E+06
 2.01290001E+06
 2.01287775E+06
 2.01285506E+06
 2.01283196E+06
 2.01324451E+06
 2.01323775E+06
 2.01323207E+06
 2.01322737E+06
 2.01322348E+06
 2.01322022E+06
 2.01321740E+06
 2.01321482E+06
 2.01321232E+06
 2.01320974E+06
 2.01320694E+06
 2.01320382E+06
 2.01320029E+06
 2.01319628E+06
 2.01319174E+06
 2.01318662E+06
 2.01318089E+06
 2.01317451E+06
 2.01316742E+06
 2.01315958E+06
 2.01315092E+06
 2.01314142E+06
 2.01313104E+06
 2.01311972E+06
 2.01310739E+06
 2.01309408E+06
 2.01307975E+06
 2.01306442E+06
 2.01304811E+06
 2.01303087E+06
 2.01301279E+06
 2.01299395E+06
 2.01297444E+06
 2.01295433E+06
 2.01293369E+06
 2.01291253E+06
 2.01289087E+06
 2.01286874E+06
 2.01284614E+06
 2.01282308E+06
 2.01321198E+06
 2.01320559E+06
 2.01320063E+06
 2.01319693E+06
 2.01319428E+06
 2.01319244E+06
 2.01319114E+06
 2.01319015E+06
 2.01318925E+06
 2.01318824E+06
 2.01318696E+06
 2.01318528E+06
 2.01318312E+06
 2.01318037E+06
 2.01317698E+06
 2.01317289E+06
 2.01316805E+06
 2.01316240E+06
 2.01315588E+06
 2.01314844E+06
 2.01314007E+06
 2.01313073E+06
 2.01312042E+06
 2.01310910E+06
 2.01309678E+06
 2.01308345E+06
 2.01306913E+06
 2.01305385E+06
 2.01303765E+06
 2.01302059E+06
 2.01300274E+06
 2.01298416E+06
 2.01296492E+06
 2.01294508E+06
 2.01292467E+06
 2.01290370E+06
 2.01288221E+06
 2.01286020E+06
 2.01283768E+06
 2.01281466E+06
 2.01317794E+06
 2.01317201E+06
 2.01316791E+06
 2.01316544E+06
 2.01316428E+06
 2.01316411E+06
 2.01316458E+06
 2.01316540E+06
 2.01316627E+06
 2.01316699E+06
 2.01316734E+06
 2.01316719E+06
 2.01316642E+06
 2.01316494E+06
 2.01316266E+06
 2.01315952E+06
 2.01315544E+06
 2.01315039E+06
 2.01314433E+06
 2.01313723E+06
 2.01312910E+06
 2.01311993E+06
 2.01310973E+06
 2.01309850E+06
 2.01308625E+06
 2.01307301E+06
 2.01305880E+06
 2.01304367E+06
 2.01302767E+06
 2.01301085E+06
 2.01299325E+06
 2.01297495E+06
 2.01295598E+06
 2.01293639E+06
 2.01291619E+06
 2.01289541E+06
 2.01287407E+06
 2.01285216E+06
 2.01282972E+06
 2.01280674E+06
 2.01314193E+06
 2.01313658E+06
 2.01313358E+06
 2.01313263E+06
 2.01313329E+06
 2.01313512E+06
 2.01313768E+06
 2.01314056E+06
 2.01314344E+06
 2.01314604E+06
 2.01314814E+06
 2.01314958E+06
 2.01315021E+06
 2.01314994E+06
 2.01314868E+06
 2.01314636E+06
 2.01314295E+06
 2.01313843E+06
 2.01313279E+06
 2.01312602E+06
 2.01311815E+06
 2.01310919E+06
 2.01309916E+06
 2.01308809E+06
 2.01307600E+06
 2.01306294E+06
 2.01304893E+06
 2.01303403E+06
 2.01301828E+06
 2.01300173E+06
 2.01298441E+06
 2.01296638E+06
 2.01294767E+06
 2.01292831E+06
 2.01290831E+06
 2.01288769E+06
 2.01286648E+06
 2.01284467E+06
 2.01282230E+06
 2.01279935E+06
 2.01310338E+06
 2.01309878E+06
 2.01309722E+06
 2.01309820E+06
 2.01310114E+06
 2.01310540E+06
 2.01311042E+06
 2.01311568E+06
 2.01312080E+06
 2.01312545E+06
 2.01312938E+06
 2.01313241E+06
 2.01313440E+06
 2.01313526E+06
 2.01313493E+06
 2.01313338E+06
 2.01313060E+06
 2.01312659E+06
 2.01312137E+06
 2.01311495E+06
 2.01310738E+06
 2.01309869E+06
 2.01308891E+06
 2.01307807E+06
 2.01306623E+06
 2.01305342E+06
 2.01303968E+06
 2.01302505E+06
 2.01300957E+06
 2.01299330E+06
 2.01297627E+06
 2.01295849E+06
 2.01294002E+06
 2.01292086E+06
 2.01290103E+06
 2.01288057E+06
 2.01285947E+06
 2.01283776E+06
 2.01281544E+06
 2.01279252E+06
 2.01306151E+06
 2.01305795E+06
 2.01305830E+06
 2.01306181E+06
 2.01306763E+06
 2.01307488E+06
 2.01308282E+06
 2.01309082E+06
 2.01309841E+06
 2.01310523E+06
 2.01311102E+06
 2.01311562E+06
 2.01311893E+06
 2.01312087E+06
 2.01312145E+06
 2.01312065E+06
 2.01311849E+06
 2.01311501E+06
 2.01311024E+06
 2.01310423E+06
 2.01309701E+06
 2.01308865E+06
 2.01307918E+06
 2.01306865E+06
 2.01305711E+06
 2.01304459E+06
 2.01303114E+06
 2.01301680E+06
 2.01300162E+06
 2.01298563E+06
 2.01296885E+06
 2.01295131E+06
 2.01293304E+06
 2.01291407E+06
 2.01289440E+06
 2.01287407E+06
 2.01285308E+06
 2.01283145E+06
 2.01280919E+06
 2.01278630E+06
 2.01301530E+06
 2.01301320E+06
 2.01301619E+06
 2.01302309E+06
 2.01303261E+06
 2.01304355E+06
 2.01305493E+06
 2.01306602E+06
 2.01307628E+06
 2.01308537E+06
 2.01309306E+06
 2.01309923E+06
 2.01310385E+06
 2.01310688E+06
 2.01310837E+06
 2.01310833E+06
 2.01310682E+06
 2.01310390E+06
 2.01309963E+06
 2.01309406E+06
 2.01308726E+06
 2.01307927E+06
 2.01307016E+06
 2.01305998E+06
 2.01304876E+06
 2.01303657E+06
 2.01302342E+06
 2.01300938E+06
 2.01299447E+06
 2.01297873E+06
 2.01296218E+06
 2.01294486E+06
 2.01292678E+06
 2.01290796E+06
 2.01288844E+06
 2.01286823E+06
 2.01284734E+06
 2.01282578E+06
 2.01280356E+06
 2.01278070E+06
 2.01296326E+06
 2.01296334E+06
 2.01297011E+06
 2.01298164E+06
 2.01299595E+06
 2.01301142E+06
 2.01302683E+06
 2.01304136E+06
 2.01305450E+06
 2.01306597E+06
 2.01307562E+06
 2.01308341E+06
 2.01308936E+06
 2.01309350E+06
 2.01309591E+06
 2.01309667E+06
 2.01309584E+06
 2.01309352E+06
 2.01308978E+06
 2.01308470E+06
 2.01307833E+06
 2.01307076E+06
 2.01306203E+06
 2.01305220E+06
 2.01304131E+06
 2.01302943E+06
 2.01301658E+06
 2.01300281E+06
 2.01298815E+06
 2.01297264E+06
 2.01295629E+06
 2.01293915E+06
 2.01292124E+06
 2.01290257E+06
 2.01288318E+06
 2.01286307E+06
 2.01284226E+06
 2.01282076E+06
 2.01279859E+06
 2.01277574E+06
 2.01290321E+06
 2.01290670E+06
 2.01291910E+06
 2.01293707E+06
 2.01295764E+06
 2.01297865E+06
 2.01299874E+06
 2.01301711E+06
 2.01303336E+06
 2.01304734E+06
 2.01305903E+06
 2.01306847E+06
 2.01307577E+06
 2.01308104E+06
 2.01308439E+06
 2.01308595E+06
 2.01308583E+06
 2.01308412E+06
 2.01308093E+06
 2.01307634E+06
 2.01307042E+06
 2.01306325E+06
 2.01305489E+06
 2.01304540E+06
 2.01303483E+06
 2.01302324E+06
 2.01301065E+06
 2.01299713E+06
 2.01298269E+06
 2.01296737E+06
 2.01295121E+06
 2.01293423E+06
 2.01291645E+06
 2.01289791E+06
 2.01287862E+06
 2.01285860E+06
 2.01283787E+06
 2.01281642E+06
 2.01279428E+06
 2.01277146E+06
 2.01283161E+06
 2.01284088E+06
 2.01286206E+06
 2.01288919E+06
 2.01291794E+06
 2.01294573E+06
 2.01297122E+06
 2.01299384E+06
 2.01301342E+06
 2.01303000E+06
 2.01304375E+06
 2.01305484E+06
 2.01306348E+06
 2.01306986E+06
 2.01307415E+06
 2.01307650E+06
 2.01307706E+06
 2.01307596E+06
 2.01307329E+06
 2.01306916E+06
 2.01306366E+06
 2.01305686E+06
 2.01304884E+06
 2.01303966E+06
 2.01302937E+06
 2.01301803E+06
 2.01300567E+06
 2.01299235E+06
 2.01297810E+06
 2.01296295E+06
 2.01294694E+06
 2.01293009E+06
 2.01291244E+06
 2.01289400E+06
 2.01287480E+06
 2.01285486E+06
 2.01283418E+06
 2.01281278E+06
 2.01279067E+06
 2.01276786E+06
 2.01274236E+06
 2.01276251E+06
 2.01279807E+06
 2.01283847E+06
 2.01287792E+06
 2.01291385E+06
 2.01294541E+06
 2.01297253E+06
 2.01299548E+06
 2.01301464E+06
 2.01303037E+06
 2.01304304E+06
 2.01305295E+06
 2.01306036E+06
 2.01306552E+06
 2.01306860E+06
 2.01306978E+06
 2.01306921E+06
 2.01306701E+06
 2.01306330E+06
 2.01305816E+06
 2.01305169E+06
 2.01304395E+06
 2.01303503E+06
 2.01302497E+06
 2.01301383E+06
 2.01300166E+06
 2.01298850E+06
 2.01297440E+06
 2.01295939E+06
 2.01294350E+06
 2.01292677E+06
 2.01290921E+06
 2.01289086E+06
 2.01287173E+06
 2.01285184E+06
 2.01283121E+06
 2.01280985E+06
 2.01278776E+06
 2.01276496E+06
 2.01262371E+06
 2.01266738E+06
 2.01272775E+06
 2.01278727E+06
 2.01284009E+06
 2.01288515E+06
 2.01292296E+06
 2.01295447E+06
 2.01298057E+06
 2.01300206E+06
 2.01301956E+06
 2.01303361E+06
 2.01304461E+06
 2.01305291E+06
 2.01305879E+06
 2.01306248E+06
 2.01306418E+06
 2.01306404E+06
 2.01306222E+06
 2.01305884E+06
 2.01305399E+06
 2.01304777E+06
 2.01304026E+06
 2.01303153E+06
 2.01302164E+06
 2.01301066E+06
 2.01299863E+06
 2.01298561E+06
 2.01297162E+06
 2.01295671E+06
 2.01294091E+06
 2.01292426E+06
 2.01290677E+06
 2.01288848E+06
 2.01286941E+06
 2.01284957E+06
 2.01282897E+06
 2.01280764E+06
 2.01278557E+06
 2.01276278E+06
 2.01245032E+06
 2.01255372E+06
 2.01265673E+06
 2.01274142E+06
 2.01280886E+06
 2.01286267E+06
 2.01290600E+06
 2.01294115E+06
 2.01296978E+06
 2.01299308E+06
 2.01301194E+06
 2.01302702E+06
 2.01303883E+06
 2.01304778E+06
 2.01305419E+06
 2.01305832E+06
 2.01306038E+06
 2.01306056E+06
 2.01305900E+06
 2.01305584E+06
 2.01305118E+06
 2.01304514E+06
 2.01303778E+06
 2.01302918E+06
 2.01301942E+06
 2.01300854E+06
 2.01299661E+06
 2.01298367E+06
 2.01296976E+06
 2.01295492E+06
 2.01293918E+06
 2.01292258E+06
 2.01290515E+06
 2.01288690E+06
 2.01286786E+06
 2.01284805E+06
 2.01282748E+06
 2.01280616E+06
 2.01278411E+06
 2.01276132E+06
 2.01216008E+06
 2.01243907E+06
 2.01260281E+06
 2.01271175E+06
 2.01279035E+06
 2.01285001E+06
 2.01289673E+06
 2.01293402E+06
 2.01296409E+06
 2.01298840E+06
 2.01300800E+06
 2.01302364E+06
 2.01303588E+06
 2.01304518E+06
 2.01305186E+06
 2.01305621E+06
 2.01305846E+06
 2.01305880E+06
 2.01305738E+06
 2.01305433E+06
 2.01304978E+06
 2.01304381E+06
 2.01303653E+06
 2.01302800E+06
 2.01301830E+06
 2.01300748E+06
 2.01299559E+06
 2.01298269E+06
 2.01296882E+06
 2.01295402E+06
 2.01293831E+06
 2.01292174E+06
 2.01290433E+06
 2.01288610E+06
 2.01286708E+06
 2.01284729E+06
 2.01282673E+06
 2.01280542E+06
 2.01278337E+06
 2.01276059E+06
