 1.00000E+00
 1.00000E+00
 1.00000E+00
 1.00000E+00
 1.00000E+00
 1.00000E+00
 1.00000E+00
 1.00000E+00
 1.00000E+00
 1.00000E+00
 1.00000E+00
 1.00000E+00
 1.00000E+00
 1.00000E+00
 1.00000E+00
 1.00000E+00
 1.00000E+00
 1.00000E+00
 1.00000E+00
 1.00000E+00
 1.00000E+00
 1.00000E+00
 1.00000E+00
 9.99998E-01
 9.99987E-01
 9.99929E-01
 9.99671E-01
 9.98710E-01
 9.95673E-01
 9.87421E-01
 9.67996E-01
 9.28247E-01
 8.57228E-01
 7.46319E-01
 5.95550E-01
 4.19369E-01
 2.46855E-01
 1.11748E-01
 3.37510E-02
 4.98190E-03
 1.00000E+00
 1.00000E+00
 1.00000E+00
 1.00000E+00
 1.00000E+00
 1.00000E+00
 1.00000E+00
 1.00000E+00
 1.00000E+00
 1.00000E+00
 1.00000E+00
 1.00000E+00
 1.00000E+00
 1.00000E+00
 1.00000E+00
 1.00000E+00
 1.00000E+00
 1.00000E+00
 1.00000E+00
 1.00000E+00
 1.00000E+00
 1.00000E+00
 1.00000E+00
 9.99998E-01
 9.99986E-01
 9.99924E-01
 9.99651E-01
 9.98638E-01
 9.95452E-01
 9.86830E-01
 9.66605E-01
 9.25333E-01
 8.51783E-01
 7.37295E-01
 5.82579E-01
 4.03892E-01
 2.32551E-01
 1.02478E-01
 3.01223E-02
 4.34402E-03
 1.00000E+00
 1.00000E+00
 1.00000E+00
 1.00000E+00
 1.00000E+00
 1.00000E+00
 1.00000E+00
 1.00000E+00
 1.00000E+00
 1.00000E+00
 1.00000E+00
 1.00000E+00
 1.00000E+00
 1.00000E+00
 1.00000E+00
 1.00000E+00
 1.00000E+00
 1.00000E+00
 1.00000E+00
 1.00000E+00
 1.00000E+00
 1.00000E+00
 1.00000E+00
 9.99998E-01
 9.99985E-01
 9.99916E-01
 9.99619E-01
 9.98527E-01
 9.95119E-01
 9.85968E-01
 9.64654E-01
 9.21460E-01
 8.45012E-01
 7.26925E-01
 5.68918E-01
 3.88973E-01
 2.19813E-01
 9.46896E-02
 2.71546E-02
 3.81992E-03
 1.00000E+00
 1.00000E+00
 1.00000E+00
 1.00000E+00
 1.00000E+00
 1.00000E+00
 1.00000E+00
 1.00000E+00
 1.00000E+00
 1.00000E+00
 1.00000E+00
 1.00000E+00
 1.00000E+00
 1.00000E+00
 1.00000E+00
 1.00000E+00
 1.00000E+00
 1.00000E+00
 1.00000E+00
 1.00000E+00
 1.00000E+00
 1.00000E+00
 1.00000E+00
 9.99997E-01
 9.99982E-01
 9.99905E-01
 9.99572E-01
 9.98367E-01
 9.94653E-01
 9.84791E-01
 9.62079E-01
 9.16547E-01
 8.36828E-01
 7.15080E-01
 5.54267E-01
 3.73968E-01
 2.07740E-01
 8.76483E-02
 2.45519E-02
 3.36743E-03
 1.00000E+00
 1.00000E+00
 1.00000E+00
 1.00000E+00
 1.00000E+00
 1.00000E+00
 1.00000E+00
 1.00000E+00
 1.00000E+00
 1.00000E+00
 1.00000E+00
 1.00000E+00
 1.00000E+00
 1.00000E+00
 1.00000E+00
 1.00000E+00
 1.00000E+00
 1.00000E+00
 1.00000E+00
 1.00000E+00
 1.00000E+00
 1.00000E+00
 1.00000E+00
 9.99997E-01
 9.99979E-01
 9.99888E-01
 9.99506E-01
 9.98146E-01
 9.94021E-01
 9.83238E-01
 9.58778E-01
 9.10460E-01
 8.27070E-01
 7.01555E-01
 5.38301E-01
 3.58384E-01
 1.95757E-01
 8.09267E-02
 2.21438E-02
 2.95903E-03
 1.00000E+00
 1.00000E+00
 1.00000E+00
 1.00000E+00
 1.00000E+00
 1.00000E+00
 1.00000E+00
 1.00000E+00
 1.00000E+00
 1.00000E+00
 1.00000E+00
 1.00000E+00
 1.00000E+00
 1.00000E+00
 1.00000E+00
 1.00000E+00
 1.00000E+00
 1.00000E+00
 1.00000E+00
 1.00000E+00
 1.00000E+00
 1.00000E+00
 9.99999E-01
 9.99996E-01
 9.99974E-01
 9.99864E-01
 9.99413E-01
 9.97844E-01
 9.93180E-01
 9.81222E-01
 9.54615E-01
 9.03010E-01
 8.15515E-01
 6.86095E-01
 5.20714E-01
 3.41847E-01
 1.83494E-01
 7.42771E-02
 1.98351E-02
 2.57887E-03
 1.00000E+00
 1.00000E+00
 1.00000E+00
 1.00000E+00
 1.00000E+00
 1.00000E+00
 1.00000E+00
 1.00000E+00
 1.00000E+00
 1.00000E+00
 1.00000E+00
 1.00000E+00
 1.00000E+00
 1.00000E+00
 1.00000E+00
 1.00000E+00
 1.00000E+00
 1.00000E+00
 1.00000E+00
 1.00000E+00
 1.00000E+00
 1.00000E+00
 9.99999E-01
 9.99994E-01
 9.99966E-01
 9.99830E-01
 9.99283E-01
 9.97431E-01
 9.92064E-01
 9.78624E-01
 9.49403E-01
 8.93957E-01
 8.01888E-01
 6.68414E-01
 5.01218E-01
 3.24081E-01
 1.70724E-01
 6.75665E-02
 1.75787E-02
 2.21920E-03
 1.00000E+00
 1.00000E+00
 1.00000E+00
 1.00000E+00
 1.00000E+00
 1.00000E+00
 1.00000E+00
 1.00000E+00
 1.00000E+00
 1.00000E+00
 1.00000E+00
 1.00000E+00
 1.00000E+00
 1.00000E+00
 1.00000E+00
 1.00000E+00
 1.00000E+00
 1.00000E+00
 1.00000E+00
 1.00000E+00
 1.00000E+00
 1.00000E+00
 9.99999E-01
 9.99992E-01
 9.99954E-01
 9.99779E-01
 9.99100E-01
 9.96866E-01
 9.90583E-01
 9.75284E-01
 9.42902E-01
 8.82995E-01
 7.85862E-01
 6.48205E-01
 4.79555E-01
 3.04891E-01
 1.57327E-01
 6.07408E-02
 1.53593E-02
 1.87769E-03
 1.00000E+00
 1.00000E+00
 1.00000E+00
 1.00000E+00
 1.00000E+00
 1.00000E+00
 1.00000E+00
 1.00000E+00
 1.00000E+00
 1.00000E+00
 1.00000E+00
 1.00000E+00
 1.00000E+00
 1.00000E+00
 1.00000E+00
 1.00000E+00
 1.00000E+00
 1.00000E+00
 1.00000E+00
 1.00000E+00
 1.00000E+00
 1.00000E+00
 9.99998E-01
 9.99989E-01
 9.99937E-01
 9.99704E-01
 9.98837E-01
 9.96087E-01
 9.88610E-01
 9.70984E-01
 9.34800E-01
 8.69747E-01
 7.67052E-01
 6.25137E-01
 4.55491E-01
 2.84154E-01
 1.43266E-01
 5.38043E-02
 1.31839E-02
 1.55556E-03
 1.00000E+00
 1.00000E+00
 1.00000E+00
 1.00000E+00
 1.00000E+00
 1.00000E+00
 1.00000E+00
 1.00000E+00
 1.00000E+00
 1.00000E+00
 1.00000E+00
 1.00000E+00
 1.00000E+00
 1.00000E+00
 1.00000E+00
 1.00000E+00
 1.00000E+00
 1.00000E+00
 1.00000E+00
 1.00000E+00
 1.00000E+00
 1.00000E+00
 9.99997E-01
 9.99983E-01
 9.99908E-01
 9.99590E-01
 9.98455E-01
 9.95002E-01
 9.85967E-01
 9.65431E-01
 9.24697E-01
 8.53754E-01
 7.45017E-01
 5.98869E-01
 4.28834E-01
 2.61821E-01
 1.28581E-01
 4.68094E-02
 1.10753E-02
 1.25627E-03
 1.00000E+00
 1.00000E+00
 1.00000E+00
 1.00000E+00
 1.00000E+00
 1.00000E+00
 1.00000E+00
 1.00000E+00
 1.00000E+00
 1.00000E+00
 1.00000E+00
 1.00000E+00
 1.00000E+00
 1.00000E+00
 1.00000E+00
 1.00000E+00
 1.00000E+00
 1.00000E+00
 1.00000E+00
 1.00000E+00
 1.00000E+00
 9.99999E-01
 9.99996E-01
 9.99973E-01
 9.99862E-01
 9.99414E-01
 9.97892E-01
 9.93475E-01
 9.82400E-01
 9.58237E-01
 9.12086E-01
 8.34463E-01
 7.19261E-01
 5.69057E-01
 3.99439E-01
 2.37926E-01
 1.13389E-01
 3.98490E-02
 9.06714E-03
 9.84379E-04
 1.00000E+00
 1.00000E+00
 1.00000E+00
 1.00000E+00
 1.00000E+00
 1.00000E+00
 1.00000E+00
 1.00000E+00
 1.00000E+00
 1.00000E+00
 1.00000E+00
 1.00000E+00
 1.00000E+00
 1.00000E+00
 1.00000E+00
 1.00000E+00
 1.00000E+00
 1.00000E+00
 1.00000E+00
 1.00000E+00
 1.00000E+00
 9.99999E-01
 9.99992E-01
 9.99954E-01
 9.99784E-01
 9.99135E-01
 9.97050E-01
 9.91301E-01
 9.77555E-01
 9.48883E-01
 8.96331E-01
 8.11222E-01
 6.89244E-01
 5.35378E-01
 3.67245E-01
 2.12610E-01
 9.78887E-02
 3.30510E-02
 7.19723E-03
 7.45037E-04
 1.00000E+00
 1.00000E+00
 1.00000E+00
 1.00000E+00
 1.00000E+00
 1.00000E+00
 1.00000E+00
 1.00000E+00
 1.00000E+00
 1.00000E+00
 1.00000E+00
 1.00000E+00
 1.00000E+00
 1.00000E+00
 1.00000E+00
 1.00000E+00
 1.00000E+00
 1.00000E+00
 1.00000E+00
 1.00000E+00
 1.00000E+00
 9.99998E-01
 9.99985E-01
 9.99921E-01
 9.99650E-01
 9.98685E-01
 9.95770E-01
 9.88173E-01
 9.70936E-01
 9.36689E-01
 8.76647E-01
 7.83280E-01
 6.54400E-01
 4.97570E-01
 3.32312E-01
 1.86142E-01
 8.23677E-02
 2.65737E-02
 5.50687E-03
 5.42289E-04
 1.00000E+00
 1.00000E+00
 1.00000E+00
 1.00000E+00
 1.00000E+00
 1.00000E+00
 1.00000E+00
 1.00000E+00
 1.00000E+00
 1.00000E+00
 1.00000E+00
 1.00000E+00
 1.00000E+00
 1.00000E+00
 1.00000E+00
 1.00000E+00
 1.00000E+00
 1.00000E+00
 1.00000E+00
 1.00000E+00
 9.99999E-01
 9.99995E-01
 9.99971E-01
 9.99857E-01
 9.99413E-01
 9.97946E-01
 9.93801E-01
 9.83636E-01
 9.61851E-01
 9.20768E-01
 8.52081E-01
 7.49798E-01
 6.14187E-01
 4.55492E-01
 2.94877E-01
 1.58958E-01
 6.71999E-02
 2.05951E-02
 4.03890E-03
 3.77029E-04
 1.00000E+00
 1.00000E+00
 1.00000E+00
 1.00000E+00
 1.00000E+00
 1.00000E+00
 1.00000E+00
 1.00000E+00
 1.00000E+00
 1.00000E+00
 1.00000E+00
 1.00000E+00
 1.00000E+00
 1.00000E+00
 1.00000E+00
 1.00000E+00
 1.00000E+00
 1.00000E+00
 1.00000E+00
 1.00000E+00
 9.99998E-01
 9.99988E-01
 9.99939E-01
 9.99731E-01
 9.98986E-01
 9.96714E-01
 9.90738E-01
 9.77015E-01
 9.49350E-01
 8.99991E-01
 8.21513E-01
 7.09897E-01
 5.68161E-01
 4.09220E-01
 2.55432E-01
 1.31682E-01
 5.28284E-02
 1.52861E-02
 2.82052E-03
 2.48657E-04
 1.00000E+00
 1.00000E+00
 1.00000E+00
 1.00000E+00
 1.00000E+00
 1.00000E+00
 1.00000E+00
 1.00000E+00
 1.00000E+00
 1.00000E+00
 1.00000E+00
 1.00000E+00
 1.00000E+00
 1.00000E+00
 1.00000E+00
 1.00000E+00
 1.00000E+00
 1.00000E+00
 1.00000E+00
 9.99999E-01
 9.99995E-01
 9.99972E-01
 9.99870E-01
 9.99478E-01
 9.98204E-01
 9.94636E-01
 9.85939E-01
 9.67330E-01
 9.32157E-01
 8.72961E-01
 7.83690E-01
 6.62745E-01
 5.16105E-01
 3.59167E-01
 2.14803E-01
 1.05128E-01
 3.97270E-02
 1.07845E-02
 1.86092E-03
 1.54450E-04
 1.00000E+00
 1.00000E+00
 1.00000E+00
 1.00000E+00
 1.00000E+00
 1.00000E+00
 1.00000E+00
 1.00000E+00
 1.00000E+00
 1.00000E+00
 1.00000E+00
 1.00000E+00
 1.00000E+00
 1.00000E+00
 1.00000E+00
 1.00000E+00
 1.00000E+00
 1.00000E+00
 1.00000E+00
 9.99998E-01
 9.99986E-01
 9.99931E-01
 9.99713E-01
 9.98964E-01
 9.96759E-01
 9.91112E-01
 9.78406E-01
 9.53176E-01
 9.08601E-01
 8.38018E-01
 7.37311E-01
 6.07707E-01
 4.58208E-01
 3.06242E-01
 1.74208E-01
 8.02628E-02
 2.83353E-02
 7.16745E-03
 1.15028E-03
 8.97022E-05
 1.00000E+00
 1.00000E+00
 1.00000E+00
 1.00000E+00
 1.00000E+00
 1.00000E+00
 1.00000E+00
 1.00000E+00
 1.00000E+00
 1.00000E+00
 1.00000E+00
 1.00000E+00
 1.00000E+00
 1.00000E+00
 1.00000E+00
 1.00000E+00
 1.00000E+00
 1.00000E+00
 9.99999E-01
 9.99992E-01
 9.99959E-01
 9.99825E-01
 9.99353E-01
 9.97913E-01
 9.94081E-01
 9.85128E-01
 9.66623E-01
 9.32611E-01
 8.76580E-01
 7.93304E-01
 6.81191E-01
 5.44577E-01
 3.95300E-01
 2.51973E-01
 1.35278E-01
 5.80961E-02
 1.89776E-02
 4.43531E-03
 6.60907E-04
 4.83638E-05
 1.00000E+00
 1.00000E+00
 1.00000E+00
 1.00000E+00
 1.00000E+00
 1.00000E+00
 1.00000E+00
 1.00000E+00
 1.00000E+00
 1.00000E+00
 1.00000E+00
 1.00000E+00
 1.00000E+00
 1.00000E+00
 1.00000E+00
 1.00000E+00
 1.00000E+00
 9.99999E-01
 9.99994E-01
 9.99971E-01
 9.99879E-01
 9.99551E-01
 9.98534E-01
 9.95768E-01
 9.89140E-01
 9.75047E-01
 9.48363E-01
 9.03055E-01
 8.33598E-01
 7.36939E-01
 6.14541E-01
 4.73859E-01
 3.29082E-01
 1.98494E-01
 9.99745E-02
 3.94871E-02
 1.17875E-02
 2.52343E-03
 3.49042E-04
 2.39943E-05
 1.00000E+00
 1.00000E+00
 1.00000E+00
 1.00000E+00
 1.00000E+00
 1.00000E+00
 1.00000E+00
 1.00000E+00
 1.00000E+00
 1.00000E+00
 1.00000E+00
 1.00000E+00
 1.00000E+00
 1.00000E+00
 1.00000E+00
 1.00000E+00
 9.99999E-01
 9.99995E-01
 9.99976E-01
 9.99903E-01
 9.99646E-01
 9.98855E-01
 9.96692E-01
 9.91454E-01
 9.80141E-01
 9.58316E-01
 9.20497E-01
 8.61249E-01
 7.76874E-01
 6.67167E-01
 5.37014E-01
 3.96232E-01
 2.60625E-01
 1.44341E-01
 6.49251E-02
 2.38052E-02
 6.60381E-03
 1.31438E-03
 1.70683E-04
 1.10873E-05
 1.00000E+00
 1.00000E+00
 1.00000E+00
 1.00000E+00
 1.00000E+00
 1.00000E+00
 1.00000E+00
 1.00000E+00
 1.00000E+00
 1.00000E+00
 1.00000E+00
 1.00000E+00
 1.00000E+00
 1.00000E+00
 1.00000E+00
 9.99999E-01
 9.99994E-01
 9.99976E-01
 9.99908E-01
 9.99680E-01
 9.98992E-01
 9.97135E-01
 9.92655E-01
 9.82959E-01
 9.64117E-01
 9.31125E-01
 8.78793E-01
 8.03114E-01
 7.03006E-01
 5.81089E-01
 4.45522E-01
 3.03705E-01
 1.81150E-01
 9.48364E-02
 4.01471E-02
 1.36661E-02
 3.52793E-03
 6.57560E-04
 8.06801E-05
 4.98126E-06
 1.00000E+00
 1.00000E+00
 1.00000E+00
 1.00000E+00
 1.00000E+00
 1.00000E+00
 1.00000E+00
 1.00000E+00
 1.00000E+00
 1.00000E+00
 1.00000E+00
 1.00000E+00
 1.00000E+00
 1.00000E+00
 9.99998E-01
 9.99992E-01
 9.99971E-01
 9.99899E-01
 9.99667E-01
 9.98995E-01
 9.97230E-01
 9.93046E-01
 9.84081E-01
 9.66724E-01
 9.36298E-01
 8.87792E-01
 8.17161E-01
 7.22277E-01
 6.05026E-01
 4.67335E-01
 3.28260E-01
 2.13702E-01
 1.21184E-01
 5.91644E-02
 2.35586E-02
 7.45097E-03
 1.79696E-03
 3.15495E-04
 3.67541E-05
 2.16677E-06
 1.00000E+00
 1.00000E+00
 1.00000E+00
 1.00000E+00
 1.00000E+00
 1.00000E+00
 1.00000E+00
 1.00000E+00
 1.00000E+00
 1.00000E+00
 1.00000E+00
 1.00000E+00
 9.99999E-01
 9.99997E-01
 9.99989E-01
 9.99961E-01
 9.99873E-01
 9.99606E-01
 9.98870E-01
 9.97010E-01
 9.92721E-01
 9.83708E-01
 9.66480E-01
 9.36487E-01
 8.88676E-01
 8.18620E-01
 7.24308E-01
 6.03627E-01
 4.68651E-01
 3.45160E-01
 2.32407E-01
 1.43047E-01
 7.69434E-02
 3.50534E-02
 1.30608E-02
 3.84932E-03
 8.71305E-04
 1.44816E-04
 1.60825E-05
 9.08729E-07
 1.00000E+00
 1.00000E+00
 1.00000E+00
 1.00000E+00
 1.00000E+00
 1.00000E+00
 1.00000E+00
 1.00000E+00
 1.00000E+00
 1.00000E+00
 9.99999E-01
 9.99998E-01
 9.99995E-01
 9.99982E-01
 9.99942E-01
 9.99822E-01
 9.99480E-01
 9.98581E-01
 9.96406E-01
 9.91560E-01
 9.81633E-01
 9.62981E-01
 9.30843E-01
 8.80020E-01
 8.05308E-01
 7.02671E-01
 5.81417E-01
 4.61945E-01
 3.45319E-01
 2.43072E-01
 1.56682E-01
 9.10643E-02
 4.61245E-02
 1.96330E-02
 6.82398E-03
 1.88104E-03
 4.01300E-04
 6.33981E-05
 6.73434E-06
 3.65869E-07
 1.00000E+00
 1.00000E+00
 1.00000E+00
 1.00000E+00
 1.00000E+00
 1.00000E+00
 1.00000E+00
 1.00000E+00
 1.00000E+00
 9.99999E-01
 9.99996E-01
 9.99987E-01
 9.99964E-01
 9.99897E-01
 9.99719E-01
 9.99255E-01
 9.98025E-01
 9.95162E-01
 9.89034E-01
 9.76824E-01
 9.54313E-01
 9.15883E-01
 8.55271E-01
 7.68982E-01
 6.66198E-01
 5.55936E-01
 4.42382E-01
 3.37257E-01
 2.42256E-01
 1.62790E-01
 9.99722E-02
 5.47869E-02
 2.59956E-02
 1.03325E-02
 3.35051E-03
 8.67199E-04
 1.75057E-04
 2.63762E-05
 2.68750E-06
 1.40767E-07
 1.00000E+00
 1.00000E+00
 1.00000E+00
 1.00000E+00
 1.00000E+00
 1.00000E+00
 9.99999E-01
 9.99998E-01
 9.99996E-01
 9.99988E-01
 9.99966E-01
 9.99909E-01
 9.99765E-01
 9.99411E-01
 9.98566E-01
 9.96609E-01
 9.92211E-01
 9.83136E-01
 9.65572E-01
 9.34485E-01
 8.85050E-01
 8.15100E-01
 7.26861E-01
 6.25964E-01
 5.19678E-01
 4.16503E-01
 3.19472E-01
 2.33977E-01
 1.61276E-01
 1.03213E-01
 6.00342E-02
 3.09248E-02
 1.37067E-02
 5.08405E-03
 1.54194E-03
 3.76020E-04
 7.20722E-05
 1.03858E-05
 1.01753E-06
 5.15027E-08
 1.00000E+00
 1.00000E+00
 1.00000E+00
 1.00000E+00
 1.00000E+00
 9.99999E-01
 9.99996E-01
 9.99987E-01
 9.99965E-01
 9.99907E-01
 9.99765E-01
 9.99426E-01
 9.98650E-01
 9.96937E-01
 9.93290E-01
 9.85857E-01
 9.71569E-01
 9.46265E-01
 9.05294E-01
 8.45708E-01
 7.68129E-01
 6.76946E-01
 5.78555E-01
 4.78781E-01
 3.83252E-01
 2.95926E-01
 2.18800E-01
 1.53736E-01
 1.01263E-01
 6.14946E-02
 3.37081E-02
 1.62644E-02
 6.72342E-03
 2.32851E-03
 6.62737E-04
 1.52762E-04
 2.78852E-05
 3.85213E-06
 3.63647E-07
 1.78226E-08
 1.00000E+00
 1.00000E+00
 1.00000E+00
 9.99999E-01
 9.99996E-01
 9.99988E-01
 9.99966E-01
 9.99908E-01
 9.99761E-01
 9.99417E-01
 9.98642E-01
 9.96977E-01
 9.93556E-01
 9.86843E-01
 9.74344E-01
 9.52522E-01
 9.17360E-01
 8.65723E-01
 7.96928E-01
 7.13751E-01
 6.21520E-01
 5.26281E-01
 4.33221E-01
 3.45991E-01
 2.67413E-01
 1.98967E-01
 1.41410E-01
 9.50159E-02
 5.95128E-02
 3.41405E-02
 1.75642E-02
 7.91462E-03
 3.05059E-03
 9.88671E-04
 2.64892E-04
 5.78795E-05
 1.00875E-05
 1.33852E-06
 1.21970E-07
 5.79837E-09
 1.00000E+00
 9.99999E-01
 9.99998E-01
 9.99992E-01
 9.99973E-01
 9.99920E-01
 9.99779E-01
 9.99438E-01
 9.98664E-01
 9.97010E-01
 9.93663E-01
 9.87243E-01
 9.75592E-01
 9.55709E-01
 9.24100E-01
 8.77761E-01
 8.15566E-01
 7.39147E-01
 6.52627E-01
 5.61425E-01
 4.70742E-01
 3.84653E-01
 3.05872E-01
 2.35983E-01
 1.75882E-01
 1.25795E-01
 8.55809E-02
 5.47407E-02
 3.24415E-02
 1.75032E-02
 8.42271E-03
 3.53879E-03
 1.27377E-03
 3.87252E-04
 9.79431E-05
 2.03379E-05
 3.39144E-06
 4.32969E-07
 3.81417E-08
 1.76145E-09
 9.99999E-01
 9.99997E-01
 9.99986E-01
 9.99947E-01
 9.99831E-01
 9.99527E-01
 9.98800E-01
 9.97204E-01
 9.93945E-01
 9.87708E-01
 9.76503E-01
 9.57639E-01
 9.28023E-01
 8.84920E-01
 8.27059E-01
 7.55500E-01
 6.73612E-01
 5.86121E-01
 4.97901E-01
 4.13083E-01
 3.34619E-01
 2.64306E-01
 2.03026E-01
 1.51039E-01
 1.08210E-01
 7.40897E-02
 4.80113E-02
 2.90892E-02
 1.62365E-02
 8.20694E-03
 3.68577E-03
 1.44476E-03
 4.86525E-04
 1.39082E-04
 3.32864E-05
 6.58280E-06
 1.05209E-06
 1.29408E-07
 1.10354E-08
 4.95729E-10
 9.99997E-01
 9.99981E-01
 9.99913E-01
 9.99693E-01
 9.99099E-01
 9.97688E-01
 9.94665E-01
 9.88727E-01
 9.77936E-01
 9.59726E-01
 9.31211E-01
 8.89860E-01
 8.34454E-01
 7.65837E-01
 6.86959E-01
 6.02141E-01
 5.15985E-01
 4.32491E-01
 3.54646E-01
 2.84371E-01
 2.22665E-01
 1.69831E-01
 1.25709E-01
 8.98461E-02
 6.15960E-02
 4.01712E-02
 2.46688E-02
 1.40901E-02
 7.37667E-03
 3.48330E-03
 1.45974E-03
 5.34557E-04
 1.68746E-04
 4.54575E-05
 1.03159E-05
 1.94645E-06
 2.98571E-07
 3.54237E-08
 2.92745E-09
 1.28062E-10
 9.99983E-01
 9.99888E-01
 9.99526E-01
 9.98487E-01
 9.95984E-01
 9.90694E-01
 9.80636E-01
 9.63208E-01
 9.35517E-01
 8.95069E-01
 8.40699E-01
 7.73255E-01
 6.95619E-01
 6.11989E-01
 5.26856E-01
 4.44160E-01
 3.66861E-01
 2.96869E-01
 2.35193E-01
 1.82153E-01
 1.37584E-01
 1.01004E-01
 7.17435E-02
 4.90224E-02
 3.19941E-02
 1.97715E-02
 1.14500E-02
 6.13887E-03
 3.00522E-03
 1.32489E-03
 5.18434E-04
 1.77620E-04
 5.26598E-05
 1.33929E-05
 2.88683E-06
 5.20455E-07
 7.67062E-08
 8.78663E-09
 7.04356E-10
 3.00341E-11
 9.99908E-01
 9.99416E-01
 9.97802E-01
 9.93738E-01
 9.85137E-01
 9.69190E-01
 9.42738E-01
 9.03056E-01
 8.48875E-01
 7.81122E-01
 7.02891E-01
 6.18622E-01
 5.32978E-01
 4.49982E-01
 3.72597E-01
 3.02691E-01
 2.41196E-01
 1.88348E-01
 1.43905E-01
 1.07325E-01
 7.78865E-02
 5.47754E-02
 3.71420E-02
 2.41332E-02
 1.49149E-02
 8.69071E-03
 4.72579E-03
 2.37089E-03
 1.08428E-03
 4.46317E-04
 1.63214E-04
 5.23920E-05
 1.46127E-05
 3.51425E-06
 7.20487E-07
 1.24255E-07
 1.76107E-08
 1.94915E-09
 1.51679E-10
 6.30943E-12
 9.99528E-01
 9.97375E-01
 9.91354E-01
 9.78301E-01
 9.54453E-01
 9.16404E-01
 8.62396E-01
 7.93314E-01
 7.12686E-01
 6.25617E-01
 5.37378E-01
 4.52368E-01
 3.73684E-01
 3.03152E-01
 2.41568E-01
 1.88995E-01
 1.45021E-01
 1.08954E-01
 7.99622E-02
 5.71553E-02
 3.96416E-02
 2.65591E-02
 1.70963E-02
 1.05063E-02
 6.11792E-03
 3.34657E-03
 1.70377E-03
 7.98928E-04
 3.41205E-04
 1.31181E-04
 4.48739E-05
 1.35136E-05
 3.55092E-06
 8.08552E-07
 1.57841E-07
 2.60625E-08
 3.55447E-09
 3.80344E-10
 2.87502E-11
 1.16745E-12
 9.97839E-01
 9.89850E-01
 9.71286E-01
 9.37362E-01
 8.85006E-01
 8.14526E-01
 7.29930E-01
 6.37538E-01
 5.43913E-01
 4.54369E-01
 3.72424E-01
 2.99938E-01
 2.37517E-01
 1.84941E-01
 1.41507E-01
 1.06268E-01
 7.81884E-02
 5.62348E-02
 3.94243E-02
 2.68502E-02
 1.76933E-02
 1.12281E-02
 6.82393E-03
 3.94627E-03
 2.15610E-03
 1.10439E-03
 5.25657E-04
 2.30217E-04
 9.18064E-05
 3.29813E-05
 1.05623E-05
 2.98732E-06
 7.40376E-07
 1.59779E-07
 2.97240E-08
 4.70206E-09
 6.17378E-10
 6.38967E-11
 4.69394E-12
 1.86168E-13
 9.91278E-01
 9.66531E-01
 9.20120E-01
 8.50377E-01
 7.61194E-01
 6.60679E-01
 5.57868E-01
 4.60038E-01
 3.71746E-01
 2.95099E-01
 2.30468E-01
 1.77193E-01
 1.34095E-01
 9.98085E-02
 7.29688E-02
 5.23044E-02
 3.66773E-02
 2.50931E-02
 1.66976E-02
 1.07680E-02
 6.70162E-03
 4.00554E-03
 2.28690E-03
 1.24013E-03
 6.34307E-04
 3.03726E-04
 1.35006E-04
 5.51935E-05
 2.05506E-05
 6.90099E-06
 2.07042E-06
 5.50416E-07
 1.28777E-07
 2.63592E-08
 4.67572E-09
 7.08923E-10
 8.96397E-11
 8.97608E-12
 6.41061E-13
 2.48438E-14
 9.69289E-01
 9.06958E-01
 8.15484E-01
 7.04521E-01
 5.87329E-01
 4.75353E-01
 3.75654E-01
 2.91155E-01
 2.21982E-01
 1.66756E-01
 1.23497E-01
 9.01412E-02
 6.47857E-02
 4.57834E-02
 3.17553E-02
 2.15701E-02
 1.43123E-02
 9.24995E-03
 5.80379E-03
 3.52193E-03
 2.05853E-03
 1.15393E-03
 6.17038E-04
 3.12964E-04
 1.49570E-04
 6.68597E-05
 2.77294E-05
 1.05769E-05
 3.67664E-06
 1.15430E-06
 3.24579E-07
 8.11548E-08
 1.79346E-08
 3.48366E-09
 5.89442E-10
 8.56770E-11
 1.04346E-11
 1.01112E-12
 7.02221E-14
 2.65998E-15
 9.07316E-01
 7.84915E-01
 6.46536E-01
 5.10714E-01
 3.90533E-01
 2.91491E-01
 2.13647E-01
 1.54347E-01
 1.10115E-01
 7.76177E-02
 5.40326E-02
 3.71073E-02
 2.51017E-02
 1.66941E-02
 1.08922E-02
 6.95484E-03
 4.33344E-03
 2.62721E-03
 1.54466E-03
 8.77740E-04
 4.80015E-04
 2.51539E-04
 1.25644E-04
 5.94817E-05
 2.65168E-05
 1.10520E-05
 4.27308E-06
 1.51989E-06
 4.93123E-07
 1.44752E-07
 3.81575E-08
 8.97599E-09
 1.87429E-09
 3.45585E-10
 5.57854E-11
 7.77404E-12
 9.11981E-13
 8.55219E-14
 5.77651E-15
 2.13889E-16
 7.67609E-01
 5.88569E-01
 4.29433E-01
 3.01694E-01
 2.06807E-01
 1.39625E-01
 9.33283E-02
 6.18935E-02
 4.07349E-02
 2.65836E-02
 1.71772E-02
 1.09697E-02
 6.90894E-03
 4.28098E-03
 2.60340E-03
 1.54965E-03
 9.00584E-04
 5.09313E-04
 2.79345E-04
 1.48053E-04
 7.55060E-05
 3.68853E-05
 1.71702E-05
 7.57255E-06
 3.14401E-06
 1.22026E-06
 4.39409E-07
 1.45649E-07
 4.40897E-08
 1.20987E-08
 2.98992E-09
 6.61785E-10
 1.30584E-10
 2.28572E-11
 3.51998E-12
 4.70256E-13
 5.31326E-14
 4.82170E-15
 3.16764E-16
 1.14902E-17
 5.29751E-01
 3.35487E-01
 2.00684E-01
 1.17530E-01
 6.87668E-02
 4.04656E-02
 2.39525E-02
 1.42316E-02
 8.46403E-03
 5.02376E-03
 2.96663E-03
 1.73794E-03
 1.00710E-03
 5.75816E-04
 3.23787E-04
 1.78505E-04
 9.62054E-05
 5.05079E-05
 2.57363E-05
 1.26778E-05
 6.01120E-06
 2.73042E-06
 1.18184E-06
 4.84645E-07
 1.87098E-07
 6.75315E-08
 2.26245E-08
 6.98299E-09
 1.97114E-09
 5.05487E-10
 1.17088E-10
 2.43824E-11
 4.54594E-12
 7.55300E-13
 1.10945E-13
 1.42062E-14
 1.54562E-15
 1.35703E-16
 8.67577E-18
 3.00379E-19
