 4.57033E-01
 9.34944E-01
 1.38943E+00
 1.83123E+00
 2.29919E+00
 2.75492E+00
 3.20732E+00
 3.66042E+00
 4.10895E+00
 4.55397E+00
 5.00781E+00
 5.46748E+00
 5.92909E+00
 6.39182E+00
 6.83709E+00
 7.30565E+00
 7.75477E+00
 8.20961E+00
 8.66620E+00
 9.11107E+00
 9.55627E+00
 1.00166E+01
 1.04731E+01
 1.09310E+01
 1.13717E+01
 1.18231E+01
 1.22751E+01
 1.27322E+01
 1.31744E+01
 1.36244E+01
 1.40892E+01
 1.45315E+01
 1.49892E+01
 1.54268E+01
 1.58721E+01
 1.63252E+01
 1.67804E+01
 1.72337E+01
 1.76822E+01
 1.81345E+01
 1.85843E+01
 1.90301E+01
 1.94810E+01
 1.99259E+01
 2.03757E+01
 2.08332E+01
 2.12880E+01
 2.17374E+01
 2.21729E+01
 2.26218E+01
 2.30682E+01
 2.35199E+01
 2.39696E+01
 2.44140E+01
 2.48609E+01
 2.53166E+01
 2.57707E+01
 2.62248E+01
 2.66851E+01
 2.71399E+01
 2.75877E+01
 2.80348E+01
 2.84975E+01
 2.89513E+01
 2.93973E+01
 2.98561E+01
 3.03046E+01
 3.07652E+01
 3.12064E+01
 3.16643E+01
 3.21012E+01
 3.25577E+01
 3.30073E+01
 3.34563E+01
 3.39057E+01
 3.43485E+01
 3.48139E+01
 3.52599E+01
 3.57126E+01
 3.61691E+01
 3.66172E+01
 3.70734E+01
 3.75280E+01
 3.79656E+01
 3.84164E+01
 3.88829E+01
 3.93210E+01
 3.97733E+01
 4.02277E+01
 4.06957E+01
 4.11494E+01
 4.15988E+01
 4.20459E+01
 4.25030E+01
 4.29520E+01
 4.33940E+01
 4.38527E+01
 4.42977E+01
 4.47409E+01
 4.51930E+01
 4.56439E+01
 4.61102E+01
 4.65618E+01
 4.70092E+01
 4.74674E+01
 4.79137E+01
 4.83451E+01
 4.87931E+01
 4.92473E+01
 4.97086E+01
 5.01562E+01
 5.06031E+01
 5.10468E+01
 5.14929E+01
 5.19414E+01
 5.23858E+01
 5.28368E+01
 5.32907E+01
 5.37425E+01
 5.41946E+01
 5.46563E+01
 5.51018E+01
 5.55629E+01
 5.60206E+01
 5.64541E+01
 5.69049E+01
 5.73433E+01
 5.78055E+01
 5.82617E+01
 5.87119E+01
 5.91714E+01
 5.96277E+01
 6.00776E+01
 6.05226E+01
 6.09776E+01
 6.14435E+01
 6.19082E+01
 6.23531E+01
 6.28025E+01
 6.32515E+01
 6.37109E+01
 6.41487E+01
 6.46137E+01
 6.50732E+01
 6.55262E+01
 6.59874E+01
 6.64423E+01
 6.68788E+01
 6.73459E+01
 6.78071E+01
 6.82735E+01
 6.87311E+01
 6.91856E+01
 6.96306E+01
 7.00995E+01
 7.05466E+01
 7.10158E+01
 7.14826E+01
 7.19258E+01
 7.23668E+01
 7.28240E+01
 7.32755E+01
 7.37241E+01
 7.41837E+01
 7.46330E+01
 7.50853E+01
 7.55402E+01
 7.60016E+01
 7.64562E+01
 7.68816E+01
 7.73497E+01
 7.78054E+01
 7.82501E+01
 7.87047E+01
 7.91576E+01
 7.96127E+01
 8.00547E+01
 8.05126E+01
 8.09541E+01
 8.14150E+01
 8.18765E+01
 8.23201E+01
 8.27563E+01
 8.32144E+01
 8.36760E+01
 8.41391E+01
 8.45902E+01
 8.50442E+01
 8.54971E+01
 8.59660E+01
 8.64208E+01
 8.68840E+01
 8.73410E+01
 8.77823E+01
 8.82325E+01
 8.86910E+01
 8.91573E+01
 8.95966E+01
 9.00390E+01
 9.04800E+01
 9.09387E+01
 9.13969E+01
 9.18510E+01
 9.23022E+01
 9.27602E+01
 9.32203E+01
 9.36747E+01
 9.41320E+01
 9.45888E+01
 9.50404E+01
 9.55011E+01
 9.59535E+01
 9.64008E+01
 9.68605E+01
 9.73234E+01
 9.77769E+01
 9.82321E+01
 9.86815E+01
 9.91391E+01
 9.95947E+01
 1.00042E+02
 1.00503E+02
 1.00958E+02
 1.01423E+02
 1.01884E+02
 1.02337E+02
 1.02788E+02
 1.03232E+02
 1.03697E+02
 1.04148E+02
 1.04600E+02
 1.05051E+02
 1.05516E+02
 1.05985E+02
 1.06444E+02
 1.06901E+02
 1.07367E+02
 1.07814E+02
 1.08275E+02
 1.08731E+02
 1.09188E+02
 1.09641E+02
 1.10094E+02
 1.10548E+02
 1.11016E+02
 1.11468E+02
 1.11914E+02
 1.12383E+02
 1.12841E+02
 1.13296E+02
 1.13751E+02
 1.14194E+02
 1.14633E+02
 1.15080E+02
 1.15523E+02
 1.15971E+02
 1.16424E+02
 1.16875E+02
 1.17333E+02
 1.17807E+02
 1.18263E+02
 1.18731E+02
 1.19202E+02
 1.19662E+02
 1.20121E+02
 1.20587E+02
 1.21039E+02
 1.21495E+02
 1.21951E+02
 1.22398E+02
 1.22852E+02
 1.23305E+02
 1.23769E+02
 1.24226E+02
 1.24674E+02
 1.25126E+02
 1.25580E+02
 1.26025E+02
 1.26474E+02
 1.26927E+02
 1.27385E+02
 1.27828E+02
 1.28285E+02
 1.28740E+02
 1.29189E+02
 1.29645E+02
 1.30090E+02
 1.30544E+02
 1.31003E+02
 1.31441E+02
 1.31900E+02
 1.32353E+02
 1.32808E+02
 1.33265E+02
 1.33723E+02
 1.34193E+02
 1.34644E+02
 1.35091E+02
 1.35550E+02
 1.35996E+02
 1.36441E+02
 1.36891E+02
 1.37341E+02
 1.37793E+02
 1.38257E+02
 1.38701E+02
 1.39159E+02
 1.39620E+02
 1.40081E+02
 1.40537E+02
 1.40995E+02
 1.41439E+02
 1.41898E+02
 1.42362E+02
 1.42815E+02
 1.43283E+02
 1.43725E+02
 1.44181E+02
 1.44630E+02
 1.45090E+02
 1.45538E+02
 1.45993E+02
 1.46452E+02
 1.46913E+02
 1.47358E+02
 1.47822E+02
 1.48277E+02
 1.48736E+02
 1.49180E+02
 1.49633E+02
 1.50100E+02
 1.50566E+02
 1.51016E+02
 1.51480E+02
 1.51936E+02
 1.52376E+02
 1.52832E+02
 1.53272E+02
 1.53724E+02
 1.54184E+02
 1.54635E+02
 1.55084E+02
 1.55546E+02
 1.56005E+02
 1.56458E+02
 1.56916E+02
 1.57378E+02
 1.57830E+02
 1.58282E+02
 1.58721E+02
 1.59175E+02
 1.59620E+02
 1.60088E+02
 1.60544E+02
 1.60985E+02
 1.61445E+02
 1.61900E+02
 1.62344E+02
 1.62802E+02
 1.63254E+02
 1.63702E+02
 1.64163E+02
 1.64613E+02
 1.65068E+02
 1.65527E+02
 1.65977E+02
 1.66432E+02
 1.66898E+02
 1.67345E+02
 1.67805E+02
 1.68257E+02
 1.68715E+02
 1.69171E+02
 1.69624E+02
 1.70071E+02
 1.70524E+02
 1.70976E+02
 1.71434E+02
 1.71882E+02
 1.72334E+02
 1.72781E+02
 1.73227E+02
 1.73681E+02
 1.74147E+02
 1.74610E+02
 1.75076E+02
 1.75541E+02
 1.76001E+02
 1.76455E+02
 1.76888E+02
 1.77341E+02
 1.77807E+02
 1.78280E+02
 1.78739E+02
 1.79199E+02
 1.79653E+02
 1.80104E+02
 1.80565E+02
 1.81016E+02
 1.81475E+02
 1.81945E+02
 1.82410E+02
 1.82873E+02
 1.83326E+02
 1.83769E+02
 1.84223E+02
 1.84670E+02
 1.85117E+02
 1.85576E+02
 1.86026E+02
 1.86480E+02
 1.86934E+02
 1.87384E+02
 1.87845E+02
 1.88310E+02
 1.88761E+02
 1.89203E+02
 1.89664E+02
 1.90114E+02
 1.90568E+02
 1.91013E+02
 1.91468E+02
 1.91928E+02
 1.92389E+02
 1.92844E+02
 1.93290E+02
 1.93742E+02
 1.94186E+02
 1.94649E+02
 1.95115E+02
 1.95563E+02
 1.96013E+02
 1.96474E+02
 1.96938E+02
 1.97401E+02
 1.97872E+02
 1.98321E+02
 1.98772E+02
 1.99219E+02
 1.99681E+02
 2.00124E+02
 2.00594E+02
 2.01046E+02
 2.01499E+02
 2.01963E+02
 2.02420E+02
 2.02880E+02
 2.03341E+02
 2.03787E+02
 2.04236E+02
 2.04688E+02
 2.05136E+02
 2.05587E+02
 2.06048E+02
 2.06507E+02
 2.06962E+02
 2.07430E+02
 2.07887E+02
 2.08347E+02
 2.08792E+02
 2.09248E+02
 2.09707E+02
 2.10162E+02
 2.10617E+02
 2.11076E+02
 2.11528E+02
 2.11989E+02
 2.12445E+02
 2.12900E+02
 2.13360E+02
 2.13822E+02
 2.14283E+02
 2.14743E+02
 2.15198E+02
 2.15655E+02
 2.16110E+02
 2.16564E+02
 2.17015E+02
 2.17472E+02
 2.17934E+02
 2.18374E+02
 2.18826E+02
 2.19281E+02
 2.19722E+02
 2.20174E+02
 2.20626E+02
 2.21081E+02
 2.21543E+02
 2.21996E+02
 2.22452E+02
 2.22904E+02
 2.23347E+02
 2.23801E+02
 2.24257E+02
 2.24690E+02
 2.25136E+02
 2.25587E+02
 2.26032E+02
 2.26490E+02
 2.26946E+02
 2.27386E+02
 2.27841E+02
 2.28288E+02
 2.28751E+02
 2.29206E+02
 2.29667E+02
 2.30123E+02
 2.30583E+02
 2.31042E+02
 2.31494E+02
 2.31953E+02
 2.32409E+02
 2.32860E+02
 2.33326E+02
 2.33783E+02
 2.34234E+02
 2.34694E+02
 2.35143E+02
 2.35610E+02
 2.36056E+02
 2.36499E+02
 2.36935E+02
 2.37398E+02
 2.37858E+02
 2.38330E+02
 2.38783E+02
 2.39229E+02
 2.39683E+02
 2.40140E+02
 2.40590E+02
 2.41048E+02
 2.41495E+02
 2.41952E+02
 2.42411E+02
 2.42872E+02
 2.43334E+02
 2.43792E+02
 2.44249E+02
 2.44712E+02
 2.45164E+02
 2.45603E+02
 2.46058E+02
 2.46510E+02
 2.46965E+02
 2.47420E+02
 2.47863E+02
 2.48319E+02
 2.48778E+02
 2.49239E+02
 2.49696E+02
 2.50151E+02
 2.50605E+02
 2.51068E+02
 2.51528E+02
 2.51991E+02
 2.52441E+02
 2.52890E+02
 2.53355E+02
 2.53806E+02
 2.54254E+02
 2.54712E+02
 2.55143E+02
 2.55608E+02
 2.56068E+02
 2.56523E+02
 2.56984E+02
 2.57429E+02
 2.57895E+02
 2.58352E+02
 2.58807E+02
 2.59260E+02
 2.59723E+02
 2.60179E+02
 2.60626E+02
 2.61082E+02
 2.61534E+02
 2.61984E+02
 2.62444E+02
 2.62903E+02
 2.63356E+02
 2.63806E+02
 2.64259E+02
 2.64712E+02
 2.65159E+02
 2.65612E+02
 2.66081E+02
 2.66551E+02
 2.66997E+02
 2.67447E+02
 2.67900E+02
 2.68362E+02
 2.68812E+02
 2.69259E+02
 2.69713E+02
 2.70164E+02
 2.70611E+02
 2.71068E+02
 2.71517E+02
 2.71976E+02
 2.72414E+02
 2.72847E+02
 2.73310E+02
 2.73769E+02
 2.74222E+02
 2.74684E+02
 2.75143E+02
 2.75599E+02
 2.76061E+02
 2.76519E+02
 2.76971E+02
 2.77431E+02
 2.77894E+02
 2.78340E+02
 2.78800E+02
 2.79255E+02
 2.79714E+02
 2.80151E+02
 2.80600E+02
 2.81067E+02
 2.81530E+02
 2.81987E+02
 2.82426E+02
 2.82889E+02
 2.83358E+02
 2.83816E+02
 2.84263E+02
 2.84715E+02
 2.85176E+02
 2.85644E+02
 2.86105E+02
 2.86575E+02
 2.87045E+02
 2.87515E+02
 2.87978E+02
 2.88459E+02
 2.88924E+02
 2.89398E+02
 2.89863E+02
 2.90331E+02
 2.90791E+02
 2.91254E+02
 2.91702E+02
 2.92171E+02
 2.92642E+02
 2.93094E+02
 2.93560E+02
 2.94035E+02
 2.94498E+02
 2.94979E+02
 2.95459E+02
 2.95939E+02
 2.96418E+02
 2.96875E+02
 2.97365E+02
 2.97834E+02
 2.98289E+02
 2.98754E+02
 2.99242E+02
 2.99712E+02
 3.00173E+02
 3.00640E+02
 3.01118E+02
 3.01615E+02
 3.02087E+02
 3.02569E+02
 3.03035E+02
 3.03511E+02
 3.03981E+02
 3.04460E+02
 3.04942E+02
 3.05419E+02
 3.05881E+02
 3.06367E+02
 3.06850E+02
 3.07321E+02
 3.07803E+02
 3.08269E+02
 3.08740E+02
 3.09202E+02
 3.09677E+02
 3.10150E+02
 3.10626E+02
 3.11101E+02
 3.11570E+02
 3.12027E+02
 3.12494E+02
 3.12967E+02
 3.13426E+02
 3.13891E+02
 3.14359E+02
 3.14832E+02
 3.15302E+02
 3.15796E+02
 3.16274E+02
 3.16736E+02
 3.17197E+02
 3.17660E+02
 3.18122E+02
 3.18585E+02
 3.19045E+02
 3.19508E+02
 3.19981E+02
 3.20468E+02
 3.20950E+02
 3.21407E+02
 3.21891E+02
 3.22347E+02
 3.22809E+02
 3.23271E+02
 3.23741E+02
 3.24217E+02
 3.24701E+02
 3.25171E+02
 3.25640E+02
 3.26115E+02
 3.26588E+02
 3.27057E+02
 3.27523E+02
 3.27989E+02
 3.28456E+02
 3.28920E+02
 3.29393E+02
 3.29889E+02
 3.30401E+02
 3.30922E+02
 3.31419E+02
 3.31914E+02
 3.32390E+02
 3.32884E+02
 3.33360E+02
 3.33876E+02
 3.34364E+02
 3.34855E+02
 3.35352E+02
 3.35859E+02
 3.36349E+02
 3.36841E+02
 3.37338E+02
 3.37823E+02
 3.38310E+02
 3.38799E+02
 3.39297E+02
 3.39781E+02
 3.40288E+02
 3.40757E+02
 3.41235E+02
 3.41734E+02
 3.42238E+02
 3.42743E+02
 3.43227E+02
 3.43721E+02
 3.44229E+02
 3.44739E+02
 3.45244E+02
 3.45742E+02
 3.46255E+02
 3.46747E+02
 3.47256E+02
 3.47756E+02
 3.48260E+02
 3.48747E+02
 3.49264E+02
 3.49766E+02
 3.50278E+02
 3.50782E+02
 3.51269E+02
 3.51773E+02
 3.52256E+02
 3.52753E+02
 3.53227E+02
 3.53722E+02
 3.54247E+02
 3.54730E+02
 3.55228E+02
 3.55724E+02
 3.56221E+02
 3.56724E+02
 3.57234E+02
 3.57747E+02
 3.58241E+02
 3.58751E+02
 3.59246E+02
 3.59746E+02
 3.60237E+02
 3.60736E+02
 3.61221E+02
 3.61714E+02
 3.62240E+02
 3.62723E+02
 3.63232E+02
 3.63724E+02
 3.64219E+02
 3.64706E+02
 3.65191E+02
 3.65685E+02
 3.66178E+02
 3.66660E+02
 3.67158E+02
 3.67654E+02
 3.68157E+02
 3.68645E+02
 3.69141E+02
 3.69637E+02
 3.70133E+02
 3.70607E+02
 3.71104E+02
 3.71597E+02
 3.72091E+02
 3.72591E+02
 3.73096E+02
 3.73587E+02
 3.74086E+02
 3.74592E+02
 3.75089E+02
 3.75581E+02
 3.76099E+02
 3.76605E+02
 3.77101E+02
 3.77590E+02
 3.78083E+02
 3.78575E+02
 3.79062E+02
 3.79566E+02
 3.80054E+02
 3.80556E+02
 3.81033E+02
 3.81531E+02
 3.82031E+02
 3.82544E+02
 3.83051E+02
 3.83565E+02
 3.84069E+02
 3.84576E+02
 3.85087E+02
 3.85588E+02
 3.86095E+02
 3.86582E+02
 3.87084E+02
 3.87574E+02
 3.88065E+02
 3.88558E+02
 3.89056E+02
 3.89565E+02
 3.90050E+02
 3.90559E+02
 3.91053E+02
 3.91553E+02
 3.92052E+02
 3.92544E+02
 3.93066E+02
 3.93570E+02
 3.94064E+02
 3.94563E+02
 3.95073E+02
 3.95589E+02
 3.96102E+02
 3.96594E+02
 3.97094E+02
 3.97606E+02
 3.98087E+02
 3.98579E+02
 3.99086E+02
 3.99596E+02
 4.00098E+02
 4.00595E+02
 4.01083E+02
 4.01591E+02
 4.02085E+02
 4.02577E+02
 4.03083E+02
 4.03560E+02
 4.04049E+02
 4.04551E+02
 4.05053E+02
 4.05557E+02
 4.06056E+02
 4.06557E+02
 4.07053E+02
 4.07544E+02
 4.08032E+02
 4.08543E+02
 4.09043E+02
 4.09532E+02
 4.10016E+02
 4.10525E+02
 4.11013E+02
 4.11520E+02
 4.12030E+02
 4.12528E+02
 4.13019E+02
 4.13522E+02
 4.14021E+02
 4.14510E+02
 4.15001E+02
 4.15491E+02
 4.15973E+02
 4.16472E+02
 4.16964E+02
 4.17457E+02
 4.17950E+02
 4.18448E+02
 4.18957E+02
 4.19464E+02
 4.19966E+02
 4.20456E+02
 4.20956E+02
 4.21451E+02
 4.21948E+02
 4.22451E+02
 4.22961E+02
 4.23448E+02
 4.23942E+02
 4.24454E+02
 4.24946E+02
 4.25438E+02
 4.25942E+02
 4.26442E+02
 4.26942E+02
 4.27449E+02
 4.27945E+02
 4.28435E+02
 4.28946E+02
 4.29426E+02
 4.29917E+02
 4.30404E+02
 4.30911E+02
 4.31407E+02
 4.31895E+02
 4.32394E+02
 4.32912E+02
 4.33420E+02
 4.33922E+02
 4.34411E+02
 4.34898E+02
 4.35368E+02
 4.35861E+02
 4.36350E+02
 4.36818E+02
 4.37292E+02
 4.37787E+02
 4.38277E+02
 4.38781E+02
 4.39271E+02
 4.39760E+02
 4.40232E+02
 4.40712E+02
 4.41196E+02
 4.41688E+02
 4.42181E+02
 4.42672E+02
 4.43169E+02
 4.43647E+02
 4.44132E+02
 4.44638E+02
 4.45137E+02
 4.45626E+02
 4.46120E+02
 4.46622E+02
 4.47118E+02
 4.47631E+02
 4.48138E+02
 4.48649E+02
 4.49138E+02
 4.49648E+02
 4.50134E+02
 4.50651E+02
 4.51134E+02
 4.51619E+02
 4.52119E+02
 4.52621E+02
 4.53129E+02
 4.53613E+02
 4.54119E+02
 4.54604E+02
 4.55089E+02
 4.55595E+02
 4.56079E+02
 4.56563E+02
 4.57041E+02
 4.57540E+02
 4.58036E+02
 4.58523E+02
 4.59002E+02
 4.59481E+02
 4.59982E+02
 4.60482E+02
 4.60978E+02
 4.61481E+02
 4.61976E+02
 4.62463E+02
 4.62955E+02
 4.63457E+02
 4.63921E+02
 4.64403E+02
 4.64895E+02
 4.65378E+02
 4.65871E+02
 4.66367E+02
 4.66866E+02
 4.67340E+02
 4.67843E+02
 4.68318E+02
 4.68811E+02
 4.69298E+02
 4.69780E+02
 4.70263E+02
 4.70739E+02
 4.71218E+02
 4.71713E+02
 4.72219E+02
 4.72725E+02
 4.73234E+02
 4.73741E+02
 4.74237E+02
 4.74741E+02
 4.75234E+02
 4.75717E+02
 4.76201E+02
 4.76676E+02
 4.77186E+02
 4.77679E+02
 4.78177E+02
 4.78669E+02
 4.79166E+02
 4.79659E+02
 4.80151E+02
 4.80649E+02
 4.81147E+02
 4.81641E+02
 4.82121E+02
 4.82616E+02
 4.83126E+02
 4.83618E+02
 4.84105E+02
 4.84597E+02
 4.85098E+02
 4.85587E+02
 4.86079E+02
 4.86568E+02
 4.87063E+02
 4.87558E+02
 4.88041E+02
 4.88529E+02
 4.89021E+02
 4.89507E+02
 4.90002E+02
 4.90499E+02
 4.91000E+02
 4.91495E+02
 4.91998E+02
 4.92491E+02
 4.92987E+02
 4.93479E+02
 4.93970E+02
 4.94453E+02
 4.94951E+02
 4.95439E+02
 4.95938E+02
 4.96422E+02
 4.96914E+02
 4.97430E+02
 4.97921E+02
 4.98425E+02
 4.98915E+02
 4.99410E+02
 4.99910E+02
 5.00421E+02
 5.00909E+02
 5.01391E+02
 5.01883E+02
 5.02361E+02
 5.02852E+02
 5.03352E+02
 5.03839E+02
 5.04340E+02
 5.04846E+02
 5.05349E+02
 5.05848E+02
 5.06344E+02
 5.06841E+02
 5.07337E+02
 5.07839E+02
 5.08337E+02
 5.08826E+02
 5.09318E+02
 5.09809E+02
 5.10303E+02
 5.10796E+02
 5.11313E+02
 5.11818E+02
 5.12328E+02
 5.12819E+02
 5.13291E+02
 5.13787E+02
 5.14284E+02
 5.14791E+02
 5.15269E+02
 5.15788E+02
 5.16278E+02
 5.16787E+02
 5.17287E+02
 5.17793E+02
 5.18289E+02
 5.18768E+02
 5.19266E+02
 5.19766E+02
 5.20258E+02
 5.20744E+02
 5.21232E+02
 5.21720E+02
 5.22202E+02
 5.22697E+02
 5.23190E+02
 5.23678E+02
 5.24180E+02
 5.24658E+02
 5.25158E+02
 5.25646E+02
 5.26135E+02
 5.26623E+02
 5.27114E+02
 5.27606E+02
 5.28092E+02
 5.28578E+02
 5.29078E+02
 5.29558E+02
 5.30061E+02
 5.30567E+02
 5.31041E+02
 5.31534E+02
 5.32036E+02
 5.32526E+02
 5.33031E+02
 5.33528E+02
 5.34030E+02
 5.34521E+02
 5.35021E+02
 5.35516E+02
 5.35997E+02
 5.36500E+02
 5.36998E+02
 5.37491E+02
 5.37970E+02
 5.38464E+02
 5.38943E+02
 5.39424E+02
 5.39911E+02
 5.40396E+02
 5.40906E+02
 5.41411E+02
 5.41897E+02
 5.42390E+02
 5.42891E+02
 5.43403E+02
 5.43908E+02
 5.44404E+02
 5.44895E+02
 5.45394E+02
 5.45876E+02
 5.46366E+02
 5.46856E+02
 5.47354E+02
 5.47851E+02
 5.48343E+02
 5.48851E+02
 5.49359E+02
 5.49880E+02
 5.50401E+02
 5.50885E+02
 5.51359E+02
 5.51851E+02
 5.52353E+02
 5.52841E+02
 5.53342E+02
 5.53827E+02
 5.54323E+02
 5.54818E+02
 5.55309E+02
 5.55810E+02
 5.56314E+02
 5.56815E+02
 5.57301E+02
 5.57799E+02
 5.58281E+02
 5.58769E+02
 5.59259E+02
 5.59756E+02
 5.60220E+02
 5.60719E+02
 5.61218E+02
 5.61726E+02
 5.62209E+02
 5.62683E+02
 5.63177E+02
 5.63679E+02
 5.64179E+02
 5.64661E+02
 5.65140E+02
 5.65632E+02
 5.66116E+02
 5.66599E+02
 5.67078E+02
 5.67577E+02
 5.68065E+02
 5.68566E+02
 5.69051E+02
 5.69553E+02
 5.70060E+02
 5.70558E+02
 5.71035E+02
 5.71538E+02
 5.72035E+02
 5.72539E+02
 5.73032E+02
 5.73518E+02
 5.74007E+02
 5.74491E+02
 5.74962E+02
 5.75454E+02
 5.75958E+02
 5.76434E+02
 5.76928E+02
 5.77427E+02
 5.77916E+02
 5.78397E+02
 5.78887E+02
 5.79384E+02
 5.79863E+02
 5.80369E+02
 5.80870E+02
 5.81386E+02
 5.81884E+02
 5.82366E+02
 5.82851E+02
 5.83341E+02
 5.83832E+02
 5.84328E+02
 5.84821E+02
 5.85318E+02
 5.85808E+02
 5.86293E+02
 5.86775E+02
 5.87265E+02
 5.87769E+02
 5.88256E+02
 5.88739E+02
 5.89246E+02
 5.89741E+02
 5.90233E+02
 5.90722E+02
 5.91219E+02
 5.91714E+02
 5.92205E+02
 5.92706E+02
 5.93211E+02
 5.93701E+02
 5.94188E+02
 5.94686E+02
 5.95177E+02
 5.95682E+02
 5.96164E+02
 5.96648E+02
 5.97141E+02
 5.97619E+02
 5.98116E+02
 5.98597E+02
 5.99082E+02
 5.99573E+02
 6.00068E+02
 6.00572E+02
 6.01060E+02
 6.01539E+02
 6.02032E+02
 6.02529E+02
 6.03011E+02
 6.03506E+02
 6.04010E+02
 6.04500E+02
 6.04999E+02
 6.05488E+02
 6.05983E+02
 6.06461E+02
 6.06942E+02
 6.07441E+02
 6.07930E+02
 6.08432E+02
 6.08916E+02
 6.09404E+02
 6.09901E+02
 6.10370E+02
 6.10849E+02
 6.11360E+02
 6.11837E+02
 6.12335E+02
 6.12819E+02
 6.13305E+02
 6.13785E+02
 6.14277E+02
 6.14766E+02
 6.15244E+02
 6.15724E+02
 6.16208E+02
 6.16690E+02
 6.17177E+02
 6.17660E+02
 6.18159E+02
 6.18668E+02
 6.19153E+02
 6.19654E+02
 6.20150E+02
 6.20635E+02
 6.21129E+02
 6.21620E+02
 6.22114E+02
 6.22607E+02
 6.23117E+02
 6.23610E+02
 6.24104E+02
 6.24593E+02
 6.25079E+02
 6.25585E+02
 6.26067E+02
 6.26551E+02
 6.27055E+02
 6.27555E+02
 6.28048E+02
 6.28554E+02
 6.29060E+02
 6.29555E+02
 6.30055E+02
 6.30549E+02
 6.31033E+02
 6.31529E+02
 6.32040E+02
 6.32530E+02
 6.33035E+02
 6.33533E+02
 6.34026E+02
 6.34525E+02
 6.35011E+02
 6.35522E+02
 6.36025E+02
 6.36528E+02
 6.37013E+02
 6.37501E+02
 6.37984E+02
 6.38486E+02
 6.38984E+02
 6.39466E+02
 6.39962E+02
 6.40429E+02
 6.40909E+02
 6.41403E+02
 6.41905E+02
 6.42413E+02
 6.42893E+02
 6.43394E+02
 6.43889E+02
 6.44376E+02
 6.44876E+02
 6.45372E+02
 6.45875E+02
 6.46384E+02
 6.46905E+02
 6.47397E+02
 6.47887E+02
 6.48381E+02
 6.48876E+02
 6.49375E+02
 6.49849E+02
 6.50332E+02
 6.50819E+02
 6.51331E+02
 6.51820E+02
 6.52298E+02
 6.52799E+02
 6.53291E+02
 6.53774E+02
 6.54258E+02
 6.54730E+02
 6.55230E+02
 6.55711E+02
 6.56192E+02
 6.56685E+02
 6.57179E+02
 6.57676E+02
 6.58170E+02
 6.58635E+02
 6.59128E+02
 6.59613E+02
 6.60101E+02
 6.60587E+02
 6.61082E+02
 6.61567E+02
 6.62056E+02
 6.62541E+02
 6.63032E+02
 6.63519E+02
 6.64015E+02
 6.64490E+02
 6.64971E+02
 6.65452E+02
 6.65925E+02
 6.66415E+02
 6.66910E+02
 6.67394E+02
 6.67876E+02
 6.68362E+02
 6.68867E+02
 6.69351E+02
 6.69844E+02
 6.70341E+02
 6.70843E+02
 6.71335E+02
 6.71823E+02
 6.72319E+02
 6.72806E+02
 6.73275E+02
 6.73765E+02
 6.74261E+02
 6.74759E+02
 6.75239E+02
 6.75707E+02
 6.76192E+02
 6.76677E+02
 6.77167E+02
 6.77647E+02
 6.78135E+02
 6.78615E+02
 6.79092E+02
 6.79574E+02
 6.80079E+02
 6.80570E+02
 6.81065E+02
 6.81566E+02
 6.82048E+02
 6.82542E+02
 6.83031E+02
 6.83508E+02
 6.84007E+02
 6.84492E+02
 6.84983E+02
 6.85467E+02
 6.85956E+02
 6.86444E+02
 6.86930E+02
 6.87420E+02
 6.87905E+02
 6.88401E+02
 6.88889E+02
 6.89387E+02
 6.89873E+02
 6.90357E+02
 6.90849E+02
 6.91351E+02
 6.91834E+02
 6.92331E+02
 6.92823E+02
 6.93315E+02
 6.93812E+02
 6.94306E+02
 6.94786E+02
 6.95272E+02
 6.95769E+02
 6.96248E+02
 6.96750E+02
 6.97264E+02
 6.97768E+02
 6.98250E+02
 6.98734E+02
 6.99232E+02
 6.99727E+02
 7.00220E+02
 7.00715E+02
 7.01226E+02
 7.01713E+02
 7.02206E+02
 7.02717E+02
 7.03220E+02
 7.03720E+02
 7.04202E+02
 7.04681E+02
 7.05170E+02
 7.05681E+02
 7.06176E+02
 7.06663E+02
 7.07167E+02
 7.07660E+02
 7.08151E+02
 7.08640E+02
 7.09138E+02
 7.09650E+02
 7.10150E+02
 7.10661E+02
 7.11192E+02
 7.11712E+02
 7.12215E+02
 7.12726E+02
 7.13221E+02
 7.13718E+02
 7.14200E+02
 7.14686E+02
 7.15191E+02
 7.15697E+02
 7.16189E+02
 7.16673E+02
 7.17168E+02
 7.17662E+02
 7.18147E+02
 7.18647E+02
 7.19153E+02
 7.19652E+02
 7.20118E+02
 7.20622E+02
 7.21109E+02
 7.21598E+02
 7.22090E+02
 7.22593E+02
 7.23093E+02
 7.23602E+02
 7.24110E+02
 7.24622E+02
 7.25132E+02
 7.25630E+02
 7.26135E+02
 7.26628E+02
 7.27112E+02
 7.27608E+02
 7.28089E+02
 7.28591E+02
 7.29072E+02
 7.29564E+02
 7.30050E+02
 7.30528E+02
 7.31022E+02
 7.31526E+02
 7.32013E+02
 7.32514E+02
 7.33005E+02
 7.33500E+02
 7.33976E+02
 7.34472E+02
 7.34966E+02
 7.35452E+02
 7.35928E+02
 7.36407E+02
 7.36887E+02
 7.37380E+02
 7.37882E+02
 7.38373E+02
 7.38858E+02
 7.39361E+02
 7.39843E+02
 7.40334E+02
 7.40828E+02
 7.41316E+02
 7.41802E+02
 7.42291E+02
 7.42791E+02
 7.43285E+02
 7.43784E+02
 7.44269E+02
 7.44759E+02
 7.45255E+02
 7.45750E+02
 7.46244E+02
 7.46734E+02
 7.47216E+02
 7.47709E+02
 7.48213E+02
 7.48694E+02
 7.49183E+02
 7.49675E+02
 7.50175E+02
 7.50667E+02
 7.51160E+02
 7.51653E+02
 7.52148E+02
 7.52620E+02
 7.53119E+02
 7.53608E+02
 7.54111E+02
 7.54604E+02
 7.55094E+02
 7.55583E+02
 7.56070E+02
 7.56562E+02
 7.57058E+02
 7.57550E+02
 7.58030E+02
 7.58504E+02
 7.58985E+02
 7.59465E+02
 7.59966E+02
 7.60471E+02
 7.60973E+02
 7.61469E+02
 7.61951E+02
 7.62452E+02
 7.62946E+02
 7.63430E+02
 7.63911E+02
 7.64390E+02
 7.64888E+02
 7.65394E+02
 7.65893E+02
 7.66384E+02
 7.66878E+02
 7.67372E+02
 7.67865E+02
 7.68345E+02
 7.68829E+02
 7.69324E+02
 7.69803E+02
 7.70292E+02
 7.70766E+02
 7.71233E+02
 7.71725E+02
 7.72227E+02
 7.72727E+02
 7.73222E+02
 7.73721E+02
 7.74213E+02
 7.74719E+02
 7.75211E+02
 7.75707E+02
 7.76214E+02
 7.76734E+02
 7.77219E+02
 7.77706E+02
 7.78191E+02
 7.78682E+02
 7.79152E+02
 7.79641E+02
 7.80125E+02
 7.80610E+02
 7.81095E+02
 7.81573E+02
 7.82044E+02
 7.82534E+02
 7.83025E+02
 7.83511E+02
 7.83977E+02
 7.84445E+02
 7.84897E+02
 7.85384E+02
 7.85879E+02
 7.86370E+02
 7.86858E+02
 7.87357E+02
 7.87823E+02
 7.88302E+02
 7.88779E+02
 7.89258E+02
 7.89739E+02
 7.90216E+02
 7.90702E+02
 7.91191E+02
 7.91669E+02
 7.92144E+02
 7.92637E+02
 7.93110E+02
 7.93597E+02
 7.94068E+02
 7.94552E+02
 7.95027E+02
 7.95512E+02
 7.95979E+02
 7.96453E+02
 7.96939E+02
 7.97419E+02
 7.97889E+02
 7.98381E+02
 7.98861E+02
 7.99356E+02
 7.99834E+02
 8.00301E+02
 8.00779E+02
 8.01265E+02
 8.01741E+02
 8.02221E+02
 8.02708E+02
 8.03196E+02
 8.03687E+02
 8.04164E+02
 8.04642E+02
 8.05116E+02
 8.05595E+02
 8.06079E+02
 8.06551E+02
 8.07025E+02
 8.07502E+02
 8.07995E+02
 8.08468E+02
 8.08953E+02
 8.09426E+02
 8.09896E+02
 8.10380E+02
 8.10869E+02
 8.11337E+02
 8.11810E+02
 8.12280E+02
 8.12768E+02
 8.13252E+02
 8.13727E+02
 8.14207E+02
 8.14677E+02
 8.15168E+02
 8.15661E+02
 8.16151E+02
 8.16636E+02
 8.17127E+02
 8.17615E+02
 8.18100E+02
 8.18601E+02
 8.19072E+02
 8.19566E+02
 8.20044E+02
 8.20529E+02
 8.21018E+02
 8.21506E+02
 8.22020E+02
 8.22516E+02
 8.23016E+02
 8.23527E+02
 8.24029E+02
 8.24544E+02
 8.25034E+02
 8.25540E+02
 8.26046E+02
 8.26565E+02
 8.27063E+02
 8.27567E+02
 8.28059E+02
 8.28542E+02
 8.29031E+02
 8.29536E+02
 8.30025E+02
 8.30523E+02
 8.31016E+02
 8.31499E+02
 8.31989E+02
 8.32491E+02
 8.33001E+02
 8.33488E+02
 8.33993E+02
 8.34484E+02
 8.34971E+02
 8.35449E+02
 8.35911E+02
 8.36396E+02
 8.36908E+02
