 1.06369E-16
 1.20229E-16
 1.61638E-16
 1.57465E-16
 1.65538E-16
 1.68547E-16
 1.54927E-16
 1.68453E-16
 1.60525E-16
 1.63857E-16
 1.67699E-16
 1.60556E-16
 1.65610E-16
 1.62158E-16
 1.67926E-16
 1.64264E-16
 2.20574E-15
 1.14629E-13
 3.92497E-12
 9.45885E-11
 1.67054E-09
 2.23364E-08
 2.32263E-07
 1.92114E-06
 1.28847E-05
 7.12331E-05
 3.29327E-04
 1.28956E-03
 4.32681E-03
 1.25791E-02
 3.20038E-02
 7.17534E-02
 1.42772E-01
 2.53681E-01
 4.04450E-01
 5.80631E-01
 7.53145E-01
 8.88252E-01
 9.66249E-01
 9.95018E-01
 1.47743E-16
 1.08971E-16
 1.63148E-16
 1.53081E-16
 1.51079E-16
 1.58898E-16
 1.50994E-16
 1.64728E-16
 1.67569E-16
 1.59604E-16
 1.64484E-16
 1.66434E-16
 1.68097E-16
 1.67067E-16
 1.68502E-16
 1.68931E-16
 2.51245E-15
 1.29827E-13
 4.40445E-12
 1.05240E-10
 1.84386E-09
 2.44689E-08
 2.52634E-07
 2.07562E-06
 1.38324E-05
 7.60170E-05
 3.49493E-04
 1.36156E-03
 4.54765E-03
 1.31696E-02
 3.33953E-02
 7.46673E-02
 1.48217E-01
 2.62705E-01
 4.17421E-01
 5.96108E-01
 7.67449E-01
 8.97522E-01
 9.69878E-01
 9.95656E-01
 1.36494E-16
 1.41295E-16
 1.59553E-16
 1.58697E-16
 1.44613E-16
 1.47617E-16
 1.55451E-16
 1.59466E-16
 1.63388E-16
 1.65541E-16
 1.58466E-16
 1.64589E-16
 1.68056E-16
 1.65670E-16
 1.67229E-16
 1.67023E-16
 3.09497E-15
 1.57264E-13
 5.25594E-12
 1.23891E-10
 2.14325E-09
 2.81037E-08
 2.86892E-07
 2.33182E-06
 1.53815E-05
 8.37128E-05
 3.81358E-04
 1.47297E-03
 4.88072E-03
 1.40324E-02
 3.53458E-02
 7.85397E-02
 1.54988E-01
 2.73075E-01
 4.31082E-01
 6.11027E-01
 7.80187E-01
 9.05310E-01
 9.72845E-01
 9.96180E-01
 1.46462E-16
 1.48288E-16
 1.50446E-16
 1.55733E-16
 1.50000E-16
 1.57620E-16
 1.68365E-16
 1.67344E-16
 1.63834E-16
 1.65621E-16
 1.65228E-16
 1.69061E-16
 1.67650E-16
 1.69143E-16
 1.68367E-16
 1.63643E-16
 4.12710E-15
 2.04473E-13
 6.69248E-12
 1.54756E-10
 2.62972E-09
 3.39066E-08
 3.40652E-07
 2.72709E-06
 1.77307E-05
 9.51792E-05
 4.27960E-04
 1.63264E-03
 5.34727E-03
 1.52094E-02
 3.79213E-02
 8.34525E-02
 1.63172E-01
 2.84920E-01
 4.45733E-01
 6.26032E-01
 7.92260E-01
 9.12352E-01
 9.75448E-01
 9.96633E-01
 1.52431E-16
 1.65616E-16
 1.44207E-16
 1.48127E-16
 1.52856E-16
 1.68947E-16
 1.68931E-16
 1.59451E-16
 1.60502E-16
 1.66260E-16
 1.64126E-16
 1.68805E-16
 1.63596E-16
 1.65206E-16
 1.68321E-16
 1.63772E-16
 6.02208E-15
 2.86709E-13
 9.12722E-12
 2.05750E-10
 3.41443E-09
 4.30561E-08
 4.23574E-07
 3.32386E-06
 2.12036E-05
 1.11777E-04
 4.93990E-04
 1.85390E-03
 5.97878E-03
 1.67623E-02
 4.12215E-02
 8.95403E-02
 1.72930E-01
 2.98445E-01
 4.61699E-01
 6.41616E-01
 8.04243E-01
 9.19073E-01
 9.77856E-01
 9.97041E-01
 1.50312E-16
 1.64150E-16
 1.66857E-16
 1.62241E-16
 1.58057E-16
 1.57817E-16
 1.60858E-16
 1.68698E-16
 1.61479E-16
 1.56919E-16
 1.68947E-16
 1.68914E-16
 1.67792E-16
 1.66301E-16
 1.62937E-16
 1.63562E-16
 9.55225E-15
 4.35819E-13
 1.33882E-11
 2.92133E-10
 4.70385E-09
 5.76641E-08
 5.52382E-07
 4.22668E-06
 2.63242E-05
 1.35640E-04
 5.86572E-04
 2.15643E-03
 6.82042E-03
 1.87783E-02
 4.53852E-02
 9.69898E-02
 1.84485E-01
 3.13905E-01
 4.79286E-01
 6.58153E-01
 8.16506E-01
 9.25723E-01
 9.80165E-01
 9.97421E-01
 1.61157E-16
 1.61928E-16
 1.64890E-16
 1.53074E-16
 1.67313E-16
 1.66101E-16
 1.60182E-16
 1.67460E-16
 1.57059E-16
 1.65059E-16
 1.65516E-16
 1.66243E-16
 1.60382E-16
 1.65880E-16
 1.65096E-16
 2.29016E-16
 1.67256E-14
 7.22423E-13
 2.12210E-11
 4.44583E-10
 6.89502E-09
 8.16233E-08
 7.56663E-07
 5.61325E-06
 3.39492E-05
 1.70125E-04
 7.16514E-04
 2.56903E-03
 7.93631E-03
 2.13762E-02
 5.05970E-02
 1.06043E-01
 1.98112E-01
 3.31586E-01
 4.98782E-01
 6.75919E-01
 8.29276E-01
 9.32433E-01
 9.82421E-01
 9.97781E-01
 1.67267E-16
 1.64037E-16
 1.53064E-16
 1.65510E-16
 1.59795E-16
 1.57774E-16
 1.61912E-16
 1.67296E-16
 1.57421E-16
 1.64927E-16
 1.63923E-16
 1.63968E-16
 1.65351E-16
 1.62325E-16
 1.68849E-16
 5.35125E-16
 3.24185E-14
 1.31480E-12
 3.65365E-11
 7.28059E-10
 1.07854E-08
 1.22372E-07
 1.09032E-06
 7.79273E-06
 4.55038E-05
 2.20580E-04
 9.00304E-04
 3.13392E-03
 9.41738E-03
 2.47162E-02
 5.70977E-02
 1.17005E-01
 2.14138E-01
 3.51795E-01
 5.20445E-01
 6.95109E-01
 8.42673E-01
 9.39259E-01
 9.84641E-01
 9.98122E-01
 1.69062E-16
 1.57395E-16
 1.60087E-16
 1.55886E-16
 1.64439E-16
 1.67426E-16
 1.64670E-16
 1.57272E-16
 1.59184E-16
 1.68560E-16
 1.61814E-16
 1.64487E-16
 1.63717E-16
 1.66795E-16
 1.63551E-16
 1.21833E-15
 7.06093E-14
 2.64761E-12
 6.87174E-11
 1.28831E-09
 1.80570E-08
 1.94711E-07
 1.65486E-06
 1.13175E-05
 6.34080E-05
 2.95644E-04
 1.16333E-03
 3.91300E-03
 1.13901E-02
 2.90163E-02
 6.51999E-02
 1.30253E-01
 2.32948E-01
 3.74863E-01
 5.44509E-01
 7.15846E-01
 8.56734E-01
 9.46196E-01
 9.86816E-01
 9.98444E-01
 1.67148E-16
 1.64106E-16
 1.63781E-16
 1.59160E-16
 1.63258E-16
 1.62086E-16
 1.67910E-16
 1.60438E-16
 1.61590E-16
 1.61274E-16
 1.60036E-16
 1.65462E-16
 1.61761E-16
 1.61743E-16
 1.68327E-16
 3.36703E-15
 1.74882E-13
 5.94892E-12
 1.42026E-10
 2.47352E-09
 3.24477E-08
 3.29403E-07
 2.64837E-06
 1.72027E-05
 9.18615E-05
 4.09505E-04
 1.54512E-03
 4.99793E-03
 1.40335E-02
 3.45685E-02
 7.53032E-02
 1.46246E-01
 2.54983E-01
 4.01131E-01
 5.71166E-01
 7.38179E-01
 8.71419E-01
 9.53191E-01
 9.88925E-01
 9.98744E-01
 1.68294E-16
 1.60669E-16
 1.65722E-16
 1.65942E-16
 1.62139E-16
 1.58061E-16
 1.65990E-16
 1.69066E-16
 1.62535E-16
 1.66771E-16
 1.69027E-16
 1.63267E-16
 1.66309E-16
 1.62766E-16
 1.63775E-16
 1.13352E-14
 4.98773E-13
 1.50433E-11
 3.24442E-10
 5.17243E-09
 6.27302E-08
 5.93298E-07
 4.47158E-06
 2.73681E-05
 1.38313E-04
 5.85833E-04
 2.10786E-03
 6.52513E-03
 1.76001E-02
 4.17630E-02
 8.79143E-02
 1.65537E-01
 2.80739E-01
 4.30943E-01
 6.00561E-01
 7.62074E-01
 8.86611E-01
 9.60151E-01
 9.90933E-01
 9.99016E-01
 1.59573E-16
 1.60258E-16
 1.62587E-16
 1.60244E-16
 1.67612E-16
 1.64929E-16
 1.62734E-16
 1.62625E-16
 1.61912E-16
 1.60145E-16
 1.66423E-16
 1.61512E-16
 1.68067E-16
 1.67668E-16
 8.46421E-16
 4.54958E-14
 1.65757E-12
 4.31334E-11
 8.22985E-10
 1.18128E-08
 1.30661E-07
 1.13826E-06
 7.96412E-06
 4.55439E-05
 2.16243E-04
 8.64672E-04
 2.95031E-03
 8.69922E-03
 2.24449E-02
 5.11168E-02
 1.03669E-01
 1.88778E-01
 3.10756E-01
 4.64622E-01
 6.32755E-01
 7.87390E-01
 9.02111E-01
 9.66949E-01
 9.92803E-01
 9.99255E-01
 1.68991E-16
 1.62750E-16
 1.68300E-16
 1.60043E-16
 1.60228E-16
 1.62786E-16
 1.68770E-16
 1.67285E-16
 1.68202E-16
 1.60298E-16
 1.64982E-16
 1.66697E-16
 1.63948E-16
 1.64108E-16
 5.75191E-15
 2.22644E-13
 6.46194E-12
 1.40788E-10
 2.32285E-09
 2.94854E-08
 2.93163E-07
 2.32425E-06
 1.49444E-05
 7.91607E-05
 3.50482E-04
 1.31454E-03
 4.23010E-03
 1.18271E-02
 2.90637E-02
 6.33111E-02
 1.23353E-01
 2.16720E-01
 3.45600E-01
 5.02430E-01
 6.67688E-01
 8.13858E-01
 9.17632E-01
 9.73426E-01
 9.94493E-01
 9.99458E-01
 1.63336E-16
 1.68632E-16
 1.62675E-16
 1.62724E-16
 1.63126E-16
 1.63147E-16
 1.67410E-16
 1.68832E-16
 1.65647E-16
 1.63077E-16
 1.67112E-16
 1.64372E-16
 1.67308E-16
 1.54086E-15
 4.86689E-14
 1.31846E-12
 2.94236E-11
 5.21597E-10
 7.27633E-09
 8.02307E-08
 7.06683E-07
 5.03771E-06
 2.94655E-05
 1.43329E-04
 5.87392E-04
 2.05352E-03
 6.19932E-03
 1.63641E-02
 3.81491E-02
 7.92322E-02
 1.47919E-01
 2.50202E-01
 3.85813E-01
 5.44508E-01
 7.05123E-01
 8.41042E-01
 9.32800E-01
 9.79405E-01
 9.95961E-01
 9.99623E-01
 1.67355E-16
 1.68960E-16
 1.60624E-16
 1.65543E-16
 1.67069E-16
 1.62268E-16
 1.62096E-16
 1.64392E-16
 1.67477E-16
 1.66200E-16
 1.65183E-16
 1.65499E-16
 1.33848E-15
 2.46129E-14
 4.80736E-13
 9.11934E-12
 1.53326E-10
 2.16526E-09
 2.50661E-08
 2.36301E-07
 1.81940E-06
 1.15311E-05
 6.07687E-05
 2.69241E-04
 1.01427E-03
 3.28589E-03
 9.26200E-03
 2.29849E-02
 5.06500E-02
 1.00009E-01
 1.78487E-01
 2.90103E-01
 4.31839E-01
 5.90780E-01
 7.44568E-01
 8.68318E-01
 9.47172E-01
 9.84714E-01
 9.97179E-01
 9.99751E-01
 1.63653E-16
 1.62585E-16
 1.66774E-16
 1.62236E-16
 1.63913E-16
 1.65651E-16
 1.61748E-16
 1.62973E-16
 1.65730E-16
 1.67275E-16
 3.70831E-16
 3.05141E-15
 3.14589E-14
 3.80675E-13
 5.11673E-12
 6.95924E-11
 8.81935E-10
 9.83468E-09
 9.33934E-08
 7.44059E-07
 4.95466E-06
 2.76547E-05
 1.30227E-04
 5.21774E-04
 1.79577E-03
 5.36373E-03
 1.40607E-02
 3.26704E-02
 6.78430E-02
 1.27039E-01
 2.16310E-01
 3.37255E-01
 4.83895E-01
 6.40833E-01
 7.85197E-01
 8.94872E-01
 9.60273E-01
 9.89216E-01
 9.98139E-01
 9.99846E-01
 1.66033E-16
 1.65835E-16
 1.61962E-16
 1.61570E-16
 1.61693E-16
 1.64935E-16
 1.62592E-16
 1.64738E-16
 5.13273E-16
 2.21168E-15
 1.19944E-14
 7.78265E-14
 6.05655E-13
 5.47290E-12
 5.42591E-11
 5.50690E-10
 5.35428E-09
 4.73428E-08
 3.67774E-07
 2.46188E-06
 1.40822E-05
 6.87527E-05
 2.87466E-04
 1.03566E-03
 3.24051E-03
 8.88834E-03
 2.15936E-02
 4.68243E-02
 9.13991E-02
 1.61982E-01
 2.62689E-01
 3.92293E-01
 5.41792E-01
 6.93758E-01
 8.25792E-01
 9.19737E-01
 9.71665E-01
 9.92833E-01
 9.98850E-01
 9.99910E-01
 1.63543E-16
 1.63517E-16
 1.66859E-16
 1.63201E-16
 3.00951E-16
 6.25639E-16
 1.53011E-15
 4.38933E-15
 1.47806E-14
 5.85204E-14
 2.74851E-13
 1.51937E-12
 9.73140E-12
 7.00529E-11
 5.42376E-10
 4.28651E-09
 3.28352E-08
 2.33367E-07
 1.49059E-06
 8.38523E-06
 4.11027E-05
 1.74905E-04
 6.46791E-04
 2.08745E-03
 5.91881E-03
 1.48721E-02
 3.33766E-02
 6.73888E-02
 1.23420E-01
 2.06696E-01
 3.18809E-01
 4.55423E-01
 6.04700E-01
 7.48027E-01
 8.64722E-01
 9.41904E-01
 9.81022E-01
 9.95565E-01
 9.99339E-01
 9.99952E-01
 1.78158E-15
 2.09048E-15
 2.79467E-15
 4.28793E-15
 7.50649E-15
 1.51359E-14
 3.54186E-14
 9.66426E-14
 3.07033E-13
 1.13477E-12
 4.85205E-12
 2.37389E-11
 1.30421E-10
 7.82503E-10
 4.94541E-09
 3.16052E-08
 1.96146E-07
 1.14113E-06
 6.05575E-06
 2.87722E-05
 1.21055E-04
 4.48829E-04
 1.46604E-03
 4.23199E-03
 1.08602E-02
 2.49532E-02
 5.16373E-02
 9.69454E-02
 1.66402E-01
 2.63061E-01
 3.85459E-01
 5.26141E-01
 6.70918E-01
 8.01506E-01
 9.00026E-01
 9.60513E-01
 9.88212E-01
 9.97477E-01
 9.99651E-01
 9.99976E-01
 3.13113E-14
 3.63467E-14
 4.80881E-14
 7.28056E-14
 1.26854E-13
 2.54921E-13
 5.91595E-13
 1.58375E-12
 4.87464E-12
 1.71445E-11
 6.82297E-11
 3.02816E-10
 1.46877E-09
 7.58534E-09
 4.04491E-08
 2.15519E-07
 1.11137E-06
 5.39335E-06
 2.40878E-05
 9.74460E-05
 3.53557E-04
 1.14499E-03
 3.30756E-03
 8.54636E-03
 1.98593E-02
 4.16835E-02
 7.95025E-02
 1.38751E-01
 2.23126E-01
 3.32833E-01
 4.62986E-01
 6.03768E-01
 7.39375E-01
 8.55659E-01
 9.35075E-01
 9.76195E-01
 9.93396E-01
 9.98686E-01
 9.99829E-01
 9.99989E-01
 4.01774E-13
 4.61859E-13
 6.09624E-13
 9.27131E-13
 1.62668E-12
 3.29088E-12
 7.65439E-12
 2.03644E-11
 6.15052E-11
 2.08712E-10
 7.85030E-10
 3.21677E-09
 1.40589E-08
 6.39497E-08
 2.94804E-07
 1.34085E-06
 5.86723E-06
 2.41632E-05
 9.20256E-05
 3.20017E-04
 1.00800E-03
 2.86480E-03
 7.34500E-03
 1.70414E-02
 3.58831E-02
 6.88746E-02
 1.21207E-01
 1.96886E-01
 2.96994E-01
 4.18911E-01
 5.54478E-01
 6.96295E-01
 8.18850E-01
 9.05164E-01
 9.59853E-01
 9.86334E-01
 9.96472E-01
 9.99342E-01
 9.99919E-01
 9.99995E-01
 3.97283E-12
 4.52625E-12
 5.98954E-12
 9.20933E-12
 1.64151E-11
 3.37557E-11
 7.95024E-11
 2.12410E-10
 6.36140E-10
 2.10518E-09
 7.56903E-09
 2.89980E-08
 1.15851E-07
 4.71736E-07
 1.91317E-06
 7.56040E-06
 2.85443E-05
 1.01240E-04
 3.32850E-04
 1.00485E-03
 2.76967E-03
 6.95404E-03
 1.59195E-02
 3.32756E-02
 6.37015E-02
 1.12208E-01
 1.82839E-01
 2.77723E-01
 3.94974E-01
 5.32665E-01
 6.71740E-01
 7.86298E-01
 8.78816E-01
 9.40836E-01
 9.76441E-01
 9.92549E-01
 9.98203E-01
 9.99685E-01
 9.99963E-01
 9.99998E-01
 3.12302E-11
 3.55508E-11
 4.78115E-11
 7.56301E-11
 1.39344E-10
 2.94826E-10
 7.04772E-10
 1.87534E-09
 5.50974E-09
 1.79852E-08
 6.24861E-08
 2.25771E-07
 8.32632E-07
 3.06911E-06
 1.10861E-05
 3.85588E-05
 1.27256E-04
 3.93545E-04
 1.12950E-03
 2.99015E-03
 7.27926E-03
 1.62918E-02
 3.35196E-02
 6.35134E-02
 1.11324E-01
 1.81380E-01
 2.75692E-01
 3.96373E-01
 5.31349E-01
 6.54840E-01
 7.67593E-01
 8.56953E-01
 9.23057E-01
 9.64947E-01
 9.86939E-01
 9.96151E-01
 9.99129E-01
 9.99855E-01
 9.99984E-01
 9.99999E-01
 1.99573E-10
 2.30003E-10
 3.22257E-10
 5.44345E-10
 1.08765E-09
 2.50131E-09
 6.42266E-09
 1.79035E-08
 5.29401E-08
 1.62873E-07
 5.12091E-07
 1.63249E-06
 5.26598E-06
 1.75492E-05
 5.77104E-05
 1.78340E-04
 5.20130E-04
 1.41855E-03
 3.59418E-03
 8.43977E-03
 1.83669E-02
 3.70188E-02
 6.91574E-02
 1.19980E-01
 1.94692E-01
 2.97329E-01
 4.18583E-01
 5.38055E-01
 6.54681E-01
 7.56928E-01
 8.43318E-01
 9.08936E-01
 9.53876E-01
 9.80367E-01
 9.93176E-01
 9.98119E-01
 9.99599E-01
 9.99937E-01
 9.99993E-01
 1.00000E+00
 1.05659E-09
 1.25391E-09
 1.89223E-09
 3.57243E-09
 8.09893E-09
 2.08831E-08
 5.82324E-08
 1.69153E-07
 4.99526E-07
 1.47767E-06
 4.34296E-06
 1.26318E-05
 3.62810E-05
 1.02627E-04
 2.80868E-04
 7.44555E-04
 1.97476E-03
 4.83772E-03
 1.09661E-02
 2.31763E-02
 4.56874E-02
 8.41174E-02
 1.44729E-01
 2.31018E-01
 3.33802E-01
 4.44064E-01
 5.57618E-01
 6.62743E-01
 7.57744E-01
 8.37210E-01
 9.00028E-01
 9.45213E-01
 9.74004E-01
 9.89667E-01
 9.96649E-01
 9.99133E-01
 9.99825E-01
 9.99974E-01
 9.99997E-01
 1.00000E+00
 4.72111E-09
 5.93670E-09
 1.01878E-08
 2.27950E-08
 6.05917E-08
 1.75032E-07
 5.18618E-07
 1.52874E-06
 4.41885E-06
 1.24478E-05
 3.40976E-05
 9.07688E-05
 2.34736E-04
 5.89216E-04
 1.43373E-03
 3.39116E-03
 7.78937E-03
 1.68640E-02
 3.44277E-02
 6.55152E-02
 1.14950E-01
 1.84900E-01
 2.73139E-01
 3.74036E-01
 4.80322E-01
 5.83497E-01
 6.80528E-01
 7.66023E-01
 8.38724E-01
 8.96787E-01
 9.39966E-01
 9.69075E-01
 9.86293E-01
 9.94916E-01
 9.98458E-01
 9.99624E-01
 9.99928E-01
 9.99990E-01
 9.99999E-01
 1.00000E+00
 1.81769E-08
 2.56403E-08
 5.45972E-08
 1.52154E-07
 4.69609E-07
 1.46009E-06
 4.40186E-06
 1.27117E-05
 3.50892E-05
 9.27268E-05
 2.35175E-04
 5.73853E-04
 1.34976E-03
 3.06343E-03
 6.70983E-03
 1.41429E-02
 2.84310E-02
 5.37346E-02
 9.47063E-02
 1.54292E-01
 2.31871E-01
 3.23054E-01
 4.21445E-01
 5.21219E-01
 6.16748E-01
 7.04074E-01
 7.81200E-01
 8.46264E-01
 8.98737E-01
 9.38505E-01
 9.66292E-01
 9.83736E-01
 9.93277E-01
 9.97671E-01
 9.99337E-01
 9.99847E-01
 9.99972E-01
 9.99996E-01
 1.00000E+00
 1.00000E+00
 6.22073E-08
 1.10586E-07
 3.20141E-07
 1.09009E-06
 3.65832E-06
 1.15108E-05
 3.37263E-05
 9.24320E-05
 2.38537E-04
 5.83266E-04
 1.35814E-03
 3.02271E-03
 6.44357E-03
 1.31567E-02
 2.56563E-02
 4.74778E-02
 8.26396E-02
 1.34277E-01
 2.03072E-01
 2.86249E-01
 3.78480E-01
 4.73719E-01
 5.66779E-01
 6.54009E-01
 7.32587E-01
 8.01033E-01
 8.58590E-01
 9.04984E-01
 9.40487E-01
 9.65859E-01
 9.82436E-01
 9.92085E-01
 9.96949E-01
 9.99011E-01
 9.99735E-01
 9.99942E-01
 9.99990E-01
 9.99999E-01
 1.00000E+00
 1.00000E+00
 2.01872E-07
 5.39680E-07
 2.09729E-06
 7.89449E-06
 2.65757E-05
 8.02945E-05
 2.21060E-04
 5.62340E-04
 1.33626E-03
 2.99032E-03
 6.33672E-03
 1.27569E-02
 2.44081E-02
 4.42911E-02
 7.59004E-02
 1.22239E-01
 1.84434E-01
 2.60853E-01
 3.47373E-01
 4.38575E-01
 5.29258E-01
 6.15347E-01
 6.94128E-01
 7.64017E-01
 8.24118E-01
 8.74205E-01
 9.14419E-01
 9.45259E-01
 9.67559E-01
 9.82497E-01
 9.91577E-01
 9.96461E-01
 9.98726E-01
 9.99613E-01
 9.99902E-01
 9.99980E-01
 9.99997E-01
 1.00000E+00
 1.00000E+00
 1.00000E+00
 7.09563E-07
 3.11695E-06
 1.40723E-05
 5.28072E-05
 1.68543E-04
 4.73414E-04
 1.20026E-03
 2.79567E-03
 6.05470E-03
 1.22924E-02
 2.34971E-02
 4.23610E-02
 7.19769E-02
 1.15080E-01
 1.72941E-01
 2.44500E-01
 3.26388E-01
 4.13879E-01
 5.02099E-01
 5.86917E-01
 6.65381E-01
 7.35694E-01
 7.96974E-01
 8.48961E-01
 8.91790E-01
 9.25910E-01
 9.51989E-01
 9.70911E-01
 9.83763E-01
 9.91793E-01
 9.96314E-01
 9.98555E-01
 9.99513E-01
 9.99861E-01
 9.99967E-01
 9.99993E-01
 9.99999E-01
 1.00000E+00
 1.00000E+00
 1.00000E+00
 3.12267E-06
 1.92463E-05
 8.73625E-05
 3.07137E-04
 9.01379E-04
 2.31236E-03
 5.33482E-03
 1.12732E-02
 2.20644E-02
 4.02742E-02
 6.87892E-02
 1.10140E-01
 1.65546E-01
 2.34163E-01
 3.13041E-01
 3.97859E-01
 4.84015E-01
 5.67509E-01
 6.45354E-01
 7.15629E-01
 7.77335E-01
 8.30169E-01
 8.74291E-01
 9.10154E-01
 9.38404E-01
 9.59829E-01
 9.75331E-01
 9.85910E-01
 9.92623E-01
 9.96517E-01
 9.98540E-01
 9.99465E-01
 9.99831E-01
 9.99955E-01
 9.99990E-01
 9.99998E-01
 1.00000E+00
 1.00000E+00
 1.00000E+00
 1.00000E+00
 1.66686E-05
 1.12483E-04
 4.73951E-04
 1.51305E-03
 4.01591E-03
 9.30643E-03
 1.93637E-02
 3.67920E-02
 6.44834E-02
 1.04931E-01
 1.59301E-01
 2.26745E-01
 3.04381E-01
 3.88011E-01
 4.73144E-01
 5.55840E-01
 6.33139E-01
 7.03131E-01
 7.64807E-01
 8.17847E-01
 8.62416E-01
 8.98996E-01
 9.28256E-01
 9.50978E-01
 9.68006E-01
 9.80229E-01
 9.88550E-01
 9.93861E-01
 9.96995E-01
 9.98675E-01
 9.99482E-01
 9.99822E-01
 9.99947E-01
 9.99987E-01
 9.99997E-01
 9.99999E-01
 1.00000E+00
 1.00000E+00
 1.00000E+00
 1.00000E+00
 9.19993E-05
 5.83607E-04
 2.19775E-03
 6.26190E-03
 1.48627E-02
 3.08099E-02
 5.72618E-02
 9.69442E-02
 1.51125E-01
 2.18878E-01
 2.97109E-01
 3.81378E-01
 4.67022E-01
 5.50018E-01
 6.27403E-01
 6.97309E-01
 7.58804E-01
 8.11652E-01
 8.56095E-01
 8.92675E-01
 9.22113E-01
 9.45225E-01
 9.62858E-01
 9.75867E-01
 9.85085E-01
 9.91309E-01
 9.95274E-01
 9.97629E-01
 9.98916E-01
 9.99554E-01
 9.99837E-01
 9.99948E-01
 9.99985E-01
 9.99996E-01
 9.99999E-01
 1.00000E+00
 1.00000E+00
 1.00000E+00
 1.00000E+00
 1.00000E+00
 4.71888E-04
 2.62520E-03
 8.64604E-03
 2.16992E-02
 4.55468E-02
 8.35957E-02
 1.37604E-01
 2.06686E-01
 2.87314E-01
 3.74383E-01
 4.62622E-01
 5.47632E-01
 6.26316E-01
 6.96848E-01
 7.58432E-01
 8.11005E-01
 8.54979E-01
 8.91046E-01
 9.20038E-01
 9.42845E-01
 9.60358E-01
 9.73441E-01
 9.82904E-01
 9.89494E-01
 9.93882E-01
 9.96653E-01
 9.98296E-01
 9.99201E-01
 9.99659E-01
 9.99869E-01
 9.99955E-01
 9.99986E-01
 9.99996E-01
 9.99999E-01
 1.00000E+00
 1.00000E+00
 1.00000E+00
 1.00000E+00
 1.00000E+00
 1.00000E+00
 2.16121E-03
 1.01501E-02
 2.87144E-02
 6.26379E-02
 1.14994E-01
 1.85474E-01
 2.70070E-01
 3.62462E-01
 4.56087E-01
 5.45631E-01
 6.27576E-01
 7.00062E-01
 7.62483E-01
 8.15059E-01
 8.58493E-01
 8.93732E-01
 9.21812E-01
 9.43765E-01
 9.60576E-01
 9.73150E-01
 9.82307E-01
 9.88772E-01
 9.93176E-01
 9.96054E-01
 9.97844E-01
 9.98896E-01
 9.99474E-01
 9.99770E-01
 9.99908E-01
 9.99967E-01
 9.99989E-01
 9.99997E-01
 9.99999E-01
 1.00000E+00
 1.00000E+00
 1.00000E+00
 1.00000E+00
 1.00000E+00
 1.00000E+00
 1.00000E+00
 8.72205E-03
 3.34692E-02
 7.98805E-02
 1.49623E-01
 2.38806E-01
 3.39321E-01
 4.42132E-01
 5.39962E-01
 6.28254E-01
 7.04901E-01
 7.69532E-01
 8.22807E-01
 8.65905E-01
 9.00192E-01
 9.27031E-01
 9.47696E-01
 9.63323E-01
 9.74907E-01
 9.83302E-01
 9.89232E-01
 9.93298E-01
 9.95994E-01
 9.97713E-01
 9.98760E-01
 9.99366E-01
 9.99696E-01
 9.99865E-01
 9.99945E-01
 9.99979E-01
 9.99993E-01
 9.99998E-01
 9.99999E-01
 1.00000E+00
 1.00000E+00
 1.00000E+00
 1.00000E+00
 1.00000E+00
 1.00000E+00
 1.00000E+00
 1.00000E+00
 3.07109E-02
 9.30420E-02
 1.84516E-01
 2.95479E-01
 4.12671E-01
 5.24647E-01
 6.24346E-01
 7.08845E-01
 7.78018E-01
 8.33244E-01
 8.76503E-01
 9.09859E-01
 9.35214E-01
 9.54217E-01
 9.68245E-01
 9.78430E-01
 9.85688E-01
 9.90750E-01
 9.94196E-01
 9.96478E-01
 9.97941E-01
 9.98846E-01
 9.99383E-01
 9.99687E-01
 9.99850E-01
 9.99933E-01
 9.99972E-01
 9.99989E-01
 9.99996E-01
 9.99999E-01
 1.00000E+00
 1.00000E+00
 1.00000E+00
 1.00000E+00
 1.00000E+00
 1.00000E+00
 1.00000E+00
 1.00000E+00
 1.00000E+00
 1.00000E+00
 9.26844E-02
 2.15085E-01
 3.53464E-01
 4.89286E-01
 6.09467E-01
 7.08509E-01
 7.86353E-01
 8.45653E-01
 8.89885E-01
 9.22382E-01
 9.45967E-01
 9.62893E-01
 9.74898E-01
 9.83306E-01
 9.89108E-01
 9.93045E-01
 9.95667E-01
 9.97373E-01
 9.98455E-01
 9.99122E-01
 9.99520E-01
 9.99748E-01
 9.99874E-01
 9.99941E-01
 9.99973E-01
 9.99989E-01
 9.99996E-01
 9.99998E-01
 1.00000E+00
 1.00000E+00
 1.00000E+00
 1.00000E+00
 1.00000E+00
 1.00000E+00
 1.00000E+00
 1.00000E+00
 1.00000E+00
 1.00000E+00
 1.00000E+00
 1.00000E+00
 2.32391E-01
 4.11431E-01
 5.70567E-01
 6.98306E-01
 7.93193E-01
 8.60375E-01
 9.06672E-01
 9.38107E-01
 9.59265E-01
 9.73416E-01
 9.82823E-01
 9.89030E-01
 9.93091E-01
 9.95719E-01
 9.97397E-01
 9.98450E-01
 9.99099E-01
 9.99491E-01
 9.99721E-01
 9.99852E-01
 9.99924E-01
 9.99963E-01
 9.99983E-01
 9.99992E-01
 9.99997E-01
 9.99999E-01
 1.00000E+00
 1.00000E+00
 1.00000E+00
 1.00000E+00
 1.00000E+00
 1.00000E+00
 1.00000E+00
 1.00000E+00
 1.00000E+00
 1.00000E+00
 1.00000E+00
 1.00000E+00
 1.00000E+00
 1.00000E+00
 4.70249E-01
 6.64513E-01
 7.99316E-01
 8.82470E-01
 9.31233E-01
 9.59534E-01
 9.76047E-01
 9.85768E-01
 9.91536E-01
 9.94976E-01
 9.97033E-01
 9.98262E-01
 9.98993E-01
 9.99424E-01
 9.99676E-01
 9.99821E-01
 9.99904E-01
 9.99949E-01
 9.99974E-01
 9.99987E-01
 9.99994E-01
 9.99997E-01
 9.99999E-01
 1.00000E+00
 1.00000E+00
 1.00000E+00
 1.00000E+00
 1.00000E+00
 1.00000E+00
 1.00000E+00
 1.00000E+00
 1.00000E+00
 1.00000E+00
 1.00000E+00
 1.00000E+00
 1.00000E+00
 1.00000E+00
 1.00000E+00
 1.00000E+00
 1.00000E+00
