 0.00000E+00
 0.00000E+00
 1.00727E-52
 9.08487E-27
 9.12059E-11
 2.42729E-01
 4.83169E-01
 4.98063E-01
 4.99746E-01
 4.99901E-01
 4.99914E-01
 4.99916E-01
 4.99918E-01
 4.99919E-01
 4.99921E-01
 4.99922E-01
 4.99923E-01
 4.99924E-01
 4.99925E-01
 4.99925E-01
 4.99926E-01
 4.99927E-01
 4.99928E-01
 4.99928E-01
 4.99929E-01
 4.99929E-01
 4.99930E-01
 4.99930E-01
 4.99931E-01
 4.99931E-01
 4.99932E-01
 4.99932E-01
 4.99932E-01
 4.99932E-01
 4.99933E-01
 4.99933E-01
 4.99933E-01
 4.99933E-01
 4.99933E-01
 4.99933E-01
 0.00000E+00
 5.17032E-72
 1.28554E-41
 6.15069E-26
 2.44859E-06
 4.07350E-01
 4.94541E-01
 4.99579E-01
 4.99899E-01
 4.99913E-01
 4.99915E-01
 4.99917E-01
 4.99918E-01
 4.99919E-01
 4.99921E-01
 4.99922E-01
 4.99923E-01
 4.99924E-01
 4.99925E-01
 4.99925E-01
 4.99926E-01
 4.99927E-01
 4.99928E-01
 4.99928E-01
 4.99929E-01
 4.99929E-01
 4.99930E-01
 4.99930E-01
 4.99931E-01
 4.99931E-01
 4.99932E-01
 4.99932E-01
 4.99932E-01
 4.99932E-01
 4.99933E-01
 4.99933E-01
 4.99933E-01
 4.99933E-01
 4.99933E-01
 4.99933E-01
 1.00727E-52
 1.28554E-41
 5.35780E-25
 2.90329E-10
 3.05426E-01
 4.88785E-01
 4.99072E-01
 4.99869E-01
 4.99911E-01
 4.99914E-01
 4.99915E-01
 4.99917E-01
 4.99918E-01
 4.99920E-01
 4.99921E-01
 4.99922E-01
 4.99923E-01
 4.99924E-01
 4.99925E-01
 4.99926E-01
 4.99926E-01
 4.99927E-01
 4.99928E-01
 4.99928E-01
 4.99929E-01
 4.99929E-01
 4.99930E-01
 4.99930E-01
 4.99931E-01
 4.99931E-01
 4.99932E-01
 4.99932E-01
 4.99932E-01
 4.99933E-01
 4.99933E-01
 4.99933E-01
 4.99933E-01
 4.99933E-01
 4.99933E-01
 4.99933E-01
 9.08487E-27
 6.15069E-26
 2.90329E-10
 2.45346E-01
 4.84545E-01
 4.98493E-01
 4.99818E-01
 4.99907E-01
 4.99912E-01
 4.99914E-01
 4.99916E-01
 4.99917E-01
 4.99919E-01
 4.99920E-01
 4.99921E-01
 4.99922E-01
 4.99923E-01
 4.99924E-01
 4.99925E-01
 4.99926E-01
 4.99926E-01
 4.99927E-01
 4.99928E-01
 4.99928E-01
 4.99929E-01
 4.99930E-01
 4.99930E-01
 4.99931E-01
 4.99931E-01
 4.99931E-01
 4.99932E-01
 4.99932E-01
 4.99932E-01
 4.99933E-01
 4.99933E-01
 4.99933E-01
 4.99933E-01
 4.99933E-01
 4.99933E-01
 4.99933E-01
 9.12059E-11
 2.44859E-06
 3.05426E-01
 4.84545E-01
 4.98236E-01
 4.99777E-01
 4.99902E-01
 4.99911E-01
 4.99913E-01
 4.99915E-01
 4.99916E-01
 4.99918E-01
 4.99919E-01
 4.99920E-01
 4.99921E-01
 4.99922E-01
 4.99923E-01
 4.99924E-01
 4.99925E-01
 4.99926E-01
 4.99927E-01
 4.99927E-01
 4.99928E-01
 4.99929E-01
 4.99929E-01
 4.99930E-01
 4.99930E-01
 4.99931E-01
 4.99931E-01
 4.99932E-01
 4.99932E-01
 4.99932E-01
 4.99933E-01
 4.99933E-01
 4.99933E-01
 4.99933E-01
 4.99933E-01
 4.99933E-01
 4.99933E-01
 4.99934E-01
 2.42729E-01
 4.07350E-01
 4.88785E-01
 4.98493E-01
 4.99777E-01
 4.99901E-01
 4.99911E-01
 4.99913E-01
 4.99914E-01
 4.99916E-01
 4.99917E-01
 4.99918E-01
 4.99920E-01
 4.99921E-01
 4.99922E-01
 4.99923E-01
 4.99924E-01
 4.99925E-01
 4.99925E-01
 4.99926E-01
 4.99927E-01
 4.99928E-01
 4.99928E-01
 4.99929E-01
 4.99929E-01
 4.99930E-01
 4.99930E-01
 4.99931E-01
 4.99931E-01
 4.99932E-01
 4.99932E-01
 4.99932E-01
 4.99933E-01
 4.99933E-01
 4.99933E-01
 4.99933E-01
 4.99933E-01
 4.99934E-01
 4.99934E-01
 4.99934E-01
 4.83169E-01
 4.94541E-01
 4.99072E-01
 4.99818E-01
 4.99902E-01
 4.99911E-01
 4.99912E-01
 4.99914E-01
 4.99915E-01
 4.99917E-01
 4.99918E-01
 4.99919E-01
 4.99920E-01
 4.99921E-01
 4.99922E-01
 4.99923E-01
 4.99924E-01
 4.99925E-01
 4.99926E-01
 4.99926E-01
 4.99927E-01
 4.99928E-01
 4.99928E-01
 4.99929E-01
 4.99930E-01
 4.99930E-01
 4.99931E-01
 4.99931E-01
 4.99932E-01
 4.99932E-01
 4.99932E-01
 4.99933E-01
 4.99933E-01
 4.99933E-01
 4.99933E-01
 4.99934E-01
 4.99934E-01
 4.99934E-01
 4.99934E-01
 4.99934E-01
 4.98063E-01
 4.99579E-01
 4.99869E-01
 4.99907E-01
 4.99911E-01
 4.99913E-01
 4.99914E-01
 4.99915E-01
 4.99916E-01
 4.99918E-01
 4.99919E-01
 4.99920E-01
 4.99921E-01
 4.99922E-01
 4.99923E-01
 4.99924E-01
 4.99924E-01
 4.99925E-01
 4.99926E-01
 4.99927E-01
 4.99927E-01
 4.99928E-01
 4.99929E-01
 4.99929E-01
 4.99930E-01
 4.99930E-01
 4.99931E-01
 4.99931E-01
 4.99932E-01
 4.99932E-01
 4.99933E-01
 4.99933E-01
 4.99933E-01
 4.99933E-01
 4.99934E-01
 4.99934E-01
 4.99934E-01
 4.99934E-01
 4.99934E-01
 4.99934E-01
 4.99746E-01
 4.99899E-01
 4.99911E-01
 4.99912E-01
 4.99913E-01
 4.99914E-01
 4.99915E-01
 4.99916E-01
 4.99917E-01
 4.99918E-01
 4.99919E-01
 4.99920E-01
 4.99921E-01
 4.99922E-01
 4.99923E-01
 4.99924E-01
 4.99925E-01
 4.99926E-01
 4.99926E-01
 4.99927E-01
 4.99928E-01
 4.99928E-01
 4.99929E-01
 4.99930E-01
 4.99930E-01
 4.99931E-01
 4.99931E-01
 4.99932E-01
 4.99932E-01
 4.99932E-01
 4.99933E-01
 4.99933E-01
 4.99933E-01
 4.99934E-01
 4.99934E-01
 4.99934E-01
 4.99934E-01
 4.99934E-01
 4.99934E-01
 4.99934E-01
 4.99901E-01
 4.99913E-01
 4.99914E-01
 4.99914E-01
 4.99915E-01
 4.99916E-01
 4.99917E-01
 4.99918E-01
 4.99918E-01
 4.99919E-01
 4.99920E-01
 4.99921E-01
 4.99922E-01
 4.99923E-01
 4.99924E-01
 4.99925E-01
 4.99925E-01
 4.99926E-01
 4.99927E-01
 4.99928E-01
 4.99928E-01
 4.99929E-01
 4.99929E-01
 4.99930E-01
 4.99931E-01
 4.99931E-01
 4.99931E-01
 4.99932E-01
 4.99932E-01
 4.99933E-01
 4.99933E-01
 4.99933E-01
 4.99934E-01
 4.99934E-01
 4.99934E-01
 4.99934E-01
 4.99934E-01
 4.99935E-01
 4.99935E-01
 4.99935E-01
 4.99914E-01
 4.99915E-01
 4.99915E-01
 4.99916E-01
 4.99916E-01
 4.99917E-01
 4.99918E-01
 4.99919E-01
 4.99919E-01
 4.99920E-01
 4.99921E-01
 4.99922E-01
 4.99923E-01
 4.99924E-01
 4.99924E-01
 4.99925E-01
 4.99926E-01
 4.99927E-01
 4.99927E-01
 4.99928E-01
 4.99929E-01
 4.99929E-01
 4.99930E-01
 4.99930E-01
 4.99931E-01
 4.99931E-01
 4.99932E-01
 4.99932E-01
 4.99933E-01
 4.99933E-01
 4.99933E-01
 4.99934E-01
 4.99934E-01
 4.99934E-01
 4.99934E-01
 4.99935E-01
 4.99935E-01
 4.99935E-01
 4.99935E-01
 4.99935E-01
 4.99916E-01
 4.99917E-01
 4.99917E-01
 4.99917E-01
 4.99918E-01
 4.99918E-01
 4.99919E-01
 4.99920E-01
 4.99920E-01
 4.99921E-01
 4.99922E-01
 4.99923E-01
 4.99923E-01
 4.99924E-01
 4.99925E-01
 4.99926E-01
 4.99926E-01
 4.99927E-01
 4.99928E-01
 4.99928E-01
 4.99929E-01
 4.99930E-01
 4.99930E-01
 4.99931E-01
 4.99931E-01
 4.99932E-01
 4.99932E-01
 4.99933E-01
 4.99933E-01
 4.99933E-01
 4.99934E-01
 4.99934E-01
 4.99934E-01
 4.99935E-01
 4.99935E-01
 4.99935E-01
 4.99935E-01
 4.99935E-01
 4.99935E-01
 4.99935E-01
 4.99918E-01
 4.99918E-01
 4.99918E-01
 4.99919E-01
 4.99919E-01
 4.99920E-01
 4.99920E-01
 4.99921E-01
 4.99921E-01
 4.99922E-01
 4.99923E-01
 4.99923E-01
 4.99924E-01
 4.99925E-01
 4.99926E-01
 4.99926E-01
 4.99927E-01
 4.99928E-01
 4.99928E-01
 4.99929E-01
 4.99929E-01
 4.99930E-01
 4.99931E-01
 4.99931E-01
 4.99932E-01
 4.99932E-01
 4.99933E-01
 4.99933E-01
 4.99933E-01
 4.99934E-01
 4.99934E-01
 4.99934E-01
 4.99935E-01
 4.99935E-01
 4.99935E-01
 4.99935E-01
 4.99936E-01
 4.99936E-01
 4.99936E-01
 4.99936E-01
 4.99919E-01
 4.99919E-01
 4.99920E-01
 4.99920E-01
 4.99920E-01
 4.99921E-01
 4.99921E-01
 4.99922E-01
 4.99922E-01
 4.99923E-01
 4.99924E-01
 4.99924E-01
 4.99925E-01
 4.99926E-01
 4.99926E-01
 4.99927E-01
 4.99927E-01
 4.99928E-01
 4.99929E-01
 4.99929E-01
 4.99930E-01
 4.99930E-01
 4.99931E-01
 4.99932E-01
 4.99932E-01
 4.99933E-01
 4.99933E-01
 4.99933E-01
 4.99934E-01
 4.99934E-01
 4.99935E-01
 4.99935E-01
 4.99935E-01
 4.99935E-01
 4.99936E-01
 4.99936E-01
 4.99936E-01
 4.99936E-01
 4.99936E-01
 4.99936E-01
 4.99921E-01
 4.99921E-01
 4.99921E-01
 4.99921E-01
 4.99921E-01
 4.99922E-01
 4.99922E-01
 4.99923E-01
 4.99923E-01
 4.99924E-01
 4.99924E-01
 4.99925E-01
 4.99926E-01
 4.99926E-01
 4.99927E-01
 4.99927E-01
 4.99928E-01
 4.99929E-01
 4.99929E-01
 4.99930E-01
 4.99930E-01
 4.99931E-01
 4.99931E-01
 4.99932E-01
 4.99933E-01
 4.99933E-01
 4.99933E-01
 4.99934E-01
 4.99934E-01
 4.99935E-01
 4.99935E-01
 4.99935E-01
 4.99936E-01
 4.99936E-01
 4.99936E-01
 4.99936E-01
 4.99936E-01
 4.99937E-01
 4.99937E-01
 4.99937E-01
 4.99922E-01
 4.99922E-01
 4.99922E-01
 4.99922E-01
 4.99922E-01
 4.99923E-01
 4.99923E-01
 4.99924E-01
 4.99924E-01
 4.99925E-01
 4.99925E-01
 4.99926E-01
 4.99926E-01
 4.99927E-01
 4.99927E-01
 4.99928E-01
 4.99929E-01
 4.99929E-01
 4.99930E-01
 4.99930E-01
 4.99931E-01
 4.99931E-01
 4.99932E-01
 4.99932E-01
 4.99933E-01
 4.99933E-01
 4.99934E-01
 4.99934E-01
 4.99935E-01
 4.99935E-01
 4.99936E-01
 4.99936E-01
 4.99936E-01
 4.99936E-01
 4.99937E-01
 4.99937E-01
 4.99937E-01
 4.99937E-01
 4.99937E-01
 4.99937E-01
 4.99923E-01
 4.99923E-01
 4.99923E-01
 4.99923E-01
 4.99923E-01
 4.99924E-01
 4.99924E-01
 4.99924E-01
 4.99925E-01
 4.99925E-01
 4.99926E-01
 4.99926E-01
 4.99927E-01
 4.99927E-01
 4.99928E-01
 4.99929E-01
 4.99929E-01
 4.99930E-01
 4.99930E-01
 4.99931E-01
 4.99931E-01
 4.99932E-01
 4.99932E-01
 4.99933E-01
 4.99933E-01
 4.99934E-01
 4.99934E-01
 4.99935E-01
 4.99935E-01
 4.99936E-01
 4.99936E-01
 4.99936E-01
 4.99937E-01
 4.99937E-01
 4.99937E-01
 4.99937E-01
 4.99938E-01
 4.99938E-01
 4.99938E-01
 4.99938E-01
 4.99924E-01
 4.99924E-01
 4.99924E-01
 4.99924E-01
 4.99924E-01
 4.99925E-01
 4.99925E-01
 4.99925E-01
 4.99926E-01
 4.99926E-01
 4.99927E-01
 4.99927E-01
 4.99928E-01
 4.99928E-01
 4.99929E-01
 4.99929E-01
 4.99930E-01
 4.99930E-01
 4.99931E-01
 4.99931E-01
 4.99932E-01
 4.99932E-01
 4.99933E-01
 4.99933E-01
 4.99934E-01
 4.99934E-01
 4.99935E-01
 4.99935E-01
 4.99936E-01
 4.99936E-01
 4.99937E-01
 4.99937E-01
 4.99937E-01
 4.99938E-01
 4.99938E-01
 4.99938E-01
 4.99938E-01
 4.99938E-01
 4.99938E-01
 4.99938E-01
 4.99925E-01
 4.99925E-01
 4.99925E-01
 4.99925E-01
 4.99925E-01
 4.99925E-01
 4.99926E-01
 4.99926E-01
 4.99926E-01
 4.99927E-01
 4.99927E-01
 4.99928E-01
 4.99928E-01
 4.99929E-01
 4.99929E-01
 4.99930E-01
 4.99930E-01
 4.99931E-01
 4.99931E-01
 4.99932E-01
 4.99932E-01
 4.99933E-01
 4.99933E-01
 4.99934E-01
 4.99934E-01
 4.99935E-01
 4.99935E-01
 4.99936E-01
 4.99936E-01
 4.99937E-01
 4.99937E-01
 4.99937E-01
 4.99938E-01
 4.99938E-01
 4.99938E-01
 4.99939E-01
 4.99939E-01
 4.99939E-01
 4.99939E-01
 4.99939E-01
 4.99925E-01
 4.99925E-01
 4.99926E-01
 4.99926E-01
 4.99926E-01
 4.99926E-01
 4.99926E-01
 4.99927E-01
 4.99927E-01
 4.99928E-01
 4.99928E-01
 4.99928E-01
 4.99929E-01
 4.99929E-01
 4.99930E-01
 4.99930E-01
 4.99931E-01
 4.99931E-01
 4.99932E-01
 4.99932E-01
 4.99933E-01
 4.99933E-01
 4.99934E-01
 4.99935E-01
 4.99935E-01
 4.99936E-01
 4.99936E-01
 4.99936E-01
 4.99937E-01
 4.99937E-01
 4.99938E-01
 4.99938E-01
 4.99938E-01
 4.99939E-01
 4.99939E-01
 4.99939E-01
 4.99939E-01
 4.99940E-01
 4.99940E-01
 4.99940E-01
 4.99926E-01
 4.99926E-01
 4.99926E-01
 4.99926E-01
 4.99927E-01
 4.99927E-01
 4.99927E-01
 4.99927E-01
 4.99928E-01
 4.99928E-01
 4.99929E-01
 4.99929E-01
 4.99929E-01
 4.99930E-01
 4.99930E-01
 4.99931E-01
 4.99931E-01
 4.99932E-01
 4.99932E-01
 4.99933E-01
 4.99933E-01
 4.99934E-01
 4.99935E-01
 4.99935E-01
 4.99936E-01
 4.99936E-01
 4.99937E-01
 4.99937E-01
 4.99937E-01
 4.99938E-01
 4.99938E-01
 4.99939E-01
 4.99939E-01
 4.99939E-01
 4.99940E-01
 4.99940E-01
 4.99940E-01
 4.99940E-01
 4.99940E-01
 4.99940E-01
 4.99927E-01
 4.99927E-01
 4.99927E-01
 4.99927E-01
 4.99927E-01
 4.99928E-01
 4.99928E-01
 4.99928E-01
 4.99928E-01
 4.99929E-01
 4.99929E-01
 4.99930E-01
 4.99930E-01
 4.99930E-01
 4.99931E-01
 4.99931E-01
 4.99932E-01
 4.99932E-01
 4.99933E-01
 4.99933E-01
 4.99934E-01
 4.99935E-01
 4.99935E-01
 4.99936E-01
 4.99936E-01
 4.99937E-01
 4.99937E-01
 4.99938E-01
 4.99938E-01
 4.99939E-01
 4.99939E-01
 4.99939E-01
 4.99940E-01
 4.99940E-01
 4.99940E-01
 4.99941E-01
 4.99941E-01
 4.99941E-01
 4.99941E-01
 4.99941E-01
 4.99928E-01
 4.99928E-01
 4.99928E-01
 4.99928E-01
 4.99928E-01
 4.99928E-01
 4.99928E-01
 4.99929E-01
 4.99929E-01
 4.99929E-01
 4.99930E-01
 4.99930E-01
 4.99931E-01
 4.99931E-01
 4.99931E-01
 4.99932E-01
 4.99932E-01
 4.99933E-01
 4.99933E-01
 4.99934E-01
 4.99935E-01
 4.99935E-01
 4.99936E-01
 4.99936E-01
 4.99937E-01
 4.99937E-01
 4.99938E-01
 4.99938E-01
 4.99939E-01
 4.99939E-01
 4.99940E-01
 4.99940E-01
 4.99940E-01
 4.99941E-01
 4.99941E-01
 4.99941E-01
 4.99942E-01
 4.99942E-01
 4.99942E-01
 4.99942E-01
 4.99928E-01
 4.99928E-01
 4.99928E-01
 4.99928E-01
 4.99929E-01
 4.99929E-01
 4.99929E-01
 4.99929E-01
 4.99930E-01
 4.99930E-01
 4.99930E-01
 4.99931E-01
 4.99931E-01
 4.99932E-01
 4.99932E-01
 4.99932E-01
 4.99933E-01
 4.99933E-01
 4.99934E-01
 4.99935E-01
 4.99935E-01
 4.99936E-01
 4.99936E-01
 4.99937E-01
 4.99937E-01
 4.99938E-01
 4.99938E-01
 4.99939E-01
 4.99939E-01
 4.99940E-01
 4.99940E-01
 4.99941E-01
 4.99941E-01
 4.99942E-01
 4.99942E-01
 4.99942E-01
 4.99942E-01
 4.99943E-01
 4.99943E-01
 4.99943E-01
 4.99929E-01
 4.99929E-01
 4.99929E-01
 4.99929E-01
 4.99929E-01
 4.99929E-01
 4.99930E-01
 4.99930E-01
 4.99930E-01
 4.99931E-01
 4.99931E-01
 4.99931E-01
 4.99932E-01
 4.99932E-01
 4.99933E-01
 4.99933E-01
 4.99933E-01
 4.99934E-01
 4.99934E-01
 4.99935E-01
 4.99936E-01
 4.99936E-01
 4.99937E-01
 4.99937E-01
 4.99938E-01
 4.99938E-01
 4.99939E-01
 4.99939E-01
 4.99940E-01
 4.99941E-01
 4.99941E-01
 4.99942E-01
 4.99942E-01
 4.99942E-01
 4.99943E-01
 4.99943E-01
 4.99943E-01
 4.99944E-01
 4.99944E-01
 4.99944E-01
 4.99929E-01
 4.99929E-01
 4.99929E-01
 4.99930E-01
 4.99930E-01
 4.99930E-01
 4.99930E-01
 4.99930E-01
 4.99931E-01
 4.99931E-01
 4.99931E-01
 4.99932E-01
 4.99932E-01
 4.99933E-01
 4.99933E-01
 4.99933E-01
 4.99934E-01
 4.99934E-01
 4.99935E-01
 4.99936E-01
 4.99936E-01
 4.99937E-01
 4.99937E-01
 4.99938E-01
 4.99938E-01
 4.99939E-01
 4.99940E-01
 4.99940E-01
 4.99941E-01
 4.99941E-01
 4.99942E-01
 4.99942E-01
 4.99943E-01
 4.99943E-01
 4.99944E-01
 4.99944E-01
 4.99944E-01
 4.99945E-01
 4.99945E-01
 4.99945E-01
 4.99930E-01
 4.99930E-01
 4.99930E-01
 4.99930E-01
 4.99930E-01
 4.99930E-01
 4.99931E-01
 4.99931E-01
 4.99931E-01
 4.99931E-01
 4.99932E-01
 4.99932E-01
 4.99933E-01
 4.99933E-01
 4.99933E-01
 4.99934E-01
 4.99934E-01
 4.99935E-01
 4.99935E-01
 4.99936E-01
 4.99937E-01
 4.99937E-01
 4.99938E-01
 4.99938E-01
 4.99939E-01
 4.99940E-01
 4.99940E-01
 4.99941E-01
 4.99941E-01
 4.99942E-01
 4.99943E-01
 4.99943E-01
 4.99944E-01
 4.99944E-01
 4.99945E-01
 4.99945E-01
 4.99945E-01
 4.99946E-01
 4.99946E-01
 4.99946E-01
 4.99930E-01
 4.99930E-01
 4.99930E-01
 4.99931E-01
 4.99931E-01
 4.99931E-01
 4.99931E-01
 4.99931E-01
 4.99932E-01
 4.99932E-01
 4.99932E-01
 4.99933E-01
 4.99933E-01
 4.99933E-01
 4.99934E-01
 4.99934E-01
 4.99935E-01
 4.99935E-01
 4.99936E-01
 4.99936E-01
 4.99937E-01
 4.99938E-01
 4.99938E-01
 4.99939E-01
 4.99939E-01
 4.99940E-01
 4.99941E-01
 4.99941E-01
 4.99942E-01
 4.99943E-01
 4.99943E-01
 4.99944E-01
 4.99945E-01
 4.99945E-01
 4.99946E-01
 4.99946E-01
 4.99946E-01
 4.99947E-01
 4.99947E-01
 4.99947E-01
 4.99931E-01
 4.99931E-01
 4.99931E-01
 4.99931E-01
 4.99931E-01
 4.99931E-01
 4.99932E-01
 4.99932E-01
 4.99932E-01
 4.99932E-01
 4.99933E-01
 4.99933E-01
 4.99933E-01
 4.99934E-01
 4.99934E-01
 4.99935E-01
 4.99935E-01
 4.99936E-01
 4.99936E-01
 4.99937E-01
 4.99937E-01
 4.99938E-01
 4.99939E-01
 4.99939E-01
 4.99940E-01
 4.99941E-01
 4.99941E-01
 4.99942E-01
 4.99943E-01
 4.99943E-01
 4.99944E-01
 4.99945E-01
 4.99945E-01
 4.99946E-01
 4.99947E-01
 4.99947E-01
 4.99948E-01
 4.99948E-01
 4.99948E-01
 4.99948E-01
 4.99931E-01
 4.99931E-01
 4.99931E-01
 4.99931E-01
 4.99932E-01
 4.99932E-01
 4.99932E-01
 4.99932E-01
 4.99932E-01
 4.99933E-01
 4.99933E-01
 4.99933E-01
 4.99934E-01
 4.99934E-01
 4.99935E-01
 4.99935E-01
 4.99936E-01
 4.99936E-01
 4.99937E-01
 4.99937E-01
 4.99938E-01
 4.99939E-01
 4.99939E-01
 4.99940E-01
 4.99941E-01
 4.99941E-01
 4.99942E-01
 4.99943E-01
 4.99943E-01
 4.99944E-01
 4.99945E-01
 4.99946E-01
 4.99946E-01
 4.99947E-01
 4.99948E-01
 4.99948E-01
 4.99949E-01
 4.99949E-01
 4.99949E-01
 4.99950E-01
 4.99932E-01
 4.99932E-01
 4.99932E-01
 4.99932E-01
 4.99932E-01
 4.99932E-01
 4.99932E-01
 4.99933E-01
 4.99933E-01
 4.99933E-01
 4.99933E-01
 4.99934E-01
 4.99934E-01
 4.99935E-01
 4.99935E-01
 4.99936E-01
 4.99936E-01
 4.99937E-01
 4.99937E-01
 4.99938E-01
 4.99938E-01
 4.99939E-01
 4.99940E-01
 4.99940E-01
 4.99941E-01
 4.99942E-01
 4.99943E-01
 4.99943E-01
 4.99944E-01
 4.99945E-01
 4.99946E-01
 4.99947E-01
 4.99947E-01
 4.99948E-01
 4.99949E-01
 4.99949E-01
 4.99950E-01
 4.99950E-01
 4.99951E-01
 4.99951E-01
 4.99932E-01
 4.99932E-01
 4.99932E-01
 4.99932E-01
 4.99932E-01
 4.99932E-01
 4.99933E-01
 4.99933E-01
 4.99933E-01
 4.99933E-01
 4.99934E-01
 4.99934E-01
 4.99934E-01
 4.99935E-01
 4.99935E-01
 4.99936E-01
 4.99936E-01
 4.99937E-01
 4.99937E-01
 4.99938E-01
 4.99939E-01
 4.99939E-01
 4.99940E-01
 4.99941E-01
 4.99942E-01
 4.99942E-01
 4.99943E-01
 4.99944E-01
 4.99945E-01
 4.99946E-01
 4.99947E-01
 4.99947E-01
 4.99948E-01
 4.99949E-01
 4.99950E-01
 4.99951E-01
 4.99951E-01
 4.99952E-01
 4.99952E-01
 4.99953E-01
 4.99932E-01
 4.99932E-01
 4.99932E-01
 4.99932E-01
 4.99933E-01
 4.99933E-01
 4.99933E-01
 4.99933E-01
 4.99933E-01
 4.99934E-01
 4.99934E-01
 4.99934E-01
 4.99935E-01
 4.99935E-01
 4.99936E-01
 4.99936E-01
 4.99937E-01
 4.99937E-01
 4.99938E-01
 4.99938E-01
 4.99939E-01
 4.99940E-01
 4.99940E-01
 4.99941E-01
 4.99942E-01
 4.99943E-01
 4.99944E-01
 4.99945E-01
 4.99945E-01
 4.99946E-01
 4.99947E-01
 4.99948E-01
 4.99949E-01
 4.99950E-01
 4.99951E-01
 4.99952E-01
 4.99953E-01
 4.99953E-01
 4.99954E-01
 4.99954E-01
 4.99932E-01
 4.99932E-01
 4.99933E-01
 4.99933E-01
 4.99933E-01
 4.99933E-01
 4.99933E-01
 4.99933E-01
 4.99934E-01
 4.99934E-01
 4.99934E-01
 4.99935E-01
 4.99935E-01
 4.99935E-01
 4.99936E-01
 4.99936E-01
 4.99937E-01
 4.99938E-01
 4.99938E-01
 4.99939E-01
 4.99939E-01
 4.99940E-01
 4.99941E-01
 4.99942E-01
 4.99942E-01
 4.99943E-01
 4.99944E-01
 4.99945E-01
 4.99946E-01
 4.99947E-01
 4.99948E-01
 4.99949E-01
 4.99950E-01
 4.99951E-01
 4.99952E-01
 4.99953E-01
 4.99954E-01
 4.99955E-01
 4.99956E-01
 4.99956E-01
 4.99933E-01
 4.99933E-01
 4.99933E-01
 4.99933E-01
 4.99933E-01
 4.99933E-01
 4.99933E-01
 4.99934E-01
 4.99934E-01
 4.99934E-01
 4.99934E-01
 4.99935E-01
 4.99935E-01
 4.99936E-01
 4.99936E-01
 4.99937E-01
 4.99937E-01
 4.99938E-01
 4.99938E-01
 4.99939E-01
 4.99940E-01
 4.99940E-01
 4.99941E-01
 4.99942E-01
 4.99943E-01
 4.99944E-01
 4.99945E-01
 4.99946E-01
 4.99947E-01
 4.99948E-01
 4.99949E-01
 4.99950E-01
 4.99951E-01
 4.99952E-01
 4.99954E-01
 4.99955E-01
 4.99956E-01
 4.99957E-01
 4.99958E-01
 4.99958E-01
 4.99933E-01
 4.99933E-01
 4.99933E-01
 4.99933E-01
 4.99933E-01
 4.99933E-01
 4.99934E-01
 4.99934E-01
 4.99934E-01
 4.99934E-01
 4.99935E-01
 4.99935E-01
 4.99935E-01
 4.99936E-01
 4.99936E-01
 4.99937E-01
 4.99937E-01
 4.99938E-01
 4.99939E-01
 4.99939E-01
 4.99940E-01
 4.99941E-01
 4.99941E-01
 4.99942E-01
 4.99943E-01
 4.99944E-01
 4.99945E-01
 4.99946E-01
 4.99947E-01
 4.99948E-01
 4.99949E-01
 4.99951E-01
 4.99952E-01
 4.99953E-01
 4.99955E-01
 4.99956E-01
 4.99957E-01
 4.99959E-01
 4.99960E-01
 4.99960E-01
 4.99933E-01
 4.99933E-01
 4.99933E-01
 4.99933E-01
 4.99933E-01
 4.99933E-01
 4.99934E-01
 4.99934E-01
 4.99934E-01
 4.99934E-01
 4.99935E-01
 4.99935E-01
 4.99936E-01
 4.99936E-01
 4.99936E-01
 4.99937E-01
 4.99938E-01
 4.99938E-01
 4.99939E-01
 4.99939E-01
 4.99940E-01
 4.99941E-01
 4.99942E-01
 4.99942E-01
 4.99943E-01
 4.99944E-01
 4.99945E-01
 4.99946E-01
 4.99948E-01
 4.99949E-01
 4.99950E-01
 4.99951E-01
 4.99953E-01
 4.99954E-01
 4.99956E-01
 4.99957E-01
 4.99959E-01
 4.99960E-01
 4.99962E-01
 4.99962E-01
 4.99933E-01
 4.99933E-01
 4.99933E-01
 4.99933E-01
 4.99933E-01
 4.99934E-01
 4.99934E-01
 4.99934E-01
 4.99934E-01
 4.99935E-01
 4.99935E-01
 4.99935E-01
 4.99936E-01
 4.99936E-01
 4.99937E-01
 4.99937E-01
 4.99938E-01
 4.99938E-01
 4.99939E-01
 4.99940E-01
 4.99940E-01
 4.99941E-01
 4.99942E-01
 4.99943E-01
 4.99944E-01
 4.99945E-01
 4.99946E-01
 4.99947E-01
 4.99948E-01
 4.99949E-01
 4.99950E-01
 4.99952E-01
 4.99953E-01
 4.99955E-01
 4.99957E-01
 4.99959E-01
 4.99960E-01
 4.99962E-01
 4.99963E-01
 4.99964E-01
 4.99933E-01
 4.99933E-01
 4.99933E-01
 4.99933E-01
 4.99933E-01
 4.99934E-01
 4.99934E-01
 4.99934E-01
 4.99934E-01
 4.99935E-01
 4.99935E-01
 4.99935E-01
 4.99936E-01
 4.99936E-01
 4.99937E-01
 4.99937E-01
 4.99938E-01
 4.99938E-01
 4.99939E-01
 4.99940E-01
 4.99940E-01
 4.99941E-01
 4.99942E-01
 4.99943E-01
 4.99944E-01
 4.99945E-01
 4.99946E-01
 4.99947E-01
 4.99948E-01
 4.99949E-01
 4.99951E-01
 4.99952E-01
 4.99954E-01
 4.99956E-01
 4.99958E-01
 4.99960E-01
 4.99962E-01
 4.99963E-01
 4.99965E-01
 4.99966E-01
 4.99933E-01
 4.99933E-01
 4.99933E-01
 4.99933E-01
 4.99934E-01
 4.99934E-01
 4.99934E-01
 4.99934E-01
 4.99934E-01
 4.99935E-01
 4.99935E-01
 4.99935E-01
 4.99936E-01
 4.99936E-01
 4.99937E-01
 4.99937E-01
 4.99938E-01
 4.99938E-01
 4.99939E-01
 4.99940E-01
 4.99940E-01
 4.99941E-01
 4.99942E-01
 4.99943E-01
 4.99944E-01
 4.99945E-01
 4.99946E-01
 4.99947E-01
 4.99948E-01
 4.99950E-01
 4.99951E-01
 4.99953E-01
 4.99954E-01
 4.99956E-01
 4.99958E-01
 4.99960E-01
 4.99962E-01
 4.99964E-01
 4.99966E-01
 4.99966E-01
