-0.00000E+00
-0.00000E+00
-0.00000E+00
-0.00000E+00
-0.00000E+00
-0.00000E+00
-0.00000E+00
-0.00000E+00
-0.00000E+00
-0.00000E+00
-0.00000E+00
-0.00000E+00
-0.00000E+00
-0.00000E+00
-0.00000E+00
-0.00000E+00
-0.00000E+00
-0.00000E+00
-0.00000E+00
-0.00000E+00
-0.00000E+00
-0.00000E+00
-0.00000E+00
-0.00000E+00
-0.00000E+00
-0.00000E+00
-0.00000E+00
-0.00000E+00
-0.00000E+00
-0.00000E+00
-0.00000E+00
-0.00000E+00
-0.00000E+00
-0.00000E+00
-0.00000E+00
-0.00000E+00
-0.00000E+00
-0.00000E+00
-0.00000E+00
-0.00000E+00
 8.04553E-07
 3.17893E-07
 1.49101E-07
 8.09762E-08
 4.92158E-08
 3.17776E-08
 2.80738E-08
 2.07399E-08
 1.56523E-08
 1.22978E-08
 9.98879E-09
 8.32160E-09
 7.07398E-09
 6.11584E-09
 5.36565E-09
 4.76960E-09
 4.29070E-09
 3.90267E-09
 3.58635E-09
 3.32747E-09
 3.11516E-09
 2.94098E-09
 2.79831E-09
 2.68183E-09
 2.58723E-09
 2.51095E-09
 2.45003E-09
 2.40196E-09
 2.36460E-09
 2.33609E-09
 2.31485E-09
 2.29946E-09
 2.28873E-09
 2.28158E-09
 2.27712E-09
 2.27457E-09
 2.27329E-09
 2.27278E-09
 2.27265E-09
 2.27265E-09
 4.86690E-07
 3.17898E-07
 1.97530E-07
 1.25586E-07
 8.22009E-08
 6.17567E-08
 4.98020E-08
 3.77338E-08
 2.93638E-08
 2.35303E-08
 1.93343E-08
 1.62235E-08
 1.38585E-08
 1.20237E-08
 1.05771E-08
 9.42206E-09
 8.49052E-09
 7.73361E-09
 7.11527E-09
 6.60838E-09
 6.19217E-09
 5.85045E-09
 5.57042E-09
 5.34178E-09
 5.15613E-09
 5.00655E-09
 4.88722E-09
 4.79322E-09
 4.72034E-09
 4.66493E-09
 4.62383E-09
 4.59428E-09
 4.57386E-09
 4.56048E-09
 4.55233E-09
 4.54786E-09
 4.54582E-09
 4.54517E-09
 4.54516E-09
 4.54529E-09
 3.37600E-07
 2.69476E-07
 1.97532E-07
 1.41442E-07
 1.04781E-07
 8.22513E-08
 6.41511E-08
 5.05126E-08
 4.05056E-08
 3.31240E-08
 2.75946E-08
 2.33796E-08
 2.01128E-08
 1.75433E-08
 1.54972E-08
 1.38510E-08
 1.25157E-08
 1.14260E-08
 1.05327E-08
 9.79861E-09
 9.19469E-09
 8.69824E-09
 8.29114E-09
 7.95873E-09
 7.68898E-09
 7.47189E-09
 7.29908E-09
 7.16336E-09
 7.05860E-09
 6.97946E-09
 6.92127E-09
 6.87996E-09
 6.85196E-09
 6.83415E-09
 6.82384E-09
 6.81874E-09
 6.81695E-09
 6.81693E-09
 6.81755E-09
 6.81806E-09
 2.56630E-07
 2.24870E-07
 1.81495E-07
 1.46139E-07
 1.13853E-07
 9.10530E-08
 7.33346E-08
 5.95971E-08
 4.90187E-08
 4.08655E-08
 3.45403E-08
 2.95875E-08
 2.56696E-08
 2.25397E-08
 2.00172E-08
 1.79689E-08
 1.62954E-08
 1.49219E-08
 1.37911E-08
 1.28586E-08
 1.20897E-08
 1.14567E-08
 1.09372E-08
 1.05130E-08
 1.01691E-08
 9.89298E-09
 9.67382E-09
 9.50255E-09
 9.37125E-09
 9.27303E-09
 9.20183E-09
 9.15234E-09
 9.11987E-09
 9.10033E-09
 9.09016E-09
 9.08632E-09
 9.08629E-09
 9.08805E-09
 9.09006E-09
 9.09133E-09
 2.07418E-07
 1.91418E-07
 1.67622E-07
 1.37029E-07
 1.13851E-07
 9.44613E-08
 7.84816E-08
 6.55178E-08
 5.51064E-08
 4.67787E-08
 4.01138E-08
 3.47605E-08
 3.04383E-08
 2.69287E-08
 2.40631E-08
 2.17119E-08
 1.97751E-08
 1.81751E-08
 1.68511E-08
 1.57551E-08
 1.48489E-08
 1.41016E-08
 1.34879E-08
 1.29870E-08
 1.25816E-08
 1.22570E-08
 1.20007E-08
 1.18018E-08
 1.16508E-08
 1.15396E-08
 1.14607E-08
 1.14077E-08
 1.13749E-08
 1.13571E-08
 1.13501E-08
 1.13501E-08
 1.13539E-08
 1.13589E-08
 1.13633E-08
 1.13659E-08
 1.82534E-07
 1.67113E-07
 1.47097E-07
 1.28224E-07
 1.10444E-07
 9.44621E-08
 8.06101E-08
 6.88859E-08
 5.91101E-08
 5.10290E-08
 4.43756E-08
 3.89022E-08
 3.43944E-08
 3.06736E-08
 2.75945E-08
 2.50405E-08
 2.29180E-08
 2.11522E-08
 1.96830E-08
 1.84618E-08
 1.74492E-08
 1.66128E-08
 1.59257E-08
 1.53655E-08
 1.49133E-08
 1.45528E-08
 1.42701E-08
 1.40530E-08
 1.38907E-08
 1.37737E-08
 1.36936E-08
 1.36429E-08
 1.36147E-08
 1.36032E-08
 1.36032E-08
 1.36101E-08
 1.36201E-08
 1.36304E-08
 1.36385E-08
 1.36429E-08
 1.54433E-07
 1.45367E-07
 1.32746E-07
 1.19041E-07
 1.05299E-07
 9.23351E-08
 8.06108E-08
 7.03055E-08
 6.14190E-08
 5.38516E-08
 4.74574E-08
 4.20784E-08
 3.75634E-08
 3.37766E-08
 3.06010E-08
 2.79376E-08
 2.57042E-08
 2.38328E-08
 2.22669E-08
 2.09600E-08
 1.98734E-08
 1.89747E-08
 1.82366E-08
 1.76361E-08
 1.71532E-08
 1.67709E-08
 1.64740E-08
 1.62494E-08
 1.60853E-08
 1.59710E-08
 1.58973E-08
 1.58555E-08
 1.58379E-08
 1.58379E-08
 1.58492E-08
 1.58668E-08
 1.58863E-08
 1.59040E-08
 1.59173E-08
 1.59244E-08
 1.33690E-07
 1.28373E-07
 1.19969E-07
 1.09958E-07
 9.93798E-08
 8.89683E-08
 7.91925E-08
 7.03060E-08
 6.24088E-08
 5.55008E-08
 4.95238E-08
 4.43907E-08
 4.00042E-08
 3.62686E-08
 3.30951E-08
 3.04047E-08
 2.81286E-08
 2.62077E-08
 2.45917E-08
 2.32378E-08
 2.21096E-08
 2.11759E-08
 2.04100E-08
 1.97890E-08
 1.92927E-08
 1.89035E-08
 1.86057E-08
 1.83854E-08
 1.82299E-08
 1.81279E-08
 1.80690E-08
 1.80438E-08
 1.80437E-08
 1.80611E-08
 1.80891E-08
 1.81218E-08
 1.81541E-08
 1.81820E-08
 1.82024E-08
 1.82131E-08
 1.18039E-07
 1.14663E-07
 1.08828E-07
 1.01447E-07
 9.32935E-08
 8.49658E-08
 7.68847E-08
 6.93173E-08
 6.24093E-08
 5.62190E-08
 5.07464E-08
 4.59562E-08
 4.17942E-08
 3.81984E-08
 3.51061E-08
 3.24574E-08
 3.01976E-08
 2.82778E-08
 2.66545E-08
 2.52901E-08
 2.41513E-08
 2.32092E-08
 2.24386E-08
 2.18172E-08
 2.13250E-08
 2.09446E-08
 2.06599E-08
 2.04564E-08
 2.03211E-08
 2.02416E-08
 2.02070E-08
 2.02069E-08
 2.02320E-08
 2.02736E-08
 2.03242E-08
 2.03771E-08
 2.04264E-08
 2.04676E-08
 2.04971E-08
 2.05124E-08
 1.05743E-07
 1.03432E-07
 9.92360E-08
 9.37066E-08
 8.73815E-08
 8.07166E-08
 7.40632E-08
 6.76690E-08
 6.16920E-08
 5.62194E-08
 5.12866E-08
 4.68935E-08
 4.30178E-08
 3.96247E-08
 3.66734E-08
 3.41212E-08
 3.19268E-08
 3.00512E-08
 2.84586E-08
 2.71166E-08
 2.59962E-08
 2.50711E-08
 2.43181E-08
 2.37160E-08
 2.32457E-08
 2.28900E-08
 2.26328E-08
 2.24594E-08
 2.23563E-08
 2.23106E-08
 2.23105E-08
 2.23450E-08
 2.24037E-08
 2.24772E-08
 2.25571E-08
 2.26358E-08
 2.27069E-08
 2.27649E-08
 2.28059E-08
 2.28271E-08
 9.57550E-08
 9.40877E-08
 9.09769E-08
 8.67619E-08
 8.18091E-08
 7.64558E-08
 7.09824E-08
 6.56034E-08
 6.04703E-08
 5.56801E-08
 5.12870E-08
 4.73132E-08
 4.37589E-08
 4.06094E-08
 3.78414E-08
 3.54272E-08
 3.33371E-08
 3.15415E-08
 3.00120E-08
 2.87216E-08
 2.76457E-08
 2.67610E-08
 2.60466E-08
 2.54829E-08
 2.50519E-08
 2.47368E-08
 2.45218E-08
 2.43922E-08
 2.43340E-08
 2.43340E-08
 2.43795E-08
 2.44588E-08
 2.45606E-08
 2.46745E-08
 2.47913E-08
 2.49023E-08
 2.50003E-08
 2.50793E-08
 2.51345E-08
 2.51630E-08
 8.74345E-08
 8.61869E-08
 8.38219E-08
 8.05550E-08
 7.66371E-08
 7.23149E-08
 6.78070E-08
 6.32920E-08
 5.89056E-08
 5.47436E-08
 5.08679E-08
 4.73136E-08
 4.40951E-08
 4.12124E-08
 3.86558E-08
 3.64091E-08
 3.44529E-08
 3.27658E-08
 3.13261E-08
 3.01123E-08
 2.91038E-08
 2.82807E-08
 2.76245E-08
 2.71172E-08
 2.67422E-08
 2.64834E-08
 2.63255E-08
 2.62536E-08
 2.62536E-08
 2.63118E-08
 2.64148E-08
 2.65500E-08
 2.67052E-08
 2.68691E-08
 2.70311E-08
 2.71817E-08
 2.73128E-08
 2.74173E-08
 2.74900E-08
 2.75273E-08
 8.03615E-08
 7.94033E-08
 7.75685E-08
 7.49991E-08
 7.18692E-08
 6.83596E-08
 6.46388E-08
 6.08520E-08
 5.71164E-08
 5.35206E-08
 5.01275E-08
 4.69780E-08
 4.40954E-08
 4.14894E-08
 3.91601E-08
 3.71006E-08
 3.52996E-08
 3.37427E-08
 3.24143E-08
 3.12978E-08
 3.03764E-08
 2.96336E-08
 2.90532E-08
 2.86193E-08
 2.83164E-08
 2.81292E-08
 2.80430E-08
 2.80431E-08
 2.81151E-08
 2.82447E-08
 2.84179E-08
 2.86212E-08
 2.88412E-08
 2.90655E-08
 2.92823E-08
 2.94808E-08
 2.96517E-08
 2.97872E-08
 2.98809E-08
 2.99289E-08
 7.42465E-08
 7.34963E-08
 7.20497E-08
 7.00036E-08
 6.74811E-08
 6.46155E-08
 6.15365E-08
 5.83608E-08
 5.51873E-08
 5.20949E-08
 4.91436E-08
 4.63756E-08
 4.38190E-08
 4.14897E-08
 3.93946E-08
 3.75337E-08
 3.59020E-08
 3.44912E-08
 3.32906E-08
 3.22880E-08
 3.14704E-08
 3.08242E-08
 3.03355E-08
 2.99904E-08
 2.97747E-08
 2.96741E-08
 2.96743E-08
 2.97608E-08
 2.99189E-08
 3.01340E-08
 3.03911E-08
 3.06756E-08
 3.09730E-08
 3.12695E-08
 3.15517E-08
 3.18076E-08
 3.20262E-08
 3.21987E-08
 3.23177E-08
 3.23785E-08
 6.88816E-08
 6.82856E-08
 6.71305E-08
 6.54843E-08
 6.34359E-08
 6.10848E-08
 5.85307E-08
 5.58674E-08
 5.31770E-08
 5.05283E-08
 4.79761E-08
 4.55619E-08
 4.33153E-08
 4.12558E-08
 3.93949E-08
 3.77375E-08
 3.62836E-08
 3.50295E-08
 3.39689E-08
 3.30933E-08
 3.23930E-08
 3.18572E-08
 3.14743E-08
 3.12321E-08
 3.11178E-08
 3.11182E-08
 3.12193E-08
 3.14068E-08
 3.16659E-08
 3.19811E-08
 3.23368E-08
 3.27170E-08
 3.31059E-08
 3.34877E-08
 3.38475E-08
 3.41715E-08
 3.44470E-08
 3.46635E-08
 3.48127E-08
 3.48888E-08
 6.41127E-08
 6.36338E-08
 6.27023E-08
 6.13671E-08
 5.96936E-08
 5.77568E-08
 5.56343E-08
 5.34009E-08
 5.11248E-08
 4.88651E-08
 4.66707E-08
 4.45806E-08
 4.26243E-08
 4.08233E-08
 3.91916E-08
 3.77377E-08
 3.64653E-08
 3.53744E-08
 3.44621E-08
 3.37233E-08
 3.31511E-08
 3.27372E-08
 3.24723E-08
 3.23458E-08
 3.23463E-08
 3.24615E-08
 3.26779E-08
 3.29814E-08
 3.33567E-08
 3.37879E-08
 3.42580E-08
 3.47499E-08
 3.52457E-08
 3.57278E-08
 3.61792E-08
 3.65838E-08
 3.69268E-08
 3.71958E-08
 3.73809E-08
 3.74752E-08
 5.98227E-08
 5.94347E-08
 5.86778E-08
 5.75880E-08
 5.62145E-08
 5.46145E-08
 5.28487E-08
 5.09772E-08
 4.90564E-08
 4.71365E-08
 4.52609E-08
 4.34653E-08
 4.17782E-08
 4.02214E-08
 3.88106E-08
 3.75565E-08
 3.64656E-08
 3.55407E-08
 3.47818E-08
 3.41867E-08
 3.37508E-08
 3.34684E-08
 3.33319E-08
 3.33326E-08
 3.34602E-08
 3.37034E-08
 3.40494E-08
 3.44840E-08
 3.49917E-08
 3.55556E-08
 3.61576E-08
 3.67787E-08
 3.73991E-08
 3.79988E-08
 3.85579E-08
 3.90576E-08
 3.94806E-08
 3.98120E-08
 4.00399E-08
 4.01559E-08
 5.59207E-08
 5.56043E-08
 5.49860E-08
 5.40928E-08
 5.29619E-08
 5.16379E-08
 5.01687E-08
 4.86028E-08
 4.69869E-08
 4.53637E-08
 4.37711E-08
 4.22415E-08
 4.08018E-08
 3.94734E-08
 3.82727E-08
 3.72121E-08
 3.62998E-08
 3.55409E-08
 3.49379E-08
 3.44906E-08
 3.41972E-08
 3.40536E-08
 3.40544E-08
 3.41923E-08
 3.44586E-08
 3.48427E-08
 3.53324E-08
 3.59136E-08
 3.65705E-08
 3.72852E-08
 3.80382E-08
 3.88083E-08
 3.95734E-08
 4.03103E-08
 4.09959E-08
 4.16080E-08
 4.21260E-08
 4.25317E-08
 4.28106E-08
 4.29527E-08
 5.23349E-08
 5.20760E-08
 5.15691E-08
 5.08350E-08
 4.99025E-08
 4.88066E-08
 4.75854E-08
 4.62785E-08
 4.49246E-08
 4.35601E-08
 4.22182E-08
 4.09279E-08
 3.97141E-08
 3.85975E-08
 3.75949E-08
 3.67194E-08
 3.59805E-08
 3.53853E-08
 3.49381E-08
 3.46409E-08
 3.44936E-08
 3.44945E-08
 3.46397E-08
 3.49237E-08
 3.53391E-08
 3.58763E-08
 3.65238E-08
 3.72676E-08
 3.80914E-08
 3.89765E-08
 3.99015E-08
 4.08431E-08
 4.17758E-08
 4.26730E-08
 4.35075E-08
 4.42527E-08
 4.48836E-08
 4.53781E-08
 4.57183E-08
 4.58917E-08
 4.90079E-08
 4.87956E-08
 4.83794E-08
 4.77755E-08
 4.70066E-08
 4.61004E-08
 4.50878E-08
 4.40012E-08
 4.28729E-08
 4.17341E-08
 4.06137E-08
 3.95377E-08
 3.85291E-08
 3.76078E-08
 3.67901E-08
 3.60898E-08
 3.55176E-08
 3.50818E-08
 3.47883E-08
 3.46411E-08
 3.46420E-08
 3.47910E-08
 3.50862E-08
 3.55238E-08
 3.60977E-08
 3.67997E-08
 3.76188E-08
 3.85415E-08
 3.95511E-08
 4.06278E-08
 4.17483E-08
 4.28866E-08
 4.40137E-08
 4.50984E-08
 4.61085E-08
 4.70118E-08
 4.77776E-08
 4.83788E-08
 4.87928E-08
 4.90040E-08
 4.58933E-08
 4.57191E-08
 4.53774E-08
 4.48809E-08
 4.42479E-08
 4.35006E-08
 4.26641E-08
 4.17654E-08
 4.08317E-08
 3.98897E-08
 3.89646E-08
 3.80800E-08
 3.72570E-08
 3.65142E-08
 3.58680E-08
 3.53322E-08
 3.49183E-08
 3.46359E-08
 3.44923E-08
 3.44932E-08
 3.46422E-08
 3.49412E-08
 3.53904E-08
 3.59875E-08
 3.67283E-08
 3.76058E-08
 3.86103E-08
 3.97286E-08
 4.09438E-08
 4.22352E-08
 4.35775E-08
 4.49415E-08
 4.62940E-08
 4.75984E-08
 4.88163E-08
 4.99082E-08
 5.08364E-08
 5.15665E-08
 5.20703E-08
 5.23275E-08
 4.29528E-08
 4.28101E-08
 4.25301E-08
 4.21230E-08
 4.16035E-08
 4.09898E-08
 4.03027E-08
 3.95647E-08
 3.87988E-08
 3.80282E-08
 3.72752E-08
 3.65608E-08
 3.59045E-08
 3.53241E-08
 3.48354E-08
 3.44525E-08
 3.41876E-08
 3.40511E-08
 3.40519E-08
 3.41971E-08
 3.44923E-08
 3.49414E-08
 3.55465E-08
 3.63075E-08
 3.72221E-08
 3.82851E-08
 3.94881E-08
 4.08188E-08
 4.22605E-08
 4.37915E-08
 4.53849E-08
 4.70078E-08
 4.86222E-08
 5.01851E-08
 5.16500E-08
 5.29684E-08
 5.40932E-08
 5.49806E-08
 5.55944E-08
 5.59082E-08
 4.01549E-08
 4.00385E-08
 3.98098E-08
 3.94774E-08
 3.90532E-08
 3.85524E-08
 3.79922E-08
 3.73917E-08
 3.67707E-08
 3.61492E-08
 3.55471E-08
 3.49834E-08
 3.44762E-08
 3.40422E-08
 3.36971E-08
 3.34549E-08
 3.33284E-08
 3.33291E-08
 3.34670E-08
 3.37510E-08
 3.41886E-08
 3.47857E-08
 3.55467E-08
 3.64740E-08
 3.75675E-08
 3.88244E-08
 4.02381E-08
 4.17979E-08
 4.34878E-08
 4.52857E-08
 4.71627E-08
 4.90827E-08
 5.10020E-08
 5.28699E-08
 5.46300E-08
 5.62224E-08
 5.75873E-08
 5.86685E-08
 5.94185E-08
 5.98027E-08
 3.74735E-08
 3.73789E-08
 3.71933E-08
 3.69235E-08
 3.65797E-08
 3.61743E-08
 3.57221E-08
 3.52392E-08
 3.47429E-08
 3.42508E-08
 3.37805E-08
 3.33495E-08
 3.29745E-08
 3.26716E-08
 3.24558E-08
 3.23416E-08
 3.23421E-08
 3.24697E-08
 3.27360E-08
 3.31514E-08
 3.37253E-08
 3.44661E-08
 3.53807E-08
 3.64742E-08
 3.77495E-08
 3.92068E-08
 4.08421E-08
 4.26470E-08
 4.46071E-08
 4.67006E-08
 4.88976E-08
 5.11584E-08
 5.34333E-08
 5.56625E-08
 5.77777E-08
 5.97041E-08
 6.13650E-08
 6.26875E-08
 6.36085E-08
 6.40814E-08
 3.48867E-08
 3.48104E-08
 3.46609E-08
 3.44438E-08
 3.41676E-08
 3.38430E-08
 3.34825E-08
 3.31002E-08
 3.27110E-08
 3.23305E-08
 3.19747E-08
 3.16596E-08
 3.14008E-08
 3.12137E-08
 3.11131E-08
 3.11135E-08
 3.12286E-08
 3.14718E-08
 3.18559E-08
 3.23931E-08
 3.30951E-08
 3.39727E-08
 3.50357E-08
 3.62925E-08
 3.77498E-08
 3.94111E-08
 4.12765E-08
 4.33409E-08
 4.55928E-08
 4.80122E-08
 5.05687E-08
 5.32200E-08
 5.59102E-08
 5.85693E-08
 6.11142E-08
 6.34511E-08
 6.54813E-08
 6.71082E-08
 6.82466E-08
 6.88329E-08
 3.23761E-08
 3.23152E-08
 3.21959E-08
 3.20231E-08
 3.18039E-08
 3.15476E-08
 3.12649E-08
 3.09680E-08
 3.06702E-08
 3.03855E-08
 3.01283E-08
 2.99133E-08
 2.97554E-08
 2.96692E-08
 2.96694E-08
 2.97706E-08
 2.99870E-08
 3.03330E-08
 3.08227E-08
 3.14702E-08
 3.22893E-08
 3.32938E-08
 3.44968E-08
 3.59106E-08
 3.75459E-08
 3.94113E-08
 4.15118E-08
 4.38474E-08
 4.64112E-08
 4.91866E-08
 5.21450E-08
 5.52427E-08
 5.84182E-08
 6.15903E-08
 6.46585E-08
 6.75050E-08
 7.00010E-08
 7.20172E-08
 7.34368E-08
 7.41709E-08
 2.99265E-08
 2.98784E-08
 2.97844E-08
 2.96487E-08
 2.94774E-08
 2.92785E-08
 2.90614E-08
 2.88368E-08
 2.86164E-08
 2.84130E-08
 2.82396E-08
 2.81101E-08
 2.80382E-08
 2.80383E-08
 2.81248E-08
 2.83124E-08
 2.86158E-08
 2.90504E-08
 2.96317E-08
 3.03755E-08
 3.12982E-08
 3.24165E-08
 3.37472E-08
 3.53070E-08
 3.71119E-08
 3.91764E-08
 4.15120E-08
 4.41259E-08
 4.70179E-08
 5.01780E-08
 5.35821E-08
 5.71876E-08
 6.09294E-08
 6.47154E-08
 6.84247E-08
 7.19093E-08
 7.50006E-08
 7.75228E-08
 7.93127E-08
 8.02429E-08
 2.75249E-08
 2.74875E-08
 2.74146E-08
 2.73099E-08
 2.71786E-08
 2.70276E-08
 2.68653E-08
 2.67012E-08
 2.65457E-08
 2.64104E-08
 2.63072E-08
 2.62490E-08
 2.62490E-08
 2.63210E-08
 2.64791E-08
 2.67382E-08
 2.71136E-08
 2.76212E-08
 2.82781E-08
 2.91019E-08
 3.01115E-08
 3.13268E-08
 3.27685E-08
 3.44583E-08
 3.64184E-08
 3.86703E-08
 4.12340E-08
 4.41261E-08
 4.73566E-08
 5.09255E-08
 5.48176E-08
 5.89964E-08
 6.33966E-08
 6.79172E-08
 7.24157E-08
 7.67070E-08
 8.05692E-08
 8.37608E-08
 8.60485E-08
 8.72451E-08
 2.51606E-08
 2.51321E-08
 2.50767E-08
 2.49976E-08
 2.48993E-08
 2.47881E-08
 2.46711E-08
 2.45569E-08
 2.44549E-08
 2.43755E-08
 2.43298E-08
 2.43298E-08
 2.43879E-08
 2.45175E-08
 2.47325E-08
 2.50478E-08
 2.54789E-08
 2.60428E-08
 2.67575E-08
 2.76426E-08
 2.87192E-08
 3.00105E-08
 3.15416E-08
 3.33395E-08
 3.54330E-08
 3.78524E-08
 4.06278E-08
 4.37879E-08
 4.73568E-08
 5.13497E-08
 5.57666E-08
 6.05838E-08
 6.57434E-08
 7.11410E-08
 7.66139E-08
 8.19337E-08
 8.68086E-08
 9.09026E-08
 9.38756E-08
 9.54439E-08
 2.28248E-08
 2.28036E-08
 2.27625E-08
 2.27043E-08
 2.26331E-08
 2.25542E-08
 2.24741E-08
 2.24004E-08
 2.23415E-08
 2.23069E-08
 2.23068E-08
 2.23523E-08
 2.24554E-08
 2.26286E-08
 2.28857E-08
 2.32414E-08
 2.37116E-08
 2.43136E-08
 2.50666E-08
 2.59917E-08
 2.71122E-08
 2.84545E-08
 3.00479E-08
 3.19249E-08
 3.41219E-08
 3.66784E-08
 3.96368E-08
 4.30409E-08
 4.69331E-08
 5.13499E-08
 5.63152E-08
 6.18288E-08
 6.78523E-08
 7.42896E-08
 8.09653E-08
 8.76054E-08
 9.38292E-08
 9.91653E-08
 1.03107E-07
 1.05211E-07
 2.05103E-08
 2.04949E-08
 2.04654E-08
 2.04241E-08
 2.03746E-08
 2.03216E-08
 2.02708E-08
 2.02290E-08
 2.02038E-08
 2.02037E-08
 2.02381E-08
 2.03174E-08
 2.04526E-08
 2.06558E-08
 2.09403E-08
 2.13205E-08
 2.18124E-08
 2.24335E-08
 2.32036E-08
 2.41452E-08
 2.52835E-08
 2.66475E-08
 2.82704E-08
 3.01905E-08
 3.24513E-08
 3.51026E-08
 3.82003E-08
 4.18058E-08
 4.59846E-08
 5.08019E-08
 5.63155E-08
 6.25640E-08
 6.95475E-08
 7.71997E-08
 8.53522E-08
 9.36936E-08
 1.01737E-07
 1.08822E-07
 1.14178E-07
 1.17082E-07
 1.82112E-08
 1.82004E-08
 1.81800E-08
 1.81520E-08
 1.81195E-08
 1.80867E-08
 1.80585E-08
 1.80410E-08
 1.80409E-08
 1.80660E-08
 1.81247E-08
 1.82265E-08
 1.83817E-08
 1.86017E-08
 1.88992E-08
 1.92880E-08
 1.97838E-08
 2.04042E-08
 2.11693E-08
 2.21020E-08
 2.32290E-08
 2.45815E-08
 2.61959E-08
 2.81152E-08
 3.03901E-08
 3.30803E-08
 3.62558E-08
 3.99976E-08
 4.43978E-08
 4.95574E-08
 5.55809E-08
 6.25644E-08
 7.05740E-08
 7.96098E-08
 8.95504E-08
 1.00079E-07
 1.10605E-07
 1.20208E-07
 1.27700E-07
 1.31857E-07
 1.59227E-08
 1.59156E-08
 1.59022E-08
 1.58844E-08
 1.58648E-08
 1.58471E-08
 1.58356E-08
 1.58355E-08
 1.58529E-08
 1.58946E-08
 1.59681E-08
 1.60821E-08
 1.62460E-08
 1.64703E-08
 1.67667E-08
 1.71485E-08
 1.76307E-08
 1.82303E-08
 1.89672E-08
 1.98644E-08
 2.09492E-08
 2.22536E-08
 2.38165E-08
 2.56844E-08
 2.79137E-08
 3.05728E-08
 3.37450E-08
 3.75310E-08
 4.20515E-08
 4.74491E-08
 5.38864E-08
 6.15386E-08
 7.05744E-08
 8.11150E-08
 9.31604E-08
 1.06469E-07
 1.20393E-07
 1.33707E-07
 1.44559E-07
 1.50789E-07
 1.36414E-08
 1.36370E-08
 1.36288E-08
 1.36185E-08
 1.36083E-08
 1.36013E-08
 1.36013E-08
 1.36126E-08
 1.36407E-08
 1.36912E-08
 1.37711E-08
 1.38879E-08
 1.40499E-08
 1.42666E-08
 1.45489E-08
 1.49087E-08
 1.53601E-08
 1.59192E-08
 1.66049E-08
 1.74394E-08
 1.84495E-08
 1.96673E-08
 2.11322E-08
 2.28922E-08
 2.50074E-08
 2.75522E-08
 3.06204E-08
 3.43298E-08
 3.88283E-08
 4.43012E-08
 5.09769E-08
 5.91294E-08
 6.90700E-08
 8.11154E-08
 9.55068E-08
 1.12244E-07
 1.30793E-07
 1.49666E-07
 1.66039E-07
 1.75951E-07
 1.13646E-08
 1.13620E-08
 1.13576E-08
 1.13525E-08
 1.13486E-08
 1.13486E-08
 1.13555E-08
 1.13731E-08
 1.14058E-08
 1.14586E-08
 1.15373E-08
 1.16483E-08
 1.17990E-08
 1.19975E-08
 1.22534E-08
 1.25773E-08
 1.29818E-08
 1.34815E-08
 1.40936E-08
 1.48388E-08
 1.57421E-08
 1.68340E-08
 1.81525E-08
 1.97450E-08
 2.16714E-08
 2.40083E-08
 2.68548E-08
 3.03394E-08
 3.46306E-08
 3.99505E-08
 4.65906E-08
 5.49320E-08
 6.54611E-08
 7.87701E-08
 9.55075E-08
 1.16208E-07
 1.40870E-07
 1.68126E-07
 1.93982E-07
 2.11026E-07
 9.09030E-09
 9.08902E-09
 9.08697E-09
 9.08517E-09
 9.08515E-09
 9.08891E-09
 9.09900E-09
 9.11844E-09
 9.15079E-09
 9.20014E-09
 9.27116E-09
 9.36917E-09
 9.50019E-09
 9.67111E-09
 9.88979E-09
 1.01653E-08
 1.05084E-08
 1.09314E-08
 1.14493E-08
 1.20801E-08
 1.28460E-08
 1.37742E-08
 1.48989E-08
 1.62638E-08
 1.79247E-08
 1.99549E-08
 2.24510E-08
 2.55423E-08
 2.94045E-08
 3.42795E-08
 4.05032E-08
 4.85470E-08
 5.90722E-08
 7.29964E-08
 9.15456E-08
 1.16208E-07
 1.48355E-07
 1.87986E-07
 2.30737E-07
 2.63145E-07
 6.81728E-09
 6.81676E-09
 6.81612E-09
 6.81610E-09
 6.81786E-09
 6.82290E-09
 6.83315E-09
 6.85087E-09
 6.87878E-09
 6.91997E-09
 6.97802E-09
 7.05698E-09
 7.16151E-09
 7.29692E-09
 7.46934E-09
 7.68588E-09
 7.95489E-09
 8.28630E-09
 8.69199E-09
 9.18648E-09
 9.78762E-09
 1.05178E-08
 1.14052E-08
 1.24864E-08
 1.38089E-08
 1.54358E-08
 1.74519E-08
 1.99742E-08
 2.31657E-08
 2.72596E-08
 3.25958E-08
 3.96807E-08
 4.92845E-08
 6.25977E-08
 8.14704E-08
 1.08726E-07
 1.48357E-07
 2.04726E-07
 2.77835E-07
 3.47675E-07
 4.54476E-09
 4.54463E-09
 4.54463E-09
 4.54525E-09
 4.54727E-09
 4.55169E-09
 4.55980E-09
 4.57313E-09
 4.59348E-09
 4.62295E-09
 4.66395E-09
 4.71923E-09
 4.79194E-09
 4.88572E-09
 5.00476E-09
 5.15395E-09
 5.33905E-09
 5.56694E-09
 5.84592E-09
 6.18615E-09
 6.60023E-09
 7.10402E-09
 7.71779E-09
 8.46781E-09
 9.38876E-09
 1.05272E-08
 1.19469E-08
 1.37368E-08
 1.60246E-08
 1.89976E-08
 2.29397E-08
 2.82955E-08
 3.57875E-08
 4.66396E-08
 6.30127E-08
 8.88686E-08
 1.31620E-07
 2.04729E-07
 3.28205E-07
 5.02050E-07
 2.27238E-09
 2.27238E-09
 2.27250E-09
 2.27301E-09
 2.27427E-09
 2.27680E-09
 2.28124E-09
 2.28836E-09
 2.29906E-09
 2.31440E-09
 2.33560E-09
 2.36403E-09
 2.40131E-09
 2.44927E-09
 2.51003E-09
 2.58610E-09
 2.68041E-09
 2.79648E-09
 2.93859E-09
 3.11197E-09
 3.32313E-09
 3.58031E-09
 3.89409E-09
 4.27825E-09
 4.75112E-09
 5.33745E-09
 6.07148E-09
 7.00161E-09
 8.19816E-09
 9.76645E-09
 1.18701E-08
 1.47740E-08
 1.89305E-08
 2.51607E-08
 3.50725E-08
 5.21166E-08
 8.45254E-08
 1.54366E-07
 3.28212E-07
 8.30284E-07
 0.00000E+00
 0.00000E+00
 0.00000E+00
 0.00000E+00
 0.00000E+00
 0.00000E+00
 0.00000E+00
 0.00000E+00
 0.00000E+00
 0.00000E+00
 0.00000E+00
 0.00000E+00
 0.00000E+00
 0.00000E+00
 0.00000E+00
 0.00000E+00
 0.00000E+00
 0.00000E+00
 0.00000E+00
 0.00000E+00
 0.00000E+00
 0.00000E+00
 0.00000E+00
 0.00000E+00
 0.00000E+00
 0.00000E+00
 0.00000E+00
 0.00000E+00
 0.00000E+00
 0.00000E+00
 0.00000E+00
 0.00000E+00
 0.00000E+00
 0.00000E+00
 0.00000E+00
 0.00000E+00
 0.00000E+00
 0.00000E+00
 0.00000E+00
 8.30326E-07
