  0.0000000000000000E+00
  2.4372824370211278E-05
  7.7145828085884620E-05
  1.1396026688477742E-04
  1.4020789401542042E-04
  1.5980555759827864E-04
  1.7523965244697171E-04
  1.8809727129221474E-04
  1.9933185854638643E-04
  2.0954350459665450E-04
  2.1912509611002104E-04
  2.2829127718050754E-04
  2.3721907792097780E-04
  2.4598338941609997E-04
  2.5425369925520731E-04
  2.6255844241844615E-04
  2.7106019362463965E-04
  2.7935844506294456E-04
  2.8763857328477089E-04
  2.9590666268802725E-04
  3.0416554929640617E-04
  3.1241722037653408E-04
  3.2066317400456418E-04
  3.2890458047063438E-04
  3.3714238953976033E-04
  3.4537738717155785E-04
  3.5361024447742623E-04
  3.6184154675033983E-04
  3.7007181083193960E-04
  3.7830150249665691E-04
  3.8653104163535317E-04
  3.9476081389668043E-04
  4.0299117278947230E-04
  4.1122244356567696E-04
  4.1945493015497820E-04
  4.2768891465148196E-04
  4.3592465427632043E-04
  4.4416239879094613E-04
  4.5240236979233041E-04
  4.6064478318577791E-04
  4.6888983563322684E-04
  4.7713771045615336E-04
  4.8538858220233502E-04
  4.9364260722062413E-04
  5.0189993646695399E-04
  5.1016070593678565E-04
  5.1842504033837076E-04
  5.2669305302932080E-04
  5.3496484723783086E-04
  5.4324047990973907E-04
  5.5152053650990714E-04
  5.5980394912419872E-04
  5.6809174493451756E-04
  5.7638371628498139E-04
  5.8467988565760569E-04
  5.9298027776737660E-04
  6.0128491090170768E-04
  6.0959378921663385E-04
  6.1790690127165582E-04
  6.2622422578229313E-04
  6.3454572008659260E-04
  6.4287131496011901E-04
  6.5120090054722240E-04
  6.5953426733982587E-04
  6.6787092566272604E-04
  6.7620950938393389E-04
  6.8448805011838202E-04
  6.9638998085401330E-04
  7.0431124918687654E-04
  7.1158693904603868E-04
  7.2065784009893387E-04
  7.2850748410175042E-04
  7.3783356728181182E-04
  7.4576669817422810E-04
  7.5507113614287384E-04
  7.6296837484961689E-04
  7.7219538467658045E-04
  7.8005000802040824E-04
  7.8920596105616744E-04
  7.9703607493991256E-04
  8.0613816665142202E-04
  8.1396131755086980E-04
  8.2302387874862507E-04
  8.3085208526814788E-04
  8.3988467139955514E-04
  8.4772508320573692E-04
  8.5673352176668014E-04
  8.6459001714716329E-04
  8.7357773457608524E-04
  8.8145222335065483E-04
  8.9042123325837861E-04
  8.9831451236277926E-04
  9.0726602876913399E-04
  9.1517828926055951E-04
  9.2411309501063104E-04
  9.3204420674151273E-04
  9.4096285080618879E-04
  9.4891251792907658E-04
  9.5781542415830688E-04
  9.6578326936148093E-04
  9.7467079616465316E-04
  9.8265640276594813E-04
  9.9152887150933647E-04
  9.9953180475804548E-04
  1.0083895159735223E-03
  1.0164093370737110E-03
  1.0252525255193829E-03
  1.0333297472181445E-03
  1.0421875836185764E-03
  1.0502807925959114E-03
  1.0591304323498683E-03
  1.0672491514605448E-03
  1.0760926032338557E-03
  1.0842251412343010E-03
  1.0930609787384851E-03
  1.1012097053946003E-03
  1.1100284433536339E-03
  1.1181865525573826E-03
  1.1269803302701735E-03
  1.1351488537933243E-03
  1.1435690786738895E-03
  1.1514832772470756E-03
  1.1599611188956142E-03
  1.1680288476166984E-03
  1.1765452170483691E-03
  1.1844886324556103E-03
  1.1930055201535515E-03
  1.2009669266598493E-03
  1.2094744576890046E-03
  1.2174462708071777E-03
  1.2259403690112311E-03
  1.2339199710892216E-03
  1.2423997031383760E-03
  1.2503864129011081E-03
  1.2588520227459243E-03
  1.2668458614461635E-03
  1.2752980066095363E-03
  1.2832992275901803E-03
  1.2917386842568510E-03
  1.2997475942843134E-03
  1.3080581172325344E-03
  1.3162434336583455E-03
  1.3245328525433983E-03
  1.3327081024221423E-03
  1.3409866737425699E-03
  1.3491590716786521E-03
  1.3574316018091310E-03
  1.3656042173004806E-03
  1.3738728666797277E-03
  1.3820470955085249E-03
  1.3903129680107819E-03
  1.3984895379744755E-03
  1.4067533072867121E-03
  1.4149326669412327E-03
  1.4231948256341140E-03
  1.4313772951096339E-03
  1.4396382536010269E-03
  1.4478240966292577E-03
  1.4560842156633213E-03
  1.4642736598367387E-03
  1.4725332722731045E-03
  1.4807265189505983E-03
  1.4889859408158709E-03
  1.4971831695244728E-03
  1.5054426950505953E-03
  1.5136440724504462E-03
  1.5219039809962044E-03
  1.5301096566013798E-03
  1.5383702134726845E-03
  1.5465803202177569E-03
  1.5548417788551956E-03
  1.5630564399721034E-03
  1.5713190399744305E-03
  1.5795383630637307E-03
  1.5878023310009069E-03
  1.5960264166739160E-03
  1.6042919690839800E-03
  1.6125209004214530E-03
  1.6207882446629099E-03
  1.6290220966978248E-03
  1.6372914269416152E-03
  1.6455302640810564E-03
  1.6538017659532792E-03
  1.6620456415865029E-03
  1.6703194872574861E-03
  1.6785684445963674E-03
  1.6868447997197900E-03
  1.6950988712440070E-03
  1.7033778846732156E-03
  1.7116370935351055E-03
  1.7199188936935087E-03
  1.7281832359286973E-03
  1.7364689270689630E-03
  1.7447375157206525E-03
  1.7530254732157735E-03
  1.7613001325938601E-03
  1.7695912268933715E-03
  1.7778709785076685E-03
  1.7861653196516373E-03
  1.7944501325416540E-03
  1.8027478159687198E-03
  1.8110376415490430E-03
  1.8193387468918368E-03
  1.8276335190805563E-03
  1.8359380981831091E-03
  1.8442377305040074E-03
  1.8525458165985431E-03
  1.8608502002141784E-03
  1.8691618015315209E-03
  1.8774708026506241E-03
  1.8857858960683895E-03
  1.8940993478332860E-03
  1.9024178804138627E-03
  1.9107355752794770E-03
  1.9190574430258754E-03
  1.9273791216123022E-03
  1.9357041544610883E-03
  1.9440294751348014E-03
  1.9523574017330722E-03
  1.9606858841671568E-03
  1.9690162292426232E-03
  1.9773471024162044E-03
  1.9856789198634088E-03
  1.9940106017405632E-03
  2.0023414663039151E-03
  2.0106048291231135E-03
  2.0223646716896388E-03
  2.0299098508580089E-03
  2.0368609520233314E-03
  2.0455107929366143E-03
  2.0531267057732564E-03
  2.0621800530371236E-03
  2.0700129535286848E-03
  2.0791849340272856E-03
  2.0870714150618350E-03
  2.0962579563731589E-03
  2.1041442831344261E-03
  2.1133107062114615E-03
  2.1211836798147128E-03
  2.1303211452670815E-03
  2.1381814773695743E-03
  2.1472901527554212E-03
  2.1551424661642718E-03
  2.1642251611090589E-03
  2.1720744400993090E-03
  2.1811343160548723E-03
  2.1889848069553165E-03
  2.1980246459531159E-03
  2.2058796497858402E-03
  2.2149016979892428E-03
  2.2227636657021154E-03
  2.2317696706861978E-03
  2.2396403688854441E-03
  2.2486316728365912E-03
  2.2565123372951983E-03
  2.2654899672954706E-03
  2.2733814444543319E-03
  2.2823461890667152E-03
  2.2902490341099200E-03
  2.2992015062744458E-03
  2.3071160617568216E-03
  2.3160567443195929E-03
  2.3239831994414403E-03
  2.3329124811305967E-03
  2.3408509153771302E-03
  2.3497691123169659E-03
  2.3577195237514171E-03
  2.3666269025765449E-03
  2.3745892314925012E-03
  2.3834860210387421E-03
  2.3914601672555846E-03
  2.4003465507379143E-03
  2.4083429557426568E-03
  2.4172295451892071E-03
  2.4252405628050894E-03
  2.4341206763730436E-03
  2.4421472154045796E-03
  2.4510177836586555E-03
  2.4590576667501149E-03
  2.4679185288134600E-03
  2.4759709605794130E-03
  2.4848245113187795E-03
  2.4928855993124055E-03
  2.5017313789733385E-03
  2.5098021199589254E-03
  2.5186388672956191E-03
  2.5267188348539111E-03
  2.5355670808650398E-03
  2.5436735336394553E-03
  2.5525091230072872E-03
  2.5604859583347674E-03
  2.5692323557238760E-03
  2.5772418267163669E-03
  2.5859374056117395E-03
  2.5940299792118595E-03
  2.6027387167047210E-03
  2.6107952001124747E-03
  2.6195046808959515E-03
  2.6275771565550722E-03
  2.6362853379352995E-03
  2.6443642357055291E-03
  2.6530668392589201E-03
  2.6611523630676718E-03
  2.6698452496092540E-03
  2.6779403946397642E-03
  2.6866174424849758E-03
  2.6947220790029505E-03
  2.7033878519468952E-03
  2.7114991479174873E-03
  2.7199312826278257E-03
  2.7278899734745113E-03
  2.7363735030537738E-03
  2.7442678158013231E-03
  2.7526885620393921E-03
  2.7607107847590824E-03
  2.7691755196770679E-03
  2.7771342031231968E-03
  2.7856106449002786E-03
  2.7935882690579730E-03
  2.8020638654196136E-03
  2.8100515147987588E-03
  2.8185209465987314E-03
  2.8265152409477053E-03
  2.8349766959481718E-03
  2.8429764421716015E-03
  2.8514294674577782E-03
  2.8594343145979294E-03
  2.8678789759349677E-03
  2.8758888894132961E-03
  2.8843254446863855E-03
  2.8923405039744010E-03
  2.9007692743487582E-03
  2.9087895920448712E-03
  2.9172109135408601E-03
  2.9252366063560529E-03
  2.9336508137861256E-03
  2.9416819928127372E-03
  2.9500894095014717E-03
  2.9581261753226277E-03
  2.9665271156725072E-03
  2.9745695574380769E-03
  2.9829643223229872E-03
  2.9910125206798941E-03
  2.9994014020201069E-03
  3.0074554267282218E-03
  3.0158387051853830E-03
  3.0238986158397244E-03
  3.0322765646948915E-03
  3.0403424121020974E-03
  3.0487152934695169E-03
  3.0567871234628437E-03
  3.0651551912558917E-03
  3.0732330388753182E-03
  3.0815965420334024E-03
  3.0896804362529249E-03
  3.0980396145805552E-03
  3.1061295783980473E-03
  3.1144846651613555E-03
  3.1225807150554977E-03
  3.1309319366903412E-03
  3.1390340845822515E-03
  3.1473816616366577E-03
  3.1554899125991690E-03
  3.1638340593715493E-03
  3.1719484148357516E-03
  3.1802893413549354E-03
  3.1884097956142833E-03
  3.1967477060328205E-03
  3.2048742490027294E-03
  3.2132093420399219E-03
  3.2213419622045200E-03
  3.2296744303735147E-03
  3.2378131095154748E-03
  3.2461431414611687E-03
  3.2542878576558368E-03
  3.2626156378510380E-03
  3.2707663665277123E-03
  3.2790920693154218E-03
  3.2872487866649511E-03
  3.2955725777221449E-03
  3.3037352676877369E-03
  3.3120572699887178E-03
  3.3202260215837885E-03
  3.3285045808542804E-03
  3.3367391969619411E-03
  3.3450129907511093E-03
  3.3532469657597398E-03
  3.3615193788783348E-03
  3.3697549704489664E-03
  3.3780276727626941E-03
  3.3862658687588603E-03
  3.3945395543615270E-03
  3.4027807533109082E-03
  3.4110557370648654E-03
  3.4193000995150274E-03
  3.4275765447244998E-03
  3.4358241365335853E-03
  3.4441021443635312E-03
  3.4523529888487174E-03
  3.4606326329511415E-03
  3.4688867356539388E-03
  3.4771680728202161E-03
  3.4854254286697485E-03
  3.4937085079267574E-03
  3.5019690998955972E-03
  3.5102539622523911E-03
  3.5185177676277084E-03
  3.5268044436923890E-03
  3.5350714288964230E-03
  3.5433599391046055E-03
  3.5516300602563338E-03
  3.5599204157936225E-03
  3.5681936145020212E-03
  3.5764858079539597E-03
  3.5847620123044955E-03
  3.5930560181219153E-03
  3.6013351293946220E-03
  3.6096308919505975E-03
  3.6179127760681833E-03
  3.6262101916069156E-03
  3.6344946482394658E-03
  3.6427935215279533E-03
  3.6510802185311863E-03
  3.6593801402406393E-03
  3.6676683989594894E-03
  3.6759599094838440E-03
  3.6841915912370392E-03
  3.6940476232788220E-03
  3.7018885256858152E-03
  3.7096540500118750E-03
  3.7180602243943334E-03
  3.7260628265480961E-03
  3.7346150667180774E-03
  3.7427010655050690E-03
  3.7513038116742921E-03
  3.7594162370661404E-03
  3.7680332881098464E-03
  3.7761517860595349E-03
  3.7847699106745882E-03
  3.7928880530402644E-03
  3.8015028419568012E-03
  3.8096193408512827E-03
  3.8182296935366871E-03
  3.8263450201118580E-03
  3.8349510105084644E-03
  3.8430661148686133E-03
  3.8516681733763002E-03
  3.8597840272921458E-03
  3.8683826378488359E-03
  3.8765000858754033E-03
  3.8850956877167333E-03
  3.8932154174307898E-03
  3.9018083740364356E-03
  3.9099309271007163E-03
  3.9185215285747772E-03
  3.9266473202452514E-03
  3.9352357920592138E-03
  3.9433651335435702E-03
  3.9519516446177580E-03
  3.9600847631525576E-03
  3.9686694360286188E-03
  3.9768064918337068E-03
  3.9853894082488165E-03
  3.9935305037990584E-03
  4.0021117147926253E-03
  4.0102569029768853E-03
  4.0188364252077011E-03
  4.0269857212043439E-03
  4.0355635438783467E-03
  4.0437169206585634E-03
  4.0522930029256660E-03
  4.0604503970829604E-03
  4.0690246626022353E-03
  4.0771859667298634E-03
  4.0857582966264648E-03
  4.0939233447864869E-03
  4.1024935548434789E-03
  4.1106620949627731E-03
  4.1192298891570989E-03
  4.1274015102856906E-03
  4.1359663692870606E-03
  4.1441403130800889E-03
  4.1526814406663394E-03
  4.1628958891842694E-03
  4.1708589497232475E-03
  4.1781345827440492E-03
  4.1867176520618441E-03
  4.1943945575091107E-03
  4.2032288826291762E-03
  4.2110604164307995E-03
  4.2199883199082735E-03
  4.2278785712826098E-03
  4.2368381034062919E-03
  4.2447506887579268E-03
  4.2537175061928313E-03
  4.2616391925925524E-03
  4.2706037371177787E-03
  4.2785302081585954E-03
  4.2874887494631806E-03
  4.2954190448871122E-03
  4.3043701591295256E-03
  4.3123045121749052E-03
  4.3212476917370863E-03
  4.3291866948055487E-03
  4.3381217568229536E-03
  4.3460842446406238E-03
  4.3550249845335327E-03
  4.3629944708496373E-03
  4.3719330369257799E-03
  4.3799142374126568E-03
  4.3888489329977597E-03
  4.3968347482723612E-03
  4.4057631144479130E-03
  4.4137624418251181E-03
  4.4226761725069657E-03
  4.4306842279077385E-03
  4.4395991812597770E-03
  4.4476112876163671E-03
  4.4565124542517371E-03
  4.4645384540710096E-03
  4.4734373316919441E-03
  4.4814599630121537E-03
  4.4903541827666120E-03
  4.4983912236313565E-03
  4.5072729743443436E-03
  4.5153155981263755E-03
  4.5241940015640905E-03
  4.5322415813834659E-03
  4.5411130956938611E-03
  4.5489561041722401E-03
  4.5576984060972572E-03
  4.5655912062365295E-03
  4.5742666365561520E-03
  4.5821166271212401E-03
  4.5907469044011205E-03
  4.5987244362883468E-03
  4.6074013109755627E-03
  4.6153246822239749E-03
  4.6240150582023097E-03
  4.6319583505898291E-03
  4.6406492794390172E-03
  4.6486033118189919E-03
  4.6572891761594883E-03
  4.6652504047399700E-03
  4.6739291646330037E-03
  4.6818962749490571E-03
  4.6905672825814163E-03
  4.6985398256284032E-03
  4.7072029702121725E-03
  4.7151808232174346E-03
  4.7238361976219487E-03
  4.7318193610412420E-03
  4.7404671313471588E-03
  4.7484556451165135E-03
  4.7570959994744054E-03
  4.7650899143550397E-03
  4.7737230455229644E-03
  4.7817224110936361E-03
  4.7903485092734618E-03
  4.7983533685412704E-03
  4.8069726160742442E-03
  4.8149830083577556E-03
  4.8235955841303448E-03
  4.8316115392978394E-03
  4.8402176149942716E-03
  4.8482391597278489E-03
  4.8568388594391072E-03
  4.8648804527236487E-03
  4.8734844790956295E-03
  4.8815318878161346E-03
  4.8901342689862994E-03
  4.8981911404044932E-03
  4.9067905024223245E-03
  4.9148555231378777E-03
  4.9234448698463685E-03
  4.9315156707997240E-03
  4.9401050666323916E-03
  4.9481823409563133E-03
  4.9567676836957293E-03
  4.9648473285633524E-03
  4.9734277831582239E-03
  4.9815179215454202E-03
  4.9900896012597768E-03
  4.9981859430831971E-03
  5.0067525772698957E-03
  5.0148551138220121E-03
  5.0234187087508323E-03
  5.0315234332399357E-03
  5.0400824549958019E-03
  5.0481942754997044E-03
  5.0567450783199153E-03
  5.0648571348749947E-03
  5.0734078856890753E-03
  5.0815284925274989E-03
  5.0900728772295574E-03
  5.0981949283077357E-03
  5.1067370026779881E-03
  5.1148668095996564E-03
  5.1232524601510310E-03
  5.1312887653338218E-03
  5.1397105379376237E-03
  5.1477082880081590E-03
  5.1560931923227520E-03
  5.1640693063332143E-03
  5.1724296804478796E-03
  5.1803919643211051E-03
  5.1888416669436284E-03
  5.1968624410161585E-03
  5.2052623427273860E-03
  5.2133063201229906E-03
  5.2217143812880104E-03
  5.2297703087029425E-03
  5.2381787377239154E-03
  5.2462416466454833E-03
  5.2546474789049872E-03
  5.2627154606455550E-03
  5.2711176475311585E-03
  5.2791899903134598E-03
  5.2875882268206944E-03
  5.2956646833973746E-03
  5.3040589528435666E-03
  5.3121394515502898E-03
  5.3205298505238441E-03
  5.3286143888220403E-03
  5.3370010471488743E-03
  5.3450896448950670E-03
  5.3534727099625885E-03
  5.3615653934986247E-03
  5.3699450129712596E-03
  5.3780418077644760E-03
  5.3864036735799944E-03
  5.3945253809612138E-03
  5.4028829017187686E-03
  5.4110065079812321E-03
  5.4193609488996158E-03
  5.4274873338806939E-03
  5.4358393426182632E-03
  5.4439688742721846E-03
  5.4523187723265771E-03
  5.4604516122596395E-03
  5.4687995899259110E-03
  5.4769358192494092E-03
  5.4852820138538740E-03
  5.4934216784333668E-03
  5.5017662034129262E-03
  5.5099093364743713E-03
  5.5182522937463332E-03
  5.5263989220178372E-03
  5.5347404043749882E-03
  5.5428905548679363E-03
  5.5512306428373882E-03
  5.5593843515813852E-03
  5.5677231003601483E-03
  5.5758804449980021E-03
  5.5842177841312172E-03
  5.5923793572842202E-03
  5.6007163444369897E-03
  5.6088791190569481E-03
  5.6172154934558656E-03
  5.6253829157175425E-03
  5.6337180096777979E-03
  5.6418890500378920E-03
  5.6502231855907956E-03
  5.6583977924505773E-03
  5.6667311105837656E-03
  5.6749092687421602E-03
  5.6832418696525014E-03
  5.6914235646772287E-03
  5.6997555321899969E-03
  5.7079407517302205E-03
  5.7162721608298422E-03
  5.7244608901061787E-03
  5.7327918087238224E-03
  5.7409840312940049E-03
  5.7493145255325282E-03
  5.7575102204309881E-03
  5.7658403533125879E-03
  5.7740394986260258E-03
  5.7823693266399996E-03
  5.7905718973595768E-03
  5.7989014753070866E-03
  5.8071074433315561E-03
  5.8154368214920257E-03
  5.8236461528802744E-03
  5.8319753772547375E-03
  5.8401880355662380E-03
  5.8485171484256911E-03
  5.8567330936143899E-03
  5.8650621291307607E-03
  5.8732813142245970E-03
  5.8816103041348065E-03
  5.8898326776260857E-03
  5.8981616462729577E-03
  5.9063871474867840E-03
  5.9147161108581998E-03
  5.9229446724812602E-03
  5.9312736376878382E-03
  5.9395051841233332E-03
  5.9478341469563767E-03
  5.9560685882071368E-03
  5.9643975316578165E-03
  5.9726347624435685E-03
  5.9809636497520522E-03
  5.9892035454645852E-03
  5.9975323173034733E-03
  6.0057747225064255E-03
  6.0141032789492108E-03
  6.0223479925769589E-03
  6.0306761769012571E-03
  6.0389229189979111E-03
  6.0472504629154270E-03
  6.0554987983865065E-03
  6.0638252093629889E-03
  6.0720615521978154E-03
  6.0803410419829089E-03
  6.0905659625491654E-03
  6.0983778434651288E-03
  6.1057579888405249E-03
  6.1141382703850033E-03
  6.1218864645577716E-03
  6.1305007219034022E-03
  6.1383900984632806E-03
  6.1470934807996928E-03
  6.1550356487734010E-03
  6.1637712577022998E-03
  6.1717325819328553E-03
  6.1804780524678986E-03
  6.1884462097556211E-03
  6.1971927426773873E-03
  6.2051636391779992E-03
  6.2139077777527852E-03
  6.2218804359387096E-03
  6.2306208369674052E-03
  6.2385954028842316E-03
  6.2473315633934578E-03
  6.2553085413009800E-03
  6.2640402940058884E-03
  6.2720202528979236E-03
  6.2807475678290196E-03
  6.2887310388355967E-03
  6.2974539406183980E-03
  6.3054413847520004E-03
  6.3141599206629926E-03
  6.3221517261239594E-03
  6.3308659502058834E-03
  6.3388624371527738E-03
  6.3475724079311490E-03
  6.3555738348137570E-03
  6.3642796100145714E-03
  6.3722861864537400E-03
  6.3809764124941534E-03
  6.3890047070821769E-03
  6.3976898371295235E-03
  6.4057219067503689E-03
  6.4144028660479057E-03
  6.4224394797688438E-03
  6.4311167189243816E-03
  6.4391582274296536E-03
  6.4478319409140561E-03
  6.4558785190427480E-03
  6.4645487919025120E-03
  6.4726005472923774E-03
  6.4812674060533773E-03
  6.4893244364701919E-03
  6.4979878468825825E-03
  6.5060503067693627E-03
  6.5147100634897160E-03
  6.5227785014819939E-03
  6.5314327706982476E-03
  6.5395015249941476E-03
  6.5481635655061420E-03
  6.5562374916924172E-03
  6.5648898493410376E-03
  6.5729706927783937E-03
  6.5816197037392521E-03
  6.5897061947014501E-03
  6.5983520707870516E-03
  6.6064438724704466E-03
  6.6150866834120787E-03
  6.6231836471798474E-03
  6.6318234449734594E-03
  6.6399254845870516E-03
  6.6485623175839151E-03
  6.6566693692683915E-03
  6.6653032606455104E-03
  6.6734229717142829E-03
  6.6820598968950840E-03
  6.6901849918740586E-03
  6.6988214961469644E-03
  6.7069536681213333E-03
  6.7155890293376886E-03
  6.7237274924866388E-03
  6.7323588677090781E-03
  6.7405023203198425E-03
  6.7491333172900753E-03
  6.7572822502618207E-03
  6.7659088432329480E-03
  6.7740626912987613E-03
  6.7826891513239609E-03
  6.7908463203067539E-03
  6.7994705854290223E-03
  6.8076330071409705E-03
  6.8162529805156349E-03
  6.8244195173449871E-03
  6.8330373357408086E-03
  6.8412095915079685E-03
  6.8498244647889357E-03
  6.8579966549422756E-03
  6.8666078971134550E-03
  6.8747868401607907E-03
  6.8833973475719056E-03
  6.8915780739283060E-03
  6.9001852634704092E-03
  6.9082823448050742E-03
  6.9168364843026587E-03
  6.9249681284586709E-03
  6.9335039703421562E-03
  6.9416193518940950E-03
  6.9501412351470442E-03
  6.9582502521950288E-03
  6.9668224033351553E-03
  6.9749662214173749E-03
  6.9835108596767014E-03
  6.9916692781026224E-03
  7.0002150096899751E-03
  7.0083802020913574E-03
  7.0169284569167973E-03
  7.0250989234236323E-03
  7.0336458674401707E-03
  7.0418209534228726E-03
  7.0503628204761238E-03
  7.0585407853850741E-03
  7.0670826898500761E-03
  7.0752592692826530E-03
  7.0837982233902339E-03
  7.0919822534092868E-03
  7.1005148959624670E-03
  7.1087021411661896E-03
  7.1172320832160012E-03
  7.1254224478127784E-03
  7.1339508049010564E-03
  7.1421411812987480E-03
  7.1506663997355302E-03
  7.1588599586610421E-03
  7.1673834395497762E-03
  7.1755781154961770E-03
  7.1840968218258557E-03
  7.1922863106780649E-03
  7.2008115003577662E-03
  7.2104116886468990E-03
  7.2184756143725201E-03
  7.2260230884314096E-03
  7.3474026634505994E-03
  7.2403834707056589E-03
  7.2683679349401066E-03
  7.2755644921561708E-03
  7.2836320572257319E-03
  7.2913876870685530E-03
  7.2997515715632240E-03
  7.3076960069029476E-03
  7.3161781177996507E-03
  7.3241984887730390E-03
  7.3327275777873915E-03
  7.3407797265710234E-03
  7.3493276614845756E-03
  7.3573943427435833E-03
  7.3659498854630598E-03
  7.3740243661558598E-03
  7.3825829098430355E-03
  7.3906625598173601E-03
  7.3992221119481647E-03
  7.4073058902726805E-03
  7.4158654976286863E-03
  7.4239529733504594E-03
  7.4325120962560141E-03
  7.4406030574454690E-03
  7.4491613224856859E-03
  7.4572556178368497E-03
  7.4658127047883679E-03
  7.4739101677730501E-03
  7.4824657471213871E-03
  7.4905661401752921E-03
  7.4991130853249563E-03
  7.5071901532551347E-03
  7.5172153461428998E-03
  7.5251474392598215E-03
  7.5327273741612761E-03
  7.5410958447964188E-03
  7.5489527985049655E-03
  7.5575053152042463E-03
  7.5654667344253199E-03
  7.5740931272832521E-03
  7.5820916346929709E-03
  7.5907484934359558E-03
  7.5987583380970536E-03
  7.6074284334908702E-03
  7.6154400876813060E-03
  7.6241164681465244E-03
  7.6321266918785453E-03
  7.6408064590376412E-03
  7.6488144235479392E-03
  7.6574962921403967E-03
  7.6655020639298339E-03
  7.6741854000402648E-03
  7.6821893527147999E-03
  7.6908737988741075E-03
  7.6988763887993906E-03
  7.7075617092978227E-03
  7.7155633867453301E-03
  7.7242494083673346E-03
  7.7322505917336044E-03
  7.7409371756986733E-03
  7.7489382405847721E-03
  7.7576252711754647E-03
  7.7656265514731322E-03
  7.7743139309575391E-03
  7.7823157210001282E-03
  7.7910033640104905E-03
  7.7990059224128314E-03
  7.8076937537317542E-03
  7.8156973088447414E-03
  7.8243852638680000E-03
  7.8323900129620306E-03
  7.8410780344812560E-03
  7.8490841518400103E-03
  7.8577721900199831E-03
  7.8657798278159181E-03
  7.8744678383858360E-03
  7.8824771282081842E-03
  7.8911650712243809E-03
  7.8991761299002181E-03
  7.9078639702224798E-03
  7.9158768972517266E-03
  7.9245646040891019E-03
  7.9325794879489559E-03
  7.9412670327557965E-03
  7.9492839501507321E-03
  7.9579713075125600E-03
  7.9659903236098464E-03
  7.9746774715289837E-03
  7.9826986448697981E-03
  7.9913855619217905E-03
  7.9994089425071725E-03
  8.0080956090187363E-03
  8.0161212408211314E-03
  8.0248076389989823E-03
  8.0328355604197699E-03
  8.0415216737458762E-03
  8.0495519178661427E-03
  8.0582377303688724E-03
  8.0662703268354827E-03
  8.0749558220661079E-03
  8.0829907989072840E-03
  8.0916759599100330E-03
  8.0997133414748637E-03
  8.1083981512665489E-03
  8.1164379633033041E-03
  8.1251223987018322E-03
  8.1331646265162885E-03
  8.1418596669499861E-03
  8.1499121297447553E-03
  8.1586063349417624E-03
  8.1666645472287993E-03
  8.1753607331199914E-03
  8.1834239370231106E-03
  8.1921158980602787E-03
  8.2001868789993576E-03
  8.2088864356515568E-03
  8.2169544216012125E-03
  8.2256506481715834E-03
  8.2337213519496077E-03
  8.2424196959038284E-03
  8.2504935321735928E-03
  8.2591922719988733E-03
  8.2672694981555488E-03
  8.2759652313220498E-03
  8.2840447472034215E-03
  8.2927429236218150E-03
  8.3008254365685707E-03
  8.3095207545233474E-03
  8.3176058197013715E-03
  8.3263037898642367E-03
  8.3343892148958539E-03
  8.3430869875371488E-03
  8.3511750005953005E-03
  8.3598667722722207E-03
  8.3679604681291420E-03
  8.3766544632939925E-03
  8.3847472619797327E-03
  8.3934412379517258E-03
  8.4015377183620354E-03
  8.4102285158093471E-03
  8.4183289800878851E-03
  8.4270172812852002E-03
  8.4351196810288145E-03
  8.4438123441564709E-03
  8.4519140792726401E-03
  8.4606017972265139E-03
  8.4687075099129407E-03
  8.4774006096010150E-03
  8.4853950653992778E-03
  8.4940136373316145E-03
  8.5020423973183826E-03
  8.5106295195273921E-03
  8.5186381428205716E-03
  8.5272065611820356E-03
  8.5352042326867009E-03
  8.5437598997974741E-03
  8.5517504340040119E-03
  8.5602958837039927E-03
  8.5682807087282143E-03
  8.5769024246364466E-03
  8.5849262304169231E-03
  8.5935168995378928E-03
  8.6015578596525429E-03
  8.6101571665565674E-03
  8.6182062824585997E-03
  8.6268079155368532E-03
  8.6348612026135203E-03
  8.6434626842781265E-03
  8.6515185827768133E-03
  8.6601189488379159E-03
  8.6681768460106431E-03
  8.6767757212068367E-03
  8.6848353669826371E-03
  8.6934325986870800E-03
  8.7014938786682070E-03
  8.7100893923483143E-03
  8.7181522308490862E-03
  8.7267459681347800E-03
  8.7348102896511962E-03
  8.7434021740173274E-03
  8.7514678685400547E-03
  8.7600577713349472E-03
  8.7681195570576617E-03
  8.7766981908085767E-03
  8.7855834381582090E-03
  8.7939562194546423E-03
  8.8016302267111511E-03
  8.8102381208247545E-03
  8.8180690184609875E-03
  8.8267743532190364E-03
  8.8346673935226459E-03
  8.8434096903687621E-03
  8.8513277964939151E-03
  8.8600832074725109E-03
  8.8680121352668010E-03
  8.8767711906537518E-03
  8.8847055960347438E-03
  8.8934644763602119E-03
  8.9014024688994914E-03
  8.9101595896600490E-03
  8.9181006038598874E-03
  8.9268552726193256E-03
  8.9347992400019612E-03
  8.9435511285844826E-03
  8.9514981520938501E-03
  8.9602470883804203E-03
  8.9681973196936732E-03
  8.9769432016845643E-03
  8.9848967942594022E-03
  8.9936395562740367E-03
  9.0015966511247190E-03
  9.0103362478590084E-03
  9.0182969659338003E-03
  9.0270333669544688E-03
  9.0349978109619863E-03
  9.0437309956421467E-03
  9.0516992517590770E-03
  9.0604292071000889E-03
  9.0684013441884939E-03
  9.0771280645760167E-03
  9.0851041403493538E-03
  9.0938276246416497E-03
  9.1018076842869361E-03
  9.1105279357365527E-03
  9.1185120138391838E-03
  9.1272290400933511E-03
  9.1352171632739544E-03
  9.1439309750531213E-03
  9.1519231620656328E-03
  9.1606337729538048E-03
  9.1686300362295251E-03
  9.1773374613118783E-03
  9.1853378082370710E-03
  9.1940420644267030E-03
  9.2020464972435399E-03
  9.2107476040541782E-03
  9.2187561212873255E-03
  9.2274540979488274E-03
  9.2354666943146070E-03
  9.2441615628939544E-03
  9.2521782306713308E-03
  9.2608700130064458E-03
  9.2688907421435290E-03
  9.2775794614374570E-03
  9.2856042386744407E-03
  9.2942899188030916E-03
  9.3023187306930152E-03
  9.3110013942088819E-03
  9.3190342247086548E-03
  9.3277138974768806E-03
  9.3357507289944727E-03
  9.3444274349420622E-03
  9.3524682500181720E-03
  9.3611420142800418E-03
  9.3691867936057192E-03
  9.3778576414283756E-03
  9.3859063649466279E-03
  9.3945743204383609E-03
  9.4026269681663915E-03
  9.4112920562831812E-03
  9.4193486076430515E-03
  9.4280108540249034E-03
  9.4360712862331074E-03
  9.4447307162692472E-03
  9.4527950077662459E-03
  9.4614516454984005E-03
  9.4695197743951704E-03
  9.4781736451042993E-03
  9.4862455885259111E-03
  9.4948967167241844E-03
  9.5029724522195554E-03
  9.5116208623427859E-03
  9.5197003670630231E-03
  9.5283460835196201E-03
  9.5364293345253873E-03
  9.5450723810409071E-03
  9.5531593549713686E-03
  9.5617997558089564E-03
  9.5698904293344076E-03
  9.5785282084083420E-03
  9.5866225578928911E-03
  9.5952577388977965E-03
  9.6033557417989322E-03
  9.6119883478350734E-03
  9.6200899794844034E-03
  9.6287199915298296E-03
  9.6368382711380322E-03
  9.6454753438746047E-03
  9.6535974327511837E-03
  9.6622359238496425E-03
  9.6703650114938408E-03
  9.6790035781883169E-03
  9.6871384325479832E-03
  9.6957762612388514E-03
  9.7039114318878475E-03
  9.7125467250835668E-03
  9.7206894634697255E-03
  9.7293230114400189E-03
  9.7374705495641978E-03
  9.7460984388892374E-03
  9.7542493672998967E-03
  9.7628790896905192E-03
  9.7710288643881940E-03
  9.7796566175670282E-03
  9.7878152401319907E-03
  9.7964381830532143E-03
  9.8045949624703584E-03
  9.8132193637041811E-03
  9.8213825695394070E-03
  9.8300016388208015E-03
  9.8381693322362809E-03
  9.8467821955945650E-03
  9.8549550604387914E-03
  9.8635700786101014E-03
  9.8717427738726875E-03
  9.8803509331054362E-03
  9.8885291437124049E-03
  9.8971383171391810E-03
  9.9053184621460330E-03
  9.9139242256052161E-03
  9.9219579008998342E-03
  9.9304815392723088E-03
  9.9385499857013639E-03
  9.9470329851707624E-03
  9.9550734480367865E-03
  9.9635314209691461E-03
  9.9715632323208927E-03
  9.9800100974003405E-03
  9.9881343753552548E-03
  9.9966231421096206E-03
  1.0004715268572176E-02
  1.0013219823033034E-02
  1.0021326885241603E-02
  1.0029836745801686E-02
  1.0037951194548301E-02
  1.0046461616263117E-02
  1.0054580439794432E-02
  1.0063089581270076E-02
  1.0071208443953749E-02
  1.0079714425680574E-02
  1.0087837609626372E-02
  1.0096341116510432E-02
  1.0104466964204464E-02
  1.0112968363489532E-02
  1.0121092221887961E-02
  1.0129590479141342E-02
  1.0137720037352851E-02
  1.0146215703961644E-02
  1.0154348187160734E-02
  1.0162838845552014E-02
  1.0170973282493806E-02
  1.0179464356638511E-02
  1.0187597824824857E-02
  1.0196086508543496E-02
  1.0204225691843840E-02
  1.0212710047379829E-02
  1.0220845960804758E-02
  1.0229330855001519E-02
  1.0237471331119945E-02
  1.0245948864531434E-02
  1.0254095438154675E-02
  1.0262573556432944E-02
  1.0270717073672797E-02
  1.0279193587170206E-02
  1.0287339767609939E-02
  1.0295810820717415E-02
  1.0303961762188387E-02
  1.0312430206908696E-02
  1.0320583639068969E-02
  1.0329052124280712E-02
  1.0337207874405925E-02
  1.0345672853631754E-02
  1.0353831895334250E-02
  1.0362197125803878E-02
  1.0370296465887085E-02
  1.0378684396239101E-02
  1.0386752776067060E-02
  1.0395125428076732E-02
  1.0403181730498172E-02
  1.0411540110933910E-02
  1.0419588901442256E-02
  1.0427937209016511E-02
  1.0435980734890833E-02
  1.0444320687802176E-02
  1.0452359747455316E-02
  1.0460763566390996E-02
  1.0468838915815437E-02
  1.0477219196788653E-02
  1.0485309993922708E-02
  1.0493696843663039E-02
  1.0501795333305350E-02
  1.0510183312298575E-02
  1.0518286045276333E-02
  1.0526673053374330E-02
  1.0534778698664045E-02
  1.0543163959330661E-02
  1.0551272016113031E-02
  1.0559655268079754E-02
  1.0567765557843016E-02
  1.0576146738467643E-02
  1.0584259208435504E-02
  1.0592638334754857E-02
  1.0600752978945319E-02
  1.0609130093408942E-02
  1.0617246925406007E-02
  1.0625622082252607E-02
  1.0633741120056689E-02
  1.0642114377190799E-02
  1.0650235641528429E-02
  1.0658607054134139E-02
  1.0666730564461289E-02
  1.0675100190903584E-02
  1.0683225966075020E-02
  1.0691593859485912E-02
  1.0699721917275338E-02
  1.0708088131664876E-02
  1.0716218488737153E-02
  1.0724583075227950E-02
  1.0732715746988928E-02
  1.0741029715374831E-02
  1.0749235151768488E-02
  1.0757542124228981E-02
  1.0765744462802046E-02
  1.0774048025333513E-02
  1.0782250001444522E-02
  1.0790551914250872E-02
  1.0798754624646611E-02
  1.0807055597494536E-02
  1.0815259480463501E-02
  1.0823559812274845E-02
  1.0831765048822535E-02
  1.0840064875869191E-02
  1.0848271545252551E-02
  1.0856570940922426E-02
  1.0864779081711979E-02
  1.0873078093401765E-02
  1.0881287727613391E-02
  1.0889586390867765E-02
  1.0897797533009120E-02
  1.0906095879881171E-02
  1.0914308541739073E-02
  1.0922606599475701E-02
  1.0930820789737122E-02
  1.0939118583815650E-02
  1.0947334309324567E-02
  1.0955631866094672E-02
  1.0963849130098742E-02
  1.0972146472419885E-02
  1.0980365279718839E-02
  1.0988662427039948E-02
  1.0996882779461313E-02
  1.1005179752081748E-02
  1.1013401649187973E-02
  1.1021698464222280E-02
  1.1029921903962462E-02
  1.1038218576208621E-02
  1.1046443554147167E-02
  1.1054740097067802E-02
  1.1062966606381678E-02
  1.1071263030848180E-02
  1.1079491061278370E-02
  1.1087787375443647E-02
  1.1096016915148514E-02
  1.1104313122617110E-02
  1.1112544155847618E-02
  1.1120840257625018E-02
  1.1129072764106669E-02
  1.1137368755845959E-02
  1.1145602711083032E-02
  1.1153898583902450E-02
  1.1162133954717731E-02
  1.1170429693663069E-02
  1.1178666442274214E-02
  1.1186962019245007E-02
  1.1195200093717146E-02
  1.1203495471092560E-02
  1.1211734802942058E-02
  1.1220021123127307E-02
  1.1228269459109937E-02
  1.1236565540557438E-02
  1.1245861443374708E-02
  1.1253807291590799E-02
  1.1261549286815015E-02
  1.1269788877028951E-02
  1.1277728272778767E-02
  1.1286094072099299E-02
  1.1294113103229883E-02
  1.1302530366636726E-02
  1.1310582545847174E-02
  1.1319021759487326E-02
  1.1327088896244716E-02
  1.1335538279779355E-02
  1.1343613257028925E-02
  1.1352067983430648E-02
  1.1360148020624886E-02
  1.1368605999383014E-02
  1.1376690027517339E-02
  1.1385150236853265E-02
  1.1393237900012220E-02
  1.1401699693054979E-02
  1.1409791106434471E-02
  1.1418253534261062E-02
  1.1426117100686072E-02
  1.1434835944259718E-02
  1.1442900525264497E-02
  1.1451347099542507E-02
  1.1459433650532966E-02
  1.1467892968092981E-02
  1.1475990741022233E-02
  1.1484455439010458E-02
  1.1492559536105519E-02
  1.1501026582766041E-02
  1.1509135092351018E-02
  1.1517603239263027E-02
  1.1525715404998345E-02
  1.1534184107723264E-02
  1.1542299625764399E-02
  1.1550768622051724E-02
  1.1558887363547704E-02
  1.1567353732681784E-02
  1.1575479625016824E-02
  1.1583945853612955E-02
  1.1592074400536079E-02
  1.1600540626700335E-02
  1.1608671978701737E-02
  1.1617138240392268E-02
  1.1625272450086729E-02
  1.1633738734501053E-02
  1.1641875816279939E-02
  1.1650342089335401E-02
  1.1658482042195186E-02
  1.1666948267305603E-02
  1.1675091083919535E-02
  1.1683557225606206E-02
  1.1691702894667694E-02
  1.1700168920098944E-02
  1.1708317428765373E-02
  1.1716783308310193E-02
  1.1724934642124032E-02
  1.1733400349169823E-02
  1.1741554493281011E-02
  1.1750020005626497E-02
  1.1758176943295784E-02
  1.1766642238565250E-02
  1.1774801952206867E-02
  1.1783267011520496E-02
  1.1791429482491900E-02
  1.1799894288296029E-02
  1.1808059497602287E-02
  1.1816524034068198E-02
  1.1824691958704388E-02
  1.1833156210718714E-02
  1.1841326830155055E-02
  1.1849790782058417E-02
  1.1857964070659994E-02
  1.1866427709963144E-02
  1.1874603640938812E-02
  1.1883066952841814E-02
  1.1891245498994008E-02
  1.1899708467795587E-02
  1.1907889598881517E-02
  1.1916352209271555E-02
  1.1924535892643372E-02
  1.1932998126359907E-02
  1.1941184327121527E-02
  1.1949646165075848E-02
  1.1957834843436894E-02
  1.1966296263703375E-02
  1.1974487376606630E-02
  1.1982948353390990E-02
  1.1991141853730489E-02
  1.1999602356444990E-02
  1.2007798191146668E-02
  1.2016258184016013E-02
  1.2024456291340564E-02
  1.2032915729748215E-02
  1.2041116040052450E-02
  1.2049574869315885E-02
  1.2057777298966581E-02
  1.2066235447883485E-02
  1.2074439892206086E-02
  1.2082897266772627E-02
  1.2091103591002487E-02
  1.2099560056754922E-02
  1.2107768072757328E-02
  1.2116216281081501E-02
  1.2124422524730023E-02
  1.2134203174114712E-02
  1.2142032009222483E-02
  1.2149833986266982E-02
  1.2158044356073443E-02
  1.2166097967112708E-02
  1.2174473060867615E-02
  1.2182625833528091E-02
  1.2191068572221133E-02
  1.2199260421236256E-02
  1.2207732400794704E-02
  1.2215939914590567E-02
  1.2224425752107349E-02
  1.2232639859073646E-02
  1.2241133212791702E-02
  1.2249350453589205E-02
  1.2257848548936169E-02
  1.2266067673799905E-02
  1.2274569143655533E-02
  1.2282789824801049E-02
  1.2291293794908047E-02
  1.2299516537732572E-02
  1.2308020643875558E-02
  1.2316243234823632E-02
  1.2324754090166990E-02
  1.2332984402688154E-02
  1.2341502029049649E-02
  1.2349733848877399E-02
  1.2358255234620759E-02
  1.2366490632462306E-02
  1.2375014785511972E-02
  1.2383252991587240E-02
  1.2391779215098032E-02
  1.2400019862759569E-02
  1.2408547731339833E-02
  1.2416790646363862E-02
  1.2425319893320451E-02
  1.2433561077254154E-02
  1.2442090041207670E-02
  1.2450335704593191E-02
  1.2458865289112041E-02
  1.2467113154193374E-02
  1.2475643887973755E-02
  1.2483894156705916E-02
  1.2492425970089170E-02
  1.2500675467419094E-02
  1.2509206890772328E-02
  1.2517460568046082E-02
  1.2525992577756309E-02
  1.2534248585983860E-02
  1.2542778291435507E-02
  1.2551035890524753E-02
  1.2559568361139790E-02
  1.2567823896413770E-02
  1.2576356324144458E-02
  1.2584617472318533E-02
  1.2593146849089291E-02
  1.2601410100119009E-02
  1.2609939144192237E-02
  1.2618204393192195E-02
  1.2626734350877106E-02
  1.2634996672726991E-02
  1.2643529968674830E-02
  1.2651796945487704E-02
  1.2660327991053103E-02
  1.2668597713887213E-02
  1.2677126612162502E-02
  1.2685398869164820E-02
  1.2693929213501126E-02
  1.2702202332306532E-02
  1.2710731651637523E-02
  1.2719005979421837E-02
  1.2727534508239173E-02
  1.2735811406969342E-02
  1.2744339708771533E-02
  1.2752615856448353E-02
  1.2761145567875340E-02
  1.2769332980447310E-02
  1.2777801579214980E-02
  1.2786017257740092E-02
  1.2794461359062573E-02
  1.2802661039201423E-02
  1.2811091251666552E-02
  1.2819282642367119E-02
  1.2827703908401414E-02
  1.2835890155283487E-02
  1.2844304515424388E-02
  1.2852486941553538E-02
  1.2860895295639810E-02
  1.2869074267923868E-02
  1.2877545880525150E-02
  1.2885757118235530E-02
  1.2894204807404238E-02
  1.2902429976535059E-02
  1.2910885305787725E-02
  1.2919116985907012E-02
  1.2927574673709042E-02
  1.2935809528062676E-02
  1.2944267491468202E-02
  1.2952504211492587E-02
  1.2960961636940356E-02
  1.2969199707368246E-02
  1.2977656254900926E-02
  1.2985900608153741E-02
  1.2994360276587699E-02
  1.3002606105008847E-02
  1.3011066325129045E-02
  1.3019314639074650E-02
  1.3027774899959970E-02
  1.3036025154281582E-02
  1.3044485060764176E-02
  1.3052736941112364E-02
  1.3061196274332734E-02
  1.3069447841878285E-02
  1.3077905837646810E-02
  1.3086159637273095E-02
  1.3094616694283469E-02
  1.3102871766425541E-02
  1.3111325824421037E-02
  1.3119581386414702E-02
  1.3128029147411412E-02
  1.3136292523383915E-02
  1.3144701272924842E-02
  1.3154098828079643E-02
  1.3162212281390671E-02
  1.3169937707739506E-02
  1.3178356697600806E-02
  1.3186288693801989E-02
  1.3194840340383372E-02
  1.3202852836323426E-02
  1.3211459834372745E-02
  1.3219506108883616E-02
  1.3228133889390986E-02
  1.3236198802134407E-02
  1.3244835906916830E-02
  1.3252905788731869E-02
  1.3261549062697929E-02
  1.3269625787355190E-02
  1.3278267596817375E-02
  1.3286350591749232E-02
  1.3294995557546176E-02
  1.3303080524442370E-02
  1.3311664952247861E-02
  1.3319712116550107E-02
  1.3328313603927720E-02
  1.3336346941465089E-02
  1.3344935567432914E-02
  1.3352961901945610E-02
  1.3361551864084543E-02
  1.3369582855059447E-02
  1.3378166119301510E-02
  1.3386197888417696E-02
  1.3394822712910433E-02
  1.3402883171036249E-02
  1.3411490756769106E-02
  1.3419563584240700E-02
  1.3428176457641479E-02
  1.3436256542117489E-02
  1.3444867206677770E-02
  1.3452950573172905E-02
  1.3461563212229634E-02
  1.3469650297426673E-02
  1.3478262171045540E-02
  1.3486353093509616E-02
  1.3494959668241092E-02
  1.3503052808754759E-02
  1.3511661192679041E-02
  1.3519757584191635E-02
  1.3528360133820494E-02
  1.3536459158271773E-02
  1.3545064019933497E-02
  1.3553161776418524E-02
  1.3561764979269177E-02
  1.3569864113958448E-02
  1.3578465668357477E-02
  1.3586569202278619E-02
  1.3595168576732840E-02
  1.3603277125012067E-02
  1.3611872625039847E-02
  1.3619984644046722E-02
  1.3628574135499902E-02
  1.3636689766980287E-02
  1.3645279799355401E-02
  1.3653396719766040E-02
  1.3661984545745649E-02
  1.3670098079488643E-02
  1.3678685125777242E-02
  1.3686807095127056E-02
  1.3695386063105457E-02
  1.3703505841561154E-02
  1.3711976604384030E-02
  1.3720026103058048E-02
  1.3728523171190218E-02
  1.3736544713997207E-02
  1.3745016826893518E-02
  1.3753022807508963E-02
  1.3761479113958157E-02
  1.3769475453342422E-02
  1.3777919775373855E-02
  1.3785908999968829E-02
  1.3794342787798572E-02
  1.3802413849782579E-02
  1.3810883440249730E-02
  1.3818926585133590E-02
  1.3827408980405725E-02
  1.3835464405268382E-02
  1.3843950599135230E-02
  1.3852011811997054E-02
  1.3860497740468132E-02
  1.3868562201485494E-02
  1.3877046312856944E-02
  1.3885113052608778E-02
  1.3893594775844101E-02
  1.3901663438088992E-02
  1.3910142585324616E-02
  1.3918213051560076E-02
  1.3926689584215690E-02
  1.3934761826551515E-02
  1.3943235764021816E-02
  1.3951309791466825E-02
  1.3959781173333890E-02
  1.3967857006542374E-02
  1.3976325881454262E-02
  1.3984403544144144E-02
  1.3992869962832706E-02
  1.4000949481268897E-02
  1.4009413494192298E-02
  1.4017494892543775E-02
  1.4025956550325607E-02
  1.4034039852097292E-02
  1.4042499204780292E-02
  1.4050584433539950E-02
  1.4059041529004754E-02
  1.4067128705118892E-02
  1.4075583592325230E-02
  1.4083672736318147E-02
  1.4092125461384121E-02
  1.4100216592745664E-02
  1.4108667202792118E-02
  1.4116760338785617E-02
  1.4125208877862529E-02
  1.4133304037164200E-02
  1.4141750549669622E-02
  1.4149847747144008E-02
  1.4158292278586023E-02
  1.4166391530324765E-02
  1.4174834121253733E-02
  1.4182935441322823E-02
  1.4191376135255434E-02
  1.4199479537065811E-02
  1.4207918375270714E-02
  1.4216023871988014E-02
  1.4224460894819994E-02
  1.4232568499316985E-02
  1.4241003746506116E-02
  1.4249113469419849E-02
  1.4257546980630826E-02
  1.4265658833675095E-02
  1.4274090646655611E-02
  1.4282204639418917E-02
  1.4290634793219528E-02
  1.4298750934883166E-02
  1.4307179466129208E-02
  1.4315297766575532E-02
  1.4323724712233376E-02
  1.4331845178550686E-02
  1.4340270575188699E-02
  1.4348393215990945E-02
  1.4356817098790648E-02
  1.4364941921097218E-02
  1.4373364325098394E-02
  1.4381491336100959E-02
  1.4389912295888809E-02
  1.4398041460447351E-02
  1.4406468070118307E-02
  1.4414605737294904E-02
  1.4423030553813207E-02
  1.4431172739528982E-02
  1.4439597985045243E-02
  1.4447743838612626E-02
  1.4456168861583206E-02
  1.4464317887756314E-02
  1.4472742377828265E-02
  1.4480894326456648E-02
  1.4489318137805405E-02
  1.4497472875131465E-02
  1.4505895955736411E-02
  1.4514050061337765E-02
  1.4522471190010896E-02
  1.4530629679297706E-02
  1.4539049732306497E-02
  1.4547210958253336E-02
  1.4555630420088957E-02
  1.4563794530656453E-02
  1.4572213483972484E-02
  1.4580376730032112E-02
  1.4588794052414944E-02
  1.4596962205041810E-02
  1.4605378606995409E-02
  1.4613549624496628E-02
  1.4621965668424355E-02
  1.4630136947148473E-02
  1.4638551809838907E-02
  1.4646727584873712E-02
  1.4655137740668248E-02
  1.4663315587407522E-02
  1.4671728437736353E-02
  1.4679904792597993E-02
  1.4688317001260252E-02
  1.4696499426073619E-02
  1.4704908866062108E-02
  1.4713093992902732E-02
  1.4721503217012932E-02
  1.4729688014540131E-02
