 1.05012E+01
 2.10482E+01
 3.15972E+01
 4.21467E+01
 5.26758E+01
 6.32316E+01
 7.37616E+01
 8.42877E+01
 9.48286E+01
 1.05398E+02
 1.15958E+02
 1.26553E+02
 1.37092E+02
 1.47646E+02
 1.58201E+02
 1.68763E+02
 1.79311E+02
 1.89872E+02
 2.00406E+02
 2.10976E+02
 2.21548E+02
 2.32082E+02
 2.42675E+02
 2.53253E+02
 2.63920E+02
 2.74754E+02
 2.85326E+02
 2.95921E+02
 3.06563E+02
 3.17121E+02
 3.27885E+02
 3.38661E+02
 3.49298E+02
 3.59978E+02
 3.70619E+02
 3.81286E+02
 3.91911E+02
 4.02649E+02
 4.13435E+02
 4.24330E+02
 4.35166E+02
 4.46041E+02
 4.56850E+02
 4.67743E+02
 4.78561E+02
 4.89380E+02
 5.00143E+02
 5.10963E+02
 5.21704E+02
 5.32406E+02
 5.43200E+02
 5.54011E+02
 5.64858E+02
 5.75521E+02
 5.86348E+02
 5.97050E+02
 6.07860E+02
 6.18733E+02
 6.29404E+02
 6.40184E+02
 6.50968E+02
 6.61772E+02
 6.72555E+02
 6.83319E+02
 6.94084E+02
 7.04874E+02
 7.15608E+02
 7.26317E+02
 7.37374E+02
 7.48269E+02
 7.59243E+02
 7.70366E+02
 7.81300E+02
 7.92155E+02
 8.03075E+02
 8.14035E+02
 8.24844E+02
 8.35660E+02
 8.46456E+02
 8.57249E+02
 8.68031E+02
 8.78824E+02
 8.89584E+02
 9.00375E+02
 9.10985E+02
 9.21604E+02
 9.32291E+02
 9.43014E+02
 9.53784E+02
 9.64505E+02
 9.75189E+02
 9.85914E+02
 9.96716E+02
 1.00738E+03
 1.01793E+03
 1.02874E+03
 1.03937E+03
 1.05004E+03
 1.06073E+03
 1.07144E+03
 1.08249E+03
 1.09359E+03
 1.10476E+03
 1.11611E+03
 1.12735E+03
 1.13860E+03
 1.14974E+03
 1.16074E+03
 1.17167E+03
 1.18262E+03
 1.19344E+03
 1.20438E+03
 1.21538E+03
 1.22632E+03
 1.23721E+03
 1.24802E+03
 1.25877E+03
 1.26950E+03
 1.28028E+03
 1.29099E+03
 1.30209E+03
 1.31323E+03
 1.32430E+03
 1.33530E+03
 1.34617E+03
 1.35693E+03
 1.36782E+03
 1.37880E+03
 1.38994E+03
 1.40104E+03
 1.41224E+03
 1.42341E+03
 1.43460E+03
 1.44569E+03
 1.45688E+03
 1.46801E+03
 1.47902E+03
 1.49020E+03
 1.50134E+03
 1.51234E+03
 1.52348E+03
 1.53491E+03
 1.54599E+03
 1.55711E+03
 1.56816E+03
 1.57926E+03
 1.59041E+03
 1.60143E+03
 1.61256E+03
 1.62377E+03
 1.63481E+03
 1.64595E+03
 1.65699E+03
 1.66813E+03
 1.67919E+03
 1.69025E+03
 1.70140E+03
 1.71244E+03
 1.72359E+03
 1.73472E+03
 1.74578E+03
 1.75692E+03
 1.76805E+03
 1.77913E+03
 1.79028E+03
 1.80138E+03
 1.81246E+03
 1.82355E+03
 1.83468E+03
 1.84605E+03
 1.85711E+03
 1.86824E+03
 1.87933E+03
 1.89046E+03
 1.90147E+03
 1.91251E+03
 1.92354E+03
 1.93453E+03
 1.94560E+03
 1.95663E+03
 1.96764E+03
 1.97850E+03
 1.98911E+03
 1.99965E+03
 2.01019E+03
 2.02074E+03
 2.03132E+03
 2.04184E+03
 2.05238E+03
 2.06289E+03
 2.07340E+03
 2.08397E+03
 2.09449E+03
 2.10501E+03
 2.11554E+03
 2.12606E+03
 2.13657E+03
 2.14709E+03
 2.15779E+03
 2.16833E+03
 2.17886E+03
 2.18941E+03
 2.19993E+03
 2.21048E+03
 2.22104E+03
 2.23156E+03
 2.24209E+03
 2.25261E+03
 2.26315E+03
 2.27368E+03
 2.28419E+03
 2.29474E+03
 2.30525E+03
 2.31578E+03
 2.32631E+03
 2.33681E+03
 2.34736E+03
 2.35788E+03
 2.36843E+03
 2.37895E+03
 2.38949E+03
 2.40001E+03
 2.41052E+03
 2.42104E+03
 2.43159E+03
 2.44212E+03
 2.45265E+03
 2.46318E+03
 2.47392E+03
 2.48446E+03
 2.49498E+03
 2.50553E+03
 2.51607E+03
 2.52661E+03
 2.53717E+03
 2.54769E+03
 2.55821E+03
 2.56876E+03
 2.57933E+03
 2.58986E+03
 2.60039E+03
 2.61091E+03
 2.62145E+03
 2.63198E+03
 2.64250E+03
 2.65314E+03
 2.66364E+03
 2.67416E+03
 2.68470E+03
 2.69525E+03
 2.70576E+03
 2.71630E+03
 2.72682E+03
 2.73735E+03
 2.74787E+03
 2.75839E+03
 2.76894E+03
 2.77945E+03
 2.79015E+03
 2.80069E+03
 2.81118E+03
 2.82169E+03
 2.83221E+03
 2.84275E+03
 2.85330E+03
 2.86382E+03
 2.87434E+03
 2.88492E+03
 2.89546E+03
 2.90597E+03
 2.91651E+03
 2.92703E+03
 2.93753E+03
 2.94807E+03
 2.95860E+03
 2.96912E+03
 2.97966E+03
 2.99019E+03
 3.00072E+03
 3.01123E+03
 3.02178E+03
 3.03232E+03
 3.04282E+03
 3.05335E+03
 3.06386E+03
 3.07436E+03
 3.08488E+03
 3.09541E+03
 3.10612E+03
 3.11666E+03
 3.12716E+03
 3.13769E+03
 3.14820E+03
 3.15874E+03
 3.16925E+03
 3.17976E+03
 3.19027E+03
 3.20080E+03
 3.21133E+03
 3.22184E+03
 3.23238E+03
 3.24289E+03
 3.25341E+03
 3.26393E+03
 3.27478E+03
 3.28572E+03
 3.29661E+03
 3.30756E+03
 3.31850E+03
 3.32943E+03
 3.34029E+03
 3.35115E+03
 3.36202E+03
 3.37286E+03
 3.38372E+03
 3.39463E+03
 3.40551E+03
 3.41662E+03
 3.42752E+03
 3.43837E+03
 3.44924E+03
 3.46009E+03
 3.47096E+03
 3.48186E+03
 3.49276E+03
 3.50364E+03
 3.51455E+03
 3.52545E+03
 3.53634E+03
 3.54723E+03
 3.55812E+03
 3.56898E+03
 3.57982E+03
 3.59070E+03
 3.60158E+03
 3.61251E+03
 3.62371E+03
 3.63472E+03
 3.64579E+03
 3.65667E+03
 3.66755E+03
 3.67843E+03
 3.68930E+03
 3.70016E+03
 3.71107E+03
 3.72192E+03
 3.73301E+03
 3.74393E+03
 3.75484E+03
 3.76570E+03
 3.77656E+03
 3.78745E+03
 3.79832E+03
 3.80921E+03
 3.82006E+03
 3.83097E+03
 3.84185E+03
 3.85274E+03
 3.86362E+03
 3.87450E+03
 3.88538E+03
 3.89626E+03
 3.90720E+03
 3.91811E+03
 3.92900E+03
 3.93989E+03
 3.95075E+03
 3.96162E+03
 3.97249E+03
 3.98339E+03
 3.99427E+03
 4.00517E+03
 4.01605E+03
 4.02691E+03
 4.03778E+03
 4.04893E+03
 4.05979E+03
 4.07069E+03
 4.08157E+03
 4.09248E+03
 4.10338E+03
 4.11426E+03
 4.12512E+03
 4.13598E+03
 4.14685E+03
 4.15771E+03
 4.16858E+03
 4.17946E+03
 4.19032E+03
 4.20122E+03
 4.21206E+03
 4.22292E+03
 4.23380E+03
 4.24468E+03
 4.25559E+03
 4.26647E+03
 4.27735E+03
 4.28821E+03
 4.29906E+03
 4.30993E+03
 4.32082E+03
 4.33169E+03
 4.34256E+03
 4.35345E+03
 4.36461E+03
 4.37547E+03
 4.38640E+03
 4.39728E+03
 4.40818E+03
 4.41907E+03
 4.42997E+03
 4.44085E+03
 4.45176E+03
 4.46266E+03
 4.47356E+03
 4.48443E+03
 4.49531E+03
 4.50620E+03
 4.51710E+03
 4.52798E+03
 4.53885E+03
 4.54977E+03
 4.56067E+03
 4.57155E+03
 4.58244E+03
 4.59333E+03
 4.60420E+03
 4.61508E+03
 4.62596E+03
 4.63683E+03
 4.64771E+03
 4.65860E+03
 4.66954E+03
 4.68069E+03
 4.69157E+03
 4.70245E+03
 4.71334E+03
 4.72422E+03
 4.73510E+03
 4.74597E+03
 4.75685E+03
 4.76772E+03
 4.77861E+03
 4.78945E+03
 4.80034E+03
 4.81119E+03
 4.82206E+03
 4.83296E+03
 4.84382E+03
 4.85473E+03
 4.86561E+03
 4.87647E+03
 4.88734E+03
 4.89821E+03
 4.90907E+03
 4.91995E+03
 4.93082E+03
 4.94170E+03
 4.95259E+03
 4.96346E+03
 4.97435E+03
 4.98525E+03
 4.99643E+03
 5.00732E+03
 5.01818E+03
 5.02905E+03
 5.03992E+03
 5.05082E+03
 5.06169E+03
 5.07258E+03
 5.08348E+03
 5.09435E+03
 5.10521E+03
 5.11609E+03
 5.12695E+03
 5.13785E+03
 5.14872E+03
 5.15965E+03
 5.17053E+03
 5.18141E+03
 5.19227E+03
 5.20316E+03
 5.21402E+03
 5.22489E+03
 5.23577E+03
 5.24668E+03
 5.25755E+03
 5.26840E+03
 5.27928E+03
 5.29015E+03
 5.30109E+03
 5.31204E+03
 5.32291E+03
 5.33380E+03
 5.34469E+03
 5.35559E+03
 5.36648E+03
 5.37739E+03
 5.38826E+03
 5.39916E+03
 5.41003E+03
 5.42091E+03
 5.43177E+03
 5.44268E+03
 5.45357E+03
 5.46449E+03
 5.47538E+03
 5.48626E+03
 5.49710E+03
 5.50801E+03
 5.51889E+03
 5.52977E+03
 5.54062E+03
 5.55149E+03
 5.56238E+03
 5.57324E+03
 5.58412E+03
 5.59499E+03
 5.60587E+03
 5.61696E+03
 5.62788E+03
 5.63873E+03
 5.64962E+03
 5.66050E+03
 5.67134E+03
 5.68223E+03
 5.69311E+03
 5.70400E+03
 5.71485E+03
 5.72569E+03
 5.73656E+03
 5.74742E+03
 5.75832E+03
 5.76918E+03
 5.78006E+03
 5.79094E+03
 5.80177E+03
 5.81264E+03
 5.82349E+03
 5.83434E+03
 5.84523E+03
 5.85611E+03
 5.86693E+03
 5.87778E+03
 5.88863E+03
 5.89951E+03
 5.91036E+03
 5.92120E+03
 5.93232E+03
 5.94320E+03
 5.95406E+03
 5.96495E+03
 5.97580E+03
 5.98665E+03
 5.99754E+03
 6.00844E+03
 6.01928E+03
 6.03015E+03
 6.04102E+03
 6.05188E+03
 6.06279E+03
 6.07365E+03
 6.08452E+03
 6.09540E+03
 6.10625E+03
 6.11714E+03
 6.12801E+03
 6.13889E+03
 6.14973E+03
 6.16058E+03
 6.17142E+03
 6.18226E+03
 6.19313E+03
 6.20404E+03
 6.21489E+03
 6.22576E+03
 6.23662E+03
 6.24789E+03
 6.25876E+03
 6.26963E+03
 6.28050E+03
 6.29136E+03
 6.30222E+03
 6.31311E+03
 6.32398E+03
 6.33488E+03
 6.34577E+03
 6.35665E+03
 6.36751E+03
 6.37842E+03
 6.38946E+03
 6.40031E+03
 6.41115E+03
 6.42201E+03
 6.43288E+03
 6.44374E+03
 6.45465E+03
 6.46553E+03
 6.47618E+03
 6.48683E+03
 6.49756E+03
 6.50828E+03
 6.51890E+03
 6.52965E+03
 6.54057E+03
 6.55157E+03
 6.56250E+03
 6.57323E+03
 6.58401E+03
 6.59497E+03
 6.60610E+03
 6.61727E+03
 6.62844E+03
 6.63968E+03
 6.65118E+03
 6.66250E+03
 6.67374E+03
 6.68501E+03
 6.69627E+03
 6.70759E+03
 6.71885E+03
 6.73008E+03
 6.74137E+03
 6.75256E+03
 6.76378E+03
 6.77505E+03
 6.78634E+03
 6.79761E+03
 6.80888E+03
 6.82013E+03
 6.83132E+03
 6.84247E+03
 6.85366E+03
 6.86484E+03
 6.87632E+03
 6.88768E+03
 6.89897E+03
 6.91032E+03
 6.92165E+03
 6.93292E+03
 6.94412E+03
 6.95532E+03
 6.96652E+03
 6.97767E+03
 6.98874E+03
 6.99979E+03
 7.01088E+03
 7.02191E+03
 7.03283E+03
 7.04365E+03
 7.05449E+03
 7.06539E+03
 7.07634E+03
 7.08734E+03
 7.09832E+03
 7.10915E+03
 7.12006E+03
 7.13097E+03
 7.14170E+03
 7.15245E+03
 7.16340E+03
 7.17436E+03
 7.18545E+03
 7.19670E+03
 7.20775E+03
 7.21873E+03
 7.22963E+03
 7.24075E+03
 7.25186E+03
 7.26294E+03
 7.27402E+03
 7.28495E+03
 7.29577E+03
 7.30669E+03
 7.31758E+03
 7.32861E+03
 7.33957E+03
 7.35048E+03
 7.36140E+03
 7.37217E+03
 7.38286E+03
 7.39345E+03
 7.40417E+03
 7.41489E+03
 7.42581E+03
 7.43661E+03
 7.44739E+03
 7.45810E+03
 7.46883E+03
 7.47952E+03
 7.49021E+03
 7.50091E+03
 7.51178E+03
 7.52246E+03
 7.53316E+03
 7.54381E+03
 7.55448E+03
 7.56516E+03
 7.57585E+03
 7.58654E+03
 7.59738E+03
 7.60813E+03
 7.61887E+03
 7.62961E+03
 7.64045E+03
 7.65122E+03
 7.66202E+03
 7.67286E+03
 7.68387E+03
 7.69462E+03
 7.70529E+03
 7.71607E+03
 7.72673E+03
 7.73738E+03
 7.74827E+03
 7.75910E+03
 7.77002E+03
 7.78091E+03
 7.79172E+03
 7.80243E+03
 7.81315E+03
 7.82417E+03
 7.83507E+03
 7.84618E+03
 7.85725E+03
 7.86807E+03
 7.87873E+03
 7.88947E+03
 7.90030E+03
 7.91101E+03
 7.92179E+03
 7.93244E+03
 7.94332E+03
 7.95413E+03
 7.96496E+03
 7.97579E+03
 7.98671E+03
 7.99751E+03
 8.00847E+03
 8.01936E+03
 8.03026E+03
 8.04107E+03
 8.05195E+03
 8.06274E+03
 8.07355E+03
 8.08440E+03
 8.09525E+03
 8.10610E+03
 8.11693E+03
 8.12785E+03
 8.13903E+03
 8.14983E+03
 8.16068E+03
 8.17147E+03
 8.18230E+03
 8.19317E+03
 8.20397E+03
 8.21477E+03
 8.22562E+03
 8.23644E+03
 8.24724E+03
 8.25810E+03
 8.26893E+03
 8.27975E+03
 8.29054E+03
 8.30138E+03
 8.31219E+03
 8.32301E+03
 8.33364E+03
 8.34415E+03
 8.35463E+03
 8.36509E+03
 8.37556E+03
 8.38603E+03
 8.39653E+03
 8.40703E+03
 8.41751E+03
 8.42800E+03
 8.43846E+03
 8.44914E+03
 8.45963E+03
 8.47014E+03
 8.48063E+03
 8.49112E+03
 8.50162E+03
 8.51210E+03
 8.52257E+03
 8.53305E+03
 8.54354E+03
 8.55401E+03
 8.56450E+03
 8.57500E+03
 8.58550E+03
 8.59595E+03
 8.60643E+03
 8.61692E+03
 8.62742E+03
 8.63790E+03
 8.64837E+03
 8.65884E+03
 8.66932E+03
 8.67980E+03
 8.69030E+03
 8.70080E+03
 8.71128E+03
 8.72175E+03
 8.73224E+03
 8.74273E+03
 8.75320E+03
 8.76388E+03
 8.77439E+03
 8.78486E+03
 8.79535E+03
 8.80580E+03
 8.81628E+03
 8.82678E+03
 8.83730E+03
 8.84778E+03
 8.85823E+03
 8.86873E+03
 8.87921E+03
 8.88967E+03
 8.90013E+03
 8.91059E+03
 8.92106E+03
 8.93154E+03
 8.94204E+03
 8.95249E+03
 8.96297E+03
 8.97345E+03
 8.98390E+03
 8.99438E+03
 9.00488E+03
 9.01536E+03
 9.02582E+03
 9.03631E+03
 9.04681E+03
 9.05730E+03
 9.06780E+03
 9.07846E+03
 9.08893E+03
 9.09942E+03
 9.10989E+03
 9.12038E+03
 9.13086E+03
 9.14136E+03
 9.15217E+03
 9.16280E+03
 9.17352E+03
 9.18400E+03
 9.19447E+03
 9.20495E+03
 9.21545E+03
 9.22593E+03
 9.23639E+03
 9.24685E+03
 9.25734E+03
 9.26783E+03
 9.27829E+03
 9.28876E+03
 9.29924E+03
 9.30972E+03
 9.32018E+03
 9.33067E+03
 9.34112E+03
 9.35160E+03
 9.36209E+03
 9.37259E+03
 9.38308E+03
 9.39371E+03
 9.40418E+03
 9.41465E+03
 9.42511E+03
 9.43560E+03
 9.44609E+03
 9.45658E+03
 9.46708E+03
 9.47755E+03
 9.48804E+03
 9.49855E+03
 9.50902E+03
 9.51950E+03
 9.52996E+03
 9.54045E+03
 9.55090E+03
 9.56138E+03
 9.57245E+03
 9.58338E+03
 9.59424E+03
 9.60507E+03
 9.61590E+03
 9.62674E+03
 9.63756E+03
 9.64836E+03
 9.65921E+03
 9.67005E+03
 9.68090E+03
 9.69171E+03
 9.70256E+03
 9.71353E+03
 9.72438E+03
 9.73526E+03
 9.74610E+03
 9.75696E+03
 9.76780E+03
 9.77862E+03
 9.78945E+03
 9.80029E+03
 9.81112E+03
 9.82194E+03
 9.83277E+03
 9.84359E+03
 9.85443E+03
 9.86526E+03
 9.87608E+03
 9.88693E+03
 9.89775E+03
 9.90863E+03
 9.91947E+03
 9.93032E+03
 9.94110E+03
 9.95194E+03
 9.96277E+03
 9.97362E+03
 9.98445E+03
 9.99527E+03
 1.00061E+04
 1.00169E+04
 1.00280E+04
 1.00388E+04
 1.00497E+04
 1.00605E+04
 1.00713E+04
 1.00822E+04
 1.00930E+04
 1.01038E+04
 1.01147E+04
 1.01256E+04
 1.01364E+04
 1.01472E+04
 1.01581E+04
 1.01689E+04
 1.01797E+04
 1.01905E+04
 1.02014E+04
 1.02122E+04
 1.02230E+04
 1.02338E+04
 1.02447E+04
 1.02555E+04
 1.02663E+04
 1.02771E+04
 1.02879E+04
 1.02988E+04
 1.03096E+04
 1.03204E+04
 1.03312E+04
 1.03424E+04
 1.03532E+04
 1.03641E+04
 1.03749E+04
 1.03857E+04
 1.03965E+04
 1.04074E+04
 1.04182E+04
 1.04290E+04
 1.04399E+04
 1.04506E+04
 1.04614E+04
 1.04723E+04
 1.04831E+04
 1.04939E+04
 1.05048E+04
 1.05156E+04
 1.05265E+04
 1.05373E+04
 1.05481E+04
 1.05589E+04
 1.05697E+04
 1.05805E+04
 1.05914E+04
 1.06022E+04
 1.06130E+04
 1.06239E+04
 1.06347E+04
 1.06455E+04
 1.06566E+04
 1.06674E+04
 1.06783E+04
 1.06891E+04
 1.06999E+04
 1.07108E+04
 1.07216E+04
 1.07324E+04
 1.07433E+04
 1.07542E+04
 1.07650E+04
 1.07758E+04
 1.07867E+04
 1.07975E+04
 1.08083E+04
 1.08193E+04
 1.08303E+04
 1.08413E+04
 1.08521E+04
 1.08629E+04
 1.08738E+04
 1.08846E+04
 1.08954E+04
 1.09062E+04
 1.09170E+04
 1.09278E+04
 1.09386E+04
 1.09495E+04
 1.09603E+04
 1.09713E+04
 1.09821E+04
 1.09929E+04
 1.10037E+04
 1.10145E+04
 1.10253E+04
 1.10361E+04
 1.10470E+04
 1.10578E+04
 1.10686E+04
 1.10794E+04
 1.10902E+04
 1.11010E+04
 1.11119E+04
 1.11227E+04
 1.11335E+04
 1.11444E+04
 1.11551E+04
 1.11660E+04
 1.11768E+04
 1.11876E+04
 1.11984E+04
 1.12092E+04
 1.12200E+04
 1.12309E+04
 1.12417E+04
 1.12525E+04
 1.12633E+04
 1.12741E+04
 1.12851E+04
 1.12959E+04
 1.13067E+04
 1.13175E+04
 1.13284E+04
 1.13392E+04
 1.13501E+04
 1.13609E+04
 1.13718E+04
 1.13826E+04
 1.13934E+04
 1.14042E+04
 1.14150E+04
 1.14258E+04
 1.14366E+04
 1.14475E+04
 1.14583E+04
 1.14691E+04
 1.14800E+04
 1.14908E+04
 1.15016E+04
 1.15124E+04
 1.15233E+04
 1.15341E+04
 1.15449E+04
 1.15558E+04
 1.15666E+04
 1.15774E+04
 1.15882E+04
 1.15992E+04
 1.16100E+04
 1.16209E+04
 1.16317E+04
 1.16425E+04
 1.16533E+04
 1.16642E+04
 1.16750E+04
 1.16858E+04
 1.16966E+04
 1.17074E+04
 1.17182E+04
 1.17290E+04
 1.17399E+04
 1.17507E+04
 1.17616E+04
 1.17724E+04
 1.17832E+04
 1.17940E+04
 1.18049E+04
 1.18157E+04
 1.18265E+04
 1.18374E+04
 1.18482E+04
 1.18590E+04
 1.18698E+04
 1.18806E+04
 1.18914E+04
 1.19022E+04
 1.19133E+04
 1.19241E+04
 1.19349E+04
 1.19457E+04
 1.19565E+04
 1.19673E+04
 1.19781E+04
 1.19889E+04
 1.19998E+04
 1.20108E+04
 1.20216E+04
 1.20324E+04
 1.20432E+04
 1.20541E+04
 1.20648E+04
 1.20756E+04
 1.20864E+04
 1.20973E+04
 1.21081E+04
 1.21189E+04
 1.21297E+04
 1.21406E+04
 1.21514E+04
 1.21622E+04
 1.21730E+04
 1.21838E+04
 1.21946E+04
 1.22055E+04
 1.22163E+04
 1.22271E+04
 1.22379E+04
 1.22488E+04
 1.22596E+04
 1.22704E+04
 1.22812E+04
 1.22920E+04
 1.23028E+04
 1.23136E+04
 1.23247E+04
 1.23356E+04
 1.23464E+04
 1.23572E+04
 1.23680E+04
 1.23788E+04
 1.23896E+04
 1.24005E+04
 1.24113E+04
 1.24221E+04
 1.24329E+04
 1.24437E+04
 1.24545E+04
 1.24653E+04
 1.24761E+04
 1.24870E+04
 1.24978E+04
 1.25086E+04
 1.25194E+04
 1.25302E+04
 1.25410E+04
 1.25519E+04
 1.25627E+04
 1.25735E+04
 1.25843E+04
 1.25951E+04
 1.26059E+04
 1.26167E+04
 1.26276E+04
 1.26387E+04
 1.26495E+04
 1.26603E+04
 1.26711E+04
 1.26820E+04
 1.26928E+04
 1.27036E+04
 1.27144E+04
 1.27252E+04
 1.27361E+04
 1.27469E+04
 1.27577E+04
 1.27685E+04
 1.27792E+04
 1.27901E+04
 1.28009E+04
 1.28117E+04
 1.28225E+04
 1.28333E+04
 1.28442E+04
 1.28550E+04
 1.28658E+04
 1.28766E+04
 1.28875E+04
 1.28983E+04
 1.29091E+04
 1.29199E+04
 1.29307E+04
 1.29416E+04
 1.29526E+04
 1.29634E+04
 1.29743E+04
 1.29851E+04
 1.29959E+04
 1.30067E+04
 1.30176E+04
 1.30284E+04
 1.30392E+04
 1.30500E+04
 1.30608E+04
 1.30716E+04
 1.30824E+04
 1.30932E+04
 1.31041E+04
 1.31149E+04
 1.31257E+04
 1.31364E+04
 1.31473E+04
 1.31581E+04
 1.31689E+04
 1.31797E+04
 1.31906E+04
 1.32014E+04
 1.32122E+04
 1.32231E+04
 1.32339E+04
 1.32447E+04
 1.32556E+04
 1.32666E+04
 1.32774E+04
 1.32882E+04
 1.32990E+04
 1.33098E+04
 1.33206E+04
 1.33314E+04
 1.33422E+04
 1.33530E+04
 1.33638E+04
 1.33747E+04
 1.33855E+04
 1.33963E+04
 1.34072E+04
 1.34180E+04
 1.34288E+04
 1.34396E+04
 1.34504E+04
 1.34613E+04
 1.34721E+04
 1.34830E+04
 1.34938E+04
 1.35047E+04
 1.35154E+04
 1.35262E+04
 1.35370E+04
 1.35479E+04
 1.35587E+04
 1.35695E+04
 1.35804E+04
 1.35912E+04
 1.36020E+04
 1.36128E+04
 1.36236E+04
 1.36344E+04
 1.36452E+04
 1.36560E+04
 1.36668E+04
 1.36776E+04
 1.36885E+04
 1.36992E+04
 1.37101E+04
 1.37208E+04
 1.37317E+04
 1.37425E+04
 1.37533E+04
 1.37641E+04
 1.37749E+04
 1.37857E+04
 1.37965E+04
 1.38073E+04
 1.38181E+04
 1.38289E+04
 1.38397E+04
 1.38506E+04
 1.38614E+04
 1.38722E+04
 1.38830E+04
 1.38939E+04
 1.39048E+04
 1.39155E+04
 1.39262E+04
 1.39368E+04
 1.39473E+04
 1.39579E+04
 1.39684E+04
 1.39790E+04
 1.39895E+04
 1.40002E+04
 1.40107E+04
 1.40213E+04
 1.40318E+04
 1.40424E+04
 1.40529E+04
 1.40635E+04
 1.40741E+04
 1.40846E+04
 1.40952E+04
 1.41058E+04
 1.41164E+04
 1.41269E+04
 1.41375E+04
 1.41481E+04
 1.41586E+04
 1.41692E+04
 1.41797E+04
 1.41903E+04
 1.42008E+04
 1.42118E+04
 1.42223E+04
 1.42329E+04
 1.42435E+04
 1.42540E+04
 1.42646E+04
 1.42751E+04
 1.42856E+04
 1.42962E+04
 1.43068E+04
 1.43173E+04
 1.43279E+04
 1.43384E+04
 1.43490E+04
 1.43596E+04
 1.43701E+04
 1.43807E+04
 1.43913E+04
 1.44018E+04
 1.44124E+04
 1.44229E+04
 1.44335E+04
 1.44441E+04
 1.44546E+04
 1.44652E+04
 1.44758E+04
 1.44864E+04
 1.44969E+04
 1.45075E+04
 1.45181E+04
 1.45288E+04
 1.45394E+04
 1.45500E+04
 1.45605E+04
 1.45711E+04
 1.45817E+04
 1.45922E+04
 1.46028E+04
 1.46133E+04
 1.46239E+04
 1.46344E+04
 1.46449E+04
 1.46555E+04
 1.46660E+04
 1.46767E+04
 1.46874E+04
 1.46980E+04
 1.47086E+04
 1.47192E+04
 1.47298E+04
 1.47403E+04
 1.47509E+04
 1.47614E+04
 1.47720E+04
 1.47826E+04
 1.47931E+04
 1.48037E+04
 1.48142E+04
 1.48248E+04
 1.48356E+04
 1.48461E+04
 1.48567E+04
 1.48672E+04
 1.48778E+04
 1.48883E+04
 1.48989E+04
 1.49095E+04
 1.49200E+04
 1.49306E+04
 1.49411E+04
 1.49517E+04
 1.49623E+04
 1.49728E+04
 1.49834E+04
 1.49939E+04
 1.50044E+04
 1.50150E+04
 1.50256E+04
 1.50361E+04
 1.50467E+04
 1.50572E+04
 1.50677E+04
 1.50783E+04
 1.50889E+04
 1.50994E+04
 1.51100E+04
 1.51205E+04
 1.51311E+04
 1.51416E+04
 1.51524E+04
 1.51629E+04
 1.51735E+04
 1.51840E+04
 1.51946E+04
 1.52052E+04
 1.52158E+04
 1.52264E+04
 1.52369E+04
 1.52474E+04
 1.52580E+04
 1.52685E+04
 1.52791E+04
 1.52897E+04
 1.53002E+04
 1.53108E+04
 1.53213E+04
 1.53319E+04
 1.53425E+04
 1.53530E+04
 1.53636E+04
 1.53741E+04
 1.53847E+04
 1.53952E+04
 1.54058E+04
 1.54164E+04
 1.54269E+04
 1.54375E+04
 1.54480E+04
 1.54586E+04
 1.54693E+04
 1.54799E+04
 1.54904E+04
 1.55010E+04
 1.55116E+04
 1.55221E+04
 1.55326E+04
 1.55432E+04
 1.55537E+04
 1.55643E+04
 1.55748E+04
 1.55854E+04
 1.55959E+04
 1.56065E+04
 1.56170E+04
 1.56275E+04
 1.56381E+04
 1.56486E+04
 1.56592E+04
 1.56698E+04
 1.56803E+04
 1.56909E+04
 1.57014E+04
 1.57120E+04
 1.57226E+04
 1.57332E+04
 1.57437E+04
 1.57543E+04
 1.57648E+04
 1.57755E+04
 1.57861E+04
 1.57966E+04
 1.58072E+04
 1.58178E+04
 1.58286E+04
 1.58394E+04
 1.58504E+04
 1.58614E+04
 1.58720E+04
 1.58836E+04
 1.58942E+04
 1.59058E+04
 1.59167E+04
 1.59274E+04
 1.59382E+04
 1.59487E+04
 1.59592E+04
 1.59698E+04
 1.59803E+04
 1.59909E+04
 1.60015E+04
 1.60122E+04
 1.60227E+04
 1.60333E+04
 1.60437E+04
 1.60542E+04
 1.60647E+04
 1.60753E+04
 1.60861E+04
 1.60970E+04
 1.61078E+04
 1.61184E+04
 1.61289E+04
 1.61396E+04
 1.61504E+04
 1.61611E+04
 1.61720E+04
 1.61827E+04
 1.61934E+04
 1.62040E+04
 1.62145E+04
 1.62249E+04
 1.62354E+04
 1.62458E+04
 1.62562E+04
 1.62667E+04
 1.62771E+04
 1.62875E+04
 1.62981E+04
 1.63092E+04
 1.63205E+04
 1.63317E+04
 1.63430E+04
 1.63544E+04
 1.63656E+04
 1.63769E+04
 1.63881E+04
 1.63993E+04
 1.64106E+04
 1.64218E+04
 1.64330E+04
 1.64443E+04
 1.64555E+04
 1.64668E+04
 1.64780E+04
 1.64893E+04
 1.65005E+04
 1.65118E+04
 1.65230E+04
 1.65343E+04
 1.65454E+04
 1.65567E+04
 1.65678E+04
 1.65791E+04
 1.65903E+04
 1.66016E+04
 1.66127E+04
 1.66239E+04
 1.66350E+04
 1.66462E+04
 1.66574E+04
 1.66684E+04
 1.66791E+04
 1.66897E+04
 1.67004E+04
 1.67111E+04
 1.67216E+04
 1.67320E+04
 1.67424E+04
 1.67528E+04
 1.67633E+04
 1.67737E+04
 1.67841E+04
 1.67945E+04
 1.68050E+04
 1.68154E+04
 1.68259E+04
 1.68363E+04
 1.68467E+04
 1.68571E+04
 1.68676E+04
 1.68780E+04
 1.68884E+04
 1.68989E+04
 1.69093E+04
 1.69197E+04
 1.69301E+04
 1.69406E+04
 1.69510E+04
 1.69615E+04
 1.69719E+04
 1.69825E+04
 1.69929E+04
 1.70034E+04
 1.70138E+04
 1.70242E+04
 1.70347E+04
 1.70451E+04
 1.70556E+04
 1.70660E+04
 1.70765E+04
 1.70869E+04
 1.70974E+04
 1.71078E+04
 1.71183E+04
 1.71287E+04
 1.71391E+04
 1.71496E+04
 1.71600E+04
 1.71704E+04
 1.71809E+04
 1.71913E+04
 1.72017E+04
 1.72122E+04
 1.72227E+04
 1.72331E+04
 1.72435E+04
 1.72539E+04
 1.72644E+04
 1.72748E+04
 1.72852E+04
 1.72959E+04
 1.73063E+04
 1.73167E+04
 1.73272E+04
 1.73376E+04
 1.73481E+04
 1.73585E+04
 1.73689E+04
 1.73794E+04
 1.73898E+04
 1.74002E+04
 1.74106E+04
 1.74210E+04
 1.74314E+04
 1.74419E+04
 1.74523E+04
 1.74627E+04
 1.74731E+04
 1.74835E+04
 1.74940E+04
 1.75044E+04
 1.75148E+04
 1.75253E+04
 1.75357E+04
 1.75461E+04
 1.75565E+04
 1.75670E+04
 1.75774E+04
 1.75878E+04
 1.75983E+04
 1.76089E+04
 1.76193E+04
 1.76297E+04
 1.76401E+04
 1.76506E+04
 1.76610E+04
 1.76714E+04
 1.76819E+04
 1.76923E+04
 1.77027E+04
 1.77132E+04
 1.77236E+04
 1.77340E+04
 1.77445E+04
 1.77549E+04
 1.77653E+04
 1.77760E+04
 1.77868E+04
 1.77974E+04
 1.78080E+04
 1.78186E+04
 1.78290E+04
 1.78395E+04
 1.78499E+04
 1.78603E+04
 1.78707E+04
 1.78811E+04
 1.78916E+04
 1.79020E+04
 1.79124E+04
 1.79230E+04
 1.79334E+04
 1.79438E+04
 1.79543E+04
 1.79651E+04
 1.79759E+04
 1.79867E+04
 1.79975E+04
 1.80082E+04
 1.80190E+04
 1.80298E+04
 1.80405E+04
 1.80513E+04
 1.80621E+04
 1.80728E+04
 1.80836E+04
 1.80944E+04
 1.81052E+04
 1.81159E+04
 1.81267E+04
 1.81375E+04
 1.81482E+04
 1.81590E+04
 1.81697E+04
 1.81805E+04
 1.81913E+04
 1.82020E+04
 1.82128E+04
 1.82236E+04
 1.82344E+04
 1.82453E+04
 1.82561E+04
 1.82668E+04
 1.82776E+04
 1.82884E+04
 1.82992E+04
 1.83099E+04
 1.83207E+04
 1.83315E+04
 1.83422E+04
 1.83529E+04
 1.83637E+04
 1.83745E+04
 1.83853E+04
 1.83960E+04
 1.84068E+04
 1.84175E+04
 1.84283E+04
 1.84391E+04
 1.84498E+04
 1.84606E+04
 1.84714E+04
 1.84821E+04
 1.84929E+04
 1.85037E+04
 1.85145E+04
 1.85252E+04
 1.85360E+04
 1.85468E+04
 1.85578E+04
 1.85685E+04
 1.85794E+04
 1.85902E+04
 1.86009E+04
 1.86114E+04
 1.86219E+04
 1.86324E+04
 1.86431E+04
 1.86537E+04
 1.86641E+04
 1.86746E+04
 1.86852E+04
 1.86959E+04
 1.87068E+04
 1.87176E+04
 1.87285E+04
 1.87391E+04
 1.87497E+04
 1.87602E+04
 1.87707E+04
 1.87811E+04
 1.87915E+04
 1.88019E+04
 1.88123E+04
 1.88228E+04
 1.88332E+04
 1.88436E+04
