 1.24293E+03
 1.24288E+03
 1.24285E+03
 1.24283E+03
 1.24282E+03
 1.68542E+03
 2.77348E+03
 2.88908E+03
 2.90271E+03
 2.90395E+03
 2.90403E+03
 2.90403E+03
 2.90402E+03
 2.90402E+03
 2.90401E+03
 2.90400E+03
 2.90400E+03
 2.90399E+03
 2.90399E+03
 2.90399E+03
 2.90398E+03
 2.90398E+03
 2.90397E+03
 2.90397E+03
 2.90397E+03
 2.90396E+03
 2.90396E+03
 2.90396E+03
 2.90396E+03
 2.90396E+03
 2.90395E+03
 2.90395E+03
 2.90395E+03
 2.90395E+03
 2.90395E+03
 2.90395E+03
 2.90395E+03
 2.90395E+03
 2.90394E+03
 2.90394E+03
 1.24288E+03
 1.24286E+03
 1.24284E+03
 1.24283E+03
 1.24282E+03
 2.30528E+03
 2.86101E+03
 2.90138E+03
 2.90395E+03
 2.90404E+03
 2.90403E+03
 2.90403E+03
 2.90402E+03
 2.90402E+03
 2.90401E+03
 2.90400E+03
 2.90400E+03
 2.90399E+03
 2.90399E+03
 2.90399E+03
 2.90398E+03
 2.90398E+03
 2.90397E+03
 2.90397E+03
 2.90397E+03
 2.90396E+03
 2.90396E+03
 2.90396E+03
 2.90396E+03
 2.90395E+03
 2.90395E+03
 2.90395E+03
 2.90395E+03
 2.90395E+03
 2.90395E+03
 2.90395E+03
 2.90395E+03
 2.90395E+03
 2.90394E+03
 2.90394E+03
 1.24285E+03
 1.24284E+03
 1.24283E+03
 1.24282E+03
 1.87834E+03
 2.81614E+03
 2.89729E+03
 2.90373E+03
 2.90404E+03
 2.90404E+03
 2.90403E+03
 2.90403E+03
 2.90402E+03
 2.90401E+03
 2.90401E+03
 2.90400E+03
 2.90400E+03
 2.90399E+03
 2.90399E+03
 2.90398E+03
 2.90398E+03
 2.90398E+03
 2.90397E+03
 2.90397E+03
 2.90397E+03
 2.90396E+03
 2.90396E+03
 2.90396E+03
 2.90396E+03
 2.90395E+03
 2.90395E+03
 2.90395E+03
 2.90395E+03
 2.90395E+03
 2.90395E+03
 2.90395E+03
 2.90395E+03
 2.90394E+03
 2.90394E+03
 2.90394E+03
 1.24283E+03
 1.24283E+03
 1.24282E+03
 1.69354E+03
 2.78394E+03
 2.89260E+03
 2.90333E+03
 2.90402E+03
 2.90404E+03
 2.90404E+03
 2.90403E+03
 2.90402E+03
 2.90402E+03
 2.90401E+03
 2.90401E+03
 2.90400E+03
 2.90400E+03
 2.90399E+03
 2.90399E+03
 2.90398E+03
 2.90398E+03
 2.90398E+03
 2.90397E+03
 2.90397E+03
 2.90397E+03
 2.90396E+03
 2.90396E+03
 2.90396E+03
 2.90396E+03
 2.90395E+03
 2.90395E+03
 2.90395E+03
 2.90395E+03
 2.90395E+03
 2.90395E+03
 2.90395E+03
 2.90394E+03
 2.90394E+03
 2.90394E+03
 2.90394E+03
 1.24282E+03
 1.24282E+03
 1.87834E+03
 2.78394E+03
 2.89053E+03
 2.90300E+03
 2.90400E+03
 2.90405E+03
 2.90404E+03
 2.90404E+03
 2.90403E+03
 2.90402E+03
 2.90402E+03
 2.90401E+03
 2.90401E+03
 2.90400E+03
 2.90400E+03
 2.90399E+03
 2.90399E+03
 2.90398E+03
 2.90398E+03
 2.90398E+03
 2.90397E+03
 2.90397E+03
 2.90397E+03
 2.90396E+03
 2.90396E+03
 2.90396E+03
 2.90396E+03
 2.90395E+03
 2.90395E+03
 2.90395E+03
 2.90395E+03
 2.90395E+03
 2.90395E+03
 2.90394E+03
 2.90394E+03
 2.90394E+03
 2.90394E+03
 2.90394E+03
 1.68542E+03
 2.30528E+03
 2.81614E+03
 2.89260E+03
 2.90300E+03
 2.90399E+03
 2.90405E+03
 2.90404E+03
 2.90404E+03
 2.90403E+03
 2.90403E+03
 2.90402E+03
 2.90401E+03
 2.90401E+03
 2.90400E+03
 2.90400E+03
 2.90399E+03
 2.90399E+03
 2.90399E+03
 2.90398E+03
 2.90398E+03
 2.90397E+03
 2.90397E+03
 2.90397E+03
 2.90396E+03
 2.90396E+03
 2.90396E+03
 2.90396E+03
 2.90395E+03
 2.90395E+03
 2.90395E+03
 2.90395E+03
 2.90395E+03
 2.90395E+03
 2.90394E+03
 2.90394E+03
 2.90394E+03
 2.90394E+03
 2.90394E+03
 2.90394E+03
 2.77348E+03
 2.86101E+03
 2.89729E+03
 2.90333E+03
 2.90400E+03
 2.90405E+03
 2.90404E+03
 2.90404E+03
 2.90403E+03
 2.90403E+03
 2.90402E+03
 2.90402E+03
 2.90401E+03
 2.90401E+03
 2.90400E+03
 2.90400E+03
 2.90399E+03
 2.90399E+03
 2.90398E+03
 2.90398E+03
 2.90398E+03
 2.90397E+03
 2.90397E+03
 2.90397E+03
 2.90396E+03
 2.90396E+03
 2.90396E+03
 2.90396E+03
 2.90395E+03
 2.90395E+03
 2.90395E+03
 2.90395E+03
 2.90395E+03
 2.90394E+03
 2.90394E+03
 2.90394E+03
 2.90394E+03
 2.90394E+03
 2.90394E+03
 2.90394E+03
 2.88908E+03
 2.90138E+03
 2.90373E+03
 2.90402E+03
 2.90405E+03
 2.90404E+03
 2.90404E+03
 2.90403E+03
 2.90403E+03
 2.90402E+03
 2.90402E+03
 2.90401E+03
 2.90401E+03
 2.90400E+03
 2.90400E+03
 2.90399E+03
 2.90399E+03
 2.90399E+03
 2.90398E+03
 2.90398E+03
 2.90397E+03
 2.90397E+03
 2.90397E+03
 2.90396E+03
 2.90396E+03
 2.90396E+03
 2.90396E+03
 2.90395E+03
 2.90395E+03
 2.90395E+03
 2.90395E+03
 2.90395E+03
 2.90394E+03
 2.90394E+03
 2.90394E+03
 2.90394E+03
 2.90394E+03
 2.90394E+03
 2.90394E+03
 2.90394E+03
 2.90271E+03
 2.90395E+03
 2.90404E+03
 2.90404E+03
 2.90404E+03
 2.90404E+03
 2.90403E+03
 2.90403E+03
 2.90402E+03
 2.90402E+03
 2.90402E+03
 2.90401E+03
 2.90401E+03
 2.90400E+03
 2.90400E+03
 2.90399E+03
 2.90399E+03
 2.90398E+03
 2.90398E+03
 2.90398E+03
 2.90397E+03
 2.90397E+03
 2.90397E+03
 2.90396E+03
 2.90396E+03
 2.90396E+03
 2.90395E+03
 2.90395E+03
 2.90395E+03
 2.90395E+03
 2.90395E+03
 2.90394E+03
 2.90394E+03
 2.90394E+03
 2.90394E+03
 2.90394E+03
 2.90394E+03
 2.90394E+03
 2.90394E+03
 2.90394E+03
 2.90395E+03
 2.90404E+03
 2.90404E+03
 2.90404E+03
 2.90404E+03
 2.90403E+03
 2.90403E+03
 2.90402E+03
 2.90402E+03
 2.90402E+03
 2.90401E+03
 2.90401E+03
 2.90400E+03
 2.90400E+03
 2.90399E+03
 2.90399E+03
 2.90399E+03
 2.90398E+03
 2.90398E+03
 2.90397E+03
 2.90397E+03
 2.90397E+03
 2.90396E+03
 2.90396E+03
 2.90396E+03
 2.90396E+03
 2.90395E+03
 2.90395E+03
 2.90395E+03
 2.90395E+03
 2.90394E+03
 2.90394E+03
 2.90394E+03
 2.90394E+03
 2.90394E+03
 2.90394E+03
 2.90394E+03
 2.90394E+03
 2.90394E+03
 2.90394E+03
 2.90403E+03
 2.90403E+03
 2.90403E+03
 2.90403E+03
 2.90403E+03
 2.90403E+03
 2.90402E+03
 2.90402E+03
 2.90402E+03
 2.90401E+03
 2.90401E+03
 2.90400E+03
 2.90400E+03
 2.90399E+03
 2.90399E+03
 2.90399E+03
 2.90398E+03
 2.90398E+03
 2.90398E+03
 2.90397E+03
 2.90397E+03
 2.90396E+03
 2.90396E+03
 2.90396E+03
 2.90396E+03
 2.90395E+03
 2.90395E+03
 2.90395E+03
 2.90395E+03
 2.90394E+03
 2.90394E+03
 2.90394E+03
 2.90394E+03
 2.90394E+03
 2.90394E+03
 2.90394E+03
 2.90393E+03
 2.90393E+03
 2.90393E+03
 2.90393E+03
 2.90403E+03
 2.90403E+03
 2.90403E+03
 2.90402E+03
 2.90402E+03
 2.90402E+03
 2.90402E+03
 2.90401E+03
 2.90401E+03
 2.90401E+03
 2.90400E+03
 2.90400E+03
 2.90400E+03
 2.90399E+03
 2.90399E+03
 2.90398E+03
 2.90398E+03
 2.90398E+03
 2.90397E+03
 2.90397E+03
 2.90397E+03
 2.90396E+03
 2.90396E+03
 2.90396E+03
 2.90395E+03
 2.90395E+03
 2.90395E+03
 2.90395E+03
 2.90394E+03
 2.90394E+03
 2.90394E+03
 2.90394E+03
 2.90394E+03
 2.90394E+03
 2.90393E+03
 2.90393E+03
 2.90393E+03
 2.90393E+03
 2.90393E+03
 2.90393E+03
 2.90402E+03
 2.90402E+03
 2.90402E+03
 2.90402E+03
 2.90402E+03
 2.90401E+03
 2.90401E+03
 2.90401E+03
 2.90401E+03
 2.90400E+03
 2.90400E+03
 2.90400E+03
 2.90399E+03
 2.90399E+03
 2.90398E+03
 2.90398E+03
 2.90398E+03
 2.90397E+03
 2.90397E+03
 2.90397E+03
 2.90396E+03
 2.90396E+03
 2.90396E+03
 2.90395E+03
 2.90395E+03
 2.90395E+03
 2.90395E+03
 2.90394E+03
 2.90394E+03
 2.90394E+03
 2.90394E+03
 2.90394E+03
 2.90393E+03
 2.90393E+03
 2.90393E+03
 2.90393E+03
 2.90393E+03
 2.90393E+03
 2.90393E+03
 2.90393E+03
 2.90402E+03
 2.90402E+03
 2.90401E+03
 2.90401E+03
 2.90401E+03
 2.90401E+03
 2.90401E+03
 2.90400E+03
 2.90400E+03
 2.90400E+03
 2.90399E+03
 2.90399E+03
 2.90399E+03
 2.90398E+03
 2.90398E+03
 2.90398E+03
 2.90397E+03
 2.90397E+03
 2.90397E+03
 2.90396E+03
 2.90396E+03
 2.90396E+03
 2.90395E+03
 2.90395E+03
 2.90395E+03
 2.90395E+03
 2.90394E+03
 2.90394E+03
 2.90394E+03
 2.90394E+03
 2.90393E+03
 2.90393E+03
 2.90393E+03
 2.90393E+03
 2.90393E+03
 2.90393E+03
 2.90393E+03
 2.90393E+03
 2.90393E+03
 2.90393E+03
 2.90401E+03
 2.90401E+03
 2.90401E+03
 2.90401E+03
 2.90401E+03
 2.90400E+03
 2.90400E+03
 2.90400E+03
 2.90400E+03
 2.90399E+03
 2.90399E+03
 2.90399E+03
 2.90398E+03
 2.90398E+03
 2.90398E+03
 2.90397E+03
 2.90397E+03
 2.90397E+03
 2.90396E+03
 2.90396E+03
 2.90396E+03
 2.90395E+03
 2.90395E+03
 2.90395E+03
 2.90395E+03
 2.90394E+03
 2.90394E+03
 2.90394E+03
 2.90394E+03
 2.90393E+03
 2.90393E+03
 2.90393E+03
 2.90393E+03
 2.90393E+03
 2.90393E+03
 2.90392E+03
 2.90392E+03
 2.90392E+03
 2.90392E+03
 2.90392E+03
 2.90400E+03
 2.90400E+03
 2.90400E+03
 2.90400E+03
 2.90400E+03
 2.90400E+03
 2.90400E+03
 2.90399E+03
 2.90399E+03
 2.90399E+03
 2.90399E+03
 2.90398E+03
 2.90398E+03
 2.90398E+03
 2.90397E+03
 2.90397E+03
 2.90397E+03
 2.90396E+03
 2.90396E+03
 2.90396E+03
 2.90395E+03
 2.90395E+03
 2.90395E+03
 2.90395E+03
 2.90394E+03
 2.90394E+03
 2.90394E+03
 2.90394E+03
 2.90393E+03
 2.90393E+03
 2.90393E+03
 2.90393E+03
 2.90393E+03
 2.90392E+03
 2.90392E+03
 2.90392E+03
 2.90392E+03
 2.90392E+03
 2.90392E+03
 2.90392E+03
 2.90400E+03
 2.90400E+03
 2.90400E+03
 2.90400E+03
 2.90400E+03
 2.90399E+03
 2.90399E+03
 2.90399E+03
 2.90399E+03
 2.90399E+03
 2.90398E+03
 2.90398E+03
 2.90398E+03
 2.90397E+03
 2.90397E+03
 2.90397E+03
 2.90396E+03
 2.90396E+03
 2.90396E+03
 2.90395E+03
 2.90395E+03
 2.90395E+03
 2.90395E+03
 2.90394E+03
 2.90394E+03
 2.90394E+03
 2.90393E+03
 2.90393E+03
 2.90393E+03
 2.90393E+03
 2.90393E+03
 2.90392E+03
 2.90392E+03
 2.90392E+03
 2.90392E+03
 2.90392E+03
 2.90392E+03
 2.90392E+03
 2.90392E+03
 2.90392E+03
 2.90399E+03
 2.90399E+03
 2.90399E+03
 2.90399E+03
 2.90399E+03
 2.90399E+03
 2.90399E+03
 2.90399E+03
 2.90398E+03
 2.90398E+03
 2.90398E+03
 2.90398E+03
 2.90397E+03
 2.90397E+03
 2.90397E+03
 2.90396E+03
 2.90396E+03
 2.90396E+03
 2.90395E+03
 2.90395E+03
 2.90395E+03
 2.90395E+03
 2.90394E+03
 2.90394E+03
 2.90394E+03
 2.90393E+03
 2.90393E+03
 2.90393E+03
 2.90393E+03
 2.90392E+03
 2.90392E+03
 2.90392E+03
 2.90392E+03
 2.90392E+03
 2.90392E+03
 2.90391E+03
 2.90391E+03
 2.90391E+03
 2.90391E+03
 2.90391E+03
 2.90399E+03
 2.90399E+03
 2.90399E+03
 2.90399E+03
 2.90399E+03
 2.90399E+03
 2.90398E+03
 2.90398E+03
 2.90398E+03
 2.90398E+03
 2.90398E+03
 2.90397E+03
 2.90397E+03
 2.90397E+03
 2.90396E+03
 2.90396E+03
 2.90396E+03
 2.90395E+03
 2.90395E+03
 2.90395E+03
 2.90395E+03
 2.90394E+03
 2.90394E+03
 2.90394E+03
 2.90393E+03
 2.90393E+03
 2.90393E+03
 2.90393E+03
 2.90392E+03
 2.90392E+03
 2.90392E+03
 2.90392E+03
 2.90392E+03
 2.90391E+03
 2.90391E+03
 2.90391E+03
 2.90391E+03
 2.90391E+03
 2.90391E+03
 2.90391E+03
 2.90399E+03
 2.90399E+03
 2.90398E+03
 2.90398E+03
 2.90398E+03
 2.90398E+03
 2.90398E+03
 2.90398E+03
 2.90398E+03
 2.90397E+03
 2.90397E+03
 2.90397E+03
 2.90397E+03
 2.90396E+03
 2.90396E+03
 2.90396E+03
 2.90395E+03
 2.90395E+03
 2.90395E+03
 2.90395E+03
 2.90394E+03
 2.90394E+03
 2.90394E+03
 2.90393E+03
 2.90393E+03
 2.90393E+03
 2.90393E+03
 2.90392E+03
 2.90392E+03
 2.90392E+03
 2.90392E+03
 2.90391E+03
 2.90391E+03
 2.90391E+03
 2.90391E+03
 2.90391E+03
 2.90391E+03
 2.90390E+03
 2.90390E+03
 2.90390E+03
 2.90398E+03
 2.90398E+03
 2.90398E+03
 2.90398E+03
 2.90398E+03
 2.90398E+03
 2.90398E+03
 2.90397E+03
 2.90397E+03
 2.90397E+03
 2.90397E+03
 2.90397E+03
 2.90396E+03
 2.90396E+03
 2.90396E+03
 2.90395E+03
 2.90395E+03
 2.90395E+03
 2.90395E+03
 2.90394E+03
 2.90394E+03
 2.90394E+03
 2.90393E+03
 2.90393E+03
 2.90393E+03
 2.90392E+03
 2.90392E+03
 2.90392E+03
 2.90392E+03
 2.90391E+03
 2.90391E+03
 2.90391E+03
 2.90391E+03
 2.90391E+03
 2.90390E+03
 2.90390E+03
 2.90390E+03
 2.90390E+03
 2.90390E+03
 2.90390E+03
 2.90398E+03
 2.90398E+03
 2.90398E+03
 2.90398E+03
 2.90398E+03
 2.90397E+03
 2.90397E+03
 2.90397E+03
 2.90397E+03
 2.90397E+03
 2.90396E+03
 2.90396E+03
 2.90396E+03
 2.90396E+03
 2.90395E+03
 2.90395E+03
 2.90395E+03
 2.90395E+03
 2.90394E+03
 2.90394E+03
 2.90394E+03
 2.90393E+03
 2.90393E+03
 2.90393E+03
 2.90392E+03
 2.90392E+03
 2.90392E+03
 2.90392E+03
 2.90391E+03
 2.90391E+03
 2.90391E+03
 2.90391E+03
 2.90390E+03
 2.90390E+03
 2.90390E+03
 2.90390E+03
 2.90390E+03
 2.90390E+03
 2.90389E+03
 2.90389E+03
 2.90397E+03
 2.90397E+03
 2.90397E+03
 2.90397E+03
 2.90397E+03
 2.90397E+03
 2.90397E+03
 2.90397E+03
 2.90397E+03
 2.90396E+03
 2.90396E+03
 2.90396E+03
 2.90396E+03
 2.90395E+03
 2.90395E+03
 2.90395E+03
 2.90395E+03
 2.90394E+03
 2.90394E+03
 2.90394E+03
 2.90393E+03
 2.90393E+03
 2.90393E+03
 2.90392E+03
 2.90392E+03
 2.90392E+03
 2.90391E+03
 2.90391E+03
 2.90391E+03
 2.90391E+03
 2.90390E+03
 2.90390E+03
 2.90390E+03
 2.90390E+03
 2.90389E+03
 2.90389E+03
 2.90389E+03
 2.90389E+03
 2.90389E+03
 2.90389E+03
 2.90397E+03
 2.90397E+03
 2.90397E+03
 2.90397E+03
 2.90397E+03
 2.90397E+03
 2.90397E+03
 2.90396E+03
 2.90396E+03
 2.90396E+03
 2.90396E+03
 2.90396E+03
 2.90395E+03
 2.90395E+03
 2.90395E+03
 2.90395E+03
 2.90394E+03
 2.90394E+03
 2.90394E+03
 2.90393E+03
 2.90393E+03
 2.90393E+03
 2.90392E+03
 2.90392E+03
 2.90392E+03
 2.90391E+03
 2.90391E+03
 2.90391E+03
 2.90390E+03
 2.90390E+03
 2.90390E+03
 2.90390E+03
 2.90389E+03
 2.90389E+03
 2.90389E+03
 2.90389E+03
 2.90389E+03
 2.90388E+03
 2.90388E+03
 2.90388E+03
 2.90397E+03
 2.90397E+03
 2.90397E+03
 2.90397E+03
 2.90397E+03
 2.90396E+03
 2.90396E+03
 2.90396E+03
 2.90396E+03
 2.90396E+03
 2.90396E+03
 2.90395E+03
 2.90395E+03
 2.90395E+03
 2.90395E+03
 2.90394E+03
 2.90394E+03
 2.90394E+03
 2.90393E+03
 2.90393E+03
 2.90393E+03
 2.90392E+03
 2.90392E+03
 2.90392E+03
 2.90391E+03
 2.90391E+03
 2.90391E+03
 2.90390E+03
 2.90390E+03
 2.90390E+03
 2.90389E+03
 2.90389E+03
 2.90389E+03
 2.90389E+03
 2.90388E+03
 2.90388E+03
 2.90388E+03
 2.90388E+03
 2.90388E+03
 2.90388E+03
 2.90396E+03
 2.90396E+03
 2.90396E+03
 2.90396E+03
 2.90396E+03
 2.90396E+03
 2.90396E+03
 2.90396E+03
 2.90396E+03
 2.90396E+03
 2.90395E+03
 2.90395E+03
 2.90395E+03
 2.90395E+03
 2.90394E+03
 2.90394E+03
 2.90394E+03
 2.90393E+03
 2.90393E+03
 2.90393E+03
 2.90392E+03
 2.90392E+03
 2.90392E+03
 2.90391E+03
 2.90391E+03
 2.90391E+03
 2.90390E+03
 2.90390E+03
 2.90390E+03
 2.90389E+03
 2.90389E+03
 2.90389E+03
 2.90388E+03
 2.90388E+03
 2.90388E+03
 2.90388E+03
 2.90387E+03
 2.90387E+03
 2.90387E+03
 2.90387E+03
 2.90396E+03
 2.90396E+03
 2.90396E+03
 2.90396E+03
 2.90396E+03
 2.90396E+03
 2.90396E+03
 2.90396E+03
 2.90395E+03
 2.90395E+03
 2.90395E+03
 2.90395E+03
 2.90395E+03
 2.90394E+03
 2.90394E+03
 2.90394E+03
 2.90393E+03
 2.90393E+03
 2.90393E+03
 2.90393E+03
 2.90392E+03
 2.90392E+03
 2.90391E+03
 2.90391E+03
 2.90391E+03
 2.90390E+03
 2.90390E+03
 2.90390E+03
 2.90389E+03
 2.90389E+03
 2.90388E+03
 2.90388E+03
 2.90388E+03
 2.90387E+03
 2.90387E+03
 2.90387E+03
 2.90387E+03
 2.90387E+03
 2.90386E+03
 2.90386E+03
 2.90396E+03
 2.90396E+03
 2.90396E+03
 2.90396E+03
 2.90396E+03
 2.90396E+03
 2.90396E+03
 2.90395E+03
 2.90395E+03
 2.90395E+03
 2.90395E+03
 2.90395E+03
 2.90394E+03
 2.90394E+03
 2.90394E+03
 2.90394E+03
 2.90393E+03
 2.90393E+03
 2.90393E+03
 2.90392E+03
 2.90392E+03
 2.90392E+03
 2.90391E+03
 2.90391E+03
 2.90390E+03
 2.90390E+03
 2.90390E+03
 2.90389E+03
 2.90389E+03
 2.90388E+03
 2.90388E+03
 2.90388E+03
 2.90387E+03
 2.90387E+03
 2.90387E+03
 2.90386E+03
 2.90386E+03
 2.90386E+03
 2.90386E+03
 2.90386E+03
 2.90396E+03
 2.90396E+03
 2.90396E+03
 2.90396E+03
 2.90396E+03
 2.90395E+03
 2.90395E+03
 2.90395E+03
 2.90395E+03
 2.90395E+03
 2.90395E+03
 2.90394E+03
 2.90394E+03
 2.90394E+03
 2.90394E+03
 2.90393E+03
 2.90393E+03
 2.90393E+03
 2.90392E+03
 2.90392E+03
 2.90392E+03
 2.90391E+03
 2.90391E+03
 2.90390E+03
 2.90390E+03
 2.90390E+03
 2.90389E+03
 2.90389E+03
 2.90388E+03
 2.90388E+03
 2.90387E+03
 2.90387E+03
 2.90387E+03
 2.90386E+03
 2.90386E+03
 2.90385E+03
 2.90385E+03
 2.90385E+03
 2.90385E+03
 2.90385E+03
 2.90396E+03
 2.90395E+03
 2.90395E+03
 2.90395E+03
 2.90395E+03
 2.90395E+03
 2.90395E+03
 2.90395E+03
 2.90395E+03
 2.90395E+03
 2.90394E+03
 2.90394E+03
 2.90394E+03
 2.90394E+03
 2.90393E+03
 2.90393E+03
 2.90393E+03
 2.90392E+03
 2.90392E+03
 2.90392E+03
 2.90391E+03
 2.90391E+03
 2.90391E+03
 2.90390E+03
 2.90390E+03
 2.90389E+03
 2.90389E+03
 2.90388E+03
 2.90388E+03
 2.90387E+03
 2.90387E+03
 2.90386E+03
 2.90386E+03
 2.90385E+03
 2.90385E+03
 2.90385E+03
 2.90384E+03
 2.90384E+03
 2.90384E+03
 2.90384E+03
 2.90395E+03
 2.90395E+03
 2.90395E+03
 2.90395E+03
 2.90395E+03
 2.90395E+03
 2.90395E+03
 2.90395E+03
 2.90395E+03
 2.90394E+03
 2.90394E+03
 2.90394E+03
 2.90394E+03
 2.90393E+03
 2.90393E+03
 2.90393E+03
 2.90393E+03
 2.90392E+03
 2.90392E+03
 2.90392E+03
 2.90391E+03
 2.90391E+03
 2.90390E+03
 2.90390E+03
 2.90389E+03
 2.90389E+03
 2.90388E+03
 2.90388E+03
 2.90387E+03
 2.90387E+03
 2.90386E+03
 2.90386E+03
 2.90385E+03
 2.90385E+03
 2.90384E+03
 2.90384E+03
 2.90383E+03
 2.90383E+03
 2.90383E+03
 2.90383E+03
 2.90395E+03
 2.90395E+03
 2.90395E+03
 2.90395E+03
 2.90395E+03
 2.90395E+03
 2.90395E+03
 2.90395E+03
 2.90394E+03
 2.90394E+03
 2.90394E+03
 2.90394E+03
 2.90394E+03
 2.90393E+03
 2.90393E+03
 2.90393E+03
 2.90392E+03
 2.90392E+03
 2.90392E+03
 2.90391E+03
 2.90391E+03
 2.90391E+03
 2.90390E+03
 2.90390E+03
 2.90389E+03
 2.90389E+03
 2.90388E+03
 2.90388E+03
 2.90387E+03
 2.90386E+03
 2.90386E+03
 2.90385E+03
 2.90385E+03
 2.90384E+03
 2.90383E+03
 2.90383E+03
 2.90382E+03
 2.90382E+03
 2.90382E+03
 2.90382E+03
 2.90395E+03
 2.90395E+03
 2.90395E+03
 2.90395E+03
 2.90395E+03
 2.90395E+03
 2.90395E+03
 2.90394E+03
 2.90394E+03
 2.90394E+03
 2.90394E+03
 2.90394E+03
 2.90393E+03
 2.90393E+03
 2.90393E+03
 2.90393E+03
 2.90392E+03
 2.90392E+03
 2.90392E+03
 2.90391E+03
 2.90391E+03
 2.90390E+03
 2.90390E+03
 2.90389E+03
 2.90389E+03
 2.90388E+03
 2.90388E+03
 2.90387E+03
 2.90387E+03
 2.90386E+03
 2.90385E+03
 2.90385E+03
 2.90384E+03
 2.90383E+03
 2.90382E+03
 2.90382E+03
 2.90381E+03
 2.90381E+03
 2.90380E+03
 2.90380E+03
 2.90395E+03
 2.90395E+03
 2.90395E+03
 2.90395E+03
 2.90395E+03
 2.90395E+03
 2.90394E+03
 2.90394E+03
 2.90394E+03
 2.90394E+03
 2.90394E+03
 2.90394E+03
 2.90393E+03
 2.90393E+03
 2.90393E+03
 2.90392E+03
 2.90392E+03
 2.90392E+03
 2.90391E+03
 2.90391E+03
 2.90391E+03
 2.90390E+03
 2.90390E+03
 2.90389E+03
 2.90389E+03
 2.90388E+03
 2.90387E+03
 2.90387E+03
 2.90386E+03
 2.90385E+03
 2.90385E+03
 2.90384E+03
 2.90383E+03
 2.90382E+03
 2.90381E+03
 2.90381E+03
 2.90380E+03
 2.90379E+03
 2.90379E+03
 2.90378E+03
 2.90395E+03
 2.90395E+03
 2.90395E+03
 2.90395E+03
 2.90395E+03
 2.90394E+03
 2.90394E+03
 2.90394E+03
 2.90394E+03
 2.90394E+03
 2.90394E+03
 2.90393E+03
 2.90393E+03
 2.90393E+03
 2.90393E+03
 2.90392E+03
 2.90392E+03
 2.90392E+03
 2.90391E+03
 2.90391E+03
 2.90390E+03
 2.90390E+03
 2.90389E+03
 2.90389E+03
 2.90388E+03
 2.90388E+03
 2.90387E+03
 2.90387E+03
 2.90386E+03
 2.90385E+03
 2.90384E+03
 2.90383E+03
 2.90382E+03
 2.90381E+03
 2.90380E+03
 2.90379E+03
 2.90378E+03
 2.90377E+03
 2.90377E+03
 2.90376E+03
 2.90395E+03
 2.90395E+03
 2.90395E+03
 2.90395E+03
 2.90394E+03
 2.90394E+03
 2.90394E+03
 2.90394E+03
 2.90394E+03
 2.90394E+03
 2.90394E+03
 2.90393E+03
 2.90393E+03
 2.90393E+03
 2.90392E+03
 2.90392E+03
 2.90392E+03
 2.90391E+03
 2.90391E+03
 2.90391E+03
 2.90390E+03
 2.90390E+03
 2.90389E+03
 2.90389E+03
 2.90388E+03
 2.90388E+03
 2.90387E+03
 2.90386E+03
 2.90385E+03
 2.90385E+03
 2.90384E+03
 2.90383E+03
 2.90382E+03
 2.90381E+03
 2.90379E+03
 2.90378E+03
 2.90377E+03
 2.90375E+03
 2.90374E+03
 2.90374E+03
 2.90395E+03
 2.90395E+03
 2.90395E+03
 2.90394E+03
 2.90394E+03
 2.90394E+03
 2.90394E+03
 2.90394E+03
 2.90394E+03
 2.90394E+03
 2.90393E+03
 2.90393E+03
 2.90393E+03
 2.90393E+03
 2.90392E+03
 2.90392E+03
 2.90392E+03
 2.90391E+03
 2.90391E+03
 2.90391E+03
 2.90390E+03
 2.90390E+03
 2.90389E+03
 2.90389E+03
 2.90388E+03
 2.90387E+03
 2.90387E+03
 2.90386E+03
 2.90385E+03
 2.90384E+03
 2.90383E+03
 2.90382E+03
 2.90381E+03
 2.90380E+03
 2.90378E+03
 2.90377E+03
 2.90375E+03
 2.90373E+03
 2.90371E+03
 2.90370E+03
 2.90395E+03
 2.90395E+03
 2.90394E+03
 2.90394E+03
 2.90394E+03
 2.90394E+03
 2.90394E+03
 2.90394E+03
 2.90394E+03
 2.90394E+03
 2.90393E+03
 2.90393E+03
 2.90393E+03
 2.90393E+03
 2.90392E+03
 2.90392E+03
 2.90392E+03
 2.90391E+03
 2.90391E+03
 2.90390E+03
 2.90390E+03
 2.90390E+03
 2.90389E+03
 2.90388E+03
 2.90388E+03
 2.90387E+03
 2.90387E+03
 2.90386E+03
 2.90385E+03
 2.90384E+03
 2.90383E+03
 2.90382E+03
 2.90381E+03
 2.90379E+03
 2.90377E+03
 2.90375E+03
 2.90373E+03
 2.90370E+03
 2.90366E+03
 2.90364E+03
 2.90394E+03
 2.90394E+03
 2.90394E+03
 2.90394E+03
 2.90394E+03
 2.90394E+03
 2.90394E+03
 2.90394E+03
 2.90394E+03
 2.90394E+03
 2.90393E+03
 2.90393E+03
 2.90393E+03
 2.90393E+03
 2.90392E+03
 2.90392E+03
 2.90392E+03
 2.90391E+03
 2.90391E+03
 2.90390E+03
 2.90390E+03
 2.90389E+03
 2.90389E+03
 2.90388E+03
 2.90388E+03
 2.90387E+03
 2.90386E+03
 2.90386E+03
 2.90385E+03
 2.90384E+03
 2.90383E+03
 2.90382E+03
 2.90380E+03
 2.90379E+03
 2.90377E+03
 2.90374E+03
 2.90371E+03
 2.90366E+03
 2.90360E+03
 2.90354E+03
 2.90394E+03
 2.90394E+03
 2.90394E+03
 2.90394E+03
 2.90394E+03
 2.90394E+03
 2.90394E+03
 2.90394E+03
 2.90394E+03
 2.90394E+03
 2.90393E+03
 2.90393E+03
 2.90393E+03
 2.90393E+03
 2.90392E+03
 2.90392E+03
 2.90392E+03
 2.90391E+03
 2.90391E+03
 2.90390E+03
 2.90390E+03
 2.90389E+03
 2.90389E+03
 2.90388E+03
 2.90388E+03
 2.90387E+03
 2.90386E+03
 2.90386E+03
 2.90385E+03
 2.90384E+03
 2.90383E+03
 2.90382E+03
 2.90380E+03
 2.90378E+03
 2.90376E+03
 2.90374E+03
 2.90370E+03
 2.90364E+03
 2.90354E+03
 2.90337E+03
