  1.0000000000000000E+00
  9.9988064873336846E-01
  9.9977433751282918E-01
  9.9970464342431764E-01
  9.9965837308206174E-01
  9.9962679139228539E-01
  9.9960440211532142E-01
  9.9958776466552102E-01
  9.9957472643820466E-01
  9.9956393231681062E-01
  9.9955453710887143E-01
  9.9954601744997362E-01
  9.9953804342463692E-01
  9.9953041696482769E-01
  9.9952300673751604E-01
  9.9951568855194795E-01
  9.9950855939637961E-01
  9.9950161956118833E-01
  9.9949470708616928E-01
  9.9948781294411926E-01
  9.9948093227569568E-01
  9.9947406179897069E-01
  9.9946719919275362E-01
  9.9946034276345896E-01
  9.9945349123522464E-01
  9.9944664361678281E-01
  9.9943979911113234E-01
  9.9943295705947344E-01
  9.9942611690409355E-01
  9.9941927816198639E-01
  9.9941244040893762E-01
  9.9940560326610806E-01
  9.9939876639329150E-01
  9.9939192948199207E-01
  9.9938509225028094E-01
  9.9937825444164952E-01
  9.9937141582131683E-01
  9.9936457617189822E-01
  9.9935773529771132E-01
  9.9935089301627500E-01
  9.9934404916380726E-01
  9.9933720359092182E-01
  9.9933035616237786E-01
  9.9932350675928228E-01
  9.9931665527535185E-01
  9.9930980162083360E-01
  9.9930294572026324E-01
  9.9929608751325416E-01
  9.9928922695485645E-01
  9.9928236401803350E-01
  9.9927549867319976E-01
  9.9926863123676557E-01
  9.9926176122892563E-01
  9.9925488895673165E-01
  9.9924801454209766E-01
  9.9924113813039761E-01
  9.9923425991127002E-01
  9.9922738013399459E-01
  9.9922049912072630E-01
  9.9921361728413349E-01
  9.9920673515642633E-01
  9.9919985341948725E-01
  9.9919297294436127E-01
  9.9918609483763476E-01
  9.9917922046512919E-01
  9.9917235135496285E-01
  9.9916410433403557E-01
  9.9915269997857958E-01
  9.9914450844774938E-01
  9.9913624593996164E-01
  9.9912716611908881E-01
  9.9911884973350518E-01
  9.9911010476440654E-01
  9.9910226578691164E-01
  9.9909401990637448E-01
  9.9908662260140590E-01
  9.9907876350217362E-01
  9.9907166572433226E-01
  9.9906405783093788E-01
  9.9905713816748298E-01
  9.9904968153364204E-01
  9.9904285906728263E-01
  9.9903549072802023E-01
  9.9902871695499262E-01
  9.9902140015849639E-01
  9.9901464767211834E-01
  9.9900736187846295E-01
  9.9900061578462740E-01
  9.9899334980965582E-01
  9.9898660225993774E-01
  9.9897935010256089E-01
  9.9897259708910469E-01
  9.9896535554447197E-01
  9.9895859510744822E-01
  9.9895136245458938E-01
  9.9894459370993149E-01
  9.9893736900426555E-01
  9.9893059162499331E-01
  9.9892337432598610E-01
  9.9891658827152385E-01
  9.9890937804806557E-01
  9.9890258342272642E-01
  9.9889538005126388E-01
  9.9888857703106892E-01
  9.9888138034441099E-01
  9.9887456914099138E-01
  9.9886737898408662E-01
  9.9886055986971678E-01
  9.9885337594006274E-01
  9.9884653664108580E-01
  9.9883933839024130E-01
  9.9883247538114539E-01
  9.9882527327809489E-01
  9.9881839584515053E-01
  9.9881119413070107E-01
  9.9880430710847456E-01
  9.9879710928347709E-01
  9.9879021346430807E-01
  9.9878302135718955E-01
  9.9877612044660613E-01
  9.9876893919810172E-01
  9.9876200364631873E-01
  9.9875489823162755E-01
  9.9874814961411462E-01
  9.9874122674898536E-01
  9.9873453914071608E-01
  9.9872758191955846E-01
  9.9872086534215598E-01
  9.9871390073005684E-01
  9.9870717313291790E-01
  9.9870021186661495E-01
  9.9869347987242241E-01
  9.9868652558145377E-01
  9.9867979139600271E-01
  9.9867284498735753E-01
  9.9866610914125653E-01
  9.9865917050688768E-01
  9.9865243291923689E-01
  9.9864550159661070E-01
  9.9863876198303181E-01
  9.9863183721811011E-01
  9.9862499136594396E-01
  9.9861810857980349E-01
  9.9861128794851461E-01
  9.9860442353350187E-01
  9.9859761263357028E-01
  9.9859075665494568E-01
  9.9858394919616178E-01
  9.9857709752489210E-01
  9.9857029086191085E-01
  9.9856344166026545E-01
  9.9855663458985067E-01
  9.9854978693465757E-01
  9.9854297883274390E-01
  9.9853613217253123E-01
  9.9852932265502370E-01
  9.9852247659470783E-01
  9.9851566538340120E-01
  9.9850881960433480E-01
  9.9850200647192633E-01
  9.9849516069456579E-01
  9.9848834544397103E-01
  9.9848149941368081E-01
  9.9847468187051291E-01
  9.9846783535218309E-01
  9.9846101535698761E-01
  9.9845416813273358E-01
  9.9844734554137415E-01
  9.9844049740737428E-01
  9.9843367208856082E-01
  9.9842682285356865E-01
  9.9841999468904574E-01
  9.9841314417655502E-01
  9.9840631306018579E-01
  9.9839946110465805E-01
  9.9839262694026465E-01
  9.9838577338940593E-01
  9.9837893609374817E-01
  9.9837208080518680E-01
  9.9836524030557117E-01
  9.9835838314973657E-01
  9.9835153938434651E-01
  9.9834468024361178E-01
  9.9833783316333524E-01
  9.9833097193234466E-01
  9.9832412149766947E-01
  9.9831725808242999E-01
  9.9831040426803563E-01
  9.9830353858868426E-01
  9.9829668137898042E-01
  9.9828981336849110E-01
  9.9828295275577272E-01
  9.9827608235091680E-01
  9.9826921894237697E-01
  9.9826234592671248E-01
  9.9825547849401031E-01
  9.9824860314318120E-01
  9.9824173249664205E-01
  9.9823485477742702E-01
  9.9822798096209486E-01
  9.9822110087800220E-01
  9.9821422397928805E-01
  9.9820734157599889E-01
  9.9820046172491383E-01
  9.9819357709584611E-01
  9.9818669446559150E-01
  9.9817980774989457E-01
  9.9817292256580981E-01
  9.9816603396039427E-01
  9.9815914651060145E-01
  9.9815225628341964E-01
  9.9814536693328315E-01
  9.9813847543921430E-01
  9.9813158465683094E-01
  9.9812469236570778E-01
  9.9811780074435807E-01
  9.9811090826934090E-01
  9.9810401656002223E-01
  9.9809712468383505E-01
  9.9809023381527884E-01
  9.9808334349076622E-01
  9.9807645451534988E-01
  9.9806956671605274E-01
  9.9806268046558100E-01
  9.9805579542286549E-01
  9.9804788116864196E-01
  9.9803651814404004E-01
  9.9802823698472409E-01
  9.9801959944840968E-01
  9.9800995166741913E-01
  9.9800079082199877E-01
  9.9799110583857609E-01
  9.9798218610551692E-01
  9.9797287269577162E-01
  9.9796437937468763E-01
  9.9795549944119866E-01
  9.9794741799178677E-01
  9.9793892172773646E-01
  9.9793118117048962E-01
  9.9792299373812454E-01
  9.9791551770654163E-01
  9.9790756870249209E-01
  9.9790029134695335E-01
  9.9789252280959140E-01
  9.9788539184720426E-01
  9.9787775867205186E-01
  9.9787073415392313E-01
  9.9786320219353108E-01
  9.9785625419431645E-01
  9.9784879796663961E-01
  9.9784190431563624E-01
  9.9783450495418347E-01
  9.9782764933258028E-01
  9.9782029292927876E-01
  9.9781346337549026E-01
  9.9780613970193888E-01
  9.9779932747693323E-01
  9.9779202901991371E-01
  9.9778522775473077E-01
  9.9777794899726158E-01
  9.9777115406326500E-01
  9.9776389095338991E-01
  9.9775709899744180E-01
  9.9774984855716531E-01
  9.9774305715925971E-01
  9.9773581719610993E-01
  9.9772902461818536E-01
  9.9772179351572177E-01
  9.9771499851937950E-01
  9.9770777508242170E-01
  9.9770097679364123E-01
  9.9769376012910671E-01
  9.9768695796061568E-01
  9.9767974722299180E-01
  9.9767293730655771E-01
  9.9766572589517677E-01
  9.9765890546099845E-01
  9.9765169465332848E-01
  9.9764486572722688E-01
  9.9763765781073965E-01
  9.9763082263575509E-01
  9.9762361891554996E-01
  9.9761677835076468E-01
  9.9760957814337448E-01
  9.9760273252226084E-01
  9.9759553640906362E-01
  9.9758868596220140E-01
  9.9758149422574582E-01
  9.9757463902889243E-01
  9.9756744513342110E-01
  9.9756057378433682E-01
  9.9755336334949851E-01
  9.9754651233288594E-01
  9.9753937324882547E-01
  9.9753256978048821E-01
  9.9752548563459909E-01
  9.9751868782176489E-01
  9.9751158265820383E-01
  9.9750476531081189E-01
  9.9749765531279755E-01
  9.9749082867672989E-01
  9.9748371829311455E-01
  9.9747688606372720E-01
  9.9746977857175467E-01
  9.9746294263172985E-01
  9.9745584007532972E-01
  9.9744900054068697E-01
  9.9744190423771273E-01
  9.9743506303512652E-01
  9.9742797195919219E-01
  9.9742110902912906E-01
  9.9741406788283127E-01
  9.9740732217355399E-01
  9.9740037048609054E-01
  9.9739368513501991E-01
  9.9738680307393635E-01
  9.9738012109864682E-01
  9.9737319347074138E-01
  9.9736647780888599E-01
  9.9735953544828393E-01
  9.9735280625225875E-01
  9.9734586159608929E-01
  9.9733912662833180E-01
  9.9733218432612281E-01
  9.9732544648223065E-01
  9.9731850814841450E-01
  9.9731176843190394E-01
  9.9730483450572238E-01
  9.9729809319108276E-01
  9.9729116366363302E-01
  9.9728442075103130E-01
  9.9727749544909861E-01
  9.9727075083985528E-01
  9.9726382953420678E-01
  9.9725708309912875E-01
  9.9725016554769308E-01
  9.9724341715393017E-01
  9.9723650311761525E-01
  9.9722975263682501E-01
  9.9722284188446997E-01
  9.9721608919711280E-01
  9.9720918150700977E-01
  9.9720242650133195E-01
  9.9719552166186354E-01
  9.9718876423583303E-01
  9.9718186204483827E-01
  9.9717510210399918E-01
  9.9716820236714476E-01
  9.9716143982511751E-01
  9.9715454235679835E-01
  9.9714777713391978E-01
  9.9714088175713844E-01
  9.9713411378055994E-01
  9.9712722032407375E-01
  9.9712044952789192E-01
  9.9711355782813049E-01
  9.9710678415181320E-01
  9.9709989405125654E-01
  9.9709311743988238E-01
  9.9708622878698261E-01
  9.9707944919053326E-01
  9.9707256183996573E-01
  9.9706577921384587E-01
  9.9705889302523310E-01
  9.9705210732924299E-01
  9.9704522216795965E-01
  9.9703843336724574E-01
  9.9703154910339364E-01
  9.9702475716708339E-01
  9.9701787367524231E-01
  9.9701107857655691E-01
  9.9700419573762877E-01
  9.9699739745409988E-01
  9.9699051515279136E-01
  9.9698371366618610E-01
  9.9697683179179164E-01
  9.9697002708801752E-01
  9.9696314553578558E-01
  9.9695633760299907E-01
  9.9694945627409148E-01
  9.9694264510236774E-01
  9.9693576390832339E-01
  9.9692894947329047E-01
  9.9692206825314622E-01
  9.9691521343410472E-01
  9.9690834477254331E-01
  9.9690149671417583E-01
  9.9689463255313604E-01
  9.9688778592002081E-01
  9.9688092274644691E-01
  9.9687407536794403E-01
  9.9686721178489579E-01
  9.9686036280558510E-01
  9.9685349824798797E-01
  9.9684664733466810E-01
  9.9683978156704378E-01
  9.9683292859456207E-01
  9.9682606151544118E-01
  9.9681920644587352E-01
  9.9681233801125535E-01
  9.9680548084601317E-01
  9.9679861104172796E-01
  9.9679175180424462E-01
  9.9678488063520609E-01
  9.9677801936696608E-01
  9.9677114685349055E-01
  9.9676428361210356E-01
  9.9675740979295357E-01
  9.9675054465393520E-01
  9.9674366958673766E-01
  9.9673680264556563E-01
  9.9672992641001112E-01
  9.9672305778848491E-01
  9.9671618049178878E-01
  9.9670931033835453E-01
  9.9670243211919396E-01
  9.9669556061599485E-01
  9.9668868164461166E-01
  9.9668180900312187E-01
  9.9667492947481562E-01
  9.9666805591841612E-01
  9.9666117601544768E-01
  9.9665430171032876E-01
  9.9664742147957086E-01
  9.9664054630736509E-01
  9.9663366520985675E-01
  9.9662511056117520E-01
  9.9661647977439050E-01
  9.9660917503497781E-01
  9.9660159746143373E-01
  9.9659363153676261E-01
  9.9658583878665319E-01
  9.9657783160098579E-01
  9.9657009955633213E-01
  9.9656220386196792E-01
  9.9655460945882512E-01
  9.9654685841391466E-01
  9.9653940755369819E-01
  9.9653179296101513E-01
  9.9652446869716305E-01
  9.9651697051065324E-01
  9.9650975092830929E-01
  9.9650234795315173E-01
  9.9649521238151118E-01
  9.9648788576850444E-01
  9.9648081657226917E-01
  9.9647355061837561E-01
  9.9646653337636681E-01
  9.9645931537943588E-01
  9.9645233853376669E-01
  9.9644515836790282E-01
  9.9643821275457267E-01
  9.9643106241115131E-01
  9.9642414080633512E-01
  9.9641701398125904E-01
  9.9641011071288732E-01
  9.9640300245916880E-01
  9.9639611308935017E-01
  9.9638901953825909E-01
  9.9638214060481112E-01
  9.9637505873972010E-01
  9.9636818755384327E-01
  9.9636111503556068E-01
  9.9635424952040941E-01
  9.9634718454455551E-01
  9.9634032311146337E-01
  9.9633326430056923E-01
  9.9632640574535514E-01
  9.9631935206192923E-01
  9.9631249549139722E-01
  9.9630544616981931E-01
  9.9629859093629869E-01
  9.9629154542659848E-01
  9.9628469107439355E-01
  9.9627764898919835E-01
  9.9627079520024608E-01
  9.9626375625356445E-01
  9.9625690277178891E-01
  9.9624986668279025E-01
  9.9624301317906683E-01
  9.9623597947234155E-01
  9.9622912523933171E-01
  9.9622179384085463E-01
  9.9621224954174770E-01
  9.9620435388265471E-01
  9.9619632353123122E-01
  9.9618747793549112E-01
  9.9617898032798036E-01
  9.9616997114558337E-01
  9.9616149157639289E-01
  9.9615260419769025E-01
  9.9614430118000097E-01
  9.9613561839896114E-01
  9.9612752659638748E-01
  9.9611905612582829E-01
  9.9611116581980708E-01
  9.9610288970849736E-01
  9.9609517737566244E-01
  9.9608707085688020E-01
  9.9607951065027611E-01
  9.9607154906935613E-01
  9.9606411687206853E-01
  9.9605627799395635E-01
  9.9604895261490412E-01
  9.9604121715754168E-01
  9.9603398051646341E-01
  9.9602633167489563E-01
  9.9601916237819488E-01
  9.9601157717663813E-01
  9.9600446061878189E-01
  9.9599693111990595E-01
  9.9598985955827790E-01
  9.9598237826905056E-01
  9.9597534612041194E-01
  9.9596790821644354E-01
  9.9596090733756859E-01
  9.9595350682233164E-01
  9.9594653368676411E-01
  9.9593916230885005E-01
  9.9593220930639537E-01
  9.9592486591417617E-01
  9.9591793051395239E-01
  9.9591060732802827E-01
  9.9590368691120723E-01
  9.9589638464209662E-01
  9.9588947383455695E-01
  9.9588218781195892E-01
  9.9587528650163104E-01
  9.9586801481075249E-01
  9.9586111948495826E-01
  9.9585384308240066E-01
  9.9584699935821752E-01
  9.9583983825619649E-01
  9.9583307332818249E-01
  9.9582597605517387E-01
  9.9581925590818288E-01
  9.9581221654058438E-01
  9.9580549547440100E-01
  9.9579841288840254E-01
  9.9579166064445324E-01
  9.9578456560429696E-01
  9.9577780211792555E-01
  9.9577070681804247E-01
  9.9576393953109155E-01
  9.9575684834246314E-01
  9.9575007983695607E-01
  9.9574299412204470E-01
  9.9573622512898075E-01
  9.9572914511984512E-01
  9.9572237568822475E-01
  9.9571530121243634E-01
  9.9570853116021341E-01
  9.9570146192027842E-01
  9.9569469100482744E-01
  9.9568762668171518E-01
  9.9568085466200007E-01
  9.9567379495154640E-01
  9.9566702160862530E-01
  9.9565996623221220E-01
  9.9565319137353736E-01
  9.9564614007877239E-01
  9.9563936353704319E-01
  9.9563231609696190E-01
  9.9562553772842632E-01
  9.9561849393707369E-01
  9.9561171361761036E-01
  9.9560467327432722E-01
  9.9559789094530349E-01
  9.9559085351842280E-01
  9.9558406423554913E-01
  9.9557702246063140E-01
  9.9557022514391003E-01
  9.9556318202890426E-01
  9.9555637907194139E-01
  9.9554933621013308E-01
  9.9554252880562999E-01
  9.9553548889062948E-01
  9.9552867996745142E-01
  9.9552164184213932E-01
  9.9551482900566257E-01
  9.9550779179104099E-01
  9.9550097641979274E-01
  9.9549394210028419E-01
  9.9548712314637133E-01
  9.9548009102268842E-01
  9.9547326959599791E-01
  9.9546623988695493E-01
  9.9545941587407527E-01
  9.9545238751878706E-01
  9.9544556120405625E-01
  9.9543853550731931E-01
  9.9543170640983403E-01
  9.9542468321689404E-01
  9.9541785414054862E-01
  9.9541083409427844E-01
  9.9540400149016028E-01
  9.9539698218548023E-01
  9.9539014786531266E-01
  9.9538313044121418E-01
  9.9537628113530074E-01
  9.9536929811121899E-01
  9.9536252463040242E-01
  9.9535559787631434E-01
  9.9534886084948615E-01
  9.9534196419536924E-01
  9.9533524683745633E-01
  9.9532836993155216E-01
  9.9532167681834061E-01
  9.9531479405558632E-01
  9.9530805431118907E-01
  9.9530114500849576E-01
  9.9529438568201312E-01
  9.9528746744748298E-01
  9.9528069959846133E-01
  9.9527377926215166E-01
  9.9526700717176353E-01
  9.9526008732310933E-01
  9.9525331262195549E-01
  9.9524639419613536E-01
  9.9523961748139889E-01
  9.9523270076911063E-01
  9.9522592223618311E-01
  9.9521900727830459E-01
  9.9521222697006662E-01
  9.9520531371483334E-01
  9.9519853161424199E-01
  9.9519161997408834E-01
  9.9518483604532826E-01
  9.9517792592306420E-01
  9.9517114012458063E-01
  9.9516423135598209E-01
  9.9515743083435682E-01
  9.9515052778721258E-01
  9.9514372876855184E-01
  9.9513682853535745E-01
  9.9513002910120218E-01
  9.9512313042158940E-01
  9.9511632979221987E-01
  9.9510943212502423E-01
  9.9510262997223065E-01
  9.9509573305973653E-01
  9.9508892923314696E-01
  9.9508203293150255E-01
  9.9507522735295839E-01
  9.9506833156409480E-01
  9.9506152418413507E-01
  9.9505462883022799E-01
  9.9504781961180666E-01
  9.9504092462485638E-01
  9.9503411353684124E-01
  9.9502721885693024E-01
  9.9502040586862861E-01
  9.9501351144414407E-01
  9.9500669651810691E-01
  9.9499980232099161E-01
  9.9499298536377145E-01
  9.9498609165047380E-01
  9.9497927341625347E-01
  9.9497237871709454E-01
  9.9496555798901165E-01
  9.9495866365449126E-01
  9.9495184102598233E-01
  9.9494494678822520E-01
  9.9493812221893785E-01
  9.9493122796583389E-01
  9.9492440143200167E-01
  9.9491750709733784E-01
  9.9491067859049642E-01
  9.9490378412552904E-01
  9.9489695364518005E-01
  9.9489005901216032E-01
  9.9488322656328632E-01
  9.9487633173072898E-01
  9.9486949732194874E-01
  9.9486260226337664E-01
  9.9485576590881775E-01
  9.9484887060201210E-01
  9.9484203231973622E-01
  9.9483513674816193E-01
  9.9482829656035965E-01
  9.9482140071253622E-01
  9.9481455864748602E-01
  9.9480766251833941E-01
  9.9480081861016323E-01
  9.9479392219982155E-01
  9.9478707648874609E-01
  9.9478017980528777E-01
  9.9477333234014631E-01
  9.9476643540122445E-01
  9.9475958623847582E-01
  9.9475268906937564E-01
  9.9474583827623719E-01
  9.9473894091462700E-01
  9.9473208856986506E-01
  9.9472519106429236E-01
  9.9471833725893255E-01
  9.9471143967228925E-01
  9.9470458451161858E-01
  9.9469768692265947E-01
  9.9469083052827312E-01
  9.9468393303119651E-01
  9.9467707554073959E-01
  9.9467017824530779E-01
  9.9466331980904865E-01
  9.9465642283609346E-01
  9.9464956361202961E-01
  9.9464266708174442E-01
  9.9463580721113509E-01
  9.9462891120675767E-01
  9.9462205076538657E-01
  9.9461515525737265E-01
  9.9460829412995366E-01
  9.9460139877964671E-01
  9.9459453629098415E-01
  9.9458623650048184E-01
  9.9457682714080187E-01
  9.9456912578834444E-01
  9.9456119635287221E-01
  9.9455260604755669E-01
  9.9454423240973755E-01
  9.9453547700639766E-01
  9.9452710954003098E-01
  9.9451845521945170E-01
  9.9451024319500381E-01
  9.9450176919287325E-01
  9.9449374734464857E-01
  9.9448546326496079E-01
  9.9447762492958103E-01
  9.9446951624638225E-01
  9.9446184154934048E-01
  9.9445388700755522E-01
  9.9444635349486810E-01
  9.9443853155038431E-01
  9.9443111799057249E-01
  9.9442340900076109E-01
  9.9441609655249763E-01
  9.9440848334279941E-01
  9.9440125573303362E-01
  9.9439372356435463E-01
  9.9438656691528615E-01
  9.9437910325069778E-01
  9.9437200580106688E-01
  9.9436460002570370E-01
  9.9435755184199182E-01
  9.9435019499053967E-01
  9.9434318769944285E-01
  9.9433587221026698E-01
  9.9432889876330344E-01
  9.9432161826454690E-01
  9.9431467273330121E-01
  9.9430742180428100E-01
  9.9430048907955704E-01
  9.9429326672949925E-01
  9.9428635541338806E-01
  9.9427915565062941E-01
  9.9427226076181463E-01
  9.9426507947525478E-01
  9.9425819748454525E-01
  9.9425103163117434E-01
  9.9424415983369163E-01
  9.9423700701798512E-01
  9.9423014324287229E-01
  9.9422300151972631E-01
  9.9421614397854119E-01
  9.9420901175028142E-01
  9.9420215893922381E-01
  9.9419503491073846E-01
  9.9418818549769006E-01
  9.9418106878228607E-01
  9.9417422074989725E-01
  9.9416710642091177E-01
  9.9416026469256391E-01
  9.9415315900025447E-01
  9.9414631646321727E-01
  9.9413921488328127E-01
  9.9413237216449724E-01
  9.9412527436510789E-01
  9.9411843133042166E-01
  9.9411133694813603E-01
  9.9410449332508988E-01
  9.9409740200068375E-01
  9.9409055750707320E-01
  9.9408346891478339E-01
  9.9407662329616442E-01
  9.9406953714615531E-01
  9.9406269021836724E-01
  9.9405560605677046E-01
  9.9404875501557777E-01
  9.9404166876918465E-01
  9.9403481276395300E-01
  9.9402772585018095E-01
  9.9402086610198725E-01
  9.9401377934462698E-01
  9.9400691646885642E-01
  9.9399983098598443E-01
  9.9399296622970768E-01
  9.9398588169301205E-01
  9.9397901411670675E-01
  9.9397193088412639E-01
  9.9396506140733909E-01
  9.9395797887660631E-01
  9.9395110704344325E-01
  9.9394402557343164E-01
  9.9393715128736559E-01
  9.9393007124677979E-01
  9.9392319538030371E-01
  9.9391611687118420E-01
  9.9390923861794245E-01
  9.9390216070291038E-01
  9.9389528133954352E-01
  9.9388820630027197E-01
  9.9388132563476494E-01
  9.9387425109871752E-01
  9.9386736771445761E-01
  9.9386028770782953E-01
  9.9385342263895859E-01
  9.9384638700255357E-01
  9.9383954702262733E-01
  9.9383252849675274E-01
  9.9382569873159310E-01
  9.9381869119087463E-01
  9.9381187416595340E-01
  9.9380486322819062E-01
  9.9379801931415013E-01
  9.9379099330051035E-01
  9.9378413752269212E-01
  9.9377710747648051E-01
  9.9377024763678978E-01
  9.9376321682229674E-01
  9.9375635382587557E-01
  9.9374932302299490E-01
  9.9374245752941515E-01
  9.9373542827912453E-01
  9.9372856215508298E-01
  9.9372153411428499E-01
  9.9371466771134731E-01
  9.9370764233351072E-01
  9.9370077420692093E-01
  9.9369375044460728E-01
  9.9368688146146134E-01
  9.9367985947345339E-01
  9.9367298950803951E-01
  9.9366596857318068E-01
  9.9365909788814966E-01
  9.9365207908263109E-01
  9.9364520766167341E-01
  9.9363818980149299E-01
  9.9363131675409055E-01
  9.9362427109849427E-01
  9.9361554071717917E-01
  9.9360791808474069E-01
  9.9360019171984570E-01
  9.9364693081091393E-01
  9.9358071249584023E-01
  9.9355775033908744E-01
  9.9355124326566435E-01
  9.9354388673751648E-01
  9.9353643499793032E-01
  9.9352858497956409E-01
  9.9352087373424891E-01
  9.9351290951601723E-01
  9.9350517166046426E-01
  9.9349723380435750E-01
  9.9348955190078259E-01
  9.9348168744047460E-01
  9.9347408614027533E-01
  9.9346630638929279E-01
  9.9345878853152536E-01
  9.9345109160887390E-01
  9.9344365225245246E-01
  9.9343603181372042E-01
  9.9342866364988047E-01
  9.9342111222663021E-01
  9.9341380762143905E-01
  9.9340631785981492E-01
  9.9339906958108692E-01
  9.9339163465266800E-01
  9.9338443608147164E-01
  9.9337704976786467E-01
  9.9336989489289529E-01
  9.9336255152159891E-01
  9.9335543482536481E-01
  9.9334812907098158E-01
  9.9334028056054813E-01
  9.9333109262603048E-01
  9.9332338023817979E-01
  9.9331548421455540E-01
  9.9330704033576256E-01
  9.9329876309781140E-01
  9.9329015351453709E-01
  9.9328185278749059E-01
  9.9327329373411566E-01
  9.9326509545573827E-01
  9.9325665836177901E-01
  9.9324859886754469E-01
  9.9324029991155860E-01
  9.9323238188643825E-01
  9.9322421691425411E-01
  9.9321643114396141E-01
  9.9320838920235166E-01
  9.9320072295908568E-01
  9.9319279147653572E-01
  9.9318523168455386E-01
  9.9317739839414643E-01
  9.9316993276335697E-01
  9.9316218635536857E-01
  9.9315480372705445E-01
  9.9314713401674470E-01
  9.9313982441047544E-01
  9.9313222232105902E-01
  9.9312497687281442E-01
  9.9311743435641109E-01
  9.9311024521968838E-01
  9.9310275515803637E-01
  9.9309561540102831E-01
  9.9308817150816742E-01
  9.9308107501448728E-01
  9.9307367174426231E-01
  9.9306661312045441E-01
  9.9305924558314285E-01
  9.9305222007649796E-01
  9.9304488396379564E-01
  9.9303788738831078E-01
  9.9303057890422963E-01
  9.9302360757384689E-01
  9.9301632337623236E-01
  9.9300937404689504E-01
  9.9300211119346449E-01
  9.9299518101009399E-01
  9.9298793691113740E-01
  9.9298102336189986E-01
  9.9297379573945066E-01
  9.9296689661492121E-01
  9.9295968346420660E-01
  9.9295279682190818E-01
  9.9294559637989810E-01
  9.9293872051124488E-01
  9.9293153122739686E-01
  9.9292466463046991E-01
  9.9291748514170985E-01
  9.9291062649631678E-01
  9.9290345560344062E-01
  9.9289660374910249E-01
  9.9288944039895533E-01
  9.9288259431574433E-01
  9.9287543758243146E-01
  9.9286859637426284E-01
  9.9286144544372823E-01
  9.9285460832273775E-01
  9.9284746248033362E-01
  9.9284062875497736E-01
  9.9283348737328836E-01
  9.9282665643483403E-01
  9.9281951896279452E-01
  9.9281269027637287E-01
  9.9280555623119904E-01
  9.9279872932623847E-01
  9.9279159828547736E-01
  9.9278477273251187E-01
  9.9277764437777771E-01
  9.9277081945292167E-01
  9.9276368968194662E-01
  9.9275685981357209E-01
  9.9274972795744565E-01
  9.9274289536864779E-01
  9.9273576324085333E-01
  9.9272892596974627E-01
  9.9272179457632703E-01
  9.9271496105073509E-01
  9.9270782948262593E-01
  9.9270099404893375E-01
  9.9269386358648271E-01
  9.9268702813292276E-01
  9.9267989839043291E-01
  9.9267306174681069E-01
  9.9266593209196219E-01
  9.9265909395120988E-01
  9.9265196532856892E-01
  9.9264512707662345E-01
  9.9263799881064541E-01
  9.9263115894708631E-01
  9.9262403139241251E-01
  9.9261719101051504E-01
  9.9261006336104329E-01
  9.9260322186656968E-01
  9.9259609466361809E-01
  9.9258925201684323E-01
  9.9258212699283666E-01
  9.9257528414270679E-01
  9.9256815876258064E-01
  9.9256131475539933E-01
  9.9255418984837585E-01
  9.9254734433400615E-01
  9.9254022024905464E-01
  9.9253337360573368E-01
  9.9252625035427733E-01
  9.9251940341897904E-01
  9.9251227823748467E-01
  9.9250542926983032E-01
  9.9249830630493341E-01
  9.9249145747046263E-01
  9.9248432595286629E-01
  9.9247750052446171E-01
  9.9247042719617418E-01
  9.9246364012555388E-01
  9.9245659473978010E-01
  9.9244982603763954E-01
  9.9244279593490581E-01
  9.9243603757873156E-01
  9.9242901763367219E-01
  9.9242226619342833E-01
  9.9241525465411096E-01
  9.9240851715564737E-01
  9.9240149470577688E-01
  9.9239472065932888E-01
  9.9238767622620483E-01
  9.9238088717999728E-01
  9.9237383483429009E-01
  9.9236703961840733E-01
  9.9235998487792187E-01
  9.9235318694973029E-01
  9.9234613197300947E-01
  9.9233933268817598E-01
  9.9233227832209969E-01
  9.9232547821884753E-01
  9.9231842479788723E-01
  9.9231162409143792E-01
  9.9230457174456732E-01
  9.9229777051495294E-01
  9.9229071927565204E-01
  9.9228391752733724E-01
  9.9227686735615994E-01
  9.9227006500786863E-01
  9.9226301575447318E-01
  9.9225621253944907E-01
  9.9224882455275087E-01
  9.9224095712304794E-01
  9.9223355817509473E-01
  9.9222629649215222E-01
  9.9221850459849648E-01
  9.9221103578395875E-01
  9.9220315801296000E-01
  9.9219567594399638E-01
  9.9218782875349276E-01
  9.9218040065139468E-01
  9.9217262150586272E-01
  9.9216526584951348E-01
  9.9215756227743124E-01
  9.9215027943415457E-01
  9.9214264812795916E-01
  9.9213543223191181E-01
  9.9212786642249973E-01
  9.9212070992623191E-01
  9.9211320218077814E-01
  9.9210609754903445E-01
  9.9209864078534116E-01
  9.9209158107774809E-01
  9.9208416888744666E-01
  9.9207714791583590E-01
  9.9206977462632262E-01
  9.9206278695236405E-01
  9.9205544759211495E-01
  9.9204848846818505E-01
  9.9204117870065678E-01
  9.9203424399709428E-01
  9.9202696004976676E-01
  9.9202004618151873E-01
  9.9201278477641308E-01
  9.9200588863472694E-01
  9.9199864692654538E-01
  9.9199176581823678E-01
  9.9198454133855707E-01
  9.9197767293214800E-01
  9.9197046354004692E-01
  9.9196360581818943E-01
  9.9195640965759346E-01
  9.9194956087516073E-01
  9.9194237633693039E-01
  9.9193553498573916E-01
  9.9192836067516399E-01
  9.9192152545173462E-01
  9.9191436015963863E-01
  9.9190752993807219E-01
  9.9190037261631703E-01
  9.9189354642470984E-01
  9.9188639616474439E-01
  9.9187957316380304E-01
  9.9187242917793861E-01
  9.9186560864425666E-01
  9.9185847024911045E-01
  9.9185165155835087E-01
  9.9184451816120256E-01
  9.9183770077594124E-01
  9.9183057186253676E-01
  9.9182375531949774E-01
  9.9181663044289714E-01
  9.9180981434288729E-01
  9.9180269311469416E-01
  9.9179587711497252E-01
  9.9178875919813281E-01
  9.9178194300403566E-01
  9.9177482810530371E-01
  9.9176801146380089E-01
  9.9176089932744649E-01
  9.9175408202129112E-01
  9.9174697242494392E-01
  9.9174015426815521E-01
  9.9173304701719134E-01
  9.9172622785068054E-01
  9.9171912277567975E-01
  9.9171230246374653E-01
  9.9170519941650004E-01
  9.9169837784343362E-01
  9.9169127669435175E-01
  9.9168445376170733E-01
  9.9167735439637383E-01
  9.9167053002116301E-01
  9.9166343233964316E-01
  9.9165660645132947E-01
  9.9164951036561799E-01
  9.9164268290524604E-01
  9.9163558833720244E-01
  9.9162875925528582E-01
  9.9162166613641300E-01
  9.9161483539192641E-01
  9.9160774366097071E-01
  9.9160091121994609E-01
  9.9159382082263714E-01
  9.9158698665750489E-01
  9.9157989754558484E-01
  9.9157306163442827E-01
  9.9156597376431166E-01
  9.9155913608941704E-01
  9.9155204942203745E-01
  9.9154520997010953E-01
  9.9153812447066203E-01
  9.9153128323171513E-01
  9.9152419885405096E-01
  9.9151735589366397E-01
  9.9151027217395338E-01
  9.9150342294652682E-01
  9.9149633353331101E-01
  9.9148947726084202E-01
  9.9148238499784247E-01
  9.9147552391395177E-01
  9.9146843037246624E-01
  9.9146156556929999E-01
  9.9145447156590893E-01
  9.9144760514689334E-01
  9.9144051283913670E-01
  9.9143364406556100E-01
  9.9142655168760674E-01
  9.9141967987401947E-01
  9.9141258862789816E-01
  9.9140571563337720E-01
  9.9139862460861172E-01
  9.9139175030533899E-01
  9.9138466089193178E-01
  9.9137778357271689E-01
  9.9137069424883728E-01
  9.9136381652501271E-01
  9.9135672869958857E-01
  9.9134984827372263E-01
  9.9134276107878183E-01
  9.9133587851448712E-01
  9.9132879329262635E-01
  9.9132190982478241E-01
  9.9131482430794471E-01
  9.9130793846237752E-01
  9.9130085527207767E-01
  9.9129396894573985E-01
  9.9128688636045892E-01
  9.9127999680831469E-01
  9.9127290422442982E-01
  9.9126604853276956E-01
  9.9125902928504206E-01
  9.9125222275098757E-01
  9.9124523977695578E-01
  9.9123845783511111E-01
  9.9123149505674013E-01
  9.9122472552178253E-01
  9.9121778241893543E-01
  9.9121099779890398E-01
  9.9120401330442431E-01
  9.9119719999475864E-01
  9.9119019936885722E-01
  9.9118337404454870E-01
  9.9117636777581564E-01
  9.9116953703840516E-01
  9.9116252925936477E-01
  9.9115569569460993E-01
  9.9114868805479206E-01
  9.9114185370485952E-01
  9.9113484806957741E-01
  9.9112801279155793E-01
  9.9112100816052495E-01
  9.9111417145732061E-01
  9.9110716760338691E-01
  9.9110033091262484E-01
  9.9109332960889540E-01
  9.9108649188052056E-01
  9.9107949121188121E-01
  9.9107265171204217E-01
  9.9106565243990097E-01
  9.9105881253746952E-01
  9.9105181403400511E-01
  9.9104497352795395E-01
  9.9103797673688865E-01
  9.9103113450514757E-01
  9.9102413838413372E-01
  9.9101729678653372E-01
  9.9101030272277091E-01
  9.9100345964563397E-01
  9.9099646751626524E-01
  9.9098962329813811E-01
  9.9098263066714753E-01
  9.9097578556772692E-01
  9.9096879451670150E-01
  9.9096194867765341E-01
  9.9095495988127724E-01
  9.9094811334605892E-01
  9.9094112558324388E-01
  9.9093427788470723E-01
  9.9092729025615545E-01
  9.9092044064876117E-01
  9.9091345329710945E-01
  9.9090659597254560E-01
  9.9089963495950140E-01
  9.9089282744833074E-01
  9.9088589772340108E-01
  9.9087911397260509E-01
  9.9087220334242376E-01
  9.9086543162006691E-01
  9.9085853196586460E-01
  9.9085176739039638E-01
  9.9084487546850386E-01
  9.9083811587552795E-01
  9.9083123070092194E-01
  9.9082448215706997E-01
  9.9081758401999642E-01
  9.9081080338732630E-01
  9.9080388637145700E-01
  9.9079709235283075E-01
  9.9079016867351999E-01
  9.9078336893254881E-01
  9.9077644334618931E-01
  9.9076964085744101E-01
  9.9076271518896397E-01
  9.9075591109469352E-01
  9.9074898602663986E-01
  9.9074218075474030E-01
  9.9073525652326344E-01
  9.9072845022253941E-01
  9.9072152689132686E-01
  9.9071471960401947E-01
  9.9070779717009760E-01
  9.9070098889565883E-01
  9.9069406733107102E-01
  9.9068725805470703E-01
  9.9068033732252359E-01
  9.9067352702425060E-01
  9.9066660708558096E-01
  9.9065979574348029E-01
  9.9065287655842982E-01
  9.9064606415221013E-01
  9.9063914568300293E-01
  9.9063233219263680E-01
  9.9062541440187246E-01
  9.9061859980834965E-01
  9.9061168266042299E-01
  9.9060486694600491E-01
  9.9059795007748574E-01
  9.9059108979560906E-01
  9.9058418838554241E-01
  9.9057733733382980E-01
  9.9057044234764891E-01
  9.9056359444864162E-01
  9.9055670205029112E-01
  9.9054985490533964E-01
  9.9054296358021710E-01
  9.9053611624337956E-01
  9.9052922538504751E-01
  9.9052237747835026E-01
  9.9051548683630486E-01
  9.9050863820495139E-01
  9.9050174766898924E-01
  9.9049489824669512E-01
  9.9048800776218504E-01
  9.9048115751771892E-01
  9.9047426705241604E-01
  9.9046741596872145E-01
  9.9046052550028363E-01
  9.9045367356779701E-01
  9.9044678307933753E-01
  9.9043993029158839E-01
  9.9043303976850039E-01
  9.9042618612106992E-01
  9.9041929555062092E-01
  9.9041244104221138E-01
  9.9040555041348000E-01
  9.9039869504368117E-01
  9.9039180434850438E-01
  9.9038494811833733E-01
  9.9037805734952045E-01
  9.9037120026276648E-01
  9.9036430941559406E-01
  9.9035745147707188E-01
  9.9035056054806436E-01
  9.9034370176458242E-01
  9.9033681075183322E-01
  9.9032995113166034E-01
  9.9032306003495474E-01
  9.9031619958754946E-01
  9.9030930840702491E-01
  9.9030244714230808E-01
  9.9029555587909224E-01
  9.9028869380654472E-01
  9.9028180246021291E-01
  9.9027493958756663E-01
  9.9026804815474878E-01
  9.9026118448424005E-01
  9.9025429295434320E-01
  9.9024742847951830E-01
  9.9024053682881175E-01
  9.9023367152656128E-01
  9.9022677971085959E-01
  9.9021991352776662E-01
  9.9021302146248036E-01
  9.9020615429815106E-01
  9.9019926177358486E-01
  9.9019238605020365E-01
  9.9018544245829654E-01
  9.9017717347163292E-01
  9.9016981866600040E-01
  9.9016229292139524E-01
  9.9015439476052025E-01
  9.9014656076679919E-01
  9.9013850935046732E-01
  9.9013061882057152E-01
  9.9012256889926564E-01
  9.9011471519009409E-01
  9.9010672218767526E-01
  9.9009893677317407E-01
  9.9009101763738394E-01
  9.9008330817420320E-01
  9.9007546517014289E-01
  9.9006783035948398E-01
  9.9006006035064476E-01
  9.9005249572675225E-01
  9.9004479378857202E-01
  9.9003729395506901E-01
  9.9002965478027993E-01
  9.9002221424773618E-01
  9.9001463275167689E-01
  9.9000724450529376E-01
  9.8999957691769835E-01
  9.8999231164684109E-01
  9.8998487512749000E-01
  9.8997761189784617E-01
  9.8997019188640456E-01
  9.8996295207012175E-01
  9.8995556128784956E-01
  9.8994835170282225E-01
  9.8994099315384143E-01
  9.8993381448883366E-01
  9.8992648749763767E-01
  9.8991933822587630E-01
  9.8991204083824513E-01
  9.8990491872390318E-01
  9.8989764863315211E-01
  9.8989055130722425E-01
  9.8988330618289611E-01
  9.8987622889630378E-01
  9.8986900741387029E-01
  9.8986195118186171E-01
  9.8985475076895668E-01
  9.8984771325345067E-01
  9.8984053182112408E-01
  9.8983351107414808E-01
  9.8982634683253079E-01
  9.8981934115358183E-01
  9.8981219251816266E-01
  9.8980520038653708E-01
  9.8979806593058428E-01
  9.8979108597394050E-01
  9.8978396440564742E-01
  9.8977699537984509E-01
  9.8976988552574385E-01
  9.8976292630222729E-01
  9.8975582709535959E-01
  9.8974887664863098E-01
  9.8974178711910565E-01
  9.8973484451854865E-01
  9.8972776378441607E-01
  9.8972082818591245E-01
  9.8971375544643314E-01
  9.8970682608411764E-01
  9.8969976061132470E-01
  9.8969283679100928E-01
  9.8968577792465862E-01
  9.8967885901839525E-01
  9.8967180616034767E-01
  9.8966489160076698E-01
  9.8965784420811309E-01
  9.8965093348203437E-01
  9.8964389106522765E-01
  9.8963698371038100E-01
  9.8962994582566710E-01
  9.8962304142714830E-01
  9.8961600767546476E-01
  9.8960910586006623E-01
  9.8960207588233617E-01
  9.8959517631646032E-01
  9.8958814979088150E-01
  9.8958125217755455E-01
  9.8957422881635293E-01
  9.8956733289086851E-01
  9.8956031243777698E-01
  9.8955341796750995E-01
  9.8954640019543816E-01
  9.8953950697558712E-01
  9.8953249168329327E-01
  9.8952559953349972E-01
  9.8951858654322622E-01
  9.8951169530565097E-01
  9.8950468445966677E-01
  9.8949779399426840E-01
  9.8949078514857358E-01
  9.8948389532541181E-01
  9.8947688834244929E-01
  9.8946999903273303E-01
  9.8946299376761060E-01
  9.8945610482471158E-01
  9.8944910110049611E-01
  9.8944221232811314E-01
  9.8943520989137335E-01
  9.8942832098172617E-01
  9.8942131936471700E-01
  9.8941417780605512E-01
  9.8940542635801632E-01
  9.8939795157439303E-01
  9.8939016635471522E-01
  9.8938202473425296E-01
  9.8937387606611649E-01
  9.8936556556419086E-01
  9.8935737271088608E-01
  9.8934908756024242E-01
  9.8934096540399052E-01
  9.8933277192595426E-01
  9.8932475597337100E-01
  9.8931667139848689E-01
  9.8930876705102044E-01
  9.8930079028278595E-01
  9.8929299202093868E-01
  9.8928511559236143E-01
  9.8927741440141681E-01
  9.8926962908566518E-01
  9.8926201528478253E-01
  9.8925431185537938E-01
  9.8924677611524914E-01
  9.8923914619219222E-01
  9.8923167900206599E-01
  9.8922411273072408E-01
  9.8921670958655294E-01
  9.8920920202527995E-01
  9.8920185079537015E-01
  9.8919439053507363E-01
  9.8918708463333194E-01
  9.8917966782482925E-01
  9.8917240323614264E-01
  9.8916502580651677E-01
  9.8915779833839401E-01
  9.8915045624182230E-01
  9.8914326186457491E-01
  9.8913595131174870E-01
  9.8912878627760803E-01
  9.8912150385532360E-01
  9.8911436608011338E-01
  9.8910711017240671E-01
  9.8909999580564778E-01
  9.8909276200745067E-01
  9.8908566767983264E-01
  9.8907845322939414E-01
  9.8907137642307474E-01
  9.8906417909044386E-01
  9.8905711870207269E-01
  9.8904993792244322E-01
  9.8904289158135150E-01
  9.8903572427262065E-01
  9.8902868965692803E-01
  9.8902153502923151E-01
  9.8901451185067513E-01
  9.8900736784744880E-01
  9.8900035482479109E-01
  9.8899322137895807E-01
  9.8898621606858239E-01
  9.8897909126002348E-01
  9.8897209334608971E-01
  9.8896497645905990E-01
  9.8895798498456300E-01
  9.8895087453313646E-01
  9.8894388974367842E-01
  9.8893678565036525E-01
  9.8892980454277324E-01
  9.8892270520097914E-01
  9.8891572765014002E-01
  9.8890863339299506E-01
  9.8890165976472932E-01
  9.8889456942180953E-01
  9.8888759860634112E-01
  9.8888051213419081E-01
  9.8887354429532759E-01
  9.8886646174718573E-01
  9.8885949626960723E-01
  9.8885241668106783E-01
  9.8884545310940919E-01
  9.8883837023118237E-01
  9.8883142956835179E-01
  9.8882439669277655E-01
  9.8881748960794158E-01
  9.8881048089752499E-01
  9.8880359021714703E-01
  9.8879659476109605E-01
  9.8878971353185663E-01
  9.8878272686045665E-01
  9.8877585216943020E-01
  9.8876887234864275E-01
  9.8876200275306325E-01
  9.8875502929576087E-01
  9.8874817059848430E-01
  9.8874118753149409E-01
  9.8873429951508074E-01
  9.8872729877038057E-01
  9.8872039925036614E-01
  9.8871339248406820E-01
  9.8870648874075473E-01
  9.8869948047098732E-01
  9.8869257530059362E-01
  9.8868556724535173E-01
  9.8867866169935625E-01
  9.8867165448444305E-01
  9.8866474897232737E-01
  9.8865774260367290E-01
  9.8865083539429521E-01
  9.8864382735361034E-01
  9.8863691802714349E-01
  9.8862990939150586E-01
  9.8862299886884797E-01
  9.8861599029327629E-01
  9.8860907903052098E-01
  9.8860207082202456E-01
  9.8859515901089978E-01
  9.8858815131833855E-01
  9.8858123959783639E-01
  9.8857423310576775E-01
  9.8856732112420764E-01
  9.8856031504405895E-01
  9.8855340234097233E-01
  9.8854639698004820E-01
  9.8853947841893952E-01
  9.8853148565980087E-01
  9.8852308859685711E-01
  9.8851560256921578E-01
  9.8850802493832923E-01
  9.8849997979021820E-01
  9.8849208740337080E-01
  9.8848388913383478E-01
  9.8847594361107949E-01
  9.8846775196305214E-01
  9.8845984989098934E-01
  9.8845172190926767E-01
  9.8844389462656002E-01
  9.8843584775071169E-01
  9.8842810196120112E-01
  9.8842013659885408E-01
  9.8841247124843812E-01
  9.8840458451936941E-01
  9.8839699322537888E-01
  9.8838917969701778E-01
  9.8838165714142179E-01
  9.8837390892728316E-01
  9.8836644409957319E-01
  9.8835877076434653E-01
  9.8835139457404231E-01
  9.8834379861660893E-01
  9.8833648904929183E-01
  9.8832895441518898E-01
  9.8832169917156210E-01
  9.8831421339228931E-01
  9.8830700016056372E-01
  9.8829955694968818E-01
  9.8829238707902201E-01
  9.8828497410155636E-01
  9.8827781714678509E-01
  9.8827042458988668E-01
  9.8826328953647136E-01
  9.8825592240490800E-01
  9.8824881141701670E-01
  9.8824147131907292E-01
  9.8823438516002815E-01
  9.8822707012222999E-01
  9.8822000556008516E-01
  9.8821271299676439E-01
  9.8820566779407182E-01
  9.8819839710708757E-01
  9.8819137112707556E-01
  9.8818411954869800E-01
  9.8817710909459777E-01
  9.8816987568456971E-01
  9.8816288071128089E-01
  9.8815566272504263E-01
  9.8814868111980736E-01
  9.8814147813446651E-01
  9.8813450902568478E-01
  9.8812731987663238E-01
  9.8812036101911971E-01
  9.8811318360122768E-01
  9.8810623303535783E-01
  9.8809906627484956E-01
  9.8809212370378741E-01
  9.8808496816968416E-01
  9.8807803409830064E-01
  9.8807088760373041E-01
  9.8806395985002715E-01
  9.8805682139108919E-01
  9.8804990126398284E-01
  9.8804277235376126E-01
  9.8803585653495873E-01
  9.8802873382648826E-01
  9.8802181743128725E-01
  9.8801472838278104E-01
  9.8800787357963182E-01
  9.8800083018044027E-01
  9.8799400660538217E-01
  9.8798698848555910E-01
  9.8798018308912261E-01
  9.8797318181748750E-01
  9.8796638908241963E-01
  9.8795940082997991E-01
  9.8795261883985952E-01
  9.8794565005617585E-01
  9.8793885776983648E-01
  9.8793185667997963E-01
  9.8792504295950756E-01
  9.8791803130796885E-01
  9.8791121038746843E-01
  9.8790419698994070E-01
  9.8789737428785973E-01
  9.8789036242398010E-01
  9.8788353990640809E-01
  9.8787653070548920E-01
  9.8786970900213644E-01
  9.8786270276639232E-01
  9.8785588199808327E-01
  9.8784887871773031E-01
  9.8784205881672227E-01
  9.8783505837032248E-01
  9.8782823920596130E-01
  9.8782124143840500E-01
  9.8781442286376797E-01
  9.8780742761462514E-01
  9.8780060948514037E-01
  9.8779361660025167E-01
  9.8778679877975017E-01
  9.8777980811433574E-01
  9.8777299047650335E-01
  9.8776600189568076E-01
  9.8775918432453536E-01
  9.8775219770349354E-01
  9.8774538009284252E-01
  9.8773839531593388E-01
  9.8773157756772367E-01
  9.8772459452697348E-01
  9.8771777655194470E-01
  9.8771079514804616E-01
  9.8770397686386524E-01
  9.8769699700395297E-01
  9.8769017833532124E-01
  9.8768319993274845E-01
  9.8767638081011244E-01
  9.8766940378489809E-01
  9.8766258414439523E-01
  9.8765560842079625E-01
  9.8764878820449631E-01
  9.8764181371257642E-01
  9.8763499286543666E-01
  9.8762801953870094E-01
  9.8762119801159864E-01
  9.8761422578842639E-01
  9.8760740353521703E-01
  9.8760043235730544E-01
  9.8759360933529095E-01
  9.8758663914791023E-01
  9.8757981531793715E-01
  9.8757284606914220E-01
  9.8756602139491712E-01
  9.8755905303606983E-01
  9.8755222748352922E-01
  9.8754525996807530E-01
  9.8753843350651616E-01
  9.8753146679042003E-01
  9.8752463939049118E-01
  9.8751767343255048E-01
  9.8751084506778708E-01
  9.8750387982770493E-01
  9.8749705047303760E-01
  9.8749008591344078E-01
  9.8748325554556116E-01
  9.8747629163004635E-01
  9.8746946022714466E-01
  9.8746249692136046E-01
  9.8745566445016597E-01
  9.8744870176895738E-01
  9.8744186792260591E-01
  9.8743490322013894E-01
  9.8742806428495533E-01
  9.8742109712746273E-01
  9.8741425489563728E-01
  9.8740728660275134E-01
  9.8740044199487453E-01
  9.8739347318142201E-01
  9.8738662662882670E-01
  9.8737965757872459E-01
  9.8737280928962701E-01
  9.8736584014318651E-01
  9.8735899019897477E-01
  9.8735202108465880E-01
  9.8734517065096461E-01
  9.8733820284705087E-01
  9.8733135131409666E-01
  9.8732438354822860E-01
  9.8731753033520142E-01
  9.8731056234884673E-01
  9.8730370734203965E-01
  9.8729673913103011E-01
  9.8728988355613856E-01
  9.8728291657550982E-01
  9.8727605972769483E-01
  9.8726909254557094E-01
  9.8726223381507727E-01
  9.8725526618031556E-01
  9.8724840639352607E-01
  9.8724143941737075E-01
  9.8723457809768711E-01
  9.8722761202720244E-01
  9.8722075031392464E-01
  9.8721378389480330E-01
  9.8720692124822707E-01
  9.8719995543339101E-01
  9.8719309067248073E-01
  9.8718612453003329E-01
  9.8717925818448737E-01
