0.000000e+00
-7.455894e-08
-3.217592e-06
4.542532e-06
2.305468e-05
5.157867e-05
8.946174e-05
1.361466e-04
1.911498e-04
2.540504e-04
3.244753e-04
4.020918e-04
4.866010e-04
5.777300e-04
6.752296e-04
7.788703e-04
8.884411e-04
1.003743e-03
1.124592e-03
1.250813e-03
1.382261e-03
1.398722e-03
1.432867e-03
1.473797e-03
1.521277e-03
1.575131e-03
1.635184e-03
1.701268e-03
1.773214e-03
1.850857e-03
1.934030e-03
2.022569e-03
2.116183e-03
1.912742e-03
1.660897e-03
1.429825e-03
1.219941e-03
1.030896e-03
8.622942e-04
7.136982e-04
5.846232e-04
4.745324e-04
3.828330e-04
3.088711e-04
2.519287e-04
2.112198e-04
1.858917e-04
1.750269e-04
1.776497e-04
1.927579e-04
1.528063e-04
1.266993e-04
1.101711e-04
1.022495e-04
1.019956e-04
1.085580e-04
1.211999e-04
1.393068e-04
1.623908e-04
1.900838e-04
2.219195e-04
1.727564e-04
1.157108e-04
7.556623e-05
5.001289e-05
3.745835e-05
3.657433e-05
4.626668e-05
6.563258e-05
9.392090e-05
1.305014e-04
1.748410e-04
2.264859e-04
2.850436e-04
3.501732e-04
4.215753e-04
4.989820e-04
5.821546e-04
6.708746e-04
7.649420e-04
8.641905e-04
9.216761e-04
9.852070e-04
1.053599e-03
1.126723e-03
1.204433e-03
1.286456e-03
1.052343e-03
7.756416e-04
5.206089e-04
2.856664e-04
7.064127e-05
-1.247114e-04
-3.006986e-04
-4.576964e-04
-5.961487e-04
-7.165725e-04
-8.195571e-04
-9.057650e-04
-9.759313e-04
-1.030864e-03
-1.071436e-03
-1.098582e-03
-1.113282e-03
-1.116551e-03
-1.109414e-03
-1.092886e-03
-1.067942e-03
-1.035500e-03
-9.963877e-04
-9.513135e-04
-9.396745e-04
-9.234935e-04
-9.028667e-04
-8.780455e-04
-8.494201e-04
-9.135904e-04
-9.778119e-04
-1.024357e-03
-1.056357e-03
-1.075312e-03
-1.082564e-03
-1.079214e-03
-1.066177e-03
-1.044218e-03
-1.013979e-03
-9.760057e-04
-9.307651e-04
-8.786603e-04
-8.200428e-04
-7.552222e-04
-6.844747e-04
-6.080484e-04
-5.261693e-04
-4.390448e-04
-3.468667e-04
-2.498158e-04
-1.480634e-04
-4.177419e-05
6.889321e-05
1.837837e-04
3.027633e-04
3.937861e-04
1.332282e-04
-1.570624e-04
-4.203286e-04
-6.640122e-04
-8.861323e-04
-1.088443e-03
-1.271561e-03
-1.435883e-03
-1.581903e-03
-1.710198e-03
-1.821424e-03
-1.916315e-03
-1.995680e-03
-2.060398e-03
-2.100688e-03
-2.130537e-03
-2.150052e-03
-2.160202e-03
-2.161940e-03
-2.156196e-03
-2.143843e-03
-2.125679e-03
-2.097971e-03
-2.072449e-03
-2.048718e-03
-2.012572e-03
-1.973648e-03
-1.931714e-03
-2.005981e-03
-2.070298e-03
-2.144198e-03
-2.203190e-03
-2.248311e-03
-2.281128e-03
-2.302921e-03
-2.314752e-03
-2.317501e-03
-2.311907e-03
-2.288348e-03
-2.257947e-03
-2.220452e-03
-2.176263e-03
-2.125736e-03
-2.069186e-03
-2.006896e-03
-1.939120e-03
-1.866091e-03
-1.788025e-03
-1.705121e-03
-1.617571e-03
-1.525554e-03
-1.429243e-03
-1.328807e-03
-1.224412e-03
-1.116342e-03
-1.409802e-03
-1.714470e-03
-1.990400e-03
-2.244205e-03
-2.475078e-03
-2.683451e-03
-2.896203e-03
-3.088842e-03
-3.260807e-03
-3.413056e-03
-3.546654e-03
-3.662498e-03
-3.761467e-03
-3.844538e-03
-3.912738e-03
-3.967150e-03
-4.008889e-03
-4.039084e-03
-4.058852e-03
-4.069271e-03
-4.071355e-03
-4.066028e-03
-4.054107e-03
-4.036282e-03
-4.013124e-03
-3.985080e-03
-3.952488e-03
-3.915594e-03
-3.874772e-03
-3.959662e-03
-4.017884e-03
-4.060240e-03
-4.086098e-03
-4.097836e-03
-4.096863e-03
-4.084458e-03
-4.085427e-03
-4.077153e-03
-4.060089e-03
-4.034806e-03
-4.001868e-03
-3.961755e-03
-3.914886e-03
-3.861632e-03
-3.802325e-03
-3.737262e-03
-3.666714e-03
-3.590932e-03
-3.510146e-03
-3.424572e-03
-3.334416e-03
-3.239874e-03
-3.141134e-03
-3.038379e-03
-2.931553e-03
-2.813558e-03
-3.178659e-03
-3.496081e-03
-3.789541e-03
-4.058479e-03
-4.303089e-03
-4.521704e-03
-4.717906e-03
-4.892058e-03
-5.044887e-03
-5.177214e-03
-5.289962e-03
-5.384113e-03
-5.484561e-03
-5.568727e-03
-5.637936e-03
-5.693029e-03
-5.735348e-03
-5.766087e-03
-5.786446e-03
-5.797545e-03
-5.800417e-03
-5.795978e-03
-5.785245e-03
-5.773396e-03
-5.755230e-03
-5.732590e-03
-5.697128e-03
-5.658948e-03
-5.616930e-03
-5.727102e-03
-5.779044e-03
-5.826479e-03
-5.853592e-03
-5.868016e-03
-5.869457e-03
-5.859799e-03
-5.839937e-03
-5.810835e-03
-5.773242e-03
-5.724147e-03
-5.670952e-03
-5.613459e-03
-5.552084e-03
-5.507933e-03
-5.443475e-03
-5.375915e-03
-5.302349e-03
-5.223910e-03
-5.140572e-03
-5.052640e-03
-4.960303e-03
-4.863769e-03
-4.763231e-03
-4.658879e-03
-4.550898e-03
-4.439593e-03
-4.889098e-03
-5.225005e-03
-5.570318e-03
-5.865895e-03
-6.141138e-03
-6.389247e-03
-6.612997e-03
-6.812804e-03
-6.989673e-03
-7.136238e-03
-7.262611e-03
-7.368813e-03
-7.456466e-03
-7.526752e-03
-7.581044e-03
-7.620696e-03
-7.647073e-03
-7.661480e-03
-7.688943e-03
-7.703689e-03
-7.712001e-03
-7.711649e-03
-7.705096e-03
-7.692044e-03
-7.673509e-03
-7.649556e-03
-7.620625e-03
-7.587011e-03
-7.775871e-03
-7.828962e-03
-7.920754e-03
-7.960884e-03
-7.999186e-03
-8.014641e-03
-8.020179e-03
-8.011690e-03
-7.992955e-03
-7.963721e-03
-7.925381e-03
-7.878394e-03
-7.823248e-03
-7.752422e-03
-7.678102e-03
-7.595345e-03
-7.507114e-03
-7.412561e-03
-7.312552e-03
-7.207138e-03
-7.096702e-03
-6.981454e-03
-6.861637e-03
-6.758244e-03
-6.648544e-03
-6.535818e-03
-6.418859e-03
-6.298545e-03
-6.839232e-03
-7.140738e-03
-7.534376e-03
-7.831743e-03
-8.126054e-03
-8.379884e-03
-8.613752e-03
-8.819300e-03
-9.000964e-03
-9.158896e-03
-9.294876e-03
-9.409858e-03
-9.505464e-03
-9.582990e-03
-9.644010e-03
-9.689927e-03
-9.722267e-03
-9.742410e-03
-9.751716e-03
-9.751393e-03
-9.742540e-03
-9.726084e-03
-9.702803e-03
-9.673307e-03
-9.638051e-03
-9.623671e-03
-9.592193e-03
-9.566757e-03
-9.819185e-03
-9.784272e-03
-9.969235e-03
-9.912338e-03
-1.003478e-02
-9.968058e-03
-1.003604e-02
-9.966411e-03
-9.987739e-03
-9.916420e-03
-9.900489e-03
-9.826098e-03
-9.780726e-03
-9.700912e-03
-9.633137e-03
-9.545729e-03
-9.460956e-03
-9.364697e-03
-9.266649e-03
-9.156311e-03
-9.046014e-03
-8.931068e-03
-8.814465e-03
-5.576880e-02
-8.580333e-03
-5.548658e-02
-1.243891e-02
