 5.92998E-01
 1.16764E+00
 1.73737E+00
 2.32024E+00
 2.89505E+00
 3.46251E+00
 4.03682E+00
 4.60720E+00
 5.16421E+00
 5.73778E+00
 6.29569E+00
 6.87777E+00
 7.45707E+00
 8.03218E+00
 8.60402E+00
 9.17726E+00
 9.74489E+00
 1.03302E+01
 1.09140E+01
 1.14969E+01
 1.20735E+01
 1.26535E+01
 1.32314E+01
 1.38127E+01
 1.43955E+01
 1.49787E+01
 1.55454E+01
 1.61314E+01
 1.67237E+01
 1.72908E+01
 1.78568E+01
 1.84373E+01
 1.90095E+01
 1.95827E+01
 2.01621E+01
 2.07395E+01
 2.13219E+01
 2.18885E+01
 2.24576E+01
 2.30408E+01
 2.36242E+01
 2.42098E+01
 2.47830E+01
 2.53617E+01
 2.59285E+01
 2.65017E+01
 2.70723E+01
 2.76649E+01
 2.82581E+01
 2.88349E+01
 2.94108E+01
 2.99936E+01
 3.05693E+01
 3.11420E+01
 3.17203E+01
 3.22831E+01
 3.28541E+01
 3.34283E+01
 3.39968E+01
 3.45737E+01
 3.51528E+01
 3.57348E+01
 3.62993E+01
 3.68782E+01
 3.74640E+01
 3.80394E+01
 3.86161E+01
 3.91904E+01
 3.97620E+01
 4.03455E+01
 4.09128E+01
 4.14807E+01
 4.20608E+01
 4.26377E+01
 4.32111E+01
 4.37750E+01
 4.43484E+01
 4.49166E+01
 4.54993E+01
 4.60806E+01
 4.66613E+01
 4.72327E+01
 4.78025E+01
 4.83921E+01
 4.89865E+01
 4.95820E+01
 5.01839E+01
 5.07552E+01
 5.13331E+01
 5.19111E+01
 5.24916E+01
 5.30662E+01
 5.36462E+01
 5.42306E+01
 5.48075E+01
 5.53870E+01
 5.59576E+01
 5.65397E+01
 5.71317E+01
 5.77245E+01
 5.83129E+01
 5.89113E+01
 5.94876E+01
 6.00585E+01
 6.06472E+01
 6.12210E+01
 6.18016E+01
 6.23889E+01
 6.29627E+01
 6.35438E+01
 6.41393E+01
 6.47340E+01
 6.53342E+01
 6.59170E+01
 6.65092E+01
 6.70893E+01
 6.76829E+01
 6.82583E+01
 6.88307E+01
 6.94071E+01
 6.99960E+01
 7.05724E+01
 7.11677E+01
 7.17492E+01
 7.23212E+01
 7.29069E+01
 7.34759E+01
 7.40476E+01
 7.46359E+01
 7.52266E+01
 7.58007E+01
 7.63824E+01
 7.69699E+01
 7.75778E+01
 7.81669E+01
 7.87430E+01
 7.93254E+01
 7.99204E+01
 8.05182E+01
 8.11405E+01
 8.17325E+01
 8.23226E+01
 8.29130E+01
 8.34920E+01
 8.40753E+01
 8.46474E+01
 8.52161E+01
 8.57984E+01
 8.63853E+01
 8.69643E+01
 8.75168E+01
 8.80991E+01
 8.86865E+01
 8.92659E+01
 8.98469E+01
 9.04221E+01
 9.09950E+01
 9.15762E+01
 9.21532E+01
 9.27323E+01
 9.33178E+01
 9.39228E+01
 9.45063E+01
 9.50774E+01
 9.56478E+01
 9.62354E+01
 9.68250E+01
 9.74065E+01
 9.79905E+01
 9.85737E+01
 9.91641E+01
 9.97429E+01
 1.00310E+02
 1.00884E+02
 1.01466E+02
 1.02057E+02
 1.02643E+02
 1.03211E+02
 1.03791E+02
 1.04372E+02
 1.04952E+02
 1.05522E+02
 1.06099E+02
 1.06683E+02
 1.07277E+02
 1.07854E+02
 1.08430E+02
 1.09012E+02
 1.09584E+02
 1.10163E+02
 1.10756E+02
 1.11336E+02
 1.11926E+02
 1.12515E+02
 1.13095E+02
 1.13673E+02
 1.14243E+02
 1.14833E+02
 1.15414E+02
 1.15996E+02
 1.16573E+02
 1.17158E+02
 1.17743E+02
 1.18323E+02
 1.18906E+02
 1.19477E+02
 1.20045E+02
 1.20630E+02
 1.21213E+02
 1.21791E+02
 1.22379E+02
 1.22947E+02
 1.23533E+02
 1.24107E+02
 1.24691E+02
 1.25257E+02
 1.25829E+02
 1.26405E+02
 1.26959E+02
 1.27553E+02
 1.28172E+02
 1.28793E+02
 1.29380E+02
 1.29996E+02
 1.30594E+02
 1.31186E+02
 1.31773E+02
 1.32350E+02
 1.32926E+02
 1.33513E+02
 1.34119E+02
 1.34699E+02
 1.35325E+02
 1.35927E+02
 1.36505E+02
 1.37140E+02
 1.37722E+02
 1.38311E+02
 1.38903E+02
 1.39507E+02
 1.40082E+02
 1.40659E+02
 1.41239E+02
 1.41828E+02
 1.42401E+02
 1.42982E+02
 1.43565E+02
 1.44198E+02
 1.44776E+02
 1.45363E+02
 1.45957E+02
 1.46534E+02
 1.47135E+02
 1.47715E+02
 1.48293E+02
 1.48869E+02
 1.49451E+02
 1.50044E+02
 1.50634E+02
 1.51215E+02
 1.51795E+02
 1.52375E+02
 1.52955E+02
 1.53535E+02
 1.54117E+02
 1.54711E+02
 1.55298E+02
 1.55874E+02
 1.56460E+02
 1.57040E+02
 1.57614E+02
 1.58188E+02
 1.58766E+02
 1.59340E+02
 1.59935E+02
 1.60509E+02
 1.61098E+02
 1.61696E+02
 1.62283E+02
 1.62863E+02
 1.63450E+02
 1.64036E+02
 1.64623E+02
 1.65230E+02
 1.65815E+02
 1.66421E+02
 1.67004E+02
 1.67576E+02
 1.68161E+02
 1.68770E+02
 1.69352E+02
 1.69952E+02
 1.70534E+02
 1.71138E+02
 1.71721E+02
 1.72305E+02
 1.72879E+02
 1.73463E+02
 1.74043E+02
 1.74645E+02
 1.75262E+02
 1.75894E+02
 1.76493E+02
 1.77092E+02
 1.77681E+02
 1.78269E+02
 1.78864E+02
 1.79458E+02
 1.80053E+02
 1.80623E+02
 1.81207E+02
 1.81800E+02
 1.82388E+02
 1.82981E+02
 1.83563E+02
 1.84159E+02
 1.84756E+02
 1.85371E+02
 1.85961E+02
 1.86582E+02
 1.87193E+02
 1.87801E+02
 1.88403E+02
 1.89026E+02
 1.89642E+02
 1.90251E+02
 1.90851E+02
 1.91440E+02
 1.92027E+02
 1.92639E+02
 1.93253E+02
 1.93900E+02
 1.94517E+02
 1.95120E+02
 1.95742E+02
 1.96357E+02
 1.96991E+02
 1.97595E+02
 1.98233E+02
 1.98845E+02
 1.99514E+02
 2.00148E+02
 2.00765E+02
 2.01396E+02
 2.02001E+02
 2.02670E+02
 2.03345E+02
 2.03938E+02
 2.04569E+02
 2.05184E+02
 2.05826E+02
 2.06448E+02
 2.07086E+02
 2.07716E+02
 2.08340E+02
 2.08959E+02
 2.09566E+02
 2.10179E+02
 2.10774E+02
 2.11383E+02
 2.11999E+02
 2.12607E+02
 2.13230E+02
 2.13844E+02
 2.14441E+02
 2.15049E+02
 2.15662E+02
 2.16274E+02
 2.16892E+02
 2.17491E+02
 2.18101E+02
 2.18717E+02
 2.19325E+02
 2.19921E+02
 2.20547E+02
 2.21149E+02
 2.21766E+02
 2.22371E+02
 2.22971E+02
 2.23579E+02
 2.24201E+02
 2.24808E+02
 2.25421E+02
 2.26028E+02
 2.26638E+02
 2.27233E+02
 2.27829E+02
 2.28438E+02
 2.29061E+02
 2.29681E+02
 2.30294E+02
 2.30915E+02
 2.31513E+02
 2.32099E+02
 2.32718E+02
 2.33311E+02
 2.33928E+02
 2.34551E+02
 2.35166E+02
 2.35779E+02
 2.36387E+02
 2.36997E+02
 2.37612E+02
 2.38236E+02
 2.38861E+02
 2.39482E+02
 2.40092E+02
 2.40702E+02
 2.41306E+02
 2.41915E+02
 2.42519E+02
 2.43137E+02
 2.43744E+02
 2.44380E+02
 2.44991E+02
 2.45592E+02
 2.46187E+02
 2.46788E+02
 2.47387E+02
 2.47992E+02
 2.48630E+02
 2.49250E+02
 2.49855E+02
 2.50456E+02
 2.51068E+02
 2.51677E+02
 2.52268E+02
 2.52858E+02
 2.53479E+02
 2.54094E+02
 2.54723E+02
 2.55334E+02
 2.55960E+02
 2.56568E+02
 2.57164E+02
 2.57761E+02
 2.58371E+02
 2.58960E+02
 2.59586E+02
 2.60193E+02
 2.60803E+02
 2.61431E+02
 2.62031E+02
 2.62628E+02
 2.63233E+02
 2.63829E+02
 2.64450E+02
 2.65069E+02
 2.65694E+02
 2.66310E+02
 2.66917E+02
 2.67528E+02
 2.68136E+02
 2.68745E+02
 2.69361E+02
 2.70002E+02
 2.70614E+02
 2.71209E+02
 2.71815E+02
 2.72421E+02
 2.73019E+02
 2.73637E+02
 2.74278E+02
 2.74880E+02
 2.75497E+02
 2.76115E+02
 2.76726E+02
 2.77323E+02
 2.77927E+02
 2.78511E+02
 2.79130E+02
 2.79736E+02
 2.80343E+02
 2.80948E+02
 2.81539E+02
 2.82133E+02
 2.82752E+02
 2.83365E+02
 2.83981E+02
 2.84599E+02
 2.85218E+02
 2.85832E+02
 2.86440E+02
 2.87062E+02
 2.87665E+02
 2.88268E+02
 2.88870E+02
 2.89488E+02
 2.90094E+02
 2.90703E+02
 2.91299E+02
 2.91924E+02
 2.92549E+02
 2.93156E+02
 2.93764E+02
 2.94361E+02
 2.94963E+02
 2.95553E+02
 2.96151E+02
 2.96768E+02
 2.97378E+02
 2.97995E+02
 2.98601E+02
 2.99212E+02
 2.99803E+02
 3.00405E+02
 3.01024E+02
 3.01643E+02
 3.02244E+02
 3.02857E+02
 3.03447E+02
 3.04043E+02
 3.04646E+02
 3.05242E+02
 3.05872E+02
 3.06476E+02
 3.07083E+02
 3.07699E+02
 3.08300E+02
 3.08900E+02
 3.09497E+02
 3.10092E+02
 3.10706E+02
 3.11308E+02
 3.11919E+02
 3.12531E+02
 3.13147E+02
 3.13743E+02
 3.14360E+02
 3.14967E+02
 3.15571E+02
 3.16176E+02
 3.16784E+02
 3.17385E+02
 3.17985E+02
 3.18587E+02
 3.19186E+02
 3.19794E+02
 3.20404E+02
 3.21011E+02
 3.21625E+02
 3.22217E+02
 3.22836E+02
 3.23426E+02
 3.24035E+02
 3.24661E+02
 3.25275E+02
 3.25882E+02
 3.26483E+02
 3.27091E+02
 3.27691E+02
 3.28305E+02
 3.28908E+02
 3.29515E+02
 3.30108E+02
 3.30718E+02
 3.31335E+02
 3.31937E+02
 3.32543E+02
 3.33142E+02
 3.33758E+02
 3.34375E+02
 3.34985E+02
 3.35587E+02
 3.36186E+02
 3.36801E+02
 3.37387E+02
 3.37990E+02
 3.38609E+02
 3.39216E+02
 3.39827E+02
 3.40440E+02
 3.41059E+02
 3.41656E+02
 3.42244E+02
 3.42862E+02
 3.43492E+02
 3.44104E+02
 3.44713E+02
 3.45317E+02
 3.45919E+02
 3.46525E+02
 3.47115E+02
 3.47722E+02
 3.48330E+02
 3.48937E+02
 3.49556E+02
 3.50171E+02
 3.50771E+02
 3.51373E+02
 3.51999E+02
 3.52634E+02
 3.53246E+02
 3.53850E+02
 3.54472E+02
 3.55072E+02
 3.55672E+02
 3.56285E+02
 3.56895E+02
 3.57513E+02
 3.58122E+02
 3.58731E+02
 3.59358E+02
 3.59964E+02
 3.60564E+02
 3.61178E+02
 3.61811E+02
 3.62430E+02
 3.63046E+02
 3.63646E+02
 3.64251E+02
 3.64856E+02
 3.65462E+02
 3.66058E+02
 3.66652E+02
 3.67281E+02
 3.67888E+02
 3.68487E+02
 3.69076E+02
 3.69689E+02
 3.70301E+02
 3.70904E+02
 3.71528E+02
 3.72137E+02
 3.72741E+02
 3.73353E+02
 3.73954E+02
 3.74578E+02
 3.75215E+02
 3.75805E+02
 3.76424E+02
 3.77047E+02
 3.77674E+02
 3.78268E+02
 3.78858E+02
 3.79470E+02
 3.80084E+02
 3.80688E+02
 3.81306E+02
 3.81898E+02
 3.82516E+02
 3.83119E+02
 3.83741E+02
 3.84365E+02
 3.84966E+02
 3.85582E+02
 3.86186E+02
 3.86786E+02
 3.87393E+02
 3.87986E+02
 3.88590E+02
 3.89186E+02
 3.89784E+02
 3.90392E+02
 3.91001E+02
 3.91599E+02
 3.92195E+02
 3.92803E+02
 3.93420E+02
 3.94036E+02
 3.94663E+02
 3.95272E+02
 3.95877E+02
 3.96486E+02
 3.97105E+02
 3.97705E+02
 3.98322E+02
 3.98932E+02
 3.99530E+02
 4.00148E+02
 4.00736E+02
 4.01341E+02
 4.01938E+02
 4.02560E+02
 4.03168E+02
 4.03767E+02
 4.04364E+02
 4.04991E+02
 4.05608E+02
 4.06222E+02
 4.06838E+02
 4.07460E+02
 4.08067E+02
 4.08674E+02
 4.09269E+02
 4.09865E+02
 4.10468E+02
 4.11062E+02
 4.11663E+02
 4.12288E+02
 4.12907E+02
 4.13513E+02
 4.14126E+02
 4.14731E+02
 4.15334E+02
 4.15920E+02
 4.16532E+02
 4.17138E+02
 4.17756E+02
 4.18356E+02
 4.18974E+02
 4.19572E+02
 4.20162E+02
 4.20754E+02
 4.21358E+02
 4.21982E+02
 4.22600E+02
 4.23215E+02
 4.23823E+02
 4.24424E+02
 4.25032E+02
 4.25637E+02
 4.26248E+02
 4.26864E+02
 4.27487E+02
 4.28078E+02
 4.28669E+02
 4.29282E+02
 4.29875E+02
 4.30485E+02
 4.31095E+02
 4.31705E+02
 4.32301E+02
 4.32909E+02
 4.33514E+02
 4.34122E+02
 4.34723E+02
 4.35344E+02
 4.35965E+02
 4.36578E+02
 4.37196E+02
 4.37821E+02
 4.38426E+02
 4.39041E+02
 4.39652E+02
 4.40260E+02
 4.40879E+02
 4.41484E+02
 4.42099E+02
 4.42694E+02
 4.43303E+02
 4.43908E+02
 4.44528E+02
 4.45139E+02
 4.45763E+02
 4.46370E+02
 4.46970E+02
 4.47575E+02
 4.48203E+02
 4.48804E+02
 4.49419E+02
 4.50027E+02
 4.50626E+02
 4.51229E+02
 4.51859E+02
 4.52477E+02
 4.53075E+02
 4.53696E+02
 4.54305E+02
 4.54922E+02
 4.55533E+02
 4.56143E+02
 4.56730E+02
 4.57333E+02
 4.57949E+02
 4.58546E+02
 4.59155E+02
 4.59789E+02
 4.60390E+02
 4.60996E+02
 4.61586E+02
 4.62201E+02
 4.62832E+02
 4.63454E+02
 4.64091E+02
 4.64707E+02
 4.65323E+02
 4.65929E+02
 4.66533E+02
 4.67135E+02
 4.67751E+02
 4.68363E+02
 4.68977E+02
 4.69581E+02
 4.70183E+02
 4.70787E+02
 4.71401E+02
 4.72004E+02
 4.72626E+02
 4.73220E+02
 4.73825E+02
 4.74441E+02
 4.75045E+02
 4.75658E+02
 4.76252E+02
 4.76857E+02
 4.77473E+02
 4.78076E+02
 4.78679E+02
 4.79300E+02
 4.79913E+02
 4.80513E+02
 4.81104E+02
 4.81704E+02
 4.82316E+02
 4.82938E+02
 4.83549E+02
 4.84168E+02
 4.84763E+02
 4.85362E+02
 4.85968E+02
 4.86581E+02
 4.87207E+02
 4.87826E+02
 4.88453E+02
 4.89067E+02
 4.89662E+02
 4.90271E+02
 4.90867E+02
 4.91474E+02
 4.92057E+02
 4.92661E+02
 4.93276E+02
 4.93891E+02
 4.94487E+02
 4.95107E+02
 4.95718E+02
 4.96319E+02
 4.96939E+02
 4.97536E+02
 4.98138E+02
 4.98737E+02
 4.99334E+02
 4.99936E+02
 5.00533E+02
 5.01147E+02
 5.01768E+02
 5.02373E+02
 5.02965E+02
 5.03583E+02
 5.04180E+02
 5.04778E+02
 5.05387E+02
 5.06013E+02
 5.06617E+02
 5.07224E+02
 5.07824E+02
 5.08439E+02
 5.09044E+02
 5.09676E+02
 5.10303E+02
 5.10931E+02
 5.11542E+02
 5.12146E+02
 5.12753E+02
 5.13360E+02
 5.13965E+02
 5.14584E+02
 5.15184E+02
 5.15813E+02
 5.16429E+02
 5.17047E+02
 5.17645E+02
 5.18256E+02
 5.18865E+02
 5.19487E+02
 5.20105E+02
 5.20723E+02
 5.21337E+02
 5.21947E+02
 5.22573E+02
 5.23181E+02
 5.23784E+02
 5.24391E+02
 5.25003E+02
 5.25611E+02
 5.26224E+02
 5.26826E+02
 5.27426E+02
 5.28019E+02
 5.28620E+02
 5.29215E+02
 5.29816E+02
 5.30419E+02
 5.31025E+02
 5.31631E+02
 5.32258E+02
 5.32855E+02
 5.33468E+02
 5.34057E+02
 5.34669E+02
 5.35271E+02
 5.35891E+02
 5.36488E+02
 5.37107E+02
 5.37725E+02
 5.38345E+02
 5.38947E+02
 5.39552E+02
 5.40166E+02
 5.40764E+02
 5.41369E+02
 5.41972E+02
 5.42572E+02
 5.43194E+02
 5.43807E+02
 5.44406E+02
 5.45020E+02
 5.45628E+02
 5.46231E+02
 5.46823E+02
 5.47438E+02
 5.48044E+02
 5.48661E+02
 5.49258E+02
 5.49866E+02
 5.50483E+02
 5.51077E+02
 5.51681E+02
 5.52293E+02
 5.52916E+02
 5.53525E+02
 5.54123E+02
 5.54725E+02
 5.55330E+02
 5.55955E+02
 5.56578E+02
 5.57182E+02
 5.57777E+02
 5.58390E+02
 5.58987E+02
 5.59593E+02
 5.60208E+02
 5.60817E+02
 5.61427E+02
 5.62027E+02
 5.62642E+02
 5.63252E+02
 5.63850E+02
 5.64452E+02
 5.65066E+02
 5.65673E+02
 5.66276E+02
 5.66879E+02
 5.67487E+02
 5.68084E+02
 5.68694E+02
 5.69284E+02
 5.69872E+02
 5.70465E+02
 5.71076E+02
 5.71682E+02
 5.72283E+02
 5.72899E+02
 5.73497E+02
 5.74101E+02
 5.74711E+02
 5.75329E+02
 5.75936E+02
 5.76532E+02
 5.77154E+02
 5.77761E+02
 5.78371E+02
 5.78960E+02
 5.79562E+02
 5.80179E+02
 5.80801E+02
 5.81420E+02
 5.82018E+02
 5.82607E+02
 5.83211E+02
 5.83802E+02
 5.84397E+02
 5.85034E+02
 5.85646E+02
 5.86256E+02
 5.86859E+02
 5.87468E+02
 5.88083E+02
 5.88670E+02
 5.89261E+02
 5.89890E+02
 5.90516E+02
 5.91123E+02
 5.91717E+02
 5.92329E+02
 5.92931E+02
 5.93532E+02
 5.94140E+02
 5.94745E+02
 5.95357E+02
 5.95958E+02
 5.96570E+02
 5.97185E+02
 5.97779E+02
 5.98368E+02
 5.98978E+02
 5.99613E+02
 6.00216E+02
 6.00826E+02
 6.01440E+02
 6.02049E+02
 6.02654E+02
 6.03246E+02
 6.03865E+02
 6.04481E+02
 6.05102E+02
 6.05704E+02
 6.06302E+02
 6.06910E+02
 6.07521E+02
 6.08156E+02
 6.08766E+02
 6.09373E+02
 6.09988E+02
 6.10582E+02
 6.11182E+02
 6.11803E+02
 6.12415E+02
 6.13026E+02
 6.13634E+02
 6.14239E+02
 6.14844E+02
 6.15429E+02
 6.16047E+02
 6.16654E+02
 6.17260E+02
 6.17862E+02
 6.18472E+02
 6.19089E+02
 6.19699E+02
 6.20299E+02
 6.20897E+02
 6.21517E+02
 6.22139E+02
 6.22753E+02
 6.23355E+02
 6.23970E+02
 6.24559E+02
 6.25144E+02
 6.25760E+02
 6.26365E+02
 6.26983E+02
 6.27583E+02
 6.28206E+02
 6.28806E+02
 6.29413E+02
 6.30012E+02
 6.30607E+02
 6.31222E+02
 6.31844E+02
 6.32449E+02
 6.33035E+02
 6.33646E+02
 6.34246E+02
 6.34850E+02
 6.35463E+02
 6.36076E+02
 6.36672E+02
 6.37279E+02
 6.37890E+02
 6.38497E+02
 6.39094E+02
 6.39701E+02
 6.40300E+02
 6.40907E+02
 6.41518E+02
 6.42110E+02
 6.42696E+02
 6.43299E+02
 6.43901E+02
 6.44506E+02
 6.45105E+02
 6.45715E+02
 6.46333E+02
 6.46922E+02
 6.47532E+02
 6.48138E+02
 6.48721E+02
 6.49325E+02
 6.49920E+02
 6.50541E+02
 6.51150E+02
 6.51770E+02
 6.52389E+02
 6.52999E+02
 6.53591E+02
 6.54197E+02
 6.54800E+02
 6.55407E+02
 6.56025E+02
 6.56636E+02
 6.57226E+02
 6.57815E+02
 6.58404E+02
 6.59009E+02
 6.59628E+02
 6.60236E+02
 6.60858E+02
 6.61487E+02
 6.62086E+02
 6.62697E+02
 6.63302E+02
 6.63900E+02
 6.64496E+02
 6.65112E+02
 6.65717E+02
 6.66315E+02
 6.66940E+02
 6.67560E+02
 6.68203E+02
 6.68812E+02
 6.69420E+02
 6.70030E+02
 6.70629E+02
 6.71258E+02
 6.71881E+02
 6.72471E+02
 6.73079E+02
 6.73665E+02
 6.74296E+02
 6.74899E+02
 6.75504E+02
 6.76087E+02
 6.76689E+02
 6.77323E+02
 6.77933E+02
 6.78548E+02
 6.79170E+02
 6.79794E+02
 6.80407E+02
 6.81000E+02
 6.81593E+02
 6.82213E+02
 6.82817E+02
 6.83434E+02
 6.84035E+02
 6.84628E+02
 6.85236E+02
 6.85834E+02
 6.86440E+02
 6.87038E+02
 6.87635E+02
 6.88221E+02
 6.88835E+02
 6.89428E+02
 6.90035E+02
 6.90640E+02
 6.91247E+02
 6.91851E+02
 6.92477E+02
 6.93063E+02
 6.93652E+02
 6.94250E+02
 6.94862E+02
 6.95454E+02
 6.96054E+02
 6.96655E+02
 6.97264E+02
 6.97869E+02
 6.98482E+02
 6.99069E+02
 6.99671E+02
 7.00271E+02
 7.00876E+02
 7.01480E+02
 7.02093E+02
 7.02704E+02
 7.03296E+02
 7.03895E+02
 7.04480E+02
 7.05079E+02
 7.05683E+02
 7.06282E+02
 7.06874E+02
 7.07478E+02
 7.08075E+02
 7.08691E+02
 7.09282E+02
 7.09898E+02
 7.10504E+02
 7.11119E+02
 7.11727E+02
 7.12334E+02
 7.12932E+02
 7.13541E+02
 7.14136E+02
 7.14732E+02
 7.15331E+02
 7.15925E+02
 7.16528E+02
 7.17131E+02
 7.17730E+02
 7.18321E+02
 7.18935E+02
 7.19532E+02
 7.20136E+02
 7.20738E+02
 7.21353E+02
 7.21959E+02
 7.22564E+02
 7.23164E+02
 7.23775E+02
 7.24360E+02
 7.24965E+02
 7.25557E+02
 7.26166E+02
 7.26780E+02
 7.27394E+02
 7.27995E+02
 7.28618E+02
 7.29195E+02
 7.29800E+02
 7.30404E+02
 7.31007E+02
 7.31598E+02
 7.32211E+02
 7.32823E+02
 7.33441E+02
 7.34047E+02
 7.34661E+02
 7.35264E+02
 7.35871E+02
 7.36485E+02
 7.37106E+02
 7.37723E+02
 7.38335E+02
 7.38928E+02
 7.39531E+02
 7.40129E+02
 7.40737E+02
 7.41338E+02
 7.41933E+02
 7.42525E+02
 7.43126E+02
 7.43713E+02
 7.44333E+02
 7.44943E+02
 7.45526E+02
 7.46117E+02
 7.46707E+02
 7.47308E+02
 7.47923E+02
 7.48509E+02
 7.49093E+02
 7.49704E+02
 7.50289E+02
 7.50899E+02
 7.51499E+02
 7.52094E+02
 7.52705E+02
 7.53311E+02
 7.53912E+02
 7.54511E+02
 7.55102E+02
 7.55715E+02
 7.56330E+02
 7.56940E+02
 7.57552E+02
 7.58159E+02
 7.58774E+02
 7.59395E+02
 7.60012E+02
 7.60635E+02
 7.61232E+02
 7.61826E+02
 7.62430E+02
 7.63041E+02
 7.63647E+02
 7.64247E+02
 7.64848E+02
 7.65457E+02
 7.66077E+02
 7.66672E+02
 7.67267E+02
 7.67873E+02
 7.68467E+02
 7.69063E+02
 7.69683E+02
 7.70295E+02
 7.70897E+02
 7.71498E+02
 7.72088E+02
 7.72700E+02
 7.73291E+02
 7.73888E+02
 7.74492E+02
 7.75102E+02
 7.75711E+02
 7.76299E+02
 7.76884E+02
 7.77489E+02
 7.78080E+02
 7.78684E+02
 7.79284E+02
 7.79891E+02
 7.80498E+02
 7.81092E+02
 7.81701E+02
 7.82311E+02
 7.82896E+02
 7.83498E+02
 7.84105E+02
 7.84709E+02
 7.85301E+02
 7.85909E+02
 7.86520E+02
 7.87122E+02
 7.87733E+02
 7.88330E+02
 7.88947E+02
 7.89538E+02
 7.90154E+02
 7.90743E+02
 7.91352E+02
 7.91940E+02
 7.92549E+02
 7.93151E+02
 7.93748E+02
 7.94367E+02
 7.94978E+02
 7.95579E+02
 7.96183E+02
 7.96792E+02
 7.97392E+02
 7.97984E+02
 7.98589E+02
 7.99210E+02
 7.99815E+02
 8.00416E+02
 8.01031E+02
 8.01623E+02
 8.02266E+02
 8.02886E+02
 8.03493E+02
 8.04105E+02
 8.04718E+02
 8.05321E+02
 8.05920E+02
 8.06549E+02
 8.07142E+02
 8.07753E+02
 8.08375E+02
 8.08977E+02
 8.09576E+02
 8.10175E+02
 8.10782E+02
 8.11380E+02
 8.11990E+02
 8.12597E+02
 8.13208E+02
 8.13814E+02
 8.14421E+02
 8.15027E+02
 8.15646E+02
 8.16271E+02
 8.16892E+02
 8.17503E+02
 8.18119E+02
 8.18719E+02
 8.19303E+02
 8.19892E+02
 8.20495E+02
 8.21093E+02
 8.21717E+02
 8.22329E+02
 8.22941E+02
 8.23545E+02
 8.24149E+02
 8.24752E+02
 8.25352E+02
 8.25977E+02
 8.26603E+02
 8.27219E+02
 8.27836E+02
 8.28443E+02
 8.29044E+02
 8.29658E+02
 8.30263E+02
 8.30883E+02
 8.31479E+02
 8.32093E+02
 8.32694E+02
 8.33288E+02
 8.33902E+02
 8.34494E+02
 8.35109E+02
 8.35728E+02
 8.36312E+02
 8.36917E+02
 8.37532E+02
 8.38131E+02
 8.38709E+02
 8.39300E+02
 8.39921E+02
 8.40535E+02
 8.41159E+02
 8.41779E+02
 8.42389E+02
 8.42968E+02
 8.43562E+02
 8.44163E+02
 8.44772E+02
 8.45391E+02
 8.46000E+02
 8.46611E+02
 8.47224E+02
 8.47822E+02
 8.48424E+02
 8.49026E+02
 8.49639E+02
 8.50252E+02
 8.50858E+02
 8.51464E+02
 8.52069E+02
 8.52669E+02
 8.53278E+02
 8.53880E+02
 8.54486E+02
 8.55098E+02
 8.55717E+02
 8.56335E+02
 8.56959E+02
 8.57555E+02
 8.58153E+02
 8.58762E+02
 8.59401E+02
 8.59996E+02
 8.60613E+02
 8.61239E+02
 8.61851E+02
 8.62461E+02
 8.63075E+02
 8.63711E+02
 8.64326E+02
 8.64927E+02
 8.65539E+02
 8.66138E+02
 8.66722E+02
 8.67330E+02
 8.67921E+02
 8.68518E+02
 8.69134E+02
 8.69732E+02
 8.70342E+02
 8.70934E+02
 8.71527E+02
 8.72133E+02
 8.72737E+02
 8.73350E+02
 8.73957E+02
 8.74582E+02
 8.75200E+02
 8.75796E+02
 8.76390E+02
 8.77004E+02
 8.77597E+02
 8.78218E+02
 8.78828E+02
 8.79421E+02
 8.80021E+02
 8.80613E+02
 8.81211E+02
 8.81815E+02
 8.82429E+02
 8.83059E+02
 8.83659E+02
 8.84261E+02
 8.84875E+02
 8.85467E+02
 8.86075E+02
 8.86681E+02
 8.87292E+02
 8.87896E+02
 8.88499E+02
 8.89090E+02
 8.89711E+02
 8.90305E+02
 8.90908E+02
 8.91504E+02
 8.92102E+02
 8.92719E+02
 8.93324E+02
 8.93925E+02
 8.94520E+02
 8.95138E+02
 8.95733E+02
 8.96364E+02
 8.96985E+02
 8.97603E+02
 8.98197E+02
 8.98795E+02
 8.99393E+02
 8.99987E+02
 9.00579E+02
 9.01189E+02
 9.01801E+02
 9.02401E+02
 9.03009E+02
 9.03622E+02
 9.04213E+02
 9.04802E+02
 9.05406E+02
 9.06017E+02
 9.06645E+02
 9.07252E+02
 9.07857E+02
 9.08455E+02
 9.09063E+02
 9.09637E+02
 9.10235E+02
 9.10860E+02
 9.11467E+02
 9.12068E+02
 9.12692E+02
 9.13298E+02
 9.13910E+02
 9.14518E+02
 9.15133E+02
 9.15741E+02
 9.16343E+02
 9.16963E+02
 9.17552E+02
 9.18150E+02
 9.18737E+02
 9.19326E+02
 9.19952E+02
 9.20574E+02
 9.21180E+02
 9.21794E+02
 9.22386E+02
 9.22993E+02
 9.23593E+02
 9.24195E+02
 9.24816E+02
 9.25432E+02
 9.26038E+02
 9.26652E+02
 9.27264E+02
 9.27865E+02
 9.28483E+02
 9.29091E+02
 9.29703E+02
 9.30318E+02
 9.30917E+02
 9.31509E+02
 9.32115E+02
 9.32721E+02
 9.33322E+02
 9.33935E+02
 9.34551E+02
 9.35161E+02
 9.35760E+02
 9.36366E+02
 9.36967E+02
 9.37566E+02
 9.38155E+02
 9.38762E+02
 9.39373E+02
 9.39971E+02
 9.40564E+02
 9.41165E+02
 9.41766E+02
 9.42359E+02
 9.42957E+02
 9.43567E+02
 9.44171E+02
 9.44773E+02
 9.45370E+02
 9.45975E+02
 9.46591E+02
 9.47188E+02
 9.47791E+02
 9.48395E+02
 9.48987E+02
 9.49609E+02
 9.50217E+02
 9.50809E+02
 9.51407E+02
 9.52007E+02
 9.52600E+02
 9.53191E+02
 9.53808E+02
 9.54441E+02
 9.55025E+02
 9.55619E+02
 9.56218E+02
 9.56832E+02
 9.57450E+02
 9.58042E+02
 9.58646E+02
 9.59251E+02
 9.59867E+02
 9.60469E+02
 9.61092E+02
 9.61693E+02
 9.62312E+02
 9.62906E+02
 9.63510E+02
 9.64126E+02
 9.64740E+02
 9.65349E+02
 9.65954E+02
 9.66554E+02
 9.67163E+02
 9.67754E+02
 9.68388E+02
 9.69016E+02
 9.69647E+02
 9.70259E+02
 9.70870E+02
 9.71469E+02
 9.72081E+02
 9.72707E+02
 9.73325E+02
 9.73930E+02
 9.74549E+02
 9.75134E+02
 9.75746E+02
 9.76357E+02
 9.76976E+02
 9.77588E+02
 9.78192E+02
 9.78792E+02
 9.79382E+02
 9.79971E+02
 9.80565E+02
 9.81177E+02
 9.81795E+02
 9.82392E+02
 9.82984E+02
 9.83600E+02
 9.84198E+02
 9.84792E+02
 9.85390E+02
 9.85998E+02
 9.86599E+02
 9.87205E+02
 9.87806E+02
 9.88407E+02
 9.89017E+02
 9.89617E+02
 9.90225E+02
 9.90830E+02
 9.91406E+02
 9.92022E+02
 9.92626E+02
 9.93221E+02
 9.93818E+02
 9.94424E+02
 9.95035E+02
 9.95649E+02
 9.96260E+02
 9.96889E+02
 9.97491E+02
 9.98110E+02
 9.98726E+02
 9.99329E+02
 9.99915E+02
 1.00052E+03
 1.00114E+03
 1.00176E+03
 1.00236E+03
 1.00297E+03
 1.00359E+03
 1.00419E+03
 1.00479E+03
 1.00538E+03
 1.00600E+03
 1.00662E+03
 1.00724E+03
 1.00784E+03
 1.00845E+03
 1.00904E+03
 1.00965E+03
 1.01027E+03
 1.01087E+03
 1.01149E+03
 1.01209E+03
 1.01270E+03
 1.01333E+03
 1.01395E+03
 1.01458E+03
 1.01519E+03
 1.01580E+03
 1.01640E+03
 1.01700E+03
 1.01764E+03
 1.01828E+03
 1.01890E+03
 1.01951E+03
 1.02012E+03
 1.02074E+03
 1.02136E+03
 1.02197E+03
 1.02257E+03
 1.02317E+03
 1.02376E+03
 1.02437E+03
 1.02498E+03
 1.02558E+03
 1.02618E+03
 1.02679E+03
 1.02740E+03
 1.02801E+03
 1.02860E+03
 1.02922E+03
 1.02982E+03
 1.03043E+03
 1.03105E+03
 1.03166E+03
 1.03231E+03
 1.03292E+03
 1.03355E+03
 1.03414E+03
 1.03473E+03
 1.03534E+03
 1.03593E+03
 1.03653E+03
 1.03713E+03
 1.03775E+03
 1.03833E+03
 1.03893E+03
 1.03953E+03
 1.04013E+03
 1.04074E+03
 1.04136E+03
 1.04196E+03
 1.04257E+03
 1.04318E+03
 1.04379E+03
 1.04439E+03
 1.04499E+03
 1.04561E+03
 1.04621E+03
 1.04683E+03
 1.04743E+03
 1.04805E+03
 1.04864E+03
 1.04925E+03
 1.04986E+03
 1.05047E+03
 1.05106E+03
 1.05166E+03
 1.05225E+03
 1.05285E+03
 1.05344E+03
 1.05404E+03
 1.05464E+03
 1.05524E+03
 1.05583E+03
 1.05646E+03
