 1.23570E+03
 1.23570E+03
 1.23570E+03
 1.23570E+03
 1.23546E+03
 1.63489E+03
 2.74990E+03
 2.86766E+03
 2.88128E+03
 2.88248E+03
 2.88258E+03
 2.88260E+03
 2.88261E+03
 2.88262E+03
 2.88262E+03
 2.88263E+03
 2.88264E+03
 2.88265E+03
 2.88265E+03
 2.88266E+03
 2.88266E+03
 2.88267E+03
 2.88267E+03
 2.88268E+03
 2.88268E+03
 2.88268E+03
 2.88269E+03
 2.88269E+03
 2.88269E+03
 2.88270E+03
 2.88270E+03
 2.88270E+03
 2.88270E+03
 2.88271E+03
 2.88271E+03
 2.88271E+03
 2.88271E+03
 2.88271E+03
 2.88271E+03
 2.88271E+03
 1.23570E+03
 1.23570E+03
 1.23570E+03
 1.23570E+03
 1.23546E+03
 2.32566E+03
 2.83548E+03
 2.87822E+03
 2.88222E+03
 2.88255E+03
 2.88259E+03
 2.88260E+03
 2.88261E+03
 2.88262E+03
 2.88262E+03
 2.88263E+03
 2.88264E+03
 2.88265E+03
 2.88265E+03
 2.88266E+03
 2.88266E+03
 2.88267E+03
 2.88267E+03
 2.88268E+03
 2.88268E+03
 2.88269E+03
 2.88269E+03
 2.88269E+03
 2.88269E+03
 2.88270E+03
 2.88270E+03
 2.88270E+03
 2.88270E+03
 2.88271E+03
 2.88271E+03
 2.88271E+03
 2.88271E+03
 2.88271E+03
 2.88271E+03
 2.88271E+03
 1.23570E+03
 1.23570E+03
 1.23570E+03
 1.23546E+03
 1.85214E+03
 2.78564E+03
 2.87274E+03
 2.88173E+03
 2.88251E+03
 2.88257E+03
 2.88259E+03
 2.88260E+03
 2.88261E+03
 2.88262E+03
 2.88263E+03
 2.88263E+03
 2.88264E+03
 2.88265E+03
 2.88265E+03
 2.88266E+03
 2.88266E+03
 2.88267E+03
 2.88267E+03
 2.88268E+03
 2.88268E+03
 2.88269E+03
 2.88269E+03
 2.88269E+03
 2.88270E+03
 2.88270E+03
 2.88270E+03
 2.88270E+03
 2.88270E+03
 2.88271E+03
 2.88271E+03
 2.88271E+03
 2.88271E+03
 2.88271E+03
 2.88271E+03
 2.88271E+03
 1.23570E+03
 1.23570E+03
 1.23546E+03
 1.63684E+03
 2.75105E+03
 2.86734E+03
 2.88112E+03
 2.88245E+03
 2.88256E+03
 2.88258E+03
 2.88259E+03
 2.88260E+03
 2.88261E+03
 2.88262E+03
 2.88263E+03
 2.88264E+03
 2.88264E+03
 2.88265E+03
 2.88265E+03
 2.88266E+03
 2.88266E+03
 2.88267E+03
 2.88267E+03
 2.88268E+03
 2.88268E+03
 2.88269E+03
 2.88269E+03
 2.88269E+03
 2.88270E+03
 2.88270E+03
 2.88270E+03
 2.88270E+03
 2.88271E+03
 2.88271E+03
 2.88271E+03
 2.88271E+03
 2.88271E+03
 2.88271E+03
 2.88271E+03
 2.88271E+03
 1.23546E+03
 1.23546E+03
 1.85214E+03
 2.75105E+03
 2.86508E+03
 2.88070E+03
 2.88239E+03
 2.88255E+03
 2.88257E+03
 2.88259E+03
 2.88260E+03
 2.88261E+03
 2.88261E+03
 2.88262E+03
 2.88263E+03
 2.88264E+03
 2.88264E+03
 2.88265E+03
 2.88266E+03
 2.88266E+03
 2.88267E+03
 2.88267E+03
 2.88268E+03
 2.88268E+03
 2.88268E+03
 2.88269E+03
 2.88269E+03
 2.88269E+03
 2.88270E+03
 2.88270E+03
 2.88270E+03
 2.88270E+03
 2.88271E+03
 2.88271E+03
 2.88271E+03
 2.88271E+03
 2.88271E+03
 2.88271E+03
 2.88271E+03
 2.88271E+03
 1.63489E+03
 2.32566E+03
 2.78564E+03
 2.86734E+03
 2.88070E+03
 2.88237E+03
 2.88255E+03
 2.88257E+03
 2.88258E+03
 2.88259E+03
 2.88260E+03
 2.88261E+03
 2.88262E+03
 2.88263E+03
 2.88263E+03
 2.88264E+03
 2.88265E+03
 2.88265E+03
 2.88266E+03
 2.88266E+03
 2.88267E+03
 2.88267E+03
 2.88268E+03
 2.88268E+03
 2.88268E+03
 2.88269E+03
 2.88269E+03
 2.88270E+03
 2.88270E+03
 2.88270E+03
 2.88270E+03
 2.88271E+03
 2.88271E+03
 2.88271E+03
 2.88271E+03
 2.88271E+03
 2.88271E+03
 2.88271E+03
 2.88271E+03
 2.88271E+03
 2.74990E+03
 2.83548E+03
 2.87274E+03
 2.88112E+03
 2.88239E+03
 2.88255E+03
 2.88257E+03
 2.88258E+03
 2.88259E+03
 2.88260E+03
 2.88261E+03
 2.88261E+03
 2.88262E+03
 2.88263E+03
 2.88264E+03
 2.88264E+03
 2.88265E+03
 2.88265E+03
 2.88266E+03
 2.88266E+03
 2.88267E+03
 2.88267E+03
 2.88268E+03
 2.88268E+03
 2.88269E+03
 2.88269E+03
 2.88269E+03
 2.88270E+03
 2.88270E+03
 2.88270E+03
 2.88270E+03
 2.88271E+03
 2.88271E+03
 2.88271E+03
 2.88271E+03
 2.88271E+03
 2.88271E+03
 2.88271E+03
 2.88272E+03
 2.88272E+03
 2.86766E+03
 2.87822E+03
 2.88173E+03
 2.88245E+03
 2.88255E+03
 2.88257E+03
 2.88258E+03
 2.88259E+03
 2.88260E+03
 2.88260E+03
 2.88261E+03
 2.88262E+03
 2.88263E+03
 2.88263E+03
 2.88264E+03
 2.88265E+03
 2.88265E+03
 2.88266E+03
 2.88266E+03
 2.88267E+03
 2.88267E+03
 2.88268E+03
 2.88268E+03
 2.88268E+03
 2.88269E+03
 2.88269E+03
 2.88270E+03
 2.88270E+03
 2.88270E+03
 2.88270E+03
 2.88271E+03
 2.88271E+03
 2.88271E+03
 2.88271E+03
 2.88271E+03
 2.88271E+03
 2.88272E+03
 2.88272E+03
 2.88272E+03
 2.88272E+03
 2.88128E+03
 2.88222E+03
 2.88251E+03
 2.88256E+03
 2.88257E+03
 2.88258E+03
 2.88259E+03
 2.88260E+03
 2.88260E+03
 2.88261E+03
 2.88262E+03
 2.88262E+03
 2.88263E+03
 2.88264E+03
 2.88264E+03
 2.88265E+03
 2.88265E+03
 2.88266E+03
 2.88266E+03
 2.88267E+03
 2.88267E+03
 2.88268E+03
 2.88268E+03
 2.88269E+03
 2.88269E+03
 2.88269E+03
 2.88270E+03
 2.88270E+03
 2.88270E+03
 2.88271E+03
 2.88271E+03
 2.88271E+03
 2.88271E+03
 2.88271E+03
 2.88272E+03
 2.88272E+03
 2.88272E+03
 2.88272E+03
 2.88272E+03
 2.88272E+03
 2.88248E+03
 2.88255E+03
 2.88257E+03
 2.88258E+03
 2.88259E+03
 2.88259E+03
 2.88260E+03
 2.88260E+03
 2.88261E+03
 2.88262E+03
 2.88262E+03
 2.88263E+03
 2.88263E+03
 2.88264E+03
 2.88265E+03
 2.88265E+03
 2.88266E+03
 2.88266E+03
 2.88267E+03
 2.88267E+03
 2.88268E+03
 2.88268E+03
 2.88268E+03
 2.88269E+03
 2.88269E+03
 2.88270E+03
 2.88270E+03
 2.88270E+03
 2.88271E+03
 2.88271E+03
 2.88271E+03
 2.88271E+03
 2.88271E+03
 2.88272E+03
 2.88272E+03
 2.88272E+03
 2.88272E+03
 2.88272E+03
 2.88272E+03
 2.88272E+03
 2.88258E+03
 2.88259E+03
 2.88259E+03
 2.88259E+03
 2.88260E+03
 2.88260E+03
 2.88261E+03
 2.88261E+03
 2.88262E+03
 2.88262E+03
 2.88263E+03
 2.88263E+03
 2.88264E+03
 2.88265E+03
 2.88265E+03
 2.88266E+03
 2.88266E+03
 2.88267E+03
 2.88267E+03
 2.88267E+03
 2.88268E+03
 2.88268E+03
 2.88269E+03
 2.88269E+03
 2.88269E+03
 2.88270E+03
 2.88270E+03
 2.88270E+03
 2.88271E+03
 2.88271E+03
 2.88271E+03
 2.88271E+03
 2.88272E+03
 2.88272E+03
 2.88272E+03
 2.88272E+03
 2.88272E+03
 2.88272E+03
 2.88272E+03
 2.88272E+03
 2.88260E+03
 2.88260E+03
 2.88260E+03
 2.88260E+03
 2.88261E+03
 2.88261E+03
 2.88261E+03
 2.88262E+03
 2.88262E+03
 2.88263E+03
 2.88263E+03
 2.88264E+03
 2.88264E+03
 2.88265E+03
 2.88265E+03
 2.88266E+03
 2.88266E+03
 2.88267E+03
 2.88267E+03
 2.88268E+03
 2.88268E+03
 2.88269E+03
 2.88269E+03
 2.88269E+03
 2.88270E+03
 2.88270E+03
 2.88270E+03
 2.88271E+03
 2.88271E+03
 2.88271E+03
 2.88271E+03
 2.88272E+03
 2.88272E+03
 2.88272E+03
 2.88272E+03
 2.88272E+03
 2.88272E+03
 2.88273E+03
 2.88273E+03
 2.88273E+03
 2.88261E+03
 2.88261E+03
 2.88261E+03
 2.88261E+03
 2.88261E+03
 2.88262E+03
 2.88262E+03
 2.88263E+03
 2.88263E+03
 2.88263E+03
 2.88264E+03
 2.88264E+03
 2.88265E+03
 2.88265E+03
 2.88266E+03
 2.88266E+03
 2.88267E+03
 2.88267E+03
 2.88268E+03
 2.88268E+03
 2.88269E+03
 2.88269E+03
 2.88269E+03
 2.88270E+03
 2.88270E+03
 2.88270E+03
 2.88271E+03
 2.88271E+03
 2.88271E+03
 2.88272E+03
 2.88272E+03
 2.88272E+03
 2.88272E+03
 2.88272E+03
 2.88272E+03
 2.88273E+03
 2.88273E+03
 2.88273E+03
 2.88273E+03
 2.88273E+03
 2.88262E+03
 2.88262E+03
 2.88262E+03
 2.88262E+03
 2.88262E+03
 2.88263E+03
 2.88263E+03
 2.88263E+03
 2.88264E+03
 2.88264E+03
 2.88265E+03
 2.88265E+03
 2.88265E+03
 2.88266E+03
 2.88266E+03
 2.88267E+03
 2.88267E+03
 2.88268E+03
 2.88268E+03
 2.88268E+03
 2.88269E+03
 2.88269E+03
 2.88270E+03
 2.88270E+03
 2.88270E+03
 2.88271E+03
 2.88271E+03
 2.88271E+03
 2.88272E+03
 2.88272E+03
 2.88272E+03
 2.88272E+03
 2.88272E+03
 2.88273E+03
 2.88273E+03
 2.88273E+03
 2.88273E+03
 2.88273E+03
 2.88273E+03
 2.88273E+03
 2.88262E+03
 2.88262E+03
 2.88263E+03
 2.88263E+03
 2.88263E+03
 2.88263E+03
 2.88264E+03
 2.88264E+03
 2.88264E+03
 2.88265E+03
 2.88265E+03
 2.88265E+03
 2.88266E+03
 2.88266E+03
 2.88267E+03
 2.88267E+03
 2.88268E+03
 2.88268E+03
 2.88268E+03
 2.88269E+03
 2.88269E+03
 2.88270E+03
 2.88270E+03
 2.88270E+03
 2.88271E+03
 2.88271E+03
 2.88271E+03
 2.88272E+03
 2.88272E+03
 2.88272E+03
 2.88272E+03
 2.88273E+03
 2.88273E+03
 2.88273E+03
 2.88273E+03
 2.88273E+03
 2.88273E+03
 2.88273E+03
 2.88273E+03
 2.88274E+03
 2.88263E+03
 2.88263E+03
 2.88263E+03
 2.88264E+03
 2.88264E+03
 2.88264E+03
 2.88264E+03
 2.88265E+03
 2.88265E+03
 2.88265E+03
 2.88266E+03
 2.88266E+03
 2.88266E+03
 2.88267E+03
 2.88267E+03
 2.88268E+03
 2.88268E+03
 2.88268E+03
 2.88269E+03
 2.88269E+03
 2.88269E+03
 2.88270E+03
 2.88270E+03
 2.88271E+03
 2.88271E+03
 2.88271E+03
 2.88272E+03
 2.88272E+03
 2.88272E+03
 2.88272E+03
 2.88273E+03
 2.88273E+03
 2.88273E+03
 2.88273E+03
 2.88273E+03
 2.88274E+03
 2.88274E+03
 2.88274E+03
 2.88274E+03
 2.88274E+03
 2.88264E+03
 2.88264E+03
 2.88264E+03
 2.88264E+03
 2.88264E+03
 2.88265E+03
 2.88265E+03
 2.88265E+03
 2.88265E+03
 2.88266E+03
 2.88266E+03
 2.88266E+03
 2.88267E+03
 2.88267E+03
 2.88268E+03
 2.88268E+03
 2.88268E+03
 2.88269E+03
 2.88269E+03
 2.88269E+03
 2.88270E+03
 2.88270E+03
 2.88271E+03
 2.88271E+03
 2.88271E+03
 2.88272E+03
 2.88272E+03
 2.88272E+03
 2.88273E+03
 2.88273E+03
 2.88273E+03
 2.88273E+03
 2.88273E+03
 2.88274E+03
 2.88274E+03
 2.88274E+03
 2.88274E+03
 2.88274E+03
 2.88274E+03
 2.88274E+03
 2.88265E+03
 2.88265E+03
 2.88265E+03
 2.88265E+03
 2.88265E+03
 2.88265E+03
 2.88265E+03
 2.88266E+03
 2.88266E+03
 2.88266E+03
 2.88267E+03
 2.88267E+03
 2.88267E+03
 2.88268E+03
 2.88268E+03
 2.88268E+03
 2.88269E+03
 2.88269E+03
 2.88269E+03
 2.88270E+03
 2.88270E+03
 2.88271E+03
 2.88271E+03
 2.88271E+03
 2.88272E+03
 2.88272E+03
 2.88272E+03
 2.88273E+03
 2.88273E+03
 2.88273E+03
 2.88273E+03
 2.88274E+03
 2.88274E+03
 2.88274E+03
 2.88274E+03
 2.88274E+03
 2.88274E+03
 2.88275E+03
 2.88275E+03
 2.88275E+03
 2.88265E+03
 2.88265E+03
 2.88265E+03
 2.88265E+03
 2.88266E+03
 2.88266E+03
 2.88266E+03
 2.88266E+03
 2.88266E+03
 2.88267E+03
 2.88267E+03
 2.88267E+03
 2.88268E+03
 2.88268E+03
 2.88268E+03
 2.88269E+03
 2.88269E+03
 2.88269E+03
 2.88270E+03
 2.88270E+03
 2.88271E+03
 2.88271E+03
 2.88271E+03
 2.88272E+03
 2.88272E+03
 2.88272E+03
 2.88273E+03
 2.88273E+03
 2.88273E+03
 2.88274E+03
 2.88274E+03
 2.88274E+03
 2.88274E+03
 2.88274E+03
 2.88275E+03
 2.88275E+03
 2.88275E+03
 2.88275E+03
 2.88275E+03
 2.88275E+03
 2.88266E+03
 2.88266E+03
 2.88266E+03
 2.88266E+03
 2.88266E+03
 2.88266E+03
 2.88266E+03
 2.88267E+03
 2.88267E+03
 2.88267E+03
 2.88267E+03
 2.88268E+03
 2.88268E+03
 2.88268E+03
 2.88269E+03
 2.88269E+03
 2.88269E+03
 2.88270E+03
 2.88270E+03
 2.88271E+03
 2.88271E+03
 2.88271E+03
 2.88272E+03
 2.88272E+03
 2.88272E+03
 2.88273E+03
 2.88273E+03
 2.88273E+03
 2.88274E+03
 2.88274E+03
 2.88274E+03
 2.88274E+03
 2.88275E+03
 2.88275E+03
 2.88275E+03
 2.88275E+03
 2.88275E+03
 2.88275E+03
 2.88276E+03
 2.88276E+03
 2.88266E+03
 2.88266E+03
 2.88266E+03
 2.88266E+03
 2.88267E+03
 2.88267E+03
 2.88267E+03
 2.88267E+03
 2.88267E+03
 2.88268E+03
 2.88268E+03
 2.88268E+03
 2.88269E+03
 2.88269E+03
 2.88269E+03
 2.88269E+03
 2.88270E+03
 2.88270E+03
 2.88271E+03
 2.88271E+03
 2.88271E+03
 2.88272E+03
 2.88272E+03
 2.88272E+03
 2.88273E+03
 2.88273E+03
 2.88273E+03
 2.88274E+03
 2.88274E+03
 2.88274E+03
 2.88275E+03
 2.88275E+03
 2.88275E+03
 2.88275E+03
 2.88276E+03
 2.88276E+03
 2.88276E+03
 2.88276E+03
 2.88276E+03
 2.88276E+03
 2.88267E+03
 2.88267E+03
 2.88267E+03
 2.88267E+03
 2.88267E+03
 2.88267E+03
 2.88267E+03
 2.88268E+03
 2.88268E+03
 2.88268E+03
 2.88268E+03
 2.88269E+03
 2.88269E+03
 2.88269E+03
 2.88270E+03
 2.88270E+03
 2.88270E+03
 2.88271E+03
 2.88271E+03
 2.88271E+03
 2.88272E+03
 2.88272E+03
 2.88272E+03
 2.88273E+03
 2.88273E+03
 2.88273E+03
 2.88274E+03
 2.88274E+03
 2.88274E+03
 2.88275E+03
 2.88275E+03
 2.88275E+03
 2.88276E+03
 2.88276E+03
 2.88276E+03
 2.88276E+03
 2.88276E+03
 2.88276E+03
 2.88277E+03
 2.88277E+03
 2.88267E+03
 2.88267E+03
 2.88267E+03
 2.88267E+03
 2.88268E+03
 2.88268E+03
 2.88268E+03
 2.88268E+03
 2.88268E+03
 2.88268E+03
 2.88269E+03
 2.88269E+03
 2.88269E+03
 2.88270E+03
 2.88270E+03
 2.88270E+03
 2.88271E+03
 2.88271E+03
 2.88271E+03
 2.88272E+03
 2.88272E+03
 2.88272E+03
 2.88273E+03
 2.88273E+03
 2.88273E+03
 2.88274E+03
 2.88274E+03
 2.88275E+03
 2.88275E+03
 2.88275E+03
 2.88276E+03
 2.88276E+03
 2.88276E+03
 2.88276E+03
 2.88277E+03
 2.88277E+03
 2.88277E+03
 2.88277E+03
 2.88277E+03
 2.88277E+03
 2.88268E+03
 2.88268E+03
 2.88268E+03
 2.88268E+03
 2.88268E+03
 2.88268E+03
 2.88268E+03
 2.88268E+03
 2.88269E+03
 2.88269E+03
 2.88269E+03
 2.88269E+03
 2.88270E+03
 2.88270E+03
 2.88270E+03
 2.88271E+03
 2.88271E+03
 2.88271E+03
 2.88272E+03
 2.88272E+03
 2.88272E+03
 2.88273E+03
 2.88273E+03
 2.88273E+03
 2.88274E+03
 2.88274E+03
 2.88275E+03
 2.88275E+03
 2.88275E+03
 2.88276E+03
 2.88276E+03
 2.88276E+03
 2.88277E+03
 2.88277E+03
 2.88277E+03
 2.88277E+03
 2.88277E+03
 2.88278E+03
 2.88278E+03
 2.88278E+03
 2.88268E+03
 2.88268E+03
 2.88268E+03
 2.88268E+03
 2.88268E+03
 2.88268E+03
 2.88269E+03
 2.88269E+03
 2.88269E+03
 2.88269E+03
 2.88269E+03
 2.88270E+03
 2.88270E+03
 2.88270E+03
 2.88271E+03
 2.88271E+03
 2.88271E+03
 2.88272E+03
 2.88272E+03
 2.88272E+03
 2.88273E+03
 2.88273E+03
 2.88273E+03
 2.88274E+03
 2.88274E+03
 2.88275E+03
 2.88275E+03
 2.88275E+03
 2.88276E+03
 2.88276E+03
 2.88276E+03
 2.88277E+03
 2.88277E+03
 2.88277E+03
 2.88278E+03
 2.88278E+03
 2.88278E+03
 2.88278E+03
 2.88278E+03
 2.88278E+03
 2.88268E+03
 2.88269E+03
 2.88269E+03
 2.88269E+03
 2.88269E+03
 2.88269E+03
 2.88269E+03
 2.88269E+03
 2.88269E+03
 2.88270E+03
 2.88270E+03
 2.88270E+03
 2.88270E+03
 2.88271E+03
 2.88271E+03
 2.88271E+03
 2.88272E+03
 2.88272E+03
 2.88272E+03
 2.88273E+03
 2.88273E+03
 2.88273E+03
 2.88274E+03
 2.88274E+03
 2.88275E+03
 2.88275E+03
 2.88275E+03
 2.88276E+03
 2.88276E+03
 2.88277E+03
 2.88277E+03
 2.88277E+03
 2.88278E+03
 2.88278E+03
 2.88278E+03
 2.88278E+03
 2.88279E+03
 2.88279E+03
 2.88279E+03
 2.88279E+03
 2.88269E+03
 2.88269E+03
 2.88269E+03
 2.88269E+03
 2.88269E+03
 2.88269E+03
 2.88269E+03
 2.88270E+03
 2.88270E+03
 2.88270E+03
 2.88270E+03
 2.88270E+03
 2.88271E+03
 2.88271E+03
 2.88271E+03
 2.88272E+03
 2.88272E+03
 2.88272E+03
 2.88273E+03
 2.88273E+03
 2.88273E+03
 2.88274E+03
 2.88274E+03
 2.88275E+03
 2.88275E+03
 2.88275E+03
 2.88276E+03
 2.88276E+03
 2.88277E+03
 2.88277E+03
 2.88277E+03
 2.88278E+03
 2.88278E+03
 2.88279E+03
 2.88279E+03
 2.88279E+03
 2.88279E+03
 2.88280E+03
 2.88280E+03
 2.88280E+03
 2.88269E+03
 2.88269E+03
 2.88269E+03
 2.88269E+03
 2.88269E+03
 2.88270E+03
 2.88270E+03
 2.88270E+03
 2.88270E+03
 2.88270E+03
 2.88270E+03
 2.88271E+03
 2.88271E+03
 2.88271E+03
 2.88272E+03
 2.88272E+03
 2.88272E+03
 2.88273E+03
 2.88273E+03
 2.88273E+03
 2.88274E+03
 2.88274E+03
 2.88275E+03
 2.88275E+03
 2.88275E+03
 2.88276E+03
 2.88276E+03
 2.88277E+03
 2.88277E+03
 2.88278E+03
 2.88278E+03
 2.88278E+03
 2.88279E+03
 2.88279E+03
 2.88280E+03
 2.88280E+03
 2.88280E+03
 2.88280E+03
 2.88280E+03
 2.88281E+03
 2.88269E+03
 2.88269E+03
 2.88270E+03
 2.88270E+03
 2.88270E+03
 2.88270E+03
 2.88270E+03
 2.88270E+03
 2.88270E+03
 2.88271E+03
 2.88271E+03
 2.88271E+03
 2.88271E+03
 2.88272E+03
 2.88272E+03
 2.88272E+03
 2.88273E+03
 2.88273E+03
 2.88273E+03
 2.88274E+03
 2.88274E+03
 2.88274E+03
 2.88275E+03
 2.88275E+03
 2.88276E+03
 2.88276E+03
 2.88277E+03
 2.88277E+03
 2.88278E+03
 2.88278E+03
 2.88279E+03
 2.88279E+03
 2.88279E+03
 2.88280E+03
 2.88280E+03
 2.88281E+03
 2.88281E+03
 2.88281E+03
 2.88281E+03
 2.88281E+03
 2.88270E+03
 2.88270E+03
 2.88270E+03
 2.88270E+03
 2.88270E+03
 2.88270E+03
 2.88270E+03
 2.88270E+03
 2.88271E+03
 2.88271E+03
 2.88271E+03
 2.88271E+03
 2.88272E+03
 2.88272E+03
 2.88272E+03
 2.88272E+03
 2.88273E+03
 2.88273E+03
 2.88274E+03
 2.88274E+03
 2.88274E+03
 2.88275E+03
 2.88275E+03
 2.88276E+03
 2.88276E+03
 2.88277E+03
 2.88277E+03
 2.88278E+03
 2.88278E+03
 2.88279E+03
 2.88279E+03
 2.88280E+03
 2.88280E+03
 2.88281E+03
 2.88281E+03
 2.88281E+03
 2.88282E+03
 2.88282E+03
 2.88282E+03
 2.88282E+03
 2.88270E+03
 2.88270E+03
 2.88270E+03
 2.88270E+03
 2.88270E+03
 2.88270E+03
 2.88270E+03
 2.88271E+03
 2.88271E+03
 2.88271E+03
 2.88271E+03
 2.88271E+03
 2.88272E+03
 2.88272E+03
 2.88272E+03
 2.88273E+03
 2.88273E+03
 2.88273E+03
 2.88274E+03
 2.88274E+03
 2.88275E+03
 2.88275E+03
 2.88276E+03
 2.88276E+03
 2.88276E+03
 2.88277E+03
 2.88277E+03
 2.88278E+03
 2.88279E+03
 2.88279E+03
 2.88280E+03
 2.88280E+03
 2.88281E+03
 2.88281E+03
 2.88282E+03
 2.88282E+03
 2.88283E+03
 2.88283E+03
 2.88283E+03
 2.88283E+03
 2.88270E+03
 2.88270E+03
 2.88270E+03
 2.88270E+03
 2.88270E+03
 2.88271E+03
 2.88271E+03
 2.88271E+03
 2.88271E+03
 2.88271E+03
 2.88271E+03
 2.88272E+03
 2.88272E+03
 2.88272E+03
 2.88273E+03
 2.88273E+03
 2.88273E+03
 2.88274E+03
 2.88274E+03
 2.88274E+03
 2.88275E+03
 2.88275E+03
 2.88276E+03
 2.88276E+03
 2.88277E+03
 2.88277E+03
 2.88278E+03
 2.88278E+03
 2.88279E+03
 2.88280E+03
 2.88280E+03
 2.88281E+03
 2.88281E+03
 2.88282E+03
 2.88283E+03
 2.88283E+03
 2.88284E+03
 2.88284E+03
 2.88284E+03
 2.88284E+03
 2.88270E+03
 2.88270E+03
 2.88270E+03
 2.88271E+03
 2.88271E+03
 2.88271E+03
 2.88271E+03
 2.88271E+03
 2.88271E+03
 2.88271E+03
 2.88272E+03
 2.88272E+03
 2.88272E+03
 2.88272E+03
 2.88273E+03
 2.88273E+03
 2.88273E+03
 2.88274E+03
 2.88274E+03
 2.88275E+03
 2.88275E+03
 2.88276E+03
 2.88276E+03
 2.88277E+03
 2.88277E+03
 2.88278E+03
 2.88278E+03
 2.88279E+03
 2.88279E+03
 2.88280E+03
 2.88281E+03
 2.88281E+03
 2.88282E+03
 2.88283E+03
 2.88283E+03
 2.88284E+03
 2.88284E+03
 2.88285E+03
 2.88285E+03
 2.88285E+03
 2.88271E+03
 2.88271E+03
 2.88271E+03
 2.88271E+03
 2.88271E+03
 2.88271E+03
 2.88271E+03
 2.88271E+03
 2.88271E+03
 2.88272E+03
 2.88272E+03
 2.88272E+03
 2.88272E+03
 2.88273E+03
 2.88273E+03
 2.88273E+03
 2.88274E+03
 2.88274E+03
 2.88274E+03
 2.88275E+03
 2.88275E+03
 2.88276E+03
 2.88276E+03
 2.88277E+03
 2.88277E+03
 2.88278E+03
 2.88279E+03
 2.88279E+03
 2.88280E+03
 2.88281E+03
 2.88281E+03
 2.88282E+03
 2.88283E+03
 2.88283E+03
 2.88284E+03
 2.88285E+03
 2.88286E+03
 2.88286E+03
 2.88286E+03
 2.88287E+03
 2.88271E+03
 2.88271E+03
 2.88271E+03
 2.88271E+03
 2.88271E+03
 2.88271E+03
 2.88271E+03
 2.88271E+03
 2.88272E+03
 2.88272E+03
 2.88272E+03
 2.88272E+03
 2.88272E+03
 2.88273E+03
 2.88273E+03
 2.88273E+03
 2.88274E+03
 2.88274E+03
 2.88275E+03
 2.88275E+03
 2.88276E+03
 2.88276E+03
 2.88277E+03
 2.88277E+03
 2.88278E+03
 2.88278E+03
 2.88279E+03
 2.88280E+03
 2.88280E+03
 2.88281E+03
 2.88282E+03
 2.88283E+03
 2.88283E+03
 2.88284E+03
 2.88285E+03
 2.88286E+03
 2.88287E+03
 2.88287E+03
 2.88288E+03
 2.88288E+03
 2.88271E+03
 2.88271E+03
 2.88271E+03
 2.88271E+03
 2.88271E+03
 2.88271E+03
 2.88271E+03
 2.88271E+03
 2.88272E+03
 2.88272E+03
 2.88272E+03
 2.88272E+03
 2.88273E+03
 2.88273E+03
 2.88273E+03
 2.88274E+03
 2.88274E+03
 2.88274E+03
 2.88275E+03
 2.88275E+03
 2.88276E+03
 2.88276E+03
 2.88277E+03
 2.88277E+03
 2.88278E+03
 2.88278E+03
 2.88279E+03
 2.88280E+03
 2.88281E+03
 2.88281E+03
 2.88282E+03
 2.88283E+03
 2.88284E+03
 2.88285E+03
 2.88286E+03
 2.88287E+03
 2.88288E+03
 2.88288E+03
 2.88289E+03
 2.88290E+03
 2.88271E+03
 2.88271E+03
 2.88271E+03
 2.88271E+03
 2.88271E+03
 2.88271E+03
 2.88271E+03
 2.88272E+03
 2.88272E+03
 2.88272E+03
 2.88272E+03
 2.88272E+03
 2.88273E+03
 2.88273E+03
 2.88273E+03
 2.88274E+03
 2.88274E+03
 2.88274E+03
 2.88275E+03
 2.88275E+03
 2.88276E+03
 2.88276E+03
 2.88277E+03
 2.88277E+03
 2.88278E+03
 2.88279E+03
 2.88279E+03
 2.88280E+03
 2.88281E+03
 2.88282E+03
 2.88283E+03
 2.88284E+03
 2.88284E+03
 2.88286E+03
 2.88287E+03
 2.88288E+03
 2.88289E+03
 2.88290E+03
 2.88290E+03
 2.88291E+03
 2.88271E+03
 2.88271E+03
 2.88271E+03
 2.88271E+03
 2.88271E+03
 2.88271E+03
 2.88271E+03
 2.88272E+03
 2.88272E+03
 2.88272E+03
 2.88272E+03
 2.88273E+03
 2.88273E+03
 2.88273E+03
 2.88273E+03
 2.88274E+03
 2.88274E+03
 2.88275E+03
 2.88275E+03
 2.88275E+03
 2.88276E+03
 2.88276E+03
 2.88277E+03
 2.88278E+03
 2.88278E+03
 2.88279E+03
 2.88280E+03
 2.88280E+03
 2.88281E+03
 2.88282E+03
 2.88283E+03
 2.88284E+03
 2.88285E+03
 2.88286E+03
 2.88287E+03
 2.88288E+03
 2.88290E+03
 2.88291E+03
 2.88292E+03
 2.88292E+03
 2.88271E+03
 2.88271E+03
 2.88271E+03
 2.88271E+03
 2.88271E+03
 2.88271E+03
 2.88272E+03
 2.88272E+03
 2.88272E+03
 2.88272E+03
 2.88272E+03
 2.88273E+03
 2.88273E+03
 2.88273E+03
 2.88273E+03
 2.88274E+03
 2.88274E+03
 2.88275E+03
 2.88275E+03
 2.88276E+03
 2.88276E+03
 2.88277E+03
 2.88277E+03
 2.88278E+03
 2.88278E+03
 2.88279E+03
 2.88280E+03
 2.88280E+03
 2.88281E+03
 2.88282E+03
 2.88283E+03
 2.88284E+03
 2.88285E+03
 2.88286E+03
 2.88288E+03
 2.88289E+03
 2.88290E+03
 2.88292E+03
 2.88292E+03
 2.88293E+03
 2.88271E+03
 2.88271E+03
 2.88271E+03
 2.88271E+03
 2.88271E+03
 2.88271E+03
 2.88272E+03
 2.88272E+03
 2.88272E+03
 2.88272E+03
 2.88272E+03
 2.88273E+03
 2.88273E+03
 2.88273E+03
 2.88274E+03
 2.88274E+03
 2.88274E+03
 2.88275E+03
 2.88275E+03
 2.88276E+03
 2.88276E+03
 2.88277E+03
 2.88277E+03
 2.88278E+03
 2.88278E+03
 2.88279E+03
 2.88280E+03
 2.88281E+03
 2.88281E+03
 2.88282E+03
 2.88283E+03
 2.88284E+03
 2.88285E+03
 2.88287E+03
 2.88288E+03
 2.88290E+03
 2.88291E+03
 2.88292E+03
 2.88293E+03
 2.88293E+03
