-0.00000E+00
-0.00000E+00
-0.00000E+00
-0.00000E+00
-0.00000E+00
-0.00000E+00
-0.00000E+00
-0.00000E+00
-0.00000E+00
-0.00000E+00
-0.00000E+00
-0.00000E+00
-0.00000E+00
-0.00000E+00
-0.00000E+00
-0.00000E+00
-0.00000E+00
-0.00000E+00
-0.00000E+00
-0.00000E+00
-0.00000E+00
-0.00000E+00
-0.00000E+00
-0.00000E+00
-0.00000E+00
-0.00000E+00
-0.00000E+00
-0.00000E+00
-0.00000E+00
-0.00000E+00
-0.00000E+00
-0.00000E+00
-0.00000E+00
-0.00000E+00
-0.00000E+00
-0.00000E+00
-0.00000E+00
-0.00000E+00
-0.00000E+00
-0.00000E+00
 8.09257E-07
 3.19745E-07
 1.49978E-07
 8.14348E-08
 4.92918E-08
 3.16159E-08
 2.85983E-08
 2.09472E-08
 1.57628E-08
 1.23784E-08
 1.00538E-08
 8.37585E-09
 7.12022E-09
 6.15588E-09
 5.40081E-09
 4.80086E-09
 4.31881E-09
 3.92821E-09
 3.60980E-09
 3.34919E-09
 3.13545E-09
 2.96011E-09
 2.81648E-09
 2.69921E-09
 2.60397E-09
 2.52717E-09
 2.46583E-09
 2.41742E-09
 2.37980E-09
 2.35109E-09
 2.32968E-09
 2.31419E-09
 2.30337E-09
 2.29616E-09
 2.29166E-09
 2.28909E-09
 2.28779E-09
 2.28727E-09
 2.28714E-09
 2.28713E-09
 4.89512E-07
 3.19745E-07
 1.98731E-07
 1.26470E-07
 8.30015E-08
 6.20804E-08
 4.99421E-08
 3.79418E-08
 2.95490E-08
 2.36822E-08
 1.94599E-08
 1.63293E-08
 1.39491E-08
 1.21025E-08
 1.06465E-08
 9.48383E-09
 8.54616E-09
 7.78424E-09
 7.16179E-09
 6.65152E-09
 6.23252E-09
 5.88850E-09
 5.60658E-09
 5.37639E-09
 5.18948E-09
 5.03888E-09
 4.91872E-09
 4.82407E-09
 4.75067E-09
 4.69487E-09
 4.65347E-09
 4.62369E-09
 4.60312E-09
 4.58962E-09
 4.58140E-09
 4.57689E-09
 4.57482E-09
 4.57416E-09
 4.57414E-09
 4.57426E-09
 3.39534E-07
 2.70992E-07
 1.98731E-07
 1.42657E-07
 1.05438E-07
 8.27176E-08
 6.45046E-08
 5.08182E-08
 4.07622E-08
 3.33378E-08
 2.77742E-08
 2.35324E-08
 2.02445E-08
 1.76584E-08
 1.55989E-08
 1.39418E-08
 1.25978E-08
 1.15008E-08
 1.06016E-08
 9.86257E-09
 9.25460E-09
 8.75481E-09
 8.34496E-09
 8.01029E-09
 7.73870E-09
 7.52013E-09
 7.34612E-09
 7.20946E-09
 7.10395E-09
 7.02424E-09
 6.96562E-09
 6.92400E-09
 6.89578E-09
 6.87782E-09
 6.86742E-09
 6.86226E-09
 6.86043E-09
 6.86039E-09
 6.86101E-09
 6.86151E-09
 2.58099E-07
 2.25956E-07
 1.82506E-07
 1.47410E-07
 1.14691E-07
 9.16643E-08
 7.38073E-08
 5.99808E-08
 4.93365E-08
 4.11320E-08
 3.47665E-08
 2.97816E-08
 2.58382E-08
 2.26878E-08
 2.01487E-08
 1.80868E-08
 1.64022E-08
 1.50196E-08
 1.38813E-08
 1.29426E-08
 1.21685E-08
 1.15312E-08
 1.10082E-08
 1.05811E-08
 1.02349E-08
 9.95683E-09
 9.73616E-09
 9.56369E-09
 9.43145E-09
 9.33252E-09
 9.26079E-09
 9.21091E-09
 9.17818E-09
 9.15847E-09
 9.14819E-09
 9.14429E-09
 9.14424E-09
 9.14598E-09
 9.14800E-09
 9.14926E-09
 2.08823E-07
 1.92292E-07
 1.68876E-07
 1.38120E-07
 1.14687E-07
 9.51191E-08
 7.90106E-08
 6.59528E-08
 5.54702E-08
 4.70871E-08
 4.03781E-08
 3.49895E-08
 3.06387E-08
 2.71059E-08
 2.42213E-08
 2.18545E-08
 1.99048E-08
 1.82941E-08
 1.69612E-08
 1.58579E-08
 1.49456E-08
 1.41932E-08
 1.35754E-08
 1.30711E-08
 1.26630E-08
 1.23361E-08
 1.20780E-08
 1.18777E-08
 1.17257E-08
 1.16136E-08
 1.15341E-08
 1.14807E-08
 1.14476E-08
 1.14297E-08
 1.14226E-08
 1.14225E-08
 1.14262E-08
 1.14313E-08
 1.14357E-08
 1.14383E-08
 1.84165E-07
 1.67567E-07
 1.48208E-07
 1.29167E-07
 1.11232E-07
 9.51191E-08
 8.11596E-08
 6.93492E-08
 5.95044E-08
 5.13679E-08
 4.46695E-08
 3.91594E-08
 3.46214E-08
 3.08758E-08
 2.77762E-08
 2.52051E-08
 2.30684E-08
 2.12908E-08
 1.98117E-08
 1.85823E-08
 1.75629E-08
 1.67208E-08
 1.60290E-08
 1.54650E-08
 1.50097E-08
 1.46467E-08
 1.43620E-08
 1.41434E-08
 1.39799E-08
 1.38621E-08
 1.37813E-08
 1.37302E-08
 1.37017E-08
 1.36901E-08
 1.36900E-08
 1.36968E-08
 1.37070E-08
 1.37172E-08
 1.37254E-08
 1.37298E-08
 1.55538E-07
 1.46206E-07
 1.33642E-07
 1.19864E-07
 1.06028E-07
 9.29700E-08
 8.11596E-08
 7.07797E-08
 6.18305E-08
 5.42106E-08
 4.77726E-08
 4.23572E-08
 3.78118E-08
 3.39995E-08
 3.08025E-08
 2.81213E-08
 2.58729E-08
 2.39889E-08
 2.24124E-08
 2.10967E-08
 2.00028E-08
 1.90980E-08
 1.83549E-08
 1.77502E-08
 1.72641E-08
 1.68790E-08
 1.65801E-08
 1.63539E-08
 1.61885E-08
 1.60734E-08
 1.59991E-08
 1.59569E-08
 1.59391E-08
 1.59390E-08
 1.59503E-08
 1.59680E-08
 1.59875E-08
 1.60053E-08
 1.60187E-08
 1.60258E-08
 1.34586E-07
 1.29209E-07
 1.20765E-07
 1.10701E-07
 1.00056E-07
 8.95737E-08
 7.97290E-08
 7.07797E-08
 6.28271E-08
 5.58713E-08
 4.98532E-08
 4.46851E-08
 4.02689E-08
 3.65080E-08
 3.33131E-08
 3.06046E-08
 2.83131E-08
 2.63793E-08
 2.47524E-08
 2.33894E-08
 2.22535E-08
 2.13134E-08
 2.05423E-08
 1.99170E-08
 1.94173E-08
 1.90253E-08
 1.87254E-08
 1.85035E-08
 1.83468E-08
 1.82440E-08
 1.81846E-08
 1.81591E-08
 1.81589E-08
 1.81763E-08
 1.82044E-08
 1.82373E-08
 1.82698E-08
 1.82978E-08
 1.83183E-08
 1.83290E-08
 1.18823E-07
 1.15423E-07
 1.09552E-07
 1.02127E-07
 9.39226E-08
 8.55394E-08
 7.74029E-08
 6.97830E-08
 6.28271E-08
 5.65941E-08
 5.10840E-08
 4.62610E-08
 4.20707E-08
 3.84506E-08
 3.53373E-08
 3.26707E-08
 3.03957E-08
 2.84629E-08
 2.68286E-08
 2.54549E-08
 2.43084E-08
 2.33599E-08
 2.25840E-08
 2.19582E-08
 2.14627E-08
 2.10795E-08
 2.07927E-08
 2.05878E-08
 2.04514E-08
 2.03713E-08
 2.03363E-08
 2.03361E-08
 2.03611E-08
 2.04029E-08
 2.04538E-08
 2.05069E-08
 2.05565E-08
 2.05979E-08
 2.06275E-08
 2.06429E-08
 1.06445E-07
 1.04119E-07
 9.98966E-08
 9.43330E-08
 8.79675E-08
 8.12585E-08
 7.45602E-08
 6.81222E-08
 6.21042E-08
 5.65941E-08
 5.16275E-08
 4.72044E-08
 4.33024E-08
 3.98862E-08
 3.69149E-08
 3.43454E-08
 3.21361E-08
 3.02478E-08
 2.86444E-08
 2.72933E-08
 2.61652E-08
 2.52338E-08
 2.44756E-08
 2.38692E-08
 2.33957E-08
 2.30373E-08
 2.27782E-08
 2.26036E-08
 2.24996E-08
 2.24534E-08
 2.24532E-08
 2.24877E-08
 2.25466E-08
 2.26206E-08
 2.27009E-08
 2.27800E-08
 2.28514E-08
 2.29098E-08
 2.29510E-08
 2.29723E-08
 9.63909E-08
 9.47129E-08
 9.15823E-08
 8.73406E-08
 8.23558E-08
 7.69671E-08
 7.14570E-08
 6.60416E-08
 6.08734E-08
 5.60505E-08
 5.16274E-08
 4.76266E-08
 4.40481E-08
 4.08772E-08
 3.80905E-08
 3.56599E-08
 3.35556E-08
 3.17477E-08
 3.02078E-08
 2.89086E-08
 2.78253E-08
 2.69345E-08
 2.62152E-08
 2.56475E-08
 2.52134E-08
 2.48960E-08
 2.46793E-08
 2.45487E-08
 2.44899E-08
 2.44897E-08
 2.45353E-08
 2.46149E-08
 2.47172E-08
 2.48318E-08
 2.49491E-08
 2.50608E-08
 2.51593E-08
 2.52388E-08
 2.52944E-08
 2.53230E-08
 8.80150E-08
 8.67594E-08
 8.43792E-08
 8.10913E-08
 7.71479E-08
 7.27971E-08
 6.82591E-08
 6.37137E-08
 5.92975E-08
 5.51071E-08
 5.12051E-08
 4.76266E-08
 4.43862E-08
 4.14840E-08
 3.89100E-08
 3.66480E-08
 3.46785E-08
 3.29799E-08
 3.15303E-08
 3.03082E-08
 2.92927E-08
 2.84640E-08
 2.78031E-08
 2.72922E-08
 2.69145E-08
 2.66537E-08
 2.64945E-08
 2.64219E-08
 2.64217E-08
 2.64800E-08
 2.65835E-08
 2.67194E-08
 2.68754E-08
 2.70402E-08
 2.72032E-08
 2.73547E-08
 2.74864E-08
 2.75916E-08
 2.76647E-08
 2.77022E-08
 8.08948E-08
 7.99304E-08
 7.80838E-08
 7.54976E-08
 7.23472E-08
 6.88144E-08
 6.50687E-08
 6.12565E-08
 5.74956E-08
 5.38755E-08
 5.04593E-08
 4.72884E-08
 4.43862E-08
 4.17625E-08
 3.94173E-08
 3.73438E-08
 3.55305E-08
 3.39630E-08
 3.26255E-08
 3.15012E-08
 3.05734E-08
 2.98255E-08
 2.92409E-08
 2.88039E-08
 2.84986E-08
 2.83100E-08
 2.82229E-08
 2.82228E-08
 2.82950E-08
 2.84252E-08
 2.85993E-08
 2.88037E-08
 2.90250E-08
 2.92505E-08
 2.94686E-08
 2.96683E-08
 2.98402E-08
 2.99764E-08
 3.00707E-08
 3.01190E-08
 7.47388E-08
 7.39838E-08
 7.25278E-08
 7.04682E-08
 6.79291E-08
 6.50445E-08
 6.19449E-08
 5.87479E-08
 5.55530E-08
 5.24397E-08
 4.94684E-08
 4.66816E-08
 4.41076E-08
 4.17625E-08
 3.96531E-08
 3.77795E-08
 3.61367E-08
 3.47162E-08
 3.35073E-08
 3.24977E-08
 3.16744E-08
 3.10236E-08
 3.05314E-08
 3.01836E-08
 2.99662E-08
 2.98646E-08
 2.98645E-08
 2.99513E-08
 3.01102E-08
 3.03264E-08
 3.05849E-08
 3.08710E-08
 3.11702E-08
 3.14684E-08
 3.17523E-08
 3.20097E-08
 3.22297E-08
 3.24031E-08
 3.25229E-08
 3.25840E-08
 6.93380E-08
 6.87380E-08
 6.75754E-08
 6.59183E-08
 6.38564E-08
 6.14896E-08
 5.89185E-08
 5.62373E-08
 5.35287E-08
 5.08622E-08
 4.82927E-08
 4.58621E-08
 4.36002E-08
 4.15267E-08
 3.96531E-08
 3.79843E-08
 3.65205E-08
 3.52578E-08
 3.41898E-08
 3.33080E-08
 3.26028E-08
 3.20631E-08
 3.16773E-08
 3.14331E-08
 3.13178E-08
 3.13178E-08
 3.14193E-08
 3.16077E-08
 3.18682E-08
 3.21852E-08
 3.25429E-08
 3.29254E-08
 3.33165E-08
 3.37006E-08
 3.40626E-08
 3.43885E-08
 3.46657E-08
 3.48835E-08
 3.50336E-08
 3.51101E-08
 6.45371E-08
 6.40550E-08
 6.31173E-08
 6.17733E-08
 6.00887E-08
 5.81390E-08
 5.60023E-08
 5.37539E-08
 5.14625E-08
 4.91875E-08
 4.69782E-08
 4.48739E-08
 4.29043E-08
 4.10910E-08
 3.94482E-08
 3.79843E-08
 3.67031E-08
 3.56047E-08
 3.46860E-08
 3.39419E-08
 3.33656E-08
 3.29486E-08
 3.26816E-08
 3.25539E-08
 3.25540E-08
 3.26696E-08
 3.28871E-08
 3.31922E-08
 3.35696E-08
 3.40033E-08
 3.44762E-08
 3.49710E-08
 3.54698E-08
 3.59548E-08
 3.64090E-08
 3.68159E-08
 3.71610E-08
 3.74317E-08
 3.76179E-08
 3.77128E-08
 6.02182E-08
 5.98276E-08
 5.90657E-08
 5.79687E-08
 5.65861E-08
 5.49754E-08
 5.31977E-08
 5.13137E-08
 4.93799E-08
 4.74470E-08
 4.55587E-08
 4.37509E-08
 4.20523E-08
 4.04848E-08
 3.90643E-08
 3.78016E-08
 3.67031E-08
 3.57718E-08
 3.50075E-08
 3.44080E-08
 3.39690E-08
 3.36843E-08
 3.35465E-08
 3.35468E-08
 3.36749E-08
 3.39193E-08
 3.42672E-08
 3.47043E-08
 3.52149E-08
 3.57821E-08
 3.63877E-08
 3.70126E-08
 3.76367E-08
 3.82400E-08
 3.88025E-08
 3.93052E-08
 3.97308E-08
 4.00643E-08
 4.02936E-08
 4.04103E-08
 5.62899E-08
 5.59715E-08
 5.53491E-08
 5.44499E-08
 5.33115E-08
 5.19787E-08
 5.04996E-08
 4.89232E-08
 4.72963E-08
 4.56621E-08
 4.40587E-08
 4.25187E-08
 4.10691E-08
 3.97316E-08
 3.85227E-08
 3.74547E-08
 3.65360E-08
 3.57717E-08
 3.51643E-08
 3.47138E-08
 3.44180E-08
 3.42731E-08
 3.42734E-08
 3.44118E-08
 3.46794E-08
 3.50656E-08
 3.55581E-08
 3.61428E-08
 3.68035E-08
 3.75225E-08
 3.82800E-08
 3.90549E-08
 3.98246E-08
 4.05660E-08
 4.12558E-08
 4.18717E-08
 4.23928E-08
 4.28010E-08
 4.30817E-08
 4.32247E-08
 5.26801E-08
 5.24195E-08
 5.19092E-08
 5.11702E-08
 5.02315E-08
 4.91282E-08
 4.78988E-08
 4.65831E-08
 4.52200E-08
 4.38463E-08
 4.24952E-08
 4.11961E-08
 3.99740E-08
 3.88497E-08
 3.78402E-08
 3.69584E-08
 3.62144E-08
 3.56149E-08
 3.51643E-08
 3.48647E-08
 3.47161E-08
 3.47165E-08
 3.48623E-08
 3.51477E-08
 3.55654E-08
 3.61057E-08
 3.67569E-08
 3.75052E-08
 3.83340E-08
 3.92244E-08
 4.01550E-08
 4.11023E-08
 4.20408E-08
 4.29435E-08
 4.37832E-08
 4.45329E-08
 4.51677E-08
 4.56652E-08
 4.60076E-08
 4.61820E-08
 4.93308E-08
 4.91171E-08
 4.86981E-08
 4.80901E-08
 4.73161E-08
 4.64038E-08
 4.53843E-08
 4.42904E-08
 4.31545E-08
 4.20079E-08
 4.08798E-08
 3.97964E-08
 3.87809E-08
 3.78532E-08
 3.70298E-08
 3.63245E-08
 3.57482E-08
 3.53091E-08
 3.50133E-08
 3.48647E-08
 3.48652E-08
 3.50147E-08
 3.53114E-08
 3.57514E-08
 3.63286E-08
 3.70347E-08
 3.78588E-08
 3.87871E-08
 3.98028E-08
 4.08860E-08
 4.20134E-08
 4.31587E-08
 4.42927E-08
 4.53840E-08
 4.64004E-08
 4.73092E-08
 4.80798E-08
 4.86847E-08
 4.91013E-08
 4.93138E-08
 4.61953E-08
 4.60200E-08
 4.56760E-08
 4.51762E-08
 4.45389E-08
 4.37865E-08
 4.29444E-08
 4.20396E-08
 4.10995E-08
 4.01511E-08
 3.92197E-08
 3.83289E-08
 3.75002E-08
 3.67522E-08
 3.61014E-08
 3.55617E-08
 3.51448E-08
 3.48601E-08
 3.47152E-08
 3.47156E-08
 3.48652E-08
 3.51657E-08
 3.56173E-08
 3.62179E-08
 3.69630E-08
 3.78458E-08
 3.88564E-08
 3.99815E-08
 4.12041E-08
 4.25033E-08
 4.38539E-08
 4.52263E-08
 4.65871E-08
 4.78997E-08
 4.91250E-08
 5.02237E-08
 5.11577E-08
 5.18923E-08
 5.23992E-08
 5.26580E-08
 4.32352E-08
 4.30915E-08
 4.28096E-08
 4.23998E-08
 4.18768E-08
 4.12589E-08
 4.05672E-08
 3.98241E-08
 3.90530E-08
 3.82771E-08
 3.75189E-08
 3.67995E-08
 3.61386E-08
 3.55541E-08
 3.50619E-08
 3.46761E-08
 3.44091E-08
 3.42713E-08
 3.42717E-08
 3.44174E-08
 3.47141E-08
 3.51657E-08
 3.57743E-08
 3.65397E-08
 3.74598E-08
 3.85292E-08
 3.97395E-08
 4.10783E-08
 4.25289E-08
 4.40694E-08
 4.56725E-08
 4.73055E-08
 4.89299E-08
 5.05025E-08
 5.19764E-08
 5.33030E-08
 5.44348E-08
 5.53277E-08
 5.59453E-08
 5.62610E-08
 4.04187E-08
 4.03014E-08
 4.00712E-08
 3.97365E-08
 3.93095E-08
 3.88052E-08
 3.82412E-08
 3.76366E-08
 3.70113E-08
 3.63855E-08
 3.57792E-08
 3.52116E-08
 3.47007E-08
 3.42636E-08
 3.39159E-08
 3.36718E-08
 3.35441E-08
 3.35443E-08
 3.36828E-08
 3.39682E-08
 3.44082E-08
 3.50088E-08
 3.57742E-08
 3.67070E-08
 3.78072E-08
 3.90717E-08
 4.04941E-08
 4.20635E-08
 4.37637E-08
 4.55727E-08
 4.74614E-08
 4.93933E-08
 5.13245E-08
 5.32040E-08
 5.49750E-08
 5.65773E-08
 5.79506E-08
 5.90385E-08
 5.97932E-08
 6.01798E-08
 3.77194E-08
 3.76242E-08
 3.74373E-08
 3.71657E-08
 3.68195E-08
 3.64113E-08
 3.59560E-08
 3.54698E-08
 3.49700E-08
 3.44745E-08
 3.40009E-08
 3.35668E-08
 3.31891E-08
 3.28838E-08
 3.26664E-08
 3.25510E-08
 3.25511E-08
 3.26793E-08
 3.29469E-08
 3.33645E-08
 3.39417E-08
 3.46869E-08
 3.56069E-08
 3.67070E-08
 3.79902E-08
 3.94563E-08
 4.11017E-08
 4.29177E-08
 4.48899E-08
 4.69964E-08
 4.92070E-08
 5.14818E-08
 5.37708E-08
 5.60139E-08
 5.81422E-08
 6.00806E-08
 6.17519E-08
 6.30826E-08
 6.40093E-08
 6.44851E-08
 3.51154E-08
 3.50386E-08
 3.48880E-08
 3.46694E-08
 3.43914E-08
 3.40645E-08
 3.37016E-08
 3.33165E-08
 3.29246E-08
 3.25414E-08
 3.21831E-08
 3.18657E-08
 3.16049E-08
 3.14162E-08
 3.13147E-08
 3.13147E-08
 3.14303E-08
 3.16747E-08
 3.20609E-08
 3.26012E-08
 3.33073E-08
 3.41901E-08
 3.52595E-08
 3.65240E-08
 3.79901E-08
 3.96617E-08
 4.15386E-08
 4.36158E-08
 4.58816E-08
 4.83160E-08
 5.08884E-08
 5.35561E-08
 5.62630E-08
 5.89387E-08
 6.14994E-08
 6.38509E-08
 6.58937E-08
 6.75307E-08
 6.86762E-08
 6.92662E-08
 3.25882E-08
 3.25268E-08
 3.24067E-08
 3.22327E-08
 3.20120E-08
 3.17539E-08
 3.14692E-08
 3.11702E-08
 3.08703E-08
 3.05836E-08
 3.03245E-08
 3.01078E-08
 2.99486E-08
 2.98616E-08
 2.98615E-08
 2.99630E-08
 3.01805E-08
 3.05283E-08
 3.10208E-08
 3.16721E-08
 3.24962E-08
 3.35067E-08
 3.47170E-08
 3.61394E-08
 3.77848E-08
 3.96617E-08
 4.17752E-08
 4.41253E-08
 4.67049E-08
 4.94975E-08
 5.24743E-08
 5.55913E-08
 5.87865E-08
 6.19784E-08
 6.50657E-08
 6.79299E-08
 7.04415E-08
 7.24702E-08
 7.38987E-08
 7.46373E-08
 3.01223E-08
 3.00739E-08
 2.99793E-08
 2.98426E-08
 2.96701E-08
 2.94698E-08
 2.92511E-08
 2.90249E-08
 2.88030E-08
 2.85980E-08
 2.84233E-08
 2.82927E-08
 2.82201E-08
 2.82199E-08
 2.83067E-08
 2.84952E-08
 2.88003E-08
 2.92374E-08
 2.98220E-08
 3.05702E-08
 3.14985E-08
 3.26236E-08
 3.39624E-08
 3.55318E-08
 3.73478E-08
 3.94250E-08
 4.17751E-08
 4.44052E-08
 4.73152E-08
 5.04949E-08
 5.39202E-08
 5.75482E-08
 6.13133E-08
 6.51228E-08
 6.88552E-08
 7.23615E-08
 7.54721E-08
 7.80100E-08
 7.98111E-08
 8.07470E-08
 2.77048E-08
 2.76672E-08
 2.75938E-08
 2.74883E-08
 2.73561E-08
 2.72041E-08
 2.70406E-08
 2.68752E-08
 2.67186E-08
 2.65822E-08
 2.64782E-08
 2.64194E-08
 2.64192E-08
 2.64914E-08
 2.66503E-08
 2.69107E-08
 2.72882E-08
 2.77988E-08
 2.84596E-08
 2.92883E-08
 3.03041E-08
 3.15267E-08
 3.29773E-08
 3.46775E-08
 3.66497E-08
 3.89156E-08
 4.14952E-08
 4.44052E-08
 4.76557E-08
 5.12469E-08
 5.51632E-08
 5.93680E-08
 6.37956E-08
 6.83443E-08
 7.28709E-08
 7.71889E-08
 8.10752E-08
 8.42866E-08
 8.65886E-08
 8.77926E-08
 2.53250E-08
 2.52963E-08
 2.52405E-08
 2.51608E-08
 2.50618E-08
 2.49498E-08
 2.48319E-08
 2.47169E-08
 2.46140E-08
 2.45340E-08
 2.44878E-08
 2.44876E-08
 2.45459E-08
 2.46761E-08
 2.48922E-08
 2.52092E-08
 2.56429E-08
 2.62101E-08
 2.69291E-08
 2.78195E-08
 2.89027E-08
 3.02019E-08
 3.17424E-08
 3.35514E-08
 3.56579E-08
 3.80923E-08
 4.08849E-08
 4.40646E-08
 4.76557E-08
 5.16735E-08
 5.61179E-08
 6.09651E-08
 6.61569E-08
 7.15881E-08
 7.70950E-08
 8.24480E-08
 8.73533E-08
 9.14727E-08
 9.44642E-08
 9.60423E-08
 2.29739E-08
 2.29525E-08
 2.29111E-08
 2.28525E-08
 2.27807E-08
 2.27013E-08
 2.26205E-08
 2.25462E-08
 2.24868E-08
 2.24518E-08
 2.24515E-08
 2.24972E-08
 2.26007E-08
 2.27748E-08
 2.30334E-08
 2.33911E-08
 2.38641E-08
 2.44697E-08
 2.52272E-08
 2.61579E-08
 2.72853E-08
 2.86359E-08
 3.02390E-08
 3.21277E-08
 3.43383E-08
 3.69107E-08
 3.98875E-08
 4.33127E-08
 4.72291E-08
 5.16735E-08
 5.66697E-08
 6.22176E-08
 6.82786E-08
 7.47560E-08
 8.14732E-08
 8.81547E-08
 9.44172E-08
 9.97866E-08
 1.03753E-07
 1.05870E-07
 2.06442E-08
 2.06287E-08
 2.05989E-08
 2.05573E-08
 2.05074E-08
 2.04540E-08
 2.04028E-08
 2.03606E-08
 2.03351E-08
 2.03349E-08
 2.03694E-08
 2.04490E-08
 2.05848E-08
 2.07892E-08
 2.10753E-08
 2.14578E-08
 2.19525E-08
 2.25774E-08
 2.33522E-08
 2.42995E-08
 2.54448E-08
 2.68172E-08
 2.84502E-08
 3.03821E-08
 3.26569E-08
 3.53247E-08
 3.84416E-08
 4.20697E-08
 4.62745E-08
 5.11217E-08
 5.66697E-08
 6.29571E-08
 6.99841E-08
 7.76840E-08
 8.58872E-08
 9.42805E-08
 1.02374E-07
 1.09503E-07
 1.14892E-07
 1.17814E-07
 1.83299E-08
 1.83191E-08
 1.82985E-08
 1.82703E-08
 1.82376E-08
 1.82045E-08
 1.81760E-08
 1.81583E-08
 1.81581E-08
 1.81832E-08
 1.82421E-08
 1.83444E-08
 1.85005E-08
 1.87218E-08
 1.90210E-08
 1.94121E-08
 1.99109E-08
 2.05350E-08
 2.13047E-08
 2.22432E-08
 2.33771E-08
 2.47380E-08
 2.63624E-08
 2.82936E-08
 3.05826E-08
 3.32895E-08
 3.64847E-08
 4.02498E-08
 4.46774E-08
 4.98692E-08
 5.59302E-08
 6.29571E-08
 7.10166E-08
 8.01086E-08
 9.01112E-08
 1.00706E-07
 1.11296E-07
 1.20960E-07
 1.28498E-07
 1.32681E-07
 1.60265E-08
 1.60193E-08
 1.60058E-08
 1.59879E-08
 1.59682E-08
 1.59503E-08
 1.59386E-08
 1.59385E-08
 1.59558E-08
 1.59976E-08
 1.60716E-08
 1.61862E-08
 1.63509E-08
 1.65765E-08
 1.68747E-08
 1.72588E-08
 1.77439E-08
 1.83471E-08
 1.90885E-08
 1.99913E-08
 2.10826E-08
 2.23952E-08
 2.39678E-08
 2.58472E-08
 2.80903E-08
 3.07660E-08
 3.39579E-08
 3.77675E-08
 4.23162E-08
 4.77474E-08
 5.42247E-08
 6.19246E-08
 7.10166E-08
 8.16228E-08
 9.37431E-08
 1.07135E-07
 1.21145E-07
 1.34541E-07
 1.45461E-07
 1.51730E-07
 1.37303E-08
 1.37258E-08
 1.37176E-08
 1.37072E-08
 1.36969E-08
 1.36898E-08
 1.36897E-08
 1.37011E-08
 1.37292E-08
 1.37800E-08
 1.38603E-08
 1.39777E-08
 1.41406E-08
 1.43586E-08
 1.46425E-08
 1.50045E-08
 1.54586E-08
 1.60211E-08
 1.67110E-08
 1.75507E-08
 1.85670E-08
 1.97924E-08
 2.12663E-08
 2.30373E-08
 2.51656E-08
 2.77262E-08
 3.08135E-08
 3.45460E-08
 3.90725E-08
 4.45795E-08
 5.12967E-08
 5.95000E-08
 6.95025E-08
 8.16228E-08
 9.61037E-08
 1.12945E-07
 1.31609E-07
 1.50599E-07
 1.67074E-07
 1.77047E-07
 1.14386E-08
 1.14360E-08
 1.14315E-08
 1.14264E-08
 1.14225E-08
 1.14224E-08
 1.14293E-08
 1.14469E-08
 1.14798E-08
 1.15329E-08
 1.16120E-08
 1.17236E-08
 1.18751E-08
 1.20748E-08
 1.23322E-08
 1.26581E-08
 1.30651E-08
 1.35678E-08
 1.41837E-08
 1.49334E-08
 1.58423E-08
 1.69410E-08
 1.82677E-08
 1.98700E-08
 2.18084E-08
 2.41599E-08
 2.70240E-08
 3.05303E-08
 3.48483E-08
 4.02013E-08
 4.68828E-08
 5.52761E-08
 6.58706E-08
 7.92623E-08
 9.61037E-08
 1.16932E-07
 1.41748E-07
 1.69172E-07
 1.95188E-07
 2.12338E-07
 9.14949E-09
 9.14820E-09
 9.14613E-09
 9.14430E-09
 9.14424E-09
 9.14800E-09
 9.15811E-09
 9.17763E-09
 9.21013E-09
 9.25973E-09
 9.33114E-09
 9.42971E-09
 9.56149E-09
 9.73341E-09
 9.95340E-09
 1.02306E-08
 1.05757E-08
 1.10013E-08
 1.15224E-08
 1.21572E-08
 1.29278E-08
 1.38617E-08
 1.49934E-08
 1.63667E-08
 1.80380E-08
 2.00809E-08
 2.25924E-08
 2.57030E-08
 2.95893E-08
 3.44946E-08
 4.07571E-08
 4.88509E-08
 5.94415E-08
 7.34522E-08
 9.21166E-08
 1.16932E-07
 1.49278E-07
 1.89154E-07
 2.32169E-07
 2.64778E-07
 6.86166E-09
 6.86114E-09
 6.86048E-09
 6.86045E-09
 6.86219E-09
 6.86725E-09
 6.87752E-09
 6.89533E-09
 6.92338E-09
 6.96479E-09
 7.02315E-09
 7.10257E-09
 7.20771E-09
 7.34392E-09
 7.51737E-09
 7.73522E-09
 8.00587E-09
 8.33930E-09
 8.74749E-09
 9.24502E-09
 9.84988E-09
 1.05846E-08
 1.14775E-08
 1.25654E-08
 1.38962E-08
 1.55331E-08
 1.75619E-08
 2.00998E-08
 2.33112E-08
 2.74306E-08
 3.28000E-08
 3.99289E-08
 4.95924E-08
 6.29883E-08
 8.19781E-08
 1.09402E-07
 1.49278E-07
 2.05996E-07
 2.79557E-07
 3.49828E-07
 4.57435E-09
 4.57421E-09
 4.57420E-09
 4.57482E-09
 4.57683E-09
 4.58127E-09
 4.58941E-09
 4.60280E-09
 4.62326E-09
 4.65288E-09
 4.69411E-09
 4.74971E-09
 4.82285E-09
 4.91719E-09
 5.03694E-09
 5.18702E-09
 5.37325E-09
 5.60254E-09
 5.88324E-09
 6.22557E-09
 6.64221E-09
 7.14912E-09
 7.76670E-09
 8.52138E-09
 9.44806E-09
 1.05936E-08
 1.20221E-08
 1.38232E-08
 1.61252E-08
 1.91167E-08
 2.30834E-08
 2.84724E-08
 3.60110E-08
 4.69304E-08
 6.34050E-08
 8.94209E-08
 1.32436E-07
 2.05997E-07
 3.30234E-07
 5.05148E-07
 2.28717E-09
 2.28717E-09
 2.28729E-09
 2.28779E-09
 2.28905E-09
 2.29159E-09
 2.29605E-09
 2.30320E-09
 2.31396E-09
 2.32939E-09
 2.35070E-09
 2.37930E-09
 2.41680E-09
 2.46504E-09
 2.52617E-09
 2.60269E-09
 2.69758E-09
 2.81437E-09
 2.95735E-09
 3.13179E-09
 3.34426E-09
 3.60304E-09
 3.91876E-09
 4.30532E-09
 4.78112E-09
 5.37110E-09
 6.10970E-09
 7.04562E-09
 8.24962E-09
 9.82767E-09
 1.19443E-08
 1.48664E-08
 1.90487E-08
 2.53174E-08
 3.52906E-08
 5.24401E-08
 8.50491E-08
 1.55320E-07
 3.30235E-07
 8.35385E-07
 0.00000E+00
 0.00000E+00
 0.00000E+00
 0.00000E+00
 0.00000E+00
 0.00000E+00
 0.00000E+00
 0.00000E+00
 0.00000E+00
 0.00000E+00
 0.00000E+00
 0.00000E+00
 0.00000E+00
 0.00000E+00
 0.00000E+00
 0.00000E+00
 0.00000E+00
 0.00000E+00
 0.00000E+00
 0.00000E+00
 0.00000E+00
 0.00000E+00
 0.00000E+00
 0.00000E+00
 0.00000E+00
 0.00000E+00
 0.00000E+00
 0.00000E+00
 0.00000E+00
 0.00000E+00
 0.00000E+00
 0.00000E+00
 0.00000E+00
 0.00000E+00
 0.00000E+00
 0.00000E+00
 0.00000E+00
 0.00000E+00
 0.00000E+00
 8.35389E-07
