 7.57928E-17
 8.71152E-17
 9.10987E-17
 8.32130E-17
 4.27896E-11
 2.27880E-01
 4.82703E-01
 4.98028E-01
 4.99748E-01
 4.99901E-01
 4.99913E-01
 4.99916E-01
 4.99917E-01
 4.99919E-01
 4.99920E-01
 4.99921E-01
 4.99922E-01
 4.99923E-01
 4.99924E-01
 4.99925E-01
 4.99925E-01
 4.99926E-01
 4.99927E-01
 4.99927E-01
 4.99928E-01
 4.99929E-01
 4.99929E-01
 4.99930E-01
 4.99930E-01
 4.99930E-01
 4.99931E-01
 4.99931E-01
 4.99931E-01
 4.99932E-01
 4.99932E-01
 4.99932E-01
 4.99932E-01
 4.99932E-01
 4.99932E-01
 4.99932E-01
 8.25622E-17
 7.27604E-17
 7.43721E-17
 8.27137E-17
 8.80405E-06
 4.14375E-01
 4.93955E-01
 4.99362E-01
 4.99868E-01
 4.99910E-01
 4.99914E-01
 4.99916E-01
 4.99917E-01
 4.99919E-01
 4.99920E-01
 4.99921E-01
 4.99922E-01
 4.99923E-01
 4.99924E-01
 4.99925E-01
 4.99925E-01
 4.99926E-01
 4.99927E-01
 4.99928E-01
 4.99928E-01
 4.99929E-01
 4.99929E-01
 4.99930E-01
 4.99930E-01
 4.99931E-01
 4.99931E-01
 4.99931E-01
 4.99931E-01
 4.99932E-01
 4.99932E-01
 4.99932E-01
 4.99932E-01
 4.99932E-01
 4.99932E-01
 4.99932E-01
 7.60598E-17
 9.11207E-17
 9.18806E-17
 1.92922E-10
 3.01345E-01
 4.87464E-01
 4.98669E-01
 4.99805E-01
 4.99904E-01
 4.99912E-01
 4.99915E-01
 4.99916E-01
 4.99918E-01
 4.99919E-01
 4.99920E-01
 4.99921E-01
 4.99922E-01
 4.99923E-01
 4.99924E-01
 4.99925E-01
 4.99926E-01
 4.99926E-01
 4.99927E-01
 4.99928E-01
 4.99928E-01
 4.99929E-01
 4.99929E-01
 4.99930E-01
 4.99930E-01
 4.99931E-01
 4.99931E-01
 4.99931E-01
 4.99932E-01
 4.99932E-01
 4.99932E-01
 4.99932E-01
 4.99932E-01
 4.99932E-01
 4.99933E-01
 4.99933E-01
 8.57730E-17
 8.46591E-17
 1.92922E-10
 2.28287E-01
 4.82846E-01
 4.97985E-01
 4.99728E-01
 4.99896E-01
 4.99911E-01
 4.99913E-01
 4.99915E-01
 4.99917E-01
 4.99918E-01
 4.99919E-01
 4.99920E-01
 4.99921E-01
 4.99922E-01
 4.99923E-01
 4.99924E-01
 4.99925E-01
 4.99926E-01
 4.99926E-01
 4.99927E-01
 4.99928E-01
 4.99928E-01
 4.99929E-01
 4.99929E-01
 4.99930E-01
 4.99930E-01
 4.99931E-01
 4.99931E-01
 4.99931E-01
 4.99932E-01
 4.99932E-01
 4.99932E-01
 4.99932E-01
 4.99932E-01
 4.99933E-01
 4.99933E-01
 4.99933E-01
 4.27896E-11
 8.80404E-06
 3.01345E-01
 4.82846E-01
 4.97699E-01
 4.99674E-01
 4.99889E-01
 4.99909E-01
 4.99912E-01
 4.99914E-01
 4.99916E-01
 4.99917E-01
 4.99918E-01
 4.99920E-01
 4.99921E-01
 4.99922E-01
 4.99923E-01
 4.99924E-01
 4.99924E-01
 4.99925E-01
 4.99926E-01
 4.99927E-01
 4.99927E-01
 4.99928E-01
 4.99928E-01
 4.99929E-01
 4.99930E-01
 4.99930E-01
 4.99930E-01
 4.99931E-01
 4.99931E-01
 4.99932E-01
 4.99932E-01
 4.99932E-01
 4.99932E-01
 4.99932E-01
 4.99933E-01
 4.99933E-01
 4.99933E-01
 4.99933E-01
 2.27880E-01
 4.14375E-01
 4.87464E-01
 4.97985E-01
 4.99674E-01
 4.99886E-01
 4.99909E-01
 4.99912E-01
 4.99914E-01
 4.99915E-01
 4.99916E-01
 4.99918E-01
 4.99919E-01
 4.99920E-01
 4.99921E-01
 4.99922E-01
 4.99923E-01
 4.99924E-01
 4.99925E-01
 4.99925E-01
 4.99926E-01
 4.99927E-01
 4.99927E-01
 4.99928E-01
 4.99929E-01
 4.99929E-01
 4.99930E-01
 4.99930E-01
 4.99931E-01
 4.99931E-01
 4.99931E-01
 4.99932E-01
 4.99932E-01
 4.99932E-01
 4.99932E-01
 4.99933E-01
 4.99933E-01
 4.99933E-01
 4.99933E-01
 4.99933E-01
 4.82703E-01
 4.93955E-01
 4.98669E-01
 4.99728E-01
 4.99889E-01
 4.99909E-01
 4.99912E-01
 4.99913E-01
 4.99915E-01
 4.99916E-01
 4.99917E-01
 4.99918E-01
 4.99919E-01
 4.99920E-01
 4.99921E-01
 4.99922E-01
 4.99923E-01
 4.99924E-01
 4.99925E-01
 4.99926E-01
 4.99926E-01
 4.99927E-01
 4.99928E-01
 4.99928E-01
 4.99929E-01
 4.99929E-01
 4.99930E-01
 4.99930E-01
 4.99931E-01
 4.99931E-01
 4.99932E-01
 4.99932E-01
 4.99932E-01
 4.99932E-01
 4.99933E-01
 4.99933E-01
 4.99933E-01
 4.99933E-01
 4.99933E-01
 4.99933E-01
 4.98028E-01
 4.99362E-01
 4.99805E-01
 4.99896E-01
 4.99909E-01
 4.99912E-01
 4.99913E-01
 4.99914E-01
 4.99916E-01
 4.99917E-01
 4.99918E-01
 4.99919E-01
 4.99920E-01
 4.99921E-01
 4.99922E-01
 4.99923E-01
 4.99924E-01
 4.99925E-01
 4.99925E-01
 4.99926E-01
 4.99927E-01
 4.99927E-01
 4.99928E-01
 4.99929E-01
 4.99929E-01
 4.99930E-01
 4.99930E-01
 4.99931E-01
 4.99931E-01
 4.99931E-01
 4.99932E-01
 4.99932E-01
 4.99932E-01
 4.99933E-01
 4.99933E-01
 4.99933E-01
 4.99933E-01
 4.99933E-01
 4.99933E-01
 4.99933E-01
 4.99748E-01
 4.99868E-01
 4.99904E-01
 4.99911E-01
 4.99912E-01
 4.99914E-01
 4.99915E-01
 4.99916E-01
 4.99917E-01
 4.99918E-01
 4.99919E-01
 4.99920E-01
 4.99921E-01
 4.99922E-01
 4.99922E-01
 4.99923E-01
 4.99924E-01
 4.99925E-01
 4.99926E-01
 4.99926E-01
 4.99927E-01
 4.99928E-01
 4.99928E-01
 4.99929E-01
 4.99929E-01
 4.99930E-01
 4.99930E-01
 4.99931E-01
 4.99931E-01
 4.99932E-01
 4.99932E-01
 4.99932E-01
 4.99933E-01
 4.99933E-01
 4.99933E-01
 4.99933E-01
 4.99933E-01
 4.99934E-01
 4.99934E-01
 4.99934E-01
 4.99901E-01
 4.99910E-01
 4.99912E-01
 4.99913E-01
 4.99914E-01
 4.99915E-01
 4.99916E-01
 4.99917E-01
 4.99918E-01
 4.99919E-01
 4.99920E-01
 4.99920E-01
 4.99921E-01
 4.99922E-01
 4.99923E-01
 4.99924E-01
 4.99925E-01
 4.99925E-01
 4.99926E-01
 4.99927E-01
 4.99927E-01
 4.99928E-01
 4.99929E-01
 4.99929E-01
 4.99930E-01
 4.99930E-01
 4.99931E-01
 4.99931E-01
 4.99932E-01
 4.99932E-01
 4.99932E-01
 4.99933E-01
 4.99933E-01
 4.99933E-01
 4.99933E-01
 4.99934E-01
 4.99934E-01
 4.99934E-01
 4.99934E-01
 4.99934E-01
 4.99913E-01
 4.99914E-01
 4.99915E-01
 4.99915E-01
 4.99916E-01
 4.99916E-01
 4.99917E-01
 4.99918E-01
 4.99919E-01
 4.99920E-01
 4.99920E-01
 4.99921E-01
 4.99922E-01
 4.99923E-01
 4.99924E-01
 4.99924E-01
 4.99925E-01
 4.99926E-01
 4.99927E-01
 4.99927E-01
 4.99928E-01
 4.99928E-01
 4.99929E-01
 4.99930E-01
 4.99930E-01
 4.99931E-01
 4.99931E-01
 4.99932E-01
 4.99932E-01
 4.99932E-01
 4.99933E-01
 4.99933E-01
 4.99933E-01
 4.99934E-01
 4.99934E-01
 4.99934E-01
 4.99934E-01
 4.99934E-01
 4.99934E-01
 4.99934E-01
 4.99916E-01
 4.99916E-01
 4.99916E-01
 4.99917E-01
 4.99917E-01
 4.99918E-01
 4.99918E-01
 4.99919E-01
 4.99920E-01
 4.99920E-01
 4.99921E-01
 4.99922E-01
 4.99923E-01
 4.99923E-01
 4.99924E-01
 4.99925E-01
 4.99926E-01
 4.99926E-01
 4.99927E-01
 4.99928E-01
 4.99928E-01
 4.99929E-01
 4.99929E-01
 4.99930E-01
 4.99931E-01
 4.99931E-01
 4.99931E-01
 4.99932E-01
 4.99932E-01
 4.99933E-01
 4.99933E-01
 4.99933E-01
 4.99934E-01
 4.99934E-01
 4.99934E-01
 4.99934E-01
 4.99934E-01
 4.99935E-01
 4.99935E-01
 4.99935E-01
 4.99917E-01
 4.99917E-01
 4.99918E-01
 4.99918E-01
 4.99918E-01
 4.99919E-01
 4.99919E-01
 4.99920E-01
 4.99921E-01
 4.99921E-01
 4.99922E-01
 4.99923E-01
 4.99923E-01
 4.99924E-01
 4.99925E-01
 4.99925E-01
 4.99926E-01
 4.99927E-01
 4.99927E-01
 4.99928E-01
 4.99929E-01
 4.99929E-01
 4.99930E-01
 4.99930E-01
 4.99931E-01
 4.99931E-01
 4.99932E-01
 4.99932E-01
 4.99933E-01
 4.99933E-01
 4.99933E-01
 4.99934E-01
 4.99934E-01
 4.99934E-01
 4.99935E-01
 4.99935E-01
 4.99935E-01
 4.99935E-01
 4.99935E-01
 4.99935E-01
 4.99919E-01
 4.99919E-01
 4.99919E-01
 4.99919E-01
 4.99920E-01
 4.99920E-01
 4.99920E-01
 4.99921E-01
 4.99922E-01
 4.99922E-01
 4.99923E-01
 4.99923E-01
 4.99924E-01
 4.99925E-01
 4.99925E-01
 4.99926E-01
 4.99927E-01
 4.99927E-01
 4.99928E-01
 4.99929E-01
 4.99929E-01
 4.99930E-01
 4.99930E-01
 4.99931E-01
 4.99931E-01
 4.99932E-01
 4.99932E-01
 4.99933E-01
 4.99933E-01
 4.99934E-01
 4.99934E-01
 4.99934E-01
 4.99935E-01
 4.99935E-01
 4.99935E-01
 4.99935E-01
 4.99935E-01
 4.99935E-01
 4.99936E-01
 4.99936E-01
 4.99920E-01
 4.99920E-01
 4.99920E-01
 4.99920E-01
 4.99921E-01
 4.99921E-01
 4.99921E-01
 4.99922E-01
 4.99922E-01
 4.99923E-01
 4.99924E-01
 4.99924E-01
 4.99925E-01
 4.99925E-01
 4.99926E-01
 4.99927E-01
 4.99927E-01
 4.99928E-01
 4.99928E-01
 4.99929E-01
 4.99930E-01
 4.99930E-01
 4.99931E-01
 4.99931E-01
 4.99932E-01
 4.99932E-01
 4.99933E-01
 4.99933E-01
 4.99934E-01
 4.99934E-01
 4.99934E-01
 4.99935E-01
 4.99935E-01
 4.99935E-01
 4.99935E-01
 4.99936E-01
 4.99936E-01
 4.99936E-01
 4.99936E-01
 4.99936E-01
 4.99921E-01
 4.99921E-01
 4.99921E-01
 4.99921E-01
 4.99922E-01
 4.99922E-01
 4.99922E-01
 4.99923E-01
 4.99923E-01
 4.99924E-01
 4.99924E-01
 4.99925E-01
 4.99925E-01
 4.99926E-01
 4.99927E-01
 4.99927E-01
 4.99928E-01
 4.99928E-01
 4.99929E-01
 4.99930E-01
 4.99930E-01
 4.99931E-01
 4.99931E-01
 4.99932E-01
 4.99932E-01
 4.99933E-01
 4.99933E-01
 4.99934E-01
 4.99934E-01
 4.99934E-01
 4.99935E-01
 4.99935E-01
 4.99935E-01
 4.99936E-01
 4.99936E-01
 4.99936E-01
 4.99936E-01
 4.99936E-01
 4.99937E-01
 4.99937E-01
 4.99922E-01
 4.99922E-01
 4.99922E-01
 4.99922E-01
 4.99923E-01
 4.99923E-01
 4.99923E-01
 4.99924E-01
 4.99924E-01
 4.99925E-01
 4.99925E-01
 4.99926E-01
 4.99926E-01
 4.99927E-01
 4.99927E-01
 4.99928E-01
 4.99928E-01
 4.99929E-01
 4.99930E-01
 4.99930E-01
 4.99931E-01
 4.99931E-01
 4.99932E-01
 4.99932E-01
 4.99933E-01
 4.99933E-01
 4.99934E-01
 4.99934E-01
 4.99935E-01
 4.99935E-01
 4.99935E-01
 4.99936E-01
 4.99936E-01
 4.99936E-01
 4.99937E-01
 4.99937E-01
 4.99937E-01
 4.99937E-01
 4.99937E-01
 4.99937E-01
 4.99923E-01
 4.99923E-01
 4.99923E-01
 4.99923E-01
 4.99924E-01
 4.99924E-01
 4.99924E-01
 4.99925E-01
 4.99925E-01
 4.99925E-01
 4.99926E-01
 4.99926E-01
 4.99927E-01
 4.99927E-01
 4.99928E-01
 4.99928E-01
 4.99929E-01
 4.99930E-01
 4.99930E-01
 4.99931E-01
 4.99931E-01
 4.99932E-01
 4.99932E-01
 4.99933E-01
 4.99933E-01
 4.99934E-01
 4.99934E-01
 4.99935E-01
 4.99935E-01
 4.99936E-01
 4.99936E-01
 4.99936E-01
 4.99937E-01
 4.99937E-01
 4.99937E-01
 4.99937E-01
 4.99938E-01
 4.99938E-01
 4.99938E-01
 4.99938E-01
 4.99924E-01
 4.99924E-01
 4.99924E-01
 4.99924E-01
 4.99924E-01
 4.99925E-01
 4.99925E-01
 4.99925E-01
 4.99926E-01
 4.99926E-01
 4.99927E-01
 4.99927E-01
 4.99927E-01
 4.99928E-01
 4.99928E-01
 4.99929E-01
 4.99930E-01
 4.99930E-01
 4.99931E-01
 4.99931E-01
 4.99932E-01
 4.99932E-01
 4.99933E-01
 4.99933E-01
 4.99934E-01
 4.99934E-01
 4.99935E-01
 4.99935E-01
 4.99936E-01
 4.99936E-01
 4.99936E-01
 4.99937E-01
 4.99937E-01
 4.99937E-01
 4.99938E-01
 4.99938E-01
 4.99938E-01
 4.99938E-01
 4.99938E-01
 4.99938E-01
 4.99925E-01
 4.99925E-01
 4.99925E-01
 4.99925E-01
 4.99925E-01
 4.99925E-01
 4.99926E-01
 4.99926E-01
 4.99926E-01
 4.99927E-01
 4.99927E-01
 4.99928E-01
 4.99928E-01
 4.99929E-01
 4.99929E-01
 4.99930E-01
 4.99930E-01
 4.99931E-01
 4.99931E-01
 4.99932E-01
 4.99932E-01
 4.99933E-01
 4.99933E-01
 4.99934E-01
 4.99934E-01
 4.99935E-01
 4.99935E-01
 4.99936E-01
 4.99936E-01
 4.99937E-01
 4.99937E-01
 4.99937E-01
 4.99938E-01
 4.99938E-01
 4.99938E-01
 4.99939E-01
 4.99939E-01
 4.99939E-01
 4.99939E-01
 4.99939E-01
 4.99925E-01
 4.99925E-01
 4.99926E-01
 4.99926E-01
 4.99926E-01
 4.99926E-01
 4.99926E-01
 4.99927E-01
 4.99927E-01
 4.99927E-01
 4.99928E-01
 4.99928E-01
 4.99929E-01
 4.99929E-01
 4.99930E-01
 4.99930E-01
 4.99931E-01
 4.99931E-01
 4.99932E-01
 4.99932E-01
 4.99933E-01
 4.99933E-01
 4.99934E-01
 4.99934E-01
 4.99935E-01
 4.99935E-01
 4.99936E-01
 4.99936E-01
 4.99937E-01
 4.99937E-01
 4.99938E-01
 4.99938E-01
 4.99938E-01
 4.99939E-01
 4.99939E-01
 4.99939E-01
 4.99940E-01
 4.99940E-01
 4.99940E-01
 4.99940E-01
 4.99926E-01
 4.99926E-01
 4.99926E-01
 4.99926E-01
 4.99927E-01
 4.99927E-01
 4.99927E-01
 4.99927E-01
 4.99928E-01
 4.99928E-01
 4.99928E-01
 4.99929E-01
 4.99929E-01
 4.99930E-01
 4.99930E-01
 4.99931E-01
 4.99931E-01
 4.99932E-01
 4.99932E-01
 4.99933E-01
 4.99933E-01
 4.99934E-01
 4.99934E-01
 4.99935E-01
 4.99935E-01
 4.99936E-01
 4.99936E-01
 4.99937E-01
 4.99937E-01
 4.99938E-01
 4.99938E-01
 4.99939E-01
 4.99939E-01
 4.99939E-01
 4.99940E-01
 4.99940E-01
 4.99940E-01
 4.99940E-01
 4.99941E-01
 4.99941E-01
 4.99927E-01
 4.99927E-01
 4.99927E-01
 4.99927E-01
 4.99927E-01
 4.99927E-01
 4.99928E-01
 4.99928E-01
 4.99928E-01
 4.99929E-01
 4.99929E-01
 4.99929E-01
 4.99930E-01
 4.99930E-01
 4.99931E-01
 4.99931E-01
 4.99932E-01
 4.99932E-01
 4.99933E-01
 4.99933E-01
 4.99934E-01
 4.99934E-01
 4.99935E-01
 4.99935E-01
 4.99936E-01
 4.99937E-01
 4.99937E-01
 4.99938E-01
 4.99938E-01
 4.99939E-01
 4.99939E-01
 4.99939E-01
 4.99940E-01
 4.99940E-01
 4.99941E-01
 4.99941E-01
 4.99941E-01
 4.99941E-01
 4.99941E-01
 4.99941E-01
 4.99927E-01
 4.99928E-01
 4.99928E-01
 4.99928E-01
 4.99928E-01
 4.99928E-01
 4.99928E-01
 4.99929E-01
 4.99929E-01
 4.99929E-01
 4.99930E-01
 4.99930E-01
 4.99930E-01
 4.99931E-01
 4.99931E-01
 4.99932E-01
 4.99932E-01
 4.99933E-01
 4.99933E-01
 4.99934E-01
 4.99934E-01
 4.99935E-01
 4.99935E-01
 4.99936E-01
 4.99937E-01
 4.99937E-01
 4.99938E-01
 4.99938E-01
 4.99939E-01
 4.99939E-01
 4.99940E-01
 4.99940E-01
 4.99941E-01
 4.99941E-01
 4.99941E-01
 4.99942E-01
 4.99942E-01
 4.99942E-01
 4.99942E-01
 4.99942E-01
 4.99928E-01
 4.99928E-01
 4.99928E-01
 4.99928E-01
 4.99928E-01
 4.99929E-01
 4.99929E-01
 4.99929E-01
 4.99929E-01
 4.99930E-01
 4.99930E-01
 4.99931E-01
 4.99931E-01
 4.99931E-01
 4.99932E-01
 4.99932E-01
 4.99933E-01
 4.99933E-01
 4.99934E-01
 4.99934E-01
 4.99935E-01
 4.99935E-01
 4.99936E-01
 4.99937E-01
 4.99937E-01
 4.99938E-01
 4.99938E-01
 4.99939E-01
 4.99939E-01
 4.99940E-01
 4.99940E-01
 4.99941E-01
 4.99941E-01
 4.99942E-01
 4.99942E-01
 4.99943E-01
 4.99943E-01
 4.99943E-01
 4.99943E-01
 4.99943E-01
 4.99929E-01
 4.99929E-01
 4.99929E-01
 4.99929E-01
 4.99929E-01
 4.99929E-01
 4.99929E-01
 4.99930E-01
 4.99930E-01
 4.99930E-01
 4.99931E-01
 4.99931E-01
 4.99931E-01
 4.99932E-01
 4.99932E-01
 4.99933E-01
 4.99933E-01
 4.99934E-01
 4.99934E-01
 4.99935E-01
 4.99935E-01
 4.99936E-01
 4.99937E-01
 4.99937E-01
 4.99938E-01
 4.99938E-01
 4.99939E-01
 4.99940E-01
 4.99940E-01
 4.99941E-01
 4.99941E-01
 4.99942E-01
 4.99942E-01
 4.99943E-01
 4.99943E-01
 4.99943E-01
 4.99944E-01
 4.99944E-01
 4.99944E-01
 4.99944E-01
 4.99929E-01
 4.99929E-01
 4.99929E-01
 4.99929E-01
 4.99930E-01
 4.99930E-01
 4.99930E-01
 4.99930E-01
 4.99930E-01
 4.99931E-01
 4.99931E-01
 4.99931E-01
 4.99932E-01
 4.99932E-01
 4.99933E-01
 4.99933E-01
 4.99934E-01
 4.99934E-01
 4.99935E-01
 4.99935E-01
 4.99936E-01
 4.99936E-01
 4.99937E-01
 4.99938E-01
 4.99938E-01
 4.99939E-01
 4.99940E-01
 4.99940E-01
 4.99941E-01
 4.99941E-01
 4.99942E-01
 4.99943E-01
 4.99943E-01
 4.99944E-01
 4.99944E-01
 4.99944E-01
 4.99945E-01
 4.99945E-01
 4.99945E-01
 4.99945E-01
 4.99930E-01
 4.99930E-01
 4.99930E-01
 4.99930E-01
 4.99930E-01
 4.99930E-01
 4.99930E-01
 4.99931E-01
 4.99931E-01
 4.99931E-01
 4.99932E-01
 4.99932E-01
 4.99932E-01
 4.99933E-01
 4.99933E-01
 4.99934E-01
 4.99934E-01
 4.99935E-01
 4.99935E-01
 4.99936E-01
 4.99936E-01
 4.99937E-01
 4.99938E-01
 4.99938E-01
 4.99939E-01
 4.99940E-01
 4.99940E-01
 4.99941E-01
 4.99942E-01
 4.99942E-01
 4.99943E-01
 4.99943E-01
 4.99944E-01
 4.99945E-01
 4.99945E-01
 4.99946E-01
 4.99946E-01
 4.99946E-01
 4.99946E-01
 4.99947E-01
 4.99930E-01
 4.99930E-01
 4.99930E-01
 4.99930E-01
 4.99930E-01
 4.99931E-01
 4.99931E-01
 4.99931E-01
 4.99931E-01
 4.99932E-01
 4.99932E-01
 4.99932E-01
 4.99933E-01
 4.99933E-01
 4.99934E-01
 4.99934E-01
 4.99935E-01
 4.99935E-01
 4.99936E-01
 4.99936E-01
 4.99937E-01
 4.99937E-01
 4.99938E-01
 4.99939E-01
 4.99939E-01
 4.99940E-01
 4.99941E-01
 4.99942E-01
 4.99942E-01
 4.99943E-01
 4.99944E-01
 4.99944E-01
 4.99945E-01
 4.99946E-01
 4.99946E-01
 4.99947E-01
 4.99947E-01
 4.99947E-01
 4.99948E-01
 4.99948E-01
 4.99930E-01
 4.99931E-01
 4.99931E-01
 4.99931E-01
 4.99931E-01
 4.99931E-01
 4.99931E-01
 4.99931E-01
 4.99932E-01
 4.99932E-01
 4.99932E-01
 4.99933E-01
 4.99933E-01
 4.99934E-01
 4.99934E-01
 4.99934E-01
 4.99935E-01
 4.99936E-01
 4.99936E-01
 4.99937E-01
 4.99937E-01
 4.99938E-01
 4.99939E-01
 4.99939E-01
 4.99940E-01
 4.99941E-01
 4.99941E-01
 4.99942E-01
 4.99943E-01
 4.99944E-01
 4.99944E-01
 4.99945E-01
 4.99946E-01
 4.99947E-01
 4.99947E-01
 4.99948E-01
 4.99948E-01
 4.99949E-01
 4.99949E-01
 4.99949E-01
 4.99931E-01
 4.99931E-01
 4.99931E-01
 4.99931E-01
 4.99931E-01
 4.99931E-01
 4.99932E-01
 4.99932E-01
 4.99932E-01
 4.99932E-01
 4.99933E-01
 4.99933E-01
 4.99933E-01
 4.99934E-01
 4.99934E-01
 4.99935E-01
 4.99935E-01
 4.99936E-01
 4.99936E-01
 4.99937E-01
 4.99938E-01
 4.99938E-01
 4.99939E-01
 4.99940E-01
 4.99940E-01
 4.99941E-01
 4.99942E-01
 4.99943E-01
 4.99944E-01
 4.99944E-01
 4.99945E-01
 4.99946E-01
 4.99947E-01
 4.99948E-01
 4.99948E-01
 4.99949E-01
 4.99950E-01
 4.99950E-01
 4.99950E-01
 4.99951E-01
 4.99931E-01
 4.99931E-01
 4.99931E-01
 4.99931E-01
 4.99932E-01
 4.99932E-01
 4.99932E-01
 4.99932E-01
 4.99932E-01
 4.99933E-01
 4.99933E-01
 4.99933E-01
 4.99934E-01
 4.99934E-01
 4.99935E-01
 4.99935E-01
 4.99936E-01
 4.99936E-01
 4.99937E-01
 4.99937E-01
 4.99938E-01
 4.99939E-01
 4.99939E-01
 4.99940E-01
 4.99941E-01
 4.99942E-01
 4.99943E-01
 4.99943E-01
 4.99944E-01
 4.99945E-01
 4.99946E-01
 4.99947E-01
 4.99948E-01
 4.99949E-01
 4.99950E-01
 4.99950E-01
 4.99951E-01
 4.99952E-01
 4.99952E-01
 4.99952E-01
 4.99931E-01
 4.99931E-01
 4.99932E-01
 4.99932E-01
 4.99932E-01
 4.99932E-01
 4.99932E-01
 4.99932E-01
 4.99933E-01
 4.99933E-01
 4.99933E-01
 4.99934E-01
 4.99934E-01
 4.99935E-01
 4.99935E-01
 4.99935E-01
 4.99936E-01
 4.99937E-01
 4.99937E-01
 4.99938E-01
 4.99938E-01
 4.99939E-01
 4.99940E-01
 4.99941E-01
 4.99941E-01
 4.99942E-01
 4.99943E-01
 4.99944E-01
 4.99945E-01
 4.99946E-01
 4.99947E-01
 4.99948E-01
 4.99949E-01
 4.99950E-01
 4.99951E-01
 4.99952E-01
 4.99952E-01
 4.99953E-01
 4.99954E-01
 4.99954E-01
 4.99932E-01
 4.99932E-01
 4.99932E-01
 4.99932E-01
 4.99932E-01
 4.99932E-01
 4.99932E-01
 4.99933E-01
 4.99933E-01
 4.99933E-01
 4.99934E-01
 4.99934E-01
 4.99934E-01
 4.99935E-01
 4.99935E-01
 4.99936E-01
 4.99936E-01
 4.99937E-01
 4.99937E-01
 4.99938E-01
 4.99939E-01
 4.99939E-01
 4.99940E-01
 4.99941E-01
 4.99942E-01
 4.99943E-01
 4.99944E-01
 4.99945E-01
 4.99946E-01
 4.99947E-01
 4.99948E-01
 4.99949E-01
 4.99950E-01
 4.99951E-01
 4.99952E-01
 4.99953E-01
 4.99954E-01
 4.99955E-01
 4.99956E-01
 4.99956E-01
 4.99932E-01
 4.99932E-01
 4.99932E-01
 4.99932E-01
 4.99932E-01
 4.99932E-01
 4.99933E-01
 4.99933E-01
 4.99933E-01
 4.99933E-01
 4.99934E-01
 4.99934E-01
 4.99935E-01
 4.99935E-01
 4.99935E-01
 4.99936E-01
 4.99937E-01
 4.99937E-01
 4.99938E-01
 4.99938E-01
 4.99939E-01
 4.99940E-01
 4.99941E-01
 4.99941E-01
 4.99942E-01
 4.99943E-01
 4.99944E-01
 4.99945E-01
 4.99946E-01
 4.99947E-01
 4.99948E-01
 4.99950E-01
 4.99951E-01
 4.99952E-01
 4.99953E-01
 4.99955E-01
 4.99956E-01
 4.99957E-01
 4.99958E-01
 4.99958E-01
 4.99932E-01
 4.99932E-01
 4.99932E-01
 4.99932E-01
 4.99932E-01
 4.99933E-01
 4.99933E-01
 4.99933E-01
 4.99933E-01
 4.99934E-01
 4.99934E-01
 4.99934E-01
 4.99935E-01
 4.99935E-01
 4.99936E-01
 4.99936E-01
 4.99937E-01
 4.99937E-01
 4.99938E-01
 4.99939E-01
 4.99939E-01
 4.99940E-01
 4.99941E-01
 4.99942E-01
 4.99943E-01
 4.99943E-01
 4.99944E-01
 4.99946E-01
 4.99947E-01
 4.99948E-01
 4.99949E-01
 4.99950E-01
 4.99952E-01
 4.99953E-01
 4.99955E-01
 4.99956E-01
 4.99957E-01
 4.99959E-01
 4.99960E-01
 4.99960E-01
 4.99932E-01
 4.99932E-01
 4.99932E-01
 4.99932E-01
 4.99933E-01
 4.99933E-01
 4.99933E-01
 4.99933E-01
 4.99933E-01
 4.99934E-01
 4.99934E-01
 4.99934E-01
 4.99935E-01
 4.99935E-01
 4.99936E-01
 4.99936E-01
 4.99937E-01
 4.99938E-01
 4.99938E-01
 4.99939E-01
 4.99940E-01
 4.99940E-01
 4.99941E-01
 4.99942E-01
 4.99943E-01
 4.99944E-01
 4.99945E-01
 4.99946E-01
 4.99947E-01
 4.99948E-01
 4.99950E-01
 4.99951E-01
 4.99952E-01
 4.99954E-01
 4.99956E-01
 4.99957E-01
 4.99959E-01
 4.99961E-01
 4.99962E-01
 4.99963E-01
 4.99932E-01
 4.99932E-01
 4.99932E-01
 4.99933E-01
 4.99933E-01
 4.99933E-01
 4.99933E-01
 4.99933E-01
 4.99934E-01
 4.99934E-01
 4.99934E-01
 4.99935E-01
 4.99935E-01
 4.99935E-01
 4.99936E-01
 4.99936E-01
 4.99937E-01
 4.99938E-01
 4.99938E-01
 4.99939E-01
 4.99940E-01
 4.99940E-01
 4.99941E-01
 4.99942E-01
 4.99943E-01
 4.99944E-01
 4.99945E-01
 4.99946E-01
 4.99947E-01
 4.99949E-01
 4.99950E-01
 4.99952E-01
 4.99953E-01
 4.99955E-01
 4.99957E-01
 4.99959E-01
 4.99961E-01
 4.99962E-01
 4.99964E-01
 4.99965E-01
 4.99932E-01
 4.99932E-01
 4.99933E-01
 4.99933E-01
 4.99933E-01
 4.99933E-01
 4.99933E-01
 4.99933E-01
 4.99934E-01
 4.99934E-01
 4.99934E-01
 4.99935E-01
 4.99935E-01
 4.99936E-01
 4.99936E-01
 4.99937E-01
 4.99937E-01
 4.99938E-01
 4.99938E-01
 4.99939E-01
 4.99940E-01
 4.99941E-01
 4.99941E-01
 4.99942E-01
 4.99943E-01
 4.99944E-01
 4.99945E-01
 4.99946E-01
 4.99948E-01
 4.99949E-01
 4.99950E-01
 4.99952E-01
 4.99954E-01
 4.99956E-01
 4.99958E-01
 4.99960E-01
 4.99962E-01
 4.99964E-01
 4.99966E-01
 4.99967E-01
 4.99932E-01
 4.99932E-01
 4.99933E-01
 4.99933E-01
 4.99933E-01
 4.99933E-01
 4.99933E-01
 4.99933E-01
 4.99934E-01
 4.99934E-01
 4.99934E-01
 4.99935E-01
 4.99935E-01
 4.99936E-01
 4.99936E-01
 4.99937E-01
 4.99937E-01
 4.99938E-01
 4.99938E-01
 4.99939E-01
 4.99940E-01
 4.99941E-01
 4.99941E-01
 4.99942E-01
 4.99943E-01
 4.99944E-01
 4.99945E-01
 4.99947E-01
 4.99948E-01
 4.99949E-01
 4.99951E-01
 4.99952E-01
 4.99954E-01
 4.99956E-01
 4.99958E-01
 4.99960E-01
 4.99963E-01
 4.99965E-01
 4.99967E-01
 4.99969E-01
