 2.01283104E+06
 2.01276495E+06
 2.01272498E+06
 2.01269725E+06
 2.01267618E+06
 2.01265913E+06
 2.01264354E+06
 2.01262782E+06
 2.01261395E+06
 2.01260168E+06
 2.01259068E+06
 2.01258072E+06
 2.01257163E+06
 2.01256327E+06
 2.01255555E+06
 2.01254838E+06
 2.01254172E+06
 2.01253550E+06
 2.01252968E+06
 2.01252424E+06
 2.01251914E+06
 2.01251437E+06
 2.01250990E+06
 2.01250572E+06
 2.01250183E+06
 2.01249820E+06
 2.01249483E+06
 2.01249172E+06
 2.01248886E+06
 2.01248624E+06
 2.01248387E+06
 2.01248174E+06
 2.01247984E+06
 2.01247819E+06
 2.01247677E+06
 2.01247559E+06
 2.01247464E+06
 2.01247393E+06
 2.01247346E+06
 2.01247322E+06
 2.01276495E+06
 2.01273884E+06
 2.01271273E+06
 2.01269060E+06
 2.01267215E+06
 2.01265645E+06
 2.01264065E+06
 2.01262566E+06
 2.01261232E+06
 2.01260040E+06
 2.01258964E+06
 2.01257986E+06
 2.01257089E+06
 2.01256263E+06
 2.01255499E+06
 2.01254789E+06
 2.01254127E+06
 2.01253509E+06
 2.01252931E+06
 2.01252389E+06
 2.01251882E+06
 2.01251406E+06
 2.01250961E+06
 2.01250545E+06
 2.01250156E+06
 2.01249794E+06
 2.01249458E+06
 2.01249147E+06
 2.01248861E+06
 2.01248600E+06
 2.01248363E+06
 2.01248150E+06
 2.01247960E+06
 2.01247795E+06
 2.01247653E+06
 2.01247535E+06
 2.01247440E+06
 2.01247369E+06
 2.01247322E+06
 2.01247299E+06
 2.01272498E+06
 2.01271273E+06
 2.01269650E+06
 2.01268028E+06
 2.01266537E+06
 2.01265060E+06
 2.01263553E+06
 2.01262174E+06
 2.01260927E+06
 2.01259795E+06
 2.01258763E+06
 2.01257817E+06
 2.01256945E+06
 2.01256138E+06
 2.01255389E+06
 2.01254691E+06
 2.01254039E+06
 2.01253429E+06
 2.01252857E+06
 2.01252320E+06
 2.01251817E+06
 2.01251345E+06
 2.01250903E+06
 2.01250489E+06
 2.01250102E+06
 2.01249742E+06
 2.01249407E+06
 2.01249097E+06
 2.01248812E+06
 2.01248551E+06
 2.01248315E+06
 2.01248102E+06
 2.01247913E+06
 2.01247747E+06
 2.01247606E+06
 2.01247488E+06
 2.01247393E+06
 2.01247322E+06
 2.01247275E+06
 2.01247251E+06
 2.01269725E+06
 2.01269060E+06
 2.01268028E+06
 2.01266863E+06
 2.01265615E+06
 2.01264219E+06
 2.01262888E+06
 2.01261650E+06
 2.01260506E+06
 2.01259451E+06
 2.01258476E+06
 2.01257574E+06
 2.01256736E+06
 2.01255956E+06
 2.01255228E+06
 2.01254547E+06
 2.01253909E+06
 2.01253310E+06
 2.01252747E+06
 2.01252218E+06
 2.01251722E+06
 2.01251255E+06
 2.01250817E+06
 2.01250406E+06
 2.01250022E+06
 2.01249664E+06
 2.01249331E+06
 2.01249023E+06
 2.01248739E+06
 2.01248479E+06
 2.01248243E+06
 2.01248030E+06
 2.01247842E+06
 2.01247676E+06
 2.01247535E+06
 2.01247417E+06
 2.01247322E+06
 2.01247251E+06
 2.01247204E+06
 2.01247180E+06
 2.01267618E+06
 2.01267215E+06
 2.01266537E+06
 2.01265615E+06
 2.01264456E+06
 2.01263274E+06
 2.01262125E+06
 2.01261030E+06
 2.01259996E+06
 2.01259026E+06
 2.01258117E+06
 2.01257266E+06
 2.01256469E+06
 2.01255721E+06
 2.01255020E+06
 2.01254360E+06
 2.01253739E+06
 2.01253155E+06
 2.01252604E+06
 2.01252085E+06
 2.01251596E+06
 2.01251136E+06
 2.01250703E+06
 2.01250297E+06
 2.01249917E+06
 2.01249561E+06
 2.01249230E+06
 2.01248924E+06
 2.01248641E+06
 2.01248382E+06
 2.01248147E+06
 2.01247935E+06
 2.01247747E+06
 2.01247582E+06
 2.01247440E+06
 2.01247322E+06
 2.01247228E+06
 2.01247157E+06
 2.01247110E+06
 2.01247086E+06
 2.01265913E+06
 2.01265645E+06
 2.01265060E+06
 2.01264219E+06
 2.01263274E+06
 2.01262292E+06
 2.01261309E+06
 2.01260348E+06
 2.01259423E+06
 2.01258539E+06
 2.01257700E+06
 2.01256905E+06
 2.01256152E+06
 2.01255441E+06
 2.01254769E+06
 2.01254134E+06
 2.01253533E+06
 2.01252965E+06
 2.01252428E+06
 2.01251921E+06
 2.01251441E+06
 2.01250989E+06
 2.01250563E+06
 2.01250162E+06
 2.01249786E+06
 2.01249434E+06
 2.01249106E+06
 2.01248801E+06
 2.01248520E+06
 2.01248262E+06
 2.01248028E+06
 2.01247817E+06
 2.01247628E+06
 2.01247464E+06
 2.01247322E+06
 2.01247204E+06
 2.01247110E+06
 2.01247039E+06
 2.01246991E+06
 2.01246968E+06
 2.01264354E+06
 2.01264065E+06
 2.01263553E+06
 2.01262888E+06
 2.01262125E+06
 2.01261309E+06
 2.01260470E+06
 2.01259632E+06
 2.01258808E+06
 2.01258009E+06
 2.01257238E+06
 2.01256500E+06
 2.01255795E+06
 2.01255122E+06
 2.01254482E+06
 2.01253874E+06
 2.01253295E+06
 2.01252746E+06
 2.01252224E+06
 2.01251729E+06
 2.01251260E+06
 2.01250816E+06
 2.01250397E+06
 2.01250002E+06
 2.01249631E+06
 2.01249282E+06
 2.01248957E+06
 2.01248655E+06
 2.01248376E+06
 2.01248119E+06
 2.01247885E+06
 2.01247675E+06
 2.01247487E+06
 2.01247322E+06
 2.01247181E+06
 2.01247063E+06
 2.01246968E+06
 2.01246897E+06
 2.01246850E+06
 2.01246826E+06
 2.01262782E+06
 2.01262566E+06
 2.01262174E+06
 2.01261650E+06
 2.01261030E+06
 2.01260348E+06
 2.01259632E+06
 2.01258901E+06
 2.01258169E+06
 2.01257448E+06
 2.01256745E+06
 2.01256062E+06
 2.01255404E+06
 2.01254771E+06
 2.01254164E+06
 2.01253583E+06
 2.01253028E+06
 2.01252498E+06
 2.01251992E+06
 2.01251511E+06
 2.01251053E+06
 2.01250619E+06
 2.01250208E+06
 2.01249819E+06
 2.01249452E+06
 2.01249108E+06
 2.01248786E+06
 2.01248486E+06
 2.01248208E+06
 2.01247953E+06
 2.01247720E+06
 2.01247510E+06
 2.01247322E+06
 2.01247158E+06
 2.01247016E+06
 2.01246898E+06
 2.01246803E+06
 2.01246732E+06
 2.01246684E+06
 2.01246660E+06
 2.01261395E+06
 2.01261232E+06
 2.01260927E+06
 2.01260506E+06
 2.01259996E+06
 2.01259423E+06
 2.01258808E+06
 2.01258169E+06
 2.01257520E+06
 2.01256871E+06
 2.01256230E+06
 2.01255601E+06
 2.01254988E+06
 2.01254394E+06
 2.01253820E+06
 2.01253267E+06
 2.01252735E+06
 2.01252225E+06
 2.01251737E+06
 2.01251269E+06
 2.01250823E+06
 2.01250399E+06
 2.01249995E+06
 2.01249613E+06
 2.01249252E+06
 2.01248911E+06
 2.01248593E+06
 2.01248295E+06
 2.01248019E+06
 2.01247765E+06
 2.01247532E+06
 2.01247322E+06
 2.01247135E+06
 2.01246970E+06
 2.01246828E+06
 2.01246709E+06
 2.01246614E+06
 2.01246543E+06
 2.01246495E+06
 2.01246471E+06
 2.01260168E+06
 2.01260040E+06
 2.01259795E+06
 2.01259451E+06
 2.01259026E+06
 2.01258539E+06
 2.01258009E+06
 2.01257448E+06
 2.01256871E+06
 2.01256287E+06
 2.01255702E+06
 2.01255123E+06
 2.01254553E+06
 2.01253997E+06
 2.01253455E+06
 2.01252929E+06
 2.01252421E+06
 2.01251931E+06
 2.01251459E+06
 2.01251006E+06
 2.01250572E+06
 2.01250157E+06
 2.01249762E+06
 2.01249386E+06
 2.01249030E+06
 2.01248694E+06
 2.01248378E+06
 2.01248082E+06
 2.01247808E+06
 2.01247554E+06
 2.01247322E+06
 2.01247112E+06
 2.01246924E+06
 2.01246759E+06
 2.01246617E+06
 2.01246497E+06
 2.01246402E+06
 2.01246330E+06
 2.01246282E+06
 2.01246258E+06
 2.01259068E+06
 2.01258964E+06
 2.01258763E+06
 2.01258476E+06
 2.01258117E+06
 2.01257700E+06
 2.01257238E+06
 2.01256745E+06
 2.01256230E+06
 2.01255702E+06
 2.01255168E+06
 2.01254635E+06
 2.01254106E+06
 2.01253585E+06
 2.01253074E+06
 2.01252575E+06
 2.01252089E+06
 2.01251619E+06
 2.01251163E+06
 2.01250724E+06
 2.01250302E+06
 2.01249897E+06
 2.01249509E+06
 2.01249139E+06
 2.01248788E+06
 2.01248456E+06
 2.01248142E+06
 2.01247849E+06
 2.01247575E+06
 2.01247322E+06
 2.01247090E+06
 2.01246880E+06
 2.01246691E+06
 2.01246525E+06
 2.01246382E+06
 2.01246262E+06
 2.01246166E+06
 2.01246093E+06
 2.01246045E+06
 2.01246020E+06
 2.01258072E+06
 2.01257986E+06
 2.01257817E+06
 2.01257574E+06
 2.01257266E+06
 2.01256905E+06
 2.01256500E+06
 2.01256062E+06
 2.01255601E+06
 2.01255123E+06
 2.01254635E+06
 2.01254143E+06
 2.01253651E+06
 2.01253162E+06
 2.01252680E+06
 2.01252206E+06
 2.01251743E+06
 2.01251291E+06
 2.01250851E+06
 2.01250426E+06
 2.01250014E+06
 2.01249618E+06
 2.01249238E+06
 2.01248875E+06
 2.01248528E+06
 2.01248198E+06
 2.01247887E+06
 2.01247595E+06
 2.01247322E+06
 2.01247069E+06
 2.01246837E+06
 2.01246625E+06
 2.01246436E+06
 2.01246269E+06
 2.01246124E+06
 2.01246003E+06
 2.01245906E+06
 2.01245832E+06
 2.01245783E+06
 2.01245759E+06
 2.01257163E+06
 2.01257089E+06
 2.01256945E+06
 2.01256736E+06
 2.01256469E+06
 2.01256152E+06
 2.01255795E+06
 2.01255404E+06
 2.01254988E+06
 2.01254553E+06
 2.01254106E+06
 2.01253651E+06
 2.01253192E+06
 2.01252734E+06
 2.01252278E+06
 2.01251828E+06
 2.01251384E+06
 2.01250950E+06
 2.01250526E+06
 2.01250113E+06
 2.01249712E+06
 2.01249324E+06
 2.01248951E+06
 2.01248593E+06
 2.01248250E+06
 2.01247923E+06
 2.01247614E+06
 2.01247322E+06
 2.01247049E+06
 2.01246796E+06
 2.01246562E+06
 2.01246349E+06
 2.01246158E+06
 2.01245989E+06
 2.01245843E+06
 2.01245721E+06
 2.01245622E+06
 2.01245547E+06
 2.01245497E+06
 2.01245472E+06
 2.01256327E+06
 2.01256263E+06
 2.01256138E+06
 2.01255956E+06
 2.01255721E+06
 2.01255441E+06
 2.01255122E+06
 2.01254771E+06
 2.01254394E+06
 2.01253997E+06
 2.01253585E+06
 2.01253162E+06
 2.01252734E+06
 2.01252302E+06
 2.01251871E+06
 2.01251442E+06
 2.01251017E+06
 2.01250599E+06
 2.01250188E+06
 2.01249787E+06
 2.01249396E+06
 2.01249016E+06
 2.01248649E+06
 2.01248295E+06
 2.01247955E+06
 2.01247631E+06
 2.01247322E+06
 2.01247031E+06
 2.01246757E+06
 2.01246502E+06
 2.01246267E+06
 2.01246052E+06
 2.01245858E+06
 2.01245687E+06
 2.01245539E+06
 2.01245414E+06
 2.01245313E+06
 2.01245238E+06
 2.01245187E+06
 2.01245161E+06
 2.01255555E+06
 2.01255499E+06
 2.01255389E+06
 2.01255228E+06
 2.01255020E+06
 2.01254769E+06
 2.01254482E+06
 2.01254164E+06
 2.01253820E+06
 2.01253455E+06
 2.01253074E+06
 2.01252680E+06
 2.01252278E+06
 2.01251871E+06
 2.01251461E+06
 2.01251051E+06
 2.01250644E+06
 2.01250240E+06
 2.01249842E+06
 2.01249451E+06
 2.01249069E+06
 2.01248696E+06
 2.01248333E+06
 2.01247983E+06
 2.01247646E+06
 2.01247322E+06
 2.01247014E+06
 2.01246721E+06
 2.01246446E+06
 2.01246189E+06
 2.01245951E+06
 2.01245733E+06
 2.01245536E+06
 2.01245362E+06
 2.01245211E+06
 2.01245083E+06
 2.01244980E+06
 2.01244903E+06
 2.01244851E+06
 2.01244825E+06
 2.01254838E+06
 2.01254789E+06
 2.01254691E+06
 2.01254547E+06
 2.01254360E+06
 2.01254134E+06
 2.01253874E+06
 2.01253583E+06
 2.01253267E+06
 2.01252929E+06
 2.01252575E+06
 2.01252206E+06
 2.01251828E+06
 2.01251442E+06
 2.01251051E+06
 2.01250659E+06
 2.01250267E+06
 2.01249876E+06
 2.01249489E+06
 2.01249107E+06
 2.01248732E+06
 2.01248364E+06
 2.01248006E+06
 2.01247658E+06
 2.01247322E+06
 2.01246998E+06
 2.01246689E+06
 2.01246395E+06
 2.01246116E+06
 2.01245856E+06
 2.01245614E+06
 2.01245393E+06
 2.01245192E+06
 2.01245014E+06
 2.01244859E+06
 2.01244728E+06
 2.01244622E+06
 2.01244542E+06
 2.01244489E+06
 2.01244462E+06
 2.01254172E+06
 2.01254127E+06
 2.01254039E+06
 2.01253909E+06
 2.01253739E+06
 2.01253533E+06
 2.01253295E+06
 2.01253028E+06
 2.01252735E+06
 2.01252421E+06
 2.01252089E+06
 2.01251743E+06
 2.01251384E+06
 2.01251017E+06
 2.01250644E+06
 2.01250267E+06
 2.01249887E+06
 2.01249508E+06
 2.01249131E+06
 2.01248757E+06
 2.01248387E+06
 2.01248024E+06
 2.01247669E+06
 2.01247322E+06
 2.01246986E+06
 2.01246661E+06
 2.01246349E+06
 2.01246052E+06
 2.01245770E+06
 2.01245505E+06
 2.01245258E+06
 2.01245031E+06
 2.01244826E+06
 2.01244642E+06
 2.01244483E+06
 2.01244348E+06
 2.01244238E+06
 2.01244156E+06
 2.01244100E+06
 2.01244072E+06
 2.01253550E+06
 2.01253509E+06
 2.01253429E+06
 2.01253310E+06
 2.01253155E+06
 2.01252965E+06
 2.01252746E+06
 2.01252498E+06
 2.01252225E+06
 2.01251931E+06
 2.01251619E+06
 2.01251291E+06
 2.01250950E+06
 2.01250599E+06
 2.01250240E+06
 2.01249876E+06
 2.01249508E+06
 2.01249139E+06
 2.01248769E+06
 2.01248401E+06
 2.01248036E+06
 2.01247676E+06
 2.01247322E+06
 2.01246975E+06
 2.01246638E+06
 2.01246311E+06
 2.01245995E+06
 2.01245693E+06
 2.01245406E+06
 2.01245135E+06
 2.01244882E+06
 2.01244649E+06
 2.01244437E+06
 2.01244247E+06
 2.01244082E+06
 2.01243942E+06
 2.01243828E+06
 2.01243742E+06
 2.01243684E+06
 2.01243655E+06
 2.01252968E+06
 2.01252931E+06
 2.01252857E+06
 2.01252747E+06
 2.01252604E+06
 2.01252428E+06
 2.01252224E+06
 2.01251992E+06
 2.01251737E+06
 2.01251459E+06
 2.01251163E+06
 2.01250851E+06
 2.01250526E+06
 2.01250188E+06
 2.01249842E+06
 2.01249489E+06
 2.01249131E+06
 2.01248769E+06
 2.01248406E+06
 2.01248042E+06
 2.01247681E+06
 2.01247322E+06
 2.01246968E+06
 2.01246620E+06
 2.01246279E+06
 2.01245948E+06
 2.01245628E+06
 2.01245320E+06
 2.01245026E+06
 2.01244747E+06
 2.01244487E+06
 2.01244245E+06
 2.01244025E+06
 2.01243828E+06
 2.01243655E+06
 2.01243509E+06
 2.01243390E+06
 2.01243300E+06
 2.01243239E+06
 2.01243208E+06
 2.01252424E+06
 2.01252389E+06
 2.01252320E+06
 2.01252218E+06
 2.01252085E+06
 2.01251921E+06
 2.01251729E+06
 2.01251511E+06
 2.01251269E+06
 2.01251006E+06
 2.01250724E+06
 2.01250426E+06
 2.01250113E+06
 2.01249787E+06
 2.01249451E+06
 2.01249107E+06
 2.01248757E+06
 2.01248401E+06
 2.01248042E+06
 2.01247682E+06
 2.01247322E+06
 2.01246963E+06
 2.01246608E+06
 2.01246257E+06
 2.01245912E+06
 2.01245575E+06
 2.01245248E+06
 2.01244932E+06
 2.01244630E+06
 2.01244342E+06
 2.01244072E+06
 2.01243821E+06
 2.01243591E+06
 2.01243384E+06
 2.01243203E+06
 2.01243049E+06
 2.01242923E+06
 2.01242828E+06
 2.01242763E+06
 2.01242731E+06
 2.01251914E+06
 2.01251882E+06
 2.01251817E+06
 2.01251722E+06
 2.01251596E+06
 2.01251441E+06
 2.01251260E+06
 2.01251053E+06
 2.01250823E+06
 2.01250572E+06
 2.01250302E+06
 2.01250014E+06
 2.01249712E+06
 2.01249396E+06
 2.01249069E+06
 2.01248732E+06
 2.01248387E+06
 2.01248036E+06
 2.01247681E+06
 2.01247322E+06
 2.01246962E+06
 2.01246602E+06
 2.01246243E+06
 2.01245887E+06
 2.01245537E+06
 2.01245193E+06
 2.01244857E+06
 2.01244531E+06
 2.01244218E+06
 2.01243920E+06
 2.01243638E+06
 2.01243375E+06
 2.01243133E+06
 2.01242916E+06
 2.01242724E+06
 2.01242560E+06
 2.01242426E+06
 2.01242325E+06
 2.01242256E+06
 2.01242222E+06
 2.01251437E+06
 2.01251406E+06
 2.01251345E+06
 2.01251255E+06
 2.01251136E+06
 2.01250989E+06
 2.01250816E+06
 2.01250619E+06
 2.01250399E+06
 2.01250157E+06
 2.01249897E+06
 2.01249618E+06
 2.01249324E+06
 2.01249016E+06
 2.01248696E+06
 2.01248364E+06
 2.01248024E+06
 2.01247676E+06
 2.01247322E+06
 2.01246963E+06
 2.01246602E+06
 2.01246238E+06
 2.01245875E+06
 2.01245513E+06
 2.01245155E+06
 2.01244802E+06
 2.01244455E+06
 2.01244118E+06
 2.01243793E+06
 2.01243481E+06
 2.01243185E+06
 2.01242908E+06
 2.01242652E+06
 2.01242421E+06
 2.01242216E+06
 2.01242041E+06
 2.01241898E+06
 2.01241789E+06
 2.01241715E+06
 2.01241678E+06
 2.01250990E+06
 2.01250961E+06
 2.01250903E+06
 2.01250817E+06
 2.01250703E+06
 2.01250563E+06
 2.01250397E+06
 2.01250208E+06
 2.01249995E+06
 2.01249762E+06
 2.01249509E+06
 2.01249238E+06
 2.01248951E+06
 2.01248649E+06
 2.01248333E+06
 2.01248006E+06
 2.01247669E+06
 2.01247322E+06
 2.01246968E+06
 2.01246608E+06
 2.01246243E+06
 2.01245875E+06
 2.01245505E+06
 2.01245136E+06
 2.01244768E+06
 2.01244403E+06
 2.01244045E+06
 2.01243694E+06
 2.01243353E+06
 2.01243025E+06
 2.01242713E+06
 2.01242419E+06
 2.01242147E+06
 2.01241899E+06
 2.01241679E+06
 2.01241490E+06
 2.01241336E+06
 2.01241217E+06
 2.01241137E+06
 2.01241096E+06
 2.01250572E+06
 2.01250545E+06
 2.01250489E+06
 2.01250406E+06
 2.01250297E+06
 2.01250162E+06
 2.01250002E+06
 2.01249819E+06
 2.01249613E+06
 2.01249386E+06
 2.01249139E+06
 2.01248875E+06
 2.01248593E+06
 2.01248295E+06
 2.01247983E+06
 2.01247658E+06
 2.01247322E+06
 2.01246975E+06
 2.01246620E+06
 2.01246257E+06
 2.01245887E+06
 2.01245513E+06
 2.01245136E+06
 2.01244756E+06
 2.01244377E+06
 2.01244000E+06
 2.01243626E+06
 2.01243259E+06
 2.01242901E+06
 2.01242554E+06
 2.01242222E+06
 2.01241909E+06
 2.01241616E+06
 2.01241349E+06
 2.01241111E+06
 2.01240906E+06
 2.01240737E+06
 2.01240607E+06
 2.01240519E+06
 2.01240474E+06
 2.01250183E+06
 2.01250156E+06
 2.01250102E+06
 2.01250022E+06
 2.01249917E+06
 2.01249786E+06
 2.01249631E+06
 2.01249452E+06
 2.01249252E+06
 2.01249030E+06
 2.01248788E+06
 2.01248528E+06
 2.01248250E+06
 2.01247955E+06
 2.01247646E+06
 2.01247322E+06
 2.01246986E+06
 2.01246638E+06
 2.01246279E+06
 2.01245912E+06
 2.01245537E+06
 2.01245155E+06
 2.01244768E+06
 2.01244377E+06
 2.01243985E+06
 2.01243592E+06
 2.01243202E+06
 2.01242816E+06
 2.01242437E+06
 2.01242069E+06
 2.01241714E+06
 2.01241377E+06
 2.01241061E+06
 2.01240771E+06
 2.01240511E+06
 2.01240285E+06
 2.01240099E+06
 2.01239955E+06
 2.01239858E+06
 2.01239808E+06
 2.01249820E+06
 2.01249794E+06
 2.01249742E+06
 2.01249664E+06
 2.01249561E+06
 2.01249434E+06
 2.01249282E+06
 2.01249108E+06
 2.01248911E+06
 2.01248694E+06
 2.01248456E+06
 2.01248198E+06
 2.01247923E+06
 2.01247631E+06
 2.01247322E+06
 2.01246998E+06
 2.01246661E+06
 2.01246311E+06
 2.01245948E+06
 2.01245575E+06
 2.01245193E+06
 2.01244802E+06
 2.01244403E+06
 2.01244000E+06
 2.01243592E+06
 2.01243182E+06
 2.01242773E+06
 2.01242365E+06
 2.01241963E+06
 2.01241570E+06
 2.01241188E+06
 2.01240823E+06
 2.01240479E+06
 2.01240162E+06
 2.01239875E+06
 2.01239625E+06
 2.01239418E+06
 2.01239258E+06
 2.01239148E+06
 2.01239093E+06
 2.01249483E+06
 2.01249458E+06
 2.01249407E+06
 2.01249331E+06
 2.01249230E+06
 2.01249106E+06
 2.01248957E+06
 2.01248786E+06
 2.01248593E+06
 2.01248378E+06
 2.01248142E+06
 2.01247887E+06
 2.01247614E+06
 2.01247322E+06
 2.01247014E+06
 2.01246689E+06
 2.01246349E+06
 2.01245995E+06
 2.01245628E+06
 2.01245248E+06
 2.01244857E+06
 2.01244455E+06
 2.01244045E+06
 2.01243626E+06
 2.01243202E+06
 2.01242773E+06
 2.01242341E+06
 2.01241909E+06
 2.01241481E+06
 2.01241058E+06
 2.01240646E+06
 2.01240249E+06
 2.01239872E+06
 2.01239521E+06
 2.01239203E+06
 2.01238924E+06
 2.01238690E+06
 2.01238509E+06
 2.01238385E+06
 2.01238321E+06
 2.01249172E+06
 2.01249147E+06
 2.01249097E+06
 2.01249023E+06
 2.01248924E+06
 2.01248801E+06
 2.01248655E+06
 2.01248486E+06
 2.01248295E+06
 2.01248082E+06
 2.01247849E+06
 2.01247595E+06
 2.01247322E+06
 2.01247031E+06
 2.01246721E+06
 2.01246395E+06
 2.01246052E+06
 2.01245693E+06
 2.01245320E+06
 2.01244932E+06
 2.01244531E+06
 2.01244118E+06
 2.01243694E+06
 2.01243259E+06
 2.01242816E+06
 2.01242365E+06
 2.01241909E+06
 2.01241451E+06
 2.01240992E+06
 2.01240537E+06
 2.01240089E+06
 2.01239654E+06
 2.01239239E+06
 2.01238848E+06
 2.01238491E+06
 2.01238176E+06
 2.01237910E+06
 2.01237703E+06
 2.01237560E+06
 2.01237487E+06
 2.01248886E+06
 2.01248861E+06
 2.01248812E+06
 2.01248739E+06
 2.01248641E+06
 2.01248520E+06
 2.01248376E+06
 2.01248208E+06
 2.01248019E+06
 2.01247808E+06
 2.01247575E+06
 2.01247322E+06
 2.01247049E+06
 2.01246757E+06
 2.01246446E+06
 2.01246116E+06
 2.01245770E+06
 2.01245406E+06
 2.01245026E+06
 2.01244630E+06
 2.01244218E+06
 2.01243793E+06
 2.01243353E+06
 2.01242901E+06
 2.01242437E+06
 2.01241963E+06
 2.01241481E+06
 2.01240992E+06
 2.01240499E+06
 2.01240007E+06
 2.01239519E+06
 2.01239041E+06
 2.01238579E+06
 2.01238142E+06
 2.01237739E+06
 2.01237379E+06
 2.01237073E+06
 2.01236832E+06
 2.01236665E+06
 2.01236580E+06
 2.01248624E+06
 2.01248600E+06
 2.01248551E+06
 2.01248479E+06
 2.01248382E+06
 2.01248262E+06
 2.01248119E+06
 2.01247953E+06
 2.01247765E+06
 2.01247554E+06
 2.01247322E+06
 2.01247069E+06
 2.01246796E+06
 2.01246502E+06
 2.01246189E+06
 2.01245856E+06
 2.01245505E+06
 2.01245135E+06
 2.01244747E+06
 2.01244342E+06
 2.01243920E+06
 2.01243481E+06
 2.01243025E+06
 2.01242554E+06
 2.01242069E+06
 2.01241570E+06
 2.01241058E+06
 2.01240537E+06
 2.01240007E+06
 2.01239473E+06
 2.01238939E+06
 2.01238411E+06
 2.01237896E+06
 2.01237403E+06
 2.01236942E+06
 2.01236527E+06
 2.01236170E+06
 2.01235887E+06
 2.01235689E+06
 2.01235588E+06
 2.01248387E+06
 2.01248363E+06
 2.01248315E+06
 2.01248243E+06
 2.01248147E+06
 2.01248028E+06
 2.01247885E+06
 2.01247720E+06
 2.01247532E+06
 2.01247322E+06
 2.01247090E+06
 2.01246837E+06
 2.01246562E+06
 2.01246267E+06
 2.01245951E+06
 2.01245614E+06
 2.01245258E+06
 2.01244882E+06
 2.01244487E+06
 2.01244072E+06
 2.01243638E+06
 2.01243185E+06
 2.01242713E+06
 2.01242222E+06
 2.01241714E+06
 2.01241188E+06
 2.01240646E+06
 2.01240089E+06
 2.01239519E+06
 2.01238939E+06
 2.01238354E+06
 2.01237768E+06
 2.01237191E+06
 2.01236630E+06
 2.01236100E+06
 2.01235616E+06
 2.01235195E+06
 2.01234856E+06
 2.01234617E+06
 2.01234494E+06
 2.01248174E+06
 2.01248150E+06
 2.01248102E+06
 2.01248030E+06
 2.01247935E+06
 2.01247817E+06
 2.01247675E+06
 2.01247510E+06
 2.01247322E+06
 2.01247112E+06
 2.01246880E+06
 2.01246625E+06
 2.01246349E+06
 2.01246052E+06
 2.01245733E+06
 2.01245393E+06
 2.01245031E+06
 2.01244649E+06
 2.01244245E+06
 2.01243821E+06
 2.01243375E+06
 2.01242908E+06
 2.01242419E+06
 2.01241909E+06
 2.01241377E+06
 2.01240823E+06
 2.01240249E+06
 2.01239654E+06
 2.01239041E+06
 2.01238411E+06
 2.01237768E+06
 2.01237118E+06
 2.01236467E+06
 2.01235828E+06
 2.01235213E+06
 2.01234642E+06
 2.01234137E+06
 2.01233725E+06
 2.01233430E+06
 2.01233277E+06
 2.01247984E+06
 2.01247960E+06
 2.01247913E+06
 2.01247842E+06
 2.01247747E+06
 2.01247628E+06
 2.01247487E+06
 2.01247322E+06
 2.01247135E+06
 2.01246924E+06
 2.01246691E+06
 2.01246436E+06
 2.01246158E+06
 2.01245858E+06
 2.01245536E+06
 2.01245192E+06
 2.01244826E+06
 2.01244437E+06
 2.01244025E+06
 2.01243591E+06
 2.01243133E+06
 2.01242652E+06
 2.01242147E+06
 2.01241616E+06
 2.01241061E+06
 2.01240479E+06
 2.01239872E+06
 2.01239239E+06
 2.01238579E+06
 2.01237896E+06
 2.01237191E+06
 2.01236467E+06
 2.01235734E+06
 2.01235000E+06
 2.01234282E+06
 2.01233601E+06
 2.01232987E+06
 2.01232475E+06
 2.01232103E+06
 2.01231906E+06
 2.01247819E+06
 2.01247795E+06
 2.01247747E+06
 2.01247676E+06
 2.01247582E+06
 2.01247464E+06
 2.01247322E+06
 2.01247158E+06
 2.01246970E+06
 2.01246759E+06
 2.01246525E+06
 2.01246269E+06
 2.01245989E+06
 2.01245687E+06
 2.01245362E+06
 2.01245014E+06
 2.01244642E+06
 2.01244247E+06
 2.01243828E+06
 2.01243384E+06
 2.01242916E+06
 2.01242421E+06
 2.01241899E+06
 2.01241349E+06
 2.01240771E+06
 2.01240162E+06
 2.01239521E+06
 2.01238848E+06
 2.01238142E+06
 2.01237403E+06
 2.01236630E+06
 2.01235828E+06
 2.01235000E+06
 2.01234157E+06
 2.01233313E+06
 2.01232495E+06
 2.01231736E+06
 2.01231085E+06
 2.01230600E+06
 2.01230338E+06
 2.01247677E+06
 2.01247653E+06
 2.01247606E+06
 2.01247535E+06
 2.01247440E+06
 2.01247322E+06
 2.01247181E+06
 2.01247016E+06
 2.01246828E+06
 2.01246617E+06
 2.01246382E+06
 2.01246124E+06
 2.01245843E+06
 2.01245539E+06
 2.01245211E+06
 2.01244859E+06
 2.01244483E+06
 2.01244082E+06
 2.01243655E+06
 2.01243203E+06
 2.01242724E+06
 2.01242216E+06
 2.01241679E+06
 2.01241111E+06
 2.01240511E+06
 2.01239875E+06
 2.01239203E+06
 2.01238491E+06
 2.01237739E+06
 2.01236942E+06
 2.01236100E+06
 2.01235213E+06
 2.01234282E+06
 2.01233313E+06
 2.01232321E+06
 2.01231328E+06
 2.01230376E+06
 2.01229529E+06
 2.01228874E+06
 2.01228509E+06
 2.01247559E+06
 2.01247535E+06
 2.01247488E+06
 2.01247417E+06
 2.01247322E+06
 2.01247204E+06
 2.01247063E+06
 2.01246898E+06
 2.01246709E+06
 2.01246497E+06
 2.01246262E+06
 2.01246003E+06
 2.01245721E+06
 2.01245414E+06
 2.01245083E+06
 2.01244728E+06
 2.01244348E+06
 2.01243942E+06
 2.01243509E+06
 2.01243049E+06
 2.01242560E+06
 2.01242041E+06
 2.01241490E+06
 2.01240906E+06
 2.01240285E+06
 2.01239625E+06
 2.01238924E+06
 2.01238176E+06
 2.01237379E+06
 2.01236527E+06
 2.01235616E+06
 2.01234642E+06
 2.01233601E+06
 2.01232495E+06
 2.01231328E+06
 2.01230119E+06
 2.01228911E+06
 2.01227781E+06
 2.01226857E+06
 2.01226315E+06
 2.01247464E+06
 2.01247440E+06
 2.01247393E+06
 2.01247322E+06
 2.01247228E+06
 2.01247110E+06
 2.01246968E+06
 2.01246803E+06
 2.01246614E+06
 2.01246402E+06
 2.01246166E+06
 2.01245906E+06
 2.01245622E+06
 2.01245313E+06
 2.01244980E+06
 2.01244622E+06
 2.01244238E+06
 2.01243828E+06
 2.01243390E+06
 2.01242923E+06
 2.01242426E+06
 2.01241898E+06
 2.01241336E+06
 2.01240737E+06
 2.01240099E+06
 2.01239418E+06
 2.01238690E+06
 2.01237910E+06
 2.01237073E+06
 2.01236170E+06
 2.01235195E+06
 2.01234137E+06
 2.01232987E+06
 2.01231736E+06
 2.01230376E+06
 2.01228911E+06
 2.01227369E+06
 2.01225827E+06
 2.01224458E+06
 2.01223580E+06
 2.01247393E+06
 2.01247369E+06
 2.01247322E+06
 2.01247251E+06
 2.01247157E+06
 2.01247039E+06
 2.01246897E+06
 2.01246732E+06
 2.01246543E+06
 2.01246330E+06
 2.01246093E+06
 2.01245832E+06
 2.01245547E+06
 2.01245238E+06
 2.01244903E+06
 2.01244542E+06
 2.01244156E+06
 2.01243742E+06
 2.01243300E+06
 2.01242828E+06
 2.01242325E+06
 2.01241789E+06
 2.01241217E+06
 2.01240607E+06
 2.01239955E+06
 2.01239258E+06
 2.01238509E+06
 2.01237703E+06
 2.01236832E+06
 2.01235887E+06
 2.01234856E+06
 2.01233725E+06
 2.01232475E+06
 2.01231085E+06
 2.01229529E+06
 2.01227781E+06
 2.01225827E+06
 2.01223698E+06
 2.01221570E+06
 2.01219965E+06
 2.01247346E+06
 2.01247322E+06
 2.01247275E+06
 2.01247204E+06
 2.01247110E+06
 2.01246991E+06
 2.01246850E+06
 2.01246684E+06
 2.01246495E+06
 2.01246282E+06
 2.01246045E+06
 2.01245783E+06
 2.01245497E+06
 2.01245187E+06
 2.01244851E+06
 2.01244489E+06
 2.01244100E+06
 2.01243684E+06
 2.01243239E+06
 2.01242763E+06
 2.01242256E+06
 2.01241715E+06
 2.01241137E+06
 2.01240519E+06
 2.01239858E+06
 2.01239148E+06
 2.01238385E+06
 2.01237560E+06
 2.01236665E+06
 2.01235689E+06
 2.01234617E+06
 2.01233430E+06
 2.01232103E+06
 2.01230600E+06
 2.01228874E+06
 2.01226857E+06
 2.01224458E+06
 2.01221570E+06
 2.01218158E+06
 2.01214746E+06
 2.01247322E+06
 2.01247299E+06
 2.01247251E+06
 2.01247180E+06
 2.01247086E+06
 2.01246968E+06
 2.01246826E+06
 2.01246660E+06
 2.01246471E+06
 2.01246258E+06
 2.01246020E+06
 2.01245759E+06
 2.01245472E+06
 2.01245161E+06
 2.01244825E+06
 2.01244462E+06
 2.01244072E+06
 2.01243655E+06
 2.01243208E+06
 2.01242731E+06
 2.01242222E+06
 2.01241678E+06
 2.01241096E+06
 2.01240474E+06
 2.01239808E+06
 2.01239093E+06
 2.01238321E+06
 2.01237487E+06
 2.01236580E+06
 2.01235588E+06
 2.01234494E+06
 2.01233277E+06
 2.01231906E+06
 2.01230338E+06
 2.01228509E+06
 2.01226315E+06
 2.01223580E+06
 2.01219965E+06
 2.01214746E+06
 2.01206115E+06
