-0.00000E+00
-0.00000E+00
-0.00000E+00
-0.00000E+00
-0.00000E+00
-0.00000E+00
-0.00000E+00
-0.00000E+00
-0.00000E+00
-0.00000E+00
-0.00000E+00
-0.00000E+00
-0.00000E+00
-0.00000E+00
-0.00000E+00
-0.00000E+00
-0.00000E+00
-0.00000E+00
-0.00000E+00
-0.00000E+00
-0.00000E+00
-0.00000E+00
-0.00000E+00
-0.00000E+00
-0.00000E+00
-0.00000E+00
-0.00000E+00
-0.00000E+00
-0.00000E+00
-0.00000E+00
-0.00000E+00
-0.00000E+00
-0.00000E+00
-0.00000E+00
-0.00000E+00
-0.00000E+00
-0.00000E+00
-0.00000E+00
-0.00000E+00
-0.00000E+00
 3.15685E-08
 1.11092E-08
 4.49392E-09
 2.08027E-09
 1.16489E-09
 9.73688E-10
 1.29561E-09
 2.04725E-09
 3.00662E-09
 3.63102E-09
 3.45352E-09
 2.68721E-09
 1.88092E-09
 1.30589E-09
 9.47237E-10
 7.22367E-10
 5.73267E-10
 4.68662E-10
 3.91927E-10
 3.33675E-10
 2.88248E-10
 2.52047E-10
 2.22682E-10
 1.98513E-10
 1.78381E-10
 1.61451E-10
 1.47104E-10
 1.34877E-10
 1.24418E-10
 1.15455E-10
 1.07777E-10
 1.01218E-10
 9.56454E-11
 9.09559E-11
 8.70671E-11
 8.39144E-11
 8.14475E-11
 7.96285E-11
 7.84304E-11
 7.78357E-11
 1.19507E-08
 8.39018E-09
 4.88438E-09
 3.00259E-09
 2.36226E-09
 2.67226E-09
 3.72442E-09
 5.15501E-09
 6.29382E-09
 6.46038E-09
 5.59901E-09
 4.30325E-09
 3.14427E-09
 2.30890E-09
 1.74728E-09
 1.36743E-09
 1.10190E-09
 9.09446E-10
 7.65369E-10
 6.54525E-10
 5.67271E-10
 4.97257E-10
 4.40168E-10
 3.92988E-10
 3.53562E-10
 3.20318E-10
 2.92087E-10
 2.67986E-10
 2.47340E-10
 2.29626E-10
 2.14437E-10
 2.01449E-10
 1.90408E-10
 1.81111E-10
 1.73398E-10
 1.67143E-10
 1.62247E-10
 1.58636E-10
 1.56257E-10
 1.55077E-10
-1.98231E-09
 5.01309E-09
 4.24227E-09
 4.01902E-09
 4.43953E-09
 5.45866E-09
 6.77782E-09
 7.90933E-09
 8.31508E-09
 7.73621E-09
 6.47018E-09
 5.06944E-09
 3.88681E-09
 3.00025E-09
 2.36026E-09
 1.89761E-09
 1.55743E-09
 1.30184E-09
 1.10558E-09
 9.51783E-10
 8.29053E-10
 7.29544E-10
 6.47744E-10
 5.79708E-10
 5.22562E-10
 4.74173E-10
 4.32940E-10
 3.97639E-10
 3.67329E-10
 3.41273E-10
 3.18894E-10
 2.99733E-10
 2.83426E-10
 2.69682E-10
 2.58272E-10
 2.49012E-10
 2.41761E-10
 2.36412E-10
 2.32887E-10
 2.31137E-10
-2.86320E-09
-1.40478E-09
 2.69913E-09
 4.69993E-09
 5.99986E-09
 7.29925E-09
 8.39682E-09
 8.92195E-09
 8.69947E-09
 7.79273E-09
 6.54685E-09
 5.31178E-09
 4.26310E-09
 3.43335E-09
 2.79444E-09
 2.30516E-09
 1.92835E-09
 1.63492E-09
 1.40333E-09
 1.21797E-09
 1.06762E-09
 9.44121E-10
 8.41556E-10
 7.55540E-10
 6.82803E-10
 6.20873E-10
 5.67860E-10
 5.22303E-10
 4.83064E-10
 4.49244E-10
 4.20133E-10
 3.95163E-10
 3.73880E-10
 3.55921E-10
 3.40995E-10
 3.28873E-10
 3.19374E-10
 3.12363E-10
 3.07741E-10
 3.05446E-10
-2.83317E-09
-1.13210E-09
 2.08686E-09
 4.17723E-09
 6.12062E-09
 7.53159E-09
 8.47271E-09
 8.54998E-09
 8.10991E-09
 7.26641E-09
 6.25791E-09
 5.27225E-09
 4.40187E-09
 3.67287E-09
 3.07868E-09
 2.60020E-09
 2.21588E-09
 1.90615E-09
 1.65484E-09
 1.44917E-09
 1.27931E-09
 1.13777E-09
 1.01882E-09
 9.18093E-10
 8.32237E-10
 7.58655E-10
 6.95323E-10
 6.40650E-10
 5.93379E-10
 5.52506E-10
 5.17230E-10
 4.86905E-10
 4.61010E-10
 4.39126E-10
 4.20915E-10
 4.06109E-10
 3.94499E-10
 3.85924E-10
 3.80270E-10
 3.77461E-10
-1.14203E-09
 1.13710E-10
 2.23439E-09
 4.13506E-09
 5.70692E-09
 6.78753E-09
 7.30109E-09
 7.54004E-09
 7.20225E-09
 6.58575E-09
 5.84617E-09
 5.09483E-09
 4.39545E-09
 3.77710E-09
 3.24717E-09
 2.80108E-09
 2.42882E-09
 2.11898E-09
 1.86070E-09
 1.64455E-09
 1.46270E-09
 1.30882E-09
 1.17785E-09
 1.06578E-09
 9.69398E-10
 8.86188E-10
 8.14126E-10
 7.51595E-10
 6.97294E-10
 6.50172E-10
 6.09377E-10
 5.74218E-10
 5.44130E-10
 5.18657E-10
 4.97429E-10
 4.80151E-10
 4.66588E-10
 4.56565E-10
 4.49952E-10
 4.46666E-10
 4.80274E-10
 1.28668E-09
 2.62198E-09
 3.99448E-09
 5.15939E-09
 5.97237E-09
 6.39900E-09
 6.51963E-09
 6.34854E-09
 5.94652E-09
 5.42476E-09
 4.86131E-09
 4.30737E-09
 3.79282E-09
 3.33182E-09
 2.92811E-09
 2.57936E-09
 2.28024E-09
 2.02443E-09
 1.80562E-09
 1.61812E-09
 1.45697E-09
 1.31800E-09
 1.19776E-09
 1.09339E-09
 1.00257E-09
 9.23399E-10
 8.54311E-10
 7.94031E-10
 7.41511E-10
 6.95889E-10
 6.56458E-10
 6.22635E-10
 5.93944E-10
 5.69995E-10
 5.50475E-10
 5.35139E-10
 5.23796E-10
 5.16308E-10
 5.12586E-10
 1.66541E-09
 2.16740E-09
 2.99704E-09
 3.91031E-09
 4.72111E-09
 5.31501E-09
 5.65626E-09
 5.76613E-09
 5.67348E-09
 5.41110E-09
 5.04142E-09
 4.61765E-09
 4.17982E-09
 3.75498E-09
 3.35918E-09
 3.00019E-09
 2.68025E-09
 2.39821E-09
 2.15115E-09
 1.93540E-09
 1.74719E-09
 1.58293E-09
 1.43943E-09
 1.31386E-09
 1.20383E-09
 1.10731E-09
 1.02259E-09
 9.48218E-10
 8.83007E-10
 8.25951E-10
 7.76211E-10
 7.33091E-10
 6.96009E-10
 6.64487E-10
 6.38130E-10
 6.16618E-10
 5.99697E-10
 5.87171E-10
 5.78898E-10
 5.74784E-10
 2.46140E-09
 2.76922E-09
 3.28549E-09
 3.87808E-09
 4.42716E-09
 4.85072E-09
 5.11244E-09
 5.21030E-09
 5.15879E-09
 4.98051E-09
 4.71169E-09
 4.38797E-09
 4.03928E-09
 3.68812E-09
 3.34972E-09
 3.03323E-09
 2.74324E-09
 2.48119E-09
 2.24654E-09
 2.03764E-09
 1.85229E-09
 1.68815E-09
 1.54291E-09
 1.41442E-09
 1.30077E-09
 1.20026E-09
 1.11142E-09
 1.03297E-09
 9.63829E-10
 9.03074E-10
 8.49914E-10
 8.03684E-10
 7.63824E-10
 7.29866E-10
 7.01420E-10
 6.78169E-10
 6.59859E-10
 6.46293E-10
 6.37327E-10
 6.32868E-10
 2.98028E-09
 3.16905E-09
 3.49236E-09
 3.87488E-09
 4.24181E-09
 4.53640E-09
 4.72687E-09
 4.80307E-09
 4.76953E-09
 4.64015E-09
 4.43681E-09
 4.18324E-09
 3.90121E-09
 3.60849E-09
 3.31833E-09
 3.03977E-09
 2.77830E-09
 2.53678E-09
 2.31620E-09
 2.11633E-09
 1.93620E-09
 1.77447E-09
 1.62963E-09
 1.50015E-09
 1.38457E-09
 1.28154E-09
 1.18985E-09
 1.10841E-09
 1.03627E-09
 9.72600E-10
 9.16686E-10
 8.67907E-10
 8.25738E-10
 7.89732E-10
 7.59515E-10
 7.34779E-10
 7.15277E-10
 7.00815E-10
 6.91251E-10
 6.86492E-10
 3.31773E-09
 3.43431E-09
 3.63780E-09
 3.88386E-09
 4.12560E-09
 4.32430E-09
 4.45478E-09
 4.50549E-09
 4.47595E-09
 4.37372E-09
 4.21215E-09
 4.00699E-09
 3.77382E-09
 3.52629E-09
 3.27537E-09
 3.02921E-09
 2.79341E-09
 2.57143E-09
 2.36514E-09
 2.17526E-09
 2.00171E-09
 1.84390E-09
 1.70099E-09
 1.57198E-09
 1.45582E-09
 1.35149E-09
 1.25803E-09
 1.17455E-09
 1.10024E-09
 1.03437E-09
 9.76321E-10
 9.25521E-10
 8.81488E-10
 8.43808E-10
 8.12128E-10
 7.86157E-10
 7.65656E-10
 7.50439E-10
 7.40370E-10
 7.35358E-10
 3.54013E-09
 3.61235E-09
 3.74005E-09
 3.89649E-09
 4.05194E-09
 4.18017E-09
 4.26235E-09
 4.28816E-09
 4.25504E-09
 4.16664E-09
 4.03106E-09
 3.85875E-09
 3.66078E-09
 3.44747E-09
 3.22764E-09
 3.00831E-09
 2.79468E-09
 2.59038E-09
 2.39769E-09
 2.21788E-09
 2.05146E-09
 1.89844E-09
 1.75846E-09
 1.63095E-09
 1.51523E-09
 1.41057E-09
 1.31623E-09
 1.23152E-09
 1.15576E-09
 1.08834E-09
 1.02871E-09
 9.76367E-10
 9.30887E-10
 8.91884E-10
 8.59034E-10
 8.32064E-10
 8.10750E-10
 7.94916E-10
 7.84432E-10
 7.79211E-10
 3.69059E-09
 3.73481E-09
 3.81343E-09
 3.90998E-09
 4.00542E-09
 4.08206E-09
 4.12628E-09
 4.12974E-09
 4.08941E-09
 4.00676E-09
 3.88669E-09
 3.73618E-09
 3.56309E-09
 3.37518E-09
 3.17942E-09
 2.98170E-09
 2.78664E-09
 2.59772E-09
 2.41735E-09
 2.24709E-09
 2.08783E-09
 1.93994E-09
 1.80345E-09
 1.67813E-09
 1.56358E-09
 1.45932E-09
 1.36482E-09
 1.27953E-09
 1.20293E-09
 1.13451E-09
 1.07380E-09
 1.02036E-09
 9.73807E-10
 9.33807E-10
 9.00059E-10
 8.72314E-10
 8.50363E-10
 8.34042E-10
 8.23230E-10
 8.17843E-10
 3.79687E-09
 3.82285E-09
 3.86886E-09
 3.92458E-09
 3.97770E-09
 4.01637E-09
 4.03095E-09
 4.01513E-09
 3.96608E-09
 3.88430E-09
 3.77275E-09
 3.63618E-09
 3.48022E-09
 3.31072E-09
 3.13317E-09
 2.95241E-09
 2.77247E-09
 2.59651E-09
 2.42690E-09
 2.26530E-09
 2.11281E-09
 1.97005E-09
 1.83728E-09
 1.71453E-09
 1.60164E-09
 1.49831E-09
 1.40419E-09
 1.31887E-09
 1.24193E-09
 1.17298E-09
 1.11161E-09
 1.05746E-09
 1.01018E-09
 9.69476E-10
 9.35083E-10
 9.06770E-10
 8.84347E-10
 8.67661E-10
 8.56601E-10
 8.51090E-10
 3.87717E-09
 3.89087E-09
 3.91457E-09
 3.94175E-09
 3.96445E-09
 3.97475E-09
 3.96603E-09
 3.93370E-09
 3.87555E-09
 3.79160E-09
 3.68384E-09
 3.55557E-09
 3.41091E-09
 3.25431E-09
 3.09012E-09
 2.92231E-09
 2.75432E-09
 2.58895E-09
 2.42843E-09
 2.27442E-09
 2.12807E-09
 1.99015E-09
 1.86109E-09
 1.74109E-09
 1.63014E-09
 1.52810E-09
 1.43475E-09
 1.34981E-09
 1.27296E-09
 1.20386E-09
 1.14221E-09
 1.08768E-09
 1.03997E-09
 9.98838E-10
 9.64027E-10
 9.35336E-10
 9.12592E-10
 8.95656E-10
 8.84423E-10
 8.78824E-10
 3.94377E-09
 3.94889E-09
 3.95681E-09
 3.96342E-09
 3.96359E-09
 3.95216E-09
 3.92470E-09
 3.87809E-09
 3.81077E-09
 3.72276E-09
 3.61545E-09
 3.49134E-09
 3.35353E-09
 3.20549E-09
 3.05069E-09
 2.89240E-09
 2.73353E-09
 2.57655E-09
 2.42347E-09
 2.27586E-09
 2.13490E-09
 2.00138E-09
 1.87585E-09
 1.75859E-09
 1.64972E-09
 1.54920E-09
 1.45691E-09
 1.37266E-09
 1.29622E-09
 1.22731E-09
 1.16568E-09
 1.11107E-09
 1.06321E-09
 1.02187E-09
 9.86850E-10
 9.57955E-10
 9.35029E-10
 9.17947E-10
 9.06611E-10
 9.00960E-10
 4.00525E-09
 4.00409E-09
 4.00036E-09
 3.99151E-09
 3.97434E-09
 3.94561E-09
 3.90254E-09
 3.84318E-09
 3.76666E-09
 3.67317E-09
 3.56391E-09
 3.44081E-09
 3.30639E-09
 3.16342E-09
 3.01475E-09
 2.86307E-09
 2.71085E-09
 2.56024E-09
 2.41303E-09
 2.27067E-09
 2.13427E-09
 2.00464E-09
 1.88234E-09
 1.76771E-09
 1.66094E-09
 1.56207E-09
 1.47103E-09
 1.38771E-09
 1.31193E-09
 1.24348E-09
 1.18215E-09
 1.12770E-09
 1.07992E-09
 1.03860E-09
 1.00355E-09
 9.74604E-10
 9.51624E-10
 9.34491E-10
 9.23116E-10
 9.17443E-10
 4.06788E-09
 4.06188E-09
 4.04905E-09
 4.02791E-09
 3.99664E-09
 3.95340E-09
 3.89665E-09
 3.82544E-09
 3.73952E-09
 3.63937E-09
 3.52615E-09
 3.40160E-09
 3.26781E-09
 3.12711E-09
 2.98183E-09
 2.83428E-09
 2.68657E-09
 2.54053E-09
 2.39775E-09
 2.25951E-09
 2.12687E-09
 2.00057E-09
 1.88115E-09
 1.76898E-09
 1.66427E-09
 1.56709E-09
 1.47744E-09
 1.39522E-09
 1.32032E-09
 1.25255E-09
 1.19173E-09
 1.13766E-09
 1.09016E-09
 1.04905E-09
 1.01414E-09
 9.85290E-10
 9.62372E-10
 9.45276E-10
 9.33920E-10
 9.28252E-10
 4.13653E-09
 4.12649E-09
 4.10603E-09
 4.07445E-09
 4.03093E-09
 3.97469E-09
 3.90523E-09
 3.82242E-09
 3.72660E-09
 3.61861E-09
 3.49974E-09
 3.37162E-09
 3.23614E-09
 3.09532E-09
 2.95118E-09
 2.80567E-09
 2.66060E-09
 2.51756E-09
 2.37792E-09
 2.24282E-09
 2.11314E-09
 1.98961E-09
 1.87271E-09
 1.76279E-09
 1.66006E-09
 1.56459E-09
 1.47640E-09
 1.39543E-09
 1.32156E-09
 1.25466E-09
 1.19455E-09
 1.14106E-09
 1.09403E-09
 1.05328E-09
 1.01867E-09
 9.90048E-10
 9.67297E-10
 9.50320E-10
 9.39038E-10
 9.33393E-10
 4.21520E-09
 4.20153E-09
 4.17413E-09
 4.13293E-09
 4.07792E-09
 4.00921E-09
 3.92716E-09
 3.83240E-09
 3.72585E-09
 3.60875E-09
 3.48258E-09
 3.34900E-09
 3.20981E-09
 3.06684E-09
 2.92188E-09
 2.77662E-09
 2.63260E-09
 2.49118E-09
 2.35355E-09
 2.22065E-09
 2.09327E-09
 1.97201E-09
 1.85730E-09
 1.74943E-09
 1.64857E-09
 1.55482E-09
 1.46816E-09
 1.38854E-09
 1.31585E-09
 1.24997E-09
 1.19074E-09
 1.13801E-09
 1.09161E-09
 1.05139E-09
 1.01721E-09
 9.88933E-10
 9.66450E-10
 9.49668E-10
 9.38517E-10
 9.32949E-10
 4.30755E-09
 4.29030E-09
 4.25604E-09
 4.20523E-09
 4.13860E-09
 4.05707E-09
 3.96181E-09
 3.85416E-09
 3.73566E-09
 3.60796E-09
 3.47281E-09
 3.33199E-09
 3.18727E-09
 3.04037E-09
 2.89289E-09
 2.74633E-09
 2.60199E-09
 2.46103E-09
 2.32443E-09
 2.19297E-09
 2.06729E-09
 1.94786E-09
 1.83504E-09
 1.72904E-09
 1.62999E-09
 1.53794E-09
 1.45287E-09
 1.37470E-09
 1.30333E-09
 1.23863E-09
 1.18044E-09
 1.12862E-09
 1.08301E-09
 1.04346E-09
 1.00984E-09
 9.82025E-10
 9.59902E-10
 9.43387E-10
 9.32413E-10
 9.26936E-10
 4.41715E-09
 4.39608E-09
 4.35448E-09
 4.29337E-09
 4.21417E-09
 4.11867E-09
 4.00883E-09
 3.88678E-09
 3.75467E-09
 3.61463E-09
 3.46871E-09
 3.31887E-09
 3.16691E-09
 3.01446E-09
 2.86299E-09
 2.71380E-09
 2.56800E-09
 2.42653E-09
 2.29016E-09
 2.15951E-09
 2.03504E-09
 1.91711E-09
 1.80595E-09
 1.70170E-09
 1.60442E-09
 1.51410E-09
 1.43068E-09
 1.35407E-09
 1.28415E-09
 1.22077E-09
 1.16378E-09
 1.11302E-09
 1.06835E-09
 1.02961E-09
 9.96675E-10
 9.69421E-10
 9.47745E-10
 9.31564E-10
 9.20812E-10
 9.15446E-10
 4.54781E-09
 4.52240E-09
 4.47244E-09
 4.39957E-09
 4.30606E-09
 4.19460E-09
 4.06808E-09
 3.92946E-09
 3.78160E-09
 3.62716E-09
 3.46855E-09
 3.30788E-09
 3.14703E-09
 2.98756E-09
 2.83082E-09
 2.67789E-09
 2.52969E-09
 2.38693E-09
 2.25018E-09
 2.11986E-09
 1.99626E-09
 1.87959E-09
 1.76996E-09
 1.66739E-09
 1.57188E-09
 1.48334E-09
 1.40168E-09
 1.32675E-09
 1.25842E-09
 1.19652E-09
 1.14088E-09
 1.09134E-09
 1.04775E-09
 1.00995E-09
 9.77824E-10
 9.51238E-10
 9.30095E-10
 9.14311E-10
 9.03824E-10
 8.98591E-10
 4.70389E-09
 4.67326E-09
 4.61330E-09
 4.52642E-09
 4.41591E-09
 4.28557E-09
 4.13942E-09
 3.98139E-09
 3.81512E-09
 3.64387E-09
 3.47042E-09
 3.29709E-09
 3.12577E-09
 2.95795E-09
 2.79482E-09
 2.63725E-09
 2.48593E-09
 2.34133E-09
 2.20378E-09
 2.07348E-09
 1.95056E-09
 1.83504E-09
 1.72689E-09
 1.62604E-09
 1.53236E-09
 1.44572E-09
 1.36594E-09
 1.29285E-09
 1.22626E-09
 1.16600E-09
 1.11188E-09
 1.06371E-09
 1.02135E-09
 9.84635E-10
 9.53429E-10
 9.27613E-10
 9.07085E-10
 8.91763E-10
 8.81582E-10
 8.76503E-10
 4.89059E-09
 4.85347E-09
 4.78108E-09
 4.67691E-09
 4.54558E-09
 4.39236E-09
 4.22264E-09
 4.04154E-09
 3.85362E-09
 3.66278E-09
 3.47218E-09
 3.28429E-09
 3.10099E-09
 2.92366E-09
 2.75324E-09
 2.59038E-09
 2.43545E-09
 2.28867E-09
 2.15011E-09
 2.01974E-09
 1.89745E-09
 1.78311E-09
 1.67653E-09
 1.57751E-09
 1.48581E-09
 1.40122E-09
 1.32351E-09
 1.25244E-09
 1.18779E-09
 1.12935E-09
 1.07691E-09
 1.03029E-09
 9.89307E-10
 9.53806E-10
 9.23645E-10
 8.98700E-10
 8.78870E-10
 8.64071E-10
 8.54240E-10
 8.49335E-10
 5.11443E-09
 5.06893E-09
 4.98065E-09
 4.85455E-09
 4.69714E-09
 4.51565E-09
 4.31725E-09
 4.10851E-09
 3.89505E-09
 3.68145E-09
 3.47121E-09
 3.26689E-09
 3.07026E-09
 2.88245E-09
 2.70412E-09
 2.53556E-09
 2.37682E-09
 2.22780E-09
 2.08825E-09
 1.95790E-09
 1.83640E-09
 1.72343E-09
 1.61862E-09
 1.52164E-09
 1.43216E-09
 1.34986E-09
 1.27443E-09
 1.20560E-09
 1.14310E-09
 1.08669E-09
 1.03613E-09
 9.91225E-10
 9.51782E-10
 9.17637E-10
 8.88643E-10
 8.64673E-10
 8.45624E-10
 8.31411E-10
 8.21971E-10
 8.17262E-10
 5.38375E-09
 5.32719E-09
 5.21803E-09
 5.06349E-09
 4.87279E-09
 4.65586E-09
 4.42220E-09
 4.18019E-09
 3.93663E-09
 3.69676E-09
 3.46433E-09
 3.24181E-09
 3.03071E-09
 2.83177E-09
 2.64522E-09
 2.47092E-09
 2.30849E-09
 2.15744E-09
 2.01720E-09
 1.88720E-09
 1.76684E-09
 1.65557E-09
 1.55288E-09
 1.45828E-09
 1.37133E-09
 1.29161E-09
 1.21876E-09
 1.15244E-09
 1.09233E-09
 1.03817E-09
 9.89701E-10
 9.46696E-10
 9.08960E-10
 8.76317E-10
 8.48616E-10
 8.25726E-10
 8.07542E-10
 7.93979E-10
 7.84972E-10
 7.80479E-10
 5.70965E-09
 5.63803E-09
 5.50079E-09
 5.30858E-09
 5.07467E-09
 4.81278E-09
 4.53552E-09
 4.25340E-09
 3.97452E-09
 3.70465E-09
 3.44752E-09
 3.20531E-09
 2.97899E-09
 2.76870E-09
 2.57408E-09
 2.39440E-09
 2.22878E-09
 2.07627E-09
 1.93593E-09
 1.80685E-09
 1.68817E-09
 1.57914E-09
 1.47905E-09
 1.38728E-09
 1.30326E-09
 1.22650E-09
 1.15657E-09
 1.09306E-09
 1.03562E-09
 9.83964E-10
 9.37803E-10
 8.96900E-10
 8.61045E-10
 8.30056E-10
 8.03776E-10
 7.82074E-10
 7.64840E-10
 7.51990E-10
 7.43458E-10
 7.39203E-10
 6.10716E-09
 6.01450E-09
 5.83851E-09
 5.59539E-09
 5.30453E-09
 4.98508E-09
 4.65369E-09
 4.32338E-09
 4.00341E-09
 3.69977E-09
 3.41580E-09
 3.15292E-09
 2.91122E-09
 2.68998E-09
 2.48799E-09
 2.30382E-09
 2.13595E-09
 1.98294E-09
 1.84340E-09
 1.71608E-09
 1.59987E-09
 1.49377E-09
 1.39690E-09
 1.30851E-09
 1.22793E-09
 1.15457E-09
 1.08794E-09
 1.02759E-09
 9.73143E-10
 9.24258E-10
 8.80647E-10
 8.42055E-10
 8.08264E-10
 7.79085E-10
 7.54359E-10
 7.33953E-10
 7.17755E-10
 7.05682E-10
 6.97668E-10
 6.93671E-10
 6.59734E-09
 6.47430E-09
 6.24337E-09
 5.92995E-09
 5.56296E-09
 5.16932E-09
 4.77079E-09
 4.38300E-09
 4.01598E-09
 3.67523E-09
 3.36300E-09
 3.07934E-09
 2.82300E-09
 2.59201E-09
 2.38409E-09
 2.19692E-09
 2.02828E-09
 1.87613E-09
 1.73864E-09
 1.61422E-09
 1.50146E-09
 1.39916E-09
 1.30628E-09
 1.22194E-09
 1.14537E-09
 1.07592E-09
 1.01303E-09
 9.56231E-10
 9.05097E-10
 8.59279E-10
 8.18470E-10
 7.82409E-10
 7.50870E-10
 7.23662E-10
 7.00624E-10
 6.81622E-10
 6.66547E-10
 6.55314E-10
 6.47860E-10
 6.44143E-10
 7.21055E-09
 7.04199E-09
 6.73072E-09
 6.31806E-09
 5.84804E-09
 5.35847E-09
 4.87714E-09
 4.42186E-09
 4.00227E-09
 3.62218E-09
 3.28162E-09
 2.97844E-09
 2.70943E-09
 2.47097E-09
 2.25944E-09
 2.07149E-09
 1.90411E-09
 1.75465E-09
 1.62083E-09
 1.50069E-09
 1.39259E-09
 1.29513E-09
 1.20713E-09
 1.12759E-09
 1.05569E-09
 9.90704E-10
 9.32044E-10
 8.79198E-10
 8.31736E-10
 7.89290E-10
 7.51547E-10
 7.18241E-10
 6.89145E-10
 6.64069E-10
 6.42852E-10
 6.25364E-10
 6.11496E-10
 6.01167E-10
 5.94314E-10
 5.90898E-10
 7.99233E-09
 7.75239E-09
 7.31946E-09
 6.76354E-09
 6.15268E-09
 5.53936E-09
 4.95744E-09
 4.42503E-09
 3.94908E-09
 3.52959E-09
 3.16284E-09
 2.84338E-09
 2.56532E-09
 2.32298E-09
 2.11121E-09
 1.92550E-09
 1.76203E-09
 1.61754E-09
 1.48932E-09
 1.37513E-09
 1.27308E-09
 1.18164E-09
 1.09950E-09
 1.02562E-09
 9.59084E-10
 8.99165E-10
 8.45239E-10
 7.96783E-10
 7.53360E-10
 7.14599E-10
 6.80187E-10
 6.49862E-10
 6.23400E-10
 6.00616E-10
 5.81353E-10
 5.65485E-10
 5.52908E-10
 5.43544E-10
 5.37333E-10
 5.34237E-10
 9.01404E-09
 8.65578E-09
 8.03121E-09
 7.26394E-09
 6.45978E-09
 5.68885E-09
 4.98824E-09
 4.37175E-09
 3.83940E-09
 3.38428E-09
 2.99678E-09
 2.66693E-09
 2.38550E-09
 2.14442E-09
 1.93690E-09
 1.75729E-09
 1.60096E-09
 1.46415E-09
 1.34380E-09
 1.23742E-09
 1.14298E-09
 1.05883E-09
 9.83637E-10
 9.16285E-10
 8.55868E-10
 8.01634E-10
 7.52963E-10
 7.09336E-10
 6.70321E-10
 6.35557E-10
 6.04741E-10
 5.77619E-10
 5.53978E-10
 5.33640E-10
 5.16459E-10
 5.02314E-10
 4.91108E-10
 4.82767E-10
 4.77236E-10
 4.74480E-10
 1.03940E-08
 9.82546E-09
 8.88566E-09
 7.80124E-09
 6.73364E-09
 5.76802E-09
 4.93491E-09
 4.23433E-09
 3.65250E-09
 3.17133E-09
 2.77306E-09
 2.44205E-09
 2.16531E-09
 1.93232E-09
 1.73469E-09
 1.56578E-09
 1.42037E-09
 1.29431E-09
 1.18431E-09
 1.08776E-09
 1.00257E-09
 9.27080E-10
 8.59926E-10
 8.00019E-10
 7.46467E-10
 6.98541E-10
 6.55642E-10
 6.17276E-10
 5.83031E-10
 5.52568E-10
 5.25602E-10
 5.01896E-10
 4.81253E-10
 4.63509E-10
 4.48529E-10
 4.36203E-10
 4.26443E-10
 4.19180E-10
 4.14365E-10
 4.11966E-10
 1.23426E-08
 1.13664E-08
 9.88475E-09
 8.32170E-09
 6.90555E-09
 5.71466E-09
 4.74905E-09
 3.97816E-09
 3.36493E-09
 2.87550E-09
 2.48208E-09
 2.16291E-09
 1.90138E-09
 1.68484E-09
 1.50374E-09
 1.35079E-09
 1.22044E-09
 1.10840E-09
 1.01136E-09
 9.26736E-10
 8.52480E-10
 7.86986E-10
 7.28969E-10
 6.77397E-10
 6.31440E-10
 5.90421E-10
 5.53790E-10
 5.21093E-10
 4.91960E-10
 4.66081E-10
 4.43202E-10
 4.23109E-10
 4.05629E-10
 3.90614E-10
 3.77946E-10
 3.67527E-10
 3.59280E-10
 3.53145E-10
 3.49078E-10
 3.47052E-10
 1.52674E-08
 1.34126E-08
 1.09653E-08
 8.69526E-09
 6.85218E-09
 5.43603E-09
 4.36846E-09
 3.56435E-09
 2.95356E-09
 2.48366E-09
 2.11683E-09
 1.82615E-09
 1.59245E-09
 1.40194E-09
 1.24464E-09
 1.11321E-09
 1.00219E-09
 9.07498E-10
 8.26012E-10
 7.55339E-10
 6.93625E-10
 6.39416E-10
 5.91565E-10
 5.49162E-10
 5.11474E-10
 4.77914E-10
 4.48002E-10
 4.21348E-10
 3.97634E-10
 3.76595E-10
 3.58014E-10
 3.41711E-10
 3.27538E-10
 3.15372E-10
 3.05113E-10
 2.96678E-10
 2.90004E-10
 2.85041E-10
 2.81752E-10
 2.80113E-10
 2.00469E-08
 1.60516E-08
 1.18685E-08
 8.64189E-09
 6.37187E-09
 4.80883E-09
 3.72442E-09
 2.95719E-09
 2.40132E-09
 1.98874E-09
 1.67542E-09
 1.43241E-09
 1.24032E-09
 1.08583E-09
 9.59668E-10
 8.55200E-10
 7.67621E-10
 6.93386E-10
 6.29844E-10
 5.74985E-10
 5.27264E-10
 4.85486E-10
 4.48715E-10
 4.16210E-10
 3.87382E-10
 3.61757E-10
 3.38955E-10
 3.18665E-10
 3.00633E-10
 2.84651E-10
 2.70548E-10
 2.58184E-10
 2.47441E-10
 2.38224E-10
 2.30455E-10
 2.24070E-10
 2.19019E-10
 2.15263E-10
 2.12774E-10
 2.11535E-10
 2.88217E-08
 1.88783E-08
 1.18151E-08
 7.63196E-09
 5.18459E-09
 3.70299E-09
 2.76321E-09
 2.13867E-09
 1.70579E-09
 1.39457E-09
 1.16370E-09
 9.87772E-10
 8.50571E-10
 7.41403E-10
 6.53001E-10
 5.80305E-10
 5.19705E-10
 4.68582E-10
 4.24995E-10
 3.87491E-10
 3.54960E-10
 3.26551E-10
 3.01599E-10
 2.79581E-10
 2.60085E-10
 2.42779E-10
 2.27397E-10
 2.13723E-10
 2.01581E-10
 1.90828E-10
 1.81345E-10
 1.73035E-10
 1.65818E-10
 1.59628E-10
 1.54413E-10
 1.50127E-10
 1.46738E-10
 1.44218E-10
 1.42548E-10
 1.41717E-10
 4.75399E-08
 1.88250E-08
 8.88158E-09
 4.88627E-09
 3.03155E-09
 2.05532E-09
 1.48676E-09
 1.12851E-09
 8.88585E-10
 7.20048E-10
 5.97037E-10
 5.04401E-10
 4.32795E-10
 3.76207E-10
 3.30630E-10
 2.93312E-10
 2.62314E-10
 2.36240E-10
 2.14065E-10
 1.95023E-10
 1.78535E-10
 1.64158E-10
 1.51547E-10
 1.40432E-10
 1.30599E-10
 1.21877E-10
 1.14131E-10
 1.07249E-10
 1.01141E-10
 9.57341E-11
 9.09678E-11
 8.67925E-11
 8.31673E-11
 8.00589E-11
 7.74400E-11
 7.52886E-11
 7.35872E-11
 7.23224E-11
 7.14845E-11
 7.10671E-11
 0.00000E+00
 0.00000E+00
 0.00000E+00
 0.00000E+00
 0.00000E+00
 0.00000E+00
 0.00000E+00
 0.00000E+00
 0.00000E+00
 0.00000E+00
 0.00000E+00
 0.00000E+00
 0.00000E+00
 0.00000E+00
 0.00000E+00
 0.00000E+00
 0.00000E+00
 0.00000E+00
 0.00000E+00
 0.00000E+00
 0.00000E+00
 0.00000E+00
 0.00000E+00
 0.00000E+00
 0.00000E+00
 0.00000E+00
 0.00000E+00
 0.00000E+00
 0.00000E+00
 0.00000E+00
 0.00000E+00
 0.00000E+00
 0.00000E+00
 0.00000E+00
 0.00000E+00
 0.00000E+00
 0.00000E+00
 0.00000E+00
 0.00000E+00
 0.00000E+00
