  0.0000000000000000E+00
  9.4545928052924671E-06
  1.7021884192220524E-05
  2.4905247026249739E-05
  3.2821975860407723E-05
  4.0772729885224764E-05
  4.8755537792668190E-05
  5.6769073639942876E-05
  6.4812071396034215E-05
  7.2883318519860661E-05
  8.0981653605133398E-05
  8.9105964165735974E-05
  9.7255184524860117E-05
  1.0542829380830602E-04
  1.1362431400538750E-04
  1.2184230815932801E-04
  1.3008137858012359E-04
  1.3834066520180630E-04
  1.4661934396258326E-04
  1.5491662527668116E-04
  1.6323175258523337E-04
  1.7156400095169234E-04
  1.7991267572321272E-04
  1.8827711125126554E-04
  1.9665666969844334E-04
  2.0505073982402382E-04
  2.1345873590208813E-04
  2.2188009664086470E-04
  2.3031428416579692E-04
  2.3876078301895086E-04
  2.4721909924808573E-04
  2.5568875950491567E-04
  2.6416931016890193E-04
  2.7266031654518577E-04
  2.8116136206415517E-04
  2.8967204753084730E-04
  2.9819199041377010E-04
  3.0672082413106869E-04
  3.1525819741450858E-04
  3.2380377365099250E-04
  3.3235723029086470E-04
  3.4091825825703235E-04
  3.4948656139432310E-04
  3.5806185592517417E-04
  3.6664386994228964E-04
  3.7523234292070098E-04
  3.8382702524167366E-04
  3.9242767775215235E-04
  4.0103407131256434E-04
  4.0964598640262775E-04
  4.1826321271735679E-04
  4.2688554877736367E-04
  4.3551280157755838E-04
  4.4414478623625714E-04
  4.5278132564490359E-04
  4.6142225016782961E-04
  4.7006739731505630E-04
  4.7871661145635166E-04
  4.8736974353651456E-04
  4.9602665081292048E-04
  5.0468719656815019E-04
  5.1335124989267361E-04
  5.2201868541953663E-04
  5.3068938311439827E-04
  5.3936322803962826E-04
  5.4804011015578149E-04
  5.5671992410428279E-04
  5.6540256902789577E-04
  5.7408794837750753E-04
  5.8277596973280285E-04
  5.9146654463110705E-04
  6.0015958840705437E-04
  6.0885502002837582E-04
  6.1755276194945573E-04
  6.2625273996611409E-04
  6.3495488307345298E-04
  6.4365912333513983E-04
  6.5236539575452943E-04
  6.6107363815191313E-04
  6.6978379104421914E-04
  6.7849579753962233E-04
  6.8720960321581458E-04
  6.9592515603320113E-04
  7.0464240621603065E-04
  7.1336130618438137E-04
  7.2208181042181111E-04
  7.3080387542736008E-04
  7.3952745960627982E-04
  7.4825252320038615E-04
  7.5697902820574879E-04
  7.6570693829814177E-04
  7.7443621876155876E-04
  7.8316683643102380E-04
  7.9189875959516745E-04
  8.0063195797825293E-04
  8.0936640263662440E-04
  8.1810206593338085E-04
  8.2683892145974161E-04
  8.3557694399828306E-04
  8.4431610945696683E-04
  8.5305639483482774E-04
  8.6179777815681934E-04
  8.7054023845502346E-04
  8.7928375569042475E-04
  8.8802831074739604E-04
  8.9677388536180450E-04
  9.0552046210467206E-04
  9.1426802434050930E-04
  9.2301655618605861E-04
  9.3176604248006547E-04
  9.4051646875529767E-04
  9.4926782119953410E-04
  9.5802008662635775E-04
  9.6677325245636601E-04
  9.7552730668367370E-04
  9.8428223783833275E-04
  9.9303803499102951E-04
  1.0017946876920156E-03
  1.0105521859756022E-03
  1.0193105203268665E-03
  1.0280696816575526E-03
  1.0368296612999438E-03
  1.0455904509705056E-03
  1.0543520427578380E-03
  1.0631144291087843E-03
  1.0718776028061702E-03
  1.0806415569540968E-03
  1.0894062849630328E-03
  1.0981717805312260E-03
  1.1069380376414369E-03
  1.1157050505266248E-03
  1.1244728136740338E-03
  1.1332413218117113E-03
  1.1420105698827739E-03
  1.1507805530556203E-03
  1.1595512666861443E-03
  1.1683227063326470E-03
  1.1770948677282615E-03
  1.1858677467791164E-03
  1.1946413395528973E-03
  1.2034156422684305E-03
  1.2121906512922108E-03
  1.2209663631283939E-03
  1.2297427744042946E-03
  1.2385198818720211E-03
  1.2472976823996922E-03
  1.2560761729583654E-03
  1.2648553506269399E-03
  1.2736352125707097E-03
  1.2824157560476959E-03
  1.2911969784074212E-03
  1.2999788770659913E-03
  1.3087614495173295E-03
  1.3175446933225553E-03
  1.3263286061101890E-03
  1.3351131855651218E-03
  1.3438984294284126E-03
  1.3526843354903428E-03
  1.3614709015896001E-03
  1.3702581256093969E-03
  1.3790460054793094E-03
  1.3878345391521974E-03
  1.3966237246287143E-03
  1.4054135599327968E-03
  1.4142040431177935E-03
  1.4229951722650334E-03
  1.4317869454823981E-03
  1.4405793608894108E-03
  1.4493724166362316E-03
  1.4581661108832324E-03
  1.4669604418014060E-03
  1.4757554075838038E-03
  1.4845510064306251E-03
  1.4933472365471763E-03
  1.5021440961538769E-03
  1.5109415834748236E-03
  1.5197396967406482E-03
  1.5285384341805531E-03
  1.5373377940357915E-03
  1.5461377745365867E-03
  1.5549383739297061E-03
  1.5637395904478245E-03
  1.5725414223256588E-03
  1.5813438677999684E-03
  1.5901469251036323E-03
  1.5989505924601339E-03
  1.6077548680937738E-03
  1.6165597502233381E-03
  1.6253652370635278E-03
  1.6341713268200569E-03
  1.6429780176892451E-03
  1.6517853078688409E-03
  1.6605931955435214E-03
  1.6694016788912237E-03
  1.6782107560868215E-03
  1.6870204252896655E-03
  1.6958306846529792E-03
  1.7046415323269228E-03
  1.7134529664440908E-03
  1.7222649851368742E-03
  1.7310775865235705E-03
  1.7398907687132868E-03
  1.7487045298102278E-03
  1.7575188679055270E-03
  1.7663337810870496E-03
  1.7751492674255047E-03
  1.7839653249838395E-03
  1.7927819518243895E-03
  1.8015991459956007E-03
  1.8104169055336644E-03
  1.8192352284725258E-03
  1.8280541128314245E-03
  1.8368735566295993E-03
  1.8456935578642316E-03
  1.8545141145437354E-03
  1.8633352246520162E-03
  1.8721568861748169E-03
  1.8809790970837883E-03
  1.8898018553509892E-03
  1.8986251589343855E-03
  1.9074490057884711E-03
  1.9162733938630427E-03
  1.9250983210974796E-03
  1.9339237854287112E-03
  1.9427497847818197E-03
  1.9515763170857691E-03
  1.9604033802556337E-03
  1.9692309722062844E-03
  1.9780590908442170E-03
  1.9868877340759291E-03
  1.9957168997993381E-03
  2.0045465859115457E-03
  2.0133767903025047E-03
  2.0222075108607377E-03
  2.0310387454739510E-03
  2.0398704920184130E-03
  2.0487027483779494E-03
  2.0575355124329126E-03
  2.0663687820487468E-03
  2.0752025551084600E-03
  2.0840368294783129E-03
  2.0928716030259955E-03
  2.1017068736214448E-03
  2.1105426391372522E-03
  2.1193788974364107E-03
  2.1282156463880400E-03
  2.1370528838598303E-03
  2.1458906077153864E-03
  2.1547288158270967E-03
  2.1635675060610168E-03
  2.1724066762872879E-03
  2.1812463243789109E-03
  2.1900864482029625E-03
  2.1989270456357112E-03
  2.2077681145552639E-03
  2.2166096528378888E-03
  2.2254516583639391E-03
  2.2342941290139726E-03
  2.2431370626773287E-03
  2.2519804572421224E-03
  2.2608243105987150E-03
  2.2696686206429822E-03
  2.2785133852806032E-03
  2.2873586024045947E-03
  2.2962042699290102E-03
  2.3050503857623885E-03
  2.3138969478238899E-03
  2.3227439540318565E-03
  2.3315914023123922E-03
  2.3404392905985454E-03
  2.3492876168215264E-03
  2.3581363789284765E-03
  2.3669855748653106E-03
  2.3758352025806001E-03
  2.3846852600359872E-03
  2.3935357451963825E-03
  2.4023866560332319E-03
  2.4112379905190029E-03
  2.4200897466472005E-03
  2.4289419223990738E-03
  2.4377945157779317E-03
  2.4466475247854487E-03
  2.4555009474328980E-03
  2.4643547817417661E-03
  2.4732090257339472E-03
  2.4820636774493094E-03
  2.4909187349197552E-03
  2.4997741962063942E-03
  2.5086300593513407E-03
  2.5174863224312269E-03
  2.5263429835173747E-03
  2.5352000406833517E-03
  2.5440574920241724E-03
  2.5529153356348509E-03
  2.5617735696249022E-03
  2.5706321921032289E-03
  2.5794912011975236E-03
  2.5883505950354802E-03
  2.5972103717641945E-03
  2.6060705295236136E-03
  2.6149310664814636E-03
  2.6237919807979115E-03
  2.6326532706510987E-03
  2.6415149342324429E-03
  2.6503769697302977E-03
  2.6592393753499680E-03
  2.6681021493053392E-03
  2.6769652898203022E-03
  2.6858287951252858E-03
  2.6946926634592956E-03
  2.7035568930809453E-03
  2.7124214822494613E-03
  2.7212864292291759E-03
  2.7301517323013742E-03
  2.7390173897616373E-03
  2.7478833999053437E-03
  2.7567497610429840E-03
  2.7656164714938329E-03
  2.7744835295830878E-03
  2.7833509336559615E-03
  2.7922186820599137E-03
  2.8010867731479193E-03
  2.8099552052909260E-03
  2.8188239768702980E-03
  2.8276930862759782E-03
  2.8365625318981132E-03
  2.8454323121542189E-03
  2.8543024254558875E-03
  2.8631728702332984E-03
  2.8720436449270461E-03
  2.8809147479846708E-03
  2.8897861778655574E-03
  2.8986579330384870E-03
  2.9075300119759174E-03
  2.9164024131742025E-03
  2.9252751351296954E-03
  2.9341481763477373E-03
  2.9430215353508254E-03
  2.9518952106681968E-03
  2.9607692008325609E-03
  2.9696435043992980E-03
  2.9785181199262398E-03
  2.9873930459775491E-03
  2.9962682811363836E-03
  3.0051438239916198E-03
  3.0140196731388742E-03
  3.0228958271858140E-03
  3.0317722847570585E-03
  3.0406490444723250E-03
  3.0495261049774745E-03
  3.0584034649136691E-03
  3.0672811229435185E-03
  3.0761590777328989E-03
  3.0850373279578992E-03
  3.0939158723103351E-03
  3.1027947094838604E-03
  3.1116738381805026E-03
  3.1205532571245524E-03
  3.1294329650368284E-03
  3.1383129606555094E-03
  3.1471932427236766E-03
  3.1560738099962564E-03
  3.1649546612363463E-03
  3.1738357952170509E-03
  3.1827172107253641E-03
  3.1915989065525677E-03
  3.2004808814995443E-03
  3.2093631343753453E-03
  3.2182456640018906E-03
  3.2271284692094726E-03
  3.2360115488363505E-03
  3.2448949017324252E-03
  3.2537785267539284E-03
  3.2626624227648539E-03
  3.2715465886477817E-03
  3.2804310232799807E-03
  3.2893157255571028E-03
  3.2982006943835813E-03
  3.3070859286716118E-03
  3.3159714273346148E-03
  3.3248571893133797E-03
  3.3337432135341948E-03
  3.3426294989539842E-03
  3.3515160445202774E-03
  3.3604028491985775E-03
  3.3692899119662336E-03
  3.3781772318003905E-03
  3.3870648076951455E-03
  3.3959526386435740E-03
  3.4048407236532538E-03
  3.4137290617429952E-03
  3.4226176519361021E-03
  3.4315064932607807E-03
  3.4403956011550365E-03
  3.4492849584611272E-03
  3.4581745641216804E-03
  3.4670644171971728E-03
  3.4759545167619694E-03
  3.4848448618953372E-03
  3.4937354516873680E-03
  3.5026262852299924E-03
  3.5115173616290284E-03
  3.5204086799970349E-03
  3.5293002394535151E-03
  3.5381920391228745E-03
  3.5470840781460606E-03
  3.5559763556566705E-03
  3.5648688708119921E-03
  3.5737616227660453E-03
  3.5826546106846966E-03
  3.5915478337407575E-03
  3.6004412911156167E-03
  3.6093349819955652E-03
  3.6182289055705706E-03
  3.6271230610504111E-03
  3.6360174476405775E-03
  3.6449120645553417E-03
  3.6538069110195969E-03
  3.6627019862670186E-03
  3.6715972895269935E-03
  3.6804928200546427E-03
  3.6893885770922204E-03
  3.6982845598997490E-03
  3.7071807677460347E-03
  3.7160771999002916E-03
  3.7249738556411286E-03
  3.7338707342502195E-03
  3.7427678350225122E-03
  3.7516651572592876E-03
  3.7605627002608049E-03
  3.7694604633385573E-03
  3.7783584458132274E-03
  3.7872566470077461E-03
  3.7961550662501502E-03
  3.8050537028795047E-03
  3.8139525562391643E-03
  3.8228516256788160E-03
  3.8317509105489627E-03
  3.8406504102152217E-03
  3.8495501240456620E-03
  3.8584500514110059E-03
  3.8673501916907604E-03
  3.8762505442719881E-03
  3.8851511085442030E-03
  3.8940518839038632E-03
  3.9029528697568225E-03
  3.9118540655085259E-03
  3.9207554705727923E-03
  3.9296570843730403E-03
  3.9385589063292157E-03
  3.9474609358771968E-03
  3.9563631724489805E-03
  3.9652656154865705E-03
  3.9741682644401409E-03
  3.9830711187606857E-03
  3.9919741779063421E-03
  4.0008774413399489E-03
  4.0097809085282250E-03
  4.0186845789448320E-03
  4.0275884520701733E-03
  4.0364925273883275E-03
  4.0453968043850071E-03
  4.0543012825559341E-03
  4.0632059613972382E-03
  4.0721108404128082E-03
  4.0810159190507785E-03
  4.0899213493570969E-03
  4.0988269792412895E-03
  4.1077328070171157E-03
  4.1166388322068474E-03
  4.1255450543374568E-03
  4.1344514729412226E-03
  4.1433580875575755E-03
  4.1522648977232882E-03
  4.1611719029843270E-03
  4.1700791028948256E-03
  4.1789864970052434E-03
  4.1878940848772720E-03
  4.1968018660736243E-03
  4.2057098401606903E-03
  4.2146180067140493E-03
  4.2235263653027464E-03
  4.2324349155117586E-03
  4.2413436569242215E-03
  4.2502525891281754E-03
  4.2591617117173786E-03
  4.2680710242849760E-03
  4.2769805264343264E-03
  4.2858902177657227E-03
  4.2948000978931429E-03
  4.3037101664209678E-03
  4.3126204229678713E-03
  4.3215308671586588E-03
  4.3304414986115956E-03
  4.3393523169490359E-03
  4.3482633218088537E-03
  4.3571745128217756E-03
  4.3660858896244509E-03
  4.3749974518608823E-03
  4.3839092019621892E-03
  4.3928211368175277E-03
  4.4017332560557848E-03
  4.4106455593328096E-03
  4.4195580463064930E-03
  4.4284707166384026E-03
  4.4373835699958245E-03
  4.4462966060442059E-03
  4.4552098244469525E-03
  4.4641232248932060E-03
  4.4730368070510671E-03
  4.4819505706031430E-03
  4.4908645152291760E-03
  4.4997786406203505E-03
  4.5086929464666237E-03
  4.5176074324555010E-03
  4.5265220982865393E-03
  4.5354369436586836E-03
  4.5443519682686305E-03
  4.5532671718265571E-03
  4.5621825540334499E-03
  4.5710981145988747E-03
  4.5800138532413812E-03
  4.5889297696701265E-03
  4.5978458636048878E-03
  4.6067621347656460E-03
  4.6156785828766712E-03
  4.6245952076587622E-03
  4.6335120088461957E-03
  4.6424289861656948E-03
  4.6513461393486765E-03
  4.6602634681347311E-03
  4.6691809722638538E-03
  4.6780986514676701E-03
  4.6870165054967950E-03
  4.6959345340912284E-03
  4.7048527369993390E-03
  4.7137711139750137E-03
  4.7226896647639682E-03
  4.7316083891253986E-03
  4.7405272868133947E-03
  4.7494463575824550E-03
  4.7583656012017833E-03
  4.7672850174281245E-03
  4.7762046060263949E-03
  4.7851243667655927E-03
  4.7940442994130836E-03
  4.8029644037401158E-03
  4.8118846795209974E-03
  4.8208051265284059E-03
  4.8297257445378767E-03
  4.8386465333351576E-03
  4.8475674926955785E-03
  4.8564886223991703E-03
  4.8654099222345390E-03
  4.8743313919876376E-03
  4.8832530314444171E-03
  4.8921748403932810E-03
  4.9010968186281468E-03
  4.9100189659423196E-03
  4.9189412821297167E-03
  4.9278637669854814E-03
  4.9367864203076154E-03
  4.9457092419002485E-03
  4.9546322315611804E-03
  4.9635553890920881E-03
  4.9724787142987363E-03
  4.9814022069856632E-03
  4.9903258669655769E-03
  4.9992496940411768E-03
  5.0081736880429406E-03
  5.0170978995511383E-03
  5.0260222781247947E-03
  5.0349468232112242E-03
  5.0438715346188458E-03
  5.0527964121716024E-03
  5.0617214556777073E-03
  5.0706466649641652E-03
  5.0795720398469539E-03
  5.0884975801491960E-03
  5.0974232856948343E-03
  5.1063491563100557E-03
  5.1152751918149223E-03
  5.1242013920405225E-03
  5.1331277568126381E-03
  5.1420542859584766E-03
  5.1509809793123971E-03
  5.1599078367040594E-03
  5.1688348579645542E-03
  5.1777620429276248E-03
  5.1866893914282444E-03
  5.1956169033021979E-03
  5.2045445783883391E-03
  5.2134724165181648E-03
  5.2224004175358378E-03
  5.2313285812763287E-03
  5.2402569075858402E-03
  5.2491853963022037E-03
  5.2581140472708057E-03
  5.2670428603309059E-03
  5.2759718353280966E-03
  5.2849009721096024E-03
  5.2938302705189720E-03
  5.3027597304077202E-03
  5.3116893516171491E-03
  5.3206191344491310E-03
  5.3295490783062532E-03
  5.3384791830383945E-03
  5.3474094484946199E-03
  5.3563398745231743E-03
  5.3652704609845597E-03
  5.3742012077253893E-03
  5.3831321146024869E-03
  5.3920631814704306E-03
  5.4009944081835955E-03
  5.4099257945975790E-03
  5.4188573405804406E-03
  5.4277890539968093E-03
  5.4367209267855727E-03
  5.4456529587457551E-03
  5.4545851497470477E-03
  5.4635174996387186E-03
  5.4724500082843327E-03
  5.4813826755450044E-03
  5.4903155012804182E-03
  5.4992484853535247E-03
  5.5081816276315657E-03
  5.5171149279725920E-03
  5.5260483862418028E-03
  5.5349820023052124E-03
  5.5439157760237322E-03
  5.5528497072639890E-03
  5.5617837958911827E-03
  5.5707180417733718E-03
  5.5796524447759583E-03
  5.5885870047633242E-03
  5.5975217216106769E-03
  5.6064565951752486E-03
  5.6153916253318392E-03
  5.6243268119470762E-03
  5.6332621548910600E-03
  5.6421976540343005E-03
  5.6511333092407710E-03
  5.6600691203836347E-03
  5.6690050873389169E-03
  5.6779412099665048E-03
  5.6868774881458943E-03
  5.6958139217428982E-03
  5.7047505106376248E-03
  5.7136872546930248E-03
  5.7226241537834894E-03
  5.7315612077844290E-03
  5.7404984165677830E-03
  5.7494357800018129E-03
  5.7583732979637689E-03
  5.7673109703294699E-03
  5.7762487969679963E-03
  5.7851867777565956E-03
  5.7941249125678202E-03
  5.8030632012758569E-03
  5.8120016437563189E-03
  5.8209402398825766E-03
  5.8298789895290179E-03
  5.8388178925745278E-03
  5.8477569488910438E-03
  5.8566961583554076E-03
  5.8656355208413953E-03
  5.8745750362291169E-03
  5.8835147043898965E-03
  5.8924545251962876E-03
  5.9013944985347299E-03
  5.9103346242734851E-03
  5.9192749022947055E-03
  5.9282153324688985E-03
  5.9371559146774002E-03
  5.9460966487921482E-03
  5.9550375346936598E-03
  5.9639785722559163E-03
  5.9729197613602528E-03
  5.9818611018779937E-03
  5.9908025936878185E-03
  5.9997442366708578E-03
  6.0086860307025222E-03
  6.0176279756565887E-03
  6.0265700714133702E-03
  6.0355123178480741E-03
  6.0444547148369270E-03
  6.0533972622604463E-03
  6.0623399599913884E-03
  6.0712828079159901E-03
  6.0802258059014912E-03
  6.0891689538290217E-03
  6.0981122515774656E-03
  6.1070556990224373E-03
  6.1159992960405736E-03
  6.1249430425095322E-03
  6.1338869383075843E-03
  6.1428309833093222E-03
  6.1517751773973069E-03
  6.1607195204457232E-03
  6.1696640136528732E-03
  6.1786086555904755E-03
  6.1875534461282231E-03
  6.1964983851380542E-03
  6.2054434725000778E-03
  6.2143887080913394E-03
  6.2233340917884749E-03
  6.2322796234656700E-03
  6.2412253030011949E-03
  6.2501711302727081E-03
  6.2591171051564363E-03
  6.2680632275269738E-03
  6.2770094972585079E-03
  6.2859559142311450E-03
  6.2949024783184584E-03
  6.3038491893981068E-03
  6.3127960473477471E-03
  6.3217430519551697E-03
  6.3306903471941839E-03
  6.3396376453618555E-03
  6.3485852391875694E-03
  6.3575328297623274E-03
  6.3664807218250753E-03
  6.3754286043808664E-03
  6.3843767941704453E-03
  6.3933249681165953E-03
  6.4022734552045017E-03
  6.4112219200363222E-03
  6.4201707039916013E-03
  6.4291194591880648E-03
  6.4380685395824160E-03
  6.4470175846349561E-03
  6.4559669610374229E-03
  6.4649162954280746E-03
  6.4738659674032101E-03
  6.4828155906176870E-03
  6.4917655577318798E-03
  6.5007154692563037E-03
  6.5096657310779850E-03
  6.5186159303888781E-03
  6.5275664864834172E-03
  6.5365169730587300E-03
  6.5454678229912907E-03
  6.5544185963089764E-03
  6.5633697396383899E-03
  6.5723207991829355E-03
  6.5812722354706907E-03
  6.5902235807147377E-03
  6.5991753095255897E-03
  6.6081269399376943E-03
  6.6170789608298629E-03
  6.6260308758887936E-03
  6.6349831884200908E-03
  6.6439353875892976E-03
  6.6528879913189632E-03
  6.6618404740719055E-03
  6.6707933685591810E-03
  6.6797461343625760E-03
  6.6886993191542440E-03
  6.6976523674760358E-03
  6.7066058421317446E-03
  6.7155591724331375E-03
  6.7245129365068185E-03
  6.7334665482531005E-03
  6.7424206012933734E-03
  6.7513744939430931E-03
  6.7603288355024584E-03
  6.7692830085374486E-03
  6.7782376504667710E-03
  6.7871921157944704E-03
  6.7961470455727598E-03
  6.8051017903143444E-03
  6.8140570073927965E-03
  6.8230120310059971E-03
  6.8319675349297606E-03
  6.8409228368659777E-03
  6.8498786271781586E-03
  6.8588342068908329E-03
  6.8677902831400508E-03
  6.8767461400785421E-03
  6.8857025017989163E-03
  6.8946586354089040E-03
  6.9036152821472163E-03
  6.9125716918780585E-03
  6.9215286231723086E-03
  6.9304853084651936E-03
  6.9394425238501123E-03
  6.9483994841531716E-03
  6.9573569831688021E-03
  6.9663142179185265E-03
  6.9752720000965350E-03
  6.9842295087373793E-03
  6.9931875736141333E-03
  7.0021453555827928E-03
  7.0111037026887339E-03
  7.0200617574151612E-03
  7.0290203862858379E-03
  7.0379787132118354E-03
  7.0469376233711547E-03
  7.0558962219301477E-03
  7.0648554131366934E-03
  7.0738142827563898E-03
  7.0827737543155264E-03
  7.0917328946650503E-03
  7.1006926460994591E-03
  7.1096520563695958E-03
  7.1186120872033876E-03
  7.1275717668228657E-03
  7.1365320765785171E-03
  7.1454920249697336E-03
  7.1544526131715608E-03
  7.1634128297624264E-03
  7.1723736959259619E-03
  7.1813341801360165E-03
  7.1902953237845532E-03
  7.1992560750335378E-03
  7.2082174956830183E-03
  7.2171785133878152E-03
  7.2261402105584689E-03
  7.2351014941371876E-03
  7.2440634673414835E-03
  7.2530250162120263E-03
  7.2619872649612085E-03
  7.2709490785355570E-03
  7.2799116023461790E-03
  7.2888736800399909E-03
  7.2978364784218657E-03
  7.3067988196430364E-03
  7.3157618921041410E-03
  7.3247244962699621E-03
  7.3336878444293391E-03
  7.3426507130902284E-03
  7.3516143343923751E-03
  7.3605774648357646E-03
  7.3695413587723177E-03
  7.3785047503981379E-03
  7.3874689164723732E-03
  7.3964325686946475E-03
  7.4053970064106613E-03
  7.4143609186262567E-03
  7.4233256274901863E-03
  7.4322897990996457E-03
  7.4412547786272282E-03
  7.4502192090329326E-03
  7.4591844587084512E-03
  7.4681491473140077E-03
  7.4771146666405362E-03
  7.4860796128511852E-03
  7.4950454013283253E-03
  7.5040106045311302E-03
  7.5129766617350749E-03
  7.5219422216488150E-03
  7.5309086482752427E-03
  7.5398744650984201E-03
  7.5488411596708275E-03
  7.5578072319659705E-03
  7.5667741939778304E-03
  7.5757405211356790E-03
  7.5847077500778119E-03
  7.5936743314835905E-03
  7.6026418268441594E-03
  7.6116086618873823E-03
  7.6205764231600656E-03
  7.6295435112273867E-03
  7.6385115378966723E-03
  7.6474788783704581E-03
  7.6564471699277778E-03
  7.6654147621954992E-03
  7.6743833181261573E-03
  7.6833511615667085E-03
  7.6923199813609114E-03
  7.7012880753611493E-03
  7.7102571584988918E-03
  7.7192255024385280E-03
  7.7281948484077684E-03
  7.7371634416695768E-03
  7.7461330499517403E-03
  7.7551018919129796E-03
  7.7640717619978641E-03
  7.7730408520390610E-03
  7.7820109834023715E-03
  7.7909803209038498E-03
  7.7999507130288477E-03
  7.8089202973688878E-03
  7.8178909497378136E-03
  7.8268607802902037E-03
  7.8358316923838687E-03
  7.8448017685275005E-03
  7.8537729398281478E-03
  7.8627432609357870E-03
  7.8717146909234089E-03
  7.8806852563741547E-03
  7.8896569445230241E-03
  7.8986277536892344E-03
  7.9075996994805737E-03
  7.9165707517401176E-03
  7.9255429546504497E-03
  7.9345142493746652E-03
  7.9434867088847994E-03
  7.9524582454489050E-03
  7.9614309610325038E-03
  7.9704027388057905E-03
  7.9793757099410108E-03
  7.9883477282980831E-03
  7.9973209544622649E-03
  8.0062932127752760E-03
  8.0152666934410581E-03
  8.0242391910813459E-03
  8.0332129257299507E-03
  8.0421856620678280E-03
  8.0511596501690354E-03
  8.0601326245807424E-03
  8.0691068656529447E-03
  8.0780800775014424E-03
  8.0870545709778620E-03
  8.0960280196410231E-03
  8.1050027649938929E-03
  8.1139764498875788E-03
  8.1229514469718846E-03
  8.1319253674198427E-03
  8.1409006153393623E-03
  8.1498747711077311E-03
  8.1588502693344944E-03
  8.1678246594010327E-03
  8.1768004074031838E-03
  8.1857750311416805E-03
  8.1947510283965613E-03
  8.2037258851709958E-03
  8.2127021311504296E-03
  8.2216772203327557E-03
  8.2306537145091802E-03
  8.2396290354721600E-03
  8.2486057773157647E-03
  8.2575813294280820E-03
  8.2665583184170222E-03
  8.2755341010473573E-03
  8.2845113366467188E-03
  8.2934873491702869E-03
  8.3024648308602685E-03
  8.3114410726422804E-03
  8.3204187998918468E-03
  8.3293952702999594E-03
  8.3383732425862458E-03
  8.3473499409962917E-03
  8.3563281577870366E-03
  8.3653050835674914E-03
  8.3742835443414640E-03
  8.3832606968655011E-03
  8.3922394010879902E-03
  8.4012167797265398E-03
  8.4101957268763131E-03
  8.4191733309990757E-03
  8.4281525205461196E-03
  8.4371303495264748E-03
  8.4461097809493541E-03
  8.4550878341596598E-03
  8.4640675069269297E-03
  8.4730457837395440E-03
  8.4820256973244593E-03
  8.4910041971158218E-03
  8.4999843509949054E-03
  8.5089630731320642E-03
  8.5179434667773460E-03
  8.5269224106393985E-03
  8.5359030435316879E-03
  8.5448822084913997E-03
  8.5538630800994567E-03
  8.5628424655297998E-03
  8.5718235753336203E-03
  8.5808031806132827E-03
  8.5897845280814202E-03
  8.5987643486361478E-03
  8.6077466264770450E-03
  8.6167266621832699E-03
  8.6257091650455645E-03
  8.6346894153665338E-03
  8.6436721584811239E-03
  8.6526526401330024E-03
  8.6616356075308511E-03
  8.6706163026473732E-03
  8.6795994936520234E-03
  8.6885804015977858E-03
  8.6975638156906593E-03
  8.7065449358237224E-03
  8.7155285724884925E-03
  8.7245099041744732E-03
  8.7334937628919477E-03
  8.7424753054964645E-03
  8.7514593857568532E-03
  8.7604411386508329E-03
  8.7694254399367823E-03
  8.7784074024809412E-03
  8.7873919242842935E-03
  8.7963740958556854E-03
  8.8053588376648066E-03
  8.8143412176270083E-03
  8.8233261789382351E-03
  8.8323087666640106E-03
  8.8412939469720408E-03
  8.8502767418347696E-03
  8.8592621406385925E-03
  8.8682451420245209E-03
  8.8772307613545279E-03
  8.8862139715708000E-03
  8.8951998084621821E-03
  8.9041832239778202E-03
  8.9131692779001563E-03
  8.9221528980946690E-03
  8.9311391686065847E-03
  8.9401229928527375E-03
  8.9491094794172769E-03
  8.9580935070970279E-03
  8.9670802092244109E-03
  8.9760644397215532E-03
  8.9850513569199632E-03
  8.9940357896793610E-03
  9.0030229214708643E-03
  9.0120075558099335E-03
  9.0209949017112882E-03
  9.0299797370224037E-03
  9.0389672965460795E-03
  9.0479523322089493E-03
  9.0569401048831415E-03
  9.0659253402919793E-03
  9.0749133256338536E-03
  9.0838987601718404E-03
  9.0928869577102077E-03
  9.1018725907817677E-03
  9.1108610000417596E-03
  9.1198468310286444E-03
  9.1288354515425395E-03
  9.1378214798383504E-03
  9.1468103111408822E-03
  9.1557965361418713E-03
  9.1647855777640935E-03
  9.1737719988714168E-03
  9.1827612503472475E-03
  9.1917478669575666E-03
  9.2007373278307214E-03
  9.2097241393429476E-03
  9.2187138091544881E-03
  9.2277008149720240E-03
  9.2366906932634246E-03
  9.2456778927886511E-03
  9.2546679791093468E-03
  9.2636553717444399E-03
  9.2726456656397858E-03
  9.2816332507985651E-03
  9.2906237518220816E-03
  9.2996115289048862E-03
  9.3086022366064194E-03
  9.3175902050309494E-03
  9.3265811189642261E-03
  9.3355692781408265E-03
  9.3445603978667205E-03
  9.3535487472051274E-03
  9.3625400722808366E-03
  9.3715286112020183E-03
  9.3805201411916866E-03
  9.3895088691117075E-03
  9.3985006039771415E-03
  9.4074895203183975E-03
  9.4164814592377181E-03
  9.4254705639093220E-03
  9.4344627064468761E-03
  9.4434519983847155E-03
  9.4524443441142466E-03
  9.4614338227433734E-03
  9.4704263712380096E-03
  9.4794160359875611E-03
  9.4884087868183885E-03
  9.4973986371160741E-03
  9.5063915898670488E-03
  9.5153816251409822E-03
  9.5243747793917703E-03
  9.5333649990751741E-03
  9.5423583544113622E-03
  9.5513487579337846E-03
  9.5603423139389195E-03
  9.5693329007446089E-03
  9.5783266570040743E-03
  9.5873174265274815E-03
  9.5963113826348315E-03
  9.6053023343159148E-03
  9.6142964898620498E-03
  9.6232876231426134E-03
  9.6322819777231259E-03
  9.6412732920449686E-03
  9.6502678452583188E-03
  9.6592593400695731E-03
  9.6682540915191163E-03
  9.6772457662656665E-03
  9.6862407155496547E-03
  9.6952325696853525E-03
  9.7042276933289751E-03
  9.7132297258915156E-03
  9.7222250309802073E-03
  9.7312271627725648E-03
  9.7402226563488726E-03
  9.7492177203989273E-03
  9.7582200054093932E-03
  9.7672157704714359E-03
  9.7762108760067641E-03
  9.7852133134867809E-03
  9.7942093488813976E-03
  9.8032044947561885E-03
  9.8122070839065517E-03
  9.8212033885012057E-03
  9.8301985735886437E-03
  9.8392013136471123E-03
  9.8481978863090673E-03
  9.8571931182715802E-03
  9.8661883630234599E-03
  9.8751836208116357E-03
  9.8841788915580882E-03
  9.8931741751780555E-03
  9.9021694715894296E-03
  9.9111647807039807E-03
  9.9201601024485851E-03
  9.9291554367364424E-03
  9.9381507834956587E-03
  9.9471461426443291E-03
  9.9561415141126031E-03
  9.9651368978183764E-03
  9.9741322936909779E-03
  9.9831277016564739E-03
  9.9921231216427639E-03
  1.0001118553579998E-02
  1.0010113997399754E-02
  1.0019109453032382E-02
  1.0028104920407831E-02
  1.0037100399466866E-02
  1.0046095890137188E-02
  1.0055091392355886E-02
  1.0064086906065570E-02
  1.0073082431129804E-02
  1.0082077967559208E-02
  1.0091073515290469E-02
  1.0100069074267621E-02
  1.0109064644428371E-02
  1.0118060225713897E-02
  1.0127055818078651E-02
  1.0136051421454417E-02
  1.0145047035795442E-02
  1.0154042661045767E-02
  1.0163038297152080E-02
  1.0172033944064957E-02
  1.0181029601731293E-02
  1.0190025270102888E-02
  1.0199020949134397E-02
  1.0208016638774761E-02
  1.0217012338978228E-02
  1.0226008049695780E-02
  1.0235003770888408E-02
  1.0243999502508519E-02
  1.0252995244514656E-02
  1.0261990996862496E-02
  1.0270986759510986E-02
  1.0279982532421727E-02
  1.0288978315552238E-02
  1.0297974108866162E-02
  1.0306969912324285E-02
  1.0315965725888209E-02
  1.0324961549525866E-02
  1.0333957383198656E-02
  1.0342953226870634E-02
  1.0351949080513199E-02
  1.0360944944086327E-02
  1.0369940817562234E-02
  1.0378936700911922E-02
  1.0387932594098422E-02
  1.0396928497095793E-02
  1.0405924409873400E-02
  1.0414920332402853E-02
  1.0423916264657395E-02
  1.0432912206610679E-02
  1.0441908158234314E-02
  1.0450904119505429E-02
  1.0459900090401755E-02
  1.0468896070895519E-02
  1.0477892060962415E-02
  1.0486888060579977E-02
  1.0495884069734110E-02
  1.0504880088392747E-02
  1.0513876116543435E-02
  1.0522872154164722E-02
  1.0531868201237003E-02
  1.0540864257741077E-02
  1.0549860323660813E-02
  1.0558856398998454E-02
  1.0567852482596143E-02
  1.0576848575592740E-02
  1.0585844677934738E-02
  1.0594840789610904E-02
  1.0603836910599176E-02
  1.0612833040898330E-02
  1.0621829180489168E-02
  1.0630825329356780E-02
  1.0639821487500346E-02
  1.0648817654898834E-02
  1.0657813831551831E-02
  1.0666810017440347E-02
  1.0675806212562946E-02
  1.0684802416907786E-02
  1.0693798630465268E-02
  1.0702794853234370E-02
  1.0711791085205900E-02
  1.0720787326376385E-02
  1.0729783576732552E-02
  1.0738779836278280E-02
  1.0747776104994779E-02
  1.0756772382892668E-02
  1.0765768669964393E-02
  1.0774764966208317E-02
  1.0783761271624647E-02
  1.0792757586210931E-02
  1.0801753910062549E-02
  1.0810750241754697E-02
  1.0819746582834725E-02
  1.0828742933070411E-02
  1.0837739292457056E-02
  1.0846735660995886E-02
  1.0855732038692211E-02
  1.0864728425549705E-02
  1.0873724821568577E-02
  1.0882721226751478E-02
  1.0891717641103313E-02
  1.0900714064624896E-02
  1.0909710497327871E-02
  1.0918706939213259E-02
  1.0927703390285553E-02
  1.0936699850553944E-02
  1.0945696319749237E-02
  1.0954692798156763E-02
  1.0963689285775706E-02
  1.0972685782615458E-02
  1.0981682288684189E-02
  1.0990678803994361E-02
  1.0999675328549240E-02
  1.1008671862360877E-02
  1.1017668405436623E-02
  1.1026664957791185E-02
  1.1035661519429465E-02
  1.1044658090350238E-02
  1.1053654669881948E-02
  1.1062651258133049E-02
  1.1071647855114775E-02
  1.1080644460838562E-02
  1.1089641075319116E-02
  1.1098637698568082E-02
  1.1107634330597709E-02
  1.1116630971425567E-02
  1.1125627621061458E-02
  1.1134624279524989E-02
  1.1143620946822901E-02
  1.1152617622979498E-02
  1.1161614308000091E-02
  1.1170611001911027E-02
  1.1179607704722724E-02
  1.1188604416452745E-02
  1.1197601137120291E-02
  1.1206597866733529E-02
  1.1215594605321464E-02
  1.1224591352894510E-02
  1.1233588109472073E-02
  1.1242584875075394E-02
  1.1251581649719995E-02
  1.1260578433421398E-02
  1.1269575226207584E-02
  1.1278572028092649E-02
  1.1287568839097012E-02
  1.1296565659238448E-02
  1.1305562488543504E-02
  1.1314559327026278E-02
  1.1323556174715359E-02
  1.1332553031621983E-02
  1.1341549897773927E-02
  1.1350546773189982E-02
  1.1359543657892816E-02
  1.1368540551908782E-02
  1.1377537455252580E-02
  1.1386534367957302E-02
  1.1395531289985569E-02
  1.1404528221416424E-02
  1.1413525162273355E-02
  1.1422522112574744E-02
  1.1431519072346939E-02
  1.1440516041619145E-02
  1.1449513020409337E-02
  1.1458510008738144E-02
  1.1467507006642943E-02
  1.1476504014139664E-02
  1.1485501031254654E-02
  1.1494498058012425E-02
  1.1503495094443405E-02
  1.1512492140567614E-02
  1.1521489196414257E-02
  1.1530486262010297E-02
  1.1539483337381055E-02
  1.1548480422548593E-02
  1.1557477517546407E-02
  1.1566474622397984E-02
  1.1575471737132735E-02
  1.1584468861777214E-02
  1.1593465996356337E-02
  1.1602463140898698E-02
  1.1611460295433095E-02
  1.1620457459988940E-02
  1.1629454634589110E-02
  1.1638451819269344E-02
  1.1647449014049660E-02
  1.1656446218965598E-02
  1.1665443434043911E-02
  1.1674440659310746E-02
  1.1683437894799595E-02
  1.1692435140537217E-02
  1.1701432396551182E-02
  1.1710429662873764E-02
  1.1719426939535598E-02
  1.1728424226559354E-02
  1.1737421523982411E-02
  1.1746418831833770E-02
  1.1755416150143456E-02
  1.1764413478935568E-02
  1.1773410818248710E-02
  1.1782408168106166E-02
  1.1791405528545311E-02
  1.1800402899592494E-02
  1.1809400281279985E-02
  1.1818397673638216E-02
  1.1827395076701910E-02
  1.1836392490495982E-02
  1.1845389915054136E-02
  1.1854387350409865E-02
  1.1863384796592172E-02
  1.1872382253632309E-02
  1.1881379721564994E-02
  1.1890377200417598E-02
  1.1899374690219532E-02
  1.1908372191005517E-02
  1.1917369702812930E-02
  1.1926367225668526E-02
  1.1935364759602126E-02
  1.1944362304655599E-02
  1.1953359860848349E-02
  1.1962357428221429E-02
  1.1971355006810173E-02
  1.1980352596636639E-02
  1.1989350197743311E-02
  1.1998347810156944E-02
  1.2007345433912259E-02
  1.2016343069043367E-02
  1.2025340715582332E-02
  1.2034338373559588E-02
  1.2043336043007608E-02
  1.2052333723960503E-02
  1.2061331416457486E-02
  1.2070329120524293E-02
  1.2079326836195236E-02
  1.2088324563501975E-02
  1.2097322302480657E-02
  1.2106320053166008E-02
  1.2115317815587643E-02
  1.2124315589778851E-02
  1.2133313375774354E-02
  1.2142311173612145E-02
  1.2151308983317340E-02
  1.2160306804928344E-02
  1.2169304638473950E-02
  1.2178302483991739E-02
  1.2187300341516029E-02
  1.2196298211080515E-02
  1.2205296092713999E-02
  1.2214293986453446E-02
  1.2223291892334601E-02
  1.2232289810388918E-02
  1.2241287740646214E-02
  1.2250285683147137E-02
  1.2259283637921710E-02
  1.2268281604999341E-02
  1.2277279584421496E-02
  1.2286277576216765E-02
  1.2295275580421712E-02
  1.2304273597069216E-02
  1.2313271626190531E-02
  1.2322269667820171E-02
  1.2331267721996331E-02
  1.2340265788747196E-02
  1.2349263868107691E-02
  1.2358261960114377E-02
  1.2367260064799320E-02
  1.2376258182194589E-02
  1.2385256312331632E-02
  1.2394254455253139E-02
  1.2403252610984234E-02
  1.2412250779559637E-02
  1.2421248961013659E-02
  1.2430247155380615E-02
  1.2439245362696453E-02
  1.2448243582992215E-02
  1.2457241816303238E-02
  1.2466240062658319E-02
  1.2475238322094224E-02
  1.2484236594644446E-02
  1.2493234880340442E-02
  1.2502233179220605E-02
  1.2511231491312310E-02
  1.2520229816650887E-02
  1.2529228155270241E-02
  1.2538226507229194E-02
  1.2547224872417252E-02
  1.2556223251032122E-02
  1.2565221643063389E-02
  1.2574220048542299E-02
  1.2583218467501536E-02
  1.2592216899978879E-02
  1.2601215345999455E-02
  1.2610213805602070E-02
  1.2619212278818789E-02
  1.2628210765686375E-02
  1.2637209266101278E-02
  1.2646207780236084E-02
  1.2655206308112238E-02
  1.2664204849766299E-02
  1.2673203405231153E-02
  1.2682201974533553E-02
  1.2691200557713738E-02
  1.2700199154799075E-02
  1.2709197765825306E-02
  1.2718196390820823E-02
  1.2727195029822797E-02
  1.2736193682856759E-02
  1.2745192349961514E-02
  1.2754191031165658E-02
  1.2763189726502689E-02
  1.2772188436004056E-02
  1.2781187159700398E-02
  1.2790185897627253E-02
  1.2799184649809132E-02
  1.2808183416288312E-02
  1.2817182197086850E-02
  1.2826180992240288E-02
  1.2835179801780077E-02
  1.2844178625742164E-02
  1.2853177464146770E-02
  1.2862176317036582E-02
  1.2871175184433863E-02
  1.2880174066378236E-02
  1.2889172962866841E-02
  1.2898171873961155E-02
  1.2907170799690592E-02
  1.2916169740087012E-02
  1.2925168695180643E-02
  1.2934167665000487E-02
  1.2943166649582902E-02
  1.2952165648950558E-02
  1.2961164663139197E-02
  1.2970163692177617E-02
  1.2979162736097272E-02
  1.2988161794926555E-02
  1.2997160868694669E-02
  1.3006159957434498E-02
  1.3015159061176475E-02
  1.3024158179946337E-02
  1.3033157313779006E-02
  1.3042156462700832E-02
  1.3051155626743062E-02
  1.3060154805934497E-02
  1.3069154000301278E-02
  1.3078153209880988E-02
  1.3087152434694256E-02
  1.3096151674773758E-02
  1.3105150930148499E-02
  1.3114150200850749E-02
  1.3123149486904202E-02
  1.3132148788342759E-02
  1.3141148105188481E-02
  1.3150147437474047E-02
  1.3159146782146209E-02
  1.3168146088248072E-02
  1.3177145378695430E-02
  1.3186144653445394E-02
  1.3195143912448125E-02
  1.3204143155667883E-02
  1.3213142383048090E-02
  1.3222141594541161E-02
  1.3231140790116660E-02
  1.3240139969724141E-02
  1.3249139133317852E-02
  1.3258138280858577E-02
  1.3267137412303426E-02
  1.3276136527765348E-02
  1.3285135628081129E-02
  1.3294134712508137E-02
  1.3303133780653202E-02
  1.3312132832470984E-02
  1.3321131867921039E-02
  1.3330130886968239E-02
  1.3339129889566426E-02
  1.3348128875676995E-02
  1.3357127845264820E-02
  1.3366126798285780E-02
  1.3375125734704544E-02
  1.3384124654482507E-02
  1.3393123557581885E-02
  1.3402122443965506E-02
  1.3411121313591909E-02
  1.3420120166430455E-02
  1.3429119002443157E-02
  1.3438117821592842E-02
  1.3447116623843562E-02
  1.3456115409159168E-02
  1.3465114177508203E-02
  1.3474112928853905E-02
  1.3483111663164616E-02
  1.3492110380403981E-02
  1.3501109080537482E-02
  1.3510107763534483E-02
  1.3519106429361487E-02
  1.3528105077988470E-02
  1.3537103709380100E-02
  1.3546102323504512E-02
  1.3555100920330663E-02
  1.3564099499831388E-02
  1.3573098061971555E-02
  1.3582096606722369E-02
  1.3591095134057887E-02
  1.3600093643942166E-02
  1.3609092136350899E-02
  1.3618090611189317E-02
  1.3627089068430255E-02
  1.3636087508048386E-02
  1.3645085930015935E-02
  1.3654084334305124E-02
  1.3663082720885315E-02
  1.3672081089734042E-02
  1.3681079440821690E-02
  1.3690077774124976E-02
  1.3699076089613670E-02
  1.3708074387266327E-02
  1.3717072667055373E-02
  1.3726070928960998E-02
  1.3735069172951954E-02
  1.3744067399005362E-02
  1.3753065607100186E-02
  1.3762063797210693E-02
  1.3771061969316047E-02
  1.3780060123389700E-02
  1.3789058259413676E-02
  1.3798056377364283E-02
  1.3807054477213540E-02
  1.3816052558951030E-02
  1.3825050622547751E-02
  1.3834048667984707E-02
  1.3843046695242906E-02
  1.3852044704299061E-02
  1.3861042695132750E-02
  1.3870040667730083E-02
  1.3879038622070839E-02
  1.3888036558132146E-02
  1.3897034475894392E-02
  1.3906032375344714E-02
  1.3915030256461050E-02
  1.3924028119224816E-02
  1.3933025963623552E-02
  1.3942023789635201E-02
  1.3951021597246691E-02
  1.3960019386438004E-02
  1.3969017157198112E-02
  1.3978014909509248E-02
  1.3987012643352005E-02
  1.3996010358715970E-02
  1.4005008055584394E-02
  1.4014005733941955E-02
  1.4023003393773546E-02
  1.4032001034954366E-02
  1.4040998654618466E-02
  1.4049996253403493E-02
  1.4058993831290863E-02
  1.4067991388270770E-02
  1.4076988924327081E-02
  1.4085986439447947E-02
  1.4094983933616826E-02
  1.4103981406824733E-02
  1.4112978859056552E-02
  1.4121976290303703E-02
  1.4130973700551892E-02
  1.4139971089787229E-02
  1.4148968458003995E-02
  1.4157965805185850E-02
  1.4166963131322584E-02
  1.4175960436404596E-02
  1.4184957720419222E-02
  1.4193954983359314E-02
  1.4202952225212619E-02
  1.4211949445971169E-02
  1.4220946645623733E-02
  1.4229943824161730E-02
  1.4238940981576994E-02
  1.4247938117861556E-02
  1.4256935233008880E-02
  1.4265932327005080E-02
  1.4274929399849133E-02
  1.4283926451528990E-02
  1.4292923482035050E-02
  1.4301920491367722E-02
  1.4310917479516998E-02
  1.4319914446472667E-02
  1.4328911392229417E-02
  1.4337908316785615E-02
  1.4346905220135134E-02
  1.4355902102266329E-02
  1.4364898963178184E-02
  1.4373895802865792E-02
  1.4382892621323029E-02
  1.4391889418547445E-02
  1.4400886194532092E-02
  1.4409882949276358E-02
  1.4418879682769420E-02
  1.4427876395015362E-02
  1.4436873086007239E-02
  1.4445869755743215E-02
  1.4454866404218182E-02
  1.4463863031430914E-02
  1.4472859637377532E-02
  1.4481856222058239E-02
  1.4490852785469563E-02
  1.4499849327612526E-02
  1.4508845848480797E-02
  1.4517842348075804E-02
  1.4526838826403675E-02
  1.4535835283234431E-02
  1.4544831718797028E-02
  1.4553828133082893E-02
  1.4562824526088140E-02
  1.4571820897820123E-02
  1.4580817248273125E-02
  1.4589813577185100E-02
  1.4598810014236026E-02
  1.4607806429053129E-02
  1.4616802822069610E-02
  1.4625799193288328E-02
  1.4634795542708875E-02
  1.4643791870326349E-02
  1.4652788176140751E-02
  1.4661784460149015E-02
  1.4670780722355229E-02
  1.4679776962756123E-02
  1.4688773181350881E-02
  1.4697769378137458E-02
  1.4706765553119738E-02
  1.4715761706335914E-02
  1.4724757837496162E-02
  1.4733753946910321E-02
  1.4742750034522838E-02
  1.4751746100333914E-02
  1.4760742144345392E-02
  1.4769738166558901E-02
  1.4778734166978530E-02
  1.4787730145602029E-02
  1.4796726102433282E-02
  1.4805722037475757E-02
  1.4814717950729866E-02
  1.4823713842201939E-02
  1.4832709711891772E-02
  1.4841705559804470E-02
  1.4850701385943712E-02
  1.4859697190311334E-02
  1.4868692972912854E-02
  1.4877688733752351E-02
  1.4886684472828603E-02
  1.4895680190155908E-02
  1.4904675885728955E-02
  1.4913671559561224E-02
  1.4922667211651079E-02
  1.4931662842007714E-02
  1.4940658450631942E-02
  1.4949654037534389E-02
  1.4958649602721179E-02
  1.4967645146189250E-02
  1.4976640667954530E-02
  1.4985636168017430E-02
  1.4994631646388980E-02
  1.5003627103074284E-02
  1.5012622538079674E-02
  1.5021617951410871E-02
  1.5030613343074000E-02
  1.5039608713082133E-02
  1.5048604061438741E-02
  1.5057599388152406E-02
  1.5066594693228026E-02
  1.5075589976676018E-02
  1.5084585238508436E-02
  1.5093580478727114E-02
  1.5102575697343287E-02
  1.5111570894367576E-02
  1.5120566069803044E-02
  1.5129561223664193E-02
  1.5138556355958580E-02
  1.5147551466694170E-02
  1.5156546555883830E-02
  1.5165541623535936E-02
  1.5174536669657838E-02
  1.5183531694263222E-02
  1.5192526697358624E-02
  1.5201521678956708E-02
  1.5210516639067070E-02
  1.5219511577702172E-02
  1.5228506494869979E-02
  1.5237501390586218E-02
  1.5246496264857424E-02
  1.5255491117695443E-02
  1.5264485949110080E-02
  1.5273480759117877E-02
  1.5282475547728843E-02
  1.5291470314951353E-02
  1.5300465060802767E-02
  1.5309459785290844E-02
  1.5318454488429886E-02
  1.5327449170231121E-02
  1.5336443830710278E-02
  1.5345438469876346E-02
  1.5354433087743823E-02
  1.5363427684327009E-02
  1.5372422259636930E-02
  1.5381416813686252E-02
  1.5390411346490905E-02
  1.5399405858066819E-02
  1.5408400348419509E-02
  1.5417394817570628E-02
  1.5426389265531202E-02
  1.5435383692315322E-02
  1.5444378097936473E-02
  1.5453372482411401E-02
  1.5462366845749703E-02
  1.5471361187974462E-02
  1.5480355509093437E-02
  1.5489349809121745E-02
  1.5498344088076130E-02
  1.5507338345975386E-02
  1.5516332582830947E-02
  1.5525326798654664E-02
  1.5534320993472676E-02
  1.5543315167289072E-02
  1.5552309320128561E-02
  1.5561303451999724E-02
  1.5570297562924822E-02
  1.5579291652916929E-02
  1.5588285721990749E-02
  1.5597279770165685E-02
  1.5606273797456034E-02
  1.5615267803881609E-02
  1.5624261789455481E-02
