                Infinity
  5.0092687220350781E+04
  2.5201280403406156E+04
  1.6629370088279844E+04
  1.2397567887003184E+04
  9.8756733790153903E+03
  8.2017549727524529E+03
  7.0098352662850530E+03
  6.1180457728152560E+03
  5.4257882749525370E+03
  4.8729010101041185E+03
  4.4211967910770791E+03
  4.0452696433703854E+03
  3.7275604724553746E+03
  3.4555448201871372E+03
  3.2200491797031527E+03
  3.0142006185608193E+03
  2.8327481876846632E+03
  2.6716111408715201E+03
  2.5275701885350818E+03
  2.3980516016012079E+03
  2.2809731436038815E+03
  2.1746321147584422E+03
  2.0776226641307985E+03
  1.9887738160163303E+03
  1.9071023992276835E+03
  1.8317768594298232E+03
  1.7620891278883857E+03
  1.6974325290099478E+03
  1.6372842665743924E+03
  1.5811914185528376E+03
  1.5287596469969637E+03
  1.4796440281661583E+03
  1.4335415524738228E+03
  1.3901849499657596E+03
  1.3493375758540453E+03
  1.3107891496960840E+03
  1.2743521865032501E+03
  1.2398589921508396E+03
  1.2071591216724978E+03
  1.1761172193356249E+03
  1.1466111752304389E+03
  1.1185305455604978E+03
  1.0917751936522764E+03
  1.0662541165299381E+03
  1.0418844281556060E+03
  1.0185904754667773E+03
  9.9630306741081381E+02
  9.7495880047931450E+02
  9.5449946694202606E+02
  9.3487153418753576E+02
  9.1602568540232789E+02
  8.9791641332165614E+02
  8.8050166003473794E+02
  8.6374249686784151E+02
  8.4760283923914017E+02
  8.3204919210945616E+02
  8.1705042226685191E+02
  8.0257755420312856E+02
  7.8860358678047317E+02
  7.7510332825968885E+02
  7.6205324758106985E+02
  7.4943134006028060E+02
  7.3721700589648185E+02
  7.2539094008927611E+02
  7.1393503253486665E+02
  7.0283227721983098E+02
  6.9206668956201179E+02
  6.8162323105760026E+02
  6.7148774049354040E+02
  6.6164687106704059E+02
  6.5208803282945485E+02
  6.4279933993614213E+02
  6.3376956224104663E+02
  6.2498808082408038E+02
  6.1644484708419202E+02
  6.0813034506908889E+02
  6.0003555674695872E+02
  5.9215192995571158E+02
  5.8447134879235261E+02
  5.7698610622845194E+02
  5.6968887875932467E+02
  5.6257270291268946E+02
  5.5563095345998647E+02
  5.4885732318830526E+02
  5.4224580410393094E+02
  5.3579066995100777E+02
  5.2948645993920570E+02
  5.2332796358407768E+02
  5.1731020657262752E+02
  5.1142843757379262E+02
  5.0567811592158910E+02
  5.0005490010371221E+02
  4.9455463699548676E+02
  4.8917335178305240E+02
  4.8390723852566089E+02
  4.7875265130902341E+02
  4.7370609594855387E+02
  4.6876422220191932E+02
  4.6392381645554849E+02
  4.5918179485139774E+02
  4.5453519682373457E+02
  4.4998117901741239E+02
  4.4551700956191638E+02
  4.4114006267715371E+02
  4.3684781358839683E+02
  4.3263783373060755E+02
  4.2850778622276346E+02
  4.2445542159447245E+02
  4.2047857374897092E+02
  4.1657515614723815E+02
  4.1274315819953523E+02
  4.0898064185074423E+02
  4.0528573834804791E+02
  4.0165664517963211E+02
  3.9809162317365963E+02
  3.9458899374815644E+02
  3.9114713630259047E+02
  3.8776448574262355E+02
  3.8443953013057933E+02
  3.8117080845357611E+02
  3.7795690850319761E+02
  3.7479646485997085E+02
  3.7168815697653588E+02
  3.6863070735413783E+02
  3.6562287980715610E+02
  3.6266347781059551E+02
  3.5975134292625563E+02
  3.5688535330303392E+02
  3.5406442224720826E+02
  3.5128749685929824E+02
  3.4855355673365483E+02
  3.4586161271738041E+02
  3.4321070572585921E+02
  3.4059990561121077E+02
  3.3802831008175133E+02
  3.3549504366919172E+02
  3.3299925674133669E+02
  3.3054012455811528E+02
  3.2811684636848412E+02
  3.2572864454625181E+02
  3.2337476376308877E+02
  3.2105447019649966E+02
  3.1876705077136245E+02
  3.1651181243325470E+02
  3.1428808145197416E+02
  3.1209520275402429E+02
  3.0993253928237698E+02
  3.0779947138234513E+02
  3.0569539621254506E+02
  3.0361972717940336E+02
  3.0157189339430960E+02
  2.9955133915243050E+02
  2.9755752343202914E+02
  2.9558991941342521E+02
  2.9364801401669047E+02
  2.9173130745740093E+02
  2.8983931281925771E+02
  2.8797155564327323E+02
  2.8612757353230216E+02
  2.8430691577089050E+02
  2.8250914295895359E+02
  2.8073382665947275E+02
  2.7898054905911391E+02
  2.7724890264132910E+02
  2.7553848987145352E+02
  2.7384892289331322E+02
  2.7217982323676301E+02
  2.7053082153578646E+02
  2.6890155725661896E+02
  2.6729167843566887E+02
  2.6570084142649227E+02
  2.6412871065582522E+02
  2.6257495838813060E+02
  2.6103926449833506E+02
  2.5952131625223967E+02
  2.5802080809468669E+02
  2.5653744144493919E+02
  2.5507092449891036E+02
  2.5362097203806880E+02
  2.5218730524490650E+02
  2.5076965152442111E+02
  2.4936774433165880E+02
  2.4798132300480356E+02
  2.4661013260387710E+02
  2.4525392375468311E+02
  2.4391245249775855E+02
  2.4258548014235583E+02
  2.4127277312497642E+02
  2.3997410287244048E+02
  2.3868924566941669E+02
  2.3741798253009844E+02
  2.3616009907390261E+02
  2.3491538540503331E+02
  2.3368363599587451E+02
  2.3246464957399249E+02
  2.3125822901255125E+02
  2.3006418122416000E+02
  2.2888231705798540E+02
  2.2771245119985022E+02
  2.2655440207556168E+02
  2.2540799175697600E+02
  2.2427304587093823E+02
  2.2314939351098042E+02
  2.2203686715157690E+02
  2.2093530256491306E+02
  2.1984453874017635E+02
  2.1876441780515029E+02
  2.1769478495006970E+02
  2.1663548835375300E+02
  2.1558637911181756E+02
  2.1454731116690857E+02
  2.1351814124102697E+02
  2.1249872876965958E+02
  2.1148893583788782E+02
  2.1048862711817634E+02
  2.0949766980998297E+02
  2.0851593358109687E+02
  2.0754329051041265E+02
  2.0657961503253358E+02
  2.0562478388369155E+02
  2.0467867604927090E+02
  2.0374117271272343E+02
  2.0281215720583091E+02
  2.0189151496044008E+02
  2.0097913346129141E+02
  2.0007490220029297E+02
  1.9917871263192595E+02
  1.9829045812983566E+02
  1.9741003394460722E+02
  1.9653733716260513E+02
  1.9567226666594004E+02
  1.9481472309340313E+02
  1.9396460880250945E+02
  1.9312182783249307E+02
  1.9228628586817209E+02
  1.9145789020485299E+02
  1.9063654971405708E+02
  1.8982217481019038E+02
  1.8901467741793897E+02
  1.8821397094063801E+02
  1.8741997022930300E+02
  1.8663259155248673E+02
  1.8585175256688848E+02
  1.8507737228873106E+02
  1.8430937106574677E+02
  1.8354767054990702E+02
  1.8279219367088888E+02
  1.8204286461005154E+02
  1.8129960877512482E+02
  1.8056235277550456E+02
  1.7983102439817813E+02
  1.7910555258411827E+02
  1.7838586740533364E+02
  1.7767190004247269E+02
  1.7696358276287262E+02
  1.7626084889923936E+02
  1.7556363282872036E+02
  1.7487186995253660E+02
  1.7418549667609838E+02
  1.7350445038950670E+02
  1.7282866944858935E+02
  1.7215809315632316E+02
  1.7149266174474349E+02
  1.7083231635716476E+02
  1.7017699903092429E+02
  1.6952665268040408E+02
  1.6888122108055393E+02
  1.6824064885066511E+02
  1.6760488143864339E+02
  1.6697386510551650E+02
  1.6634754691031515E+02
  1.6572587469534778E+02
  1.6510879707173223E+02
  1.6449626340528820E+02
  1.6388822380272364E+02
  1.6328462909810347E+02
  1.6268543083967924E+02
  1.6209058127691927E+02
  1.6150003334790287E+02
  1.6091374066691711E+02
  1.6033165751233963E+02
  1.5975373881481036E+02
  1.5917994014565926E+02
  1.5861021770549013E+02
  1.5804452831314157E+02
  1.5748282939477144E+02
  1.5692507897322682E+02
  1.5637123565761775E+02
  1.5582125863311288E+02
  1.5527510765094951E+02
  1.5473274301866201E+02
  1.5419412559048780E+02
  1.5365921675795991E+02
  1.5312797844077318E+02
  1.5260037307773374E+02
  1.5207636361793567E+02
  1.5155591351218209E+02
  1.5103898670443002E+02
  1.5052554762359046E+02
  1.5001556117532252E+02
  1.4950899273411855E+02
  1.4900580813547523E+02
  1.4850597366823834E+02
  1.4800945606713731E+02
  1.4751622250541575E+02
  1.4702624058761671E+02
  1.4653947834254600E+02
  1.4605590421634230E+02
  1.4557548706565092E+02
  1.4509819615103214E+02
  1.4462400113037972E+02
  1.4415287205253782E+02
  1.4368477935104679E+02
  1.4321969383792259E+02
  1.4275758669770778E+02
  1.4229842948147126E+02
  1.4184219410103145E+02
  1.4138885282326353E+02
  1.4093837826447555E+02
  1.4049074338494165E+02
  1.4004592148353981E+02
  1.3960388619240814E+02
  1.3916461147183125E+02
  1.3872807160508120E+02
  1.3829424119350574E+02
  1.3786309515154412E+02
  1.3743460870195807E+02
  1.3700875737112651E+02
  1.3658551698438015E+02
  1.3616486366145344E+02
  1.3574677381201874E+02
  1.3533122413131622E+02
  1.3491819159583449E+02
  1.3450765345907314E+02
  1.3409958724740085E+02
  1.3369397075595805E+02
  1.3329078204469138E+02
  1.3288999943436318E+02
  1.3249160150274884E+02
  1.3209556708078779E+02
  1.3170187524888468E+02
  1.3131050533323602E+02
  1.3092143690222511E+02
  1.3053464976290016E+02
  1.3015012395751609E+02
  1.2976783976007073E+02
  1.2938777767299482E+02
  1.2900991842384397E+02
  1.2863424296205415E+02
  1.2826073245576958E+02
  1.2788936828869323E+02
  1.2752013205704250E+02
  1.2715300556648566E+02
  1.2678797082924027E+02
  1.2642501006105464E+02
  1.2606410567843716E+02
  1.2570524029575104E+02
  1.2534839672250338E+02
  1.2499355796057480E+02
  1.2464070720156172E+02
  1.2428982782410620E+02
  1.2394090339134223E+02
  1.2359391764832193E+02
  1.2324885451951231E+02
  1.2290569810632601E+02
  1.2256443268468163E+02
  1.2222504270265947E+02
  1.2188751277809115E+02
  1.2155182769630927E+02
  1.2121797240784618E+02
  1.2088593202619406E+02
  1.2055569182561632E+02
  1.2022723723899055E+02
  1.1990055385567510E+02
  1.1957562741939392E+02
  1.1925244382621698E+02
  1.1893098912249627E+02
  1.1861124950288958E+02
  1.1829321130839851E+02
  1.1797686102441925E+02
  1.1766218527885454E+02
  1.1734917084023425E+02
  1.1703780461588183E+02
  1.1672807365009108E+02
  1.1641996512235193E+02
  1.1611346634557512E+02
  1.1580856476438389E+02
  1.1550524795339025E+02
  1.1520350361555032E+02
  1.1490331958045144E+02
  1.1460468380276735E+02
  1.1430758436007324E+02
  1.1401200900837266E+02
  1.1371794651119517E+02
  1.1342538531147491E+02
  1.1313431396557267E+02
  1.1284472114563111E+02
  1.1255659563817515E+02
  1.1226992634257911E+02
  1.1198470226975141E+02
  1.1170091254066203E+02
  1.1141854638502498E+02
  1.1113759313988960E+02
  1.1085804224835807E+02
  1.1057988325825551E+02
  1.1030310582082069E+02
  1.1002769968944037E+02
  1.0975365471841796E+02
  1.0948096086168620E+02
  1.0920960817162344E+02
  1.0893958679784782E+02
  1.0867088698602214E+02
  1.0840349907670723E+02
  1.0813741350418579E+02
  1.0787262079535247E+02
  1.0760911156857155E+02
  1.0734687653260916E+02
  1.0708590648552763E+02
  1.0682619231361562E+02
  1.0656772499034638E+02
  1.0631049557532116E+02
  1.0605449521327252E+02
  1.0579971513302685E+02
  1.0554614664651642E+02
  1.0529378114781133E+02
  1.0504261011215206E+02
  1.0479262509496739E+02
  1.0454381773096794E+02
  1.0429617973321271E+02
  1.0404970289217964E+02
  1.0380437907487122E+02
  1.0356020022393881E+02
  1.0331715835679070E+02
  1.0307524556473686E+02
  1.0283445401211523E+02
  1.0259477593550936E+02
  1.0235620364283514E+02
  1.0211872951260388E+02
  1.0188234599306179E+02
  1.0164704560142128E+02
  1.0141282092306581E+02
  1.0117966461077418E+02
  1.0094756938397299E+02
  1.0071652802797290E+02
  1.0048653339321012E+02
  1.0025757839454954E+02
  1.0002965601054488E+02
  9.9802759282705821E+01
  9.9576881314826792E+01
  9.9352015272275580E+01
  9.9128154381303432E+01
  9.8905291928387101E+01
  9.8683421259545185E+01
  9.8462535779696310E+01
  9.8242628951991605E+01
  9.8023694297194155E+01
  9.7805725393021120E+01
  9.7588715873555785E+01
  9.7372659428594389E+01
  9.7157549803058657E+01
  9.6943380796399865E+01
  9.6730146261995259E+01
  9.6517840106560996E+01
  9.6306456289592418E+01
  9.6095988819928579E+01
  9.5886428875352323E+01
  9.5677773462241902E+01
  9.5470016773770794E+01
  9.5263153024640587E+01
  9.5057176479017798E+01
  9.4852081449994117E+01
  9.4647862299086086E+01
  9.4444513435722314E+01
  9.4242029316717890E+01
  9.4040404445790415E+01
  9.3839633373055207E+01
  9.3639710694557920E+01
  9.3440631051758174E+01
  9.3242389131091571E+01
  9.3044979663465526E+01
  9.2848397423819037E+01
  9.2652637230661313E+01
  9.2457693945613144E+01
  9.2263562472955059E+01
  9.2070237759201646E+01
  9.1877714792650593E+01
  9.1685988602967342E+01
  9.1495054260746031E+01
  9.1304906877088527E+01
  9.1115541603218887E+01
  9.0926953630024414E+01
  9.0739138187693712E+01
  9.0552090545305035E+01
  9.0365806010412967E+01
  9.0180279928680363E+01
  8.9995507683480938E+01
  8.9811484695531192E+01
  8.9628206422431902E+01
  8.9445668311940338E+01
  8.9263865940967548E+01
  8.9082794876227382E+01
  8.8902450719568890E+01
  8.8722829107979109E+01
  8.8543925713228504E+01
  8.8365736241540247E+01
  8.8188256433257095E+01
  8.8011482062494863E+01
  8.7835408936797691E+01
  8.7660032896815949E+01
  8.7485349815979731E+01
  8.7311355600194787E+01
  8.7138046187503704E+01
  8.6965417547771764E+01
  8.6793465682385218E+01
  8.6622186623933544E+01
  8.6451576435928501E+01
  8.6281631212480164E+01
  8.6112347078006508E+01
  8.5943720186953385E+01
  8.5775746723480609E+01
  8.5608422901201678E+01
  8.5441744962894774E+01
  8.5275709180202512E+01
  8.5110311853375322E+01
  8.4945549311003404E+01
  8.4781417909726670E+01
  8.4617914033967566E+01
  8.4455034095694032E+01
  8.4292774534141586E+01
  8.4131131815540655E+01
  8.3970102432886407E+01
  8.3809682905682607E+01
  8.3649869779664499E+01
  8.3490659626584971E+01
  8.3332049043963920E+01
  8.3174034654830535E+01
  8.3016613107495814E+01
  8.2859781075331426E+01
  8.2703535256511969E+01
  8.2547872373793069E+01
  8.2392789174290897E+01
  8.2238282429249026E+01
  8.2084348933819399E+01
  8.1930985506824626E+01
  8.1778188990579224E+01
  8.1625956250630182E+01
  8.1474284175575605E+01
  8.1323169676836471E+01
  8.1172609688449214E+01
  8.1022601166870089E+01
  8.0873141090760839E+01
  8.0724226460794043E+01
  8.0575854299441218E+01
  8.0428021650791877E+01
  8.0280725580344466E+01
  8.0133963174821659E+01
  7.9987731541972337E+01
  7.9842027810394981E+01
  7.9696849129323766E+01
  7.9552192668479307E+01
  7.9408055617866211E+01
  7.9264435187581483E+01
  7.9121328607652899E+01
  7.8978733127868722E+01
  7.8836646017570118E+01
  7.8695064565507849E+01
  7.8553986079661513E+01
  7.8413407887056550E+01
  7.8273327332366122E+01
  7.8133741136802030E+01
  7.7994647324977251E+01
  7.7856043304387072E+01
  7.7717926494862695E+01
  7.7580294334311247E+01
  7.7443144278553547E+01
  7.7306473801173084E+01
  7.7170280393368699E+01
  7.7034561563780073E+01
  7.6899314838357071E+01
  7.6764537760197086E+01
  7.6630227889404580E+01
  7.6496382802941667E+01
  7.6363000094486026E+01
  7.6230077374287958E+01
  7.6097612269013325E+01
  7.5965602421618982E+01
  7.5834045491215733E+01
  7.5702939152917381E+01
  7.5572281097709336E+01
  7.5442069032325890E+01
  7.5312300679081872E+01
  7.5182973775791353E+01
  7.5054086075593517E+01
  7.4925635346843990E+01
  7.4797619372975802E+01
  7.4670035952382861E+01
  7.4542882898289790E+01
  7.4416158038624900E+01
  7.4289859215902140E+01
  7.4163984287083096E+01
  7.4038531123489989E+01
  7.3913497610653366E+01
  7.3788881648192273E+01
  7.3664681144672144E+01
  7.3540894032615356E+01
  7.3417518253307847E+01
  7.3294551761628767E+01
  7.3171992525986241E+01
  7.3049838528203622E+01
  7.2928087763407873E+01
  7.2806738239920449E+01
  7.2685787979162129E+01
  7.2565235015518169E+01
  7.2445077396256295E+01
  7.2325313181211115E+01
  7.2205940356028108E+01
  7.2086957092576654E+01
  7.1968361489353796E+01
  7.1850151656440957E+01
  7.1732325716184818E+01
  7.1614881803084415E+01
  7.1497818063709772E+01
  7.1381132656585692E+01
  7.1264823752111795E+01
  7.1148889532449758E+01
  7.1033328191456164E+01
  7.0918137934559468E+01
  7.0803316978686382E+01
  7.0688863552166751E+01
  7.0574775894631443E+01
  7.0461052256945862E+01
  7.0347690901090587E+01
  7.0234690100094667E+01
  7.0122048137947075E+01
  7.0009763309497544E+01
  6.9897833920379938E+01
  6.9786258286931101E+01
  6.9675034736092627E+01
  6.9564161605340587E+01
  6.9453637242603463E+01
  6.9343460006166111E+01
  6.9233628264599446E+01
  6.9124140396685775E+01
  6.9014994791319452E+01
  6.8906189847453987E+01
  6.8797723974000391E+01
  6.8689595589764963E+01
  6.8581803123369468E+01
  6.8474345013166101E+01
  6.8367219707174982E+01
  6.8260425663005634E+01
  6.8153961347776786E+01
  6.8047825238050294E+01
  6.7942015819756151E+01
  6.7836531588117722E+01
  6.7731371047590429E+01
  6.7626532711782218E+01
  6.7522015103378166E+01
  6.7417816754093877E+01
  6.7313936204577928E+01
  6.7210372004368239E+01
  6.7107122711806085E+01
  6.7004186893988262E+01
  6.6901563126676578E+01
  6.6799249994259185E+01
  6.6697246089669804E+01
  6.6595550014320011E+01
  6.6494160378046786E+01
  6.6393075799045917E+01
  6.6292294903796886E+01
  6.6191816327024640E+01
  6.6091638711618685E+01
  6.5991760708580159E+01
  6.5892180976959935E+01
  6.5792898183794208E+01
  6.5693911004054783E+01
  6.5595218120574771E+01
  6.5496818224018128E+01
  6.5398710012789252E+01
  6.5300892192990844E+01
  6.5203363478372552E+01
  6.5106122590267503E+01
  6.5009168257541248E+01
  6.4912499216522221E+01
  6.4816114210966091E+01
  6.4720011991995563E+01
  6.4624191318038626E+01
  6.4528650954779010E+01
  6.4433389675111997E+01
  6.4338406259082575E+01
  6.4243699493829297E+01
  6.4149268173546218E+01
  6.4055111099423129E+01
  6.3961227079597066E+01
  6.3867614929103546E+01
  6.3774273469822035E+01
  6.3681201530425575E+01
  6.3588397946308191E+01
  6.3495861548494858E+01
  6.3403591196801216E+01
  6.3311585746706314E+01
  6.3219844060153761E+01
  6.3128365005590517E+01
  6.3037147457928114E+01
  6.2946190298504284E+01
  6.2855492415019057E+01
  6.2765052701499179E+01
  6.2674870058257405E+01
  6.2584943391838941E+01
  6.2495271614989079E+01
  6.2405853646601500E+01
  6.2316688411666185E+01
  6.2227774841248184E+01
  6.2139111872426469E+01
  6.2050698448255652E+01
  6.1962533516891625E+01
  6.1874614885788567E+01
  6.1786943810644722E+01
  6.1699516928810930E+01
  6.1612335582434234E+01
  6.1525396338462720E+01
  6.1438700632524501E+01
  6.1352244961960480E+01
  6.1266030854768076E+01
  6.1180054737591803E+01
  6.1094318231565886E+01
  6.1008817692192174E+01
  6.0923554833886598E+01
  6.0838525940565418E+01
  6.0753732820057522E+01
  6.0669171684249918E+01
  6.0584844434534368E+01
  6.0500747210344365E+01
  6.0416882006760389E+01
  6.0333244890335727E+01
  6.0249837949987622E+01
  6.0166657178954281E+01
  6.0083704760135277E+01
  6.0000976613037267E+01
  5.9918475014670996E+01
  5.9836195810404440E+01
  5.9754141371500673E+01
  5.9672307468782655E+01
  5.9590696567888799E+01
  5.9509304364708584E+01
  5.9428133419394904E+01
  5.9347179352492034E+01
  5.9266444818802256E+01
  5.9185925363150261E+01
  5.9105623735108033E+01
  5.9025535403394720E+01
  5.8945663212479658E+01
  5.8866002554609750E+01
  5.8786556369273782E+01
  5.8707319971868642E+01
  5.8628296397035562E+01
  5.8549480882961532E+01
  5.8470876559544067E+01
  5.8392478587404391E+01
  5.8314290191831418E+01
  5.8236306455525444E+01
  5.8158530699275907E+01
  5.8080957927515207E+01
  5.8003591556649269E+01
  5.7926426512508094E+01
  5.7849466306929756E+01
  5.7772705701543828E+01
  5.7696148388813860E+01
  5.7619789137611974E+01
  5.7543631651433536E+01
  5.7467670618727887E+01
  5.7391909839042391E+01
  5.7316343920928169E+01
  5.7240976760069614E+01
  5.7165802884814674E+01
  5.7090826287084447E+01
  5.7016041414723709E+01
  5.6941452355984133E+01
  5.6867053477898381E+01
  5.6792848965153141E+01
  5.6718833103688276E+01
  5.6645010174707060E+01
  5.6571374382757043E+01
  5.6497930105652522E+01
  5.6424671466282582E+01
  5.6351602939137216E+01
  5.6278718565180377E+01
  5.6206022915671170E+01
  5.6133509949369234E+01
  5.6061184334376883E+01
  5.5989039946997771E+01
  5.5917081552240838E+01
  5.5845302943713371E+01
  5.5773708983398436E+01
  5.5702293381937444E+01
  5.5631061098369720E+01
  5.5560005760140747E+01
  5.5489132423394608E+01
  5.5418434630689561E+01
  5.5347917538246030E+01
  5.5277574603512008E+01
  5.5207411078447400E+01
  5.5137420339580785E+01
  5.5067607734678738E+01
  5.4997966556155369E+01
  5.4928502249104525E+01
  5.4859208021631822E+01
  5.4790089416193574E+01
  5.4721139556385083E+01
  5.4652364082065432E+01
  5.4583756032125905E+01
  5.4515321143864441E+01
  5.4447052371265556E+01
  5.4378955549110096E+01
  5.4311023546296482E+01
  5.4243262295101928E+01
  5.4175664579168192E+01
  5.4108236428291690E+01
  5.4040970540683894E+01
  5.3973873043686538E+01
  5.3906936549912430E+01
  5.3840167284263508E+01
  5.3773557773586248E+01
  5.3707114340360874E+01
  5.3640829425519158E+01
  5.3574709449125933E+01
  5.3508746766047743E+01
  5.3442947893880188E+01
  5.3377305088855529E+01
  5.3311824978399834E+01
  5.3246499745267414E+01
  5.3181336101967347E+01
  5.3116326144670928E+01
  5.3051476683453942E+01
  5.2986779727899204E+01
  5.2922242185636058E+01
  5.2857855979552333E+01
  5.2793628114809593E+01
  5.2729550427486821E+01
  5.2665630020258604E+01
  5.2601858642207475E+01
  5.2538243493664304E+01
  5.2474776236616577E+01
  5.2411464168849740E+01
  5.2348298865247820E+01
  5.2285287720934093E+01
  5.2222422223778437E+01
  5.2159709866198533E+01
  5.2097142046826903E+01
  5.2034725795499867E+01
  5.1972452982299842E+01
  5.1910331302405019E+01
  5.1848351979332499E+01
  5.1786522799766793E+01
  5.1724834899615502E+01
  5.1663296162892763E+01
  5.1601897637832643E+01
  5.1540647305721897E+01
  5.1479536127061465E+01
  5.1418572180355980E+01
  5.1357746338330266E+01
  5.1297066776637692E+01
  5.1236524280180518E+01
  5.1176127121697853E+01
  5.1115865998228898E+01
  5.1055749279525472E+01
  5.0995767574727807E+01
  5.0935929350535538E+01
  5.0876225128161835E+01
  5.0816663471167310E+01
  5.0757234812816463E+01
  5.0697947813445097E+01
  5.0638792818364308E+01
  5.0579778584586997E+01
  5.0520895369460391E+01
  5.0462152026587319E+01
  5.0403538725343900E+01
  5.0345064415831359E+01
  5.0286719179449435E+01
  5.0228512062693930E+01
  5.0170433059000928E+01
  5.0112491311155047E+01
  5.0054676724643784E+01
  4.9996998538426141E+01
  4.9939446570051942E+01
  4.9882030154547436E+01
  4.9824739021557264E+01
  4.9767582602046389E+01
  4.9710550537787647E+01
  4.9653652355562485E+01
  4.9596877609300009E+01
  4.9540235921472622E+01
  4.9483716758212765E+01
  4.9427329837546736E+01
  4.9371064537854238E+01
  4.9314930672588311E+01
  4.9258917532420142E+01
  4.9203035026090213E+01
  4.9147272356633380E+01
  4.9091639527910623E+01
  4.9036125655382740E+01
  4.8980740837896491E+01
  4.8925474103401996E+01
  4.8870335645576404E+01
  4.8815314404938462E+01
  4.8760420669831817E+01
  4.8705643293423428E+01
  4.8650992658561108E+01
  4.8596457531144019E+01
  4.8542048388364556E+01
  4.8487753908733779E+01
  4.8433584664024998E+01
  4.8379529245463310E+01
  4.8325598318812482E+01
  4.8271780388312941E+01
  4.8218086213322657E+01
  4.8164504209810012E+01
  4.8111045234212995E+01
  4.8057697613900388E+01
  4.8004472296853734E+01
  4.7951357527587334E+01
  4.7898364345462234E+01
  4.7845480908447939E+01
  4.7792718348949720E+01
  4.7740064738544760E+01
  4.7687531302494470E+01
  4.7635106026103394E+01
  4.7582800227274994E+01
  4.7530601805187843E+01
  4.7478522170183091E+01
  4.7426549135449832E+01
  4.7374694203556814E+01
  4.7322945101852490E+01
  4.7271313424911128E+01
  4.7219786814389138E+01
  4.7168376956648785E+01
  4.7117071407816830E+01
  4.7065881945813430E+01
  4.7014796041401880E+01
  4.6963825563825388E+01
  4.6912957898639839E+01
  4.6862205006191125E+01
  4.6811554187002208E+01
  4.6761017492284338E+01
  4.6710582137702744E+01
  4.6660260265082954E+01
  4.6610039005416155E+01
  4.6559930590905466E+01
  4.6509922068048375E+01
  4.6460025759177867E+01
  4.6410228626483352E+01
  4.6360543082174878E+01
  4.6310956004338117E+01
  4.6261479894804417E+01
  4.6212101547744865E+01
  4.6162833554349994E+01
  4.6113662625087919E+01
  4.6064601440238057E+01
  4.6015636626778324E+01
  4.5966780953811153E+01
  4.5918020965029825E+01
  4.5869369518096661E+01
  4.5820813073620911E+01
  4.5772364577569107E+01
  4.5724010407695197E+01
  4.5675763597967382E+01
  4.5627610443516140E+01
  4.5579564066026272E+01
  4.5531610678241996E+01
  4.5483763486806744E+01
  4.5436004845914105E+01
  4.5388355615239504E+01
  4.5340794360896197E+01
  4.5293341866857837E+01
  4.5245976714547538E+01
  4.5198719668164394E+01
  4.5151549473658413E+01
  4.5104486747329922E+01
  4.5057510312419652E+01
  4.5010640712570897E+01
  4.4963856848037722E+01
  4.4917179190843910E+01
  4.4870586717168813E+01
  4.4824099828456326E+01
  4.4777697575732631E+01
  4.4731400290879300E+01
  4.4685187098689248E+01
  4.4639078262529885E+01
  4.4593052979877655E+01
  4.4547131446605277E+01
  4.4501292931805551E+01
  4.4455557564879449E+01
  4.4409904685465307E+01
  4.4364354357518948E+01
  4.4318885990145056E+01
  4.4273519582890543E+01
  4.4228234613254727E+01
  4.4183051017387214E+01
  4.4137948340125298E+01
  4.4092946455183686E+01
  4.4048024963959293E+01
  4.4003203686031597E+01
  4.3958462302752864E+01
  4.3913820561275273E+01
  4.3869258207010873E+01
  4.3824794927746815E+01
  4.3780410531841568E+01
  4.3736124649096013E+01
  4.3691917149763626E+01
  4.3647807606308639E+01
  4.3603775950005733E+01
  4.3559841696993630E+01
  4.3515984838515060E+01
  4.3472224835112733E+01
  4.3428541737507402E+01
  4.3384954951649966E+01
  4.3341444586131928E+01
  4.3298029993609717E+01
  4.3254691339519567E+01
  4.3211447924179204E+01
  4.3168279968850378E+01
  4.3125206722511457E+01
  4.3082208461218968E+01
  4.3039304383595137E+01
  4.2996474819472716E+01
  4.2953738918067835E+01
  4.2911077062029534E+01
  4.2868508352150890E+01
  4.2826013222816783E+01
  4.2783610727407662E+01
  4.2741281351033045E+01
  4.2699044100627496E+01
  4.2656879511019625E+01
  4.2614806543670497E+01
  4.2572805782124583E+01
  4.2530896143334090E+01
  4.2489058258558863E+01
  4.2447311001195942E+01
  4.2405635049233695E+01
  4.2364049233478703E+01
  4.2322534277645531E+01
  4.2281108970907503E+01
  4.2239754081723021E+01
  4.2198488358571581E+01
  4.2157292613683090E+01
  4.2116185555781449E+01
  4.2075148039891353E+01
  4.2034198735936414E+01
  4.1993318540757471E+01
  4.1952526086401150E+01
  4.1911802310562223E+01
  4.1871165808342141E+01
  4.1830597557335913E+01
  4.1790116116630678E+01
  4.1749702502753436E+01
  4.1709375239690864E+01
  4.1669115381964211E+01
  4.1628941419371074E+01
  4.1588834442120294E+01
  4.1548812909451577E+01
  4.1508857946324397E+01
  4.1468987977806833E+01
  4.1429184167636933E+01
  4.1389464907637418E+01
  4.1349811395771965E+01
  4.1310241993290845E+01
  4.1270737931474514E+01
  4.1231317541893354E+01
  4.1191962088235428E+01
  4.1152689873271783E+01
  4.1113482192178893E+01
  4.1074357319816336E+01
  4.1035296581940685E+01
  4.0996318226373681E+01
  4.0957403608549377E+01
  4.0918570950126046E+01
  4.0879801635319360E+01
  4.0841113860481329E+01
  4.0802489037722843E+01
  4.0763945338953768E+01
  4.0725464203292212E+01
  4.0687063779054640E+01
  4.0648725531493383E+01
  4.0610467586181514E+01
  4.0572271433629247E+01
  4.0534155177508858E+01
  4.0496100332719806E+01
  4.0458124981872238E+01
  4.0420210663398379E+01
  4.0382375439676345E+01
  4.0344600871814478E+01
  4.0306905002779025E+01
  4.0269269362524362E+01
  4.0231669569672860E+01
  4.0194172167803977E+01
  4.0156710770697210E+01
  4.0119350848474298E+01
  4.0082061382131045E+01
  4.0044806095797021E+01
  4.0007650943758598E+01
  3.9970566580300790E+01
  3.9933515710310807E+01
  3.9896563650601671E+01
  3.9859682708269467E+01
  3.9822834578934071E+01
  3.9786083951944093E+01
  3.9749404767269951E+01
  3.9712757720996635E+01
  3.9676206885142676E+01
  3.9639727809517325E+01
  3.9603315049583664E+01
  3.9566968423844898E+01
  3.9530687752539293E+01
  3.9494472856561210E+01
  3.9458323557446114E+01
  3.9422239677376133E+01
  3.9386221039166031E+01
  3.9350267466268171E+01
  3.9314378782765090E+01
  3.9278554813375699E+01
  3.9242795383444033E+01
  3.9207100318932007E+01
  3.9171469446432098E+01
  3.9135902593151890E+01
  3.9100399586916502E+01
  3.9064960256163559E+01
  3.9029584429938708E+01
  3.8994271937899278E+01
  3.8959022610306178E+01
  3.8923836278026421E+01
  3.8888712772524514E+01
  3.8853651925862252E+01
  3.8818653570695133E+01
  3.8783717540474179E+01
  3.8748843668833203E+01
  3.8714031790201332E+01
  3.8679281739594131E+01
  3.8644593352601333E+01
  3.8609966465390421E+01
  3.8575400914715459E+01
  3.8540896537898242E+01
  3.8506453172834746E+01
  3.8472070657988645E+01
  3.8437748832390341E+01
  3.8403487535637360E+01
  3.8369286607888363E+01
  3.8335145889858453E+01
  3.8301065222823034E+01
  3.8267044448609333E+01
  3.8233083409600766E+01
  3.8199181948731578E+01
  3.8165339909474753E+01
  3.8131557135858330E+01
  3.8097833472448784E+01
  3.8064168764354235E+01
  3.8030562857219785E+01
  3.7997015597225761E+01
  3.7963526831089681E+01
  3.7930096406056293E+01
  3.7896724169902001E+01
  3.7863409970927293E+01
  3.7830153657959521E+01
  3.7796955080347388E+01
  3.7763814087959084E+01
  3.7730730531184406E+01
  3.7697704260919245E+01
  3.7664735128582784E+01
  3.7631822986102001E+01
  3.7598967685912370E+01
  3.7566169080955582E+01
  3.7533427024679476E+01
  3.7500741371032170E+01
  3.7468111974465153E+01
  3.7435538689925920E+01
  3.7403021372860458E+01
  3.7370559879205629E+01
  3.7338154065388217E+01
  3.7305803788334494E+01
  3.7273508905450427E+01
  3.7241269274629275E+01
  3.7209084754247485E+01
  3.7176955203166692E+01
  3.7144880480723835E+01
  3.7112860446736384E+01
  3.7080894961495808E+01
  3.7048983885766532E+01
  3.7017127080787446E+01
  3.6985324408200249E+01
  3.6953575733279557E+01
  3.6921880915509583E+01
  3.6890239818119227E+01
  3.6858652304673001E+01
  3.6827118239197411E+01
  3.6795637486176823E+01
  3.6764209910550825E+01
  3.6732835377713734E+01
  3.6701513753508777E+01
  3.6670244904234828E+01
  3.6639028696635428E+01
  3.6607864997905232E+01
  3.6576753675678368E+01
  3.6545694598033826E+01
  3.6514687633492130E+01
  3.6483732651013355E+01
  3.6452829519994395E+01
  3.6421978110266707E+01
  3.6391178292102538E+01
  3.6360429936194386E+01
  3.6329732913700255E+01
  3.6299087096151872E+01
  3.6268492355530441E+01
  3.6237948564247695E+01
  3.6207455595137986E+01
  3.6177013321452748E+01
  3.6146621616448151E+01
  3.6116280357524538E+01
  3.6085989415525312E+01
  3.6055748666183923E+01
  3.6025557984836929E+01
  3.5995417247231074E+01
  3.5965326329526505E+01
  3.5935285108282926E+01
  3.5905293460474923E+01
  3.5875351263477455E+01
  3.5845458395066849E+01
  3.5815614733423750E+01
  3.5785820157128541E+01
  3.5756074545157873E+01
  3.5726377776887446E+01
  3.5696729732073521E+01
  3.5667130291592642E+01
  3.5637579335275099E+01
  3.5608076744085920E+01
  3.5578622399355538E+01
  3.5549216182802219E+01
  3.5519857976528485E+01
  3.5490547663022454E+01
  3.5461285125156500E+01
  3.5432070246178036E+01
  3.5402902909715763E+01
  3.5373782999781938E+01
  3.5344710400753669E+01
  3.5315684999330358E+01
  3.5286706680323569E+01
  3.5257775329229958E+01
  3.5228890831912388E+01
  3.5200053074605840E+01
  3.5171261943911269E+01
  3.5142517326793140E+01
  3.5113819110584480E+01
  3.5085167182978296E+01
  3.5056561432029859E+01
  3.5028001746152853E+01
  3.4999488014120253E+01
  3.4971020125064761E+01
  3.4942597968468867E+01
  3.4914221434173243E+01
  3.4885890412371054E+01
  3.4857604793606178E+01
  3.4829364468773171E+01
  3.4801169329113492E+01
  3.4773019266216004E+01
  3.4744914172017381E+01
  3.4716853938797129E+01
  3.4688838459178669E+01
  3.4660867626128102E+01
  3.4632941332947510E+01
  3.4605059473283411E+01
  3.4577221941115482E+01
  3.4549428630760936E+01
  3.4521679436875175E+01
  3.4493974254444836E+01
  3.4466312978789468E+01
  3.4438695505559132E+01
  3.4411121730736582E+01
  3.4383591550626186E+01
  3.4356104861867138E+01
  3.4328661561419651E+01
  3.4301261546570203E+01
  3.4273904714929742E+01
  3.4246590964545163E+01
  3.4219320193549414E+01
  3.4192092300522631E+01
  3.4164907184353034E+01
  3.4137764744248408E+01
  3.4110664879734472E+01
  3.4083607490647879E+01
  3.4056592477145017E+01
  3.4029619739682389E+01
  3.4002689179041475E+01
  3.3975800696306194E+01
  3.3948954192868044E+01
  3.3922149570431898E+01
  3.3895386731003292E+01
  3.3868665576894642E+01
  3.3841986010722387E+01
  3.3815347935404041E+01
  3.3788751254163209E+01
  3.3762195870517417E+01
  3.3735681688286633E+01
  3.3709208611591343E+01
  3.3682776544847826E+01
  3.3656385392763902E+01
  3.3630035060346124E+01
  3.3603725452893862E+01
  3.3577456475997501E+01
  3.3551228035539367E+01
  3.3525040037692278E+01
  3.3498892388917504E+01
  3.3472784995965654E+01
  3.3446717765872258E+01
  3.3420690605960125E+01
  3.3394703423835921E+01
  3.3368756127386995E+01
  3.3342848624790058E+01
  3.3316980824498863E+01
  3.3291152635245560E+01
  3.3265363966045555E+01
  3.3239614726189757E+01
  3.3213904825246530E+01
  3.3188234173061183E+01
  3.3162602679756233E+01
  3.3137010255723382E+01
  3.3111456811628315E+01
  3.3085942258410249E+01
  3.3060466507280829E+01
  3.3035029469718360E+01
  3.3009631057470884E+01
  3.2984271182555268E+01
  3.2958949757255866E+01
  3.2933666694116909E+01
  3.2908421905955720E+01
  3.2883215305850321E+01
  3.2858046807140681E+01
  3.2832916323429068E+01
  3.2807823768576576E+01
  3.2782769056723346E+01
  3.2757752102232409E+01
  3.2732772819748568E+01
  3.2707831124166269E+01
  3.2682926930637862E+01
  3.2658060154572333E+01
  3.2633230711632692E+01
  3.2608438517730065E+01
  3.2583683489034648E+01
  3.2558965541961705E+01
  3.2534284593181653E+01
  3.2509640559611604E+01
  3.2485033358420552E+01
  3.2460462907021643E+01
  3.2435929123074210E+01
  3.2411431924486401E+01
  3.2386971229408424E+01
  3.2362546956235597E+01
  3.2338159023604142E+01
  3.2313807350397560E+01
  3.2289491855737303E+01
  3.2265212458981452E+01
  3.2240969079733290E+01
  3.2216761637829130E+01
  3.2192590053350372E+01
  3.2168454246610018E+01
  3.2144354138157695E+01
  3.2120289648777110E+01
  3.2096260699487587E+01
  3.2072267211544030E+01
  3.2048309106428135E+01
  3.2024386305856666E+01
  3.2000498731777995E+01
  3.1976646306367002E+01
  3.1952828952030941E+01
  3.1929046591403953E+01
  3.1905299147345499E+01
  3.1881586542946110E+01
  3.1857908701520444E+01
  3.1834265546605163E+01
  3.1810657001962880E+01
  3.1787082991581702E+01
  3.1763543439668286E+01
  3.1740038270654942E+01
  3.1716567409190358E+01
  3.1693130780145587E+01
  3.1669728308612740E+01
  3.1646359919898870E+01
  3.1623025539529944E+01
  3.1599725093249624E+01
  3.1576458507017577E+01
  3.1553225707005883E+01
  3.1530026619604492E+01
  3.1506861171418311E+01
  3.1483729289261682E+01
  3.1460630900160250E+01
  3.1437565931355334E+01
  3.1414534310299111E+01
  3.1391535964647893E+01
  3.1368570822271288E+01
  3.1345638811246033E+01
  3.1322739859856650E+01
  3.1299873896595486E+01
  3.1277040850160592E+01
  3.1254240649455099E+01
  3.1231473223586843E+01
  3.1208738501869128E+01
  3.1186036413815124E+01
  3.1163366889145301E+01
  3.1140729857777728E+01
  3.1118125249830612E+01
  3.1095552995556798E+01
  3.1073013025689534E+01
  3.1050505270681146E+01
  3.1028029661569299E+01
  3.1005586129466259E+01
  3.0983174605687271E+01
  3.0960795021736370E+01
  3.0938447309317706E+01
  3.0916131400330837E+01
  3.0893847226865287E+01
  3.0871594721196772E+01
  3.0849373816053909E+01
  3.0827184443850399E+01
  3.0805026537461419E+01
  3.0782900029940617E+01
  3.0760804854526366E+01
  3.0738740944650893E+01
  3.0716708233934636E+01
  3.0694706656183424E+01
  3.0672736145392072E+01
  3.0650796635741465E+01
  3.0628888061596676E+01
  3.0607010357509616E+01
  3.0585163458220102E+01
  3.0563347298644739E+01
  3.0541561813892162E+01
  3.0519806939246767E+01
  3.0498082610177228E+01
  3.0476388762332672E+01
  3.0454725331545841E+01
  3.0433092253825645E+01
  3.0411489465364141E+01
  3.0389916902530846E+01
  3.0368374501870832E+01
  3.0346862200111680E+01
  3.0325379934153013E+01
  3.0303927641078467E+01
  3.0282505258137270E+01
  3.0261112722761634E+01
  3.0239749972607292E+01
  3.0218416945398236E+01
  3.0197113579087105E+01
  3.0175839811798291E+01
  3.0154595581829362E+01
  3.0133380827649034E+01
  3.0112195487893985E+01
  3.0091039501375835E+01
  3.0069912807071919E+01
  3.0048815344129935E+01
  3.0027747051867642E+01
  3.0006707869768192E+01
  2.9985697737485765E+01
  2.9964716594838102E+01
  2.9943764381811626E+01
  2.9922841038555759E+01
  2.9901946505387833E+01
  2.9881080722787804E+01
  2.9860243631402440E+01
  2.9839435172038293E+01
  2.9818655285666662E+01
  2.9797903913419994E+01
  2.9777180996596542E+01
  2.9756486476649059E+01
  2.9735820295196479E+01
  2.9715182394016285E+01
  2.9694572715043773E+01
  2.9673991200376314E+01
  2.9653437792267269E+01
  2.9632912433128688E+01
  2.9612415062501874E+01
  2.9591945735610697E+01
  2.9571504343538695E+01
  2.9551090829213795E+01
  2.9530705135735044E+01
  2.9510347206346648E+01
  2.9490016984447003E+01
  2.9469714413606287E+01
  2.9449439437514119E+01
  2.9429192000030149E+01
  2.9408972045162805E+01
  2.9388779517072781E+01
  2.9368614360069788E+01
  2.9348476518159476E+01
  2.9328365934429041E+01
  2.9308282554868818E+01
  2.9288226325182652E+01
  2.9268197190427983E+01
  2.9248195095808846E+01
  2.9228219986673022E+01
  2.9208271808520731E+01
  2.9188350506993142E+01
  2.9168456027880893E+01
  2.9148588317117817E+01
  2.9128747320779571E+01
  2.9108932985087943E+01
  2.9089145256411182E+01
  2.9069384081259766E+01
  2.9049649406282029E+01
  2.9029941178272416E+01
  2.9010259344167451E+01
  2.8990603851043705E+01
  2.8970974646118506E+01
  2.8951371676750071E+01
  2.8931794890434631E+01
  2.8912244234809165E+01
  2.8892719657650595E+01
  2.8873221106871757E+01
  2.8853748530526993E+01
  2.8834301876804862E+01
  2.8814881094031929E+01
  2.8795486130670362E+01
  2.8776116935321465E+01
  2.8756773456722293E+01
  2.8737455643740613E+01
  2.8718163445382419E+01
  2.8698896810789911E+01
  2.8679655689235453E+01
  2.8660440030125358E+01
  2.8641249782998660E+01
  2.8622084897532854E+01
  2.8602945323642640E+01
  2.8583831011260319E+01
  2.8564741910457073E+01
  2.8545677971428727E+01
  2.8526639144507474E+01
  2.8507625380150259E+01
  2.8488636628947958E+01
  2.8469672841618006E+01
  2.8450733969008624E+01
  2.8431819962097062E+01
  2.8412930771984321E+01
  2.8394066349902598E+01
  2.8375226647209267E+01
  2.8356411615391991E+01
  2.8337621206058166E+01
  2.8318855370947663E+01
  2.8300114061922411E+01
  2.8281397230971947E+01
  2.8262704830207532E+01
  2.8244036811865250E+01
  2.8225393128306166E+01
  2.8206773732014486E+01
  2.8188178575598059E+01
  2.8169607611786184E+01
  2.8151060793429540E+01
  2.8132538073505071E+01
  2.8114039405106933E+01
  2.8095564741453199E+01
  2.8077114035879468E+01
  2.8058687241840634E+01
  2.8040284312917372E+01
  2.8021905202808359E+01
  2.8003549865328431E+01
  2.7985218254413898E+01
  2.7966910324117936E+01
  2.7948626028610896E+01
  2.7930365322185168E+01
  2.7912128159247477E+01
  2.7893914494317919E+01
  2.7875724282037407E+01
  2.7857557477162455E+01
  2.7839414034566513E+01
  2.7821293909233177E+01
  2.7803197056269223E+01
  2.7785123430891321E+01
  2.7767072988431615E+01
  2.7749045684315206E+01
  2.7731041479305091E+01
  2.7713060327750998E+01
  2.7695102185430699E+01
  2.7677167008225130E+01
  2.7659254752132444E+01
  2.7641365373258132E+01
  2.7623498827827550E+01
  2.7605655072173608E+01
  2.7587834062735322E+01
  2.7570035756065366E+01
  2.7552260108829319E+01
  2.7534507077797546E+01
  2.7516776619853474E+01
  2.7499068691989631E+01
  2.7481383251305456E+01
  2.7463720255012394E+01
  2.7446079660426033E+01
  2.7428461424971687E+01
  2.7410865506180496E+01
  2.7393291861692905E+01
  2.7375740449253467E+01
  2.7358211226714364E+01
  2.7340704152033002E+01
  2.7323219183274368E+01
  2.7305756278609710E+01
  2.7288315396312324E+01
  2.7270896494759885E+01
  2.7253499532435608E+01
  2.7236124467930644E+01
  2.7218771259932957E+01
  2.7201439867240133E+01
  2.7184130248750407E+01
  2.7166842363464667E+01
  2.7149576170484927E+01
  2.7132331629017106E+01
  2.7115108698369070E+01
  2.7097907337949859E+01
  2.7080727507267987E+01
  2.7063569165937704E+01
  2.7046432273668216E+01
  2.7029316790271427E+01
  2.7012222675659316E+01
  2.6995149889845585E+01
  2.6978098392938261E+01
  2.6961068145147802E+01
  2.6944059106784966E+01
  2.6927071238255422E+01
  2.6910104500064659E+01
  2.6893158852815883E+01
  2.6876234257210019E+01
  2.6859330674044987E+01
  2.6842448064215141E+01
  2.6825586388710015E+01
  2.6808745608619645E+01
  2.6791925685117516E+01
  2.6775126579818437E+01
  2.6758348253756807E+01
  2.6741590668417686E+01
  2.6724853785368072E+01
  2.6708137566264980E+01
  2.6691441972863949E+01
  2.6674766967417575E+01
  2.6658112319501779E+01
  2.6641478185168580E+01
  2.6624864525725915E+01
  2.6608271303396911E+01
  2.6591698480493339E+01
  2.6575146019422800E+01
  2.6558613882685311E+01
  2.6542102032869785E+01
  2.6525610432655554E+01
  2.6509139044818784E+01
  2.6492687832221492E+01
  2.6476256757818611E+01
  2.6459845784652913E+01
  2.6443454875789580E+01
  2.6427083994861562E+01
  2.6410733104739133E+01
  2.6394402168927090E+01
  2.6378091150919087E+01
  2.6361800014296769E+01
  2.6345528722730254E+01
  2.6329277239975237E+01
  2.6313045529877030E+01
  2.6296833556369865E+01
  2.6280641283472779E+01
  2.6264468675293763E+01
  2.6248315696027024E+01
  2.6232182309953000E+01
  2.6216068481440004E+01
  2.6199974174939740E+01
  2.6183899354990860E+01
  2.6167843986219975E+01
  2.6151808033337385E+01
  2.6135791461136304E+01
  2.6119794234497260E+01
  2.6103816318385459E+01
  2.6087857677846110E+01
  2.6071918278015474E+01
  2.6055998084106648E+01
  2.6040097061423854E+01
  2.6024215175346850E+01
  2.6008352391342061E+01
  2.5992508674959542E+01
  2.5976683991831212E+01
  2.5960878307669834E+01
  2.5945091588271570E+01
  2.5929323799514162E+01
  2.5913574907356296E+01
  2.5897844877838914E+01
  2.5882133677083061E+01
  2.5866441271289798E+01
  2.5850767626745618E+01
  2.5835112709811707E+01
  2.5819476486932658E+01
  2.5803858924630873E+01
  2.5788259989510596E+01
  2.5772679648252790E+01
  2.5757117867620494E+01
  2.5741574614455033E+01
  2.5726049855674599E+01
  2.5710543558276356E+01
  2.5695055689337320E+01
  2.5679586216011376E+01
  2.5664135105530107E+01
  2.5648702325201192E+01
  2.5633287842414315E+01
  2.5617891624631607E+01
  2.5602513639394456E+01
  2.5587153854319521E+01
  2.5571812237100435E+01
  2.5556488755506685E+01
  2.5541183377385771E+01
  2.5525896070658522E+01
  2.5510626803321731E+01
  2.5495375543449232E+01
  2.5480142259187918E+01
  2.5464926918760035E+01
  2.5449729490463380E+01
  2.5434549942668774E+01
  2.5419388243821810E+01
  2.5404244362443013E+01
  2.5389118267126452E+01
  2.5374009926538559E+01
  2.5358919309420706E+01
  2.5343846384586318E+01
  2.5328791120919767E+01
  2.5313753487383316E+01
  2.5298733453007131E+01
  2.5283730986895637E+01
  2.5268746058226640E+01
  2.5253778636246036E+01
  2.5238828690274691E+01
  2.5223896189703751E+01
  2.5208981103994784E+01
  2.5194083402683848E+01
  2.5179203055373442E+01
  2.5164340031739414E+01
  2.5149494301527994E+01
  2.5134665834552415E+01
  2.5119854600700169E+01
  2.5105060569927126E+01
  2.5090283712257325E+01
  2.5075523997786838E+01
  2.5060781396678742E+01
  2.5046055879167344E+01
  2.5031347415551803E+01
  2.5016655976203722E+01
  2.5001981531561892E+01
  2.4987324052133442E+01
  2.4972683508493979E+01
  2.4958059871286345E+01
  2.4943453111222457E+01
  2.4928863199078389E+01
  2.4914290105699951E+01
  2.4899733802000185E+01
  2.4885194258957501E+01
