 6.55286E-01
 1.31068E+00
 1.97274E+00
 2.65348E+00
 3.34553E+00
 4.04853E+00
 4.73407E+00
 5.44503E+00
 6.15462E+00
 6.87219E+00
 7.59693E+00
 8.32057E+00
 9.04768E+00
 9.77584E+00
 1.05129E+01
 1.12562E+01
 1.19978E+01
 1.27491E+01
 1.34958E+01
 1.42301E+01
 1.49715E+01
 1.57129E+01
 1.64412E+01
 1.71713E+01
 1.79347E+01
 1.87051E+01
 1.94438E+01
 2.02023E+01
 2.09579E+01
 2.17229E+01
 2.24908E+01
 2.32401E+01
 2.39949E+01
 2.47419E+01
 2.54790E+01
 2.62647E+01
 2.70365E+01
 2.78122E+01
 2.85915E+01
 2.93789E+01
 3.01753E+01
 3.09445E+01
 3.17100E+01
 3.25012E+01
 3.32947E+01
 3.40778E+01
 3.48520E+01
 3.56387E+01
 3.64364E+01
 3.72216E+01
 3.80152E+01
 3.87824E+01
 3.95797E+01
 4.03598E+01
 4.11537E+01
 4.19611E+01
 4.27503E+01
 4.35478E+01
 4.43403E+01
 4.51385E+01
 4.59349E+01
 4.67194E+01
 4.75333E+01
 4.83356E+01
 4.91419E+01
 4.99438E+01
 5.07466E+01
 5.15680E+01
 5.23762E+01
 5.31793E+01
 5.39971E+01
 5.48201E+01
 5.56463E+01
 5.64836E+01
 5.72954E+01
 5.81248E+01
 5.89638E+01
 5.97943E+01
 6.06185E+01
 6.14657E+01
 6.22968E+01
 6.31420E+01
 6.39732E+01
 6.48128E+01
 6.56401E+01
 6.64712E+01
 6.73234E+01
 6.81687E+01
 6.90193E+01
 6.98783E+01
 7.07328E+01
 7.15813E+01
 7.24256E+01
 7.32722E+01
 7.40952E+01
 7.49445E+01
 7.57921E+01
 7.66486E+01
 7.75027E+01
 7.83556E+01
 7.92033E+01
 8.00518E+01
 8.08872E+01
 8.17435E+01
 8.26020E+01
 8.34482E+01
 8.42802E+01
 8.51215E+01
 8.59524E+01
 8.68071E+01
 8.76709E+01
 8.85360E+01
 8.93636E+01
 9.02098E+01
 9.10739E+01
 9.19462E+01
 9.27977E+01
 9.36802E+01
 9.45608E+01
 9.54301E+01
 9.63098E+01
 9.71880E+01
 9.80711E+01
 9.89445E+01
 9.97954E+01
 1.00680E+02
 1.01539E+02
 1.02402E+02
 1.03271E+02
 1.04142E+02
 1.05028E+02
 1.05910E+02
 1.06806E+02
 1.07700E+02
 1.08591E+02
 1.09509E+02
 1.10404E+02
 1.11291E+02
 1.12167E+02
 1.13067E+02
 1.13929E+02
 1.14805E+02
 1.15678E+02
 1.16553E+02
 1.17464E+02
 1.18333E+02
 1.19227E+02
 1.20115E+02
 1.21003E+02
 1.21928E+02
 1.22825E+02
 1.23702E+02
 1.24591E+02
 1.25498E+02
 1.26400E+02
 1.27312E+02
 1.28226E+02
 1.29129E+02
 1.30031E+02
 1.30952E+02
 1.31868E+02
 1.32767E+02
 1.33691E+02
 1.34616E+02
 1.35526E+02
 1.36446E+02
 1.37346E+02
 1.38262E+02
 1.39182E+02
 1.40080E+02
 1.40996E+02
 1.41894E+02
 1.42819E+02
 1.43730E+02
 1.44626E+02
 1.45539E+02
 1.46458E+02
 1.47369E+02
 1.48289E+02
 1.49195E+02
 1.50112E+02
 1.51055E+02
 1.51976E+02
 1.52883E+02
 1.53812E+02
 1.54740E+02
 1.55650E+02
 1.56568E+02
 1.57483E+02
 1.58397E+02
 1.59324E+02
 1.60288E+02
 1.61223E+02
 1.62169E+02
 1.63111E+02
 1.64050E+02
 1.64996E+02
 1.65935E+02
 1.66873E+02
 1.67805E+02
 1.68726E+02
 1.69642E+02
 1.70576E+02
 1.71500E+02
 1.72424E+02
 1.73354E+02
 1.74292E+02
 1.75215E+02
 1.76165E+02
 1.77120E+02
 1.78065E+02
 1.79016E+02
 1.79957E+02
 1.80909E+02
 1.81855E+02
 1.82805E+02
 1.83745E+02
 1.84691E+02
 1.85628E+02
 1.86570E+02
 1.87512E+02
 1.88483E+02
 1.89432E+02
 1.90378E+02
 1.91335E+02
 1.92299E+02
 1.93269E+02
 1.94223E+02
 1.95205E+02
 1.96181E+02
 1.97157E+02
 1.98126E+02
 1.99092E+02
 2.00036E+02
 2.01004E+02
 2.01952E+02
 2.02900E+02
 2.03883E+02
 2.04873E+02
 2.05830E+02
 2.06785E+02
 2.07751E+02
 2.08725E+02
 2.09714E+02
 2.10706E+02
 2.11708E+02
 2.12675E+02
 2.13657E+02
 2.14624E+02
 2.15592E+02
 2.16571E+02
 2.17551E+02
 2.18528E+02
 2.19508E+02
 2.20491E+02
 2.21460E+02
 2.22457E+02
 2.23438E+02
 2.24429E+02
 2.25406E+02
 2.26405E+02
 2.27362E+02
 2.28340E+02
 2.29293E+02
 2.30270E+02
 2.31235E+02
 2.32215E+02
 2.33219E+02
 2.34212E+02
 2.35204E+02
 2.36191E+02
 2.37191E+02
 2.38180E+02
 2.39180E+02
 2.40163E+02
 2.41160E+02
 2.42144E+02
 2.43132E+02
 2.44119E+02
 2.45100E+02
 2.46079E+02
 2.47088E+02
 2.48072E+02
 2.49039E+02
 2.50034E+02
 2.51044E+02
 2.52045E+02
 2.53047E+02
 2.54058E+02
 2.55062E+02
 2.56049E+02
 2.57067E+02
 2.58077E+02
 2.59096E+02
 2.60078E+02
 2.61081E+02
 2.62095E+02
 2.63101E+02
 2.64105E+02
 2.65129E+02
 2.66123E+02
 2.67140E+02
 2.68140E+02
 2.69171E+02
 2.70170E+02
 2.71164E+02
 2.72149E+02
 2.73139E+02
 2.74168E+02
 2.75166E+02
 2.76188E+02
 2.77199E+02
 2.78206E+02
 2.79243E+02
 2.80256E+02
 2.81276E+02
 2.82310E+02
 2.83327E+02
 2.84341E+02
 2.85379E+02
 2.86412E+02
 2.87409E+02
 2.88428E+02
 2.89475E+02
 2.90489E+02
 2.91520E+02
 2.92537E+02
 2.93545E+02
 2.94551E+02
 2.95581E+02
 2.96623E+02
 2.97669E+02
 2.98690E+02
 2.99698E+02
 3.00728E+02
 3.01732E+02
 3.02745E+02
 3.03741E+02
 3.04743E+02
 3.05753E+02
 3.06800E+02
 3.07829E+02
 3.08827E+02
 3.09825E+02
 3.10851E+02
 3.11871E+02
 3.12954E+02
 3.13997E+02
 3.15030E+02
 3.16095E+02
 3.17159E+02
 3.18217E+02
 3.19250E+02
 3.20270E+02
 3.21299E+02
 3.22321E+02
 3.23310E+02
 3.24333E+02
 3.25359E+02
 3.26387E+02
 3.27406E+02
 3.28448E+02
 3.29467E+02
 3.30519E+02
 3.31547E+02
 3.32585E+02
 3.33662E+02
 3.34701E+02
 3.35738E+02
 3.36754E+02
 3.37798E+02
 3.38834E+02
 3.39869E+02
 3.40889E+02
 3.41913E+02
 3.42946E+02
 3.43996E+02
 3.45031E+02
 3.46046E+02
 3.47076E+02
 3.48125E+02
 3.49162E+02
 3.50185E+02
 3.51232E+02
 3.52270E+02
 3.53303E+02
 3.54345E+02
 3.55386E+02
 3.56415E+02
 3.57461E+02
 3.58512E+02
 3.59534E+02
 3.60580E+02
 3.61638E+02
 3.62732E+02
 3.63810E+02
 3.64875E+02
 3.65938E+02
 3.67003E+02
 3.68037E+02
 3.69083E+02
 3.70140E+02
 3.71202E+02
 3.72252E+02
 3.73305E+02
 3.74364E+02
 3.75389E+02
 3.76449E+02
 3.77496E+02
 3.78551E+02
 3.79594E+02
 3.80640E+02
 3.81692E+02
 3.82727E+02
 3.83784E+02
 3.84840E+02
 3.85883E+02
 3.86941E+02
 3.87998E+02
 3.89073E+02
 3.90107E+02
 3.91159E+02
 3.92217E+02
 3.93296E+02
 3.94337E+02
 3.95403E+02
 3.96483E+02
 3.97547E+02
 3.98615E+02
 3.99689E+02
 4.00762E+02
 4.01833E+02
 4.02912E+02
 4.03986E+02
 4.05049E+02
 4.06124E+02
 4.07196E+02
 4.08261E+02
 4.09324E+02
 4.10392E+02
 4.11468E+02
 4.12548E+02
 4.13606E+02
 4.14678E+02
 4.15733E+02
 4.16807E+02
 4.17877E+02
 4.18918E+02
 4.19999E+02
 4.21065E+02
 4.22139E+02
 4.23227E+02
 4.24313E+02
 4.25363E+02
 4.26412E+02
 4.27475E+02
 4.28548E+02
 4.29631E+02
 4.30700E+02
 4.31780E+02
 4.32867E+02
 4.33966E+02
 4.35060E+02
 4.36129E+02
 4.37204E+02
 4.38288E+02
 4.39368E+02
 4.40458E+02
 4.41585E+02
 4.42682E+02
 4.43771E+02
 4.44849E+02
 4.45939E+02
 4.47022E+02
 4.48133E+02
 4.49239E+02
 4.50322E+02
 4.51426E+02
 4.52524E+02
 4.53627E+02
 4.54750E+02
 4.55871E+02
 4.56964E+02
 4.58048E+02
 4.59148E+02
 4.60263E+02
 4.61374E+02
 4.62491E+02
 4.63593E+02
 4.64705E+02
 4.65794E+02
 4.66923E+02
 4.68014E+02
 4.69099E+02
 4.70201E+02
 4.71325E+02
 4.72421E+02
 4.73521E+02
 4.74608E+02
 4.75696E+02
 4.76773E+02
 4.77864E+02
 4.78945E+02
 4.80071E+02
 4.81161E+02
 4.82273E+02
 4.83381E+02
 4.84502E+02
 4.85600E+02
 4.86689E+02
 4.87804E+02
 4.88916E+02
 4.90032E+02
 4.91125E+02
 4.92260E+02
 4.93351E+02
 4.94446E+02
 4.95567E+02
 4.96664E+02
 4.97768E+02
 4.98885E+02
 5.00004E+02
 5.01121E+02
 5.02226E+02
 5.03329E+02
 5.04452E+02
 5.05555E+02
 5.06668E+02
 5.07769E+02
 5.08876E+02
 5.09983E+02
 5.11107E+02
 5.12215E+02
 5.13333E+02
 5.14425E+02
 5.15552E+02
 5.16687E+02
 5.17798E+02
 5.18933E+02
 5.20050E+02
 5.21163E+02
 5.22278E+02
 5.23390E+02
 5.24525E+02
 5.25637E+02
 5.26729E+02
 5.27855E+02
 5.28995E+02
 5.30136E+02
 5.31289E+02
 5.32428E+02
 5.33556E+02
 5.34670E+02
 5.35779E+02
 5.36894E+02
 5.38019E+02
 5.39124E+02
 5.40231E+02
 5.41358E+02
 5.42469E+02
 5.43600E+02
 5.44742E+02
 5.45881E+02
 5.47012E+02
 5.48157E+02
 5.49288E+02
 5.50427E+02
 5.51553E+02
 5.52678E+02
 5.53810E+02
 5.54935E+02
 5.56085E+02
 5.57219E+02
 5.58361E+02
 5.59499E+02
 5.60648E+02
 5.61784E+02
 5.62916E+02
 5.64069E+02
 5.65206E+02
 5.66352E+02
 5.67506E+02
 5.68636E+02
 5.69762E+02
 5.70905E+02
 5.72028E+02
 5.73166E+02
 5.74270E+02
 5.75423E+02
 5.76580E+02
 5.77721E+02
 5.78836E+02
 5.79967E+02
 5.81122E+02
 5.82256E+02
 5.83420E+02
 5.84553E+02
 5.85711E+02
 5.86843E+02
 5.87987E+02
 5.89109E+02
 5.90260E+02
 5.91405E+02
 5.92552E+02
 5.93700E+02
 5.94868E+02
 5.96039E+02
 5.97203E+02
 5.98363E+02
 5.99505E+02
 6.00627E+02
 6.01774E+02
 6.02931E+02
 6.04074E+02
 6.05236E+02
 6.06377E+02
 6.07529E+02
 6.08679E+02
 6.09845E+02
 6.11015E+02
 6.12190E+02
 6.13391E+02
 6.14595E+02
 6.15764E+02
 6.16951E+02
 6.18086E+02
 6.19275E+02
 6.20445E+02
 6.21623E+02
 6.22819E+02
 6.23990E+02
 6.25177E+02
 6.26360E+02
 6.27544E+02
 6.28733E+02
 6.29914E+02
 6.31099E+02
 6.32305E+02
 6.33490E+02
 6.34678E+02
 6.35851E+02
 6.37023E+02
 6.38193E+02
 6.39364E+02
 6.40546E+02
 6.41752E+02
 6.42926E+02
 6.44095E+02
 6.45287E+02
 6.46476E+02
 6.47640E+02
 6.48849E+02
 6.50056E+02
 6.51222E+02
 6.52424E+02
 6.53595E+02
 6.54773E+02
 6.55941E+02
 6.57145E+02
 6.58326E+02
 6.59512E+02
 6.60736E+02
 6.61925E+02
 6.63125E+02
 6.64322E+02
 6.65507E+02
 6.66702E+02
 6.67896E+02
 6.69074E+02
 6.70243E+02
 6.71433E+02
 6.72609E+02
 6.73780E+02
 6.74950E+02
 6.76104E+02
 6.77283E+02
 6.78463E+02
 6.79645E+02
 6.80828E+02
 6.82025E+02
 6.83205E+02
 6.84372E+02
 6.85575E+02
 6.86766E+02
 6.87957E+02
 6.89166E+02
 6.90369E+02
 6.91606E+02
 6.92799E+02
 6.93982E+02
 6.95169E+02
 6.96348E+02
 6.97545E+02
 6.98760E+02
 6.99961E+02
 7.01161E+02
 7.02342E+02
 7.03525E+02
 7.04700E+02
 7.05876E+02
 7.07039E+02
 7.08225E+02
 7.09418E+02
 7.10606E+02
 7.11791E+02
 7.12963E+02
 7.14154E+02
 7.15362E+02
 7.16548E+02
 7.17766E+02
 7.18969E+02
 7.20172E+02
 7.21384E+02
 7.22616E+02
 7.23795E+02
 7.25026E+02
 7.26230E+02
 7.27459E+02
 7.28677E+02
 7.29890E+02
 7.31095E+02
 7.32296E+02
 7.33527E+02
 7.34757E+02
 7.35987E+02
 7.37210E+02
 7.38442E+02
 7.39671E+02
 7.40880E+02
 7.42104E+02
 7.43320E+02
 7.44562E+02
 7.45787E+02
 7.47043E+02
 7.48307E+02
 7.49553E+02
 7.50785E+02
 7.52042E+02
 7.53268E+02
 7.54492E+02
 7.55707E+02
 7.56937E+02
 7.58128E+02
 7.59349E+02
 7.60567E+02
 7.61790E+02
 7.63045E+02
 7.64290E+02
 7.65540E+02
 7.66839E+02
 7.68094E+02
 7.69330E+02
 7.70557E+02
 7.71758E+02
 7.72963E+02
 7.74202E+02
 7.75434E+02
 7.76668E+02
 7.77907E+02
 7.79127E+02
 7.80347E+02
 7.81591E+02
 7.82811E+02
 7.84021E+02
 7.85247E+02
 7.86467E+02
 7.87695E+02
 7.88924E+02
 7.90170E+02
 7.91419E+02
 7.92661E+02
 7.93904E+02
 7.95126E+02
 7.96348E+02
 7.97595E+02
 7.98833E+02
 8.00095E+02
 8.01352E+02
 8.02566E+02
 8.03810E+02
 8.05045E+02
 8.06256E+02
 8.07496E+02
 8.08781E+02
 8.10041E+02
 8.11277E+02
 8.12509E+02
 8.13750E+02
 8.14994E+02
 8.16228E+02
 8.17463E+02
 8.18712E+02
 8.19958E+02
 8.21242E+02
 8.22519E+02
 8.23768E+02
 8.25014E+02
 8.26290E+02
 8.27535E+02
 8.28805E+02
 8.30059E+02
 8.31289E+02
 8.32526E+02
 8.33758E+02
 8.35020E+02
 8.36277E+02
 8.37553E+02
 8.38862E+02
 8.40115E+02
 8.41373E+02
 8.42631E+02
 8.43878E+02
 8.45167E+02
 8.46410E+02
 8.47644E+02
 8.48916E+02
 8.50157E+02
 8.51417E+02
 8.52679E+02
 8.53942E+02
 8.55190E+02
 8.56426E+02
 8.57684E+02
 8.58910E+02
 8.60191E+02
 8.61436E+02
 8.62701E+02
 8.63984E+02
 8.65221E+02
 8.66485E+02
 8.67726E+02
 8.69005E+02
 8.70260E+02
 8.71509E+02
 8.72774E+02
 8.74043E+02
 8.75304E+02
 8.76553E+02
 8.77806E+02
 8.79079E+02
 8.80345E+02
 8.81618E+02
 8.82886E+02
 8.84162E+02
 8.85443E+02
 8.86727E+02
 8.87996E+02
 8.89269E+02
 8.90540E+02
 8.91813E+02
 8.93071E+02
 8.94347E+02
 8.95621E+02
 8.96870E+02
 8.98104E+02
 8.99365E+02
 9.00651E+02
 9.01933E+02
 9.03214E+02
 9.04497E+02
 9.05802E+02
 9.07082E+02
 9.08374E+02
 9.09642E+02
 9.10900E+02
 9.12158E+02
 9.13434E+02
 9.14709E+02
 9.15964E+02
 9.17229E+02
 9.18490E+02
 9.19766E+02
 9.21030E+02
 9.22281E+02
 9.23560E+02
 9.24815E+02
 9.26065E+02
 9.27305E+02
 9.28578E+02
 9.29853E+02
 9.31123E+02
 9.32379E+02
 9.33652E+02
 9.34904E+02
 9.36168E+02
 9.37433E+02
 9.38707E+02
 9.39987E+02
 9.41264E+02
 9.42536E+02
 9.43808E+02
 9.45079E+02
 9.46363E+02
 9.47647E+02
 9.48953E+02
 9.50227E+02
 9.51523E+02
 9.52818E+02
 9.54117E+02
 9.55439E+02
 9.56757E+02
 9.58064E+02
 9.59363E+02
 9.60667E+02
 9.61973E+02
 9.63251E+02
 9.64540E+02
 9.65832E+02
 9.67124E+02
 9.68407E+02
 9.69718E+02
 9.70993E+02
 9.72284E+02
 9.73571E+02
 9.74836E+02
 9.76143E+02
 9.77417E+02
 9.78711E+02
 9.80016E+02
 9.81312E+02
 9.82651E+02
 9.83941E+02
 9.85235E+02
 9.86539E+02
 9.87829E+02
 9.89136E+02
 9.90481E+02
 9.91793E+02
 9.93105E+02
 9.94424E+02
 9.95722E+02
 9.97022E+02
 9.98341E+02
 9.99673E+02
 1.00098E+03
 1.00232E+03
 1.00365E+03
 1.00499E+03
 1.00629E+03
 1.00763E+03
 1.00896E+03
 1.01030E+03
 1.01162E+03
 1.01294E+03
 1.01430E+03
 1.01563E+03
 1.01694E+03
 1.01827E+03
 1.01959E+03
 1.02089E+03
 1.02220E+03
 1.02352E+03
 1.02486E+03
 1.02620E+03
 1.02753E+03
 1.02886E+03
 1.03018E+03
 1.03151E+03
 1.03284E+03
 1.03416E+03
 1.03550E+03
 1.03687E+03
 1.03820E+03
 1.03954E+03
 1.04084E+03
 1.04218E+03
 1.04352E+03
 1.04487E+03
 1.04623E+03
 1.04755E+03
 1.04891E+03
 1.05025E+03
 1.05157E+03
 1.05289E+03
 1.05422E+03
 1.05554E+03
 1.05686E+03
 1.05822E+03
 1.05955E+03
 1.06090E+03
 1.06224E+03
 1.06362E+03
 1.06498E+03
 1.06633E+03
 1.06768E+03
 1.06902E+03
 1.07038E+03
 1.07170E+03
 1.07302E+03
 1.07433E+03
 1.07566E+03
 1.07697E+03
 1.07830E+03
 1.07962E+03
 1.08095E+03
 1.08229E+03
 1.08365E+03
 1.08500E+03
 1.08632E+03
 1.08765E+03
 1.08902E+03
 1.09034E+03
 1.09171E+03
 1.09308E+03
 1.09442E+03
 1.09577E+03
 1.09713E+03
 1.09846E+03
 1.09979E+03
 1.10116E+03
 1.10253E+03
 1.10390E+03
 1.10527E+03
 1.10667E+03
 1.10803E+03
 1.10938E+03
 1.11073E+03
 1.11207E+03
 1.11342E+03
 1.11476E+03
 1.11612E+03
 1.11747E+03
 1.11883E+03
 1.12020E+03
 1.12155E+03
 1.12288E+03
 1.12423E+03
 1.12559E+03
 1.12694E+03
 1.12830E+03
 1.12967E+03
 1.13104E+03
 1.13242E+03
 1.13377E+03
 1.13513E+03
 1.13647E+03
 1.13783E+03
 1.13918E+03
 1.14053E+03
 1.14188E+03
 1.14325E+03
 1.14462E+03
 1.14598E+03
 1.14735E+03
 1.14873E+03
 1.15009E+03
 1.15146E+03
 1.15282E+03
 1.15418E+03
 1.15554E+03
 1.15691E+03
 1.15828E+03
 1.15967E+03
 1.16106E+03
 1.16243E+03
 1.16377E+03
 1.16510E+03
 1.16644E+03
 1.16780E+03
 1.16913E+03
 1.17049E+03
 1.17185E+03
 1.17321E+03
 1.17460E+03
 1.17597E+03
 1.17732E+03
 1.17866E+03
 1.18002E+03
 1.18137E+03
 1.18272E+03
 1.18409E+03
 1.18553E+03
 1.18693E+03
 1.18832E+03
 1.18971E+03
 1.19107E+03
 1.19242E+03
 1.19376E+03
 1.19512E+03
 1.19648E+03
 1.19784E+03
 1.19922E+03
 1.20058E+03
 1.20193E+03
 1.20328E+03
 1.20467E+03
 1.20603E+03
 1.20742E+03
 1.20878E+03
 1.21014E+03
 1.21153E+03
 1.21289E+03
 1.21426E+03
 1.21563E+03
 1.21701E+03
 1.21838E+03
 1.21976E+03
 1.22115E+03
 1.22251E+03
 1.22384E+03
 1.22519E+03
 1.22656E+03
 1.22794E+03
 1.22931E+03
 1.23069E+03
 1.23206E+03
 1.23343E+03
 1.23480E+03
 1.23618E+03
 1.23758E+03
 1.23897E+03
 1.24035E+03
 1.24174E+03
 1.24314E+03
 1.24453E+03
 1.24592E+03
 1.24727E+03
 1.24866E+03
 1.25002E+03
 1.25143E+03
 1.25282E+03
 1.25422E+03
 1.25566E+03
 1.25707E+03
 1.25850E+03
 1.25999E+03
 1.26145E+03
 1.26289E+03
 1.26433E+03
 1.26578E+03
 1.26720E+03
 1.26863E+03
 1.27011E+03
 1.27156E+03
 1.27300E+03
 1.27443E+03
 1.27587E+03
 1.27730E+03
 1.27871E+03
 1.28014E+03
 1.28158E+03
 1.28302E+03
 1.28442E+03
 1.28585E+03
 1.28728E+03
 1.28868E+03
 1.29009E+03
 1.29155E+03
 1.29295E+03
 1.29436E+03
 1.29579E+03
 1.29722E+03
 1.29863E+03
 1.30007E+03
 1.30149E+03
 1.30292E+03
 1.30437E+03
 1.30580E+03
 1.30722E+03
 1.30864E+03
 1.31004E+03
 1.31146E+03
 1.31291E+03
 1.31431E+03
 1.31575E+03
 1.31715E+03
 1.31858E+03
 1.31998E+03
 1.32140E+03
 1.32281E+03
 1.32422E+03
 1.32562E+03
 1.32706E+03
 1.32848E+03
 1.32991E+03
 1.33133E+03
 1.33276E+03
 1.33418E+03
 1.33562E+03
 1.33705E+03
 1.33849E+03
 1.33991E+03
 1.34133E+03
 1.34276E+03
 1.34418E+03
 1.34561E+03
 1.34704E+03
 1.34848E+03
 1.34989E+03
 1.35131E+03
 1.35274E+03
 1.35414E+03
 1.35557E+03
 1.35700E+03
 1.35840E+03
 1.35986E+03
 1.36130E+03
 1.36275E+03
 1.36419E+03
 1.36564E+03
 1.36706E+03
 1.36851E+03
 1.36993E+03
 1.37137E+03
 1.37281E+03
 1.37425E+03
 1.37568E+03
 1.37711E+03
 1.37855E+03
 1.37999E+03
 1.38145E+03
 1.38292E+03
 1.38435E+03
 1.38579E+03
 1.38723E+03
 1.38865E+03
 1.39009E+03
 1.39154E+03
 1.39296E+03
 1.39443E+03
 1.39588E+03
 1.39735E+03
 1.39881E+03
 1.40027E+03
 1.40171E+03
 1.40316E+03
 1.40460E+03
 1.40606E+03
 1.40751E+03
 1.40896E+03
 1.41044E+03
 1.41191E+03
 1.41336E+03
 1.41477E+03
 1.41623E+03
 1.41765E+03
 1.41909E+03
 1.42053E+03
 1.42196E+03
 1.42340E+03
 1.42481E+03
 1.42623E+03
 1.42768E+03
 1.42911E+03
 1.43054E+03
 1.43195E+03
 1.43335E+03
 1.43477E+03
 1.43619E+03
 1.43764E+03
 1.43908E+03
 1.44049E+03
 1.44193E+03
 1.44335E+03
 1.44478E+03
 1.44619E+03
 1.44763E+03
 1.44908E+03
 1.45050E+03
 1.45192E+03
 1.45338E+03
 1.45481E+03
 1.45623E+03
 1.45768E+03
 1.45910E+03
 1.46053E+03
 1.46197E+03
 1.46342E+03
 1.46486E+03
 1.46628E+03
 1.46772E+03
 1.46917E+03
 1.47062E+03
 1.47204E+03
 1.47344E+03
 1.47485E+03
 1.47627E+03
 1.47769E+03
 1.47912E+03
 1.48055E+03
 1.48199E+03
 1.48343E+03
 1.48484E+03
 1.48626E+03
 1.48771E+03
 1.48914E+03
 1.49060E+03
 1.49202E+03
 1.49343E+03
 1.49487E+03
 1.49631E+03
 1.49773E+03
 1.49915E+03
 1.50059E+03
 1.50204E+03
 1.50350E+03
 1.50492E+03
 1.50635E+03
 1.50780E+03
 1.50927E+03
 1.51071E+03
 1.51214E+03
 1.51358E+03
 1.51500E+03
 1.51646E+03
 1.51791E+03
 1.51939E+03
 1.52084E+03
 1.52234E+03
 1.52377E+03
 1.52521E+03
 1.52668E+03
 1.52816E+03
 1.52963E+03
 1.53111E+03
 1.53259E+03
 1.53408E+03
 1.53556E+03
 1.53702E+03
 1.53853E+03
 1.54001E+03
 1.54147E+03
 1.54295E+03
 1.54441E+03
 1.54591E+03
 1.54734E+03
 1.54879E+03
 1.55027E+03
 1.55178E+03
 1.55327E+03
 1.55475E+03
 1.55624E+03
 1.55771E+03
 1.55918E+03
 1.56069E+03
 1.56216E+03
 1.56361E+03
 1.56510E+03
 1.56658E+03
 1.56808E+03
 1.56954E+03
 1.57100E+03
 1.57248E+03
 1.57395E+03
 1.57543E+03
 1.57689E+03
 1.57839E+03
 1.57988E+03
 1.58136E+03
 1.58286E+03
 1.58435E+03
 1.58585E+03
 1.58735E+03
 1.58881E+03
 1.59029E+03
 1.59179E+03
 1.59332E+03
 1.59486E+03
 1.59645E+03
 1.59794E+03
 1.59942E+03
 1.60093E+03
 1.60243E+03
 1.60393E+03
 1.60543E+03
 1.60687E+03
 1.60833E+03
 1.60981E+03
 1.61129E+03
 1.61280E+03
 1.61431E+03
 1.61580E+03
 1.61731E+03
 1.61879E+03
 1.62029E+03
 1.62176E+03
 1.62325E+03
 1.62477E+03
 1.62628E+03
 1.62779E+03
 1.62933E+03
 1.63088E+03
 1.63241E+03
 1.63392E+03
 1.63541E+03
 1.63693E+03
 1.63846E+03
 1.63994E+03
 1.64145E+03
 1.64298E+03
 1.64451E+03
 1.64601E+03
 1.64754E+03
 1.64907E+03
 1.65058E+03
 1.65211E+03
 1.65358E+03
 1.65508E+03
 1.65658E+03
 1.65810E+03
 1.65959E+03
 1.66113E+03
 1.66263E+03
 1.66416E+03
 1.66572E+03
 1.66727E+03
 1.66878E+03
 1.67029E+03
 1.67181E+03
 1.67335E+03
 1.67485E+03
 1.67642E+03
 1.67795E+03
 1.67950E+03
 1.68102E+03
 1.68253E+03
 1.68401E+03
 1.68553E+03
 1.68704E+03
 1.68858E+03
 1.69011E+03
 1.69166E+03
 1.69318E+03
 1.69469E+03
 1.69622E+03
 1.69773E+03
 1.69928E+03
 1.70079E+03
 1.70230E+03
 1.70384E+03
 1.70536E+03
 1.70689E+03
 1.70843E+03
 1.70995E+03
 1.71149E+03
 1.71301E+03
 1.71452E+03
 1.71605E+03
 1.71758E+03
 1.71908E+03
 1.72060E+03
 1.72210E+03
 1.72364E+03
 1.72517E+03
 1.72667E+03
 1.72818E+03
 1.72972E+03
 1.73126E+03
 1.73277E+03
 1.73430E+03
 1.73579E+03
 1.73730E+03
 1.73886E+03
 1.74035E+03
 1.74186E+03
 1.74337E+03
 1.74492E+03
 1.74644E+03
 1.74797E+03
 1.74949E+03
 1.75100E+03
 1.75250E+03
 1.75400E+03
 1.75549E+03
 1.75701E+03
 1.75852E+03
 1.76004E+03
 1.76156E+03
 1.76309E+03
 1.76459E+03
 1.76611E+03
 1.76761E+03
 1.76913E+03
 1.77067E+03
 1.77218E+03
 1.77369E+03
 1.77523E+03
 1.77675E+03
 1.77825E+03
 1.77978E+03
 1.78131E+03
 1.78283E+03
 1.78436E+03
 1.78590E+03
 1.78742E+03
 1.78897E+03
 1.79051E+03
 1.79207E+03
 1.79360E+03
 1.79515E+03
 1.79667E+03
 1.79818E+03
 1.79973E+03
 1.80127E+03
 1.80278E+03
 1.80430E+03
 1.80582E+03
 1.80732E+03
 1.80884E+03
 1.81036E+03
 1.81190E+03
 1.81341E+03
 1.81493E+03
 1.81646E+03
 1.81798E+03
 1.81952E+03
 1.82107E+03
 1.82259E+03
 1.82411E+03
 1.82566E+03
 1.82717E+03
 1.82872E+03
 1.83025E+03
 1.83176E+03
 1.83332E+03
 1.83482E+03
 1.83636E+03
 1.83788E+03
 1.83941E+03
 1.84094E+03
 1.84246E+03
 1.84398E+03
 1.84552E+03
 1.84706E+03
 1.84863E+03
 1.85018E+03
 1.85173E+03
 1.85325E+03
 1.85479E+03
 1.85636E+03
 1.85794E+03
 1.85944E+03
 1.86099E+03
 1.86256E+03
 1.86411E+03
 1.86564E+03
 1.86719E+03
 1.86874E+03
 1.87030E+03
 1.87184E+03
 1.87340E+03
 1.87494E+03
 1.87651E+03
 1.87809E+03
 1.87962E+03
 1.88118E+03
 1.88273E+03
 1.88427E+03
 1.88579E+03
 1.88737E+03
 1.88893E+03
 1.89049E+03
 1.89204E+03
 1.89357E+03
 1.89512E+03
 1.89668E+03
 1.89821E+03
 1.89978E+03
 1.90136E+03
 1.90291E+03
 1.90447E+03
 1.90601E+03
 1.90756E+03
 1.90913E+03
 1.91069E+03
 1.91228E+03
 1.91385E+03
 1.91544E+03
 1.91703E+03
 1.91862E+03
 1.92021E+03
 1.92177E+03
 1.92337E+03
 1.92495E+03
 1.92655E+03
 1.92812E+03
 1.92970E+03
 1.93130E+03
 1.93291E+03
 1.93449E+03
 1.93606E+03
 1.93764E+03
 1.93924E+03
 1.94083E+03
 1.94244E+03
 1.94401E+03
 1.94558E+03
 1.94717E+03
 1.94876E+03
 1.95034E+03
 1.95193E+03
 1.95350E+03
 1.95506E+03
 1.95662E+03
 1.95821E+03
 1.95989E+03
 1.96155E+03
 1.96317E+03
 1.96488E+03
 1.96662E+03
 1.96829E+03
 1.96995E+03
 1.97159E+03
 1.97325E+03
 1.97493E+03
 1.97662E+03
 1.97827E+03
 1.97994E+03
 1.98158E+03
 1.98323E+03
 1.98487E+03
 1.98652E+03
 1.98817E+03
 1.98989E+03
 1.99158E+03
 1.99338E+03
 1.99515E+03
 1.99686E+03
 1.99854E+03
 2.00025E+03
 2.00193E+03
 2.00359E+03
 2.00525E+03
 2.00694E+03
 2.00863E+03
 2.01033E+03
 2.01200E+03
 2.01372E+03
 2.01542E+03
 2.01706E+03
 2.01875E+03
 2.02045E+03
 2.02214E+03
 2.02380E+03
 2.02548E+03
 2.02720E+03
 2.02893E+03
 2.03058E+03
 2.03225E+03
 2.03389E+03
 2.03561E+03
 2.03728E+03
 2.03897E+03
 2.04063E+03
 2.04233E+03
 2.04397E+03
 2.04559E+03
 2.04725E+03
 2.04892E+03
 2.05061E+03
 2.05226E+03
 2.05395E+03
 2.05566E+03
 2.05738E+03
 2.05904E+03
 2.06073E+03
 2.06246E+03
 2.06416E+03
 2.06584E+03
 2.06752E+03
 2.06925E+03
 2.07092E+03
 2.07259E+03
 2.07427E+03
 2.07591E+03
 2.07757E+03
 2.07924E+03
 2.08094E+03
 2.08261E+03
 2.08425E+03
 2.08596E+03
 2.08764E+03
 2.08936E+03
 2.09106E+03
 2.09270E+03
 2.09443E+03
 2.09613E+03
 2.09781E+03
 2.09951E+03
 2.10121E+03
 2.10292E+03
 2.10465E+03
 2.10634E+03
 2.10803E+03
 2.10973E+03
 2.11141E+03
 2.11314E+03
 2.11483E+03
 2.11654E+03
 2.11823E+03
 2.11995E+03
 2.12164E+03
 2.12333E+03
 2.12501E+03
 2.12670E+03
 2.12843E+03
 2.13012E+03
 2.13182E+03
 2.13354E+03
 2.13526E+03
 2.13693E+03
 2.13864E+03
 2.14037E+03
 2.14208E+03
 2.14384E+03
 2.14555E+03
 2.14725E+03
 2.14894E+03
 2.15066E+03
 2.15237E+03
 2.15408E+03
 2.15577E+03
 2.15747E+03
 2.15920E+03
 2.16084E+03
 2.16255E+03
 2.16429E+03
 2.16601E+03
 2.16770E+03
 2.16944E+03
 2.17112E+03
 2.17284E+03
 2.17453E+03
 2.17625E+03
 2.17795E+03
 2.17968E+03
 2.18139E+03
 2.18308E+03
 2.18479E+03
 2.18651E+03
 2.18827E+03
 2.19002E+03
 2.19172E+03
 2.19342E+03
 2.19516E+03
 2.19689E+03
 2.19862E+03
 2.20036E+03
 2.20207E+03
 2.20377E+03
 2.20545E+03
 2.20713E+03
 2.20883E+03
 2.21055E+03
 2.21226E+03
 2.21396E+03
 2.21568E+03
 2.21743E+03
 2.21914E+03
 2.22088E+03
 2.22258E+03
 2.22429E+03
