 1.00000E+00
 1.00000E+00
 1.00000E+00
 1.00000E+00
 1.00000E+00
 1.00000E+00
 1.00000E+00
 1.00000E+00
 1.00000E+00
 1.00000E+00
 1.00000E+00
 1.00000E+00
 1.00000E+00
 1.00000E+00
 1.00000E+00
 1.00000E+00
 1.00000E+00
 1.00000E+00
 1.00000E+00
 1.00000E+00
 1.00000E+00
 1.00000E+00
 1.00000E+00
 9.99998E-01
 9.99986E-01
 9.99922E-01
 9.99644E-01
 9.98616E-01
 9.95388E-01
 9.86689E-01
 9.66422E-01
 9.25342E-01
 8.52595E-01
 7.39926E-01
 5.87972E-01
 4.11785E-01
 2.40665E-01
 1.07898E-01
 3.21544E-02
 4.66065E-03
 1.00000E+00
 1.00000E+00
 1.00000E+00
 1.00000E+00
 1.00000E+00
 1.00000E+00
 1.00000E+00
 1.00000E+00
 1.00000E+00
 1.00000E+00
 1.00000E+00
 1.00000E+00
 1.00000E+00
 1.00000E+00
 1.00000E+00
 1.00000E+00
 1.00000E+00
 1.00000E+00
 1.00000E+00
 1.00000E+00
 1.00000E+00
 1.00000E+00
 1.00000E+00
 9.99998E-01
 9.99985E-01
 9.99917E-01
 9.99622E-01
 9.98539E-01
 9.95151E-01
 9.86059E-01
 9.64948E-01
 9.22275E-01
 8.46895E-01
 7.30533E-01
 5.74562E-01
 3.95927E-01
 2.26179E-01
 9.86480E-02
 2.86011E-02
 4.05218E-03
 1.00000E+00
 1.00000E+00
 1.00000E+00
 1.00000E+00
 1.00000E+00
 1.00000E+00
 1.00000E+00
 1.00000E+00
 1.00000E+00
 1.00000E+00
 1.00000E+00
 1.00000E+00
 1.00000E+00
 1.00000E+00
 1.00000E+00
 1.00000E+00
 1.00000E+00
 1.00000E+00
 1.00000E+00
 1.00000E+00
 1.00000E+00
 1.00000E+00
 1.00000E+00
 9.99997E-01
 9.99983E-01
 9.99909E-01
 9.99588E-01
 9.98418E-01
 9.94794E-01
 9.85141E-01
 9.62890E-01
 9.18217E-01
 8.39846E-01
 7.19805E-01
 5.60531E-01
 3.80735E-01
 2.13348E-01
 9.09089E-02
 2.57030E-02
 3.55304E-03
 1.00000E+00
 1.00000E+00
 1.00000E+00
 1.00000E+00
 1.00000E+00
 1.00000E+00
 1.00000E+00
 1.00000E+00
 1.00000E+00
 1.00000E+00
 1.00000E+00
 1.00000E+00
 1.00000E+00
 1.00000E+00
 1.00000E+00
 1.00000E+00
 1.00000E+00
 1.00000E+00
 1.00000E+00
 1.00000E+00
 1.00000E+00
 1.00000E+00
 1.00000E+00
 9.99997E-01
 9.99981E-01
 9.99896E-01
 9.99537E-01
 9.98246E-01
 9.94294E-01
 9.83892E-01
 9.60179E-01
 9.13086E-01
 8.31359E-01
 7.07609E-01
 5.45558E-01
 3.65534E-01
 2.01245E-01
 8.39409E-02
 2.31698E-02
 3.12324E-03
 1.00000E+00
 1.00000E+00
 1.00000E+00
 1.00000E+00
 1.00000E+00
 1.00000E+00
 1.00000E+00
 1.00000E+00
 1.00000E+00
 1.00000E+00
 1.00000E+00
 1.00000E+00
 1.00000E+00
 1.00000E+00
 1.00000E+00
 1.00000E+00
 1.00000E+00
 1.00000E+00
 1.00000E+00
 1.00000E+00
 1.00000E+00
 1.00000E+00
 1.00000E+00
 9.99996E-01
 9.99977E-01
 9.99878E-01
 9.99466E-01
 9.98008E-01
 9.93618E-01
 9.82245E-01
 9.56711E-01
 9.06743E-01
 8.21270E-01
 6.93730E-01
 5.29304E-01
 3.49808E-01
 1.89279E-01
 7.73140E-02
 2.08341E-02
 2.73661E-03
 1.00000E+00
 1.00000E+00
 1.00000E+00
 1.00000E+00
 1.00000E+00
 1.00000E+00
 1.00000E+00
 1.00000E+00
 1.00000E+00
 1.00000E+00
 1.00000E+00
 1.00000E+00
 1.00000E+00
 1.00000E+00
 1.00000E+00
 1.00000E+00
 1.00000E+00
 1.00000E+00
 1.00000E+00
 1.00000E+00
 1.00000E+00
 1.00000E+00
 9.99999E-01
 9.99995E-01
 9.99971E-01
 9.99852E-01
 9.99365E-01
 9.97682E-01
 9.92717E-01
 9.80111E-01
 9.52344E-01
 8.98996E-01
 8.09350E-01
 6.77907E-01
 5.11451E-01
 3.33174E-01
 1.77073E-01
 7.07801E-02
 1.86027E-02
 2.37799E-03
 1.00000E+00
 1.00000E+00
 1.00000E+00
 1.00000E+00
 1.00000E+00
 1.00000E+00
 1.00000E+00
 1.00000E+00
 1.00000E+00
 1.00000E+00
 1.00000E+00
 1.00000E+00
 1.00000E+00
 1.00000E+00
 1.00000E+00
 1.00000E+00
 1.00000E+00
 1.00000E+00
 1.00000E+00
 1.00000E+00
 1.00000E+00
 1.00000E+00
 9.99999E-01
 9.99994E-01
 9.99963E-01
 9.99814E-01
 9.99224E-01
 9.97237E-01
 9.91524E-01
 9.77363E-01
 9.46884E-01
 8.89595E-01
 7.95319E-01
 6.59850E-01
 4.91708E-01
 3.15349E-01
 1.64399E-01
 6.42069E-02
 1.64293E-02
 2.03998E-03
 1.00000E+00
 1.00000E+00
 1.00000E+00
 1.00000E+00
 1.00000E+00
 1.00000E+00
 1.00000E+00
 1.00000E+00
 1.00000E+00
 1.00000E+00
 1.00000E+00
 1.00000E+00
 1.00000E+00
 1.00000E+00
 1.00000E+00
 1.00000E+00
 1.00000E+00
 1.00000E+00
 1.00000E+00
 1.00000E+00
 1.00000E+00
 1.00000E+00
 9.99999E-01
 9.99991E-01
 9.99950E-01
 9.99759E-01
 9.99025E-01
 9.96629E-01
 9.89943E-01
 9.73834E-01
 9.40082E-01
 8.78229E-01
 7.78844E-01
 6.39246E-01
 4.69812E-01
 2.96138E-01
 1.51136E-01
 5.75413E-02
 1.42993E-02
 1.72039E-03
 1.00000E+00
 1.00000E+00
 1.00000E+00
 1.00000E+00
 1.00000E+00
 1.00000E+00
 1.00000E+00
 1.00000E+00
 1.00000E+00
 1.00000E+00
 1.00000E+00
 1.00000E+00
 1.00000E+00
 1.00000E+00
 1.00000E+00
 1.00000E+00
 1.00000E+00
 1.00000E+00
 1.00000E+00
 1.00000E+00
 1.00000E+00
 1.00000E+00
 9.99998E-01
 9.99987E-01
 9.99930E-01
 9.99677E-01
 9.98740E-01
 9.95790E-01
 9.87839E-01
 9.69296E-01
 9.31616E-01
 8.64512E-01
 7.59534E-01
 6.15766E-01
 4.45534E-01
 2.75422E-01
 1.37252E-01
 5.07896E-02
 1.22198E-02
 1.42037E-03
 1.00000E+00
 1.00000E+00
 1.00000E+00
 1.00000E+00
 1.00000E+00
 1.00000E+00
 1.00000E+00
 1.00000E+00
 1.00000E+00
 1.00000E+00
 1.00000E+00
 1.00000E+00
 1.00000E+00
 1.00000E+00
 1.00000E+00
 1.00000E+00
 1.00000E+00
 1.00000E+00
 1.00000E+00
 1.00000E+00
 1.00000E+00
 1.00000E+00
 9.99997E-01
 9.99981E-01
 9.99899E-01
 9.99553E-01
 9.98326E-01
 9.94623E-01
 9.85023E-01
 9.63445E-01
 9.21074E-01
 8.47976E-01
 7.36947E-01
 5.89070E-01
 4.18687E-01
 2.53160E-01
 1.22793E-01
 4.40061E-02
 1.02135E-02
 1.14312E-03
 1.00000E+00
 1.00000E+00
 1.00000E+00
 1.00000E+00
 1.00000E+00
 1.00000E+00
 1.00000E+00
 1.00000E+00
 1.00000E+00
 1.00000E+00
 1.00000E+00
 1.00000E+00
 1.00000E+00
 1.00000E+00
 1.00000E+00
 1.00000E+00
 1.00000E+00
 1.00000E+00
 1.00000E+00
 1.00000E+00
 1.00000E+00
 9.99999E-01
 9.99995E-01
 9.99970E-01
 9.99848E-01
 9.99360E-01
 9.97716E-01
 9.92980E-01
 9.81230E-01
 9.55876E-01
 9.07935E-01
 8.28060E-01
 7.10586E-01
 5.58821E-01
 3.89140E-01
 2.29401E-01
 1.07884E-01
 3.72861E-02
 8.31368E-03
 8.92710E-04
 1.00000E+00
 1.00000E+00
 1.00000E+00
 1.00000E+00
 1.00000E+00
 1.00000E+00
 1.00000E+00
 1.00000E+00
 1.00000E+00
 1.00000E+00
 1.00000E+00
 1.00000E+00
 1.00000E+00
 1.00000E+00
 1.00000E+00
 1.00000E+00
 1.00000E+00
 1.00000E+00
 1.00000E+00
 1.00000E+00
 1.00000E+00
 9.99999E-01
 9.99991E-01
 9.99949E-01
 9.99762E-01
 9.99056E-01
 9.96803E-01
 9.90645E-01
 9.76088E-01
 9.46052E-01
 8.91550E-01
 8.04106E-01
 6.79914E-01
 5.24711E-01
 3.56849E-01
 2.04298E-01
 9.27319E-02
 3.07589E-02
 6.55911E-03
 6.73142E-04
 1.00000E+00
 1.00000E+00
 1.00000E+00
 1.00000E+00
 1.00000E+00
 1.00000E+00
 1.00000E+00
 1.00000E+00
 1.00000E+00
 1.00000E+00
 1.00000E+00
 1.00000E+00
 1.00000E+00
 1.00000E+00
 1.00000E+00
 1.00000E+00
 1.00000E+00
 1.00000E+00
 1.00000E+00
 1.00000E+00
 1.00000E+00
 9.99997E-01
 9.99983E-01
 9.99912E-01
 9.99614E-01
 9.98564E-01
 9.95416E-01
 9.87292E-01
 9.69075E-01
 9.33269E-01
 8.71115E-01
 7.75358E-01
 6.44377E-01
 4.86497E-01
 3.21899E-01
 1.78141E-01
 7.76287E-02
 2.45795E-02
 4.98889E-03
 4.87465E-04
 1.00000E+00
 1.00000E+00
 1.00000E+00
 1.00000E+00
 1.00000E+00
 1.00000E+00
 1.00000E+00
 1.00000E+00
 1.00000E+00
 1.00000E+00
 1.00000E+00
 1.00000E+00
 1.00000E+00
 1.00000E+00
 1.00000E+00
 1.00000E+00
 1.00000E+00
 1.00000E+00
 1.00000E+00
 1.00000E+00
 9.99999E-01
 9.99994E-01
 9.99967E-01
 9.99841E-01
 9.99353E-01
 9.97758E-01
 9.93286E-01
 9.82442E-01
 9.59473E-01
 9.16618E-01
 8.45667E-01
 7.40982E-01
 6.03452E-01
 4.44072E-01
 2.84560E-01
 1.51385E-01
 6.29480E-02
 1.89145E-02
 3.63641E-03
 3.37042E-04
 1.00000E+00
 1.00000E+00
 1.00000E+00
 1.00000E+00
 1.00000E+00
 1.00000E+00
 1.00000E+00
 1.00000E+00
 1.00000E+00
 1.00000E+00
 1.00000E+00
 1.00000E+00
 1.00000E+00
 1.00000E+00
 1.00000E+00
 1.00000E+00
 1.00000E+00
 1.00000E+00
 1.00000E+00
 1.00000E+00
 9.99998E-01
 9.99987E-01
 9.99932E-01
 9.99701E-01
 9.98884E-01
 9.96414E-01
 9.89980E-01
 9.75384E-01
 9.46298E-01
 8.94944E-01
 8.14079E-01
 7.00116E-01
 5.56732E-01
 3.97558E-01
 2.45366E-01
 1.24671E-01
 4.91269E-02
 1.39225E-02
 2.52336E-03
 2.21101E-04
 1.00000E+00
 1.00000E+00
 1.00000E+00
 1.00000E+00
 1.00000E+00
 1.00000E+00
 1.00000E+00
 1.00000E+00
 1.00000E+00
 1.00000E+00
 1.00000E+00
 1.00000E+00
 1.00000E+00
 1.00000E+00
 1.00000E+00
 1.00000E+00
 1.00000E+00
 1.00000E+00
 1.00000E+00
 9.99999E-01
 9.99994E-01
 9.99969E-01
 9.99854E-01
 9.99421E-01
 9.98025E-01
 9.94152E-01
 9.84818E-01
 9.65094E-01
 9.28233E-01
 8.66830E-01
 7.75105E-01
 6.51964E-01
 5.04059E-01
 3.47436E-01
 2.05186E-01
 9.88240E-02
 3.66256E-02
 9.72834E-03
 1.65485E-03
 1.36682E-04
 1.00000E+00
 1.00000E+00
 1.00000E+00
 1.00000E+00
 1.00000E+00
 1.00000E+00
 1.00000E+00
 1.00000E+00
 1.00000E+00
 1.00000E+00
 1.00000E+00
 1.00000E+00
 1.00000E+00
 1.00000E+00
 1.00000E+00
 1.00000E+00
 1.00000E+00
 1.00000E+00
 1.00000E+00
 9.99997E-01
 9.99984E-01
 9.99922E-01
 9.99678E-01
 9.98851E-01
 9.96440E-01
 9.90326E-01
 9.76749E-01
 9.50113E-01
 9.03570E-01
 8.30607E-01
 7.27474E-01
 5.95957E-01
 4.45709E-01
 2.94695E-01
 1.65280E-01
 7.48054E-02
 2.58606E-02
 6.39796E-03
 1.01746E-03
 7.90376E-05
 1.00000E+00
 1.00000E+00
 1.00000E+00
 1.00000E+00
 1.00000E+00
 1.00000E+00
 1.00000E+00
 1.00000E+00
 1.00000E+00
 1.00000E+00
 1.00000E+00
 1.00000E+00
 1.00000E+00
 1.00000E+00
 1.00000E+00
 1.00000E+00
 1.00000E+00
 1.00000E+00
 9.99998E-01
 9.99990E-01
 9.99953E-01
 9.99802E-01
 9.99277E-01
 9.97689E-01
 9.93510E-01
 9.83863E-01
 9.64184E-01
 9.28438E-01
 8.70177E-01
 7.84434E-01
 6.70067E-01
 5.31993E-01
 3.82622E-01
 2.40966E-01
 1.27294E-01
 5.35882E-02
 1.71205E-02
 3.92112E-03
 5.81174E-04
 4.24110E-05
 1.00000E+00
 1.00000E+00
 1.00000E+00
 1.00000E+00
 1.00000E+00
 1.00000E+00
 1.00000E+00
 1.00000E+00
 1.00000E+00
 1.00000E+00
 1.00000E+00
 1.00000E+00
 1.00000E+00
 1.00000E+00
 1.00000E+00
 1.00000E+00
 1.00000E+00
 9.99999E-01
 9.99993E-01
 9.99967E-01
 9.99862E-01
 9.99494E-01
 9.98365E-01
 9.95326E-01
 9.88130E-01
 9.73036E-01
 9.44811E-01
 8.97431E-01
 8.25551E-01
 7.26482E-01
 6.02200E-01
 4.60727E-01
 3.16587E-01
 1.88506E-01
 9.31485E-02
 3.59566E-02
 1.04915E-02
 2.21228E-03
 3.05285E-04
 2.09437E-05
 1.00000E+00
 1.00000E+00
 1.00000E+00
 1.00000E+00
 1.00000E+00
 1.00000E+00
 1.00000E+00
 1.00000E+00
 1.00000E+00
 1.00000E+00
 1.00000E+00
 1.00000E+00
 1.00000E+00
 1.00000E+00
 1.00000E+00
 1.00000E+00
 9.99999E-01
 9.99994E-01
 9.99972E-01
 9.99888E-01
 9.99598E-01
 9.98713E-01
 9.96323E-01
 9.90597E-01
 9.78400E-01
 9.55176E-01
 9.15410E-01
 8.53792E-01
 7.66930E-01
 6.55047E-01
 5.23544E-01
 3.82824E-01
 2.48052E-01
 1.34767E-01
 5.97468E-02
 2.14618E-02
 5.83143E-03
 1.14892E-03
 1.48890E-04
 9.64989E-06
 1.00000E+00
 1.00000E+00
 1.00000E+00
 1.00000E+00
 1.00000E+00
 1.00000E+00
 1.00000E+00
 1.00000E+00
 1.00000E+00
 1.00000E+00
 1.00000E+00
 1.00000E+00
 1.00000E+00
 1.00000E+00
 1.00000E+00
 9.99998E-01
 9.99993E-01
 9.99972E-01
 9.99893E-01
 9.99634E-01
 9.98860E-01
 9.96796E-01
 9.91871E-01
 9.81356E-01
 9.61195E-01
 9.26327E-01
 8.71641E-01
 7.93376E-01
 6.90862E-01
 5.66999E-01
 4.30132E-01
 2.89103E-01
 1.70957E-01
 8.77027E-02
 3.66223E-02
 1.22046E-02
 3.09652E-03
 5.73236E-04
 7.01913E-05
 4.32274E-06
 1.00000E+00
 1.00000E+00
 1.00000E+00
 1.00000E+00
 1.00000E+00
 1.00000E+00
 1.00000E+00
 1.00000E+00
 1.00000E+00
 1.00000E+00
 1.00000E+00
 1.00000E+00
 1.00000E+00
 9.99999E-01
 9.99998E-01
 9.99991E-01
 9.99966E-01
 9.99882E-01
 9.99617E-01
 9.98858E-01
 9.96886E-01
 9.92265E-01
 9.82496E-01
 9.63836E-01
 9.31519E-01
 8.80587E-01
 8.07183E-01
 7.09440E-01
 5.89893E-01
 4.50022E-01
 3.13641E-01
 2.01641E-01
 1.13358E-01
 5.42425E-02
 2.12696E-02
 6.59900E-03
 1.56962E-03
 2.74297E-04
 3.18883E-05
 1.87474E-06
 1.00000E+00
 1.00000E+00
 1.00000E+00
 1.00000E+00
 1.00000E+00
 1.00000E+00
 1.00000E+00
 1.00000E+00
 1.00000E+00
 1.00000E+00
 1.00000E+00
 1.00000E+00
 9.99999E-01
 9.99996E-01
 9.99987E-01
 9.99954E-01
 9.99851E-01
 9.99546E-01
 9.98711E-01
 9.96625E-01
 9.91869E-01
 9.82009E-01
 9.63411E-01
 9.31421E-01
 8.80928E-01
 8.07722E-01
 7.10025E-01
 5.85396E-01
 4.50761E-01
 3.30272E-01
 2.20565E-01
 1.33946E-01
 7.12581E-02
 3.18777E-02
 1.16786E-02
 3.38551E-03
 7.58015E-04
 1.25552E-04
 1.39126E-05
 7.83805E-07
 1.00000E+00
 1.00000E+00
 1.00000E+00
 1.00000E+00
 1.00000E+00
 1.00000E+00
 1.00000E+00
 1.00000E+00
 1.00000E+00
 1.00000E+00
 9.99999E-01
 9.99998E-01
 9.99994E-01
 9.99979E-01
 9.99932E-01
 9.99791E-01
 9.99398E-01
 9.98376E-01
 9.95930E-01
 9.90541E-01
 9.79642E-01
 9.59415E-01
 9.24981E-01
 8.71139E-01
 7.92406E-01
 6.85566E-01
 5.63969E-01
 4.46325E-01
 3.30349E-01
 2.30688E-01
 1.47481E-01
 8.46044E-02
 4.22780E-02
 1.76960E-02
 6.04981E-03
 1.64434E-03
 3.47862E-04
 5.48019E-05
 5.80758E-06
 3.14537E-07
 1.00000E+00
 1.00000E+00
 1.00000E+00
 1.00000E+00
 1.00000E+00
 1.00000E+00
 1.00000E+00
 1.00000E+00
 9.99999E-01
 9.99998E-01
 9.99995E-01
 9.99985E-01
 9.99957E-01
 9.99880E-01
 9.99673E-01
 9.99138E-01
 9.97725E-01
 9.94504E-01
 9.87669E-01
 9.74215E-01
 9.49686E-01
 9.08246E-01
 8.43651E-01
 7.54059E-01
 6.50155E-01
 5.39664E-01
 4.26412E-01
 3.23223E-01
 2.30409E-01
 1.53392E-01
 9.32718E-02
 5.04495E-02
 2.35858E-02
 9.22956E-03
 2.94889E-03
 7.54069E-04
 1.51230E-04
 2.27290E-05
 2.31005E-06
 1.20602E-07
 1.00000E+00
 1.00000E+00
 1.00000E+00
 1.00000E+00
 1.00000E+00
 1.00000E+00
 9.99999E-01
 9.99998E-01
 9.99995E-01
 9.99985E-01
 9.99960E-01
 9.99894E-01
 9.99727E-01
 9.99319E-01
 9.98350E-01
 9.96112E-01
 9.91143E-01
 9.81002E-01
 9.61633E-01
 9.27910E-01
 8.75272E-01
 8.02205E-01
 7.11692E-01
 6.09350E-01
 5.03625E-01
 4.01446E-01
 3.06141E-01
 2.22695E-01
 1.52310E-01
 9.65131E-02
 5.55027E-02
 2.82037E-02
 1.23144E-02
 4.50331E-03
 1.34826E-03
 3.25426E-04
 6.20541E-05
 8.92060E-06
 8.71621E-07
 4.39681E-08
 1.00000E+00
 1.00000E+00
 1.00000E+00
 1.00000E+00
 9.99999E-01
 9.99998E-01
 9.99995E-01
 9.99985E-01
 9.99959E-01
 9.99892E-01
 9.99727E-01
 9.99338E-01
 9.98451E-01
 9.96503E-01
 9.92381E-01
 9.84047E-01
 9.68244E-01
 9.40650E-01
 8.96746E-01
 8.34090E-01
 7.53978E-01
 6.61286E-01
 5.62478E-01
 4.63155E-01
 3.69062E-01
 2.83416E-01
 2.08318E-01
 1.45310E-01
 9.48927E-02
 5.70190E-02
 3.08726E-02
 1.46890E-02
 5.98658E-03
 2.04732E-03
 5.76078E-04
 1.31642E-04
 2.39282E-05
 3.29752E-06
 3.10399E-07
 1.51595E-08
 1.00000E+00
 1.00000E+00
 1.00000E+00
 9.99999E-01
 9.99996E-01
 9.99986E-01
 9.99961E-01
 9.99893E-01
 9.99725E-01
 9.99331E-01
 9.98449E-01
 9.96566E-01
 9.92720E-01
 9.85230E-01
 9.71420E-01
 9.47607E-01
 9.09830E-01
 8.55262E-01
 7.83800E-01
 6.98762E-01
 6.05725E-01
 5.10663E-01
 4.18508E-01
 3.32719E-01
 2.55926E-01
 1.89343E-01
 1.33703E-01
 8.91345E-02
 5.53030E-02
 3.13696E-02
 1.59342E-02
 7.08355E-03
 2.69558E-03
 8.63515E-04
 2.29024E-04
 4.96796E-05
 8.62653E-06
 1.14181E-06
 1.03731E-07
 4.91345E-09
 1.00000E+00
 9.99999E-01
 9.99997E-01
 9.99991E-01
 9.99969E-01
 9.99907E-01
 9.99746E-01
 9.99358E-01
 9.98482E-01
 9.96622E-01
 9.92880E-01
 9.85755E-01
 9.72938E-01
 9.51298E-01
 9.17333E-01
 8.68264E-01
 8.03429E-01
 7.24948E-01
 6.37280E-01
 5.45900E-01
 4.55851E-01
 3.70963E-01
 2.93720E-01
 2.25566E-01
 1.67250E-01
 1.18893E-01
 8.03083E-02
 5.09320E-02
 2.98790E-02
 1.59329E-02
 7.57280E-03
 3.14300E-03
 1.11795E-03
 3.36198E-04
 8.42684E-05
 1.73914E-05
 2.89019E-06
 3.68019E-07
 3.23171E-08
 1.48692E-09
 9.99999E-01
 9.99996E-01
 9.99984E-01
 9.99939E-01
 9.99807E-01
 9.99462E-01
 9.98644E-01
 9.96859E-01
 9.93234E-01
 9.86346E-01
 9.74074E-01
 9.53613E-01
 9.21851E-01
 8.76216E-01
 8.15798E-01
 7.42106E-01
 6.58860E-01
 5.70904E-01
 4.83038E-01
 3.99197E-01
 3.22111E-01
 2.53389E-01
 1.93776E-01
 1.43448E-01
 1.02187E-01
 6.94997E-02
 4.46856E-02
 2.68277E-02
 1.48170E-02
 7.40408E-03
 3.28801E-03
 1.27443E-03
 4.24391E-04
 1.20087E-04
 2.85112E-05
 5.60892E-06
 8.93446E-07
 1.09594E-07
 9.31480E-09
 4.16842E-10
 9.99996E-01
 9.99978E-01
 9.99900E-01
 9.99652E-01
 9.98986E-01
 9.97415E-01
 9.94069E-01
 9.87540E-01
 9.75768E-01
 9.56083E-01
 9.25573E-01
 8.81841E-01
 8.23977E-01
 7.53222E-01
 6.72866E-01
 5.87388E-01
 5.01364E-01
 4.18639E-01
 3.42006E-01
 2.73201E-01
 2.13069E-01
 1.61813E-01
 1.19200E-01
 8.47315E-02
 5.77261E-02
 3.73743E-02
 2.27598E-02
 1.28771E-02
 6.67273E-03
 3.11828E-03
 1.29325E-03
 4.68590E-04
 1.46363E-04
 3.90527E-05
 8.79951E-06
 1.65270E-06
 2.52652E-07
 2.98891E-08
 2.46154E-09
 1.07260E-10
 9.99981E-01
 9.99873E-01
 9.99469E-01
 9.98315E-01
 9.95555E-01
 9.89761E-01
 9.78828E-01
 9.60041E-01
 9.30475E-01
 8.87752E-01
 8.30988E-01
 7.61407E-01
 6.82221E-01
 5.97802E-01
 5.12639E-01
 4.30549E-01
 3.54316E-01
 2.85672E-01
 2.25479E-01
 1.73945E-01
 1.30825E-01
 9.55905E-02
 6.75399E-02
 4.58743E-02
 2.97358E-02
 1.82344E-02
 1.04697E-02
 5.56216E-03
 2.69781E-03
 1.17787E-03
 4.56352E-04
 1.54781E-04
 4.54327E-05
 1.14525E-05
 2.45290E-06
 4.40383E-07
 6.46764E-08
 7.38601E-09
 5.89959E-10
 2.50556E-11
 9.99896E-01
 9.99352E-01
 9.97577E-01
 9.93139E-01
 9.83814E-01
 9.66663E-01
 9.38466E-01
 8.96589E-01
 8.40034E-01
 7.70107E-01
 6.90247E-01
 6.05081E-01
 5.19287E-01
 4.36775E-01
 3.60340E-01
 2.91679E-01
 2.31579E-01
 1.80163E-01
 1.37109E-01
 1.01821E-01
 7.35470E-02
 5.14553E-02
 3.46890E-02
 2.23939E-02
 1.37407E-02
 7.94440E-03
 4.28502E-03
 2.13210E-03
 9.66623E-04
 3.94205E-04
 1.42785E-04
 4.53955E-05
 1.25436E-05
 2.99200E-06
 6.09898E-07
 1.04773E-07
 1.47948E-08
 1.63221E-09
 1.26545E-10
 5.24244E-12
 9.99480E-01
 9.97133E-01
 9.90618E-01
 9.76599E-01
 9.51203E-01
 9.11064E-01
 8.54673E-01
 7.83323E-01
 7.00930E-01
 6.12829E-01
 5.24321E-01
 4.39693E-01
 3.61872E-01
 2.92507E-01
 2.32244E-01
 1.81034E-01
 1.38383E-01
 1.03550E-01
 7.56681E-02
 5.38324E-02
 3.71451E-02
 2.47462E-02
 1.58312E-02
 9.66412E-03
 5.58805E-03
 3.03499E-03
 1.53368E-03
 7.13548E-04
 3.02185E-04
 1.15136E-04
 3.90223E-05
 1.16444E-05
 3.03331E-06
 6.85511E-07
 1.33122E-07
 2.18986E-08
 2.97507E-09
 3.17265E-10
 2.38904E-11
 9.66076E-13
 9.97660E-01
 9.89085E-01
 9.69320E-01
 9.33517E-01
 8.78798E-01
 8.05900E-01
 7.19315E-01
 6.25677E-01
 5.31621E-01
 4.42348E-01
 3.61188E-01
 2.89808E-01
 2.28653E-01
 1.77381E-01
 1.35209E-01
 1.01139E-01
 7.41067E-02
 5.30638E-02
 3.70248E-02
 2.50870E-02
 1.64404E-02
 1.03715E-02
 6.26445E-03
 3.60016E-03
 1.95465E-03
 9.94560E-04
 4.70005E-04
 2.04268E-04
 8.07884E-05
 2.87689E-05
 9.13123E-06
 2.56025E-06
 6.29452E-07
 1.34911E-07
 2.49766E-08
 3.93649E-09
 5.14782E-10
 5.30892E-11
 3.88469E-12
 1.53419E-13
 9.90700E-01
 9.64550E-01
 9.15955E-01
 8.43652E-01
 7.52148E-01
 6.50038E-01
 5.46530E-01
 4.48807E-01
 3.61209E-01
 2.85614E-01
 2.22206E-01
 1.70189E-01
 1.28296E-01
 9.51140E-02
 6.92502E-02
 4.94246E-02
 3.45001E-02
 2.34898E-02
 1.55511E-02
 9.97486E-03
 6.17348E-03
 3.66943E-03
 2.08352E-03
 1.12329E-03
 5.71088E-04
 2.71693E-04
 1.19923E-04
 4.86568E-05
 1.79703E-05
 5.98306E-06
 1.77962E-06
 4.69240E-07
 1.08972E-07
 2.21662E-08
 3.91422E-09
 5.91274E-10
 7.44528E-11
 7.42777E-12
 5.28347E-13
 2.03875E-14
 9.67734E-01
 9.02897E-01
 8.08708E-01
 6.95601E-01
 5.77255E-01
 4.65101E-01
 3.65950E-01
 2.82438E-01
 2.14450E-01
 1.60444E-01
 1.18339E-01
 8.60203E-02
 6.15628E-02
 4.33158E-02
 2.99075E-02
 2.02191E-02
 1.33504E-02
 8.58484E-03
 5.35890E-03
 3.23557E-03
 1.88183E-03
 1.04945E-03
 5.58234E-04
 2.81564E-04
 1.33767E-04
 5.94145E-05
 2.44712E-05
 9.26454E-06
 3.19490E-06
 9.94761E-07
 2.77414E-07
 6.88275E-08
 1.51065E-08
 2.91758E-09
 4.91548E-10
 7.11810E-11
 8.63214E-12
 8.33254E-13
 5.76313E-14
 2.17351E-15
 9.03999E-01
 7.78625E-01
 6.38292E-01
 5.01753E-01
 3.81847E-01
 2.83681E-01
 2.06979E-01
 1.48864E-01
 1.05734E-01
 7.41994E-02
 5.14214E-02
 3.51529E-02
 2.36687E-02
 1.56662E-02
 1.01717E-02
 6.46281E-03
 4.00758E-03
 2.41823E-03
 1.41529E-03
 8.00446E-04
 4.35693E-04
 2.27189E-04
 1.12900E-04
 5.31568E-05
 2.35583E-05
 9.75675E-06
 3.74647E-06
 1.32279E-06
 4.25848E-07
 1.24004E-07
 3.24312E-08
 7.57368E-09
 1.57148E-09
 2.88237E-10
 4.63365E-11
 6.43275E-12
 7.51347E-13
 7.01805E-14
 4.72042E-15
 1.74033E-16
 7.62445E-01
 5.81541E-01
 4.22089E-01
 2.94996E-01
 2.01182E-01
 1.35144E-01
 8.98846E-02
 5.93156E-02
 3.88458E-02
 2.52254E-02
 1.62185E-02
 1.03055E-02
 6.45812E-03
 3.98239E-03
 2.41057E-03
 1.42853E-03
 8.26445E-04
 4.65310E-04
 2.54091E-04
 1.34064E-04
 6.80586E-05
 3.30876E-05
 1.53244E-05
 6.72204E-06
 2.77468E-06
 1.07016E-06
 3.82750E-07
 1.25952E-07
 3.78393E-08
 1.03036E-08
 2.52726E-09
 5.55579E-10
 1.08987E-10
 1.89842E-11
 2.91183E-12
 3.87501E-13
 4.35893E-14
 3.93968E-15
 2.57706E-16
 9.28896E-18
 5.24539E-01
 3.30311E-01
 1.96443E-01
 1.14375E-01
 6.65330E-02
 3.89270E-02
 2.29115E-02
 1.35369E-02
 8.00626E-03
 4.72621E-03
 2.77651E-03
 1.61859E-03
 9.33625E-04
 5.31315E-04
 2.97433E-04
 1.63286E-04
 8.76255E-05
 4.58078E-05
 2.32418E-05
 1.13992E-05
 5.38065E-06
 2.43249E-06
 1.04762E-06
 4.27309E-07
 1.64014E-07
 5.88324E-08
 1.95787E-08
 6.00017E-09
 1.68130E-09
 4.27978E-10
 9.84324E-11
 2.03671E-11
 3.77672E-12
 6.24640E-13
 9.13907E-14
 1.16559E-14
 1.26252E-15
 1.10400E-16
 7.02271E-18
 2.47479E-19
