-0.00000E+00
 1.97010E-06
 1.18926E-06
 8.21109E-07
 6.18823E-07
 4.93552E-07
 4.08826E-07
 3.47721E-07
 3.01505E-07
 2.65262E-07
 2.36029E-07
 2.11912E-07
 1.91650E-07
 1.74364E-07
 1.59429E-07
 1.46383E-07
 1.34879E-07
 1.24651E-07
 1.15490E-07
 1.07229E-07
 9.97341E-08
 9.28937E-08
 8.66162E-08
 8.08242E-08
 7.54517E-08
 7.04421E-08
 6.57466E-08
 6.13228E-08
 5.71336E-08
 5.31449E-08
 4.93224E-08
 4.56246E-08
 4.19922E-08
 3.83353E-08
 3.45180E-08
 3.03468E-08
 2.55777E-08
 2.00061E-08
 1.36588E-08
 6.87340E-09
 0.00000E+00
-0.00000E+00
 7.77931E-07
 7.76364E-07
 6.55181E-07
 5.41783E-07
 4.52995E-07
 3.85199E-07
 3.32829E-07
 2.91528E-07
 2.58251E-07
 2.30911E-07
 2.08058E-07
 1.88672E-07
 1.72013E-07
 1.57539E-07
 1.44840E-07
 1.33603E-07
 1.23584E-07
 1.14590E-07
 1.06464E-07
 9.90790E-08
 9.23307E-08
 8.61307E-08
 8.04046E-08
 7.50886E-08
 7.01277E-08
 6.54741E-08
 6.10855E-08
 5.69240E-08
 5.29527E-08
 4.91317E-08
 4.54092E-08
 4.17099E-08
 3.79227E-08
 3.38937E-08
 2.94443E-08
 2.44280E-08
 1.88185E-08
 1.27474E-08
 6.42147E-09
 0.00000E+00
-0.00000E+00
 3.65034E-07
 4.83042E-07
 4.81443E-07
 4.40121E-07
 3.91437E-07
 3.46142E-07
 3.06864E-07
 2.73524E-07
 2.45303E-07
 2.21303E-07
 2.00737E-07
 1.82965E-07
 1.67477E-07
 1.53873E-07
 1.41835E-07
 1.31109E-07
 1.21493E-07
 1.12821E-07
 1.04956E-07
 9.77874E-08
 9.12191E-08
 8.51712E-08
 7.95748E-08
 7.43703E-08
 6.95060E-08
 6.49359E-08
 6.06189E-08
 5.65169E-08
 5.25912E-08
 4.87976E-08
 4.50772E-08
 4.13456E-08
 3.74832E-08
 3.33376E-08
 2.87568E-08
 2.36563E-08
 1.80806E-08
 1.21833E-08
 6.12372E-09
 0.00000E+00
-0.00000E+00
 1.99104E-07
 3.09303E-07
 3.47418E-07
 3.45812E-07
 3.26483E-07
 3.01064E-07
 2.74959E-07
 2.50398E-07
 2.28132E-07
 2.08260E-07
 1.90622E-07
 1.74973E-07
 1.61058E-07
 1.48641E-07
 1.37516E-07
 1.27506E-07
 1.18457E-07
 1.10243E-07
 1.02754E-07
 9.58951E-08
 8.95872E-08
 8.37601E-08
 7.83528E-08
 7.33119E-08
 6.85897E-08
 6.41437E-08
 5.99346E-08
 5.59250E-08
 5.20755E-08
 4.83389E-08
 4.46519E-08
 4.09246E-08
 3.70346E-08
 3.28370E-08
 2.82039E-08
 2.30890E-08
 1.75677E-08
 1.17966E-08
 5.91622E-09
 0.00000E+00
-0.00000E+00
 1.22061E-07
 2.07636E-07
 2.53105E-07
 2.69221E-07
 2.67617E-07
 2.56671E-07
 2.41506E-07
 2.24977E-07
 2.08566E-07
 1.92982E-07
 1.78517E-07
 1.65246E-07
 1.53139E-07
 1.42117E-07
 1.32084E-07
 1.22939E-07
 1.14587E-07
 1.06941E-07
 9.99196E-08
 9.34521E-08
 8.74743E-08
 8.19289E-08
 7.67645E-08
 7.19346E-08
 6.73971E-08
 6.31135E-08
 5.90474E-08
 5.51628E-08
 5.14203E-08
 4.77707E-08
 4.41473E-08
 4.04561E-08
 3.65740E-08
 3.23640E-08
 2.77189E-08
 2.26194E-08
 1.71580E-08
 1.14922E-08
 5.75336E-09
 0.00000E+00
-0.00000E+00
 8.14986E-08
 1.46068E-07
 1.88141E-07
 2.10346E-07
 2.18090E-07
 2.16494E-07
 2.09415E-07
 1.99436E-07
 1.88173E-07
 1.76586E-07
 1.65217E-07
 1.54355E-07
 1.44135E-07
 1.34605E-07
 1.25762E-07
 1.17579E-07
 1.10012E-07
 1.03013E-07
 9.65317E-08
 9.05193E-08
 8.49290E-08
 7.97168E-08
 7.48415E-08
 7.02646E-08
 6.59502E-08
 6.18644E-08
 5.79743E-08
 5.42456E-08
 5.06393E-08
 4.71047E-08
 4.35711E-08
 3.99408E-08
 3.60900E-08
 3.18896E-08
 2.72514E-08
 2.21791E-08
 1.67804E-08
 1.12145E-08
 5.60600E-09
 0.00000E+00
-0.00000E+00
 5.78622E-08
 1.06994E-07
 1.43042E-07
 1.65932E-07
 1.77899E-07
 1.81800E-07
 1.80223E-07
 1.75178E-07
 1.68103E-07
 1.59970E-07
 1.51410E-07
 1.42821E-07
 1.34440E-07
 1.26404E-07
 1.18782E-07
 1.11603E-07
 1.04869E-07
 9.85673E-08
 9.26748E-08
 8.71642E-08
 8.20055E-08
 7.71677E-08
 7.26199E-08
 6.83320E-08
 6.42743E-08
 6.04179E-08
 5.67335E-08
 5.31891E-08
 4.97456E-08
 4.63500E-08
 4.29272E-08
 3.93749E-08
 3.55681E-08
 3.13866E-08
 2.67620E-08
 2.17217E-08
 1.63896E-08
 1.09288E-08
 5.45553E-09
 0.00000E+00
-0.00000E+00
 4.29549E-08
 8.10010E-08
 1.11100E-07
 1.32438E-07
 1.45771E-07
 1.52585E-07
 1.54498E-07
 1.52950E-07
 1.49090E-07
 1.43779E-07
 1.37633E-07
 1.31078E-07
 1.24400E-07
 1.17788E-07
 1.11358E-07
 1.05181E-07
 9.92940E-08
 9.37119E-08
 8.84359E-08
 8.34572E-08
 7.87610E-08
 7.43284E-08
 7.01385E-08
 6.61688E-08
 6.23962E-08
 5.87967E-08
 5.53444E-08
 5.20092E-08
 4.87512E-08
 4.55140E-08
 4.22169E-08
 3.87514E-08
 3.49924E-08
 3.08299E-08
 2.62184E-08
 2.12118E-08
 1.59537E-08
 1.06115E-08
 5.28941E-09
 0.00000E+00
-0.00000E+00
 3.29556E-08
 6.29544E-08
 8.79158E-08
 1.06949E-07
 1.20162E-07
 1.28268E-07
 1.32233E-07
 1.33032E-07
 1.31528E-07
 1.28423E-07
 1.24264E-07
 1.19456E-07
 1.14295E-07
 1.08989E-07
 1.03682E-07
 9.84695E-08
 9.34134E-08
 8.85504E-08
 8.38996E-08
 7.94677E-08
 7.52526E-08
 7.12464E-08
 6.74367E-08
 6.38083E-08
 6.03440E-08
 5.70243E-08
 5.38266E-08
 5.07215E-08
 4.76673E-08
 4.46025E-08
 4.14386E-08
 3.80608E-08
 3.43445E-08
 3.01938E-08
 2.55903E-08
 2.06195E-08
 1.54473E-08
 1.02445E-08
 5.09840E-09
 0.00000E+00
-0.00000E+00
 2.59127E-08
 4.99446E-08
 7.06592E-08
 8.72805E-08
 9.96581E-08
 1.08092E-07
 1.13133E-07
 1.15417E-07
 1.15565E-07
 1.14122E-07
 1.11543E-07
 1.08188E-07
 1.04335E-07
 1.00192E-07
 9.59107E-08
 9.16013E-08
 8.73396E-08
 8.31764E-08
 7.91442E-08
 7.52611E-08
 7.15354E-08
 6.79678E-08
 6.45533E-08
 6.12833E-08
 5.81454E-08
 5.51243E-08
 5.21993E-08
 4.93410E-08
 4.65036E-08
 4.36183E-08
 4.05874E-08
 3.72893E-08
 3.36025E-08
 2.94501E-08
 2.48471E-08
 1.99158E-08
 1.48475E-08
 9.81264E-09
 4.87502E-09
 0.00000E+00
-0.00000E+00
 2.07503E-08
 4.02515E-08
 5.74954E-08
 7.18548E-08
 8.30971E-08
 9.13095E-08
 9.67889E-08
 9.99390E-08
 1.01192E-07
 1.00957E-07
 9.95980E-08
 9.74183E-08
 9.46647E-08
 9.15314E-08
 8.81675E-08
 8.46852E-08
 8.11670E-08
 7.76715E-08
 7.42394E-08
 7.08971E-08
 6.76601E-08
 6.45359E-08
 6.15255E-08
 5.86252E-08
 5.58273E-08
 5.31191E-08
 5.04809E-08
 4.78810E-08
 4.52674E-08
 4.25611E-08
 3.96537E-08
 3.64176E-08
 3.27386E-08
 2.85656E-08
 2.39545E-08
 1.90710E-08
 1.41323E-08
 9.30242E-09
 4.61281E-09
 0.00000E+00
-0.00000E+00
 1.68367E-08
 3.28153E-08
 4.72157E-08
 5.95456E-08
 6.95657E-08
 7.72592E-08
 8.27738E-08
 8.63577E-08
 8.83054E-08
 8.89168E-08
 8.84730E-08
 8.72219E-08
 8.53739E-08
 8.31014E-08
 8.05425E-08
 7.78051E-08
 7.49714E-08
 7.21032E-08
 6.92449E-08
 6.64277E-08
 6.36720E-08
 6.09899E-08
 5.83871E-08
 5.58637E-08
 5.34149E-08
 5.10298E-08
 4.86879E-08
 4.63523E-08
 4.39618E-08
 4.14247E-08
 3.86206E-08
 3.54183E-08
 3.17169E-08
 2.75000E-08
 2.28739E-08
 1.80535E-08
 1.32804E-08
 8.70146E-09
 4.30614E-09
 0.00000E+00
-0.00000E+00
 1.37812E-08
 2.69573E-08
 3.90060E-08
 4.95460E-08
 5.83606E-08
 6.53875E-08
 7.06889E-08
 7.44125E-08
 7.67548E-08
 7.79313E-08
 7.81549E-08
 7.76223E-08
 7.65073E-08
 7.49577E-08
 7.30960E-08
 7.10209E-08
 6.88104E-08
 6.65248E-08
 6.42091E-08
 6.18966E-08
 5.96101E-08
 5.73646E-08
 5.51687E-08
 5.30252E-08
 5.09310E-08
 4.88752E-08
 4.68337E-08
 4.47613E-08
 4.25840E-08
 4.01947E-08
 3.74612E-08
 3.42530E-08
 3.04911E-08
 2.62050E-08
 2.15620E-08
 1.68311E-08
 1.22720E-08
 7.99920E-09
 3.95026E-09
 0.00000E+00
-0.00000E+00
 1.13306E-08
 2.22265E-08
 3.23046E-08
 4.12716E-08
 4.89427E-08
 5.52410E-08
 6.01815E-08
 6.38481E-08
 6.63698E-08
 6.78986E-08
 6.85927E-08
 6.86049E-08
 6.80751E-08
 6.71260E-08
 6.58626E-08
 6.43719E-08
 6.27245E-08
 6.09762E-08
 5.91703E-08
 5.73393E-08
 5.55070E-08
 5.36895E-08
 5.18969E-08
 5.01332E-08
 4.83955E-08
 4.66704E-08
 4.49269E-08
 4.31076E-08
 4.11217E-08
 3.88449E-08
 3.61352E-08
 3.28698E-08
 2.90033E-08
 2.46248E-08
 1.99730E-08
 1.53734E-08
 1.10907E-08
 7.18747E-09
 3.54147E-09
 0.00000E+00
-0.00000E+00
 9.31448E-09
 1.83135E-08
 2.67143E-08
 3.42927E-08
 4.08975E-08
 4.64522E-08
 5.09476E-08
 5.44285E-08
 5.69776E-08
 5.87003E-08
 5.97122E-08
 6.01295E-08
 6.00618E-08
 5.96085E-08
 5.88565E-08
 5.78797E-08
 5.67393E-08
 5.54851E-08
 5.41564E-08
 5.27834E-08
 5.13889E-08
 4.99890E-08
 4.85938E-08
 4.72071E-08
 4.58240E-08
 4.44251E-08
 4.29683E-08
 4.13795E-08
 3.95479E-08
 3.73318E-08
 3.45842E-08
 3.12009E-08
 2.71846E-08
 2.27003E-08
 1.80644E-08
 1.36564E-08
 9.72550E-09
 6.26070E-09
 3.07685E-09
 0.00000E+00
-0.00000E+00
 7.61382E-09
 1.49985E-08
 2.19461E-08
 2.82874E-08
 3.39022E-08
 3.87222E-08
 4.27280E-08
 4.59406E-08
 4.84115E-08
 5.02125E-08
 5.14262E-08
 5.21388E-08
 5.24340E-08
 5.23895E-08
 5.20750E-08
 5.15508E-08
 5.08679E-08
 5.00685E-08
 4.91866E-08
 4.82489E-08
 4.72759E-08
 4.62823E-08
 4.52773E-08
 4.42620E-08
 4.32263E-08
 4.21404E-08
 4.09460E-08
 3.95480E-08
 3.78144E-08
 3.55888E-08
 3.27277E-08
 2.91616E-08
 2.49593E-08
 2.03807E-08
 1.58072E-08
 1.16674E-08
 8.17090E-09
 5.21451E-09
 2.55348E-09
 0.00000E+00
-0.00000E+00
 6.14228E-09
 1.21204E-08
 1.77841E-08
 2.30084E-08
 2.77014E-08
 3.18064E-08
 3.53015E-08
 3.81941E-08
 4.05150E-08
 4.23117E-08
 4.36413E-08
 4.45654E-08
 4.51457E-08
 4.54405E-08
 4.55030E-08
 4.53804E-08
 4.51129E-08
 4.47344E-08
 4.42724E-08
 4.37494E-08
 4.31825E-08
 4.25841E-08
 4.19602E-08
 4.13069E-08
 4.06036E-08
 3.98038E-08
 3.88273E-08
 3.75567E-08
 3.58415E-08
 3.35178E-08
 3.04581E-08
 2.66545E-08
 2.22538E-08
 1.76508E-08
 1.32009E-08
 9.40562E-09
 6.42144E-09
 4.04166E-09
 1.96688E-09
 0.00000E+00
-0.00000E+00
 4.83486E-09
 9.55671E-09
 1.40613E-08
 1.82608E-08
 2.20882E-08
 2.55004E-08
 2.84772E-08
 3.10190E-08
 3.31427E-08
 3.48778E-08
 3.62616E-08
 3.73358E-08
 3.81427E-08
 3.87235E-08
 3.91162E-08
 3.93548E-08
 3.94689E-08
 3.94835E-08
 3.94193E-08
 3.92932E-08
 3.91185E-08
 3.89036E-08
 3.86493E-08
 3.83415E-08
 3.79420E-08
 3.73796E-08
 3.65463E-08
 3.53063E-08
 3.35041E-08
 3.09814E-08
 2.76356E-08
 2.35839E-08
 1.89982E-08
 1.46007E-08
 1.02905E-08
 6.86559E-09
 4.45534E-09
 2.72549E-09
 1.30999E-09
 0.00000E+00
-0.00000E+00
 3.64039E-09
 7.21015E-09
 1.06437E-08
 1.38849E-08
 1.68902E-08
 1.96297E-08
 2.20879E-08
 2.42617E-08
 2.61588E-08
 2.77950E-08
 2.91916E-08
 3.03732E-08
 3.13657E-08
 3.21945E-08
 3.28833E-08
 3.34536E-08
 3.39243E-08
 3.43112E-08
 3.46274E-08
 3.48838E-08
 3.50883E-08
 3.52435E-08
 3.53408E-08
 3.53493E-08
 3.52032E-08
 3.47959E-08
 3.39848E-08
 3.26314E-08
 3.06124E-08
 2.78016E-08
 2.40712E-08
 1.99174E-08
 1.50312E-08
 1.16411E-08
 7.15401E-09
 3.97033E-09
 2.20183E-09
 1.23665E-09
 5.76895E-10
 0.00000E+00
-0.00000E+00
 2.51653E-09
 4.99971E-09
 7.41830E-09
 9.74497E-09
 1.19576E-08
 1.40402E-08
 1.59828E-08
 1.77810E-08
 1.94357E-08
 2.09515E-08
 2.23363E-08
 2.35997E-08
 2.47524E-08
 2.58052E-08
 2.67687E-08
 2.76521E-08
 2.84633E-08
 2.92090E-08
 2.98939E-08
 3.05209E-08
 3.10901E-08
 3.15948E-08
 3.20113E-08
 3.22833E-08
 3.23056E-08
 3.19264E-08
 3.09467E-08
 2.92589E-08
 2.68693E-08
 2.37878E-08
 1.93601E-08
 1.59111E-08
 9.14667E-09
-3.75054E-10
-2.36682E-09
-1.96202E-09
-1.16265E-09
-5.82320E-10
-2.35257E-10
 0.00000E+00
-0.00000E+00
 1.42597E-09
 2.85380E-09
 4.28472E-09
 5.71889E-09
 7.15507E-09
 8.59066E-09
 1.00218E-08
 1.14437E-08
 1.28512E-08
 1.42390E-08
 1.56023E-08
 1.69367E-08
 1.82387E-08
 1.95053E-08
 2.07341E-08
 2.19224E-08
 2.30674E-08
 2.41659E-08
 2.52124E-08
 2.61985E-08
 2.71105E-08
 2.79250E-08
 2.85969E-08
 2.90380E-08
 2.90919E-08
 2.85729E-08
 2.71225E-08
 2.47082E-08
 2.16779E-08
 1.88971E-08
 1.15573E-08
-1.58778E-09
-6.39895E-09
-5.82923E-09
-5.33859E-09
-4.24395E-09
-2.99835E-09
-1.87179E-09
-8.94193E-10
 0.00000E+00
-0.00000E+00
 3.33529E-10
 7.04739E-10
 1.14781E-09
 1.69066E-09
 2.35297E-09
 3.14539E-09
 4.06985E-09
 5.12067E-09
 6.28625E-09
 7.55099E-09
 8.89703E-09
 1.03060E-08
 1.17602E-08
 1.32430E-08
 1.47396E-08
 1.62355E-08
 1.77160E-08
 1.91681E-08
 2.05721E-08
 2.18998E-08
 2.31107E-08
 2.41508E-08
 2.49494E-08
 2.53953E-08
 2.52448E-08
 2.44462E-08
 2.20226E-08
 1.80048E-08
 1.30567E-08
-6.18942E-10
-7.94781E-09
-9.46264E-09
-1.05163E-08
-9.62063E-09
-8.12676E-09
-6.38319E-09
-4.63689E-09
-2.99791E-09
-1.46808E-09
 0.00000E+00
-0.00000E+00
-7.96447E-10
-1.51608E-09
-2.08878E-09
-2.45695E-09
-2.57921E-09
-2.43188E-09
-2.00841E-09
-1.31710E-09
-3.77843E-10
 7.81466E-10
 2.12866E-09
 3.63001E-09
 5.25283E-09
 6.96671E-09
 8.74489E-09
 1.05610E-08
 1.23842E-08
 1.41943E-08
 1.59479E-08
 1.75794E-08
 1.89950E-08
 2.00807E-08
 2.07406E-08
 2.09235E-08
 1.99726E-08
 1.91076E-08
 1.47692E-08
 7.20729E-09
-6.05608E-09
-1.08618E-08
-1.43806E-08
-1.51950E-08
-1.45757E-08
-1.28309E-08
-1.06357E-08
-8.34804E-09
-6.12494E-09
-4.00754E-09
-1.97941E-09
 0.00000E+00
-0.00000E+00
-2.00346E-09
-3.88406E-09
-5.53020E-09
-6.85080E-09
-7.78129E-09
-8.28563E-09
-8.35488E-09
-8.00319E-09
-7.26237E-09
-6.17598E-09
-4.79401E-09
-3.16797E-09
-1.34722E-09
 6.24534E-10
 2.70782E-09
 4.86674E-09
 7.03268E-09
 9.19690E-09
 1.12672E-08
 1.31118E-08
 1.45328E-08
 1.52766E-08
 1.51623E-08
 1.48389E-08
 1.06364E-08
-1.32451E-10
-8.31132E-09
-1.49270E-08
-1.75843E-08
-1.98164E-08
-2.07700E-08
-2.00672E-08
-1.82095E-08
-1.56745E-08
-1.29063E-08
-1.01477E-08
-7.48468E-09
-4.92428E-09
-2.44164E-09
 0.00000E+00
-0.00000E+00
-3.33337E-09
-6.48659E-09
-9.29724E-09
-1.16349E-08
-1.34097E-08
-1.45746E-08
-1.51225E-08
-1.50786E-08
-1.44927E-08
-1.34297E-08
-1.19621E-08
-1.01638E-08
-8.10584E-09
-5.85479E-09
-3.47019E-09
-1.00102E-09
 1.56473E-09
 4.03527E-09
 6.29496E-09
 8.10675E-09
 9.08000E-09
 8.59435E-09
 5.51384E-09
-3.26160E-09
-1.03209E-08
-1.52337E-08
-2.07182E-08
-2.48714E-08
-2.67862E-08
-2.72174E-08
-2.63105E-08
-2.42390E-08
-2.14090E-08
-1.82241E-08
-1.49742E-08
-1.17977E-08
-8.73057E-09
-5.76158E-09
-2.86271E-09
 0.00000E+00
-0.00000E+00
-4.84345E-09
-9.43177E-09
-1.35374E-08
-1.69819E-08
-1.96481E-08
-2.14810E-08
-2.24820E-08
-2.26967E-08
-2.22015E-08
-2.10911E-08
-1.94684E-08
-1.74373E-08
-1.51005E-08
-1.25620E-08
-9.93830E-09
-7.38278E-09
-5.13876E-09
-3.47042E-09
-2.78383E-09
-3.48997E-09
-5.87922E-09
-9.95143E-09
-1.51690E-08
-1.95186E-08
-2.47692E-08
-2.90507E-08
-3.24279E-08
-3.43405E-08
-3.45379E-08
-3.33030E-08
-3.09437E-08
-2.77971E-08
-2.42256E-08
-2.05233E-08
-1.68631E-08
-1.33113E-08
-9.87302E-09
-6.52800E-09
-3.24756E-09
 0.00000E+00
-0.00000E+00
-6.60870E-09
-1.28597E-08
-1.84388E-08
-2.31076E-08
-2.67199E-08
-2.92198E-08
-3.06292E-08
-3.10279E-08
-3.05334E-08
-2.92842E-08
-2.74279E-08
-2.51169E-08
-2.25115E-08
-1.97942E-08
-1.71918E-08
-1.49989E-08
-1.35795E-08
-1.33030E-08
-1.44632E-08
-1.71480E-08
-2.11638E-08
-2.60351E-08
-3.10534E-08
-3.53616E-08
-3.90245E-08
-4.15197E-08
-4.27374E-08
-4.25455E-08
-4.09774E-08
-3.82859E-08
-3.47988E-08
-3.08495E-08
-2.67218E-08
-2.26052E-08
-1.85900E-08
-1.46987E-08
-1.09198E-08
-7.22952E-09
-3.59952E-09
 0.00000E+00
-0.00000E+00
-8.73171E-09
-1.69597E-08
-2.42505E-08
-3.02904E-08
-3.49053E-08
-3.80524E-08
-3.97954E-08
-4.02724E-08
-3.96672E-08
-3.81893E-08
-3.60638E-08
-3.35336E-08
-3.08727E-08
-2.84014E-08
-2.64901E-08
-2.55253E-08
-2.58299E-08
-2.75554E-08
-3.06080E-08
-3.46470E-08
-3.91658E-08
-4.36041E-08
-4.74260E-08
-5.02178E-08
-5.18745E-08
-5.22631E-08
-5.13903E-08
-4.93234E-08
-4.62279E-08
-4.23677E-08
-3.80379E-08
-3.35026E-08
-2.89532E-08
-2.44956E-08
-2.01677E-08
-1.59678E-08
-1.18771E-08
-7.87061E-09
-3.92098E-09
 0.00000E+00
-0.00000E+00
-1.13585E-08
-2.19973E-08
-3.13141E-08
-3.89008E-08
-4.45655E-08
-4.83082E-08
-5.02743E-08
-5.07053E-08
-4.98999E-08
-4.81925E-08
-4.59466E-08
-4.35581E-08
-4.14537E-08
-4.00650E-08
-3.97634E-08
-4.07666E-08
-4.30618E-08
-4.63883E-08
-5.03052E-08
-5.43091E-08
-5.79366E-08
-6.08137E-08
-6.26651E-08
-6.33383E-08
-6.28154E-08
-6.11329E-08
-5.83995E-08
-5.47773E-08
-5.04782E-08
-4.57447E-08
-4.08065E-08
-3.58421E-08
-3.09616E-08
-2.62137E-08
-2.16060E-08
-1.71253E-08
-1.27499E-08
-8.45478E-09
-4.21378E-09
 0.00000E+00
-0.00000E+00
-1.47052E-08
-2.83582E-08
-4.01123E-08
-4.94480E-08
-5.61877E-08
-6.04384E-08
-6.25060E-08
-6.28193E-08
-6.18766E-08
-6.02146E-08
-5.83870E-08
-5.69317E-08
-5.63117E-08
-5.68300E-08
-5.85534E-08
-6.12927E-08
-6.46608E-08
-6.81847E-08
-7.14171E-08
-7.40039E-08
-7.56992E-08
-7.63524E-08
-7.58921E-08
-7.43242E-08
-7.17234E-08
-6.82116E-08
-6.39506E-08
-5.91286E-08
-5.39455E-08
-4.85905E-08
-4.32173E-08
-3.79284E-08
-3.27756E-08
-2.77730E-08
-2.29128E-08
-1.81767E-08
-1.35422E-08
-8.98482E-09
-4.47937E-09
 0.00000E+00
-0.00000E+00
-1.91057E-08
-3.66254E-08
-5.13551E-08
-6.26657E-08
-7.04843E-08
-7.51585E-08
-7.72988E-08
-7.76495E-08
-7.69979E-08
-7.61003E-08
-7.56046E-08
-7.59614E-08
-7.73499E-08
-7.96606E-08
-8.25583E-08
-8.56013E-08
-8.83600E-08
-9.04916E-08
-9.17648E-08
-9.20505E-08
-9.12990E-08
-8.95181E-08
-8.67615E-08
-8.31233E-08
-7.87324E-08
-7.37420E-08
-6.83189E-08
-6.26303E-08
-5.68289E-08
-5.10390E-08
-4.53466E-08
-3.97991E-08
-3.44125E-08
-2.91825E-08
-2.40938E-08
-1.91263E-08
-1.42572E-08
-9.46296E-09
-4.71887E-09
 0.00000E+00
-0.00000E+00
-2.51014E-08
-4.77216E-08
-6.61405E-08
-7.96935E-08
-8.86266E-08
-9.37754E-08
-9.62560E-08
-9.72282E-08
-9.77191E-08
-9.84846E-08
-9.99186E-08
-1.02044E-07
-1.04599E-07
-1.07185E-07
-1.09400E-07
-1.10927E-07
-1.11563E-07
-1.11204E-07
-1.09827E-07
-1.07467E-07
-1.04194E-07
-1.00103E-07
-9.53083E-08
-8.99398E-08
-8.41373E-08
-7.80432E-08
-7.17936E-08
-6.55080E-08
-5.92814E-08
-5.31798E-08
-4.72400E-08
-4.14754E-08
-3.58825E-08
-3.04479E-08
-2.51531E-08
-1.99772E-08
-1.48976E-08
-9.89089E-09
-4.93316E-09
 0.00000E+00
-0.00000E+00
-3.36247E-08
-6.31959E-08
-8.62870E-08
-1.02464E-07
-1.12721E-07
-1.18731E-07
-1.22243E-07
-1.24680E-07
-1.26933E-07
-1.29334E-07
-1.31785E-07
-1.33976E-07
-1.35567E-07
-1.36301E-07
-1.36029E-07
-1.34700E-07
-1.32338E-07
-1.29012E-07
-1.24823E-07
-1.19886E-07
-1.14323E-07
-1.08259E-07
-1.01820E-07
-9.51270E-08
-8.82963E-08
-8.14317E-08
-7.46204E-08
-6.79290E-08
-6.14022E-08
-5.50639E-08
-4.89207E-08
-4.29673E-08
-3.71904E-08
-3.15725E-08
-2.60935E-08
-2.07318E-08
-1.54649E-08
-1.02699E-08
-5.12287E-09
 0.00000E+00
-0.00000E+00
-4.64087E-08
-8.58390E-08
-1.15022E-07
-1.34441E-07
-1.46532E-07
-1.54048E-07
-1.59110E-07
-1.62894E-07
-1.65789E-07
-1.67752E-07
-1.68617E-07
-1.68265E-07
-1.66672E-07
-1.63894E-07
-1.60036E-07
-1.55232E-07
-1.49625E-07
-1.43359E-07
-1.36575E-07
-1.29402E-07
-1.21962E-07
-1.14365E-07
-1.06708E-07
-9.90779E-08
-9.15442E-08
-8.41627E-08
-7.69724E-08
-6.99966E-08
-6.32448E-08
-5.67151E-08
-5.03979E-08
-4.42783E-08
-3.83383E-08
-3.25580E-08
-2.69164E-08
-2.13914E-08
-1.59606E-08
-1.06008E-08
-5.28846E-09
 0.00000E+00
-0.00000E+00
-6.69832E-08
-1.21044E-07
-1.58332E-07
-1.81735E-07
-1.95898E-07
-2.04452E-07
-2.09422E-07
-2.11712E-07
-2.11737E-07
-2.09785E-07
-2.06140E-07
-2.01085E-07
-1.94890E-07
-1.87796E-07
-1.80015E-07
-1.71733E-07
-1.63105E-07
-1.54270E-07
-1.45341E-07
-1.36416E-07
-1.27576E-07
-1.18884E-07
-1.10392E-07
-1.02134E-07
-9.41344E-08
-8.64056E-08
-7.89501E-08
-7.17624E-08
-6.48310E-08
-5.81406E-08
-5.16730E-08
-4.54084E-08
-3.93262E-08
-3.34049E-08
-2.76227E-08
-2.19570E-08
-1.63852E-08
-1.08841E-08
-5.43021E-09
 0.00000E+00
-0.00000E+00
-1.03323E-07
-1.79848E-07
-2.27207E-07
-2.53666E-07
-2.66967E-07
-2.71905E-07
-2.71238E-07
-2.66705E-07
-2.59520E-07
-2.50552E-07
-2.40424E-07
-2.29576E-07
-2.18324E-07
-2.06896E-07
-1.95457E-07
-1.84132E-07
-1.73011E-07
-1.62163E-07
-1.51637E-07
-1.41464E-07
-1.31663E-07
-1.22243E-07
-1.13203E-07
-1.04534E-07
-9.62221E-08
-8.82503E-08
-8.05982E-08
-7.32440E-08
-6.61653E-08
-5.93395E-08
-5.27438E-08
-4.63559E-08
-4.01530E-08
-3.41127E-08
-2.82123E-08
-2.24288E-08
-1.67392E-08
-1.11202E-08
-5.54829E-09
 0.00000E+00
-0.00000E+00
-1.75644E-07
-2.85437E-07
-3.39519E-07
-3.59742E-07
-3.61022E-07
-3.52062E-07
-3.37842E-07
-3.21175E-07
-3.03612E-07
-2.85987E-07
-2.68739E-07
-2.52091E-07
-2.36152E-07
-2.20966E-07
-2.06540E-07
-1.92863E-07
-1.79911E-07
-1.67649E-07
-1.56043E-07
-1.45052E-07
-1.34634E-07
-1.24748E-07
-1.15353E-07
-1.06410E-07
-9.78808E-08
-8.97312E-08
-8.19282E-08
-7.44419E-08
-6.72437E-08
-6.03071E-08
-5.36068E-08
-4.71182E-08
-4.08173E-08
-3.46807E-08
-2.86850E-08
-2.28068E-08
-1.70226E-08
-1.13091E-08
-5.64276E-09
 0.00000E+00
-0.00000E+00
-3.42020E-07
-4.83749E-07
-5.15612E-07
-5.00991E-07
-4.69757E-07
-4.34543E-07
-4.00232E-07
-3.68450E-07
-3.39533E-07
-3.13352E-07
-2.89633E-07
-2.68082E-07
-2.48428E-07
-2.30431E-07
-2.13886E-07
-1.98617E-07
-1.84471E-07
-1.71317E-07
-1.59043E-07
-1.47549E-07
-1.36750E-07
-1.26570E-07
-1.16944E-07
-1.07815E-07
-9.91321E-08
-9.08524E-08
-8.29365E-08
-7.53495E-08
-6.80599E-08
-6.10384E-08
-5.42580E-08
-4.76927E-08
-4.13174E-08
-3.51079E-08
-2.90402E-08
-2.30906E-08
-1.72353E-08
-1.14509E-08
-5.71365E-09
 0.00000E+00
-0.00000E+00
-7.88422E-07
-8.45691E-07
-7.58289E-07
-6.59062E-07
-5.74153E-07
-5.05181E-07
-4.49151E-07
-4.02983E-07
-3.64289E-07
-3.31326E-07
-3.02836E-07
-2.77893E-07
-2.55811E-07
-2.36066E-07
-2.18256E-07
-2.02066E-07
-1.87244E-07
-1.73590E-07
-1.60939E-07
-1.49158E-07
-1.38134E-07
-1.27776E-07
-1.18006E-07
-1.08757E-07
-9.99737E-08
-9.16070E-08
-8.36147E-08
-7.59595E-08
-6.86077E-08
-6.15288E-08
-5.46942E-08
-4.80771E-08
-4.16518E-08
-3.53933E-08
-2.92774E-08
-2.32800E-08
-1.73773E-08
-1.15455E-08
-5.76093E-09
 0.00000E+00
-2.04917E-06
-2.16072E-06
-1.38699E-06
-1.00391E-06
-7.85330E-07
-6.45687E-07
-5.48625E-07
-4.76859E-07
-4.21301E-07
-3.76747E-07
-3.40011E-07
-3.09031E-07
-2.82414E-07
-2.59187E-07
-2.38647E-07
-2.20275E-07
-2.03681E-07
-1.88563E-07
-1.74687E-07
-1.61867E-07
-1.49953E-07
-1.38825E-07
-1.28381E-07
-1.18540E-07
-1.09232E-07
-1.00397E-07
-9.19867E-08
-8.39558E-08
-7.62660E-08
-6.88828E-08
-6.17748E-08
-5.49129E-08
-4.82697E-08
-4.18192E-08
-3.55362E-08
-2.93962E-08
-2.33748E-08
-1.74483E-08
-1.15928E-08
-5.78457E-09
 0.00000E+00
