 5.45226E-01
 1.08339E+00
 1.61862E+00
 2.15939E+00
 2.69486E+00
 3.25884E+00
 3.83696E+00
 4.42425E+00
 5.01506E+00
 5.62165E+00
 6.26199E+00
 6.90776E+00
 7.56071E+00
 8.27238E+00
 8.98356E+00
 9.69212E+00
 1.04316E+01
 1.11770E+01
 1.19040E+01
 1.26526E+01
 1.34160E+01
 1.41656E+01
 1.49320E+01
 1.56988E+01
 1.65056E+01
 1.73214E+01
 1.81420E+01
 1.89812E+01
 1.98173E+01
 2.06844E+01
 2.15254E+01
 2.24176E+01
 2.32800E+01
 2.41762E+01
 2.50766E+01
 2.59991E+01
 2.69327E+01
 2.78663E+01
 2.87776E+01
 2.97183E+01
 3.06710E+01
 3.16290E+01
 3.25909E+01
 3.35655E+01
 3.45592E+01
 3.55558E+01
 3.65678E+01
 3.75863E+01
 3.86239E+01
 3.96496E+01
 4.07059E+01
 4.17424E+01
 4.27951E+01
 4.38510E+01
 4.49249E+01
 4.59839E+01
 4.70746E+01
 4.81791E+01
 4.92810E+01
 5.03564E+01
 5.14580E+01
 5.25619E+01
 5.36771E+01
 5.47911E+01
 5.59537E+01
 5.70961E+01
 5.82733E+01
 5.94266E+01
 6.05786E+01
 6.17471E+01
 6.28989E+01
 6.40338E+01
 6.51851E+01
 6.63365E+01
 6.74820E+01
 6.86216E+01
 6.97969E+01
 7.09804E+01
 7.21602E+01
 7.33479E+01
 7.45358E+01
 7.57298E+01
 7.69358E+01
 7.81575E+01
 7.93656E+01
 8.05965E+01
 8.18111E+01
 8.30413E+01
 8.42779E+01
 8.55250E+01
 8.67749E+01
 8.80747E+01
 8.93690E+01
 9.06908E+01
 9.19836E+01
 9.33004E+01
 9.46286E+01
 9.59628E+01
 9.73295E+01
 9.86878E+01
 1.00054E+02
 1.01421E+02
 1.02786E+02
 1.04152E+02
 1.05506E+02
 1.06883E+02
 1.08289E+02
 1.09720E+02
 1.11106E+02
 1.12494E+02
 1.13896E+02
 1.15290E+02
 1.16680E+02
 1.18088E+02
 1.19500E+02
 1.20898E+02
 1.22300E+02
 1.23734E+02
 1.25175E+02
 1.26614E+02
 1.28025E+02
 1.29444E+02
 1.30883E+02
 1.32311E+02
 1.33758E+02
 1.35235E+02
 1.36699E+02
 1.38216E+02
 1.39730E+02
 1.41240E+02
 1.42774E+02
 1.44298E+02
 1.45861E+02
 1.47409E+02
 1.48949E+02
 1.50497E+02
 1.52049E+02
 1.53596E+02
 1.55158E+02
 1.56728E+02
 1.58274E+02
 1.59838E+02
 1.61409E+02
 1.63019E+02
 1.64606E+02
 1.66234E+02
 1.67854E+02
 1.69485E+02
 1.71091E+02
 1.72704E+02
 1.74325E+02
 1.75960E+02
 1.77607E+02
 1.79249E+02
 1.80889E+02
 1.82540E+02
 1.84201E+02
 1.85872E+02
 1.87531E+02
 1.89223E+02
 1.90903E+02
 1.92543E+02
 1.94216E+02
 1.95897E+02
 1.97597E+02
 1.99321E+02
 2.01058E+02
 2.02767E+02
 2.04512E+02
 2.06226E+02
 2.07926E+02
 2.09636E+02
 2.11318E+02
 2.13036E+02
 2.14782E+02
 2.16581E+02
 2.18312E+02
 2.20052E+02
 2.21797E+02
 2.23565E+02
 2.25348E+02
 2.27183E+02
 2.29009E+02
 2.30847E+02
 2.32657E+02
 2.34483E+02
 2.36325E+02
 2.38125E+02
 2.39956E+02
 2.41813E+02
 2.43647E+02
 2.45473E+02
 2.47313E+02
 2.49182E+02
 2.51078E+02
 2.52913E+02
 2.54767E+02
 2.56660E+02
 2.58570E+02
 2.60452E+02
 2.62349E+02
 2.64249E+02
 2.66159E+02
 2.68041E+02
 2.69922E+02
 2.71852E+02
 2.73780E+02
 2.75734E+02
 2.77714E+02
 2.79761E+02
 2.81697E+02
 2.83644E+02
 2.85540E+02
 2.87492E+02
 2.89446E+02
 2.91397E+02
 2.93330E+02
 2.95303E+02
 2.97289E+02
 2.99255E+02
 3.01207E+02
 3.03177E+02
 3.05175E+02
 3.07181E+02
 3.09178E+02
 3.11159E+02
 3.13169E+02
 3.15177E+02
 3.17163E+02
 3.19147E+02
 3.21161E+02
 3.23188E+02
 3.25231E+02
 3.27234E+02
 3.29265E+02
 3.31343E+02
 3.33403E+02
 3.35445E+02
 3.37509E+02
 3.39564E+02
 3.41625E+02
 3.43673E+02
 3.45744E+02
 3.47825E+02
 3.49909E+02
 3.51969E+02
 3.54026E+02
 3.56134E+02
 3.58236E+02
 3.60309E+02
 3.62411E+02
 3.64519E+02
 3.66577E+02
 3.68635E+02
 3.70753E+02
 3.72842E+02
 3.74971E+02
 3.77099E+02
 3.79225E+02
 3.81346E+02
 3.83503E+02
 3.85677E+02
 3.87838E+02
 3.90006E+02
 3.92130E+02
 3.94247E+02
 3.96358E+02
 3.98495E+02
 4.00682E+02
 4.02872E+02
 4.05066E+02
 4.07252E+02
 4.09447E+02
 4.11623E+02
 4.13816E+02
 4.15988E+02
 4.18144E+02
 4.20306E+02
 4.22473E+02
 4.24667E+02
 4.26906E+02
 4.29108E+02
 4.31320E+02
 4.33551E+02
 4.35799E+02
 4.38052E+02
 4.40266E+02
 4.42517E+02
 4.44768E+02
 4.47037E+02
 4.49321E+02
 4.51621E+02
 4.53930E+02
 4.56190E+02
 4.58428E+02
 4.60713E+02
 4.62998E+02
 4.65278E+02
 4.67514E+02
 4.69747E+02
 4.71995E+02
 4.74251E+02
 4.76500E+02
 4.78732E+02
 4.80955E+02
 4.83199E+02
 4.85463E+02
 4.87713E+02
 4.89960E+02
 4.92224E+02
 4.94484E+02
 4.96764E+02
 4.99034E+02
 5.01310E+02
 5.03595E+02
 5.05875E+02
 5.08165E+02
 5.10462E+02
 5.12745E+02
 5.15039E+02
 5.17345E+02
 5.19642E+02
 5.21946E+02
 5.24257E+02
 5.26586E+02
 5.28901E+02
 5.31222E+02
 5.33552E+02
 5.35875E+02
 5.38205E+02
 5.40538E+02
 5.42873E+02
 5.45213E+02
 5.47566E+02
 5.49916E+02
 5.52263E+02
 5.54605E+02
 5.56956E+02
 5.59304E+02
 5.61670E+02
 5.64045E+02
 5.66405E+02
 5.68792E+02
 5.71171E+02
 5.73546E+02
 5.75933E+02
 5.78313E+02
 5.80699E+02
 5.83076E+02
 5.85470E+02
 5.87858E+02
 5.90259E+02
 5.92660E+02
 5.95060E+02
 5.97465E+02
 5.99872E+02
 6.02286E+02
 6.04699E+02
 6.07118E+02
 6.09544E+02
 6.11963E+02
 6.14395E+02
 6.16837E+02
 6.19267E+02
 6.21733E+02
 6.24170E+02
 6.26638E+02
 6.29092E+02
 6.31539E+02
 6.33989E+02
 6.36434E+02
 6.38933E+02
 6.41458E+02
 6.43993E+02
 6.46459E+02
 6.48954E+02
 6.51425E+02
 6.53910E+02
 6.56392E+02
 6.58871E+02
 6.61377E+02
 6.63896E+02
 6.66450E+02
 6.68958E+02
 6.71494E+02
 6.73987E+02
 6.76536E+02
 6.79058E+02
 6.81622E+02
 6.84165E+02
 6.86733E+02
 6.89232E+02
 6.91740E+02
 6.94259E+02
 6.96776E+02
 6.99297E+02
 7.01839E+02
 7.04377E+02
 7.06938E+02
 7.09486E+02
 7.12039E+02
 7.14587E+02
 7.17116E+02
 7.19677E+02
 7.22233E+02
 7.24796E+02
 7.27361E+02
 7.29931E+02
 7.32498E+02
 7.35064E+02
 7.37634E+02
 7.40209E+02
 7.42793E+02
 7.45376E+02
 7.47972E+02
 7.50561E+02
 7.53143E+02
 7.55761E+02
 7.58357E+02
 7.60953E+02
 7.63561E+02
 7.66161E+02
 7.68756E+02
 7.71372E+02
 7.73981E+02
 7.76593E+02
 7.79203E+02
 7.81818E+02
 7.84456E+02
 7.87088E+02
 7.89713E+02
 7.92354E+02
 7.94981E+02
 7.97598E+02
 8.00232E+02
 8.02859E+02
 8.05497E+02
 8.08131E+02
 8.10754E+02
 8.13390E+02
 8.16024E+02
 8.18670E+02
 8.21328E+02
 8.23974E+02
 8.26630E+02
 8.29299E+02
 8.31960E+02
 8.34683E+02
 8.37355E+02
 8.40046E+02
 8.42739E+02
 8.45428E+02
 8.48143E+02
 8.50888E+02
 8.53643E+02
 8.56374E+02
 8.59097E+02
 8.61821E+02
 8.64579E+02
 8.67335E+02
 8.70063E+02
 8.72766E+02
 8.75477E+02
 8.78172E+02
 8.80880E+02
 8.83639E+02
 8.86391E+02
 8.89177E+02
 8.91947E+02
 8.94730E+02
 8.97464E+02
 9.00229E+02
 9.02995E+02
 9.05757E+02
 9.08551E+02
 9.11369E+02
 9.14186E+02
 9.17002E+02
 9.19789E+02
 9.22635E+02
 9.25445E+02
 9.28237E+02
 9.31022E+02
 9.33849E+02
 9.36668E+02
 9.39477E+02
 9.42289E+02
 9.45179E+02
 9.48037E+02
 9.50956E+02
 9.53907E+02
 9.56872E+02
 9.59839E+02
 9.62796E+02
 9.65765E+02
 9.68753E+02
 9.71743E+02
 9.74722E+02
 9.77722E+02
 9.80703E+02
 9.83677E+02
 9.86671E+02
 9.89674E+02
 9.92775E+02
 9.95994E+02
 9.98969E+02
 1.00194E+03
 1.00495E+03
 1.00793E+03
 1.01096E+03
 1.01398E+03
 1.01699E+03
 1.01993E+03
 1.02284E+03
 1.02580E+03
 1.02877E+03
 1.03171E+03
 1.03468E+03
 1.03768E+03
 1.04067E+03
 1.04369E+03
 1.04658E+03
 1.04949E+03
 1.05241E+03
 1.05536E+03
 1.05828E+03
 1.06124E+03
 1.06420E+03
 1.06718E+03
 1.07018E+03
 1.07317E+03
 1.07615E+03
 1.07915E+03
 1.08212E+03
 1.08516E+03
 1.08810E+03
 1.09100E+03
 1.09389E+03
 1.09684E+03
 1.09976E+03
 1.10275E+03
 1.10573E+03
 1.10876E+03
 1.11176E+03
 1.11476E+03
 1.11775E+03
 1.12075E+03
 1.12371E+03
 1.12672E+03
 1.12972E+03
 1.13278E+03
 1.13587E+03
 1.13895E+03
 1.14202E+03
 1.14512E+03
 1.14819E+03
 1.15126E+03
 1.15432E+03
 1.15737E+03
 1.16043E+03
 1.16351E+03
 1.16662E+03
 1.16969E+03
 1.17279E+03
 1.17587E+03
 1.17895E+03
 1.18207E+03
 1.18515E+03
 1.18824E+03
 1.19131E+03
 1.19438E+03
 1.19746E+03
 1.20058E+03
 1.20372E+03
 1.20685E+03
 1.20994E+03
 1.21307E+03
 1.21619E+03
 1.21932E+03
 1.22241E+03
 1.22552E+03
 1.22863E+03
 1.23173E+03
 1.23485E+03
 1.23797E+03
 1.24111E+03
 1.24424E+03
 1.24735E+03
 1.25048E+03
 1.25361E+03
 1.25677E+03
 1.25989E+03
 1.26305E+03
 1.26618E+03
 1.26931E+03
 1.27243E+03
 1.27557E+03
 1.27871E+03
 1.28184E+03
 1.28496E+03
 1.28808E+03
 1.29119E+03
 1.29434E+03
 1.29749E+03
 1.30066E+03
 1.30381E+03
 1.30697E+03
 1.31013E+03
 1.31326E+03
 1.31642E+03
 1.31959E+03
 1.32275E+03
 1.32591E+03
 1.32909E+03
 1.33227E+03
 1.33546E+03
 1.33868E+03
 1.34212E+03
 1.34530E+03
 1.34848E+03
 1.35166E+03
 1.35485E+03
 1.35807E+03
 1.36128E+03
 1.36446E+03
 1.36767E+03
 1.37087E+03
 1.37411E+03
 1.37732E+03
 1.38053E+03
 1.38372E+03
 1.38691E+03
 1.39010E+03
 1.39329E+03
 1.39654E+03
 1.39973E+03
 1.40295E+03
 1.40616E+03
 1.40937E+03
 1.41256E+03
 1.41579E+03
 1.41900E+03
 1.42222E+03
 1.42545E+03
 1.42872E+03
 1.43196E+03
 1.43518E+03
 1.43840E+03
 1.44160E+03
 1.44482E+03
 1.44804E+03
 1.45125E+03
 1.45447E+03
 1.45768E+03
 1.46089E+03
 1.46414E+03
 1.46737E+03
 1.47064E+03
 1.47388E+03
 1.47711E+03
 1.48033E+03
 1.48356E+03
 1.48680E+03
 1.49004E+03
 1.49328E+03
 1.49653E+03
 1.49978E+03
 1.50301E+03
 1.50627E+03
 1.50953E+03
 1.51280E+03
 1.51605E+03
 1.51931E+03
 1.52257E+03
 1.52585E+03
 1.52913E+03
 1.53239E+03
 1.53567E+03
 1.53893E+03
 1.54221E+03
 1.54549E+03
 1.54880E+03
 1.55208E+03
 1.55542E+03
 1.55868E+03
 1.56195E+03
 1.56524E+03
 1.56857E+03
 1.57186E+03
 1.57515E+03
 1.57842E+03
 1.58173E+03
 1.58502E+03
 1.58835E+03
 1.59166E+03
 1.59496E+03
 1.59829E+03
 1.60162E+03
 1.60493E+03
 1.60823E+03
 1.61156E+03
 1.61488E+03
 1.61819E+03
 1.62152E+03
 1.62485E+03
 1.62815E+03
 1.63147E+03
 1.63478E+03
 1.63813E+03
 1.64146E+03
 1.64482E+03
 1.64814E+03
 1.65146E+03
 1.65479E+03
 1.65814E+03
 1.66148E+03
 1.66483E+03
 1.66815E+03
 1.67150E+03
 1.67484E+03
 1.67820E+03
 1.68158E+03
 1.68511E+03
 1.68855E+03
 1.69189E+03
 1.69525E+03
 1.69861E+03
 1.70195E+03
 1.70528E+03
 1.70861E+03
 1.71194E+03
 1.71527E+03
 1.71862E+03
 1.72200E+03
 1.72534E+03
 1.72868E+03
 1.73201E+03
 1.73535E+03
 1.73870E+03
 1.74207E+03
 1.74543E+03
 1.74880E+03
 1.75216E+03
 1.75553E+03
 1.75888E+03
 1.76225E+03
 1.76559E+03
 1.76893E+03
 1.77230E+03
 1.77567E+03
 1.77903E+03
 1.78239E+03
 1.78576E+03
 1.78913E+03
 1.79250E+03
 1.79593E+03
 1.79930E+03
 1.80266E+03
 1.80605E+03
 1.80943E+03
 1.81285E+03
 1.81618E+03
 1.81958E+03
 1.82298E+03
 1.82641E+03
 1.82983E+03
 1.83323E+03
 1.83665E+03
 1.84007E+03
 1.84347E+03
 1.84690E+03
 1.85031E+03
 1.85370E+03
 1.85711E+03
 1.86053E+03
 1.86393E+03
 1.86733E+03
 1.87074E+03
 1.87418E+03
 1.87759E+03
 1.88101E+03
 1.88441E+03
 1.88785E+03
 1.89127E+03
 1.89470E+03
 1.89813E+03
 1.90154E+03
 1.90494E+03
 1.90832E+03
 1.91170E+03
 1.91509E+03
 1.91851E+03
 1.92193E+03
 1.92534E+03
 1.92874E+03
 1.93215E+03
 1.93555E+03
 1.93896E+03
 1.94234E+03
 1.94574E+03
 1.94910E+03
 1.95249E+03
 1.95587E+03
 1.95926E+03
 1.96267E+03
 1.96608E+03
 1.96949E+03
 1.97291E+03
 1.97631E+03
 1.97977E+03
 1.98320E+03
 1.98664E+03
 1.99004E+03
 1.99351E+03
 1.99694E+03
 2.00037E+03
 2.00380E+03
 2.00723E+03
 2.01067E+03
 2.01409E+03
 2.01750E+03
 2.02092E+03
 2.02444E+03
 2.02817E+03
 2.03162E+03
 2.03502E+03
 2.03843E+03
 2.04188E+03
 2.04531E+03
 2.04873E+03
 2.05217E+03
 2.05559E+03
 2.05903E+03
 2.06253E+03
 2.06597E+03
 2.06945E+03
 2.07289E+03
 2.07636E+03
 2.07982E+03
 2.08325E+03
 2.08668E+03
 2.09013E+03
 2.09360E+03
 2.09708E+03
 2.10057E+03
 2.10406E+03
 2.10752E+03
 2.11099E+03
 2.11445E+03
 2.11791E+03
 2.12138E+03
 2.12485E+03
 2.12830E+03
 2.13176E+03
 2.13523E+03
 2.13872E+03
 2.14218E+03
 2.14565E+03
 2.14915E+03
 2.15261E+03
 2.15607E+03
 2.15956E+03
 2.16302E+03
 2.16650E+03
 2.16997E+03
 2.17343E+03
 2.17690E+03
 2.18037E+03
 2.18383E+03
 2.18729E+03
 2.19075E+03
 2.19421E+03
 2.19771E+03
 2.20117E+03
 2.20463E+03
 2.20810E+03
 2.21157E+03
 2.21502E+03
 2.21849E+03
 2.22195E+03
 2.22542E+03
 2.22892E+03
 2.23242E+03
 2.23590E+03
 2.23939E+03
 2.24287E+03
 2.24637E+03
 2.24985E+03
 2.25334E+03
 2.25684E+03
 2.26036E+03
 2.26385E+03
 2.26736E+03
 2.27084E+03
 2.27433E+03
 2.27781E+03
 2.28133E+03
 2.28482E+03
 2.28834E+03
 2.29183E+03
 2.29533E+03
 2.29880E+03
 2.30230E+03
 2.30579E+03
 2.30928E+03
 2.31282E+03
 2.31638E+03
 2.31994E+03
 2.32352E+03
 2.32710E+03
 2.33063E+03
 2.33415E+03
 2.33764E+03
 2.34115E+03
 2.34466E+03
 2.34817E+03
 2.35170E+03
 2.35526E+03
 2.35878E+03
 2.36226E+03
 2.36579E+03
 2.36939E+03
 2.37288E+03
 2.37636E+03
 2.37986E+03
 2.38336E+03
 2.38684E+03
 2.39032E+03
 2.39382E+03
 2.39732E+03
 2.40082E+03
 2.40430E+03
 2.40781E+03
 2.41131E+03
 2.41479E+03
 2.41829E+03
 2.42179E+03
 2.42529E+03
 2.42879E+03
 2.43230E+03
 2.43578E+03
 2.43927E+03
 2.44279E+03
 2.44631E+03
 2.44982E+03
 2.45334E+03
 2.45684E+03
 2.46033E+03
 2.46384E+03
 2.46734E+03
 2.47085E+03
 2.47436E+03
 2.47786E+03
 2.48136E+03
 2.48488E+03
 2.48840E+03
 2.49192E+03
 2.49543E+03
 2.49894E+03
 2.50245E+03
 2.50596E+03
 2.50949E+03
 2.51301E+03
 2.51652E+03
 2.52002E+03
 2.52354E+03
 2.52706E+03
 2.53058E+03
 2.53409E+03
 2.53761E+03
 2.54115E+03
 2.54465E+03
 2.54817E+03
 2.55169E+03
 2.55521E+03
 2.55874E+03
 2.56224E+03
 2.56578E+03
 2.56930E+03
 2.57284E+03
 2.57637E+03
 2.57993E+03
 2.58345E+03
 2.58706E+03
 2.59063E+03
 2.59404E+03
 2.59748E+03
 2.60089E+03
 2.60434E+03
 2.60783E+03
 2.61138E+03
 2.61485E+03
 2.61843E+03
 2.62195E+03
 2.62560E+03
 2.62930E+03
 2.63297E+03
 2.63665E+03
 2.64033E+03
 2.64402E+03
 2.64769E+03
 2.65136E+03
 2.65503E+03
 2.65871E+03
 2.66241E+03
 2.66611E+03
 2.66978E+03
 2.67347E+03
 2.67713E+03
 2.68075E+03
 2.68435E+03
 2.68799E+03
 2.69160E+03
 2.69521E+03
 2.69884E+03
 2.70245E+03
 2.70617E+03
 2.71008E+03
 2.71374E+03
 2.71737E+03
 2.72097E+03
 2.72458E+03
 2.72819E+03
 2.73181E+03
 2.73541E+03
 2.73901E+03
 2.74263E+03
 2.74623E+03
 2.74986E+03
 2.75349E+03
 2.75714E+03
 2.76077E+03
 2.76441E+03
 2.76801E+03
 2.77170E+03
 2.77535E+03
 2.77900E+03
 2.78265E+03
 2.78629E+03
 2.78995E+03
 2.79357E+03
 2.79716E+03
 2.80081E+03
 2.80439E+03
 2.80784E+03
 2.81127E+03
 2.81482E+03
 2.81836E+03
 2.82187E+03
 2.82543E+03
 2.82892E+03
 2.83237E+03
 2.83584E+03
 2.83928E+03
 2.84274E+03
 2.84617E+03
 2.84972E+03
 2.85319E+03
 2.85676E+03
 2.86029E+03
 2.86382E+03
 2.86732E+03
 2.87081E+03
 2.87428E+03
 2.87784E+03
 2.88144E+03
 2.88505E+03
 2.88860E+03
 2.89215E+03
 2.89569E+03
 2.89927E+03
 2.90287E+03
 2.90641E+03
 2.90996E+03
 2.91352E+03
 2.91711E+03
 2.92066E+03
 2.92421E+03
 2.92778E+03
 2.93133E+03
 2.93494E+03
 2.93853E+03
 2.94211E+03
 2.94565E+03
 2.94923E+03
 2.95279E+03
 2.95638E+03
 2.95992E+03
 2.96345E+03
 2.96703E+03
 2.97061E+03
 2.97415E+03
 2.97770E+03
 2.98125E+03
 2.98482E+03
 2.98840E+03
 2.99196E+03
 2.99553E+03
 2.99911E+03
 3.00269E+03
 3.00627E+03
 3.00983E+03
 3.01340E+03
 3.01695E+03
 3.02058E+03
 3.02416E+03
 3.02774E+03
 3.03132E+03
 3.03492E+03
 3.03849E+03
 3.04204E+03
 3.04572E+03
 3.04937E+03
 3.05295E+03
 3.05652E+03
 3.06009E+03
 3.06370E+03
 3.06731E+03
 3.07089E+03
 3.07446E+03
 3.07805E+03
 3.08159E+03
 3.08521E+03
 3.08880E+03
 3.09240E+03
 3.09594E+03
 3.09951E+03
 3.10310E+03
 3.10670E+03
 3.11026E+03
 3.11385E+03
 3.11744E+03
 3.12102E+03
 3.12460E+03
 3.12816E+03
 3.13174E+03
 3.13535E+03
 3.13894E+03
 3.14253E+03
 3.14612E+03
 3.14967E+03
 3.15324E+03
 3.15683E+03
 3.16039E+03
 3.16394E+03
 3.16751E+03
 3.17109E+03
 3.17465E+03
 3.17827E+03
 3.18186E+03
 3.18542E+03
 3.18900E+03
 3.19256E+03
 3.19613E+03
 3.19972E+03
 3.20330E+03
 3.20687E+03
 3.21044E+03
 3.21396E+03
 3.21745E+03
 3.22093E+03
 3.22441E+03
 3.22786E+03
 3.23132E+03
 3.23477E+03
 3.23836E+03
 3.24202E+03
 3.24561E+03
 3.24923E+03
 3.25281E+03
 3.25641E+03
 3.26001E+03
 3.26358E+03
 3.26719E+03
 3.27077E+03
 3.27439E+03
 3.27797E+03
 3.28156E+03
 3.28518E+03
 3.28878E+03
 3.29236E+03
 3.29595E+03
 3.29958E+03
 3.30318E+03
 3.30678E+03
 3.31035E+03
 3.31393E+03
 3.31754E+03
 3.32114E+03
 3.32475E+03
 3.32834E+03
 3.33194E+03
 3.33553E+03
 3.33912E+03
 3.34269E+03
 3.34630E+03
 3.34990E+03
 3.35349E+03
 3.35708E+03
 3.36070E+03
 3.36428E+03
 3.36785E+03
 3.37144E+03
 3.37505E+03
 3.37865E+03
 3.38224E+03
 3.38598E+03
 3.38962E+03
 3.39325E+03
 3.39681E+03
 3.40040E+03
 3.40401E+03
 3.40761E+03
 3.41121E+03
 3.41480E+03
 3.41838E+03
 3.42196E+03
 3.42554E+03
 3.42918E+03
 3.43277E+03
 3.43636E+03
 3.43993E+03
 3.44354E+03
 3.44714E+03
 3.45074E+03
 3.45432E+03
 3.45792E+03
 3.46150E+03
 3.46510E+03
 3.46869E+03
 3.47228E+03
 3.47588E+03
 3.47949E+03
 3.48309E+03
 3.48669E+03
 3.49032E+03
 3.49393E+03
 3.49751E+03
 3.50115E+03
 3.50475E+03
 3.50836E+03
 3.51197E+03
 3.51557E+03
 3.51917E+03
 3.52276E+03
 3.52638E+03
 3.53000E+03
 3.53361E+03
 3.53721E+03
 3.54082E+03
 3.54442E+03
 3.54800E+03
 3.55162E+03
 3.55521E+03
 3.55881E+03
 3.56242E+03
 3.56603E+03
 3.56961E+03
 3.57316E+03
 3.57667E+03
 3.58018E+03
 3.58368E+03
 3.58715E+03
 3.59065E+03
 3.59410E+03
 3.59757E+03
 3.60104E+03
 3.60449E+03
 3.60800E+03
 3.61146E+03
 3.61493E+03
 3.61839E+03
 3.62187E+03
 3.62534E+03
 3.62882E+03
 3.63228E+03
 3.63574E+03
 3.63920E+03
 3.64269E+03
 3.64617E+03
 3.64965E+03
 3.65313E+03
 3.65660E+03
 3.66008E+03
 3.66355E+03
 3.66700E+03
 3.67050E+03
 3.67397E+03
 3.67744E+03
 3.68091E+03
 3.68438E+03
 3.68785E+03
 3.69134E+03
 3.69480E+03
 3.69828E+03
 3.70177E+03
 3.70523E+03
 3.70872E+03
 3.71218E+03
 3.71566E+03
 3.71914E+03
 3.72264E+03
 3.72624E+03
 3.72971E+03
 3.73318E+03
 3.73665E+03
 3.74010E+03
 3.74356E+03
 3.74703E+03
 3.75051E+03
 3.75399E+03
 3.75747E+03
 3.76094E+03
 3.76443E+03
 3.76788E+03
 3.77136E+03
 3.77484E+03
 3.77831E+03
 3.78177E+03
 3.78523E+03
 3.78871E+03
 3.79220E+03
 3.79569E+03
 3.79918E+03
 3.80266E+03
 3.80613E+03
 3.80960E+03
 3.81309E+03
 3.81657E+03
 3.82004E+03
 3.82349E+03
 3.82695E+03
 3.83044E+03
 3.83390E+03
 3.83737E+03
 3.84087E+03
 3.84434E+03
 3.84783E+03
 3.85131E+03
 3.85479E+03
 3.85826E+03
 3.86173E+03
 3.86520E+03
 3.86867E+03
 3.87214E+03
 3.87562E+03
 3.87911E+03
 3.88259E+03
 3.88605E+03
 3.88952E+03
 3.89299E+03
 3.89645E+03
 3.89991E+03
 3.90338E+03
 3.90684E+03
 3.91033E+03
 3.91381E+03
 3.91729E+03
 3.92076E+03
 3.92426E+03
 3.92774E+03
 3.93120E+03
 3.93468E+03
 3.93814E+03
 3.94163E+03
 3.94512E+03
 3.94860E+03
 3.95208E+03
 3.95554E+03
 3.95903E+03
 3.96250E+03
 3.96599E+03
 3.96946E+03
 3.97293E+03
 3.97641E+03
 3.97987E+03
 3.98337E+03
 3.98684E+03
 3.99029E+03
 3.99378E+03
 3.99725E+03
 4.00075E+03
 4.00424E+03
 4.00773E+03
 4.01120E+03
 4.01466E+03
 4.01814E+03
 4.02160E+03
 4.02509E+03
 4.02856E+03
 4.03204E+03
 4.03552E+03
 4.03901E+03
 4.04246E+03
 4.04594E+03
 4.04940E+03
 4.05286E+03
 4.05634E+03
 4.05980E+03
 4.06342E+03
 4.06695E+03
 4.07042E+03
 4.07388E+03
 4.07735E+03
 4.08083E+03
 4.08430E+03
 4.08778E+03
 4.09124E+03
 4.09474E+03
 4.09822E+03
 4.10170E+03
 4.10516E+03
 4.10863E+03
 4.11211E+03
 4.11560E+03
 4.11908E+03
 4.12257E+03
 4.12605E+03
 4.12952E+03
 4.13298E+03
 4.13644E+03
 4.13991E+03
 4.14339E+03
 4.14685E+03
 4.15033E+03
 4.15380E+03
 4.15728E+03
 4.16076E+03
 4.16423E+03
 4.16770E+03
 4.17117E+03
 4.17463E+03
 4.17810E+03
 4.18157E+03
 4.18505E+03
 4.18851E+03
 4.19199E+03
 4.19544E+03
 4.19892E+03
 4.20241E+03
 4.20587E+03
 4.20935E+03
 4.21283E+03
 4.21630E+03
 4.21977E+03
 4.22325E+03
 4.22672E+03
 4.23021E+03
 4.23369E+03
 4.23716E+03
 4.24065E+03
 4.24412E+03
 4.24761E+03
 4.25109E+03
 4.25457E+03
 4.25806E+03
 4.26154E+03
 4.26500E+03
 4.26846E+03
 4.27194E+03
 4.27542E+03
 4.27888E+03
 4.28235E+03
 4.28581E+03
 4.28929E+03
 4.29277E+03
 4.29623E+03
 4.29970E+03
 4.30317E+03
 4.30663E+03
 4.31010E+03
 4.31356E+03
 4.31703E+03
 4.32050E+03
 4.32395E+03
 4.32743E+03
 4.33089E+03
 4.33434E+03
 4.33782E+03
 4.34130E+03
 4.34475E+03
 4.34823E+03
 4.35168E+03
 4.35514E+03
 4.35860E+03
 4.36206E+03
 4.36553E+03
 4.36901E+03
 4.37246E+03
 4.37593E+03
 4.37941E+03
 4.38287E+03
 4.38635E+03
 4.38983E+03
 4.39332E+03
 4.39680E+03
 4.40029E+03
 4.40393E+03
 4.40741E+03
 4.41088E+03
 4.41435E+03
 4.41781E+03
 4.42127E+03
 4.42474E+03
 4.42821E+03
 4.43167E+03
 4.43516E+03
 4.43864E+03
 4.44211E+03
 4.44557E+03
 4.44902E+03
 4.45250E+03
 4.45595E+03
 4.45942E+03
 4.46289E+03
 4.46637E+03
 4.46984E+03
 4.47332E+03
 4.47679E+03
 4.48026E+03
 4.48374E+03
 4.48719E+03
 4.49065E+03
 4.49410E+03
 4.49755E+03
 4.50102E+03
 4.50449E+03
 4.50797E+03
 4.51144E+03
 4.51490E+03
 4.51835E+03
 4.52181E+03
 4.52526E+03
 4.52872E+03
 4.53218E+03
 4.53565E+03
 4.53911E+03
 4.54257E+03
 4.54603E+03
 4.54951E+03
 4.55296E+03
 4.55643E+03
 4.55988E+03
 4.56334E+03
 4.56680E+03
 4.57027E+03
 4.57374E+03
 4.57723E+03
 4.58069E+03
 4.58417E+03
 4.58764E+03
 4.59112E+03
 4.59459E+03
 4.59804E+03
 4.60150E+03
 4.60497E+03
 4.60842E+03
 4.61190E+03
 4.61536E+03
 4.61885E+03
 4.62233E+03
 4.62580E+03
 4.62925E+03
 4.63271E+03
 4.63617E+03
 4.63963E+03
 4.64308E+03
 4.64654E+03
 4.65000E+03
 4.65346E+03
 4.65693E+03
 4.66039E+03
 4.66384E+03
 4.66730E+03
 4.67075E+03
 4.67423E+03
 4.67769E+03
 4.68116E+03
 4.68461E+03
 4.68807E+03
 4.69155E+03
 4.69500E+03
 4.69846E+03
 4.70191E+03
 4.70536E+03
 4.70881E+03
 4.71226E+03
 4.71571E+03
 4.71917E+03
 4.72264E+03
 4.72611E+03
 4.72955E+03
 4.73300E+03
 4.73645E+03
 4.73995E+03
 4.74352E+03
 4.74698E+03
 4.75046E+03
 4.75392E+03
 4.75738E+03
 4.76082E+03
 4.76428E+03
 4.76774E+03
 4.77117E+03
 4.77461E+03
 4.77805E+03
 4.78151E+03
 4.78497E+03
 4.78844E+03
 4.79187E+03
 4.79532E+03
 4.79876E+03
 4.80221E+03
 4.80565E+03
 4.80910E+03
 4.81256E+03
 4.81602E+03
 4.81947E+03
 4.82291E+03
 4.82640E+03
 4.82987E+03
 4.83334E+03
 4.83678E+03
 4.84022E+03
 4.84366E+03
 4.84712E+03
 4.85056E+03
 4.85401E+03
 4.85746E+03
 4.86093E+03
 4.86438E+03
 4.86783E+03
 4.87129E+03
 4.87475E+03
 4.87820E+03
 4.88164E+03
 4.88508E+03
 4.88854E+03
 4.89199E+03
 4.89545E+03
 4.89889E+03
 4.90233E+03
 4.90579E+03
 4.90937E+03
 4.91290E+03
 4.91661E+03
 4.92023E+03
 4.92380E+03
 4.92741E+03
 4.93100E+03
 4.93458E+03
 4.93818E+03
 4.94176E+03
 4.94533E+03
 4.94890E+03
 4.95248E+03
 4.95607E+03
 4.95960E+03
 4.96320E+03
 4.96676E+03
 4.97035E+03
 4.97395E+03
 4.97754E+03
 4.98111E+03
 4.98468E+03
 4.98826E+03
 4.99182E+03
 4.99540E+03
 4.99897E+03
 5.00255E+03
 5.00612E+03
 5.00968E+03
 5.01326E+03
 5.01685E+03
 5.02045E+03
 5.02398E+03
 5.02755E+03
 5.03112E+03
 5.03471E+03
 5.03830E+03
 5.04187E+03
 5.04546E+03
 5.04903E+03
 5.05258E+03
 5.05614E+03
 5.05971E+03
 5.06328E+03
 5.06684E+03
 5.07040E+03
 5.07399E+03
 5.07754E+03
 5.08129E+03
 5.08495E+03
 5.08855E+03
 5.09209E+03
 5.09568E+03
 5.09927E+03
 5.10286E+03
 5.10641E+03
 5.10998E+03
 5.11352E+03
 5.11708E+03
 5.12068E+03
 5.12423E+03
 5.12777E+03
 5.13132E+03
 5.13491E+03
 5.13847E+03
 5.14206E+03
 5.14561E+03
 5.14919E+03
 5.15276E+03
 5.15631E+03
 5.15988E+03
 5.16343E+03
 5.16703E+03
 5.17061E+03
 5.17417E+03
 5.17772E+03
 5.18130E+03
 5.18485E+03
 5.18840E+03
 5.19196E+03
 5.19553E+03
 5.19911E+03
 5.20266E+03
 5.20620E+03
 5.20976E+03
 5.21334E+03
 5.21690E+03
 5.22047E+03
 5.22403E+03
 5.22759E+03
 5.23113E+03
 5.23469E+03
 5.23826E+03
 5.24183E+03
 5.24538E+03
 5.24894E+03
 5.25253E+03
 5.25609E+03
 5.25961E+03
 5.26316E+03
 5.26674E+03
 5.27030E+03
 5.27384E+03
 5.27740E+03
 5.28095E+03
 5.28453E+03
 5.28810E+03
 5.29165E+03
 5.29518E+03
