 5.07170E+02
 5.07083E+02
 5.07029E+02
 5.06992E+02
 5.06963E+02
 5.06939E+02
 5.06920E+02
 5.06902E+02
 5.06887E+02
 5.06874E+02
 5.06862E+02
 5.06850E+02
 5.06840E+02
 5.06830E+02
 5.06822E+02
 5.06813E+02
 5.06805E+02
 5.06798E+02
 5.06791E+02
 5.06784E+02
 5.06778E+02
 5.06772E+02
 5.06766E+02
 5.06761E+02
 5.06756E+02
 5.06751E+02
 5.06751E+02
 5.06764E+02
 5.06814E+02
 5.06957E+02
 5.07310E+02
 5.08082E+02
 5.09629E+02
 5.12485E+02
 5.17272E+02
 5.24286E+02
 5.32798E+02
 5.40729E+02
 5.45838E+02
 5.47802E+02
 5.07085E+02
 5.07049E+02
 5.07013E+02
 5.06983E+02
 5.06957E+02
 5.06936E+02
 5.06917E+02
 5.06900E+02
 5.06886E+02
 5.06873E+02
 5.06861E+02
 5.06849E+02
 5.06839E+02
 5.06830E+02
 5.06821E+02
 5.06813E+02
 5.06805E+02
 5.06797E+02
 5.06791E+02
 5.06784E+02
 5.06778E+02
 5.06772E+02
 5.06766E+02
 5.06760E+02
 5.06755E+02
 5.06751E+02
 5.06751E+02
 5.06765E+02
 5.06817E+02
 5.06968E+02
 5.07337E+02
 5.08143E+02
 5.09760E+02
 5.12750E+02
 5.17749E+02
 5.25001E+02
 5.33604E+02
 5.41330E+02
 5.46089E+02
 5.47846E+02
 5.07033E+02
 5.07015E+02
 5.06992E+02
 5.06969E+02
 5.06948E+02
 5.06929E+02
 5.06912E+02
 5.06897E+02
 5.06883E+02
 5.06870E+02
 5.06858E+02
 5.06848E+02
 5.06838E+02
 5.06829E+02
 5.06820E+02
 5.06812E+02
 5.06804E+02
 5.06797E+02
 5.06790E+02
 5.06783E+02
 5.06777E+02
 5.06771E+02
 5.06765E+02
 5.06760E+02
 5.06755E+02
 5.06751E+02
 5.06752E+02
 5.06767E+02
 5.06823E+02
 5.06983E+02
 5.07374E+02
 5.08224E+02
 5.09924E+02
 5.13057E+02
 5.18258E+02
 5.25700E+02
 5.34330E+02
 5.41837E+02
 5.46294E+02
 5.47881E+02
 5.06997E+02
 5.06986E+02
 5.06971E+02
 5.06954E+02
 5.06937E+02
 5.06920E+02
 5.06905E+02
 5.06891E+02
 5.06878E+02
 5.06867E+02
 5.06856E+02
 5.06845E+02
 5.06836E+02
 5.06827E+02
 5.06818E+02
 5.06810E+02
 5.06803E+02
 5.06796E+02
 5.06789E+02
 5.06782E+02
 5.06776E+02
 5.06770E+02
 5.06765E+02
 5.06759E+02
 5.06754E+02
 5.06751E+02
 5.06752E+02
 5.06769E+02
 5.06831E+02
 5.07005E+02
 5.07423E+02
 5.08327E+02
 5.10124E+02
 5.13412E+02
 5.18811E+02
 5.26412E+02
 5.35025E+02
 5.42297E+02
 5.46474E+02
 5.47912E+02
 5.06969E+02
 5.06962E+02
 5.06951E+02
 5.06938E+02
 5.06924E+02
 5.06911E+02
 5.06898E+02
 5.06885E+02
 5.06873E+02
 5.06862E+02
 5.06852E+02
 5.06842E+02
 5.06833E+02
 5.06824E+02
 5.06816E+02
 5.06808E+02
 5.06801E+02
 5.06794E+02
 5.06787E+02
 5.06781E+02
 5.06775E+02
 5.06769E+02
 5.06764E+02
 5.06758E+02
 5.06754E+02
 5.06750E+02
 5.06752E+02
 5.06772E+02
 5.06842E+02
 5.07033E+02
 5.07486E+02
 5.08456E+02
 5.10367E+02
 5.13825E+02
 5.19426E+02
 5.27164E+02
 5.35722E+02
 5.42739E+02
 5.46640E+02
 5.47939E+02
 5.06947E+02
 5.06942E+02
 5.06933E+02
 5.06923E+02
 5.06912E+02
 5.06901E+02
 5.06889E+02
 5.06878E+02
 5.06867E+02
 5.06857E+02
 5.06848E+02
 5.06838E+02
 5.06830E+02
 5.06821E+02
 5.06814E+02
 5.06806E+02
 5.06799E+02
 5.06792E+02
 5.06786E+02
 5.06779E+02
 5.06774E+02
 5.06768E+02
 5.06762E+02
 5.06757E+02
 5.06753E+02
 5.06750E+02
 5.06753E+02
 5.06777E+02
 5.06856E+02
 5.07069E+02
 5.07566E+02
 5.08616E+02
 5.10658E+02
 5.14306E+02
 5.20116E+02
 5.27975E+02
 5.36442E+02
 5.43177E+02
 5.46799E+02
 5.47964E+02
 5.06929E+02
 5.06924E+02
 5.06917E+02
 5.06909E+02
 5.06900E+02
 5.06890E+02
 5.06880E+02
 5.06871E+02
 5.06861E+02
 5.06852E+02
 5.06843E+02
 5.06834E+02
 5.06826E+02
 5.06818E+02
 5.06811E+02
 5.06803E+02
 5.06797E+02
 5.06790E+02
 5.06784E+02
 5.06778E+02
 5.06772E+02
 5.06766E+02
 5.06761E+02
 5.06756E+02
 5.06751E+02
 5.06749E+02
 5.06754E+02
 5.06783E+02
 5.06875E+02
 5.07116E+02
 5.07667E+02
 5.08813E+02
 5.11010E+02
 5.14870E+02
 5.20900E+02
 5.28863E+02
 5.37202E+02
 5.43621E+02
 5.46953E+02
 5.47988E+02
 5.06913E+02
 5.06909E+02
 5.06903E+02
 5.06896E+02
 5.06889E+02
 5.06880E+02
 5.06872E+02
 5.06863E+02
 5.06854E+02
 5.06846E+02
 5.06838E+02
 5.06830E+02
 5.06822E+02
 5.06814E+02
 5.06807E+02
 5.06800E+02
 5.06794E+02
 5.06788E+02
 5.06782E+02
 5.06776E+02
 5.06770E+02
 5.06765E+02
 5.06759E+02
 5.06754E+02
 5.06750E+02
 5.06749E+02
 5.06756E+02
 5.06792E+02
 5.06901E+02
 5.07177E+02
 5.07796E+02
 5.09057E+02
 5.11434E+02
 5.15533E+02
 5.21793E+02
 5.29842E+02
 5.38009E+02
 5.44075E+02
 5.47105E+02
 5.48009E+02
 5.06898E+02
 5.06895E+02
 5.06890E+02
 5.06884E+02
 5.06878E+02
 5.06870E+02
 5.06863E+02
 5.06855E+02
 5.06847E+02
 5.06840E+02
 5.06832E+02
 5.06825E+02
 5.06817E+02
 5.06811E+02
 5.06804E+02
 5.06797E+02
 5.06791E+02
 5.06785E+02
 5.06779E+02
 5.06773E+02
 5.06768E+02
 5.06763E+02
 5.06758E+02
 5.06753E+02
 5.06749E+02
 5.06749E+02
 5.06760E+02
 5.06805E+02
 5.06936E+02
 5.07257E+02
 5.07958E+02
 5.09359E+02
 5.11947E+02
 5.16314E+02
 5.22814E+02
 5.30924E+02
 5.38868E+02
 5.44538E+02
 5.47253E+02
 5.48030E+02
 5.06886E+02
 5.06882E+02
 5.06878E+02
 5.06873E+02
 5.06867E+02
 5.06861E+02
 5.06854E+02
 5.06847E+02
 5.06840E+02
 5.06833E+02
 5.06826E+02
 5.06820E+02
 5.06813E+02
 5.06806E+02
 5.06800E+02
 5.06794E+02
 5.06788E+02
 5.06782E+02
 5.06776E+02
 5.06771E+02
 5.06766E+02
 5.06761E+02
 5.06756E+02
 5.06751E+02
 5.06748E+02
 5.06749E+02
 5.06765E+02
 5.06823E+02
 5.06983E+02
 5.07361E+02
 5.08165E+02
 5.09734E+02
 5.12569E+02
 5.17235E+02
 5.23982E+02
 5.32118E+02
 5.39777E+02
 5.45007E+02
 5.47396E+02
 5.48048E+02
 5.06874E+02
 5.06871E+02
 5.06867E+02
 5.06863E+02
 5.06858E+02
 5.06852E+02
 5.06846E+02
 5.06840E+02
 5.06833E+02
 5.06827E+02
 5.06821E+02
 5.06814E+02
 5.06808E+02
 5.06802E+02
 5.06796E+02
 5.06790E+02
 5.06784E+02
 5.06779E+02
 5.06774E+02
 5.06768E+02
 5.06763E+02
 5.06758E+02
 5.06754E+02
 5.06749E+02
 5.06747E+02
 5.06751E+02
 5.06774E+02
 5.06849E+02
 5.07047E+02
 5.07499E+02
 5.08429E+02
 5.10202E+02
 5.13324E+02
 5.18321E+02
 5.25314E+02
 5.33427E+02
 5.40731E+02
 5.45475E+02
 5.47532E+02
 5.48064E+02
 5.06863E+02
 5.06860E+02
 5.06857E+02
 5.06853E+02
 5.06848E+02
 5.06843E+02
 5.06838E+02
 5.06832E+02
 5.06827E+02
 5.06821E+02
 5.06815E+02
 5.06809E+02
 5.06803E+02
 5.06798E+02
 5.06792E+02
 5.06786E+02
 5.06781E+02
 5.06776E+02
 5.06771E+02
 5.06766E+02
 5.06761E+02
 5.06756E+02
 5.06751E+02
 5.06748E+02
 5.06746E+02
 5.06754E+02
 5.06787E+02
 5.06887E+02
 5.07136E+02
 5.07681E+02
 5.08770E+02
 5.10787E+02
 5.14244E+02
 5.19603E+02
 5.26829E+02
 5.34852E+02
 5.41717E+02
 5.45932E+02
 5.47657E+02
 5.48078E+02
 5.06853E+02
 5.06851E+02
 5.06847E+02
 5.06844E+02
 5.06839E+02
 5.06835E+02
 5.06830E+02
 5.06825E+02
 5.06820E+02
 5.06814E+02
 5.06809E+02
 5.06804E+02
 5.06798E+02
 5.06793E+02
 5.06788E+02
 5.06782E+02
 5.06777E+02
 5.06772E+02
 5.06768E+02
 5.06763E+02
 5.06758E+02
 5.06753E+02
 5.06749E+02
 5.06746E+02
 5.06747E+02
 5.06760E+02
 5.06809E+02
 5.06943E+02
 5.07259E+02
 5.07924E+02
 5.09211E+02
 5.11525E+02
 5.15367E+02
 5.21112E+02
 5.28538E+02
 5.36382E+02
 5.42717E+02
 5.46368E+02
 5.47769E+02
 5.48089E+02
 5.06844E+02
 5.06841E+02
 5.06838E+02
 5.06835E+02
 5.06831E+02
 5.06827E+02
 5.06822E+02
 5.06818E+02
 5.06813E+02
 5.06808E+02
 5.06803E+02
 5.06798E+02
 5.06793E+02
 5.06788E+02
 5.06783E+02
 5.06779E+02
 5.06774E+02
 5.06769E+02
 5.06764E+02
 5.06760E+02
 5.06755E+02
 5.06751E+02
 5.06747E+02
 5.06745E+02
 5.06749E+02
 5.06771E+02
 5.06843E+02
 5.07025E+02
 5.07432E+02
 5.08252E+02
 5.09786E+02
 5.12456E+02
 5.16735E+02
 5.22880E+02
 5.30448E+02
 5.37997E+02
 5.43706E+02
 5.46770E+02
 5.47864E+02
 5.48097E+02
 5.06835E+02
 5.06832E+02
 5.06830E+02
 5.06826E+02
 5.06823E+02
 5.06819E+02
 5.06815E+02
 5.06811E+02
 5.06806E+02
 5.06802E+02
 5.06797E+02
 5.06793E+02
 5.06788E+02
 5.06784E+02
 5.06779E+02
 5.06774E+02
 5.06770E+02
 5.06765E+02
 5.06761E+02
 5.06757E+02
 5.06752E+02
 5.06748E+02
 5.06745E+02
 5.06745E+02
 5.06754E+02
 5.06792E+02
 5.06897E+02
 5.07147E+02
 5.07675E+02
 5.08697E+02
 5.10540E+02
 5.13634E+02
 5.18400E+02
 5.24933E+02
 5.32547E+02
 5.39661E+02
 5.44652E+02
 5.47126E+02
 5.47943E+02
 5.48103E+02
 5.06826E+02
 5.06824E+02
 5.06821E+02
 5.06818E+02
 5.06815E+02
 5.06812E+02
 5.06808E+02
 5.06804E+02
 5.06800E+02
 5.06796E+02
 5.06792E+02
 5.06787E+02
 5.06783E+02
 5.06779E+02
 5.06775E+02
 5.06770E+02
 5.06766E+02
 5.06762E+02
 5.06758E+02
 5.06754E+02
 5.06750E+02
 5.06746E+02
 5.06744E+02
 5.06747E+02
 5.06767E+02
 5.06828E+02
 5.06984E+02
 5.07329E+02
 5.08021E+02
 5.09305E+02
 5.11531E+02
 5.15123E+02
 5.20412E+02
 5.27286E+02
 5.34805E+02
 5.41321E+02
 5.45519E+02
 5.47425E+02
 5.48003E+02
 5.48106E+02
 5.06818E+02
 5.06816E+02
 5.06813E+02
 5.06810E+02
 5.06807E+02
 5.06804E+02
 5.06801E+02
 5.06797E+02
 5.06794E+02
 5.06790E+02
 5.06786E+02
 5.06782E+02
 5.06778E+02
 5.06774E+02
 5.06770E+02
 5.06766E+02
 5.06762E+02
 5.06758E+02
 5.06754E+02
 5.06750E+02
 5.06747E+02
 5.06744E+02
 5.06744E+02
 5.06754E+02
 5.06791E+02
 5.06891E+02
 5.07123E+02
 5.07603E+02
 5.08517E+02
 5.10140E+02
 5.12837E+02
 5.16997E+02
 5.22813E+02
 5.29925E+02
 5.37156E+02
 5.42908E+02
 5.46276E+02
 5.47663E+02
 5.48046E+02
 5.48107E+02
 5.06810E+02
 5.06808E+02
 5.06805E+02
 5.06803E+02
 5.06800E+02
 5.06797E+02
 5.06794E+02
 5.06791E+02
 5.06787E+02
 5.06784E+02
 5.06780E+02
 5.06777E+02
 5.06773E+02
 5.06770E+02
 5.06766E+02
 5.06762E+02
 5.06758E+02
 5.06755E+02
 5.06751E+02
 5.06747E+02
 5.06744E+02
 5.06743E+02
 5.06748E+02
 5.06771E+02
 5.06838E+02
 5.07000E+02
 5.07345E+02
 5.08017E+02
 5.09231E+02
 5.11288E+02
 5.14551E+02
 5.19329E+02
 5.25623E+02
 5.32794E+02
 5.39499E+02
 5.44346E+02
 5.46896E+02
 5.47840E+02
 5.48075E+02
 5.48107E+02
 5.06802E+02
 5.06800E+02
 5.06798E+02
 5.06795E+02
 5.06793E+02
 5.06790E+02
 5.06787E+02
 5.06784E+02
 5.06781E+02
 5.06778E+02
 5.06775E+02
 5.06772E+02
 5.06768E+02
 5.06765E+02
 5.06761E+02
 5.06758E+02
 5.06755E+02
 5.06751E+02
 5.06748E+02
 5.06745E+02
 5.06743E+02
 5.06745E+02
 5.06761E+02
 5.06808E+02
 5.06927E+02
 5.07188E+02
 5.07703E+02
 5.08645E+02
 5.10262E+02
 5.12866E+02
 5.16782E+02
 5.22180E+02
 5.28813E+02
 5.35778E+02
 5.41695E+02
 5.45567E+02
 5.47369E+02
 5.47961E+02
 5.48092E+02
 5.48106E+02
 5.06795E+02
 5.06793E+02
 5.06790E+02
 5.06788E+02
 5.06786E+02
 5.06783E+02
 5.06781E+02
 5.06778E+02
 5.06775E+02
 5.06772E+02
 5.06769E+02
 5.06766E+02
 5.06763E+02
 5.06760E+02
 5.06757E+02
 5.06754E+02
 5.06751E+02
 5.06748E+02
 5.06745E+02
 5.06743E+02
 5.06744E+02
 5.06756E+02
 5.06793E+02
 5.06886E+02
 5.07094E+02
 5.07510E+02
 5.08277E+02
 5.09600E+02
 5.11750E+02
 5.15027E+02
 5.19655E+02
 5.25616E+02
 5.32411E+02
 5.39036E+02
 5.43926E+02
 5.46587E+02
 5.47702E+02
 5.48035E+02
 5.48100E+02
 5.48103E+02
 5.06787E+02
 5.06785E+02
 5.06783E+02
 5.06781E+02
 5.06779E+02
 5.06776E+02
 5.06774E+02
 5.06772E+02
 5.06769E+02
 5.06766E+02
 5.06764E+02
 5.06761E+02
 5.06758E+02
 5.06756E+02
 5.06753E+02
 5.06750E+02
 5.06747E+02
 5.06744E+02
 5.06743E+02
 5.06744E+02
 5.06754E+02
 5.06785E+02
 5.06865E+02
 5.07043E+02
 5.07400E+02
 5.08060E+02
 5.09200E+02
 5.11061E+02
 5.13915E+02
 5.18031E+02
 5.23495E+02
 5.30227E+02
 5.36820E+02
 5.42056E+02
 5.45521E+02
 5.47246E+02
 5.47897E+02
 5.48073E+02
 5.48103E+02
 5.48101E+02
 5.06780E+02
 5.06778E+02
 5.06776E+02
 5.06774E+02
 5.06772E+02
 5.06770E+02
 5.06767E+02
 5.06765E+02
 5.06763E+02
 5.06761E+02
 5.06758E+02
 5.06756E+02
 5.06754E+02
 5.06751E+02
 5.06749E+02
 5.06746E+02
 5.06744E+02
 5.06742E+02
 5.06744E+02
 5.06754E+02
 5.06784E+02
 5.06859E+02
 5.07024E+02
 5.07353E+02
 5.07959E+02
 5.09006E+02
 5.10714E+02
 5.13364E+02
 5.17216E+02
 5.22642E+02
 5.28964E+02
 5.35019E+02
 5.40386E+02
 5.44303E+02
 5.46601E+02
 5.47647E+02
 5.48005E+02
 5.48092E+02
 5.48102E+02
 5.48098E+02
 5.06773E+02
 5.06771E+02
 5.06769E+02
 5.06767E+02
 5.06765E+02
 5.06763E+02
 5.06761E+02
 5.06759E+02
 5.06757E+02
 5.06755E+02
 5.06753E+02
 5.06751E+02
 5.06749E+02
 5.06747E+02
 5.06745E+02
 5.06743E+02
 5.06742E+02
 5.06745E+02
 5.06756E+02
 5.06788E+02
 5.06866E+02
 5.07033E+02
 5.07361E+02
 5.07962E+02
 5.09000E+02
 5.10703E+02
 5.13351E+02
 5.17384E+02
 5.22613E+02
 5.28136E+02
 5.33934E+02
 5.39084E+02
 5.43148E+02
 5.45853E+02
 5.47284E+02
 5.47876E+02
 5.48060E+02
 5.48099E+02
 5.48101E+02
 5.48095E+02
 5.06765E+02
 5.06763E+02
 5.06761E+02
 5.06760E+02
 5.06758E+02
 5.06756E+02
 5.06755E+02
 5.06753E+02
 5.06751E+02
 5.06750E+02
 5.06748E+02
 5.06746E+02
 5.06744E+02
 5.06743E+02
 5.06741E+02
 5.06742E+02
 5.06746E+02
 5.06761E+02
 5.06799E+02
 5.06888E+02
 5.07074E+02
 5.07435E+02
 5.08089E+02
 5.09216E+02
 5.11092E+02
 5.14086E+02
 5.18146E+02
 5.22792E+02
 5.28131E+02
 5.33367E+02
 5.38243E+02
 5.42258E+02
 5.45128E+02
 5.46856E+02
 5.47687E+02
 5.48000E+02
 5.48087E+02
 5.48102E+02
 5.48098E+02
 5.48092E+02
 5.06758E+02
 5.06756E+02
 5.06754E+02
 5.06752E+02
 5.06751E+02
 5.06750E+02
 5.06748E+02
 5.06747E+02
 5.06745E+02
 5.06744E+02
 5.06743E+02
 5.06741E+02
 5.06740E+02
 5.06740E+02
 5.06742E+02
 5.06749E+02
 5.06770E+02
 5.06823E+02
 5.06937E+02
 5.07170E+02
 5.07616E+02
 5.08428E+02
 5.09843E+02
 5.12108E+02
 5.15192E+02
 5.19048E+02
 5.23654E+02
 5.28481E+02
 5.33380E+02
 5.37880E+02
 5.41687E+02
 5.44563E+02
 5.46439E+02
 5.47460E+02
 5.47908E+02
 5.48061E+02
 5.48098E+02
 5.48101E+02
 5.48096E+02
 5.48089E+02
 5.06750E+02
 5.06748E+02
 5.06747E+02
 5.06745E+02
 5.06744E+02
 5.06743E+02
 5.06742E+02
 5.06741E+02
 5.06740E+02
 5.06739E+02
 5.06738E+02
 5.06738E+02
 5.06740E+02
 5.06745E+02
 5.06760E+02
 5.06796E+02
 5.06879E+02
 5.07052E+02
 5.07396E+02
 5.08035E+02
 5.09128E+02
 5.10845E+02
 5.13303E+02
 5.16545E+02
 5.20437E+02
 5.24765E+02
 5.29340E+02
 5.33811E+02
 5.37945E+02
 5.41474E+02
 5.44217E+02
 5.46113E+02
 5.47241E+02
 5.47799E+02
 5.48022E+02
 5.48089E+02
 5.48102E+02
 5.48099E+02
 5.48093E+02
 5.48086E+02
 5.06742E+02
 5.06740E+02
 5.06739E+02
 5.06738E+02
 5.06737E+02
 5.06736E+02
 5.06735E+02
 5.06735E+02
 5.06735E+02
 5.06735E+02
 5.06737E+02
 5.06743E+02
 5.06757E+02
 5.06788E+02
 5.06857E+02
 5.06999E+02
 5.07277E+02
 5.07788E+02
 5.08668E+02
 5.10067E+02
 5.12108E+02
 5.14836E+02
 5.18198E+02
 5.22081E+02
 5.26257E+02
 5.30512E+02
 5.34626E+02
 5.38375E+02
 5.41580E+02
 5.44114E+02
 5.45926E+02
 5.47073E+02
 5.47695E+02
 5.47974E+02
 5.48075E+02
 5.48101E+02
 5.48102E+02
 5.48097E+02
 5.48091E+02
 5.48084E+02
 5.06734E+02
 5.06732E+02
 5.06731E+02
 5.06730E+02
 5.06730E+02
 5.06729E+02
 5.06729E+02
 5.06730E+02
 5.06733E+02
 5.06739E+02
 5.06753E+02
 5.06785E+02
 5.06849E+02
 5.06977E+02
 5.07218E+02
 5.07655E+02
 5.08396E+02
 5.09574E+02
 5.11314E+02
 5.13684E+02
 5.16666E+02
 5.20157E+02
 5.23998E+02
 5.28006E+02
 5.31974E+02
 5.35725E+02
 5.39096E+02
 5.41959E+02
 5.44232E+02
 5.45893E+02
 5.46986E+02
 5.47618E+02
 5.47930E+02
 5.48057E+02
 5.48097E+02
 5.48104E+02
 5.48101E+02
 5.48095E+02
 5.48088E+02
 5.48081E+02
 5.06725E+02
 5.06724E+02
 5.06723E+02
 5.06722E+02
 5.06722E+02
 5.06723E+02
 5.06726E+02
 5.06733E+02
 5.06748E+02
 5.06779E+02
 5.06842E+02
 5.06964E+02
 5.07189E+02
 5.07583E+02
 5.08241E+02
 5.09279E+02
 5.10811E+02
 5.12917E+02
 5.15606E+02
 5.18807E+02
 5.22384E+02
 5.26164E+02
 5.29973E+02
 5.33646E+02
 5.37037E+02
 5.40031E+02
 5.42544E+02
 5.44533E+02
 5.45999E+02
 5.46988E+02
 5.47585E+02
 5.47901E+02
 5.48042E+02
 5.48093E+02
 5.48105E+02
 5.48104E+02
 5.48099E+02
 5.48092E+02
 5.48086E+02
 5.48079E+02
 5.06716E+02
 5.06715E+02
 5.06715E+02
 5.06715E+02
 5.06717E+02
 5.06724E+02
 5.06738E+02
 5.06768E+02
 5.06830E+02
 5.06949E+02
 5.07164E+02
 5.07535E+02
 5.08147E+02
 5.09101E+02
 5.10501E+02
 5.12429E+02
 5.14907E+02
 5.17887E+02
 5.21256E+02
 5.24859E+02
 5.28529E+02
 5.32109E+02
 5.35464E+02
 5.38489E+02
 5.41105E+02
 5.43269E+02
 5.44966E+02
 5.46216E+02
 5.47069E+02
 5.47599E+02
 5.47893E+02
 5.48034E+02
 5.48090E+02
 5.48106E+02
 5.48107E+02
 5.48103E+02
 5.48097E+02
 5.48090E+02
 5.48084E+02
 5.48077E+02
 5.06707E+02
 5.06706E+02
 5.06707E+02
 5.06711E+02
 5.06723E+02
 5.06750E+02
 5.06808E+02
 5.06920E+02
 5.07127E+02
 5.07483E+02
 5.08067E+02
 5.08973E+02
 5.10298E+02
 5.12118E+02
 5.14463E+02
 5.17295E+02
 5.20516E+02
 5.23985E+02
 5.27545E+02
 5.31044E+02
 5.34350E+02
 5.37363E+02
 5.40011E+02
 5.42251E+02
 5.44069E+02
 5.45477E+02
 5.46506E+02
 5.47211E+02
 5.47655E+02
 5.47908E+02
 5.48035E+02
 5.48090E+02
 5.48108E+02
 5.48110E+02
 5.48106E+02
 5.48101E+02
 5.48095E+02
 5.48088E+02
 5.48082E+02
 5.48075E+02
 5.06697E+02
 5.06698E+02
 5.06704E+02
 5.06724E+02
 5.06772E+02
 5.06872E+02
 5.07063E+02
 5.07402E+02
 5.07963E+02
 5.08838E+02
 5.10122E+02
 5.11889E+02
 5.14168E+02
 5.16925E+02
 5.20067E+02
 5.23458E+02
 5.26946E+02
 5.30384E+02
 5.33646E+02
 5.36632E+02
 5.39274E+02
 5.41535E+02
 5.43403E+02
 5.44887E+02
 5.46015E+02
 5.46831E+02
 5.47386E+02
 5.47737E+02
 5.47941E+02
 5.48047E+02
 5.48094E+02
 5.48111E+02
 5.48113E+02
 5.48110E+02
 5.48105E+02
 5.48099E+02
 5.48093E+02
 5.48086E+02
 5.48080E+02
 5.48073E+02
 5.06686E+02
 5.06695E+02
 5.06725E+02
 5.06802E+02
 5.06964E+02
 5.07269E+02
 5.07797E+02
 5.08640E+02
 5.09898E+02
 5.11647E+02
 5.13915E+02
 5.16666E+02
 5.19801E+02
 5.23181E+02
 5.26652E+02
 5.30067E+02
 5.33301E+02
 5.36259E+02
 5.38879E+02
 5.41128E+02
 5.42998E+02
 5.44502E+02
 5.45668E+02
 5.46537E+02
 5.47154E+02
 5.47570E+02
 5.47832E+02
 5.47984E+02
 5.48065E+02
 5.48102E+02
 5.48115E+02
 5.48117E+02
 5.48114E+02
 5.48109E+02
 5.48103E+02
 5.48097E+02
 5.48091E+02
 5.48085E+02
 5.48078E+02
 5.48071E+02
 5.06680E+02
 5.06720E+02
 5.06831E+02
 5.07077E+02
 5.07540E+02
 5.08327E+02
 5.09547E+02
 5.11288E+02
 5.13583E+02
 5.16390E+02
 5.19597E+02
 5.23046E+02
 5.26572E+02
 5.30017E+02
 5.33258E+02
 5.36203E+02
 5.38796E+02
 5.41013E+02
 5.42854E+02
 5.44338E+02
 5.45497E+02
 5.46372E+02
 5.47007E+02
 5.47449E+02
 5.47742E+02
 5.47924E+02
 5.48030E+02
 5.48085E+02
 5.48111E+02
 5.48120E+02
 5.48121E+02
 5.48118E+02
 5.48113E+02
 5.48107E+02
 5.48102E+02
 5.48096E+02
 5.48090E+02
 5.48083E+02
 5.48077E+02
 5.48070E+02
 5.06696E+02
 5.06841E+02
 5.07190E+02
 5.07861E+02
 5.08991E+02
 5.10696E+02
 5.13029E+02
 5.15943E+02
 5.19304E+02
 5.22920E+02
 5.26593E+02
 5.30148E+02
 5.33451E+02
 5.36413E+02
 5.38989E+02
 5.41166E+02
 5.42956E+02
 5.44389E+02
 5.45505E+02
 5.46348E+02
 5.46965E+02
 5.47401E+02
 5.47697E+02
 5.47888E+02
 5.48005E+02
 5.48071E+02
 5.48106E+02
 5.48121E+02
 5.48126E+02
 5.48125E+02
 5.48121E+02
 5.48117E+02
 5.48112E+02
 5.48106E+02
 5.48100E+02
 5.48094E+02
 5.48088E+02
 5.48082E+02
 5.48075E+02
 5.48068E+02
 5.06795E+02
 5.07256E+02
 5.08189E+02
 5.09763E+02
 5.12084E+02
 5.15125E+02
 5.18723E+02
 5.22627E+02
 5.26577E+02
 5.30353E+02
 5.33801E+02
 5.36834E+02
 5.39416E+02
 5.41554E+02
 5.43279E+02
 5.44638E+02
 5.45681E+02
 5.46461E+02
 5.47030E+02
 5.47431E+02
 5.47706E+02
 5.47886E+02
 5.47999E+02
 5.48067E+02
 5.48104E+02
 5.48122E+02
 5.48130E+02
 5.48131E+02
 5.48129E+02
 5.48125E+02
 5.48121E+02
 5.48116E+02
 5.48110E+02
 5.48105E+02
 5.48099E+02
 5.48093E+02
 5.48087E+02
 5.48081E+02
 5.48074E+02
 5.48067E+02
 5.07173E+02
 5.08429E+02
 5.10578E+02
 5.13681E+02
 5.17573E+02
 5.21917E+02
 5.26331E+02
 5.30501E+02
 5.34225E+02
 5.37408E+02
 5.40037E+02
 5.42145E+02
 5.43794E+02
 5.45056E+02
 5.46001E+02
 5.46692E+02
 5.47187E+02
 5.47532E+02
 5.47766E+02
 5.47919E+02
 5.48017E+02
 5.48076E+02
 5.48109E+02
 5.48127E+02
 5.48134E+02
 5.48136E+02
 5.48135E+02
 5.48133E+02
 5.48129E+02
 5.48124E+02
 5.48120E+02
 5.48115E+02
 5.48110E+02
 5.48104E+02
 5.48098E+02
 5.48092E+02
 5.48086E+02
 5.48080E+02
 5.48073E+02
 5.48067E+02
 5.08371E+02
 5.11308E+02
 5.15444E+02
 5.20391E+02
 5.25554E+02
 5.30408E+02
 5.34629E+02
 5.38097E+02
 5.40832E+02
 5.42921E+02
 5.44480E+02
 5.45620E+02
 5.46438E+02
 5.47014E+02
 5.47413E+02
 5.47684E+02
 5.47863E+02
 5.47979E+02
 5.48052E+02
 5.48096E+02
 5.48121E+02
 5.48134E+02
 5.48141E+02
 5.48142E+02
 5.48141E+02
 5.48139E+02
 5.48136E+02
 5.48132E+02
 5.48128E+02
 5.48124E+02
 5.48119E+02
 5.48114E+02
 5.48109E+02
 5.48103E+02
 5.48098E+02
 5.48092E+02
 5.48086E+02
 5.48079E+02
 5.48073E+02
 5.48066E+02
 5.11679E+02
 5.17330E+02
 5.23683E+02
 5.29777E+02
 5.34929E+02
 5.38921E+02
 5.41846E+02
 5.43913E+02
 5.45341E+02
 5.46311E+02
 5.46962E+02
 5.47394E+02
 5.47677E+02
 5.47860E+02
 5.47977E+02
 5.48050E+02
 5.48095E+02
 5.48121E+02
 5.48136E+02
 5.48144E+02
 5.48147E+02
 5.48148E+02
 5.48147E+02
 5.48145E+02
 5.48142E+02
 5.48139E+02
 5.48136E+02
 5.48132E+02
 5.48128E+02
 5.48123E+02
 5.48118E+02
 5.48114E+02
 5.48108E+02
 5.48103E+02
 5.48097E+02
 5.48091E+02
 5.48085E+02
 5.48079E+02
 5.48072E+02
 5.48066E+02
 5.19328E+02
 5.27905E+02
 5.35142E+02
 5.40192E+02
 5.43375E+02
 5.45299E+02
 5.46447E+02
 5.47132E+02
 5.47542E+02
 5.47789E+02
 5.47937E+02
 5.48026E+02
 5.48080E+02
 5.48112E+02
 5.48131E+02
 5.48142E+02
 5.48148E+02
 5.48151E+02
 5.48152E+02
 5.48152E+02
 5.48151E+02
 5.48150E+02
 5.48148E+02
 5.48145E+02
 5.48142E+02
 5.48139E+02
 5.48135E+02
 5.48131E+02
 5.48127E+02
 5.48123E+02
 5.48118E+02
 5.48113E+02
 5.48108E+02
 5.48103E+02
 5.48097E+02
 5.48091E+02
 5.48085E+02
 5.48079E+02
 5.48072E+02
 5.48065E+02
