                Infinity
  4.2112953476893099E+03
  2.6473315150944804E+03
  1.2961152960955337E+03
  8.9668382917803024E+02
  6.5504580143870351E+02
  5.1509864826303340E+02
  4.2450704545608880E+02
  3.6101713967362730E+02
  3.1403063186815103E+02
  2.7784859427206101E+02
  2.4912705318628892E+02
  2.2577315996502742E+02
  2.0641003097975565E+02
  1.9009472805961104E+02
  1.7615978789934883E+02
  1.6411945785214169E+02
  1.5361178564355700E+02
  1.4436152954970009E+02
  1.3615565099807023E+02
  1.2882667662953892E+02
  1.2224113131647948E+02
  1.1629132574010809E+02
  1.1088941544031607E+02
  1.0596303037514305E+02
  1.0145201090458788E+02
  9.7305936564476454E+01
  9.3482231685577986E+01
  8.9944696639604359E+01
  8.6662357171015657E+01
  8.3608554249624888E+01
  8.0760217767765468E+01
  7.8097282170651837E+01
  7.5602212682449334E+01
  7.3259618453886944E+01
  7.1055934576856785E+01
  6.8979159072799391E+01
  6.7018634075176237E+01
  6.5164862776904357E+01
  6.3409355502615234E+01
  6.1744499637960594E+01
  6.0163449210641041E+01
  5.8660030744266848E+01
  5.7228662653913148E+01
  5.5864285964338372E+01
  5.4562304537593761E+01
  5.3318533321483784E+01
  5.2129153390389142E+01
  5.0990672760829433E+01
  4.9899892134437614E+01
  4.8853874860122886E+01
  4.7849920521442066E+01
  4.6885541648789491E+01
  4.5958443133252196E+01
  4.5066503983519645E+01
  4.4207761120424834E+01
  4.3380394948353064E+01
  4.2582716480488557E+01
  4.1813155825926948E+01
  4.1070251873477936E+01
  4.0352643029722934E+01
  3.9659058887457505E+01
  3.8988312717495738E+01
  3.8339294690267899E+01
  3.7710965745958703E+01
  3.7102352041752283E+01
  3.6512539913825869E+01
  3.5940671299373072E+01
  3.5385939570244950E+01
  3.4847585735648813E+01
  3.4324894976608697E+01
  3.3817193478211863E+01
  3.3323845531237176E+01
  3.2844250875502262E+01
  3.2377842263148146E+01
  3.1924083219603855E+01
  3.1482465984522953E+01
  3.1052509616257460E+01
  3.0633758243974654E+01
  3.0225779454876186E+01
  2.9828162804768244E+01
  2.9440518440080790E+01
  2.9062475822538069E+01
  2.8693682547863911E+01
  2.8333803249469703E+01
  2.7982518581213398E+01
  2.7639524271873970E+01
  2.7304530246252561E+01
  2.6977259806487584E+01
  2.6657448869814200E+01
  2.6344845257556837E+01
  2.6039208032098436E+01
  2.5740306877133015E+01
  2.5447921518880847E+01
  2.5161841184628212E+01
  2.4881864095708782E+01
  2.4607796993181037E+01
  2.4339454692498350E+01
  2.4076659666385972E+01
  2.3819241652846394E+01
  2.3567037287612223E+01
  2.3319889758023947E+01
  2.3077648477945420E+01
  2.2840168781827021E+01
  2.2607311636303194E+01
  2.2378943369122062E+01
  2.2154935412830692E+01
  2.1935164063600872E+01
  2.1719510253302388E+01
  2.1507859334446490E+01
  2.1300100876694138E+01
  2.1096128475076174E+01
  2.0895839567897642E+01
  2.0699135264904569E+01
  2.0505920184466621E+01
  2.0316102299330861E+01
  2.0129592790285166E+01
  1.9946305907852366E+01
  1.9766158840604394E+01
  1.9589071590411223E+01
  1.9414966854041012E+01
  1.9243769910605220E+01
  1.9075408514544435E+01
  1.8909812793307680E+01
  1.8746915154369962E+01
  1.8586650185366750E+01
  1.8428954575812956E+01
  1.8273767025365526E+01
  1.8121028173960717E+01
  1.7970680513326855E+01
  1.7822668326199953E+01
  1.7676937612154656E+01
  1.7533436023846345E+01
  1.7392112799461522E+01
  1.7252918714818783E+01
  1.7115806008340105E+01
  1.6980728342242191E+01
  1.6847640737649570E+01
  1.6716499550339556E+01
  1.6587262375328212E+01
  1.6459888051782713E+01
  1.6334336586881154E+01
  1.6210569128065000E+01
  1.6088547918319389E+01
  1.5968236258677285E+01
  1.5849598466898470E+01
  1.5732599863043525E+01
  1.5617206696934474E+01
  1.5503386151361971E+01
  1.5391106292703475E+01
  1.5280336055550706E+01
  1.5171045188671691E+01
  1.5063204256922663E+01
  1.4956784594076275E+01
  1.4851758286991140E+01
  1.4748098148292353E+01
  1.4645777692886753E+01
  1.4544771117595779E+01
  1.4445053275339513E+01
  1.4346599658240457E+01
  1.4249386375541391E+01
  1.4153390122135283E+01
  1.4058588219517466E+01
  1.3964958484273019E+01
  1.3872479320052040E+01
  1.3781129648078426E+01
  1.3690888900980964E+01
  1.3601737007351479E+01
  1.3513654379076593E+01
  1.3426621892641176E+01
  1.3340620879422579E+01
  1.3255633110342432E+01
  1.3171640783378235E+01
  1.3088626511030668E+01
  1.3006573308547733E+01
  1.2925464582058821E+01
  1.2845284112807137E+01
  1.2766016068813924E+01
  1.2687644951719008E+01
  1.2610155627581152E+01
  1.2533533297368162E+01
  1.2457763490649603E+01
  1.2382832059396954E+01
  1.2308725164032293E+01
  1.2235429269728400E+01
  1.2162931135844445E+01
  1.2091217813126597E+01
  1.2020276613371708E+01
  1.1950095145700473E+01
  1.1880661266723779E+01
  1.1811963094372686E+01
  1.1743988997170076E+01
  1.1676727587554659E+01
  1.1610167715447860E+01
  1.1544298429447560E+01
  1.1479109128618445E+01
  1.1414589245178925E+01
  1.1350728565203330E+01
  1.1287517016068900E+01
  1.1224944772759962E+01
  1.1163002162113214E+01
  1.1101679748178107E+01
  1.1040968251567476E+01
  1.0980858590849467E+01
  1.0921341861190777E+01
  1.0862409332470222E+01
  1.0804052445125574E+01
  1.0746262806019210E+01
  1.0689032184392712E+01
  1.0632352507966706E+01
  1.0576215859160968E+01
  1.0520614471322087E+01
  1.0465540724587713E+01
  1.0410987145466366E+01
  1.0356946397611098E+01
  1.0303411274174485E+01
  1.0250374738351935E+01
  1.0197829833057874E+01
  1.0145769761839505E+01
  1.0094187845318741E+01
  1.0043077525984314E+01
  9.9924323657382157E+00
  9.9422460752623252E+00
  9.8925123584352317E+00
  9.8432252031356455E+00
  9.7943785948529065E+00
  9.7459666750718306E+00
  9.6979836062537395E+00
  9.6504237726818562E+00
  9.6032815910906404E+00
  9.5565515550898983E+00
  9.5102283099360339E+00
  9.4643065608832853E+00
  9.4187811068716005E+00
  9.3736468427625397E+00
  9.3288987475080649E+00
  9.2845318826946421E+00
  9.2405414104780661E+00
  9.1969225389934621E+00
  9.1536706050634447E+00
  9.1107809722522823E+00
  9.0682491331893509E+00
  9.0260706032916058E+00
  8.9842410246464741E+00
  8.9427560583198247E+00
  8.9016114735670424E+00
  8.8608031147472968E+00
  8.8203268606165466E+00
  8.7801786738318981E+00
  8.7403545853225939E+00
  8.7008506863413277E+00
  8.6616631307299929E+00
  8.6227881329084610E+00
  8.5842219703962570E+00
  8.5459609756526245E+00
  8.5080015414829422E+00
  8.4703401167253425E+00
  8.4329732057418951E+00
  8.3958973673661070E+00
  8.3591092138159162E+00
  8.3226054097288316E+00
  8.2863826710262050E+00
  8.2504377640993063E+00
  8.2147675046986617E+00
  8.1793687570636582E+00
  8.1442384329929567E+00
  8.1093734909461457E+00
  8.0747709351440555E+00
  8.0404278147552279E+00
  8.0063412230153226E+00
  7.9725082964260752E+00
  7.9389262139532937E+00
  7.9055921962376505E+00
  7.8725035048270930E+00
  7.8396574414389963E+00
  7.8070513463291302E+00
  7.7746826016190296E+00
  7.7425486231044323E+00
  7.7106468666393271E+00
  7.6789748240758522E+00
  7.6475300231803791E+00
  7.6163100275743938E+00
  7.5853124537371484E+00
  7.5545348762167537E+00
  7.5239750528674465E+00
  7.4936305700010672E+00
  7.4634992496951220E+00
  7.4335788433630157E+00
  7.4038670729503160E+00
  7.3743618286972668E+00
  7.3450609601815469E+00
  7.3159623261284263E+00
  7.2870639085837183E+00
  7.2583635076791797E+00
  7.2298592280805165E+00
  7.2015490059517484E+00
  7.1734309369636140E+00
  7.1455029658953064E+00
  7.1177631929172289E+00
  7.0902097794749483E+00
  7.0628408209092797E+00
  7.0356544713956444E+00
  7.0086489093676763E+00
  6.9818223407545741E+00
  6.9551729899279966E+00
  6.9286991076465521E+00
  6.9023989667810044E+00
  6.8762708627136577E+00
  6.8503131130316044E+00
  6.8245240571744343E+00
  6.7989020560870843E+00
  6.7734454918778821E+00
  6.7481527674823765E+00
  6.7230223063207477E+00
  6.6980525519841816E+00
  6.6732419679029906E+00
  6.6485890370384144E+00
  6.6240922615698672E+00
  6.5997501625939288E+00
  6.5755612798262773E+00
  6.5515241713073173E+00
  6.5276374131215649E+00
  6.5038995991116408E+00
  6.4803093406163397E+00
  6.4568652661402366E+00
  6.4335660211991907E+00
  6.4104102679558750E+00
  6.3873966818578305E+00
  6.3645239694751412E+00
  6.3417908196879154E+00
  6.3191959889997475E+00
  6.2967381850995565E+00
  6.2744161989212932E+00
  6.2522287684664253E+00
  6.2301747165692865E+00
  6.2082528166747242E+00
  6.1864618948848902E+00
  6.1648007747200539E+00
  6.1432683157781343E+00
  6.1218633713966435E+00
  6.1005847871164924E+00
  6.0794314694496485E+00
  6.0584023222797132E+00
  6.0374962343407317E+00
  6.0167121501028111E+00
  5.9960490107713618E+00
  5.9755057143780546E+00
  5.9550812660109074E+00
  5.9347746359794824E+00
  5.9145847873165058E+00
  5.8945107332775910E+00
  5.8745514716242395E+00
  5.8547060233395172E+00
  5.8349734180866308E+00
  5.8153527313718598E+00
  5.7958429215836658E+00
  5.7764431370863232E+00
  5.7571524211055252E+00
  5.7379698563352433E+00
  5.7188945366076522E+00
  5.6999255656896519E+00
  5.6810620571821904E+00
  5.6623031344393189E+00
  5.6436479304661580E+00
  5.6250955864663963E+00
  5.6066452998810412E+00
  5.5882961172102688E+00
  5.5700473134059338E+00
  5.5518980327424652E+00
  5.5338474632106625E+00
  5.5158948026831158E+00
  5.4980392575148880E+00
  5.4802800424677791E+00
  5.4626163806611281E+00
  5.4450475035045374E+00
  5.4275726506090596E+00
  5.4101910669434821E+00
  5.3929020184254197E+00
  5.3757047991290676E+00
  5.3585985739022064E+00
  5.3415827192655554E+00
  5.3246565011655189E+00
  5.3078191922808999E+00
  5.2910701220949896E+00
  5.2744085675433965E+00
  5.2578338794109367E+00
  5.2413453476336889E+00
  5.2249423349862241E+00
  5.2086241464452598E+00
  5.1923901594073731E+00
  5.1762396967732887E+00
  5.1601721327069576E+00
  5.1441868196516900E+00
  5.1282831432665823E+00
  5.1124605138925041E+00
  5.0967181976810414E+00
  5.0810557037490121E+00
  5.0654723717722971E+00
  5.0499676146678141E+00
  5.0345408482807628E+00
  5.0191914703105081E+00
  5.0039189178224763E+00
  4.9887226003708776E+00
  4.9736019641812979E+00
  4.9585564538313216E+00
  4.9435854745678984E+00
  4.9286885055619551E+00
  4.9138649978227855E+00
  4.8991144031708140E+00
  4.8844361883204437E+00
  4.8698298750146582E+00
  4.8552948010173580E+00
  4.8408305731606394E+00
  4.8264366334644118E+00
  4.8121124714965919E+00
  4.7978576092065550E+00
  4.7836714793152231E+00
  4.7695536491132886E+00
  4.7555036066946839E+00
  4.7415208662978579E+00
  4.7276049474164203E+00
  4.7137553739604012E+00
  4.6999716742506426E+00
  4.6862533810228042E+00
  4.6726000314110268E+00
  4.6590111669151728E+00
  4.6454863333623591E+00
  4.6320250808662955E+00
  4.6186269637780555E+00
  4.6052916244251403E+00
  4.5920184029873070E+00
  4.5788070774743090E+00
  4.5656571352893929E+00
  4.5525681662265534E+00
  4.5395397348720632E+00
  4.5265714403595112E+00
  4.5136628544146520E+00
  4.5008135830854101E+00
  4.4880232033378720E+00
  4.4752913361433579E+00
  4.4626175554628826E+00
  4.4500014959228098E+00
  4.4374427373005165E+00
  4.4249409210177522E+00
  4.4124956341488391E+00
  4.4001065635357204E+00
  4.3877732034621939E+00
  4.3754953004385468E+00
  4.3632724217536074E+00
  4.3511042831108018E+00
  4.3389903630211055E+00
  4.3269304410867546E+00
  4.3149241007275423E+00
  4.3029710097237555E+00
  4.2910707985762162E+00
  4.2792231353823844E+00
  4.2674276627852681E+00
  4.2556840526649644E+00
  4.2439919617382991E+00
  4.2323510473047588E+00
  4.2207609824291836E+00
  4.2092214436291728E+00
  4.1977320918755492E+00
  4.1862926585072406E+00
  4.1749026997026117E+00
  4.1635620109366318E+00
  4.1522702298536762E+00
  4.1410270686435409E+00
  4.1298321729421925E+00
  4.1186852779689511E+00
  4.1075861022116111E+00
  4.0965342347950520E+00
  4.0855294808089981E+00
  4.0745715083331309E+00
  4.0636600228591213E+00
  4.0527947335244319E+00
  4.0419753517035399E+00
  4.0312015910330539E+00
  4.0204731674758181E+00
  4.0097897993179137E+00
  3.9991512260876099E+00
  3.9885571230265877E+00
  3.9780072586409254E+00
  3.9675013907565293E+00
  3.9570391307186816E+00
  3.9466203196973182E+00
  3.9362446548081600E+00
  3.9259118725826250E+00
  3.9156217128572859E+00
  3.9053739153752445E+00
  3.8951682307436655E+00
  3.8850043933176415E+00
  3.8748821632951698E+00
  3.8648013180454526E+00
  3.8547615156286472E+00
  3.8447626191892113E+00
  3.8348043022146667E+00
  3.8248863654717331E+00
  3.8150085615624389E+00
  3.8051706407414230E+00
  3.7953723792714547E+00
  3.7856135296954663E+00
  3.7758938779657041E+00
  3.7662131717155525E+00
  3.7565712056009350E+00
  3.7469677297503119E+00
  3.7374025893009351E+00
  3.7278754155139535E+00
  3.7183861219078489E+00
  3.7089344272587326E+00
  3.6995201370523549E+00
  3.6901430117131597E+00
  3.6808028620593416E+00
  3.6714994804946475E+00
  3.6622326062160999E+00
  3.6530020696329402E+00
  3.6438077080111504E+00
  3.6346491942047749E+00
  3.6255264277275168E+00
  3.6164391620969498E+00
  3.6073872128014912E+00
  3.5983703666790503E+00
  3.5893884372883291E+00
  3.5804412191027453E+00
  3.5715285268690069E+00
  3.5626501635071479E+00
  3.5538059333857275E+00
  3.5449956488157617E+00
  3.5362191256817979E+00
  3.5274761679306041E+00
  3.5187665985941043E+00
  3.5100902723871230E+00
  3.5014468911023942E+00
  3.4928364111532866E+00
  3.4842585372723458E+00
  3.4757131585104588E+00
  3.4672000886345309E+00
  3.4587191215470412E+00
  3.4502701397462427E+00
  3.4418528814604734E+00
  3.4334672492497993E+00
  3.4251130466339252E+00
  3.4167901052201359E+00
  3.4084982575497609E+00
  3.4002373371766632E+00
  3.3920071787632300E+00
  3.3838076181327943E+00
  3.3756384922933913E+00
  3.3674996394502612E+00
  3.3593908990083285E+00
  3.3513121249192124E+00
  3.3432631260960206E+00
  3.3352437747572741E+00
  3.3272539042855054E+00
  3.3192933600486008E+00
  3.3113619888532426E+00
  3.3034596747847060E+00
  3.2955862194204459E+00
  3.2877414615521907E+00
  3.2799252805931247E+00
  3.2721375215104187E+00
  3.2643780379206504E+00
  3.2566466854020359E+00
  3.2489433110995858E+00
  3.2412677814069362E+00
  3.2336199452700440E+00
  3.2259996704027323E+00
  3.2184068250547204E+00
  3.2108412355077807E+00
  3.2033027930609066E+00
  3.1957913548072425E+00
  3.1883067758392989E+00
  3.1808489295290920E+00
  3.1734176718368436E+00
  3.1660128825359792E+00
  3.1586344132214497E+00
  3.1512821491441700E+00
  3.1439559428922652E+00
  3.1366556812092274E+00
  3.1293812188590677E+00
  3.1221324441119340E+00
  3.1149092518291450E+00
  3.1077114352391058E+00
  3.1005389397853316E+00
  3.0933916280997931E+00
  3.0862693583747602E+00
  3.0791720717533559E+00
  3.0720995334222128E+00
  3.0650516942242705E+00
  3.0580284284547012E+00
  3.0510296145354561E+00
  3.0440551218136305E+00
  3.0371048452459264E+00
  3.0301786571241518E+00
  3.0232764549693392E+00
  3.0163981100291752E+00
  3.0095435206250851E+00
  3.0027125636474548E+00
  2.9959051337587059E+00
  2.9891211126445927E+00
  2.9823603953304665E+00
  2.9756228651349139E+00
  2.9689084184475547E+00
  2.9622169437403754E+00
  2.9555483305076304E+00
  2.9489024724533262E+00
  2.9422792658806389E+00
  2.9356785990464931E+00
  2.9291003723960460E+00
  2.9225445399174848E+00
  2.9160108407968077E+00
  2.9094993128225419E+00
  2.9030098067938730E+00
  2.8965422153986187E+00
  2.8900964441637513E+00
  2.8836723945030882E+00
  2.8772699566013857E+00
  2.8708890421463202E+00
  2.8645295912917401E+00
  2.8581913953097091E+00
  2.8518744586725795E+00
  2.8455786501042764E+00
  2.8393038733144973E+00
  2.8330500338044202E+00
  2.8268170373992976E+00
  2.8206047903378950E+00
  2.8144131993199180E+00
  2.8082421715738475E+00
  2.8020916148810961E+00
  2.7959614375898396E+00
  2.7898515486220559E+00
  2.7837618664693560E+00
  2.7776922796452919E+00
  2.7716427176005989E+00
  2.7656131117922529E+00
  2.7596033057427554E+00
  2.7536132732554348E+00
  2.7476429053556100E+00
  2.7416921156083509E+00
  2.7357608574826990E+00
  2.7298489474126444E+00
  2.7239563878117998E+00
  2.7180830683347823E+00
  2.7122288986911878E+00
  2.7063938025884937E+00
  2.7005776916424322E+00
  2.6947804899442973E+00
  2.6890021098959496E+00
  2.6832424762597569E+00
  2.6775015143602543E+00
  2.6717791209769755E+00
  2.6660752753869326E+00
  2.6603897912070336E+00
  2.6547226785954066E+00
  2.6490738328155135E+00
  2.6434431703102494E+00
  2.6378306199843595E+00
  2.6322361000970065E+00
  2.6266595398540820E+00
  2.6211008572035635E+00
  2.6155599851022289E+00
  2.6100368679456021E+00
  2.6045313678843507E+00
  2.5990434664939586E+00
  2.5935730766838905E+00
  2.5881201148126585E+00
  2.5826845189194114E+00
  2.5772662069309797E+00
  2.5718651171107729E+00
  2.5664811681577144E+00
  2.5611143135226495E+00
  2.5557644760692608E+00
  2.5504315263458830E+00
  2.5451154636856907E+00
  2.5398161977572875E+00
  2.5345336486909025E+00
  2.5292677596765114E+00
  2.5240184524149401E+00
  2.5187856700070625E+00
  2.5135693347169852E+00
  2.5083693896674033E+00
  2.5031857588146327E+00
  2.4980183846699666E+00
  2.4928671927889727E+00
  2.4877321259986580E+00
  2.4826131115274954E+00
  2.4775100902808487E+00
  2.4724229934248374E+00
  2.4673517972568342E+00
  2.4622963385161087E+00
  2.4572566451936995E+00
  2.4522326514993269E+00
  2.4472242202912806E+00
  2.4422313561035041E+00
  2.4372539933969994E+00
  2.4322920248161046E+00
  2.4273454308216573E+00
  2.4224141358584057E+00
  2.4174980783835229E+00
  2.4125971994218003E+00
  2.4077114412121645E+00
  2.4028407410968691E+00
  2.3979850432993866E+00
  2.3931442857273342E+00
  2.3883184130279562E+00
  2.3835073637321926E+00
  2.3787110823820394E+00
  2.3739295481539244E+00
  2.3691626053697923E+00
  2.3644102867036598E+00
  2.3596725043152937E+00
  2.3549492050762626E+00
  2.3502403250270056E+00
  2.3455458160601204E+00
  2.3408656200708360E+00
  2.3361996820301290E+00
  2.3315479471921070E+00
  2.3269103610103872E+00
  2.3222868691692349E+00
  2.3176774176027699E+00
  2.3130819525095854E+00
  2.3085004398175091E+00
  2.3039327782785168E+00
  2.2993789574590093E+00
  2.2948389405986491E+00
  2.2903125953866903E+00
  2.2857999753136151E+00
  2.2813009162753684E+00
  2.2768154519663333E+00
  2.2723434920876753E+00
  2.2678849965338461E+00
  2.2634399111495109E+00
  2.2590081860111257E+00
  2.2545897713216387E+00
  2.2501846173348237E+00
  2.2457926744280914E+00
  2.2414138931529766E+00
  2.2370482242668581E+00
  2.2326956187480511E+00
  2.2283560278055754E+00
  2.2240294028840335E+00
  2.2197156956664834E+00
  2.2154148580734665E+00
  2.2111268422671486E+00
  2.2068516006356296E+00
  2.2025891223528995E+00
  2.1983392653267377E+00
  2.1941020691637356E+00
  2.1898774647003041E+00
  2.1856653879626431E+00
  2.1814658082535847E+00
  2.1772786956395640E+00
  2.1731039519898991E+00
  2.1689415790817579E+00
  2.1647915149096679E+00
  2.1606537145415037E+00
  2.1565281337239295E+00
  2.1524147276454277E+00
  2.1483134538133051E+00
  2.1442242655732282E+00
  2.1401471534688286E+00
  2.1360819901572663E+00
  2.1320288077749892E+00
  2.1279875346400070E+00
  2.1239581301755956E+00
  2.1199405493050545E+00
  2.1159347524396352E+00
  2.1119407243788686E+00
  2.1079583468335823E+00
  2.1039876474237742E+00
  2.1000285625312238E+00
  2.0960810563932259E+00
  2.0921450687836489E+00
  2.0882205749930853E+00
  2.0843075294725018E+00
  2.0804058889581620E+00
  2.0765156154360329E+00
  2.0726366660878077E+00
  2.0687690030024850E+00
  2.0649125836485300E+00
  2.0610673703465956E+00
  2.0572333209376650E+00
  2.0534103980253966E+00
  2.0495985598505251E+00
  2.0457977918024266E+00
  2.0420080306405972E+00
  2.0382291996956692E+00
  2.0344613224893098E+00
  2.0307043344091431E+00
  2.0269581946569999E+00
  2.0232228691406418E+00
  2.0194983165959370E+00
  2.0157845034770472E+00
  2.0120813882742974E+00
  2.0083889374347983E+00
  2.0047071097445954E+00
  2.0010358718078183E+00
  1.9973751935350315E+00
  1.9937250466902574E+00
  1.9900853335969457E+00
  1.9864560854702109E+00
  1.9828372372210716E+00
  1.9792287561479880E+00
  1.9756306034612143E+00
  1.9720427471848592E+00
  1.9684651484348716E+00
  1.9648977751160239E+00
  1.9613405885350328E+00
  1.9577935566970779E+00
  1.9542566412280653E+00
  1.9507298103141069E+00
  1.9472130525501770E+00
  1.9437062655749950E+00
  1.9402094769276879E+00
  1.9367226334622862E+00
  1.9332456974287950E+00
  1.9297786381566064E+00
  1.9263214188409994E+00
  1.9228740088842053E+00
  1.9194363949874529E+00
  1.9160084875649530E+00
  1.9125903033251628E+00
  1.9091817929869910E+00
  1.9057829211802522E+00
  1.9023936571268039E+00
  1.8990139792941170E+00
  1.8956438260306716E+00
  1.8922831904293476E+00
  1.8889320316343376E+00
  1.8855903484514727E+00
  1.8822580251729690E+00
  1.8789351068157691E+00
  1.8756215365368663E+00
  1.8723172809734367E+00
  1.8690223100523029E+00
  1.8657365921486433E+00
  1.8624600962856301E+00
  1.8591927913595656E+00
  1.8559346463327087E+00
  1.8526856604645616E+00
  1.8494457244156366E+00
  1.8462148792056161E+00
  1.8429930691359799E+00
  1.8397802639056975E+00
  1.8365764335044952E+00
  1.8333815480836462E+00
  1.8301955777710144E+00
  1.8270184927192670E+00
  1.8238502631450284E+00
  1.8206908593508715E+00
  1.8175402517390968E+00
  1.8143984108188533E+00
  1.8112653072110947E+00
  1.8081409116501250E+00
  1.8050251949856293E+00
  1.8019181281819119E+00
  1.7988196823187643E+00
  1.7957298758333842E+00
  1.7926485700688826E+00
  1.7895758159177830E+00
  1.7865115753774747E+00
  1.7834558098404949E+00
  1.7804084913994072E+00
  1.7773695928385422E+00
  1.7743390867266755E+00
  1.7713169455082993E+00
  1.7683031415961412E+00
  1.7652976474263085E+00
  1.7623004354938372E+00
  1.7593114783708808E+00
  1.7563307487191693E+00
  1.7533582192962036E+00
  1.7503938629596927E+00
  1.7474376526691195E+00
  1.7444895614866913E+00
  1.7415495935503706E+00
  1.7386176401083542E+00
  1.7356937498119771E+00
  1.7327778709244948E+00
  1.7298699765248347E+00
  1.7269700407750075E+00
  1.7240780377902580E+00
  1.7211939416530742E+00
  1.7183177264651772E+00
  1.7154493953498424E+00
  1.7125888464227150E+00
  1.7097361235514603E+00
  1.7068911776181581E+00
  1.7040539826904466E+00
  1.7012245138251274E+00
  1.6984027476368326E+00
  1.6955886552551516E+00
  1.6927822297993216E+00
  1.6899834075545277E+00
  1.6871921970976569E+00
  1.6844085618201241E+00
  1.6816324769371156E+00
  1.6788639181436857E+00
  1.6761028848228601E+00
  1.6733492912406220E+00
  1.6706031687687466E+00
  1.6678644740408859E+00
  1.6651331825973603E+00
  1.6624092707714182E+00
  1.6596927148366882E+00
  1.6569835139732660E+00
  1.6542815832204705E+00
  1.6515869552403564E+00
  1.6488995877144823E+00
  1.6462194566413058E+00
  1.6435465388442829E+00
  1.6408808111334969E+00
  1.6382222503106598E+00
  1.6355708332054195E+00
  1.6329265366971157E+00
  1.6302893377293941E+00
  1.6276592133177481E+00
  1.6250361405536833E+00
  1.6224200966076132E+00
  1.6198110587306993E+00
  1.6172090042545737E+00
  1.6146139105921915E+00
  1.6120257552378809E+00
  1.6094445157662505E+00
  1.6068701698327088E+00
  1.6043027259604925E+00
  1.6017420800842621E+00
  1.5991882853213188E+00
  1.5966412946087583E+00
  1.5941010854670203E+00
  1.5915676522080586E+00
  1.5890409607181601E+00
  1.5865209525593085E+00
  1.5840076607200100E+00
  1.5815010412332327E+00
  1.5790010725041497E+00
  1.5765077337847200E+00
  1.5740210041831240E+00
  1.5715408627088090E+00
  1.5690672883402856E+00
  1.5666002600655549E+00
  1.5641397569099142E+00
  1.5616857579487697E+00
  1.5592382656506931E+00
  1.5567971980929263E+00
  1.5543625902792859E+00
  1.5519344070285983E+00
  1.5495126167667519E+00
  1.5470972086735859E+00
  1.5446881592171919E+00
  1.5422854481891635E+00
  1.5398890554958118E+00
  1.5374989610344325E+00
  1.5351151447189553E+00
  1.5327375864997907E+00
  1.5303662663791164E+00
  1.5280011644105227E+00
  1.5256422787247248E+00
  1.5232895404814695E+00
  1.5209429755707777E+00
  1.5186025495201536E+00
  1.5162682422807772E+00
  1.5139400344880065E+00
  1.5116179068028195E+00
  1.5093018398924378E+00
  1.5069918144564429E+00
  1.5046878112399209E+00
  1.5023898110404963E+00
  1.5000977947137077E+00
  1.4978117431751634E+00
  1.4955316374026790E+00
  1.4932574747055041E+00
  1.4909891994745796E+00
  1.4887268174567045E+00
  1.4864703087999482E+00
  1.4842196503756173E+00
  1.4819748237870358E+00
  1.4797358359573733E+00
  1.4775026004099598E+00
  1.4752751620866431E+00
  1.4730534820743970E+00
  1.4708375673787795E+00
  1.4686273306012194E+00
  1.4664228178646175E+00
  1.4642239900725258E+00
  1.4620308286820685E+00
  1.4598433160632021E+00
  1.4576614344715746E+00
  1.4554851662318466E+00
  1.4533144935096831E+00
  1.4511494213343199E+00
  1.4489898717593928E+00
  1.4468358823949750E+00
  1.4446874172069357E+00
  1.4425444582538789E+00
  1.4404069882572523E+00
  1.4382749902547309E+00
  1.4361484467933969E+00
  1.4340273407048463E+00
  1.4319116547637003E+00
  1.4298013717776754E+00
  1.4276964745978864E+00
  1.4255969461257734E+00
  1.4235027757481631E+00
  1.4214139301212834E+00
  1.4193304068580739E+00
  1.4172521840041934E+00
  1.4151792446802376E+00
  1.4131115722492686E+00
  1.4110491500813125E+00
  1.4089919615631794E+00
  1.4069400057260941E+00
  1.4048932231342899E+00
  1.4028516373805595E+00
  1.4008152191566061E+00
  1.3987839682259950E+00
  1.3967578248792070E+00
  1.3947368125430024E+00
  1.3927209017241062E+00
  1.3907100759931277E+00
  1.3887043194956463E+00
  1.3867036163395334E+00
  1.3847079506039823E+00
  1.3827173063695670E+00
  1.3807316677374704E+00
  1.3787510188415038E+00
  1.3767753437220027E+00
  1.3748046269197771E+00
  1.3728388524199526E+00
  1.3708780046328746E+00
  1.3689220679162402E+00
  1.3669710266721660E+00
  1.3650248882292679E+00
  1.3630835744087955E+00
  1.3611471523602352E+00
  1.3592155223120066E+00
  1.3572887366727555E+00
  1.3553667412745589E+00
  1.3534495378155780E+00
  1.3515371055140080E+00
  1.3496294512020111E+00
  1.3477265014820043E+00
  1.3458282955396719E+00
  1.3439348007474718E+00
  1.3420460017200568E+00
  1.3401618838451581E+00
  1.3382824324615836E+00
  1.3364076328710217E+00
  1.3345374703622406E+00
  1.3326719302369994E+00
  1.3308109978224436E+00
  1.3289546584787804E+00
  1.3271028976034176E+00
  1.3252557006349408E+00
  1.3234130530534320E+00
  1.3215749403817432E+00
  1.3197413481861950E+00
  1.3179122620767305E+00
  1.3160876677065123E+00
  1.3142675507722985E+00
  1.3124518970142296E+00
  1.3106406922156715E+00
  1.3088339388291892E+00
  1.3070315785091717E+00
  1.3052336377097011E+00
  1.3034400889845483E+00
  1.3016509179931903E+00
  1.2998661244170540E+00
  1.2980856573389843E+00
  1.2963095378620013E+00
  1.2945377411364092E+00
  1.2927702528890999E+00
  1.2910070598195615E+00
  1.2892481480244753E+00
  1.2874935123997147E+00
  1.2857431173939573E+00
  1.2839969692983280E+00
  1.2822550478931634E+00
  1.2805173395465723E+00
  1.2787838309394535E+00
  1.2770545087485599E+00
  1.2753293596502357E+00
  1.2736083703361905E+00
  1.2718915275223190E+00
  1.2701788179552131E+00
  1.2684702284151783E+00
  1.2667657457185573E+00
  1.2650653567189982E+00
  1.2633690483077944E+00
  1.2616768074142908E+00
  1.2599886210064017E+00
  1.2583044968292270E+00
  1.2566243869033367E+00
  1.2549482705832622E+00
  1.2532761960235101E+00
  1.2516080749765854E+00
  1.2499439465711255E+00
  1.2482837814651084E+00
  1.2466275666480988E+00
  1.2449752897964781E+00
  1.2433269385121792E+00
  1.2416825003354111E+00
  1.2400419627812329E+00
  1.2384053133640189E+00
  1.2367725396125286E+00
  1.2351436290784727E+00
  1.2335185693420949E+00
  1.2318973480150635E+00
  1.2302799527425829E+00
  1.2286663712043442E+00
  1.2270565911150146E+00
  1.2254506002249346E+00
  1.2238484027656080E+00
  1.2222499422522122E+00
  1.2206552474237187E+00
  1.2190643020593113E+00
  1.2174770693540815E+00
  1.2158935596385523E+00
  1.2143137537167601E+00
  1.2127376395303751E+00
  1.2111652053375555E+00
  1.2095964393721370E+00
  1.2080313298520511E+00
  1.2064698649989549E+00
  1.2049120330498322E+00
  1.2033578222648156E+00
  1.2018072323981557E+00
  1.2002602197152625E+00
  1.1987168026540629E+00
  1.1971769603693356E+00
  1.1956406806802422E+00
  1.1941079521882925E+00
  1.1925787634352518E+00
  1.1910531029707228E+00
  1.1895309593643466E+00
  1.1880123212117089E+00
  1.1864971771373654E+00
  1.1849855157934512E+00
  1.1834773258681592E+00
  1.1819725960789091E+00
  1.1804713151763315E+00
  1.1789734719436953E+00
  1.1774790551970649E+00
  1.1759880537855940E+00
  1.1745004565908865E+00
  1.1730162525271601E+00
  1.1715354305418313E+00
  1.1700579796139912E+00
  1.1685838887562456E+00
  1.1671131470129499E+00
  1.1656457434611001E+00
  1.1641816878862496E+00
  1.1627209502899090E+00
  1.1612634676049849E+00
  1.1598093113143260E+00
  1.1583584385711476E+00
  1.1569108376859079E+00
  1.1554664983728089E+00
  1.1540254102780017E+00
  1.1525875629596780E+00
  1.1511529459315144E+00
  1.1497215584262379E+00
  1.1482933638393780E+00
  1.1468683756411768E+00
  1.1454465755655503E+00
  1.1440279690231250E+00
  1.1426125018858238E+00
  1.1412002045352132E+00
  1.1397910536281288E+00
  1.1383850384399068E+00
  1.1369821488559864E+00
  1.1355823747502880E+00
  1.1341857059770062E+00
  1.1327921323888748E+00
  1.1314016438493892E+00
  1.1300142302413412E+00
  1.1286298814707187E+00
  1.1272485874700084E+00
  1.1258703381997457E+00
  1.1244951236493790E+00
  1.1231229338384883E+00
  1.1217537588161823E+00
  1.1203875886613763E+00
  1.1190244134842331E+00
  1.1176642234245462E+00
  1.1163070086524995E+00
  1.1149527593684723E+00
  1.1136014754924919E+00
  1.1122531199893715E+00
  1.1109077089607626E+00
  1.1095652246605821E+00
  1.1082256571291398E+00
  1.1068889967914626E+00
  1.1055552340999233E+00
  1.1042243595210341E+00
  1.1028963635413267E+00
  1.1015712365902597E+00
  1.1002489694129647E+00
  1.0989295523879248E+00
  1.0976129761689410E+00
  1.0962992313781581E+00
  1.0949883086641359E+00
  1.0936801987047498E+00
  1.0923748922079195E+00
  1.0910723799109794E+00
  1.0897726525810290E+00
  1.0884757010143642E+00
  1.0871815160369347E+00
  1.0858900885038132E+00
  1.0846014092997363E+00
  1.0833154794639763E+00
  1.0820322624602932E+00
  1.0807517930098738E+00
  1.0794740218585128E+00
  1.0781989511674164E+00
  1.0769265600430682E+00
  1.0756568677734246E+00
  1.0743898511816061E+00
  1.0731255011328171E+00
  1.0718638090677748E+00
  1.0706047663794258E+00
  1.0693483799737384E+00
  1.0680945983040746E+00
  1.0668434526904893E+00
  1.0655949218061860E+00
  1.0643489965469559E+00
  1.0631056684206419E+00
  1.0618649289382511E+00
  1.0606267695995724E+00
  1.0593911819076050E+00
  1.0581581573784797E+00
  1.0569276875468789E+00
  1.0556997639705341E+00
  1.0544743782323096E+00
  1.0532515219413585E+00
  1.0520311867340428E+00
  1.0508133642743835E+00
  1.0495980462543271E+00
  1.0483852243941669E+00
  1.0471748904420433E+00
  1.0459670361745035E+00
  1.0447616533962281E+00
  1.0435587339401800E+00
  1.0423582696675087E+00
  1.0411602524674961E+00
  1.0399646742572644E+00
  1.0387715269823339E+00
  1.0375808026162139E+00
  1.0363925011394015E+00
  1.0352065919581712E+00
  1.0340230885885040E+00
  1.0328419764449395E+00
  1.0316632473766760E+00
  1.0304868935520515E+00
  1.0293129071681848E+00
  1.0281412804390315E+00
  1.0269720055996072E+00
  1.0258050749082446E+00
  1.0246404806481200E+00
  1.0234782151285351E+00
  1.0223182706849567E+00
  1.0211606396802231E+00
  1.0200053248701215E+00
  1.0188522902450301E+00
  1.0177015546281967E+00
  1.0165531021230652E+00
  1.0154069249183157E+00
  1.0142630156272063E+00
  1.0131213668738945E+00
  1.0119819712828844E+00
  1.0108448214885912E+00
  1.0097099101420099E+00
  1.0085772299144933E+00
  1.0074467735006849E+00
  1.0063185507667014E+00
  1.0051925064043175E+00
  1.0040686957299028E+00
  1.0029470485189955E+00
  1.0018276031657751E+00
  1.0007103532068904E+00
  9.9959526368023199E-01
  9.9848232611644128E-01
  9.9737156000143112E-01
  9.9626294567585716E-01
  9.9515647573720012E-01
  9.9405214336802838E-01
  9.9294994173564499E-01
  9.9184986398374042E-01
  9.9075190325001550E-01
  9.8965605267834933E-01
  9.8856230542744228E-01
  9.8747065467461670E-01
  9.8638109361910731E-01
  9.8529361548305383E-01
  9.8420821351353582E-01
  9.8312488098256867E-01
  9.8204361118729688E-01
  9.8096439745044772E-01
  9.7988723312039583E-01
  9.7881211157154868E-01
  9.7773902620338171E-01
  9.7666797044119125E-01
  9.7559893773610151E-01
  9.7453192156456037E-01
  9.7346691542836850E-01
  9.7240391285512917E-01
  9.7134290739748319E-01
  9.7028389263336501E-01
  9.6922686849778361E-01
  9.6817181057502200E-01
  9.6711872967956569E-01
  9.6606761417396914E-01
  9.6501845754927862E-01
  9.6397125355037716E-01
  9.6292599594995021E-01
  9.6188267853821929E-01
  9.6084130561949044E-01
  9.5980184199300700E-01
  9.5876430858037787E-01
  9.5772869075736800E-01
  9.5669498208767745E-01
  9.5566317656991373E-01
  9.5463326821693206E-01
  9.5360525104172356E-01
  9.5257911906708703E-01
  9.5155486633013564E-01
  9.5053248688661940E-01
  9.4951197481267680E-01
  9.4849332420605637E-01
  9.4747652918735836E-01
  9.4646158390033364E-01
  9.4544848251191904E-01
  9.4443721921246859E-01
  9.4342778821565298E-01
  9.4242018375887904E-01
  9.4141440010281285E-01
  9.4041043153186032E-01
  9.3940827235321978E-01
  9.3840791689778003E-01
  9.3740937543059721E-01
  9.3641259741693517E-01
  9.3541761967466341E-01
  9.3442442345206977E-01
  9.3343301680204749E-01
  9.3244337035180669E-01
  9.3145547115736838E-01
  9.3046934464031739E-01
  9.2948498488295728E-01
  9.2850234841481849E-01
  9.2752146567981619E-01
  9.2654232032697803E-01
  9.2556490660707835E-01
  9.2458921924771076E-01
  9.2361525298664049E-01
  9.2264300255881015E-01
  9.2167246270467262E-01
  9.2070362817641971E-01
  9.1973649374206445E-01
  9.1877105418784522E-01
  9.1780730431916036E-01
  9.1684523896197268E-01
  9.1588485296291233E-01
  9.1492614581651854E-01
  9.1396909917883606E-01
  9.1301372056989338E-01
  9.1206000102178353E-01
  9.1110793533097045E-01
  9.1015751848065352E-01
  9.0920874547693675E-01
  9.0826161134320182E-01
  9.0731611112059973E-01
  9.0637223986909077E-01
  9.0542999266832069E-01
  9.0448937508685134E-01
  9.0355035306507014E-01
  9.0261294905225697E-01
  9.0167714969566970E-01
  9.0074294979361691E-01
  8.9981034467578325E-01
  8.9887932955370853E-01
  8.9794989972246686E-01
  8.9702205046447192E-01
  8.9609577707294885E-01
  8.9517107485577907E-01
  8.9424793913812706E-01
  8.9332636526242892E-01
  8.9240634858989032E-01
  8.9148788450078253E-01
  8.9057096839410821E-01
  8.8965559568841501E-01
  8.8874176182116560E-01
  8.8782946224881376E-01
  8.8691869244710020E-01
  8.8600944791068670E-01
  8.8510172415357058E-01
  8.8419551670806240E-01
  8.8329082112572199E-01
  8.8238763297644929E-01
  8.8148594784905099E-01
  8.8058576135099187E-01
  8.7968706910806849E-01
  8.7878986676468029E-01
  8.7789414998326432E-01
  8.7699991444474001E-01
  8.7610715584811349E-01
  8.7521586991057454E-01
  8.7432606705546234E-01
  8.7343771469209486E-01
  8.7255081042368199E-01
  8.7166537334942051E-01
  8.7078138776356828E-01
  8.6989884906928316E-01
  8.6901776748788240E-01
  8.6813809820874144E-01
  8.6725987590694309E-01
  8.6638308453684332E-01
  8.6550771954117123E-01
  8.6463377689936938E-01
  8.6376126747868054E-01
  8.6289014462136826E-01
  8.6202044500894703E-01
  8.6115215207833207E-01
  8.6028526134940864E-01
  8.5941976888688909E-01
  8.5855567077885808E-01
  8.5769296311428656E-01
  8.5683164198840112E-01
  8.5597170350613394E-01
  8.5511314378472025E-01
  8.5425596108409318E-01
  8.5340014569118228E-01
  8.5254569917921819E-01
  8.5169262636210041E-01
  8.5084089945579611E-01
  8.4999052829537680E-01
  8.4914151232544732E-01
  8.4829384483238923E-01
  8.4744752148476243E-01
  8.4660253861096024E-01
  8.4575889255456138E-01
  8.4491657965293576E-01
  8.4407559624468609E-01
  8.4323593867507929E-01
  8.4239760329886593E-01
  8.4156058648277321E-01
  8.4072488460670536E-01
  8.3989049406412597E-01
  8.3905741126257649E-01
  8.3822563262426686E-01
  8.3739515458561564E-01
  8.3656597359796869E-01
  8.3573808612680855E-01
  8.3491148865219811E-01
  8.3408617766877169E-01
  8.3326214968545220E-01
  8.3243940122552573E-01
  8.3161792882647323E-01
  8.3079772903992655E-01
  8.2997879843154121E-01
  8.2916113358125232E-01
  8.2834473108269691E-01
  8.2752958754365591E-01
  8.2671569958542368E-01
  8.2590306384334666E-01
  8.2509167696623642E-01
  8.2428153561662187E-01
  8.2347263647057378E-01
  8.2266497621765022E-01
  8.2185855156064846E-01
  8.2105336376686189E-01
  8.2024939692543231E-01
  8.1944665954522689E-01
  8.1864514472597172E-01
  8.1784484907840949E-01
  8.1704578194012867E-01
  8.1624791809832808E-01
  8.1545124950182646E-01
  8.1465579916260045E-01
  8.1386155219125922E-01
  8.1306850500476435E-01
  8.1227665454436948E-01
  8.1148599775354047E-01
  8.1069653156161225E-01
  8.0990826576717745E-01
  8.0912116038205639E-01
  8.0833524751782815E-01
  8.0755051325555904E-01
  8.0676695410350119E-01
  8.0598457711286631E-01
  8.0520335031982726E-01
  8.0442329841974136E-01
  8.0364440986518781E-01
  8.0286668133427541E-01
  8.0209010986669860E-01
  8.0131470258206061E-01
  8.0054042817824389E-01
  7.9976731042270688E-01
  7.9899533814278845E-01
  7.9822450804343104E-01
  7.9745481728104051E-01
  7.9668626296907785E-01
  7.9591884225152798E-01
  7.9515255226519233E-01
  7.9438739015159077E-01
  7.9362335305896370E-01
  7.9286043814449669E-01
  7.9209864257524554E-01
  7.9133796352807806E-01
  7.9057839819018527E-01
  7.8981994375951881E-01
  7.8906259744460028E-01
  7.8830636179483493E-01
  7.8755121916413173E-01
  7.8679718068724280E-01
  7.8604423931520861E-01
  7.8529239211931401E-01
  7.8454163639998675E-01
  7.8379196946641716E-01
  7.8304338862872480E-01
  7.8229589120058696E-01
  7.8154947450217138E-01
  7.8080413586087605E-01
  7.8005987261346343E-01
  7.7931668210509308E-01
  7.7857456169087735E-01
  7.7783350873567014E-01
  7.7709352061402637E-01
  7.7635459471002988E-01
  7.7561672841799478E-01
  7.7487991914178445E-01
  7.7414416429507715E-01
  7.7340946130109933E-01
  7.7267580759297294E-01
  7.7194320061345323E-01
  7.7121163781473556E-01
  7.7048111665850039E-01
  7.6975163461594309E-01
  7.6902318916790569E-01
  7.6829577780440128E-01
  7.6756939802471802E-01
  7.6684404733737244E-01
  7.6611972326053024E-01
  7.6539643501452526E-01
  7.6467415920603798E-01
  7.6395288957566510E-01
  7.6323264763164234E-01
  7.6251342013197287E-01
  7.6179520424776581E-01
  7.6107799762416195E-01
  7.6036179790963865E-01
  7.5964660274053164E-01
  7.5893240974715415E-01
  7.5821921655988778E-01
  7.5750702081227117E-01
  7.5679582014298186E-01
  7.5608561219740011E-01
  7.5537640617065982E-01
  7.5466817623303806E-01
  7.5396092427341366E-01
  7.5325467275561142E-01
  7.5254938612689004E-01
  7.5184509139136024E-01
  7.5114176257126086E-01
  7.5043941249169122E-01
  7.4973803418499829E-01
  7.4903762520392503E-01
  7.4833818333422963E-01
  7.4763970635996191E-01
  7.4694219205744705E-01
  7.4624563820098766E-01
  7.4555004256643564E-01
  7.4485540293362007E-01
  7.4416171708820111E-01
  7.4346898282164886E-01
  7.4277719793304930E-01
  7.4208636022850705E-01
  7.4139646752171728E-01
  7.4070751763382425E-01
  7.4001950839358288E-01
  7.3933243763730971E-01
  7.3864630320875913E-01
  7.3796110295960005E-01
  7.3727683474897610E-01
  7.3659349644326322E-01
  7.3591108591656829E-01
  7.3522960105030000E-01
  7.3454903973321906E-01
  7.3386939986168098E-01
  7.3319067933916560E-01
  7.3251287607646598E-01
  7.3183598799149763E-01
  7.3116001300989009E-01
  7.3048494906388306E-01
  7.2981079409306682E-01
  7.2913754604425096E-01
  7.2846520287112215E-01
  7.2779376253470673E-01
  7.2712322300279797E-01
  7.2645358224993684E-01
  7.2578483825815809E-01
  7.2511698901591715E-01
  7.2445003251892193E-01
  7.2378396676924672E-01
  7.2311878977623600E-01
  7.2245449955574848E-01
  7.2179109413049647E-01
  7.2112857152988552E-01
  7.2046692978994720E-01
  7.1980616695339628E-01
  7.1914628106939471E-01
  7.1848727019393588E-01
  7.1782914325697011E-01
  7.1717186728460380E-01
  7.1651546986377423E-01
  7.1585993998920150E-01
  7.1520528663608718E-01
  7.1455148169296467E-01
  7.1389853687470017E-01
  7.1324645705120826E-01
  7.1259523495148303E-01
  7.1194486849588146E-01
  7.1129536518956660E-01
  7.1064669674033254E-01
  7.0999888637045494E-01
  7.0935192453749918E-01
  7.0870580906168890E-01
  7.0806053813255809E-01
  7.0741610994816151E-01
  7.0677252269974922E-01
  7.0612977457622239E-01
  7.0548787404303726E-01
  7.0484679685162155E-01
  7.0420654870710031E-01
  7.0356713909131274E-01
  7.0292855965471090E-01
  7.0229080839378633E-01
  7.0165388355664060E-01
  7.0101778339483589E-01
  7.0038250615478970E-01
  6.9974805008156027E-01
  6.9911441342155223E-01
  6.9848159442044588E-01
  6.9784959134094637E-01
  6.9721840243239219E-01
  6.9658802596026292E-01
  6.9595846019283458E-01
  6.9532970340359834E-01
  6.9470175387132027E-01
  6.9407460988048908E-01
  6.9344826972077933E-01
  6.9282273168755182E-01
  6.9219799408149685E-01
  6.9157405520877990E-01
  6.9095091338101877E-01
  6.9032856691498001E-01
  6.8970701413317270E-01
  6.8908625336305751E-01
  6.8846628293777512E-01
  6.8784710119545978E-01
  6.8722870647972378E-01
  6.8661109713924828E-01
  6.8599427152817150E-01
  6.8537822800548465E-01
  6.8476296493563371E-01
  6.8414848068820611E-01
  6.8353477363768289E-01
  6.8292184216391005E-01
  6.8230968465165764E-01
  6.8169829949085314E-01
  6.8108768507648165E-01
  6.8047783980841292E-01
  6.7986876209145863E-01
  6.7926045033562943E-01
  6.7865290295569480E-01
  6.7804612469342818E-01
  6.7744009612559208E-01
  6.7683483249036802E-01
  6.7623032705782560E-01
  6.7562657786642688E-01
  6.7502358383952277E-01
  6.7442135309206463E-01
  6.7381985539546685E-01
  6.7321911668942025E-01
  6.7261912698027082E-01
  6.7201988438172822E-01
  6.7142138738698642E-01
  6.7082363450057392E-01
  6.7022662422240376E-01
  6.6963037412289084E-01
  6.6903482804333847E-01
  6.6844003656077766E-01
  6.6784598212684598E-01
  6.6725266257944338E-01
  6.6666007646614645E-01
  6.6606822235250462E-01
  6.6547709879029371E-01
  6.6488670432310437E-01
  6.6429703749094426E-01
  6.6370809683308873E-01
  6.6311988089023821E-01
  6.6253238820601690E-01
  6.6194561732683932E-01
  6.6135956680303976E-01
  6.6077423518871614E-01
  6.6018962104227263E-01
  6.5960573201439776E-01
  6.5902254629446255E-01
  6.5844007048641551E-01
  6.5785831193044797E-01
  6.5727726375452178E-01
  6.5669692437166549E-01
  6.5611729239459060E-01
  6.5553836643838892E-01
  6.5496014511382650E-01
  6.5438262703033923E-01
  6.5380581079808142E-01
  6.5322969502903694E-01
  6.5265427833802958E-01
  6.5207955934316397E-01
  6.5150553666593880E-01
  6.5093220893190762E-01
  6.5035957477037709E-01
  6.4978763281468366E-01
  6.4921638170195273E-01
  6.4864582007345484E-01
  6.4807594657429535E-01
  6.4750675985357997E-01
  6.4693825856433329E-01
  6.4637044136368205E-01
  6.4580330691263421E-01
  6.4523685387592089E-01
  6.4467108092232195E-01
  6.4410599313005767E-01
  6.4354157103669374E-01
  6.4297783044759471E-01
  6.4241476478741200E-01
  6.4185237250543048E-01
  6.4129065231319371E-01
  6.4072960292904779E-01
  6.4016922306693114E-01
  6.3960951143926636E-01
  6.3905046675842847E-01
  6.3849208773837374E-01
  6.3793437309526702E-01
  6.3737732154848914E-01
  6.3682093182053923E-01
  6.3626520263697561E-01
  6.3571013272706234E-01
  6.3515572082368610E-01
  6.3460196566311000E-01
  6.3404886598514210E-01
  6.3349642981874144E-01
