  0.0000000000000000E+00
  3.6219781506741273E-04
  3.5985794273597267E-04
  7.4255806988147532E-04
  1.0031228598160918E-03
  1.3659327313773108E-03
  1.7664777334024397E-03
  2.1874520780108160E-03
  2.6206583224139606E-03
  3.0610766235776711E-03
  3.5056693883546465E-03
  3.9526365440163405E-03
  4.4009253461115734E-03
  4.8499249086334942E-03
  5.2992830607232408E-03
  5.7487984690922488E-03
  6.1983574625201435E-03
  6.6478971864774436E-03
  7.0973841825679547E-03
  7.5468019398408342E-03
  7.9961436369187667E-03
  8.4454078890815205E-03
  8.8945962505589532E-03
  9.3437117532811243E-03
  9.7927580644583696E-03
  1.0241739013895749E-02
  1.0690658342115480E-02
  1.1139519578190310E-02
  1.1588325990897727E-02
  1.2037080581379899E-02
  1.2485786094962686E-02
  1.2934445043065118E-02
  1.3383059726457515E-02
  1.3831632257927105E-02
  1.4280164582355453E-02
  1.4728658494273272E-02
  1.5177115652783429E-02
  1.5625537595070290E-02
  1.6073925747359438E-02
  1.6522281435489519E-02
  1.6970605894374644E-02
  1.7418900276116627E-02
  1.7867165658065263E-02
  1.8315403049148273E-02
  1.8763613396563669E-02
  1.9211797591001709E-02
  1.9659956471662861E-02
  2.0108090830558163E-02
  2.0556201416204251E-02
  2.1004288937301583E-02
  2.1452354065438335E-02
  2.1900397437979394E-02
  2.2348419660454595E-02
  2.2796421308707137E-02
  2.3244402930976391E-02
  2.3692365049828412E-02
  2.4140308163710128E-02
  2.4588232748500083E-02
  2.5036139259048348E-02
  2.5484028130281399E-02
  2.5931899778736299E-02
  2.6379754603622397E-02
  2.6827592987525822E-02
  2.7275415297889093E-02
  2.7723221887418201E-02
  2.8171013095091804E-02
  2.8618789247384650E-02
  2.9066550657822831E-02
  2.9514297628802668E-02
  2.9962030452224397E-02
  3.0409749408542540E-02
  3.0857454769367212E-02
  3.1305146795735796E-02
  3.1752825741061870E-02
  3.2200491849437692E-02
  3.2648145356366266E-02
  3.3095786491078708E-02
  3.3543415474390131E-02
  3.3991032519722048E-02
  3.4438637835227041E-02
  3.4886231621621147E-02
  3.5333814073029754E-02
  3.5781385379234566E-02
  3.6228945723336639E-02
  3.6676495283364460E-02
  3.7124034231322357E-02
  3.7571562736134378E-02
  3.8019080960615743E-02
  3.8466589063487384E-02
  3.8914087198204973E-02
  3.9361575515812715E-02
  3.9809054162217923E-02
  4.0256523279394614E-02
  4.0703983005805008E-02
  4.1151433475583733E-02
  4.1598874821039168E-02
  4.2046307170126682E-02
  4.2493730647587505E-02
  4.2941145374371326E-02
  4.3388551470431101E-02
  4.3835949051355648E-02
  4.4283338230040992E-02
  4.4730719116914293E-02
  4.5178091819178694E-02
  4.5625456443087818E-02
  4.6072813091343839E-02
  4.6520161864257559E-02
  4.6967502860299007E-02
  4.7414836175277357E-02
  4.7862161902450524E-02
  4.8309480134853214E-02
  4.8756790962062160E-02
  4.9204094471956762E-02
  4.9651390750727116E-02
  5.0098679882567942E-02
  5.0545961949128020E-02
  5.0993237032186722E-02
  5.1440505210759858E-02
  5.1887766562416858E-02
  5.2335021163010489E-02
  5.2782269087000316E-02
  5.3229510406664536E-02
  5.3676745194350992E-02
  5.4123973527576856E-02
  5.4571195461295852E-02
  5.5018411075272902E-02
  5.5465620426595245E-02
  5.5912823591614723E-02
  5.6360020614419727E-02
  5.6807211569467095E-02
  5.7254396518755808E-02
  5.7701575525652214E-02
  5.8148748639562542E-02
  5.8595915943670383E-02
  5.9043077457649147E-02
  5.9490233256050108E-02
  5.9937383390500913E-02
  6.0384527972962752E-02
  6.0831666953364595E-02
  6.1278800453962286E-02
  6.1725928486313746E-02
  6.2173051114398151E-02
  6.2620168387955671E-02
  6.3067280357996094E-02
  6.3514387073324505E-02
  6.3961488642376010E-02
  6.4408585012201758E-02
  6.4855676267773721E-02
  6.5302762448146007E-02
  6.5749843637407351E-02
  6.6196919810576418E-02
  6.6643991057630150E-02
  6.7091057397570680E-02
  6.7538118882319018E-02
  6.7985175551992377E-02
  6.8432227447809246E-02
  6.8879274619181918E-02
  6.9326317090234346E-02
  6.9773354906033230E-02
  7.0220388103362716E-02
  7.0667416720194970E-02
  7.1114440998423109E-02
  7.1561460614009947E-02
  7.2008475773039371E-02
  7.2455486475050859E-02
  7.2902492761816401E-02
  7.3349494674146837E-02
  7.3796492260295513E-02
  7.4243485537643331E-02
  7.4690474547097860E-02
  7.5137459320542679E-02
  7.5584439890763508E-02
  7.6031416289230436E-02
  7.6478388548361642E-02
  7.6925356698080968E-02
  7.7372320769785091E-02
  7.7819280891314999E-02
  7.8266236924806623E-02
  7.8713188974029000E-02
  7.9160137052091878E-02
  7.9607081191080606E-02
  8.0054021436284456E-02
  8.0500957793290875E-02
  8.0947890299048850E-02
  8.1394818979701966E-02
  8.1841743863391922E-02
  8.2288664899221362E-02
  8.2735582263876034E-02
  8.3182495897294123E-02
  8.3629405845805291E-02
  8.4076312131733694E-02
  8.4523214777649514E-02
  8.4970113806057970E-02
  8.5417009241182590E-02
  8.5863901782536542E-02
  8.6310790193326395E-02
  8.6757675250074051E-02
  8.7204556621796769E-02
  8.7651434593940564E-02
  8.8098308957968843E-02
  8.8545180003736373E-02
  8.8992047558158205E-02
  8.9438911732497614E-02
  8.9885772533328925E-02
  9.0332629983955762E-02
  9.0779484107242334E-02
  9.1226334924865454E-02
  9.1673182457970209E-02
  9.2120026727257331E-02
  9.2566867752937571E-02
  9.3013705554273324E-02
  9.3460540151710736E-02
  9.3907371585419425E-02
  9.4354199840720188E-02
  9.4801024950920160E-02
  9.5247847196503407E-02
  9.5694666133539677E-02
  9.6141482003749723E-02
  9.6588294774419034E-02
  9.7035104473109160E-02
  9.7481911124935580E-02
  9.7928714751709611E-02
  9.8375514592359478E-02
  9.8822312132879592E-02
  9.9269106587995759E-02
  9.9715898173784512E-02
  1.0016268632844449E-01
  1.0060947209022704E-01
  1.0105625488594515E-01
  1.0150303460592817E-01
  1.0194981174146511E-01
  1.0239658603736228E-01
  1.0284335750916825E-01
  1.0329012621212127E-01
  1.0373689212570855E-01
  1.0418365526485739E-01
  1.0463041573594113E-01
  1.0507717327649027E-01
  1.0552392827923400E-01
  1.0597068034725121E-01
  1.0641742991671244E-01
  1.0686417657497654E-01
  1.0731092077275139E-01
  1.0775766208137236E-01
  1.0820440096725403E-01
  1.0865113750209139E-01
  1.0909787124587488E-01
  1.0954460231407812E-01
  1.0999133076038811E-01
  1.1043805658495917E-01
  1.1088477981770817E-01
  1.1133150048255826E-01
  1.1177821862967491E-01
  1.1222493422448282E-01
  1.1267164730570746E-01
  1.1311835788217169E-01
  1.1356506596860136E-01
  1.1401177157902240E-01
  1.1445847472641925E-01
  1.1490517542429615E-01
  1.1535187368437615E-01
  1.1579856952026581E-01
  1.1624526294365833E-01
  1.1669195396677565E-01
  1.1713864260124496E-01
  1.1758532885901075E-01
  1.1803201275131543E-01
  1.1847869429010051E-01
  1.1892537348655895E-01
  1.1937205035194645E-01
  1.1981872489742511E-01
  1.2026539713402545E-01
  1.2071206707253102E-01
  1.2115873472372576E-01
  1.2160540009802151E-01
  1.2205206324329908E-01
  1.2249872410663724E-01
  1.2294538272812454E-01
  1.2339203911078875E-01
  1.2383869326529026E-01
  1.2428534520363550E-01
  1.2473199493281276E-01
  1.2517864172780691E-01
  1.2562528715956223E-01
  1.2607192902590447E-01
  1.2651856991780167E-01
  1.2696520823195806E-01
  1.2741184346991924E-01
  1.2785847750842405E-01
  1.2830510955748875E-01
  1.2875173934734724E-01
  1.2919836746758837E-01
  1.2964499153217396E-01
  1.3009161534945665E-01
  1.3053823650005034E-01
  1.3098485611182092E-01
  1.3143147157132765E-01
  1.3187808525257849E-01
  1.3232469799534852E-01
  1.3277130867933992E-01
  1.3321791767359878E-01
  1.3366452487122743E-01
  1.3411113024872001E-01
  1.3455773368044366E-01
  1.3500433518724772E-01
  1.3545093475002179E-01
  1.3589753236867369E-01
  1.3634412804673063E-01
  1.3679072178991739E-01
  1.3723731360481781E-01
  1.3768390349877538E-01
  1.3813049147932718E-01
  1.3857707755408008E-01
  1.3902366173076885E-01
  1.3947024401715966E-01
  1.3991682442083062E-01
  1.4036340294929417E-01
  1.4080997961001929E-01
  1.4125655441037974E-01
  1.4170312735744020E-01
  1.4214969845852607E-01
  1.4259626772040762E-01
  1.4304283514995456E-01
  1.4348940075326189E-01
  1.4393596453801691E-01
  1.4438252651024153E-01
  1.4482908667631644E-01
  1.4527564522725953E-01
  1.4572220164999949E-01
  1.4616875675665478E-01
  1.4661530948748697E-01
  1.4706186098077517E-01
  1.4750841013028881E-01
  1.4795495812416901E-01
  1.4840150373282981E-01
  1.4884804774227500E-01
  1.4929458988167549E-01
  1.4974113061791053E-01
  1.5018766926564731E-01
  1.5063420566788652E-01
  1.5108074072595851E-01
  1.5152727431801491E-01
  1.5197380589357870E-01
  1.5242033622969367E-01
  1.5286686448799464E-01
  1.5331339002726596E-01
  1.5375991465627775E-01
  1.5420643776243745E-01
  1.5465295891688913E-01
  1.5509947890090509E-01
  1.5554599703849098E-01
  1.5599251355896843E-01
  1.5643902840122442E-01
  1.5688554156095968E-01
  1.5733205107253703E-01
  1.5777856054885403E-01
  1.5822506800470323E-01
  1.5867157399432646E-01
  1.5911807845141007E-01
  1.5956458131920462E-01
  1.6001108256264612E-01
  1.6045758216035236E-01
  1.6090408009873639E-01
  1.6135057636900493E-01
  1.6179707104714797E-01
  1.6224356150932731E-01
  1.6269005240407161E-01
  1.6313654116385748E-01
  1.6358302849782511E-01
  1.6402951432275889E-01
  1.6447599856524550E-01
  1.6492248117847216E-01
  1.6536896213231711E-01
  1.6581544140665208E-01
  1.6626191898683954E-01
  1.6670839486137834E-01
  1.6715486924836415E-01
  1.6760134150753844E-01
  1.6804780951743231E-01
  1.6849427787121271E-01
  1.6894074436239775E-01
  1.6938720896486856E-01
  1.6983367264445348E-01
  1.7028013390974781E-01
  1.7072659426490269E-01
  1.7117305205824965E-01
  1.7161950883704691E-01
  1.7206596303991484E-01
  1.7251241623833308E-01
  1.7295886678690275E-01
  1.7340531590553532E-01
  1.7385176283775100E-01
  1.7429820832900808E-01
  1.7474465149166640E-01
  1.7519108988191329E-01
  1.7563752883368902E-01
  1.7608396478678187E-01
  1.7653039935276485E-01
  1.7697683252379690E-01
  1.7742326347476370E-01
  1.7786969303186098E-01
  1.7831612017210030E-01
  1.7876254577408970E-01
  1.7920896897480693E-01
  1.7965538904185233E-01
  1.8010180766401776E-01
  1.8054822436433210E-01
  1.8099463879447727E-01
  1.8144105114811274E-01
  1.8188746130418146E-01
  1.8233386558992104E-01
  1.8278027081698184E-01
  1.8322667297494682E-01
  1.8367307314633505E-01
  1.8411947118289773E-01
  1.8456586495356264E-01
  1.8501225797400112E-01
  1.8545864821476776E-01
  1.8590503617488913E-01
  1.8635142173057254E-01
  1.8679780477241470E-01
  1.8724418521599587E-01
  1.8769056299230438E-01
  1.8813693804106948E-01
  1.8858331030648562E-01
  1.8902967973488236E-01
  1.8947604627330605E-01
  1.8992240986847025E-01
  1.9036877046649017E-01
  1.9081512159702946E-01
  1.9126147552650971E-01
  1.9170782454498894E-01
  1.9215417151026590E-01
  1.9260051517009263E-01
  1.9304685628318408E-01
  1.9349319367674378E-01
  1.9393952822382146E-01
  1.9438585881521114E-01
  1.9483218660376142E-01
  1.9527850984556230E-01
  1.9572483031477741E-01
  1.9617114603389504E-01
  1.9661745883767512E-01
  1.9706376674096546E-01
  1.9751007159123940E-01
  1.9795636816275164E-01
  1.9840266424959849E-01
  1.9884895450216797E-01
  1.9929524191427425E-01
  1.9974152013034738E-01
  2.0018779822380434E-01
  2.0063407019585056E-01
  2.0108033881597082E-01
  2.0152660226487887E-01
  2.0197286158074421E-01
  2.0241911550980962E-01
  2.0286536492232465E-01
  2.0331160867442366E-01
  2.0375784686974141E-01
  2.0420407977116492E-01
  2.0465030756403660E-01
  2.0509652932717212E-01
  2.0554274591262978E-01
  2.0598895241287174E-01
  2.0643515671836979E-01
  2.0688135369670188E-01
  2.0732754536819445E-01
  2.0777372916757544E-01
  2.0821990819015337E-01
  2.0866608003633627E-01
  2.0911224203501610E-01
  2.0955840065006529E-01
  2.1000455145684929E-01
  2.1045069552014095E-01
  2.1089683257372915E-01
  2.1134296235727337E-01
  2.1178908465071272E-01
  2.1223519925907211E-01
  2.1268130600048837E-01
  2.1312740470183617E-01
  2.1357349327293501E-01
  2.1401957498429633E-01
  2.1446564784263336E-01
  2.1491170793187553E-01
  2.1535776307003415E-01
  2.1580380833824012E-01
  2.1624984488401774E-01
  2.1669587236683674E-01
  2.1714189046206842E-01
  2.1758789920612429E-01
  2.1803389752234745E-01
  2.1847988622655667E-01
  2.1892586402164299E-01
  2.1937182812821893E-01
  2.1981778440300284E-01
  2.2026372676299233E-01
  2.2070965980638624E-01
  2.2115558181058692E-01
  2.2160149210684829E-01
  2.2204739140280716E-01
  2.2249327827539325E-01
  2.2293915378323603E-01
  2.2338501582315487E-01
  2.2383086616638864E-01
  2.2427670248546852E-01
  2.2472252661268141E-01
  2.2516833150806384E-01
  2.2561412799812847E-01
  2.2605990843502788E-01
  2.2650567624375462E-01
  2.2695142880228927E-01
  2.2739716797088405E-01
  2.2784289113004727E-01
  2.2828859703868520E-01
  2.2873428903728102E-01
  2.2917996615712594E-01
  2.2962562276400580E-01
  2.3007126736131897E-01
  2.3051689372418413E-01
  2.3096250448718630E-01
  2.3140809758158584E-01
  2.3185367387145994E-01
  2.3229923189829954E-01
  2.3274477233760010E-01
  2.3319029384207260E-01
  2.3363579639098747E-01
  2.3408127987812077E-01
  2.3452674437497270E-01
  2.3497218873042969E-01
  2.3541761356956750E-01
  2.3586301755142683E-01
  2.3630839621341274E-01
  2.3675375804293680E-01
  2.3719909391398905E-01
  2.3764441133041375E-01
  2.3808970674652616E-01
  2.3853497868216048E-01
  2.3898022963128043E-01
  2.3942545414261762E-01
  2.3987065872273841E-01
  2.4031583857318034E-01
  2.4076099454288546E-01
  2.4120612608767072E-01
  2.4165123272241756E-01
  2.4209631399831744E-01
  2.4254136948608557E-01
  2.4298639876668965E-01
  2.4343140142528813E-01
  2.4387637704801790E-01
  2.4432132521963237E-01
  2.4476624373544917E-01
  2.4521113534738490E-01
  2.4565599798876397E-01
  2.4610083171684097E-01
  2.4654563602913473E-01
  2.4699041043021716E-01
  2.4743515004042288E-01
  2.4787985763088019E-01
  2.4832453521044337E-01
  2.4876918178128138E-01
  2.4921379699737251E-01
  2.4965838056467046E-01
  2.5010293108034809E-01
  2.5054744895511277E-01
  2.5099193245895429E-01
  2.5143638212304187E-01
  2.5188079631671900E-01
  2.5232517321849546E-01
  2.5276951553818561E-01
  2.5321382156538508E-01
  2.5365809039964832E-01
  2.5410232251757675E-01
  2.5454651626450775E-01
  2.5499067243189949E-01
  2.5543478865281843E-01
  2.5587886640198571E-01
  2.5632290310197053E-01
  2.5676690027114041E-01
  2.5721085534753879E-01
  2.5765476982008312E-01
  2.5809864113948455E-01
  2.5854246590453278E-01
  2.5898625072457482E-01
  2.5942999178356274E-01
  2.5987368792795684E-01
  2.6031734070264778E-01
  2.6076094163543656E-01
  2.6120450016793562E-01
  2.6164801219999695E-01
  2.6209147815157147E-01
  2.6253489625804594E-01
  2.6297826732777591E-01
  2.6342158907737517E-01
  2.6386486248798718E-01
  2.6430808509235965E-01
  2.6475125807898114E-01
  2.6519437923621775E-01
  2.6563744909560622E-01
  2.6608046605865365E-01
  2.6652343043342114E-01
  2.6696634069200087E-01
  2.6740919712245437E-01
  2.6785199820243183E-01
  2.6829474359427891E-01
  2.6873743282252072E-01
  2.6918006563407476E-01
  2.6962264066240921E-01
  2.7006515810127391E-01
  2.7050761642681492E-01
  2.7095000676314812E-01
  2.7139234472896645E-01
  2.7183462045547130E-01
  2.7227683548642728E-01
  2.7271898968378799E-01
  2.7316108128659278E-01
  2.7360310919511294E-01
  2.7404507392132255E-01
  2.7448697399544641E-01
  2.7492880330599223E-01
  2.7537057234184920E-01
  2.7581227316384876E-01
  2.7625390721157544E-01
  2.7669547363282965E-01
  2.7713697156302575E-01
  2.7757840019937935E-01
  2.7801975877553653E-01
  2.7846104654785087E-01
  2.7890226278393798E-01
  2.7934340675714286E-01
  2.7978447774269316E-01
  2.8022547501572409E-01
  2.8066639628080409E-01
  2.8110724358702505E-01
  2.8154801478704033E-01
  2.8198870532920567E-01
  2.8242932231141105E-01
  2.8286986040352946E-01
  2.8331032021285468E-01
  2.8375070083001946E-01
  2.8419099585970026E-01
  2.8463121497802313E-01
  2.8507135135470985E-01
  2.8551140532135971E-01
  2.8595137694704792E-01
  2.8639126429448947E-01
  2.8683106748173942E-01
  2.8727078469118983E-01
  2.8771041609319392E-01
  2.8814995992021752E-01
  2.8858941422654721E-01
  2.8902878107139796E-01
  2.8946805300884021E-01
  2.8990724025255010E-01
  2.9034633544015642E-01
  2.9078533901666764E-01
  2.9122425094163723E-01
  2.9166306932403463E-01
  2.9210179416985216E-01
  2.9254042371082939E-01
  2.9297895825462644E-01
  2.9341739543416423E-01
  2.9385573131969711E-01
  2.9429397244743150E-01
  2.9473211438236380E-01
  2.9517015625608573E-01
  2.9560809878436195E-01
  2.9604593933379458E-01
  2.9648367865239317E-01
  2.9692131422331891E-01
  2.9735884682399388E-01
  2.9779627129903774E-01
  2.9823358725483007E-01
  2.9867080152545772E-01
  2.9910790824484612E-01
  2.9954490699374414E-01
  2.9998179848154949E-01
  3.0041857986100423E-01
  3.0085525192044105E-01
  3.0129181198610910E-01
  3.0172826090625171E-01
  3.0216459615240959E-01
  3.0260081840250813E-01
  3.0303692532498744E-01
  3.0347291752059447E-01
  3.0390879270410043E-01
  3.0434455127698856E-01
  3.0478019146861207E-01
  3.0521571318143786E-01
  3.0565110926764955E-01
  3.0608639102514446E-01
  3.0652154923234731E-01
  3.0695658074260568E-01
  3.0739149405506411E-01
  3.0782628270062207E-01
  3.0826094367344309E-01
  3.0869548258233825E-01
  3.0912989435571209E-01
  3.0956417920910539E-01
  3.0999833625978168E-01
  3.1043236474490510E-01
  3.1086626318527566E-01
  3.1130003126381928E-01
  3.1173366744276138E-01
  3.1216717143796269E-01
  3.1260054175502278E-01
  3.1303377811552924E-01
  3.1346687922322181E-01
  3.1389983797544446E-01
  3.1433266623892198E-01
  3.1476535486791840E-01
  3.1519790551622140E-01
  3.1563031632456490E-01
  3.1606258769534917E-01
  3.1649471792911710E-01
  3.1692670629296543E-01
  3.1735855183434070E-01
  3.1779025362357344E-01
  3.1822181075186523E-01
  3.1865322232344861E-01
  3.1908448745015722E-01
  3.1951560524825873E-01
  3.1994657101015977E-01
  3.2037739099035484E-01
  3.2080806021470781E-01
  3.2123857332827244E-01
  3.2166894048839828E-01
  3.2209914831121889E-01
  3.2252920930955686E-01
  3.2295911340766997E-01
  3.2338886407479456E-01
  3.2381845909138207E-01
  3.2424789769290469E-01
  3.2467717881550257E-01
  3.2510630145770092E-01
  3.2553526466765653E-01
  3.2596406752398627E-01
  3.2639270912349649E-01
  3.2682118857390918E-01
  3.2724950498949879E-01
  3.2767765748878552E-01
  3.2810564519276159E-01
  3.2853346722412702E-01
  3.2896112270684880E-01
  3.2938861076514148E-01
  3.2981593052566033E-01
  3.3024307459509289E-01
  3.3067005539481881E-01
  3.3109686322417387E-01
  3.3152349823728366E-01
  3.3194996242395519E-01
  3.3237625315134689E-01
  3.3280236555952908E-01
  3.3322830688744159E-01
  3.3365407129154612E-01
  3.3407965934373074E-01
  3.3450506999924762E-01
  3.3493030223197834E-01
  3.3535535526641419E-01
  3.3578022769191562E-01
  3.3620491919842121E-01
  3.3662942220117836E-01
  3.3705374851923642E-01
  3.3747788898054465E-01
  3.3790184568962778E-01
  3.3832561703554176E-01
  3.3874920256752034E-01
  3.3917260073788802E-01
  3.3959580592436989E-01
  3.4001882780666542E-01
  3.4044165827371220E-01
  3.4086429827740289E-01
  3.4128674529257985E-01
  3.4170900168518831E-01
  3.4213106493987488E-01
  3.4255293425915895E-01
  3.4297460921221623E-01
  3.4339608833873886E-01
  3.4381737125777767E-01
  3.4423845658148339E-01
  3.4465934395736469E-01
  3.4508003203309284E-01
  3.4550052046147900E-01
  3.4592080791133606E-01
  3.4634089403260554E-01
  3.4676077268717997E-01
  3.4718044622275768E-01
  3.4759992134151652E-01
  3.4801919013122762E-01
  3.4843825399786171E-01
  3.4885711240933187E-01
  3.4927576351776585E-01
  3.4969420716418614E-01
  3.5011244159081478E-01
  3.5053046675814242E-01
  3.5094828099318537E-01
  3.5136588427735477E-01
  3.5178327498135248E-01
  3.5220045048107945E-01
  3.5261740763620192E-01
  3.5303415656044135E-01
  3.5345068807255842E-01
  3.5386700462393683E-01
  3.5428310442361782E-01
  3.5469898718139303E-01
  3.5511465122108310E-01
  3.5553009638652855E-01
  3.5594532111641919E-01
  3.5636032529753853E-01
  3.5677510742318874E-01
  3.5718966738737645E-01
  3.5760400371566770E-01
  3.5801811123119748E-01
  3.5843199936877607E-01
  3.5884566021406294E-01
  3.5925909471760237E-01
  3.5967230268930317E-01
  3.6008528256966121E-01
  3.6049803418000709E-01
  3.6091055604614591E-01
  3.6132284277389232E-01
  3.6173490324553120E-01
  3.6214673086140370E-01
  3.6255832630235180E-01
  3.6296968908301541E-01
  3.6338081794379312E-01
  3.6379170925326992E-01
  3.6420236774556325E-01
  3.6461278954503934E-01
  3.6502297462630973E-01
  3.6543291579997095E-01
  3.6584262591213584E-01
  3.6625209469035286E-01
  3.6666132405703339E-01
  3.6707031341626478E-01
  3.6747906166500993E-01
  3.6788756803037875E-01
  3.6829583170411090E-01
  3.6870385192705180E-01
  3.6911162795905877E-01
  3.6951915248532852E-01
  3.6992643831436545E-01
  3.7033347554202528E-01
  3.7074026640639812E-01
  3.7114680999312866E-01
  3.7155310544313702E-01
  3.7195915194072360E-01
  3.7236494871881831E-01
  3.7277049504168835E-01
  3.7317579019335423E-01
  3.7358083347083265E-01
  3.7398562417995596E-01
  3.7439016163316680E-01
  3.7479444514761540E-01
  3.7519847404483153E-01
  3.7560224764970768E-01
  3.7600576529054486E-01
  3.7640902629873429E-01
  3.7681201957691918E-01
  3.7721476266234338E-01
  3.7761724655036688E-01
  3.7801947143790909E-01
  3.7842143754416246E-01
  3.7882314388692562E-01
  3.7922458952598659E-01
  3.7962577363611516E-01
  3.8002669546757994E-01
  3.8042735431693658E-01
  3.8082774950980103E-01
  3.8122788039035593E-01
  3.8162774631516722E-01
  3.8202734664934884E-01
  3.8242668076434805E-01
  3.8282574803663760E-01
  3.8322454784696924E-01
  3.8362307957983605E-01
  3.8402133572877151E-01
  3.8441933039872489E-01
  3.8481705259289795E-01
  3.8521450486467812E-01
  3.8561168651040911E-01
  3.8600859676460225E-01
  3.8640523492671225E-01
  3.8680160034237299E-01
  3.8719769238621021E-01
  3.8759350373441642E-01
  3.8798904788680072E-01
  3.8838431451388578E-01
  3.8877930601431482E-01
  3.8917402169752480E-01
  3.8956846082257152E-01
  3.8996262220212285E-01
  3.9035650614601158E-01
  3.9075010758217960E-01
  3.9114343385565276E-01
  3.9153647956438359E-01
  3.9192924560033071E-01
  3.9232173129133047E-01
  3.9271393596582566E-01
  3.9310585308782059E-01
  3.9349749412982260E-01
  3.9388885051498440E-01
  3.9427992415725432E-01
  3.9467071439769941E-01
  3.9506122054776743E-01
  3.9545144198417792E-01
  3.9584137286636045E-01
  3.9623102406366328E-01
  3.9662038679036277E-01
  3.9700946303135271E-01
  3.9739825221451680E-01
  3.9778675371586841E-01
  3.9817496696044391E-01
  3.9856289140908358E-01
  3.9895052654568808E-01
  3.9933787186947756E-01
  3.9972492689010192E-01
  4.0011169112484107E-01
  4.0049816409699934E-01
  4.0088434533480471E-01
  4.0127023437087106E-01
  4.0165583074174549E-01
  4.0204113398786379E-01
  4.0242614365319623E-01
  4.0281085928545390E-01
  4.0319528043582137E-01
  4.0357939916097224E-01
  4.0396323115384891E-01
  4.0434676449112777E-01
  4.0473000220552269E-01
  4.0511294376106366E-01
  4.0549558417706033E-01
  4.0587792484447249E-01
  4.0625997421744092E-01
  4.0664172323477843E-01
  4.0702317447810782E-01
  4.0740432730144743E-01
  4.0778518104589973E-01
  4.0816573515023868E-01
  4.0854598911997136E-01
  4.0892594250228809E-01
  4.0930559487120149E-01
  4.0968494581778075E-01
  4.1006399494513091E-01
  4.1044273573390327E-01
  4.1082118056740868E-01
  4.1119932033127710E-01
  4.1157715592918798E-01
  4.1195468953260461E-01
  4.1233191908681682E-01
  4.1270884457924117E-01
  4.1308546554623254E-01
  4.1346178155305746E-01
  4.1383779220040956E-01
  4.1421349711266958E-01
  4.1458889593009102E-01
  4.1496398830337089E-01
  4.1533877389247115E-01
  4.1571324813496163E-01
  4.1608742027735007E-01
  4.1646128267408811E-01
  4.1683483722812703E-01
  4.1720808360428729E-01
  4.1758102140742109E-01
  4.1795365027337467E-01
  4.1832596986414555E-01
  4.1869797985830048E-01
  4.1906967994611755E-01
  4.1944106982619922E-01
  4.1981214920382026E-01
  4.2018291778961231E-01
  4.2055337529891590E-01
  4.2092351674072809E-01
  4.2129334964502052E-01
  4.2166287085130594E-01
  4.2203207996007330E-01
  4.2240097720295827E-01
  4.2276956214863737E-01
  4.2313782810631134E-01
  4.2350578882029416E-01
  4.2387343342965972E-01
  4.2424076484402701E-01
  4.2460777598869592E-01
  4.2497448127756399E-01
  4.2534086961847506E-01
  4.2570694397802789E-01
  4.2607270402476394E-01
  4.2643814935634844E-01
  4.2680327965712694E-01
  4.2716809462348443E-01
  4.2753259402325339E-01
  4.2789677131925280E-01
  4.2826063966615641E-01
  4.2862418944003161E-01
  4.2898742330054790E-01
  4.2935034095779262E-01
  4.2971294210853894E-01
  4.3007522639410267E-01
  4.3043719360977523E-01
  4.3079884352908976E-01
  4.3116017595602690E-01
  4.3152119070682521E-01
  4.3188188760619139E-01
  4.3224226648507874E-01
  4.3260232503592261E-01
  4.3296206732723463E-01
  4.3332149059723507E-01
  4.3368059546139265E-01
  4.3403938171507023E-01
  4.3439784915107305E-01
  4.3475599758981370E-01
  4.3511382687148564E-01
  4.3547133293610801E-01
  4.3582852467639538E-01
  4.3618539491779618E-01
  4.3654194567055926E-01
  4.3689817180768897E-01
  4.3725408352726230E-01
  4.3760967362537251E-01
  4.3796494409359782E-01
  4.3831989472698163E-01
  4.3867452528856032E-01
  4.3902883559534561E-01
  4.3938282550294211E-01
  4.3973649489201466E-01
  4.4008984365979020E-01
  4.4044287171497526E-01
  4.4079557902718081E-01
  4.4114796542176499E-01
  4.4150003088123735E-01
  4.4185177532423020E-01
  4.4220319869059227E-01
  4.4255430092411485E-01
  4.4290507586857319E-01
  4.4325553740924317E-01
  4.4360566811940211E-01
  4.4395548611574348E-01
  4.4430497764274113E-01
  4.4465415102277667E-01
  4.4500300284344640E-01
  4.4535153384862486E-01
  4.4569973746918806E-01
  4.4604762735297576E-01
  4.4639519342125905E-01
  4.4674243861192453E-01
  4.4708936281925127E-01
  4.4743596587500928E-01
  4.4778224767324309E-01
  4.4812820815165427E-01
  4.4847384727740486E-01
  4.4881916503637997E-01
  4.4916416142726445E-01
  4.4950883645793321E-01
  4.4985319014331787E-01
  4.5019722250381639E-01
  4.5054093356481278E-01
  4.5088432335597811E-01
  4.5122739191100736E-01
  4.5157013926743261E-01
  4.5191256546664793E-01
  4.5225467055367330E-01
  4.5259645457707953E-01
  4.5293791758923801E-01
  4.5327905440941374E-01
  4.5361987618769578E-01
  4.5396037524447658E-01
  4.5430055397036495E-01
  4.5464041236609609E-01
  4.5497994680332854E-01
  4.5531916567932434E-01
  4.5565806234486683E-01
  4.5599663887198982E-01
  4.5633489539341177E-01
  4.5667283182726931E-01
  4.5701044828116122E-01
  4.5734774187771765E-01
  4.5768471869724958E-01
  4.5802137490938061E-01
  4.5835771177109985E-01
  4.5869372933383107E-01
  4.5902942763343291E-01
  4.5936480673815044E-01
  4.5969986673999924E-01
  4.6003460774673888E-01
  4.6036902987711870E-01
  4.6070313325790901E-01
  4.6103691802213298E-01
  4.6137038430782257E-01
  4.6170353225769289E-01
  4.6203636201824644E-01
  4.6236887373996322E-01
  4.6270106757694113E-01
  4.6303293780242272E-01
  4.6336449170422661E-01
  4.6369573373533063E-01
  4.6402664943827249E-01
  4.6435725654348153E-01
  4.6468754464043632E-01
  4.6501751684335257E-01
  4.6534717316838076E-01
  4.6567651359245238E-01
  4.6600553817129220E-01
  4.6633424701567583E-01
  4.6666264027173776E-01
  4.6699071810840725E-01
  4.6731848070964371E-01
  4.6764592826969859E-01
  4.6797306099058383E-01
  4.6829987908007936E-01
  4.6862638275082652E-01
  4.6895257221966902E-01
  4.6927844770735644E-01
  4.6960400943809488E-01
  4.6992925223521559E-01
  4.7025418801279106E-01
  4.7057880863102547E-01
  4.7090311353472530E-01
  4.7122710977475729E-01
  4.7155079284919910E-01
  4.7187416428155943E-01
  4.7219722422121646E-01
  4.7251997280972952E-01
  4.7284241023242662E-01
  4.7316453670543096E-01
  4.7348635246504372E-01
  4.7380785776098622E-01
  4.7412905285223506E-01
  4.7444993475855091E-01
  4.7477051151004557E-01
  4.7509077714806286E-01
  4.7541073375176290E-01
  4.7573038167572740E-01
  4.7604972114336819E-01
  4.7636875241275461E-01
  4.7668747575788956E-01
  4.7700589146321060E-01
  4.7732399982042395E-01
  4.7764180112676929E-01
  4.7795929568478246E-01
  4.7827648379990761E-01
  4.7859336578164230E-01
  4.7890994194258646E-01
  4.7922621259843334E-01
  4.7954217806779759E-01
  4.7985783867220749E-01
  4.8017319473602499E-01
  4.8048824658644634E-01
  4.8080299455346576E-01
  4.8111743896983222E-01
  4.8143158017094523E-01
  4.8174541849504382E-01
  4.8205895428303136E-01
  4.8237218146266647E-01
  4.8268510332836273E-01
  4.8299773632010612E-01
  4.8331006273691451E-01
  4.8362208932941814E-01
  4.8393381634268823E-01
  4.8424524385264545E-01
  4.8455637203514290E-01
  4.8486720114072335E-01
  4.8517773146710974E-01
  4.8548795975327036E-01
  4.8579789396512180E-01
  4.8610752917903755E-01
  4.8641686730792177E-01
  4.8672590317307246E-01
  4.8703464922542189E-01
  4.8734309686579663E-01
  4.8765124909441637E-01
  4.8795910624749006E-01
  4.8826666859152523E-01
  4.8857393643821539E-01
  4.8888091013323548E-01
  4.8918759004406043E-01
  4.8949397655248622E-01
  4.8980007004974147E-01
  4.9010587093374686E-01
  4.9041137960725883E-01
  4.9071659647687976E-01
  4.9102152195225496E-01
  4.9132615644574457E-01
  4.9163050037219791E-01
  4.9193455414879173E-01
  4.9223831819467806E-01
  4.9254179293131012E-01
  4.9284497878201611E-01
  4.9314787617226852E-01
  4.9345048262824570E-01
  4.9375280562784074E-01
  4.9405483980153170E-01
  4.9435658732680071E-01
  4.9465804866230723E-01
  4.9495922420643024E-01
  4.9526011437117951E-01
  4.9556071958069620E-01
  4.9586104026721106E-01
  4.9616107690549943E-01
  4.9646082986455375E-01
  4.9676029963378987E-01
  4.9705948664887251E-01
  4.9735839136070681E-01
  4.9765701422227543E-01
  4.9795535568815719E-01
  4.9825341621428432E-01
  4.9855119625807692E-01
  4.9884869627848771E-01
  4.9914591673595199E-01
  4.9944285809237088E-01
  4.9973952081111794E-01
  5.0003590535695053E-01
  5.0033200835131586E-01
  5.0062783857692339E-01
  5.0092338437253792E-01
  5.0121865606233873E-01
  5.0151365238803003E-01
  5.0180837818679769E-01
  5.0210282694477970E-01
  5.0239700209934102E-01
  5.0269090396766591E-01
  5.0298453282800848E-01
  5.0327788903132498E-01
  5.0357096742381779E-01
  5.0386378093296846E-01
  5.0415632063102689E-01
  5.0444858975504814E-01
  5.0474058876642613E-01
  5.0503231804098758E-01
  5.0532377799226358E-01
  5.0561496906294090E-01
  5.0590589171421263E-01
  5.0619654641899414E-01
  5.0648693365765118E-01
  5.0677705391547889E-01
  5.0706690768096796E-01
  5.0735649544501671E-01
  5.0764581770017314E-01
  5.0793487494034661E-01
  5.0822366766048588E-01
  5.0851219635642952E-01
  5.0880046152491165E-01
  5.0908846366337879E-01
  5.0937620327003241E-01
  5.0966368084353308E-01
  5.0995089688335316E-01
  5.1023785188944104E-01
  5.1052454636244016E-01
  5.1081098080332910E-01
  5.1109715571369985E-01
  5.1138306908130626E-01
  5.1166872760568538E-01
  5.1195412661642425E-01
  5.1223926817213716E-01
  5.1252415280266206E-01
  5.1280878098237248E-01
  5.1309315319466919E-01
  5.1337726993140642E-01
  5.1366113168977079E-01
  5.1394473897032034E-01
  5.1422809227575106E-01
  5.1451119211025431E-01
  5.1479403897900033E-01
  5.1507663338767340E-01
  5.1535897178518819E-01
  5.1564106361328621E-01
  5.1592290287249498E-01
  5.1620449196545415E-01
  5.1648583137843795E-01
  5.1676692153763715E-01
  5.1704776289609755E-01
  5.1732835592758331E-01
  5.1760870111879531E-01
  5.1788879896422702E-01
  5.1816864996333523E-01
  5.1844825461837307E-01
  5.1872760736068113E-01
  5.1900672294470496E-01
  5.1928558467877661E-01
  5.1956421072999559E-01
  5.1984259008960565E-01
  5.2012072155956179E-01
  5.2039861232082518E-01
  5.2067626538472811E-01
  5.2095367442547569E-01
  5.2123084280241772E-01
  5.2150777092984035E-01
  5.2178445915377969E-01
  5.2206090787466475E-01
  5.2233711753243639E-01
  5.2261308859153455E-01
  5.2288882153129768E-01
  5.2316431683993991E-01
  5.2343957501089344E-01
  5.2371459654077279E-01
  5.2398938192783295E-01
  5.2426393167110663E-01
  5.2453824626981937E-01
  5.2481232622335283E-01
  5.2508617203077734E-01
  5.2535978419072404E-01
  5.2563316320128972E-01
  5.2590630956017625E-01
  5.2617922376448611E-01
  5.2645190631061278E-01
  5.2672435769445625E-01
  5.2699657841117764E-01
  5.2726856895519203E-01
  5.2754032982047272E-01
  5.2781186150010584E-01
  5.2808316239720932E-01
  5.2835423821697791E-01
  5.2862508504346351E-01
  5.2889570469296487E-01
  5.2916609768029410E-01
  5.2943626447169767E-01
  5.2970620553884362E-01
  5.2997592135882465E-01
  5.3024540817818633E-01
  5.3051467595738189E-01
  5.3078371812981717E-01
  5.3105253723043777E-01
  5.3132113373287382E-01
  5.3158950804030636E-01
  5.3185766058065864E-01
  5.3212559180125607E-01
  5.3239330216088809E-01
  5.3266079212551865E-01
  5.3292806216471744E-01
  5.3319511275014719E-01
  5.3346194435434213E-01
  5.3372855744989145E-01
  5.3399495250909079E-01
  5.3426113000358622E-01
  5.3452709040440660E-01
  5.3479283418158274E-01
  5.3505836180427524E-01
  5.3532367374058820E-01
  5.3558877045755671E-01
  5.3585365242134309E-01
  5.3611832009686622E-01
  5.3638276805787488E-01
  5.3664701081587007E-01
  5.3691103756724301E-01
  5.3717485210548310E-01
  5.3743844945896702E-01
  5.3770183704186880E-01
  5.3796501923199924E-01
  5.3822798796792093E-01
  5.3849074243006878E-01
  5.3875329456624765E-01
  5.3901563505056604E-01
  5.3927776709557274E-01
  5.3953969114083100E-01
  5.3980140754545458E-01
  5.4006291669711937E-01
  5.4032421900531602E-01
  5.4058531489275330E-01
  5.4084620478988099E-01
  5.4110688913134342E-01
  5.4136736835392663E-01
  5.4162764289533738E-01
  5.4188771319318474E-01
  5.4214757968467631E-01
  5.4240724121994632E-01
  5.4266670223115365E-01
  5.4292595974037428E-01
  5.4318501520963269E-01
  5.4344386909223230E-01
  5.4370252180323886E-01
  5.4396097376090335E-01
  5.4421922538635314E-01
  5.4447727710213634E-01
  5.4473512933124513E-01
  5.4499278249639660E-01
  5.4525023266647499E-01
  5.4550749016242317E-01
  5.4576454789992257E-01
  5.4602140848401859E-01
  5.4627807234967285E-01
  5.4653453981064504E-01
  5.4679081124942208E-01
  5.4704688704332871E-01
  5.4730276758572305E-01
  5.4755845327625163E-01
  5.4781394451774257E-01
  5.4806924171442628E-01
  5.4832434527105922E-01
  5.4857925559199106E-01
  5.4883397308087767E-01
  5.4908849814057525E-01
  5.4934283117260985E-01
  5.4959697257752760E-01
  5.4985092275461400E-01
  5.5010468210188590E-01
  5.5035825101595071E-01
  5.5061162989217227E-01
  5.5086481912465535E-01
  5.5111781910606694E-01
  5.5137063022792732E-01
  5.5162325288030378E-01
  5.5187568745181248E-01
  5.5212793432998075E-01
  5.5237999390088122E-01
  5.5263186654925200E-01
  5.5288355265858424E-01
  5.5313505261096818E-01
  5.5338636678717279E-01
  5.5363748989418193E-01
  5.5388843067795357E-01
  5.5413919100761977E-01
  5.5438976451577804E-01
  5.5464015458111315E-01
  5.5489036153454008E-01
  5.5514038022393319E-01
  5.5539022428492302E-01
  5.5563988294742472E-01
  5.5588935982316778E-01
  5.5613865531219109E-01
  5.5638776970316950E-01
  5.5663669785571035E-01
  5.5688545387015287E-01
  5.5713402639626497E-01
  5.5738241926509080E-01
  5.5763063289422565E-01
  5.5787866757984306E-01
  5.5812652363432291E-01
  5.5837420138525951E-01
  5.5862170116921395E-01
  5.5886902332805588E-01
  5.5911616820631704E-01
  5.5936313510876190E-01
  5.5960992664615550E-01
  5.5985654156835041E-01
  5.6010297624032990E-01
  5.6034923896080968E-01
  5.6059532710319859E-01
  5.6084123992640678E-01
  5.6108697845401523E-01
  5.6133254308219471E-01
  5.6157793406162004E-01
  5.6182315166863372E-01
  5.6206819620129389E-01
  5.6231306797063663E-01
  5.6255776729544804E-01
  5.6280229449877750E-01
  5.6304664990581377E-01
  5.6329083384256751E-01
  5.6353484663516651E-01
  5.6377868860926528E-01
  5.6402236008971041E-01
  5.6426586140054136E-01
  5.6450919286461143E-01
  5.6475235480370478E-01
  5.6499534753855607E-01
  5.6523817138858889E-01
  5.6548082667212440E-01
  5.6572331370626561E-01
  5.6596563280690659E-01
  5.6620778428881713E-01
  5.6644976846553940E-01
  5.6669158564941335E-01
  5.6693323615164348E-01
  5.6717472028217908E-01
  5.6741603834990706E-01
  5.6765719066243647E-01
  5.6789817752627914E-01
  5.6813899924680233E-01
  5.6837965612813823E-01
  5.6862014847335374E-01
  5.6886047658434746E-01
  5.6910063858175519E-01
  5.6934063962563575E-01
  5.6958047645503995E-01
  5.6982015037735689E-01
  5.7005966168431654E-01
  5.7029900542260292E-01
  5.7053818890198038E-01
  5.7077721567995832E-01
  5.7101607800739307E-01
  5.7125477946327652E-01
  5.7149332031675926E-01
  5.7173170073872137E-01
  5.7196992093731414E-01
  5.7220798114946358E-01
  5.7244587655018075E-01
  5.7268362013785645E-01
  5.7292120148077497E-01
  5.7315862402487272E-01
  5.7339588810466746E-01
  5.7363299005963109E-01
  5.7386994002812697E-01
  5.7410672979537269E-01
  5.7434336214401649E-01
  5.7457983738944329E-01
  5.7481615576229739E-01
  5.7505231306677174E-01
  5.7528831993757434E-01
  5.7552416849634613E-01
  5.7575986138507240E-01
  5.7599539889878082E-01
  5.7623078122475013E-01
  5.7646600859120445E-01
  5.7670108123280983E-01
  5.7693599939689311E-01
  5.7717076333686634E-01
  5.7740537330958142E-01
  5.7763982957353455E-01
  5.7787413238780327E-01
  5.7810828201153985E-01
  5.7834227870362009E-01
  5.7857612272227132E-01
  5.7880981432496736E-01
  5.7904335119277595E-01
  5.7927673939708879E-01
  5.7950997485586231E-01
  5.7974305906061874E-01
  5.7997599226493468E-01
  5.8020877467588072E-01
  5.8044140651381515E-01
  5.8067388800976183E-01
  5.8090621940117515E-01
  5.8113840092912994E-01
  5.8137043283668033E-01
  5.8160231536760088E-01
  5.8183404876601763E-01
  5.8206563327572269E-01
  5.8229706913992663E-01
  5.8252835660136582E-01
  5.8275949590200926E-01
  5.8299048728294178E-01
  5.8322133098450846E-01
  5.8345202724620071E-01
  5.8368257630671450E-01
  5.8391297840381240E-01
  5.8414323377440880E-01
  5.8437334265459140E-01
  5.8460330527961957E-01
  5.8483312188389691E-01
  5.8506279270094153E-01
  5.8529231796346126E-01
  5.8552169790339925E-01
  5.8575093275183066E-01
  5.8598002273889793E-01
  5.8620896306217740E-01
  5.8643776098862355E-01
  5.8666641959778287E-01
  5.8689493136523141E-01
  5.8712329974149413E-01
  5.8735152494737053E-01
  5.8757960710500456E-01
  5.8780754636852484E-01
  5.8803534291741233E-01
  5.8826299694695039E-01
  5.8849050866192198E-01
  5.8871787827275446E-01
  5.8894510599299765E-01
  5.8917219203793891E-01
  5.8939913187814275E-01
  5.8962593335496882E-01
  5.8985259689536496E-01
  5.9007911398830060E-01
  5.9030549625268980E-01
  5.9053173332787334E-01
  5.9075783418019401E-01
  5.9098379403755574E-01
  5.9120961446504094E-01
  5.9143529563266217E-01
  5.9166083767412891E-01
  5.9188624074858354E-01
  5.9211150503370558E-01
  5.9233663071867293E-01
  5.9256161799942264E-01
  5.9278646707593874E-01
  5.9301117815034565E-01
  5.9323575142597018E-01
  5.9346018710636983E-01
  5.9368448539514529E-01
  5.9390864649559083E-01
  5.9413267061057240E-01
  5.9435655794242537E-01
  5.9458030869292022E-01
  5.9480392306322016E-01
  5.9502740125373643E-01
  5.9525074346428108E-01
  5.9547394989403180E-01
  5.9569702074144759E-01
  5.9591995620436100E-01
  5.9614275647997172E-01
  5.9636542176472218E-01
  5.9658795225450612E-01
  5.9681034814451583E-01
  5.9703260962933580E-01
  5.9725473690282527E-01
  5.9747673015828751E-01
  5.9769858958836097E-01
  5.9792031538501456E-01
  5.9814190773961851E-01
  5.9836336684288971E-01
  5.9858469288493910E-01
  5.9880588605537222E-01
  5.9902694654296695E-01
  5.9924787453604778E-01
  5.9946867022222183E-01
  5.9968933378863265E-01
  5.9990986542167413E-01
  6.0013026530721703E-01
  6.0035053363049362E-01
  6.0057067057614621E-01
  6.0079067632825489E-01
  6.0101055107029588E-01
  6.0123029498521119E-01
  6.0144990825530864E-01
  6.0166938622900379E-01
  6.0188874095175282E-01
  6.0210796278376033E-01
  6.0232705482266835E-01
  6.0254601240994310E-01
  6.0276484488973336E-01
  6.0298354911595120E-01
  6.0320212285897368E-01
  6.0342056791945797E-01
  6.0363888442648173E-01
  6.0385706811965367E-01
  6.0407512953036402E-01
  6.0429306039442932E-01
  6.0451086333656678E-01
  6.0472853855464070E-01
  6.0494608615648959E-01
  6.0516350626928672E-01
  6.0538079903670994E-01
  6.0559796461274051E-01
  6.0581499876498279E-01
  6.0603190991126699E-01
  6.0624869636929557E-01
  6.0646535435642535E-01
  6.0668188615377006E-01
  6.0689829192985578E-01
  6.0711457179678985E-01
  6.0733072588407322E-01
  6.0754675433505534E-01
  6.0776265730166068E-01
  6.0797843494094805E-01
  6.0819408741514558E-01
  6.0840961488152756E-01
  6.0862501750567766E-01
  6.0884029544975560E-01
  6.0905544887670993E-01
  6.0927047794938427E-01
  6.0948538283032516E-01
  6.0970016368163737E-01
  6.0991482066504332E-01
  6.1012935394181378E-01
  6.1034376367275545E-01
  6.1055805001822672E-01
  6.1077221313809382E-01
  6.1098625319178645E-01
  6.1120017033822283E-01
  6.1141396473593124E-01
  6.1162763654281949E-01
  6.1184118591652992E-01
  6.1205461301407516E-01
  6.1226791799209079E-01
  6.1248110100673336E-01
  6.1269416221371331E-01
  6.1290710176826813E-01
  6.1311991982520198E-01
  6.1333261653890414E-01
  6.1354519206321689E-01
  6.1375764655165466E-01
  6.1396998015720616E-01
  6.1418219303241994E-01
  6.1439428532948182E-01
  6.1460625720011974E-01
  6.1481810879559096E-01
  6.1502984026671970E-01
  6.1524144856567953E-01
  6.1545294133077000E-01
  6.1566431284348300E-01
  6.1587556495851659E-01
  6.1608669794246496E-01
  6.1629771168249470E-01
  6.1650860182656397E-01
  6.1671937991834047E-01
  6.1693003649695466E-01
  6.1714057456523219E-01
  6.1735099432173290E-01
  6.1756129586004926E-01
  6.1777147928794640E-01
  6.1798154472661271E-01
  6.1819148347412356E-01
  6.1840131760865480E-01
  6.1861102891246045E-01
  6.1882062298218754E-01
  6.1903010006073800E-01
  6.1923946019252707E-01
  6.1944870344876635E-01
  6.1965782992650054E-01
  6.1986683973938894E-01
  6.2007573301120467E-01
  6.2028450987206085E-01
  6.2049317045565444E-01
  6.2070171489778014E-01
  6.2091014333551486E-01
  6.2111845590651460E-01
  6.2132665274868248E-01
  6.2153473399985959E-01
  6.2174269576664110E-01
  6.2195054606819367E-01
  6.2215828271902074E-01
  6.2236590261990909E-01
  6.2257340776327075E-01
  6.2278079828608957E-01
  6.2298807427778202E-01
  6.2319523584216963E-01
  6.2340228309459722E-01
  6.2360921615752041E-01
  6.2381603515777184E-01
  6.2402274022468096E-01
  6.2422933148909288E-01
  6.2443580908257745E-01
  6.2464217313714276E-01
  6.2484842378475802E-01
  6.2505456115734637E-01
  6.2526058538662910E-01
  6.2546649660413289E-01
  6.2567229494101784E-01
  6.2587798052819377E-01
  6.2608355349623990E-01
  6.2628901397539738E-01
  6.2649436209551068E-01
  6.2669959798612151E-01
  6.2690472177650358E-01
  6.2710973359554889E-01
  6.2731463027619250E-01
  6.2751941974911163E-01
  6.2772409593905376E-01
  6.2792866078775722E-01
  6.2813311444792419E-01
  6.2833745700097943E-01
  6.2854168854127201E-01
  6.2874580917480016E-01
  6.2894981901472613E-01
  6.2915371817878651E-01
  6.2935750678740165E-01
  6.2956118496249636E-01
  6.2976475282674915E-01
  6.2996821050328056E-01
  6.3017155811540104E-01
  6.3037479578631594E-01
  6.3057792363901766E-01
  6.3078094179642119E-01
  6.3098385038119209E-01
  6.3118664512542155E-01
