  0.0000000000000000E+00
  7.8324544629470135E-06
  1.5421697412537599E-05
  2.3301602194653558E-05
  3.1220170624276910E-05
  3.9165297457813828E-05
  4.7146210732610194E-05
  5.5159439572131663E-05
  6.3203865776695030E-05
  7.1273563732285631E-05
  7.9367619289401594E-05
  8.7488585149413854E-05
  9.5646497430852936E-05
  1.0380976799622377E-04
  1.1200587820127228E-04
  1.2022702266353952E-04
  1.2846266663454163E-04
  1.3672567334928901E-04
  1.4499848918897443E-04
  1.5329685356382932E-04
  1.6160708943349891E-04
  1.6994152675641226E-04
  1.7829017589929784E-04
  1.8665080472006417E-04
  1.9503183217407379E-04
  2.0342201942239908E-04
  2.1183474969256152E-04
  2.2025081440507608E-04
  2.2868704851095910E-04
  2.3713570965621227E-04
  2.4558665668481043E-04
  2.5406074396183947E-04
  2.6254629685325536E-04
  2.7103101957279664E-04
  2.7953490058577578E-04
  2.8804432235442359E-04
  2.9656199858880202E-04
  3.0508970933308032E-04
  3.1362498723848972E-04
  3.2217170222735466E-04
  3.3072071727781782E-04
  3.3927886243809179E-04
  3.4785135376085100E-04
  3.5642888235055037E-04
  3.6500762620882360E-04
  3.7360089088303924E-04
  3.8219203069832756E-04
  3.9079234295904777E-04
  3.9939886894900799E-04
  4.0800927237157167E-04
  4.1663031769139042E-04
  4.2525247079298694E-04
  4.3387410895406311E-04
  4.4250615332390409E-04
  4.5114132768784312E-04
  4.5977980952261068E-04
  4.6843301498884321E-04
  4.7707795350019499E-04
  4.8572943516857198E-04
  4.9438775977136333E-04
  5.0304742372868935E-04
  5.1171126375734407E-04
  5.2037204953091286E-04
  5.2904633875467679E-04
  5.3772001563897037E-04
  5.4640228766493959E-04
  5.5507602132065991E-04
  5.6375519273986008E-04
  5.7244619550612225E-04
  5.8113210233862742E-04
  5.8981939099568136E-04
  5.9851568503158082E-04
  6.0721091149901760E-04
  6.1591387980105855E-04
  6.2460496749509409E-04
  6.3330804690518835E-04
  6.4202005316350060E-04
  6.5072071108080744E-04
  6.5943246558352187E-04
  6.6813872016948403E-04
  6.7685447863536665E-04
  6.8556853262248399E-04
  6.9427697055894839E-04
  7.0300367970788839E-04
  7.1171606625498158E-04
  7.2043223175976754E-04
  7.2915840627859729E-04
  7.3787633211202337E-04
  7.4660854527465860E-04
  7.5533219354485955E-04
  7.6405544182198387E-04
  7.7278541705117128E-04
  7.8151524008380211E-04
  7.9024651694926127E-04
  7.9898315961955202E-04
  8.0771402346133201E-04
  8.1644866570587205E-04
  8.2519186091618596E-04
  8.3392285308915115E-04
  8.4267307591166254E-04
  8.5140471479928492E-04
  8.6014456340407098E-04
  8.6888995844824500E-04
  8.7763696529048936E-04
  8.8637660833368380E-04
  8.9511974805665687E-04
  9.0386508309743736E-04
  9.1261552523700707E-04
  9.2136322449609383E-04
  9.3011316130546539E-04
  9.3885509552255335E-04
  9.4761443468633700E-04
  9.5636189482337704E-04
  9.6512054366995311E-04
  9.7385988632424998E-04
  9.8262464551286807E-04
  9.9137658722523673E-04
  1.0001416607269250E-03
  1.0088899539361133E-03
  1.0176486498004141E-03
  1.0264089323760309E-03
  1.0351729248850746E-03
  1.0439264043786921E-03
  1.0526893190523046E-03
  1.0614474216166145E-03
  1.0702132437295810E-03
  1.0789821833133864E-03
  1.0877453781656867E-03
  1.0965134082191867E-03
  1.1052828791676395E-03
  1.1140405545861842E-03
  1.1228156367890135E-03
  1.1315683240865717E-03
  1.1403424325100691E-03
  1.1491164489213640E-03
  1.1578792173740048E-03
  1.1666660452790199E-03
  1.1754255944742887E-03
  1.1842065043143747E-03
  1.1929767905295421E-03
  1.2017416220767194E-03
  1.2105291266163909E-03
  1.2192961384955392E-03
  1.2280774652644615E-03
  1.2368538825281951E-03
  1.2456266344677740E-03
  1.2544186052930214E-03
  1.2631917121135544E-03
  1.2719709801066929E-03
  1.2807544793345688E-03
  1.2895329222008792E-03
  1.2983152314221772E-03
  1.3070948669357441E-03
  1.3158743085729628E-03
  1.3246643900129077E-03
  1.3334486772171490E-03
  1.3422249832868423E-03
  1.3510132536772633E-03
  1.3597989251535165E-03
  1.3685818823104463E-03
  1.3773798609600070E-03
  1.3861623312833359E-03
  1.3949542894051805E-03
  1.4037462963396516E-03
  1.4125260790086094E-03
  1.4213223367853019E-03
  1.4301159467823008E-03
  1.4389127363903396E-03
  1.4477036661711480E-03
  1.4564923036794312E-03
  1.4652895641734465E-03
  1.4740800468754402E-03
  1.4828751484086205E-03
  1.4916730044730101E-03
  1.5004632667390931E-03
  1.5092666162164735E-03
  1.5180640782623499E-03
  1.5268616920527897E-03
  1.5356631316901770E-03
  1.5444697805086329E-03
  1.5532645385321784E-03
  1.5620561799731447E-03
  1.5708653794840215E-03
  1.5796700960664489E-03
  1.5884645844638093E-03
  1.5972635132379071E-03
  1.6060634141020294E-03
  1.6148776358684792E-03
  1.6236813956808625E-03
  1.6324810616979825E-03
  1.6412955838631335E-03
  1.6501004093698308E-03
  1.6589061513875062E-03
  1.6677210147573915E-03
  1.6765303819618856E-03
  1.6853448186218637E-03
  1.6941537581524160E-03
  1.7029586029645193E-03
  1.7117780828894893E-03
  1.7205889270771229E-03
  1.7293938200891187E-03
  1.7382085462027371E-03
  1.7470188520189072E-03
  1.7558350688617369E-03
  1.7646433161278131E-03
  1.7734579840723592E-03
  1.7822775514456854E-03
  1.7910998951994935E-03
  1.7999132054364914E-03
  1.8087251509628019E-03
  1.8175404428752815E-03
  1.8263681223623725E-03
  1.8351926838524903E-03
  1.8440048062811955E-03
  1.8528272328177998E-03
  1.8616438377503295E-03
  1.8704724968209763E-03
  1.8793014840712693E-03
  1.8881143461886218E-03
  1.8969304764207022E-03
  1.9057657050851854E-03
  1.9145853099666070E-03
  1.9234088270014007E-03
  1.9322357508661085E-03
  1.9410555058385290E-03
  1.9498849792212510E-03
  1.9587226265001022E-03
  1.9675392548163945E-03
  1.9763645052342437E-03
  1.9852001888999867E-03
  1.9940292656251508E-03
  2.0028525194848257E-03
  2.0116872614155839E-03
  2.0205183196540595E-03
  2.0293470178994375E-03
  2.0381814005547140E-03
  2.0470101455220707E-03
  2.0558362106361796E-03
  2.0646746388045161E-03
  2.0735109970626731E-03
  2.0823461291578477E-03
  2.0911796388295347E-03
  2.1000114510478581E-03
  2.1088498168925821E-03
  2.1176940455871528E-03
  2.1265303892653072E-03
  2.1353655277251533E-03
  2.1441968509367131E-03
  2.1530340274094474E-03
  2.1618700080431943E-03
  2.1707116275198647E-03
  2.1795496952332068E-03
  2.1883894458327772E-03
  2.1972287092719553E-03
  2.2060722803678768E-03
  2.2149107694660604E-03
  2.2237483242570238E-03
  2.2325965559991338E-03
  2.2414430573411805E-03
  2.2502794625006428E-03
  2.2591191769197080E-03
  2.2679685511725342E-03
  2.2768086229596404E-03
  2.2856579009656610E-03
  2.2945078045276167E-03
  2.3033605230298048E-03
  2.3121945327513535E-03
  2.3210391123931265E-03
  2.3298918317067787E-03
  2.3387373461298245E-03
  2.3475825973991969E-03
  2.3564324340128295E-03
  2.3652888253000242E-03
  2.3741357950736400E-03
  2.3829812535295742E-03
  2.3918318540189108E-03
  2.4006895060971296E-03
  2.4095400787164704E-03
  2.4183933599495611E-03
  2.4272431733199512E-03
  2.4361048475903743E-03
  2.4449475854154178E-03
  2.4537922464936070E-03
  2.4626502713995507E-03
  2.4715096145102940E-03
  2.4803619114360594E-03
  2.4892087451980753E-03
  2.4980675562376888E-03
  2.5069317981383354E-03
  2.5157810008916504E-03
  2.5246300856393666E-03
  2.5334883462368638E-03
  2.5423523489872782E-03
  2.5512079011564799E-03
  2.5600627392337871E-03
  2.5689256612098938E-03
  2.5777837416425973E-03
  2.5866364503837310E-03
  2.5954948026717457E-03
  2.6043634283282311E-03
  2.6132255823382270E-03
  2.6220797236923984E-03
  2.6309376267312943E-03
  2.6398023836139229E-03
  2.6486615433638527E-03
  2.6575241705859669E-03
  2.6663895567011387E-03
  2.6753177757048250E-03
  2.6842414798850175E-03
  2.6931722149479771E-03
  2.7021033275256671E-03
  2.7110215141785232E-03
  2.7199351512229844E-03
  2.7288625660700466E-03
  2.7377943954650713E-03
  2.7467177740317472E-03
  2.7556323196751584E-03
  2.7645546849738470E-03
  2.7734827090576991E-03
  2.7824003625669378E-03
  2.7913281858487110E-03
  2.8002502522505089E-03
  2.8091638061482102E-03
  2.8180793984313415E-03
  2.8269976129462280E-03
  2.8359262262047384E-03
  2.8448477278319624E-03
  2.8537641695936000E-03
  2.8626814584888109E-03
  2.8715991068727345E-03
  2.8805221808097820E-03
  2.8894377920641754E-03
  2.8983565645065395E-03
  2.9072736675640619E-03
  2.9161847693637360E-03
  2.9251030943216552E-03
  2.9340189967234894E-03
  2.9429356111175834E-03
  2.9518554770819787E-03
  2.9607635025485396E-03
  2.9696802518298674E-03
  2.9785969745726700E-03
  2.9875169441671099E-03
  2.9964372287547545E-03
  3.0053558900923331E-03
  3.0142642157182211E-03
  3.0231806769948195E-03
  3.0320907441786539E-03
  3.0410087906183941E-03
  3.0499282359164803E-03
  3.0588401694025026E-03
  3.0677549033561874E-03
  3.0766630597937957E-03
  3.0855725171254505E-03
  3.0944916121662725E-03
  3.1034153001014606E-03
  3.1123248817251591E-03
  3.1212311474784695E-03
  3.1301363575099135E-03
  3.1390524126517993E-03
  3.1479677965886681E-03
  3.1568801108246558E-03
  3.1657945958257962E-03
  3.1747120069438484E-03
  3.1836159525948740E-03
  3.1925213028453571E-03
  3.2014349184565920E-03
  3.2103530365379927E-03
  3.2192595605555637E-03
  3.2281668414203732E-03
  3.2370737273077410E-03
  3.2459884832289564E-03
  3.2549042563261759E-03
  3.2638090579327123E-03
  3.2727185640208266E-03
  3.2816393525044638E-03
  3.2905565836053910E-03
  3.2994556556218933E-03
  3.3083620690293599E-03
  3.3172691558346133E-03
  3.3261832425877432E-03
  3.3350943067095946E-03
  3.3440047921843730E-03
  3.3529149210551894E-03
  3.3618243361333297E-03
  3.3707333842478123E-03
  3.3796448465594647E-03
  3.3885575993542025E-03
  3.3974787794246166E-03
  3.4063897696503549E-03
  3.4152882727965660E-03
  3.4241906755171311E-03
  3.4331012114107154E-03
  3.4420157620601625E-03
  3.4509303469647005E-03
  3.4598377080661924E-03
  3.4687480536240091E-03
  3.4776597402066734E-03
  3.4865691897604887E-03
  3.4954824040761790E-03
  3.5043957929920184E-03
  3.5133081892126145E-03
  3.5222094307205999E-03
  3.5311156747098076E-03
  3.5400219248094013E-03
  3.5489294123438289E-03
  3.5578453346781004E-03
  3.5667553124313846E-03
  3.5756698347457708E-03
  3.5845852156878009E-03
  3.5934995593222513E-03
  3.6024093515640257E-03
  3.6113172435559091E-03
  3.6202228517932893E-03
  3.6291252553373688E-03
  3.6380306635275584E-03
  3.6469422683766306E-03
  3.6558583728636086E-03
  3.6647758035536064E-03
  3.6736859793867972E-03
  3.6825892963743049E-03
  3.6914984373451329E-03
  3.7004094076176016E-03
  3.7093257749935518E-03
  3.7182394226037917E-03
  3.7271446185010992E-03
  3.7360497149576235E-03
  3.7449532741949802E-03
  3.7538653998747834E-03
  3.7627765899875851E-03
  3.7716864352510594E-03
  3.7806002575527455E-03
  3.7895131223252103E-03
  3.7984325555608135E-03
  3.8073403377062629E-03
  3.8162395002341782E-03
  3.8251485513825104E-03
  3.8340575605612282E-03
  3.8429728447824003E-03
  3.8518827678965715E-03
  3.8607938310472397E-03
  3.8697105761652450E-03
  3.8786273614263051E-03
  3.8875417321828074E-03
  3.8964446662565827E-03
  3.9053449345458876E-03
  3.9142553190451880E-03
  3.9231681495100713E-03
  3.9320907894734554E-03
  3.9410072677256418E-03
  3.9499149910071779E-03
  3.9588247739697109E-03
  3.9677354166670975E-03
  3.9766539078319374E-03
  3.9855696757717758E-03
  3.9944821281194063E-03
  4.0033958362348685E-03
  4.0123057277319726E-03
  4.0212186674995903E-03
  4.0301304144271452E-03
  4.0390453976716038E-03
  4.0479596077492705E-03
  4.0568678710172328E-03
  4.0657777979350518E-03
  4.0746907141871692E-03
  4.0836083666047204E-03
  4.0925277666391344E-03
  4.1014384033497024E-03
  4.1103515695047150E-03
  4.1192622265941985E-03
  4.1281796767583083E-03
  4.1370929693342060E-03
  4.1460017920588246E-03
  4.1549134267604955E-03
  4.1638297072822371E-03
  4.1727440752957349E-03
  4.1816554022689771E-03
  4.1905667887787096E-03
  4.1994786309710623E-03
  4.2083965624817405E-03
  4.2173218107365721E-03
  4.2262449008867616E-03
  4.2351536922024388E-03
  4.2440644309938566E-03
  4.2529791482730107E-03
  4.2618927179328813E-03
  4.2708155693533785E-03
  4.2797351482799385E-03
  4.2886461957205189E-03
  4.2975557801299101E-03
  4.3064694070050315E-03
  4.3153891772765313E-03
  4.3243100091923791E-03
  4.3332282475477199E-03
  4.3421418041655500E-03
  4.3510626250801701E-03
  4.3599822239947213E-03
  4.3688953905151274E-03
  4.3778092175334347E-03
  4.3867289725519464E-03
  4.3956427447665201E-03
  4.4045656767801068E-03
  4.4134846114076108E-03
  4.4223932986008092E-03
  4.4313052437963798E-03
  4.4402260199718274E-03
  4.4491444145406036E-03
  4.4580629570462101E-03
  4.4669820912576780E-03
  4.4759048428168521E-03
  4.4848206874987476E-03
  4.4937448653548980E-03
  4.5026629741531767E-03
  4.5115702142975314E-03
  4.5204852284850506E-03
  4.5294104876195838E-03
  4.5383403628030845E-03
  4.5472584971184603E-03
  4.5561749036722062E-03
  4.5650875493430908E-03
  4.5740047262797737E-03
  4.5829306968162998E-03
  4.5918581167882682E-03
  4.6007767809007147E-03
  4.6096949576117591E-03
  4.6186100806859670E-03
  4.6275268384653005E-03
  4.6364459710924429E-03
  4.6453672924666395E-03
  4.6542885814216993E-03
  4.6632120603084318E-03
  4.6721377060026693E-03
  4.6810514880673481E-03
  4.6899612242100692E-03
  4.6988751579988865E-03
  4.7077991929391520E-03
  4.7167314867417182E-03
  4.7256591856056334E-03
  4.7345815009593633E-03
  4.7434975781943901E-03
  4.7524136809695937E-03
  4.7613396189211373E-03
  4.7702679110644148E-03
  4.7791932012057328E-03
  4.7881167934825438E-03
  4.7970336660865696E-03
  4.8059567947017412E-03
  4.8148789158882783E-03
  4.8237990704478734E-03
  4.8327263631411290E-03
  4.8416521198047374E-03
  4.8505800876853722E-03
  4.8595103147897091E-03
  4.8684335745560704E-03
  4.8773557856986796E-03
  4.8862784472499038E-03
  4.8952004353146981E-03
  4.9041262084402190E-03
  4.9130438967558048E-03
  4.9219686459372677E-03
  4.9308904493594085E-03
  4.9398137548271387E-03
  4.9487410095364094E-03
  4.9576673394158173E-03
  4.9665929001902476E-03
  4.9755182604518076E-03
  4.9844471036143969E-03
  4.9933731095381422E-03
  5.0022983140407115E-03
  5.0112205855092169E-03
  5.0201449673493732E-03
  5.0290748251500227E-03
  5.0380035121688231E-03
  5.0469307364828173E-03
  5.0558560094463457E-03
  5.0647837395364041E-03
  5.0737125390480364E-03
  5.0826445824219820E-03
  5.0915650790284116E-03
  5.1004870476423787E-03
  5.1094107731649088E-03
  5.1183385374630819E-03
  5.1272673925000442E-03
  5.1362018159363679E-03
  5.1451363442318815E-03
  5.1540642481549461E-03
  5.1629934470742902E-03
  5.1719258146044672E-03
  5.1808549182927131E-03
  5.1897865070009725E-03
  5.1987077771636896E-03
  5.2076322463529400E-03
  5.2165582691329941E-03
  5.2254908004534693E-03
  5.2344227292041075E-03
  5.2433581239251193E-03
  5.2522864176102390E-03
  5.2612196664512632E-03
  5.2701501624934817E-03
  5.2790745323567333E-03
  5.2880009247823819E-03
  5.2969328690844093E-03
  5.3058602156569878E-03
  5.3147931166007941E-03
  5.3237262778065781E-03
  5.3326623990005897E-03
  5.3415961364901322E-03
  5.3505279524969215E-03
  5.3594518878859075E-03
  5.3683793406769228E-03
  5.3773164631773351E-03
  5.3862542359662769E-03
  5.3951888442086504E-03
  5.4041126869649380E-03
  5.4130364789311035E-03
  5.4219675536604272E-03
  5.4309065232217542E-03
  5.4398470037662098E-03
  5.4487852617674595E-03
  5.4577140303074369E-03
  5.4666465041579692E-03
  5.4755775902077548E-03
  5.4845133920665250E-03
  5.4934489207095101E-03
  5.5023850580314939E-03
  5.5113172856722827E-03
  5.5202492395795260E-03
  5.5291801100864901E-03
  5.5381149075529271E-03
  5.5470483095085878E-03
  5.5559799585027112E-03
  5.5649117363731487E-03
  5.5738495595586343E-03
  5.5827830179871162E-03
  5.5917558277958010E-03
  5.6007316061481120E-03
  5.6097021124387669E-03
  5.6186710658475518E-03
  5.6276442488763156E-03
  5.6366216786660848E-03
  5.6455913937116433E-03
  5.6545641178791291E-03
  5.6635375990500992E-03
  5.6725005185082108E-03
  5.6814657881348457E-03
  5.6904382446769262E-03
  5.6994125211997397E-03
  5.7083835588256308E-03
  5.7173555402401863E-03
  5.7263306641784310E-03
  5.7352974500144054E-03
  5.7442626403794213E-03
  5.7532328316427621E-03
  5.7622036992100879E-03
  5.7711682007031305E-03
  5.7801328780117825E-03
  5.7890954458948438E-03
  5.7980657273824293E-03
  5.8070410835051435E-03
  5.8160190595929057E-03
  5.8249931467270338E-03
  5.8339584135755325E-03
  5.8429218063683099E-03
  5.8518903100947730E-03
  5.8608660426875065E-03
  5.8698389864786206E-03
  5.8788054846611679E-03
  5.8877689069777089E-03
  5.8967380635584227E-03
  5.9057051080275242E-03
  5.9146744299213849E-03
  5.9236385352088635E-03
  5.9326033599717155E-03
  5.9415714274482102E-03
  5.9505417125041539E-03
  5.9595140462739751E-03
  5.9684852651118222E-03
  5.9774520623597609E-03
  5.9864192179013773E-03
  5.9953848725037987E-03
  6.0043521841132248E-03
  6.0133242048697882E-03
  6.0222875048092832E-03
  6.0312446603918374E-03
  6.0402067104187857E-03
  6.0491709543095242E-03
  6.0581416815113668E-03
  6.0671197733751930E-03
  6.0760999720274036E-03
  6.0850720224131221E-03
  6.0940378238952039E-03
  6.1029933911455562E-03
  6.1119532630688426E-03
  6.1209188437892437E-03
  6.1298889747121877E-03
  6.1388597246922081E-03
  6.1478333181082612E-03
  6.1567997949041496E-03
  6.1657664568044879E-03
  6.1747294804181656E-03
  6.1836980544574737E-03
  6.1926639802975707E-03
  6.2016329949627896E-03
  6.2106058019388054E-03
  6.2195690552404714E-03
  6.2285305710206764E-03
  6.2374977601968888E-03
  6.2464638612022795E-03
  6.2554309122245704E-03
  6.2644047620160305E-03
  6.2733771872670180E-03
  6.2823469613466250E-03
  6.2913146399031644E-03
  6.3002735381817165E-03
  6.3092401316439707E-03
  6.3182147262518442E-03
  6.3271790453199219E-03
  6.3361446580186996E-03
  6.3451140370875741E-03
  6.3540781272903614E-03
  6.3630412849297689E-03
  6.3720037012226756E-03
  6.3809677068052822E-03
  6.3899345662128256E-03
  6.3989071761869380E-03
  6.4078778317567192E-03
  6.4168480864586451E-03
  6.4258208827859594E-03
  6.4347879176913066E-03
  6.4437488375226728E-03
  6.4527154983427606E-03
  6.4616838755754240E-03
  6.4706546272069653E-03
  6.4796302757691724E-03
  6.4886047286613017E-03
  6.4975732300924637E-03
  6.5065356566631639E-03
  6.5154937554727094E-03
  6.5244538224690134E-03
  6.5334191969599435E-03
  6.5423902507489367E-03
  6.5513651955333985E-03
  6.5603389804340956E-03
  6.5692982277642557E-03
  6.5782572615511485E-03
  6.5872198941335953E-03
  6.5961844146407919E-03
  6.6051567286464731E-03
  6.6141293145997844E-03
  6.6231030401427051E-03
  6.6320782585978033E-03
  6.6410458384069705E-03
  6.6500102375781547E-03
  6.6589734845946009E-03
  6.6679413312938918E-03
  6.6769057117397248E-03
  6.6858731457159846E-03
  6.6948465328817344E-03
  6.7038233102341156E-03
  6.7127952495959296E-03
  6.7217690018632377E-03
  6.7307384803598240E-03
  6.7396979221067636E-03
  6.7486618727976063E-03
  6.7576247001987864E-03
  6.7665915945924124E-03
  6.7755581011442910E-03
  6.7845280382970935E-03
  6.7934904995642573E-03
  6.8024509994568340E-03
  6.8114168958174869E-03
  6.8203880607651864E-03
  6.8293645803375715E-03
  6.8383442368436737E-03
  6.8473179578554281E-03
  6.8562820524394668E-03
  6.8652494697303704E-03
  6.8742155358597666E-03
  6.8831841251673813E-03
  6.8921553254773825E-03
  6.9011286961985800E-03
  6.9100943514545836E-03
  6.9190562251232454E-03
  6.9280191347418727E-03
  6.9369882784745783E-03
  6.9459573617970350E-03
  6.9549253368785726E-03
  6.9638938941344875E-03
  6.9728584108821531E-03
  6.9818242431140794E-03
  6.9907932002137687E-03
  6.9997655814269602E-03
  7.0087400573697290E-03
  7.0177159227768167E-03
  7.0266890008552985E-03
  7.0356567965604265E-03
  7.0446207499487278E-03
  7.0535896039675859E-03
  7.0625611264702104E-03
  7.0715342727459716E-03
  7.0805028373140478E-03
  7.0894748812017237E-03
  7.0984440535119282E-03
  7.1074066793626765E-03
  7.1163746360350336E-03
  7.1253468497843829E-03
  7.1343215145988938E-03
  7.1432889498659795E-03
  7.1522590807419472E-03
  7.1612343864221632E-03
  7.1702050246207349E-03
  7.1791789735284346E-03
  7.1881551398319679E-03
  7.1971292100491266E-03
  7.2061010249387528E-03
  7.2150691582140809E-03
  7.2240414174017317E-03
  7.2330082765770486E-03
  7.2419796461459978E-03
  7.2509512348253088E-03
  7.2599216508361644E-03
  7.2688942685860741E-03
  7.2778946823558966E-03
  7.2868949223149756E-03
  7.2958891382257736E-03
  7.3048834124512709E-03
  7.3138811137906240E-03
  7.3228789677423764E-03
  7.3318751842396659E-03
  7.3408721776015958E-03
  7.3498746417084270E-03
  7.3588766857586203E-03
  7.3678714250715888E-03
  7.3768712309360916E-03
  7.3858676313593398E-03
  7.3948644573231942E-03
  7.4038586235602704E-03
  7.4128590867068430E-03
  7.4218589443042623E-03
  7.4308548928076895E-03
  7.4398532950649549E-03
  7.4488523931791548E-03
  7.4578565229695068E-03
  7.4668586939951086E-03
  7.4758550254065501E-03
  7.4848485677788366E-03
  7.4938439365769991E-03
  7.5028384159831710E-03
  7.5118355539194525E-03
  7.5208343166633706E-03
  7.5298305866590663E-03
  7.5388292201316607E-03
  7.5478226575275212E-03
  7.5568212282947694E-03
  7.5658208589363812E-03
  7.5748154460846557E-03
  7.5838106961787031E-03
  7.5928083216560893E-03
  7.6017994014483097E-03
  7.6107910725871260E-03
  7.6197830692734878E-03
  7.6287783443525761E-03
  7.6377739094300248E-03
  7.6467714876821734E-03
  7.6557725829437930E-03
  7.6647757130339240E-03
  7.6737716783217653E-03
  7.6827678588056222E-03
  7.6917662300207681E-03
  7.7007645386406570E-03
  7.7097562144877200E-03
  7.7187492678277118E-03
  7.7277452669002695E-03
  7.7367420870194598E-03
  7.7457408201630209E-03
  7.7547407173224189E-03
  7.7637414521129098E-03
  7.7727359921470557E-03
  7.7817279568217499E-03
  7.7907225452949593E-03
  7.7997149576703928E-03
  7.8087076858882800E-03
  7.8177032812137438E-03
  7.8267048361671011E-03
  7.8357058821792169E-03
  7.8446949739247492E-03
  7.8536847866458315E-03
  7.8626751543493904E-03
  7.8716608996948646E-03
  7.8806543316096173E-03
  7.8896533380426945E-03
  7.8986602035036949E-03
  7.9076665037842858E-03
  7.9166670902852156E-03
  7.9256614656442754E-03
  7.9346495677216737E-03
  7.9436400917042294E-03
  7.9526336711307800E-03
  7.9616303470326378E-03
  7.9706272516339403E-03
  7.9796224781242542E-03
  7.9886204432485994E-03
  7.9976140359682060E-03
  8.0066107855935910E-03
  8.0156048098974034E-03
  8.0246014272121000E-03
  8.0335984125374134E-03
  8.0425980083122222E-03
  8.0515936753416412E-03
  8.0605859464292235E-03
  8.0695756395338311E-03
  8.0785707263230696E-03
  8.0875679806336476E-03
  8.0965641123034483E-03
  8.1055600092220358E-03
  8.1145585612210427E-03
  8.1235518916086512E-03
  8.1325492812263905E-03
  8.1415481706134107E-03
  8.1505454571411274E-03
  8.1595420641416751E-03
  8.1685336765039956E-03
  8.1775284807998425E-03
  8.1865214189180899E-03
  8.1955122074111163E-03
  8.2045041096369953E-03
  8.2134991841901431E-03
  8.2224931963961381E-03
  8.2314894401586541E-03
  8.2404895567178300E-03
  8.2494873182670670E-03
  8.2584881781872094E-03
  8.2674829497918646E-03
  8.2764756467607337E-03
  8.2854667593554587E-03
  8.2944607801182808E-03
  8.3034528428120122E-03
  8.3124521992627761E-03
  8.3214517134927134E-03
  8.3304496072370369E-03
  8.3394481611428709E-03
  8.3484420513643774E-03
  8.3574338756016945E-03
  8.3664275939166304E-03
  8.3754177150317747E-03
  8.3844101769150834E-03
  8.3934019695398251E-03
  8.4024002181465173E-03
  8.4113959196191364E-03
  8.4203938572466434E-03
  8.4293875720820675E-03
  8.4383868140884416E-03
  8.4473849097677876E-03
  8.4563807207069484E-03
  8.4653769466717932E-03
  8.4743697865926979E-03
  8.4833605195567176E-03
  8.4923582553464196E-03
  8.5013540532729494E-03
  8.5103478476716617E-03
  8.5193387374210023E-03
  8.5283318512737738E-03
  8.5373219666406569E-03
  8.5463168481415830E-03
  8.5553155631592510E-03
  8.5643188457988732E-03
  8.5733217499472710E-03
  8.5823244727574900E-03
  8.5913166362933269E-03
  8.6003081697916921E-03
  8.6092981301628471E-03
  8.6182943286075668E-03
  8.6272916437340232E-03
  8.6362953417398070E-03
  8.6452965959135462E-03
  8.6542964400122338E-03
  8.6632926955476156E-03
  8.6722854881284978E-03
  8.6812729165360539E-03
  8.6902639015021960E-03
  8.6992571799698014E-03
  8.7082578256644973E-03
  8.7172564080189516E-03
  8.7262571404792162E-03
  8.7352519529483186E-03
  8.7442488381649693E-03
  8.7532469018871805E-03
  8.7622456503311155E-03
  8.7712379192439009E-03
  8.7802364715223128E-03
  8.7892319779223245E-03
  8.7982299119814724E-03
  8.8072273703483587E-03
  8.8162256806381522E-03
  8.8252237788864884E-03
  8.8342256842022966E-03
  8.8432215296430691E-03
  8.8522213148133026E-03
  8.8612119206628228E-03
  8.8702076468986733E-03
  8.8792020116729604E-03
  8.8882014968529825E-03
  8.8971986269064419E-03
  8.9062044968662851E-03
  8.9152095752444375E-03
  8.9242121665932192E-03
  8.9332005991931539E-03
  8.9421945085995606E-03
  8.9511885031929288E-03
  8.9601846946057110E-03
  8.9691785461882192E-03
  8.9781753399635310E-03
  8.9871733362025027E-03
  8.9961738184914947E-03
  9.0051730341921821E-03
  9.0141713520919247E-03
  9.0231669885996423E-03
  9.0321684449375678E-03
  9.0411658513840417E-03
  9.0501672243627936E-03
  9.0591614109412043E-03
  9.0681577053759958E-03
  9.0771505106508853E-03
  9.0861485924297533E-03
  9.0951434948087686E-03
  9.1041445185312576E-03
  9.1131419504229365E-03
  9.1221425093255155E-03
  9.1311384977352771E-03
  9.1401378582072097E-03
  9.1491330579137001E-03
  9.1581336674354495E-03
  9.1671605135479756E-03
  9.1761901721663409E-03
  9.1852109610878110E-03
  9.1942316827449914E-03
  9.2032511654318271E-03
  9.2122721697870513E-03
  9.2212878186654842E-03
  9.2303109180621682E-03
  9.2393362276691569E-03
  9.2483673534344453E-03
  9.2573892774676664E-03
  9.2664063787091817E-03
  9.2754252922381489E-03
  9.2844486994400569E-03
  9.2934674241348623E-03
  9.3024923137571078E-03
  9.3115173982035986E-03
  9.3205489186530335E-03
  9.3295731375279724E-03
  9.3386016986911694E-03
  9.3476230989024967E-03
  9.3566447708639498E-03
  9.3656650371838884E-03
  9.3746856901674898E-03
  9.3837085411140712E-03
  9.3927300019339688E-03
  9.4017447256175540E-03
  9.4107632617631207E-03
  9.4197870885976559E-03
  9.4288067355831531E-03
  9.4378264950761882E-03
  9.4468446996624732E-03
  9.4558671696227774E-03
  9.4648911630714986E-03
  9.4739101775303952E-03
  9.4829297449050155E-03
  9.4919549182140538E-03
  9.5009791273628647E-03
  9.5100003076354130E-03
  9.5190179833110483E-03
  9.5280391370172936E-03
  9.5370607903990205E-03
  9.5460804610681127E-03
  9.5551033651532224E-03
  9.5641289473068908E-03
  9.5731516836042255E-03
  9.5821776706894006E-03
  9.5912035535538551E-03
  9.6002258760730323E-03
  9.6092428975296535E-03
  9.6182512782424946E-03
  9.6272646456182203E-03
  9.6362839988221351E-03
  9.6453055187236698E-03
  9.6543316142999117E-03
  9.6633623449509150E-03
  9.6723934940699426E-03
  9.6814196305990696E-03
  9.6904450164066631E-03
  9.6994681378909740E-03
  9.7084867414170446E-03
  9.7175017356495915E-03
  9.7265138888698761E-03
  9.7355317771378163E-03
  9.7445543213780100E-03
  9.7535763536196231E-03
  9.7625921437918296E-03
  9.7716102029978130E-03
  9.7806312256319104E-03
  9.7896499439107786E-03
  9.7986719241692759E-03
  9.8076981927919787E-03
  9.8167290895784173E-03
  9.8257597332277475E-03
  9.8347755949066088E-03
  9.8437869293310359E-03
  9.8528025462958375E-03
  9.8618177210167031E-03
  9.8708331996306894E-03
  9.8798470323193735E-03
  9.8888635343010404E-03
  9.8978824537514672E-03
  9.9069221206859737E-03
  9.9159647369642945E-03
  9.9250094648005195E-03
  9.9340510240128396E-03
  9.9430942223793471E-03
  9.9521367939897770E-03
  9.9611815617983105E-03
  9.9702267571120783E-03
  9.9792642695002917E-03
  9.9883027230671297E-03
  9.9973424461719702E-03
  1.0006379472409168E-02
  1.0015418994151483E-02
  1.0024460636191331E-02
  1.0033506900638279E-02
  1.0042555360240455E-02
  1.0051602408286399E-02
  1.0060645070298767E-02
  1.0069682911674007E-02
  1.0078719878004624E-02
  1.0087756129547281E-02
  1.0096792568060776E-02
  1.0105828516870216E-02
  1.0114865836914530E-02
  1.0123903638163668E-02
  1.0132943768790245E-02
  1.0141980449566662E-02
  1.0151019306951668E-02
  1.0160059034659569E-02
  1.0169099315120412E-02
  1.0178136342302243E-02
  1.0187174321691292E-02
  1.0196209548032766E-02
  1.0205246969928562E-02
  1.0214277975952786E-02
  1.0223307568827668E-02
  1.0232342027872340E-02
  1.0241376980661026E-02
  1.0250413652226214E-02
  1.0259444242853027E-02
  1.0268471381346019E-02
  1.0277502668143283E-02
  1.0286534487393613E-02
  1.0295565517106333E-02
  1.0304600876408809E-02
  1.0313641087470392E-02
  1.0322681007551401E-02
  1.0331722628915565E-02
  1.0340763289181740E-02
  1.0349796429566760E-02
  1.0358821914072299E-02
  1.0367849447925896E-02
  1.0376879414023715E-02
  1.0385911578907416E-02
  1.0394948161237516E-02
  1.0403988357365345E-02
  1.0413027321291700E-02
  1.0422065790115610E-02
  1.0431099348843656E-02
  1.0440124850580702E-02
  1.0449153693435834E-02
  1.0458180367464300E-02
  1.0467205146579582E-02
  1.0476235989627422E-02
  1.0485269542711168E-02
  1.0494302136481004E-02
  1.0503336311358908E-02
  1.0512374703810239E-02
  1.0521412801757165E-02
  1.0530443470470168E-02
  1.0539469272091833E-02
  1.0548493532219488E-02
  1.0557519335018620E-02
  1.0566541623755123E-02
  1.0575566965633375E-02
  1.0584597566489985E-02
  1.0593631927267054E-02
  1.0602665000515437E-02
  1.0611696092621825E-02
  1.0620728619349588E-02
  1.0629757873582597E-02
  1.0638782157895063E-02
  1.0647803065912389E-02
  1.0656824415614021E-02
  1.0665848425467056E-02
  1.0674878413823865E-02
  1.0683913884463147E-02
  1.0692948723816821E-02
  1.0701983515093149E-02
  1.0711014083119273E-02
  1.0720037563354157E-02
  1.0729058689362993E-02
  1.0738082300819329E-02
  1.0747107437939078E-02
  1.0756133022716472E-02
  1.0765160312753663E-02
  1.0774188664798144E-02
  1.0783211807530228E-02
  1.0792233376079359E-02
  1.0801260235226368E-02
  1.0810285788921611E-02
  1.0819309527781044E-02
  1.0828336424562983E-02
  1.0837368894471526E-02
  1.0846403493843693E-02
  1.0855433684791353E-02
  1.0864460226046313E-02
  1.0873480572859874E-02
  1.0882506085187411E-02
  1.0891532484612863E-02
  1.0900552020425358E-02
  1.0909571696680744E-02
  1.0918592420019062E-02
  1.0927611191532046E-02
  1.0936633593754214E-02
  1.0945656975723334E-02
  1.0954680427570052E-02
  1.0963704486520226E-02
  1.0972729511137954E-02
  1.0981752700395737E-02
  1.0990776772333214E-02
  1.0999797554889400E-02
  1.1008819188215531E-02
  1.1017841787560108E-02
  1.1026861398567711E-02
  1.1035884701037880E-02
  1.1044907321557516E-02
  1.1053926074890481E-02
  1.1062949786154014E-02
  1.1071974467077266E-02
  1.1080999052254313E-02
  1.1090014310370096E-02
  1.1099026642996201E-02
  1.1108043725238066E-02
  1.1117064644649996E-02
  1.1126086704103120E-02
  1.1135107985953668E-02
  1.1144128380646660E-02
  1.1153149367492812E-02
  1.1162173605056338E-02
  1.1171198472892217E-02
  1.1180222495382275E-02
  1.1189244791197692E-02
  1.1198264566573402E-02
  1.1207278978097267E-02
  1.1216294374897191E-02
  1.1225309864882498E-02
  1.1234328133307684E-02
  1.1243350144385470E-02
  1.1252371434565114E-02
  1.1261392893101557E-02
  1.1270417921744741E-02
  1.1279441610451088E-02
  1.1288459523543532E-02
  1.1297480146023813E-02
  1.1306505834450451E-02
  1.1315528128814303E-02
  1.1324545389699542E-02
  1.1333559113101830E-02
  1.1342570080314035E-02
  1.1351583815036171E-02
  1.1360600900888264E-02
  1.1369612807677404E-02
  1.1378627418205179E-02
  1.1387643734805235E-02
  1.1396664486033155E-02
  1.1405689762463261E-02
  1.1414711287459066E-02
  1.1423731577228738E-02
  1.1432751836553297E-02
  1.1441767999469488E-02
  1.1450785531203113E-02
  1.1459798479166387E-02
  1.1468811859248374E-02
  1.1477831072949741E-02
  1.1486851311386612E-02
  1.1495870033479136E-02
  1.1504884941329688E-02
  1.1513899025203514E-02
  1.1522913317696473E-02
  1.1531929546896580E-02
  1.1540948386370122E-02
  1.1549965399791966E-02
  1.1558981828030090E-02
  1.1568001629024613E-02
  1.1577020870869252E-02
  1.1586036580673038E-02
  1.1595044654104544E-02
  1.1604053817240747E-02
  1.1613066917838887E-02
  1.1622085251049651E-02
  1.1631107621379429E-02
  1.1640133464443142E-02
  1.1649161397168716E-02
  1.1658189764860992E-02
  1.1667205911644104E-02
  1.1676216914281924E-02
  1.1685226936635630E-02
  1.1694234151261798E-02
  1.1703240982825136E-02
  1.1712247453602193E-02
  1.1721257894599164E-02
  1.1730270960468570E-02
  1.1739286456366351E-02
  1.1748298895685965E-02
  1.1757312260837264E-02
  1.1766325863583470E-02
  1.1775341298143730E-02
  1.1784359040380034E-02
  1.1793378798692739E-02
  1.1802399977094612E-02
  1.1811422040626704E-02
  1.1820442472200354E-02
  1.1829451974376095E-02
  1.1838459024927656E-02
  1.1847465358175373E-02
  1.1856476206523742E-02
  1.1865490274277765E-02
  1.1874508110384282E-02
  1.1883526313511443E-02
  1.1892542188829352E-02
  1.1901559401477323E-02
  1.1910574704877200E-02
  1.1919586739219558E-02
  1.1928593813946330E-02
  1.1937603149081015E-02
  1.1946609494835038E-02
  1.1955620713502804E-02
  1.1964635835601268E-02
  1.1973652667822184E-02
  1.1982670968698164E-02
  1.1991685373811199E-02
  1.2000700126276733E-02
  1.2009705791422520E-02
  1.2018712657645557E-02
  1.2027723517803963E-02
  1.2036739556916459E-02
  1.2045757660390422E-02
  1.2054776971062844E-02
  1.2063793238478754E-02
  1.2072806808726782E-02
  1.2081818277259657E-02
  1.2090827094310497E-02
  1.2099831559876966E-02
  1.2108840247960603E-02
  1.2117851913701464E-02
  1.2126865965311585E-02
  1.2135882346290773E-02
  1.2144897285253907E-02
  1.2153910689161848E-02
  1.2162918539184660E-02
  1.2171927724697090E-02
  1.2180938630945336E-02
  1.2189942171798772E-02
  1.2198947733419905E-02
  1.2207954876164016E-02
  1.2216965916768666E-02
  1.2225977219245556E-02
  1.2234988179063697E-02
  1.2243998986219194E-02
  1.2253013500919683E-02
  1.2262028587172397E-02
  1.2271045199595054E-02
  1.2280057492000493E-02
  1.2289065548603465E-02
  1.2298076291384529E-02
  1.2307087124555482E-02
  1.2316096600098950E-02
  1.2325105566380919E-02
  1.2334114176271544E-02
  1.2343124943077495E-02
  1.2352136924710851E-02
  1.2361151811701696E-02
  1.2370164376113586E-02
  1.2379173674709316E-02
  1.2388183456851127E-02
  1.2397186571694601E-02
  1.2406190523866068E-02
  1.2415193575971312E-02
  1.2424198966895207E-02
  1.2433210495302802E-02
  1.2442227141906818E-02
  1.2451247047571806E-02
  1.2460264176978656E-02
  1.2469274324338241E-02
  1.2478280839571386E-02
  1.2487285382561069E-02
  1.2496291400584987E-02
  1.2505296332376570E-02
  1.2514305799601971E-02
  1.2523318793647735E-02
  1.2532335163038286E-02
  1.2541351833707833E-02
  1.2550365039690479E-02
  1.2559375680145601E-02
  1.2568379661325318E-02
  1.2577383984158088E-02
  1.2586390736414054E-02
  1.2595401174558138E-02
  1.2604412032196779E-02
  1.2613419809901473E-02
  1.2622430385644137E-02
  1.2631441084030182E-02
  1.2640452460430352E-02
  1.2649465272369976E-02
  1.2658476755426277E-02
  1.2667485059292079E-02
  1.2676494158289345E-02
  1.2685501168975216E-02
  1.2694507499653942E-02
  1.2703516016052819E-02
  1.2712525356817710E-02
  1.2721533009882329E-02
  1.2730543746319760E-02
  1.2739554221928434E-02
  1.2748565921454420E-02
  1.2757576067228863E-02
  1.2766581806069786E-02
  1.2775588592519775E-02
  1.2784596862653761E-02
  1.2793606179741186E-02
  1.2802615063148450E-02
  1.2811621649477719E-02
  1.2820628322521085E-02
  1.2829632452515886E-02
  1.2838637455397057E-02
  1.2847642689111210E-02
  1.2856649658596651E-02
  1.2865656173909657E-02
  1.2874666886917166E-02
  1.2883676248349980E-02
  1.2892685925601761E-02
  1.2901698618966759E-02
  1.2910711773919704E-02
  1.2919724415014421E-02
  1.2928732774859590E-02
  1.2937734506307669E-02
  1.2946737626055260E-02
  1.2955742481635004E-02
  1.2964745526247330E-02
  1.2973749048376436E-02
  1.2982758418566238E-02
  1.2991770852639422E-02
  1.3000782229067163E-02
  1.3009794207217741E-02
  1.3018802174789667E-02
  1.3027827612754598E-02
  1.3036857619594113E-02
  1.3045884595661977E-02
  1.3054905937999364E-02
  1.3063928122526177E-02
  1.3072949637861007E-02
  1.3081971456672300E-02
  1.3090998198764470E-02
  1.3100027789179429E-02
  1.3109057986996858E-02
  1.3118104091234119E-02
  1.3127149128805886E-02
  1.3136194952092211E-02
  1.3145242588565481E-02
  1.3154290519728202E-02
  1.3163337046302291E-02
  1.3172383571956870E-02
  1.3181431359762536E-02
  1.3190479623548858E-02
  1.3199530884512881E-02
  1.3208582180617601E-02
  1.3217624025357980E-02
  1.3226663718547927E-02
  1.3235700182158798E-02
  1.3244739421935079E-02
  1.3253783264135168E-02
  1.3262830771340793E-02
  1.3271881480813289E-02
  1.3280927780796965E-02
  1.3289969704353914E-02
  1.3299011827035891E-02
  1.3308051588156783E-02
  1.3317083556980148E-02
  1.3326114278709134E-02
  1.3335150098080790E-02
  1.3344190748465408E-02
  1.3353236217086666E-02
  1.3362285659845659E-02
  1.3371339106776353E-02
  1.3380394488958542E-02
  1.3389447289663337E-02
  1.3398489687253061E-02
  1.3407526061047767E-02
  1.3416560698568334E-02
  1.3425594336226306E-02
  1.3434626374228958E-02
  1.3443658868390938E-02
  1.3452694293155040E-02
  1.3461734499584356E-02
  1.3470774240321226E-02
  1.3479815679005323E-02
  1.3488859636209024E-02
  1.3497902351504524E-02
  1.3506943524130182E-02
  1.3515982725870805E-02
  1.3525018424549617E-02
  1.3534055141504291E-02
  1.3543095798784410E-02
  1.3552135198489338E-02
  1.3561171058078600E-02
  1.3570205697769471E-02
  1.3579243357862902E-02
  1.3588279305983017E-02
  1.3597316638505656E-02
  1.3606354529717197E-02
  1.3615391333347160E-02
  1.3624428454555863E-02
  1.3633464973372828E-02
  1.3642498411880855E-02
  1.3651531381747146E-02
  1.3660566284009185E-02
  1.3669602598950189E-02
  1.3678635335051361E-02
  1.3687670729673451E-02
  1.3696709019548845E-02
  1.3705747247679659E-02
  1.3714782135061046E-02
  1.3723818028364355E-02
  1.3732852101678149E-02
  1.3741885993880883E-02
  1.3750919074511687E-02
  1.3759955110662459E-02
  1.3768987275106830E-02
  1.3778020546741078E-02
  1.3787056369586119E-02
  1.3796091432054576E-02
  1.3805119640727092E-02
  1.3814149551315106E-02
  1.3823180100215764E-02
  1.3832213982940527E-02
  1.3841249767217647E-02
  1.3850285018146089E-02
  1.3859314568710267E-02
  1.3868345282505370E-02
  1.3877377140490898E-02
  1.3886410541012693E-02
  1.3895444914442718E-02
  1.3904475905809326E-02
  1.3913504895198946E-02
  1.3922533475017235E-02
  1.3931562525504591E-02
  1.3940590738118416E-02
  1.3949619689054697E-02
  1.3958647056506320E-02
  1.3967676945200737E-02
  1.3976711153522881E-02
  1.3985748085873322E-02
  1.3994782386875956E-02
  1.4003810097315163E-02
  1.4012837301705640E-02
  1.4021865848017392E-02
  1.4030896746888760E-02
  1.4039923818974268E-02
  1.4048948503544920E-02
  1.4057976402513351E-02
  1.4067004614959900E-02
  1.4076036108230707E-02
  1.4085071304275146E-02
  1.4094106116963868E-02
  1.4103141913685001E-02
  1.4112170070199976E-02
  1.4121195805405986E-02
  1.4130217101945603E-02
  1.4139240007846039E-02
  1.4148265559052357E-02
  1.4157294350602057E-02
  1.4166322228034323E-02
  1.4175351059927442E-02
  1.4184376249463920E-02
  1.4193398970632652E-02
  1.4202421859187816E-02
  1.4211442997924362E-02
  1.4220463016708396E-02
  1.4229487695429277E-02
  1.4238514219635529E-02
  1.4247544483007721E-02
  1.4256575537001041E-02
  1.4265606402778653E-02
  1.4274638147920253E-02
  1.4283667465062239E-02
  1.4292697594585577E-02
  1.4301720935245813E-02
  1.4310740089394144E-02
  1.4319756008719825E-02
  1.4328774176969764E-02
  1.4337795583449563E-02
  1.4346820605143324E-02
  1.4355847210985132E-02
  1.4364875030474627E-02
  1.4373901217355160E-02
  1.4382925335643502E-02
  1.4391942513453469E-02
  1.4400961108073452E-02
  1.4409981675378887E-02
  1.4419005605640038E-02
  1.4428028234711603E-02
  1.4437050359606133E-02
  1.4446077470460129E-02
  1.4455101070449967E-02
  1.4464123072893515E-02
  1.4473139654577765E-02
  1.4482159156449298E-02
  1.4491179332672235E-02
  1.4500204513481135E-02
  1.4509231754257791E-02
  1.4518260260118692E-02
  1.4527285707762367E-02
  1.4536310580271770E-02
  1.4545337115417365E-02
  1.4554357651376356E-02
  1.4563374524475405E-02
  1.4572393728279891E-02
  1.4581416699363773E-02
  1.4590437160546152E-02
  1.4599453906764356E-02
  1.4608472419869902E-02
  1.4617493321513367E-02
  1.4626513987188321E-02
  1.4635537365662407E-02
  1.4644559855013084E-02
  1.4653576180660974E-02
  1.4662592442671549E-02
  1.4671608113231569E-02
  1.4680625967234000E-02
  1.4689641083865857E-02
  1.4698659112222118E-02
  1.4707679237102859E-02
  1.4716698622994901E-02
  1.4725717558595154E-02
  1.4734738554359238E-02
  1.4743758209047822E-02
  1.4752781466389120E-02
  1.4761802008821032E-02
  1.4770822034705016E-02
  1.4779842034251863E-02
  1.4788860256214871E-02
  1.4797878542365427E-02
  1.4806894622830516E-02
  1.4815906988801598E-02
  1.4824920951832868E-02
  1.4833935777335664E-02
  1.4842955157503954E-02
  1.4851978050820469E-02
  1.4861002989834374E-02
  1.4870027172222848E-02
  1.4879047681490948E-02
  1.4888064927940179E-02
  1.4897078717821435E-02
  1.4906095148944516E-02
  1.4915112719132501E-02
  1.4924127464251150E-02
  1.4933144113353692E-02
  1.4942159393803214E-02
  1.4951175646708361E-02
  1.4960194911916339E-02
  1.4969209209734364E-02
  1.4978221367588550E-02
  1.4987234040172681E-02
  1.4996248940830964E-02
  1.5005265842656405E-02
  1.5014277808656877E-02
  1.5023289384926340E-02
  1.5032304129838090E-02
  1.5041321949019264E-02
  1.5050339795567585E-02
  1.5059350295840841E-02
  1.5068361823849954E-02
  1.5077372772418300E-02
  1.5086387663448083E-02
  1.5095404305830770E-02
  1.5104419918321389E-02
  1.5113434032969365E-02
  1.5122446806725252E-02
  1.5131460959238750E-02
  1.5140472935730249E-02
  1.5149485136819959E-02
  1.5158501483748300E-02
  1.5167519871994412E-02
  1.5176535532408171E-02
  1.5185551186862276E-02
  1.5194568620199420E-02
  1.5203588246945503E-02
  1.5212606998348968E-02
  1.5221621354401220E-02
  1.5230628713042314E-02
  1.5239637974257194E-02
  1.5248649697635888E-02
  1.5257661954957001E-02
  1.5266676108865696E-02
  1.5275691373291003E-02
  1.5284701766855429E-02
  1.5293709785757705E-02
  1.5302718991751578E-02
  1.5311727996884756E-02
  1.5320736419277798E-02
  1.5329744373416554E-02
  1.5338751671201328E-02
  1.5347761857202770E-02
  1.5356776138119553E-02
  1.5365793892750236E-02
  1.5374812622877336E-02
  1.5383830752319572E-02
  1.5392845555107507E-02
  1.5401855808021121E-02
  1.5410861987936068E-02
  1.5419870967722488E-02
  1.5428881691077234E-02
  1.5437894776421364E-02
  1.5446907772450955E-02
  1.5455923010760115E-02
  1.5464937215978325E-02
  1.5473947302937056E-02
  1.5482956288346126E-02
  1.5491967895229407E-02
  1.5500977788989064E-02
  1.5509983379087208E-02
  1.5518991791379331E-02
  1.5527998576932687E-02
  1.5537008630311355E-02
  1.5546015767729992E-02
  1.5555022698587466E-02
  1.5564031600547697E-02
  1.5573044703706655E-02
  1.5582057474338622E-02
  1.5591067660975469E-02
  1.5600079026674240E-02
  1.5609089971483464E-02
  1.5618096189144655E-02
  1.5627099516844316E-02
  1.5636103156437976E-02
  1.5645105856663028E-02
  1.5654108698105469E-02
