                Infinity
  5.0092667630228338E+04
  2.5201190525518527E+04
  1.6629249373175873E+04
  1.2397606313659053E+04
  9.8757092358064765E+03
  8.2018510207994277E+03
  7.0100220061494801E+03
  6.1183333441647692E+03
  5.4261921510928451E+03
  4.8734448611913804E+03
  4.4216117436357799E+03
  4.0456544737015111E+03
  3.7278625038712780E+03
  3.4558099360701685E+03
  3.2202843665181340E+03
  3.0144133427891438E+03
  2.8329422657405144E+03
  2.6717840259414261E+03
  2.5277248627730542E+03
  2.3981906826163936E+03
  2.2811070701969074E+03
  2.1747645174120398E+03
  2.0777287150659822E+03
  1.9888855816974160E+03
  1.9071994445899711E+03
  1.8318736566388534E+03
  1.7621724142998469E+03
  1.6975200168917111E+03
  1.6373624047661447E+03
  1.5812654022763084E+03
  1.5288360659318466E+03
  1.4797276842211791E+03
  1.4336171507482695E+03
  1.3902542154917694E+03
  1.3494042027299554E+03
  1.3108531502019073E+03
  1.2744155784949105E+03
  1.2399203756760041E+03
  1.2072197698381135E+03
  1.1761742359142945E+03
  1.1466650787603619E+03
  1.1185831669284516E+03
  1.0918266753448286E+03
  1.0663048367805261E+03
  1.0419378803744580E+03
  1.0186363345809503E+03
  9.9634084909308581E+02
  9.7499548393018597E+02
  9.5453763197046044E+02
  9.3491287934307695E+02
  9.1605853624111364E+02
  8.9794810330629639E+02
  8.8053861607327133E+02
  8.6377388748489045E+02
  8.4762908056536946E+02
  8.3208323014629923E+02
  8.1707680261857104E+02
  8.0260087579569119E+02
  7.8863111137365968E+02
  7.7512479130178576E+02
  7.6208128991306990E+02
  7.4945207165550926E+02
  7.3723931515061747E+02
  7.2541064367328283E+02
  7.1395513226279627E+02
  7.0285086691970048E+02
  6.9208431986279254E+02
  6.8164168322040143E+02
  6.7150570267512774E+02
  6.6166284743956999E+02
  6.5210640530372154E+02
  6.4281432951620548E+02
  6.3378992826065632E+02
  6.2500144789187857E+02
  6.1646122439686212E+02
  6.0814495089433842E+02
  6.0004949644431974E+02
  5.9216870937988472E+02
  5.8448482454499060E+02
  5.7700226337252832E+02
  5.6970305046095200E+02
  5.6258612084485492E+02
  5.5565005756952803E+02
  5.4887053174882374E+02
  5.4225993282072875E+02
  5.3580960070440381E+02
  5.2949947273822420E+02
  5.2334154626610075E+02
  5.1732777112243605E+02
  5.1144078048643274E+02
  5.0568947396321954E+02
  5.0006956815001320E+02
  4.9456626410757025E+02
  4.8918441981003286E+02
  4.8391960269755691E+02
  4.7876565263941023E+02
  4.7371742194923570E+02
  4.6877361676102828E+02
  4.6393743856327899E+02
  4.5919298529174972E+02
  4.5454489492138993E+02
  4.4999108413632848E+02
  4.4552958113446357E+02
  4.4115117243944559E+02
  4.3685699395197349E+02
  4.3264661469763985E+02
  4.2851898664195721E+02
  4.2446598685601953E+02
  4.2048788176033270E+02
  4.1658242853748044E+02
  4.1275284829236068E+02
  4.0899177765914953E+02
  4.0529589783737202E+02
  4.0166395448359390E+02
  3.9809973221249004E+02
  3.9459707630540345E+02
  3.9115874655697633E+02
  3.8777270569230421E+02
  3.8444718336348780E+02
  3.8117745631178826E+02
  3.7796476223774761E+02
  3.7480573322154009E+02
  3.7169738891487987E+02
  3.6863823183781614E+02
  3.6562943009980177E+02
  3.6266969331872997E+02
  3.5975871784504398E+02
  3.5689383631377098E+02
  3.5407316587943154E+02
  3.5129403418520332E+02
  3.4856021764560103E+02
  3.4586695826878679E+02
  3.4321690040181011E+02
  3.4060752676630756E+02
  3.3803672979591323E+02
  3.3550347020853201E+02
  3.3300464122066973E+02
  3.3054567491938656E+02
  3.2812191422836457E+02
  3.2573381628937477E+02
  3.2338217185973298E+02
  3.2106192277410537E+02
  3.1877449477391377E+02
  3.1651806554195065E+02
  3.1429305263419059E+02
  3.1210082622107967E+02
  3.0993721585940062E+02
  3.0780480476100354E+02
  3.0570192058960959E+02
  3.0362663590580070E+02
  3.0157975435414244E+02
  2.9955807868787548E+02
  2.9756295398098507E+02
  2.9559541672790351E+02
  2.9365287546966596E+02
  2.9173577695003536E+02
  2.8984460381555454E+02
  2.8797708704832354E+02
  2.8613369338989997E+02
  2.8431456647430178E+02
  2.8251543938770612E+02
  2.8073952971601125E+02
  2.7898594474829440E+02
  2.7725340066277460E+02
  2.7554284633876841E+02
  2.7385347019844306E+02
  2.7218445447222513E+02
  2.7053559949310153E+02
  2.6890709073176555E+02
  2.6729795176622235E+02
  2.6570727647197566E+02
  2.6413518341308429E+02
  2.6258063191557289E+02
  2.6104397163753401E+02
  2.5952597892232922E+02
  2.5802515875697759E+02
  2.5654140590782589E+02
  2.5507464808767224E+02
  2.5362549938610792E+02
  2.5219177506236827E+02
  2.5077367598464201E+02
  2.4937261479258663E+02
  2.4798684741108468E+02
  2.4661590863547815E+02
  2.4525931033892189E+02
  2.4391770613756592E+02
  2.4259039859936192E+02
  2.4127683961638121E+02
  2.3997760320962405E+02
  2.3869344625718423E+02
  2.3742178928184561E+02
  2.3616323433860080E+02
  2.3491874786128830E+02
  2.3368758955169722E+02
  2.3246869388862194E+02
  2.3126194926018218E+02
  2.3006785387855274E+02
  2.2888713748406161E+02
  2.2771760251854667E+02
  2.2655919856945070E+02
  2.2541286300884681E+02
  2.2427805712728127E+02
  2.2315446003237750E+02
  2.2204078567612453E+02
  2.2093858658894328E+02
  2.1984792213678514E+02
  2.1876849371685717E+02
  2.1769805091847425E+02
  2.1663825694073455E+02
  2.1558895773410836E+02
  2.1455061069410732E+02
  2.1352174586398232E+02
  2.1250159301659340E+02
  2.1149167648887399E+02
  2.1049152941858148E+02
  2.0950146235596316E+02
  2.0851996629196083E+02
  2.0754665341070049E+02
  2.0658287880990676E+02
  2.0562888197889717E+02
  2.0468322487097612E+02
  2.0374598698306411E+02
  2.0281642738011772E+02
  2.0189513549788620E+02
  2.0098277261421947E+02
  2.0007881918341135E+02
  1.9918237114783605E+02
  1.9829349511878968E+02
  1.9741302410392984E+02
  1.9654028349793725E+02
  1.9567498017475296E+02
  1.9481759858463784E+02
  1.9396759420024438E+02
  1.9312438383491931E+02
  1.9228895293714046E+02
  1.9146041416493554E+02
  1.9063883268171429E+02
  1.8982476805541120E+02
  1.8901759191515927E+02
  1.8821679178691247E+02
  1.8742281364266120E+02
  1.8663505813876887E+02
  1.8585427097531658E+02
  1.8508021395283495E+02
  1.8431276909308153E+02
  1.8355109920757525E+02
  1.8279548592791971E+02
  1.8204595481263993E+02
  1.8130260325224117E+02
  1.8056574611482608E+02
  1.7983496774002916E+02
  1.7910997247216909E+02
  1.7838987376384517E+02
  1.7767548973723839E+02
  1.7696665005115364E+02
  1.7626371259945373E+02
  1.7556684901419214E+02
  1.7487557983828285E+02
  1.7418896759361948E+02
  1.7350733256475169E+02
  1.7283132588593534E+02
  1.7216033393980851E+02
  1.7149489187273383E+02
  1.7083489567982906E+02
  1.7017988681821458E+02
  1.6952928612045005E+02
  1.6888356271758659E+02
  1.6824293768118585E+02
  1.6760694820741332E+02
  1.6697579423985601E+02
  1.6634972483763255E+02
  1.6572818730797408E+02
  1.6511100881717897E+02
  1.6449848184228907E+02
  1.6389045336414782E+02
  1.6328698028054168E+02
  1.6268757436655787E+02
  1.6209275753262227E+02
  1.6150201212158132E+02
  1.6091580313626204E+02
  1.6033354972890464E+02
  1.5975573078192684E+02
  1.5918245878916917E+02
  1.5861287580280597E+02
  1.5804711410419188E+02
  1.5748492830091922E+02
  1.5692708954589583E+02
  1.5637332920621236E+02
  1.5582325266478608E+02
  1.5527712398151192E+02
  1.5473515436711466E+02
  1.5419713751149760E+02
  1.5366228170174267E+02
  1.5313057306543666E+02
  1.5260272284596664E+02
  1.5207866036886480E+02
  1.5155811211375257E+02
  1.5104114238568542E+02
  1.5052802333145152E+02
  1.5001848024088807E+02
  1.4951202208145315E+02
  1.4900885888128190E+02
  1.4850899132304829E+02
  1.4801232932808762E+02
  1.4751892694253209E+02
  1.4702883533469540E+02
  1.4653843250587491E+02
  1.4605149994594689E+02
  1.4556806420280222E+02
  1.4508741756624235E+02
  1.4460988869298765E+02
  1.4413552590916834E+02
  1.4366462324501700E+02
  1.4319676477566020E+02
  1.4273174500538062E+02
  1.4226958594706164E+02
  1.4181063295831666E+02
  1.4135485311760237E+02
  1.4090150845256255E+02
  1.4045131325356766E+02
  1.4000393919330963E+02
  1.3955953975233140E+02
  1.3911808362990732E+02
  1.3867939336394778E+02
  1.3824376098283790E+02
  1.3781068221378229E+02
  1.3738014773237123E+02
  1.3695206634071332E+02
  1.3652660627194163E+02
  1.3610394262840271E+02
  1.3568377789682634E+02
  1.3526645069721306E+02
  1.3485177933138280E+02
  1.3443953997578043E+02
  1.3403000535281868E+02
  1.3362294531417095E+02
  1.3321849781268844E+02
  1.3281642417717893E+02
  1.3241648593868129E+02
  1.3201893185424760E+02
  1.3162364721855360E+02
  1.3123077985760366E+02
  1.3084041929902432E+02
  1.3045240101871235E+02
  1.3006660555822904E+02
  1.2968327071671067E+02
  1.2930208246353638E+02
  1.2892327154117888E+02
  1.2854656000319250E+02
  1.2817192548260817E+02
  1.2779958451885652E+02
  1.2742932726862094E+02
  1.2706124356135356E+02
  1.2669551058753784E+02
  1.2633186177592665E+02
  1.2597004703879188E+02
  1.2561033161104749E+02
  1.2525259161284271E+02
  1.2489707563672340E+02
  1.2454345874986227E+02
  1.2419176338056485E+02
  1.2384205736144004E+02
  1.2349447094131558E+02
  1.2314855188578360E+02
  1.2280470253245980E+02
  1.2246296612840347E+02
  1.2212324659016713E+02
  1.2178524746607003E+02
  1.2144919462277257E+02
  1.2111490010013836E+02
  1.2078259953462941E+02
  1.2045212354237427E+02
  1.2012311108702990E+02
  1.1979573116902129E+02
  1.1947034738188084E+02
  1.1914669119203707E+02
  1.1882460147693453E+02
  1.1850441350755716E+02
  1.1818609133415478E+02
  1.1786954019532173E+02
  1.1755457360230494E+02
  1.1724132934399692E+02
  1.1692970699913184E+02
  1.1661981221704727E+02
  1.1631160472116655E+02
  1.1600492798782980E+02
  1.1569982463963061E+02
  1.1539638572499982E+02
  1.1509444532144705E+02
  1.1479397450625727E+02
  1.1449513051700831E+02
  1.1419800371765731E+02
  1.1390236695322291E+02
  1.1360821875145635E+02
  1.1331549820554599E+02
  1.1302424721368642E+02
  1.1273450139765555E+02
  1.1244624895699501E+02
  1.1215959240184200E+02
  1.1187446479662955E+02
  1.1159069209548684E+02
  1.1130815517646701E+02
  1.1102704831841064E+02
  1.1074731629776319E+02
  1.1046903094828676E+02
  1.1019225513081429E+02
  1.0991688872833987E+02
  1.0964303529598023E+02
  1.0937049968323376E+02
  1.0909927697671240E+02
  1.0882923025103101E+02
  1.0856055307839695E+02
  1.0829328895626351E+02
  1.0802736045917247E+02
  1.0776283481894505E+02
  1.0749967219807790E+02
  1.0723757213644863E+02
  1.0697659340830501E+02
  1.0671669206017108E+02
  1.0645802995523694E+02
  1.0620073398262012E+02
  1.0594480372755288E+02
  1.0569023067934734E+02
  1.0543689464052524E+02
  1.0518474259200400E+02
  1.0493358845596615E+02
  1.0468358243732364E+02
  1.0443487406474472E+02
  1.0418734206791301E+02
  1.0394100034370261E+02
  1.0369591936418729E+02
  1.0345209547304820E+02
  1.0320954325958888E+02
  1.0296795548749704E+02
  1.0272708706570040E+02
  1.0248740071534148E+02
  1.0224888789442974E+02
  1.0201160314354595E+02
  1.0177538073259169E+02
  1.0154029012578415E+02
  1.0130640062538603E+02
  1.0107365421352310E+02
  1.0084188232930900E+02
  1.0061092622536009E+02
  1.0038098760009717E+02
  1.0015214674460532E+02
  9.9924405898277215E+01
  9.9697814459543025E+01
  9.9472245421901945E+01
  9.9247601616351318E+01
  9.9024014363384381E+01
  9.8801398997246523E+01
  9.8579837425405429E+01
  9.8359162080803813E+01
  9.8139325505405665E+01
  9.7920466332544251E+01
  9.7702629617282412E+01
  9.7485865837312105E+01
  9.7270082059136826E+01
  9.7055250032437442E+01
  9.6841307781569185E+01
  9.6628224408866458E+01
  9.6416148269264923E+01
  9.6204964808870159E+01
  9.5994714525841303E+01
  9.5785398207272380E+01
  9.5576949638602315E+01
  9.5369445641446717E+01
  9.5162882362162591E+01
  9.4957300136571575E+01
  9.4752529376407452E+01
  9.4548573261474417E+01
  9.4345521275521250E+01
  9.4143428609885163E+01
  9.3942112618244664E+01
  9.3741599274770437E+01
  9.3541941973890857E+01
  9.3343076468585522E+01
  9.3145082061803251E+01
  9.2948010109766997E+01
  9.2751815386292833E+01
  9.2556245760278088E+01
  9.2361544536479201E+01
  9.2167672010497981E+01
  9.1974558205403667E+01
  9.1782305090573729E+01
  9.1590786074675947E+01
  9.1399987521511562E+01
  9.1210033034036258E+01
  9.1020908978416216E+01
  9.0832615195449378E+01
  9.0645104376436365E+01
  9.0458323686107107E+01
  9.0272226269036082E+01
  9.0086952445978937E+01
  8.9902472084468357E+01
  8.9718712093527742E+01
  8.9535757066620135E+01
  8.9353520784451277E+01
  8.9171969680754728E+01
  8.8991226970621952E+01
  8.8811243844474248E+01
  8.8631899108434325E+01
  8.8453199673813344E+01
  8.8275221571031125E+01
  8.8097915282826861E+01
  8.7921340673795086E+01
  8.7745521607629712E+01
  8.7570452895909938E+01
  8.7396045902192085E+01
  8.7222411636142738E+01
  8.7049388111713498E+01
  8.6876918303782332E+01
  8.6705184484978759E+01
  8.6534213870161764E+01
  8.6363860261790933E+01
  8.6194108199731829E+01
  8.6025032507625184E+01
  8.5856572913901246E+01
  8.5688850954840348E+01
  8.5521860517314067E+01
  8.5355573590681530E+01
  8.5189839151072292E+01
  8.5024760018755657E+01
  8.4860315691432533E+01
  8.4696486011825613E+01
  8.4533250005957328E+01
  8.4370670637542531E+01
  8.4208673557940742E+01
  8.4047300901575611E+01
  8.3886567216594329E+01
  8.3726388159430115E+01
  8.3566751201001921E+01
  8.3407758518174347E+01
  8.3249444344693941E+01
  8.3091802702012160E+01
  8.2934712653331005E+01
  8.2778186996691076E+01
  8.2622193366070704E+01
  8.2466755816151860E+01
  8.2311963222275011E+01
  8.2157718050372480E+01
  8.2003959370786305E+01
  8.1850763592919378E+01
  8.1698078259396368E+01
  8.1546010416644137E+01
  8.1394470223900711E+01
  8.1243497473873518E+01
  8.1093150450951867E+01
  8.0943384073221665E+01
  8.0794219516669870E+01
  8.0645624958791899E+01
  8.0497551799871431E+01
  8.0349964316749279E+01
  8.0202919411283929E+01
  8.0056414800805399E+01
  7.9910450812827236E+01
  7.9764980941004737E+01
  7.9620025109942702E+01
  7.9475580979353168E+01
  7.9331643578399223E+01
  7.9188195384766928E+01
  7.9045282853612107E+01
  7.8902889186577553E+01
  7.8761003536028895E+01
  7.8619679327927955E+01
  7.8478884234021351E+01
  7.8338586607300783E+01
  7.8198772408828304E+01
  7.8059431932853997E+01
  7.7920627883633117E+01
  7.7782315899912376E+01
  7.7644458222835780E+01
  7.7507085681291130E+01
  7.7370237401114451E+01
  7.7233828524252630E+01
  7.7097863852327706E+01
  7.6962227425232655E+01
  7.6827079728697569E+01
  7.6692424775576868E+01
  7.6558267538872968E+01
  7.6424626143569995E+01
  7.6291511110844496E+01
  7.6158874373025697E+01
  7.6026635818883051E+01
  7.5894839083682044E+01
  7.5763501772165895E+01
  7.5632613070102707E+01
  7.5502201305683613E+01
  7.5372151191412414E+01
  7.5242563569439071E+01
  7.5113442613402910E+01
  7.4984819065572808E+01
  7.4856609981231202E+01
  7.4728821237837380E+01
  7.4601420630301092E+01
  7.4474496157959663E+01
  7.4347974019003800E+01
  7.4221861984238970E+01
  7.4096174683923877E+01
  7.3970950975538969E+01
  7.3846133812845878E+01
  7.3721726622780253E+01
  7.3597710097232408E+01
  7.3474135775217178E+01
  7.3350991074547579E+01
  7.3228260174345962E+01
  7.3105894137393236E+01
  7.2983927086811789E+01
  7.2862411685081909E+01
  7.2741341458369078E+01
  7.2620639585722543E+01
  7.2500252366162684E+01
  7.2380221843323824E+01
  7.2260617845224118E+01
  7.2141449476935037E+01
  7.2022690575561640E+01
  7.1904353679059810E+01
  7.1786399103099512E+01
  7.1668853366534449E+01
  7.1551662931167101E+01
  7.1434836727556004E+01
  7.1318351483843912E+01
  7.1202248605468995E+01
  7.1086483770244342E+01
  7.0971091271684031E+01
  7.0856051050401987E+01
  7.0741402810584503E+01
  7.0627101354368236E+01
  7.0513202806727307E+01
  7.0399666530355191E+01
  7.0286499129212174E+01
  7.0173630002277932E+01
  7.0060663585168172E+01
  6.9948084446290608E+01
  6.9835857837893727E+01
  6.9723990152536118E+01
  6.9612488233471225E+01
  6.9501384371497025E+01
  6.9390632025057386E+01
  6.9280271100896883E+01
  6.9170286983088573E+01
  6.9060570809432477E+01
  6.8951173540397846E+01
  6.8842161793742960E+01
  6.8733497133059402E+01
  6.8625150139326280E+01
  6.8517155699073811E+01
  6.8409519944542026E+01
  6.8302220707142894E+01
  6.8195226592331778E+01
  6.8088584227665820E+01
  6.7982274344936428E+01
  6.7876237784889980E+01
  6.7770507710449607E+01
  6.7665073372274264E+01
  6.7560009199637506E+01
  6.7455297348024502E+01
  6.7350942893281086E+01
  6.7246920034502068E+01
  6.7143221133313332E+01
  6.7039854009041548E+01
  6.6936829390619835E+01
  6.6834164779548189E+01
  6.6731762770904979E+01
  6.6629610380680845E+01
  6.6527737406824173E+01
  6.6426187528411191E+01
  6.6324941882786632E+01
  6.6224041556583956E+01
  6.6123472210854871E+01
  6.6023241239059274E+01
  6.5923345191875740E+01
  6.5823761853502262E+01
  6.5724480932940310E+01
  6.5625463985604156E+01
  6.5526668123984095E+01
  6.5428110735329085E+01
  6.5329844242677453E+01
  6.5231883565515844E+01
  6.5134253094303773E+01
  6.5036876857771091E+01
  6.4939780290319945E+01
  6.4843001533703742E+01
  6.4746537179700653E+01
  6.4650398724826005E+01
  6.4554586107265223E+01
  6.4459074669056363E+01
  6.4363782426218606E+01
  6.4268716277131901E+01
  6.4173879692661657E+01
  6.4079351698214893E+01
  6.3985137976537082E+01
  6.3891222180826468E+01
  6.3797590353940542E+01
  6.3704255224738262E+01
  6.3611148816826017E+01
  6.3518318486307741E+01
  6.3425757310532831E+01
  6.3333479578425475E+01
  6.3241489945901179E+01
  6.3149765030472246E+01
  6.3058319210415931E+01
  6.2967044942649572E+01
  6.2875998176110492E+01
  6.2785239223715955E+01
  6.2694751913526275E+01
  6.2604548583867135E+01
  6.2514638345615325E+01
  6.2424974836332531E+01
  6.2335554618952429E+01
  6.2246380708477659E+01
  6.2157422417732739E+01
  6.2068740187321183E+01
  6.1980336617890700E+01
  6.1892133056626385E+01
  6.1804198325655214E+01
  6.1716499981332618E+01
  6.1629029017359265E+01
  6.1541822268382148E+01
  6.1454857989944671E+01
  6.1368160671303038E+01
  6.1281714324014729E+01
  6.1195532708026533E+01
  6.1109590984475595E+01
  6.1023877222810000E+01
  6.0938404800286634E+01
  6.0853181521346784E+01
  6.0768172439054908E+01
  6.0683399396595291E+01
  6.0598868692429718E+01
  6.0514580533379906E+01
  6.0430523494935080E+01
  6.0346688739737729E+01
  6.0263070867373372E+01
  6.0179678086105284E+01
  6.0096492210806566E+01
  6.0013537886440304E+01
  5.9930830804819742E+01
  5.9848386334880161E+01
  5.9766194963909427E+01
  5.9684226051948286E+01
  5.9602416405604110E+01
  5.9520845592139487E+01
  5.9439499728508380E+01
  5.9358358636430523E+01
  5.9277460554717720E+01
  5.9196755855211372E+01
  5.9116261213993155E+01
  5.9035992085049834E+01
  5.8955920229831428E+01
  5.8876073449264062E+01
  5.8796460071146875E+01
  5.8717090171647719E+01
  5.8637905322868420E+01
  5.8558951883022246E+01
  5.8480224032436809E+01
  5.8401728234095479E+01
  5.8323427326734119E+01
  5.8245339795570580E+01
  5.8167424302410033E+01
  5.8089664971926176E+01
  5.8012125324074553E+01
  5.7934786605955985E+01
  5.7857638314258423E+01
  5.7780715112052427E+01
  5.7704008818550641E+01
  5.7627476440191224E+01
  5.7551158401502803E+01
  5.7475072071927293E+01
  5.7399201177458728E+01
  5.7323553566955987E+01
  5.7248107285774097E+01
  5.7172854142290191E+01
  5.7097758715365408E+01
  5.7022852958003782E+01
  5.6948134297103870E+01
  5.6873606953242195E+01
  5.6799262828182044E+01
  5.6725135327114650E+01
  5.6651185707130438E+01
  5.6577423817135617E+01
  5.6503805842020476E+01
  5.6430401584191152E+01
  5.6357202075494733E+01
  5.6284185760253393E+01
  5.6211365546430791E+01
  5.6138743349613122E+01
  5.6066297355238028E+01
  5.5994055328528951E+01
  5.5922003117371119E+01
  5.5850150751273816E+01
  5.5778473373636110E+01
  5.5706987974149300E+01
  5.5635669047695046E+01
  5.5564528425214668E+01
  5.5493552629366526E+01
  5.5422760560466557E+01
  5.5352161823116255E+01
  5.5281752434183446E+01
  5.5211529418191802E+01
  5.5141456134462970E+01
  5.5071519812686617E+01
  5.5001762568554277E+01
  5.4932170480767184E+01
  5.4862774054771258E+01
  5.4793545616528043E+01
  5.4724517711480679E+01
  5.4655680714648334E+01
  5.4587023207138117E+01
  5.4518555477794209E+01
  5.4450267576615524E+01
  5.4382139716913166E+01
  5.4314162953800796E+01
  5.4246329063266778E+01
  5.4178665138003680E+01
  5.4111142826754516E+01
  5.4043788727848089E+01
  5.3976598769412583E+01
  5.3909587127877721E+01
  5.3842751273239756E+01
  5.3775888491319648E+01
  5.3709150963834887E+01
  5.3642549239161688E+01
  5.3576087400292678E+01
  5.3509807378562293E+01
  5.3443694520455296E+01
  5.3377762000443013E+01
  5.3312008724845782E+01
  5.3246445414659611E+01
  5.3181052790797082E+01
  5.3115820362630565E+01
  5.3050762644426662E+01
  5.2985841239515636E+01
  5.2921053534104367E+01
  5.2856413632409698E+01
  5.2791930076711218E+01
  5.2727598761770473E+01
  5.2663406568606476E+01
  5.2599383285177936E+01
  5.2535513798293771E+01
  5.2471824296657594E+01
  5.2408303211077026E+01
  5.2344954739982150E+01
  5.2281733131944748E+01
  5.2218658324411507E+01
  5.2155692048245250E+01
  5.2092884327719403E+01
  5.2030231672787124E+01
  5.1967730228804179E+01
  5.1905388539042150E+01
  5.1843206704306077E+01
  5.1781189895565795E+01
  5.1719339121306170E+01
  5.1657627548515350E+01
  5.1596071238007141E+01
  5.1534662236400472E+01
  5.1473369120582859E+01
  5.1412214287357479E+01
  5.1351191910557709E+01
  5.1290313015987635E+01
  5.1229579164184798E+01
  5.1168987436513085E+01
  5.1108561147037996E+01
  5.1048291983748243E+01
  5.0988173390607045E+01
  5.0928180574032929E+01
  5.0868335590434206E+01
  5.0808625016332833E+01
  5.0749003790510770E+01
  5.0689498596463523E+01
  5.0630151716227189E+01
  5.0570952118605597E+01
  5.0511914244447226E+01
  5.0453027036967477E+01
  5.0394292021410024E+01
  5.0335689803249380E+01
  5.0277228844771535E+01
  5.0218906872056728E+01
  5.0160720900891157E+01
  5.0102667195783376E+01
  5.0044752067934503E+01
  4.9986957780066803E+01
  4.9929271547400234E+01
  4.9871664861176463E+01
  4.9814195446444849E+01
  4.9756852703452672E+01
  4.9699657655850686E+01
  4.9642609983213099E+01
  4.9585718767207545E+01
  4.9528973978677733E+01
  4.9472367007442962E+01
  4.9415873617724124E+01
  4.9359484479436311E+01
  4.9303199780765169E+01
  4.9247053763548799E+01
  4.9191011064596445E+01
  4.9135112254026538E+01
  4.9079346110204014E+01
  4.9023716967188932E+01
  4.8968218026145884E+01
  4.8912847339010639E+01
  4.8857592427836281E+01
  4.8802465655663795E+01
  4.8747463016255217E+01
  4.8692598379352674E+01
  4.8637847277814615E+01
  4.8583199587509348E+01
  4.8528664096527251E+01
  4.8474255139016329E+01
  4.8419966017665935E+01
  4.8365802686291481E+01
  4.8311737136549127E+01
  4.8257807488515603E+01
  4.8204009597706616E+01
  4.8150335533449606E+01
  4.8096786711789328E+01
  4.8043366493090709E+01
  4.7990064137573150E+01
  4.7936894417582799E+01
  4.7883794408975774E+01
  4.7830826475782068E+01
  4.7777964400285384E+01
  4.7725223805122006E+01
  4.7672576885647125E+01
  4.7620066335741228E+01
  4.7567667905300951E+01
  4.7515393363691494E+01
  4.7463240903434837E+01
  4.7411204187231412E+01
  4.7359282994529664E+01
  4.7307472203498328E+01
  4.7255755099981123E+01
  4.7204152031272656E+01
  4.7152649587924927E+01
  4.7101271358647871E+01
  4.7050013751800961E+01
  4.6998883223919243E+01
  4.6947851039159907E+01
  4.6896926201414225E+01
  4.6846084940826536E+01
  4.6795362579053482E+01
  4.6744740082594056E+01
  4.6694227281856904E+01
  4.6643818318466778E+01
  4.6593528067816528E+01
  4.6543355658746314E+01
  4.6493298221959797E+01
  4.6443347560707259E+01
  4.6393485437801260E+01
  4.6343736419961068E+01
  4.6294107550896804E+01
  4.6244573811606905E+01
  4.6195164136124404E+01
  4.6145849534390315E+01
  4.6096642940939191E+01
  4.6047546859934414E+01
  4.5998555339422751E+01
  4.5949656180606453E+01
  4.5900858818953601E+01
  4.5852160328917286E+01
  4.5803545612635169E+01
  4.5755026269701851E+01
  4.5706625724978586E+01
  4.5658330279269450E+01
  4.5610139231025187E+01
  4.5562043294984328E+01
  4.5514032416052622E+01
  4.5466113968829539E+01
  4.5418308603080945E+01
  4.5370603631231077E+01
  4.5323005814716481E+01
  4.5275509603414982E+01
  4.5228116173945139E+01
  4.5180808826998792E+01
  4.5133618058256275E+01
  4.5086500889741387E+01
  4.5039480705403911E+01
  4.4992550175765373E+01
  4.4945740531129680E+01
  4.4899032875424410E+01
  4.4852423525281225E+01
  4.4805896298788838E+01
  4.4759467912103162E+01
  4.4713128725522544E+01
  4.4666898861533966E+01
  4.4620754277464108E+01
  4.4574702948469017E+01
  4.4528730862039275E+01
  4.4482852112179536E+01
  4.4437048214335483E+01
  4.4391359553609348E+01
  4.4345764093749182E+01
  4.4300285673917109E+01
  4.4254897025516428E+01
  4.4209596629348056E+01
  4.4164386662710150E+01
  4.4119264666815234E+01
  4.4074220921244688E+01
  4.4029278871240123E+01
  4.3984429524879175E+01
  4.3939682657128493E+01
  4.3895030225466776E+01
  4.3850485273306859E+01
  4.3806007314896149E+01
  4.3761600701981266E+01
  4.3717262803621729E+01
  4.3673017307678371E+01
  4.3628845880221263E+01
  4.3584783839782027E+01
  4.3540809817701778E+01
  4.3496944970511954E+01
  4.3453164310805398E+01
  4.3409486585871107E+01
  4.3365890633959737E+01
  4.3322389415039716E+01
  4.3278973494324170E+01
  4.3235634229673927E+01
  4.3192374815686087E+01
  4.3149197193143998E+01
  4.3106088438311254E+01
  4.3063072339092159E+01
  4.3020129277347060E+01
  4.2977286394235314E+01
  4.2934531099160040E+01
  4.2891866023861127E+01
  4.2849266405334475E+01
  4.2806764720354529E+01
  4.2764343244307661E+01
  4.2722004106650800E+01
  4.2679730813162315E+01
  4.2637439698642915E+01
  4.2595228713675759E+01
  4.2553115395414771E+01
  4.2511076088006149E+01
  4.2469134902566672E+01
  4.2427249704309560E+01
  4.2385444618727625E+01
  4.2343718226635431E+01
  4.2302096967109343E+01
  4.2260556923571748E+01
  4.2219100489038482E+01
  4.2177702076164820E+01
  4.2136405215367915E+01
  4.2095191099389325E+01
  4.2054067854283844E+01
  4.2013013661717032E+01
  4.1972042555620448E+01
  4.1931139780834663E+01
  4.1890326007283704E+01
  4.1849592527359000E+01
  4.1808950364843945E+01
  4.1768384923438653E+01
  4.1727891692314365E+01
  4.1687461188953954E+01
  4.1647105103970624E+01
  4.1606818941278135E+01
  4.1566586477987570E+01
  4.1526430969590024E+01
  4.1486364932042953E+01
  4.1446381592842009E+01
  4.1406480053811769E+01
  4.1366656198833901E+01
  4.1326920584320874E+01
  4.1287263065159415E+01
  4.1247672622494001E+01
  4.1208150149306064E+01
  4.1168715280574155E+01
  4.1129356811717400E+01
  4.1090056980239822E+01
  4.1050826373550784E+01
  4.1011677590364158E+01
  4.0972596799011555E+01
  4.0933590535117645E+01
  4.0894669512747591E+01
  4.0855833952331878E+01
  4.0817078213738689E+01
  4.0778404045204454E+01
  4.0739792349206610E+01
  4.0701233512852781E+01
  4.0662738112289830E+01
  4.0624302896706489E+01
  4.0585941187455617E+01
  4.0547662910051805E+01
  4.0509467325760504E+01
  4.0471355213461237E+01
  4.0433326717976733E+01
  4.0395375423457033E+01
  4.0357492358989717E+01
  4.0319683525745269E+01
  4.0281934964426583E+01
  4.0244243562818262E+01
  4.0206602774117798E+01
  4.0169022764947520E+01
  4.0131513873198898E+01
  4.0094085705940152E+01
  4.0056727321603873E+01
  4.0019436249575421E+01
  3.9982224461953329E+01
  3.9945091461630952E+01
  3.9908030573473390E+01
  3.9871049078153099E+01
  3.9834137963713076E+01
  3.9797301828677305E+01
  3.9760530349372708E+01
  3.9723786552900073E+01
  3.9687102843827752E+01
  3.9650492627982082E+01
  3.9613954271254855E+01
  3.9577488590692219E+01
  3.9541078358908507E+01
  3.9504740946555387E+01
  3.9468477343011813E+01
  3.9432180730508968E+01
  3.9395956866141255E+01
  3.9359804961634097E+01
  3.9323725361512075E+01
  3.9287706332678077E+01
  3.9251741263095731E+01
  3.9215834260084840E+01
  3.9179994933699675E+01
  3.9144213917990612E+01
  3.9108501489032363E+01
  3.9072859224184192E+01
  3.9037282839434958E+01
  3.9001779473540061E+01
  3.8966347383972220E+01
  3.8930987536597236E+01
  3.8895692994996296E+01
  3.8860462567781404E+01
  3.8825286264055293E+01
  3.8790162004951689E+01
  3.8755097787484132E+01
  3.8720084797587646E+01
  3.8685139080185678E+01
  3.8650263336506924E+01
  3.8615452334683553E+01
  3.8580707989550355E+01
  3.8546032748213683E+01
  3.8511421946096469E+01
  3.8476877407568217E+01
  3.8442394626194670E+01
  3.8407977239211377E+01
  3.8373620407736688E+01
  3.8339325341279270E+01
  3.8305075930771949E+01
  3.8270885573564371E+01
  3.8236754777895271E+01
  3.8202677263772642E+01
  3.8168669160016499E+01
  3.8134723031331269E+01
  3.8100841794367028E+01
  3.8067012250903204E+01
  3.8033242794373592E+01
  3.7999542162396892E+01
  3.7965900617854196E+01
  3.7932315780502762E+01
  3.7898795760808056E+01
  3.7865345005825517E+01
  3.7831956576984020E+01
  3.7798620135718629E+01
  3.7765346298538127E+01
  3.7732125923995667E+01
  3.7698951031478309E+01
  3.7665834770965660E+01
  3.7632779811335261E+01
  3.7599788969183571E+01
  3.7566863769061271E+01
  3.7534004077899901E+01
  3.7501206678688092E+01
  3.7468473238565203E+01
  3.7435800552804515E+01
  3.7403173944019059E+01
  3.7370602132282201E+01
  3.7338068458259166E+01
  3.7305574491928120E+01
  3.7273142638305124E+01
  3.7240774736065077E+01
  3.7208468369577162E+01
  3.7176216281548029E+01
  3.7144021007531336E+01
  3.7111885532610266E+01
  3.7079802319035409E+01
  3.7047773270325166E+01
  3.7015795327666979E+01
  3.6983871049677141E+01
  3.6951997440992990E+01
  3.6920184377634385E+01
  3.6888430479364054E+01
  3.6856738278381549E+01
  3.6825093104940038E+01
  3.6793501844898472E+01
  3.6761972476309985E+01
  3.6730491163472728E+01
  3.6699056610377191E+01
  3.6667667483553565E+01
  3.6636326409858718E+01
  3.6605039235377902E+01
  3.6573813643963007E+01
  3.6542651115974301E+01
  3.6511545276500293E+01
  3.6480498376124359E+01
  3.6449503293142037E+01
  3.6418554578310072E+01
  3.6387656746832832E+01
  3.6356817795713695E+01
  3.6326023647933233E+01
  3.6295276417751651E+01
  3.6264579931059416E+01
  3.6233931911223081E+01
  3.6203335494888606E+01
  3.6172793772019951E+01
  3.6142312573460387E+01
  3.6111881212812271E+01
  3.6081492283241566E+01
  3.6051156199767227E+01
  3.6020879748054107E+01
  3.5990660154842409E+01
  3.5960492024138105E+01
  3.5930359557624868E+01
  3.5900271163672137E+01
  3.5870241501076535E+01
  3.5840259837763107E+01
  3.5810310498843798E+01
  3.5780414625420669E+01
  3.5750572620351633E+01
  3.5720778694163393E+01
  3.5691041778133737E+01
  3.5661358649874181E+01
  3.5631730214535594E+01
  3.5602157618387324E+01
  3.5572641368381568E+01
  3.5543164793626438E+01
  3.5513737954669502E+01
  3.5484356150431246E+01
  3.5455026956042161E+01
  3.5425750536694757E+01
  3.5396515870906789E+01
  3.5367336294094919E+01
  3.5338206665086865E+01
  3.5309115314407855E+01
  3.5280078037128540E+01
  3.5251091116943513E+01
  3.5222153669362804E+01
  3.5193240184320544E+01
  3.5164370792130953E+01
  3.5135555439390295E+01
  3.5106794492578253E+01
  3.5078077802313189E+01
  3.5049406414663842E+01
  3.5020784732924326E+01
  3.4992206323224799E+01
  3.4963676702144177E+01
  3.4935197095551636E+01
  3.4906764044900044E+01
  3.4878373811613493E+01
  3.4850025917039822E+01
  3.4821714034443254E+01
  3.4793445221550279E+01
  3.4765220278676452E+01
  3.4737041776153170E+01
  3.4708912162509996E+01
  3.4680832268134687E+01
  3.4652801951341466E+01
  3.4624820924818600E+01
  3.4596886219730244E+01
  3.4568993237888854E+01
  3.4541149809175870E+01
  3.4513359193101387E+01
  3.4485613784377975E+01
  3.4457911148394189E+01
  3.4430242154666978E+01
  3.4402611814538652E+01
  3.4375025498099262E+01
  3.4347489300869817E+01
  3.4319990814738787E+01
  3.4292541243171023E+01
  3.4265131752676901E+01
  3.4237765837959309E+01
  3.4210449496356702E+01
  3.4183175855914882E+01
  3.4155948398828158E+01
  3.4128764925183198E+01
  3.4101621868701876E+01
  3.4074527084785259E+01
  3.4047464914492018E+01
  3.4020447714785114E+01
  3.3993479215525838E+01
  3.3966553816415527E+01
  3.3939670647159375E+01
  3.3912828547789545E+01
  3.3886030147722025E+01
  3.3859271267965397E+01
  3.3832549738934809E+01
  3.3805870319243482E+01
  3.3779233833120465E+01
  3.3752637035240703E+01
  3.3726087624750988E+01
  3.3699560432966230E+01
  3.3673067587997537E+01
  3.3646604541272580E+01
  3.3620185155155767E+01
  3.3593814038638115E+01
  3.3567491884266524E+01
  3.3541218561367010E+01
  3.3514993297846488E+01
  3.3488815468844244E+01
  3.3462684004057706E+01
  3.3436583577195933E+01
  3.3410520689324038E+01
  3.3384498977210384E+01
  3.3358510919986088E+01
  3.3332558428594986E+01
  3.3306644051643850E+01
  3.3280776471385899E+01
  3.3254948355358806E+01
  3.3229164256712004E+01
  3.3203417239770673E+01
  3.3177713961964578E+01
  3.3152048676138769E+01
  3.3126425175583492E+01
  3.3100845606261309E+01
  3.3075308970443629E+01
  3.3049813085940009E+01
  3.3024352581055872E+01
  3.2998926826219112E+01
  3.2973535344081782E+01
  3.2948182137040305E+01
  3.2922869688526426E+01
  3.2897598383768987E+01
  3.2872370109354144E+01
  3.2847183878533791E+01
  3.2822035891463621E+01
  3.2796918812735257E+01
  3.2771841719465115E+01
  3.2746805448868244E+01
  3.2721808101969636E+01
  3.2696837934875823E+01
  3.2671905161562918E+01
  3.2647002820013476E+01
  3.2622143937001972E+01
  3.2597325445490107E+01
  3.2572537711616484E+01
  3.2547787973746317E+01
  3.2523076153616920E+01
  3.2498406082948769E+01
  3.2473767993240052E+01
  3.2449167311114856E+01
  3.2424606602543051E+01
  3.2400089456465395E+01
  3.2375607420838890E+01
  3.2351166573798210E+01
  3.2326758770507965E+01
  3.2302380328474733E+01
  3.2278035749553439E+01
  3.2253724216165004E+01
  3.2229447673196411E+01
  3.2205212752898419E+01
  3.2181018070946138E+01
  3.2156865294242763E+01
  3.2132753343652645E+01
  3.2108678139540913E+01
  3.2084637302172140E+01
  3.2060628906706469E+01
  3.2036655340774594E+01
  3.2012718126110208E+01
  3.1988800010091090E+01
  3.1964915424552608E+01
  3.1941063471932861E+01
  3.1917251565048751E+01
  3.1893477836404102E+01
  3.1869741560001760E+01
  3.1846044054563102E+01
  3.1822387111668387E+01
  3.1798768051717570E+01
  3.1775184157578426E+01
  3.1751632666640301E+01
  3.1728108723868484E+01
  3.1704622878277743E+01
  3.1681173278347952E+01
  3.1657756851147639E+01
  3.1634376780428777E+01
  3.1611031132389023E+01
  3.1587718214038187E+01
  3.1564443845742279E+01
  3.1541209702598820E+01
  3.1518011345197888E+01
  3.1494846547757156E+01
  3.1471714874879218E+01
  3.1448610920181075E+01
  3.1425542255088320E+01
  3.1402499402895661E+01
  3.1379482281151542E+01
  3.1356502622839042E+01
  3.1333562910730073E+01
  3.1310662855534439E+01
  3.1287797079545467E+01
  3.1264953165550640E+01
  3.1242133141924224E+01
  3.1219339622343185E+01
  3.1196578565961293E+01
  3.1173851127971748E+01
  3.1151162512235693E+01
  3.1128510285271236E+01
  3.1105894088789693E+01
  3.1083310872443054E+01
  3.1060755971090060E+01
  3.1038234399232579E+01
  3.1015739567878580E+01
  3.0993279572028797E+01
  3.0970856634403511E+01
  3.0948469654367166E+01
  3.0926117584177145E+01
  3.0903794817157820E+01
  3.0881507133520142E+01
  3.0859247377825461E+01
  3.0837021890186762E+01
  3.0814832016893966E+01
  3.0792672253778402E+01
  3.0770539578098944E+01
  3.0748441017301040E+01
  3.0726359750835972E+01
  3.0704309481374896E+01
  3.0682293925218463E+01
  3.0660313186458289E+01
  3.0638363635107858E+01
  3.0616448934132574E+01
  3.0594568902225891E+01
  3.0572720981181153E+01
  3.0550902432016244E+01
  3.0529110742016830E+01
  3.0507349816952448E+01
  3.0485617490093844E+01
  3.0463919243493084E+01
  3.0442251200857324E+01
  3.0420614258302383E+01
  3.0399008681970290E+01
  3.0377428231959232E+01
  3.0355877818815099E+01
  3.0334360118733986E+01
  3.0312876308047585E+01
  3.0291423096271391E+01
  3.0270005106417919E+01
  3.0248618129166694E+01
  3.0227263159324767E+01
  3.0205943256081667E+01
  3.0184649123703693E+01
  3.0163386130873306E+01
  3.0142149880521135E+01
  3.0120929811113204E+01
  3.0099740043868792E+01
  3.0078583920298463E+01
  3.0057453066668639E+01
  3.0036343666784465E+01
  3.0015267432913785E+01
  2.9994223876154589E+01
  2.9973210702780968E+01
  2.9952228142736931E+01
  2.9931273978361308E+01
  2.9910299168303791E+01
  2.9889358494195953E+01
  2.9868448625976438E+01
  2.9847564671703857E+01
  2.9826711162081867E+01
  2.9805883060625504E+01
  2.9785086242963125E+01
  2.9764324041459393E+01
  2.9743591816803491E+01
  2.9722888806347466E+01
  2.9702164769559282E+01
  2.9681465240668086E+01
  2.9660793413732627E+01
  2.9640148815901753E+01
  2.9619532201341748E+01
  2.9598945190661336E+01
  2.9578386271902470E+01
  2.9557853434513031E+01
  2.9537352713497519E+01
  2.9516885318187978E+01
  2.9496449861117508E+01
  2.9476035025354580E+01
  2.9455640899286720E+01
  2.9435274216840440E+01
  2.9414938753722126E+01
  2.9394636943273031E+01
  2.9374368341139451E+01
  2.9354129111121004E+01
  2.9333902221749856E+01
  2.9313695416237195E+01
  2.9293516625653268E+01
  2.9273367702346093E+01
  2.9253243289562040E+01
  2.9233149058338817E+01
  2.9213087459984596E+01
  2.9193058981598380E+01
  2.9173063535842839E+01
  2.9153100971243369E+01
  2.9133171197846188E+01
  2.9113272765322641E+01
  2.9093395527401803E+01
  2.9073536006532937E+01
  2.9053698951801426E+01
  2.9033888868685636E+01
  2.9014106324634234E+01
  2.8994352592717593E+01
  2.8974624440563669E+01
  2.8954920605915614E+01
  2.8935246566070703E+01
  2.8915599794604617E+01
  2.8895983097062352E+01
  2.8876397546398280E+01
  2.8856842077534040E+01
  2.8837313840516611E+01
  2.8817810602850741E+01
  2.8798330332090526E+01
  2.8778878461790573E+01
  2.8759453008857442E+01
  2.8740053340273075E+01
  2.8720676644941911E+01
  2.8701323155264824E+01
  2.8682000043284749E+01
  2.8662706693102209E+01
  2.8643440247439973E+01
  2.8624201769823884E+01
  2.8604986618795902E+01
  2.8585789416230714E+01
  2.8566613517924349E+01
  2.8547455924697601E+01
  2.8528319567008253E+01
  2.8509210114565274E+01
  2.8490129326077607E+01
  2.8471077054948942E+01
  2.8452054929510204E+01
  2.8433062492911390E+01
  2.8414097673602065E+01
  2.8395158747850662E+01
  2.8376248625049538E+01
  2.8357360949478021E+01
  2.8338494351590324E+01
  2.8319649945636158E+01
  2.8300834578719879E+01
  2.8282044045648917E+01
  2.8263279732286925E+01
  2.8244543176001727E+01
  2.8225826896600694E+01
  2.8207134465575511E+01
  2.8188469875317242E+01
  2.8169831986273699E+01
  2.8151220266274652E+01
  2.8132630960808918E+01
  2.8114065202160361E+01
  2.8095524736655005E+01
  2.8077008349947260E+01
  2.8058518186091458E+01
  2.8040053897627345E+01
  2.8021612512887998E+01
  2.8003192465835291E+01
  2.7984795043843707E+01
  2.7966416826735564E+01
  2.7948063831053936E+01
  2.7929736193846271E+01
  2.7911433580859246E+01
  2.7893152998733246E+01
  2.7874896680373382E+01
  2.7856666852106734E+01
  2.7838460847080864E+01
  2.7820275033659414E+01
  2.7802105979293895E+01
  2.7783961632024006E+01
  2.7765843548645471E+01
  2.7747752934245600E+01
  2.7729681098669623E+01
  2.7711631390016155E+01
  2.7693608743424107E+01
  2.7675608045521223E+01
  2.7657632187730709E+01
  2.7639682728194686E+01
  2.7621758077450135E+01
  2.7603859687215049E+01
  2.7585979988054859E+01
  2.7568121490574466E+01
  2.7550284130453882E+01
  2.7532471017808238E+01
  2.7514683118283784E+01
  2.7496921178917638E+01
  2.7479185422552487E+01
  2.7461469955271482E+01
  2.7443769200168315E+01
  2.7426090615797133E+01
  2.7408436925381110E+01
  2.7390805757348144E+01
  2.7373194838815792E+01
  2.7355610280544216E+01
  2.7338052678905200E+01
  2.7320520940789404E+01
  2.7303007052929125E+01
  2.7285516785845836E+01
  2.7268049471251199E+01
  2.7250602095711756E+01
  2.7233179209323815E+01
  2.7215773588183271E+01
  2.7198383624540305E+01
  2.7181013499006806E+01
  2.7163667665277380E+01
  2.7146347712681969E+01
  2.7129054157013410E+01
  2.7111786866972860E+01
  2.7094544755827727E+01
  2.7077324887739785E+01
  2.7060122711491740E+01
  2.7042935412817780E+01
  2.7025770423979189E+01
  2.7008630545555398E+01
  2.6991516702469895E+01
  2.6974420963326946E+01
  2.6957346164975945E+01
  2.6940296225992011E+01
  2.6923266385262128E+01
  2.6906257907552348E+01
  2.6889268866956204E+01
  2.6872302430484226E+01
  2.6855357055169726E+01
  2.6838436713702205E+01
  2.6821536843637240E+01
  2.6804660927338706E+01
  2.6787799913511741E+01
  2.6770958401711884E+01
  2.6754139386065795E+01
  2.6737338375927198E+01
  2.6720554539562492E+01
  2.6703794059613887E+01
  2.6687058322040446E+01
  2.6670345694458909E+01
  2.6653649598177140E+01
  2.6636973518687125E+01
  2.6620319982688986E+01
  2.6603688537098570E+01
  2.6587081382675194E+01
  2.6570496268136392E+01
  2.6553928980267045E+01
  2.6537381059479650E+01
  2.6520851055236538E+01
  2.6504342580413109E+01
  2.6487853746337457E+01
  2.6471388818641891E+01
  2.6454947661739379E+01
  2.6438524789900629E+01
  2.6422118531505845E+01
  2.6405730624680483E+01
  2.6389361137000765E+01
  2.6373014155423320E+01
  2.6356685551393852E+01
  2.6340379048383355E+01
  2.6324094041142004E+01
  2.6307830049057127E+01
  2.6291588377381011E+01
  2.6275369316214551E+01
  2.6259166294732058E+01
  2.6242981710737400E+01
  2.6226812793415800E+01
  2.6210666016086105E+01
  2.6194542686296955E+01
  2.6178440900641814E+01
  2.6162355675326946E+01
  2.6146289692906588E+01
  2.6130243915948189E+01
  2.6114216794210702E+01
  2.6098212466717222E+01
  2.6082230078724550E+01
  2.6066263809993259E+01
  2.6050316975596552E+01
  2.6034387959959616E+01
  2.6018476606734872E+01
  2.6002584839059352E+01
  2.5986705990412478E+01
  2.5970845918903404E+01
  2.5955000881028390E+01
  2.5939177810598711E+01
  2.5923376954165054E+01
  2.5907595775100681E+01
  2.5891835743853644E+01
  2.5876097871761285E+01
  2.5860382641027694E+01
  2.5844686601263920E+01
  2.5829007861171025E+01
  2.5813348022993853E+01
  2.5797702959334032E+01
  2.5782079436428816E+01
  2.5766474771616245E+01
  2.5750888339334242E+01
  2.5735319240771680E+01
  2.5719768265085811E+01
  2.5704236174452554E+01
  2.5688723540951077E+01
  2.5673232005234244E+01
  2.5657762754968779E+01
  2.5642310270898790E+01
  2.5626875215403132E+01
  2.5611459603009337E+01
  2.5596064434634258E+01
  2.5580689121814761E+01
  2.5565329551544473E+01
  2.5549983925920465E+01
  2.5534654685262101E+01
  2.5519340376338896E+01
  2.5504043413225496E+01
  2.5488764679652590E+01
  2.5473504405825203E+01
  2.5458264420565961E+01
  2.5443040015635560E+01
  2.5427831140293829E+01
  2.5412640438562576E+01
  2.5397469191557381E+01
  2.5382317424507487E+01
  2.5367184990909713E+01
  2.5352068326116353E+01
  2.5336970750503138E+01
  2.5321894641701039E+01
  2.5306840102031874E+01
  2.5291802692065254E+01
  2.5276784590249907E+01
  2.5261778685814072E+01
  2.5246786066132088E+01
  2.5231807399166861E+01
  2.5216849073148218E+01
  2.5201911626394097E+01
  2.5186995090125532E+01
  2.5172099217230024E+01
  2.5157220774178860E+01
  2.5142358715933987E+01
  2.5127512603850192E+01
  2.5112683803991416E+01
  2.5097873608175213E+01
  2.5083078852952159E+01
  2.5068298232619750E+01
  2.5053537622866450E+01
  2.5038795473686349E+01
  2.5024072705103794E+01
  2.5009364492350571E+01
  2.4994671698654876E+01
  2.4979996196191262E+01
  2.4965340861261531E+01
  2.4950703777969352E+01
  2.4936082705527646E+01
  2.4921480873474945E+01
  2.4906895221868893E+01
  2.4892322895239687E+01
  2.4877764606213198E+01
  2.4863219686045536E+01
  2.4848690748752929E+01
  2.4834179063544216E+01
