 5.95584E-01
 1.15526E+00
 1.74857E+00
 2.33905E+00
 2.91965E+00
 3.48715E+00
 4.06062E+00
 4.63790E+00
 5.22866E+00
 5.80413E+00
 6.38277E+00
 6.96043E+00
 7.52031E+00
 8.09576E+00
 8.67705E+00
 9.25577E+00
 9.84562E+00
 1.04371E+01
 1.10291E+01
 1.16105E+01
 1.21836E+01
 1.27609E+01
 1.33354E+01
 1.39159E+01
 1.44875E+01
 1.50531E+01
 1.56325E+01
 1.62285E+01
 1.68237E+01
 1.74311E+01
 1.80110E+01
 1.85992E+01
 1.91691E+01
 1.97478E+01
 2.03405E+01
 2.09324E+01
 2.15185E+01
 2.21040E+01
 2.26981E+01
 2.32812E+01
 2.38538E+01
 2.44428E+01
 2.50490E+01
 2.56297E+01
 2.62050E+01
 2.67873E+01
 2.73744E+01
 2.79606E+01
 2.85634E+01
 2.91371E+01
 2.97037E+01
 3.02850E+01
 3.08568E+01
 3.14364E+01
 3.20298E+01
 3.26025E+01
 3.31807E+01
 3.37503E+01
 3.43359E+01
 3.49465E+01
 3.55507E+01
 3.61622E+01
 3.67278E+01
 3.73102E+01
 3.78728E+01
 3.84511E+01
 3.90301E+01
 3.96217E+01
 4.01964E+01
 4.07712E+01
 4.13427E+01
 4.19308E+01
 4.25095E+01
 4.30848E+01
 4.36620E+01
 4.42369E+01
 4.48162E+01
 4.53978E+01
 4.59784E+01
 4.65468E+01
 4.71273E+01
 4.77049E+01
 4.82949E+01
 4.88755E+01
 4.94623E+01
 5.00571E+01
 5.06386E+01
 5.12212E+01
 5.17981E+01
 5.23743E+01
 5.29498E+01
 5.35157E+01
 5.40940E+01
 5.46782E+01
 5.52696E+01
 5.58530E+01
 5.64338E+01
 5.70147E+01
 5.75999E+01
 5.81823E+01
 5.87664E+01
 5.93488E+01
 5.99345E+01
 6.05190E+01
 6.10839E+01
 6.16626E+01
 6.22365E+01
 6.28257E+01
 6.34062E+01
 6.39917E+01
 6.45783E+01
 6.51515E+01
 6.57198E+01
 6.62830E+01
 6.68513E+01
 6.74465E+01
 6.80315E+01
 6.86068E+01
 6.91682E+01
 6.97490E+01
 7.03257E+01
 7.09136E+01
 7.14939E+01
 7.20680E+01
 7.26387E+01
 7.32103E+01
 7.37894E+01
 7.43646E+01
 7.49473E+01
 7.55262E+01
 7.61300E+01
 7.67189E+01
 7.72836E+01
 7.78769E+01
 7.84589E+01
 7.90497E+01
 7.96249E+01
 8.02055E+01
 8.07832E+01
 8.13475E+01
 8.19215E+01
 8.25044E+01
 8.31050E+01
 8.36863E+01
 8.43022E+01
 8.48817E+01
 8.54738E+01
 8.60456E+01
 8.66390E+01
 8.72207E+01
 8.77994E+01
 8.83659E+01
 8.89476E+01
 8.95345E+01
 9.01259E+01
 9.06956E+01
 9.12690E+01
 9.18529E+01
 9.24319E+01
 9.30083E+01
 9.35791E+01
 9.41465E+01
 9.47266E+01
 9.52979E+01
 9.58718E+01
 9.64479E+01
 9.70257E+01
 9.76098E+01
 9.81966E+01
 9.87705E+01
 9.93519E+01
 9.99501E+01
 1.00538E+02
 1.01099E+02
 1.01663E+02
 1.02240E+02
 1.02813E+02
 1.03386E+02
 1.03954E+02
 1.04535E+02
 1.05109E+02
 1.05703E+02
 1.06269E+02
 1.06851E+02
 1.07416E+02
 1.08008E+02
 1.08591E+02
 1.09173E+02
 1.09755E+02
 1.10321E+02
 1.10897E+02
 1.11472E+02
 1.12047E+02
 1.12631E+02
 1.13203E+02
 1.13788E+02
 1.14370E+02
 1.14944E+02
 1.15522E+02
 1.16113E+02
 1.16695E+02
 1.17280E+02
 1.17854E+02
 1.18434E+02
 1.19012E+02
 1.19594E+02
 1.20179E+02
 1.20755E+02
 1.21348E+02
 1.21931E+02
 1.22514E+02
 1.23091E+02
 1.23679E+02
 1.24243E+02
 1.24808E+02
 1.25390E+02
 1.25966E+02
 1.26539E+02
 1.27124E+02
 1.27696E+02
 1.28271E+02
 1.28837E+02
 1.29415E+02
 1.29994E+02
 1.30586E+02
 1.31160E+02
 1.31745E+02
 1.32322E+02
 1.32901E+02
 1.33483E+02
 1.34066E+02
 1.34634E+02
 1.35210E+02
 1.35784E+02
 1.36365E+02
 1.36947E+02
 1.37524E+02
 1.38104E+02
 1.38668E+02
 1.39231E+02
 1.39820E+02
 1.40404E+02
 1.40976E+02
 1.41562E+02
 1.42142E+02
 1.42709E+02
 1.43290E+02
 1.43867E+02
 1.44437E+02
 1.45009E+02
 1.45578E+02
 1.46147E+02
 1.46715E+02
 1.47304E+02
 1.47877E+02
 1.48459E+02
 1.49030E+02
 1.49610E+02
 1.50180E+02
 1.50758E+02
 1.51331E+02
 1.51923E+02
 1.52509E+02
 1.53083E+02
 1.53663E+02
 1.54247E+02
 1.54821E+02
 1.55404E+02
 1.55991E+02
 1.56580E+02
 1.57167E+02
 1.57740E+02
 1.58312E+02
 1.58884E+02
 1.59474E+02
 1.60048E+02
 1.60614E+02
 1.61200E+02
 1.61781E+02
 1.62358E+02
 1.62949E+02
 1.63531E+02
 1.64110E+02
 1.64698E+02
 1.65266E+02
 1.65848E+02
 1.66415E+02
 1.66982E+02
 1.67555E+02
 1.68128E+02
 1.68701E+02
 1.69277E+02
 1.69861E+02
 1.70440E+02
 1.71012E+02
 1.71596E+02
 1.72177E+02
 1.72759E+02
 1.73340E+02
 1.73917E+02
 1.74500E+02
 1.75072E+02
 1.75654E+02
 1.76235E+02
 1.76820E+02
 1.77396E+02
 1.77979E+02
 1.78569E+02
 1.79143E+02
 1.79718E+02
 1.80277E+02
 1.80863E+02
 1.81449E+02
 1.82024E+02
 1.82599E+02
 1.83170E+02
 1.83752E+02
 1.84342E+02
 1.84913E+02
 1.85487E+02
 1.86056E+02
 1.86644E+02
 1.87222E+02
 1.87794E+02
 1.88377E+02
 1.88957E+02
 1.89536E+02
 1.90105E+02
 1.90683E+02
 1.91252E+02
 1.91852E+02
 1.92428E+02
 1.93005E+02
 1.93583E+02
 1.94159E+02
 1.94724E+02
 1.95309E+02
 1.95880E+02
 1.96470E+02
 1.97044E+02
 1.97610E+02
 1.98186E+02
 1.98767E+02
 1.99335E+02
 1.99908E+02
 2.00481E+02
 2.01061E+02
 2.01641E+02
 2.02212E+02
 2.02796E+02
 2.03386E+02
 2.03965E+02
 2.04539E+02
 2.05098E+02
 2.05668E+02
 2.06244E+02
 2.06813E+02
 2.07364E+02
 2.07940E+02
 2.08504E+02
 2.09077E+02
 2.09662E+02
 2.10245E+02
 2.10819E+02
 2.11394E+02
 2.11959E+02
 2.12554E+02
 2.13133E+02
 2.13724E+02
 2.14295E+02
 2.14857E+02
 2.15447E+02
 2.16015E+02
 2.16577E+02
 2.17151E+02
 2.17720E+02
 2.18301E+02
 2.18885E+02
 2.19454E+02
 2.20033E+02
 2.20610E+02
 2.21181E+02
 2.21757E+02
 2.22336E+02
 2.22917E+02
 2.23508E+02
 2.24095E+02
 2.24657E+02
 2.25235E+02
 2.25820E+02
 2.26388E+02
 2.26988E+02
 2.27573E+02
 2.28145E+02
 2.28729E+02
 2.29314E+02
 2.29895E+02
 2.30481E+02
 2.31065E+02
 2.31640E+02
 2.32197E+02
 2.32764E+02
 2.33335E+02
 2.33921E+02
 2.34504E+02
 2.35085E+02
 2.35661E+02
 2.36245E+02
 2.36834E+02
 2.37419E+02
 2.37980E+02
 2.38559E+02
 2.39131E+02
 2.39709E+02
 2.40297E+02
 2.40885E+02
 2.41466E+02
 2.42048E+02
 2.42631E+02
 2.43220E+02
 2.43793E+02
 2.44380E+02
 2.44964E+02
 2.45533E+02
 2.46115E+02
 2.46689E+02
 2.47271E+02
 2.47844E+02
 2.48418E+02
 2.48987E+02
 2.49560E+02
 2.50148E+02
 2.50743E+02
 2.51333E+02
 2.51914E+02
 2.52494E+02
 2.53082E+02
 2.53660E+02
 2.54247E+02
 2.54833E+02
 2.55413E+02
 2.55996E+02
 2.56559E+02
 2.57131E+02
 2.57717E+02
 2.58290E+02
 2.58864E+02
 2.59461E+02
 2.60036E+02
 2.60609E+02
 2.61194E+02
 2.61765E+02
 2.62350E+02
 2.62917E+02
 2.63498E+02
 2.64080E+02
 2.64653E+02
 2.65219E+02
 2.65783E+02
 2.66353E+02
 2.66944E+02
 2.67510E+02
 2.68101E+02
 2.68683E+02
 2.69271E+02
 2.69847E+02
 2.70428E+02
 2.70996E+02
 2.71575E+02
 2.72151E+02
 2.72724E+02
 2.73303E+02
 2.73882E+02
 2.74457E+02
 2.75042E+02
 2.75627E+02
 2.76211E+02
 2.76793E+02
 2.77379E+02
 2.77962E+02
 2.78543E+02
 2.79118E+02
 2.79686E+02
 2.80265E+02
 2.80848E+02
 2.81427E+02
 2.81990E+02
 2.82557E+02
 2.83150E+02
 2.83735E+02
 2.84308E+02
 2.84889E+02
 2.85465E+02
 2.86038E+02
 2.86610E+02
 2.87191E+02
 2.87780E+02
 2.88368E+02
 2.88963E+02
 2.89519E+02
 2.90103E+02
 2.90681E+02
 2.91263E+02
 2.91846E+02
 2.92423E+02
 2.93001E+02
 2.93572E+02
 2.94145E+02
 2.94718E+02
 2.95298E+02
 2.95878E+02
 2.96455E+02
 2.97049E+02
 2.97625E+02
 2.98204E+02
 2.98781E+02
 2.99355E+02
 2.99941E+02
 3.00527E+02
 3.01125E+02
 3.01707E+02
 3.02290E+02
 3.02872E+02
 3.03446E+02
 3.04025E+02
 3.04605E+02
 3.05174E+02
 3.05765E+02
 3.06328E+02
 3.06916E+02
 3.07499E+02
 3.08081E+02
 3.08664E+02
 3.09234E+02
 3.09815E+02
 3.10391E+02
 3.10972E+02
 3.11539E+02
 3.12117E+02
 3.12693E+02
 3.13272E+02
 3.13853E+02
 3.14421E+02
 3.15013E+02
 3.15586E+02
 3.16159E+02
 3.16746E+02
 3.17324E+02
 3.17897E+02
 3.18467E+02
 3.19033E+02
 3.19613E+02
 3.20201E+02
 3.20791E+02
 3.21374E+02
 3.21952E+02
 3.22524E+02
 3.23107E+02
 3.23691E+02
 3.24267E+02
 3.24840E+02
 3.25422E+02
 3.25990E+02
 3.26568E+02
 3.27147E+02
 3.27713E+02
 3.28294E+02
 3.28871E+02
 3.29442E+02
 3.30018E+02
 3.30607E+02
 3.31179E+02
 3.31755E+02
 3.32339E+02
 3.32927E+02
 3.33510E+02
 3.34102E+02
 3.34674E+02
 3.35236E+02
 3.35811E+02
 3.36383E+02
 3.36959E+02
 3.37539E+02
 3.38108E+02
 3.38681E+02
 3.39269E+02
 3.39850E+02
 3.40433E+02
 3.41016E+02
 3.41596E+02
 3.42165E+02
 3.42750E+02
 3.43344E+02
 3.43921E+02
 3.44494E+02
 3.45076E+02
 3.45648E+02
 3.46217E+02
 3.46805E+02
 3.47378E+02
 3.47956E+02
 3.48531E+02
 3.49096E+02
 3.49678E+02
 3.50257E+02
 3.50849E+02
 3.51441E+02
 3.52021E+02
 3.52579E+02
 3.53157E+02
 3.53726E+02
 3.54314E+02
 3.54903E+02
 3.55475E+02
 3.56044E+02
 3.56629E+02
 3.57220E+02
 3.57780E+02
 3.58363E+02
 3.58936E+02
 3.59513E+02
 3.60102E+02
 3.60674E+02
 3.61256E+02
 3.61831E+02
 3.62416E+02
 3.62998E+02
 3.63579E+02
 3.64160E+02
 3.64729E+02
 3.65298E+02
 3.65878E+02
 3.66465E+02
 3.67038E+02
 3.67620E+02
 3.68199E+02
 3.68773E+02
 3.69344E+02
 3.69922E+02
 3.70512E+02
 3.71100E+02
 3.71687E+02
 3.72251E+02
 3.72837E+02
 3.73428E+02
 3.74005E+02
 3.74573E+02
 3.75135E+02
 3.75715E+02
 3.76293E+02
 3.76862E+02
 3.77438E+02
 3.78024E+02
 3.78600E+02
 3.79178E+02
 3.79749E+02
 3.80327E+02
 3.80891E+02
 3.81468E+02
 3.82043E+02
 3.82608E+02
 3.83181E+02
 3.83776E+02
 3.84357E+02
 3.84933E+02
 3.85495E+02
 3.86079E+02
 3.86660E+02
 3.87246E+02
 3.87828E+02
 3.88399E+02
 3.88980E+02
 3.89567E+02
 3.90140E+02
 3.90718E+02
 3.91296E+02
 3.91880E+02
 3.92459E+02
 3.93036E+02
 3.93621E+02
 3.94195E+02
 3.94779E+02
 3.95352E+02
 3.95934E+02
 3.96513E+02
 3.97085E+02
 3.97654E+02
 3.98236E+02
 3.98807E+02
 3.99378E+02
 3.99951E+02
 4.00516E+02
 4.01104E+02
 4.01679E+02
 4.02258E+02
 4.02829E+02
 4.03419E+02
 4.03994E+02
 4.04571E+02
 4.05149E+02
 4.05721E+02
 4.06299E+02
 4.06874E+02
 4.07453E+02
 4.08028E+02
 4.08602E+02
 4.09166E+02
 4.09742E+02
 4.10321E+02
 4.10908E+02
 4.11479E+02
 4.12057E+02
 4.12626E+02
 4.13207E+02
 4.13769E+02
 4.14345E+02
 4.14925E+02
 4.15498E+02
 4.16083E+02
 4.16644E+02
 4.17212E+02
 4.17798E+02
 4.18380E+02
 4.18958E+02
 4.19543E+02
 4.20118E+02
 4.20699E+02
 4.21274E+02
 4.21853E+02
 4.22438E+02
 4.23018E+02
 4.23594E+02
 4.24185E+02
 4.24766E+02
 4.25353E+02
 4.25934E+02
 4.26517E+02
 4.27102E+02
 4.27669E+02
 4.28249E+02
 4.28824E+02
 4.29406E+02
 4.29983E+02
 4.30572E+02
 4.31159E+02
 4.31735E+02
 4.32317E+02
 4.32893E+02
 4.33466E+02
 4.34049E+02
 4.34627E+02
 4.35189E+02
 4.35765E+02
 4.36340E+02
 4.36908E+02
 4.37486E+02
 4.38058E+02
 4.38631E+02
 4.39201E+02
 4.39779E+02
 4.40358E+02
 4.40947E+02
 4.41525E+02
 4.42110E+02
 4.42696E+02
 4.43271E+02
 4.43848E+02
 4.44423E+02
 4.45006E+02
 4.45572E+02
 4.46155E+02
 4.46721E+02
 4.47293E+02
 4.47879E+02
 4.48465E+02
 4.49043E+02
 4.49622E+02
 4.50188E+02
 4.50779E+02
 4.51356E+02
 4.51939E+02
 4.52517E+02
 4.53094E+02
 4.53675E+02
 4.54248E+02
 4.54833E+02
 4.55413E+02
 4.55991E+02
 4.56569E+02
 4.57143E+02
 4.57735E+02
 4.58327E+02
 4.58909E+02
 4.59489E+02
 4.60072E+02
 4.60658E+02
 4.61242E+02
 4.61813E+02
 4.62395E+02
 4.62973E+02
 4.63554E+02
 4.64133E+02
 4.64720E+02
 4.65295E+02
 4.65879E+02
 4.66461E+02
 4.67035E+02
 4.67610E+02
 4.68173E+02
 4.68742E+02
 4.69323E+02
 4.69890E+02
 4.70460E+02
 4.71034E+02
 4.71613E+02
 4.72183E+02
 4.72765E+02
 4.73342E+02
 4.73936E+02
 4.74520E+02
 4.75101E+02
 4.75678E+02
 4.76261E+02
 4.76839E+02
 4.77425E+02
 4.78004E+02
 4.78584E+02
 4.79152E+02
 4.79734E+02
 4.80313E+02
 4.80896E+02
 4.81473E+02
 4.82050E+02
 4.82638E+02
 4.83213E+02
 4.83795E+02
 4.84374E+02
 4.84952E+02
 4.85537E+02
 4.86115E+02
 4.86711E+02
 4.87296E+02
 4.87868E+02
 4.88452E+02
 4.89048E+02
 4.89617E+02
 4.90208E+02
 4.90788E+02
 4.91372E+02
 4.91942E+02
 4.92525E+02
 4.93110E+02
 4.93673E+02
 4.94256E+02
 4.94819E+02
 4.95390E+02
 4.95969E+02
 4.96541E+02
 4.97120E+02
 4.97711E+02
 4.98292E+02
 4.98870E+02
 4.99457E+02
 5.00035E+02
 5.00609E+02
 5.01193E+02
 5.01784E+02
 5.02362E+02
 5.02924E+02
 5.03496E+02
 5.04075E+02
 5.04669E+02
 5.05247E+02
 5.05820E+02
 5.06411E+02
 5.06998E+02
 5.07581E+02
 5.08151E+02
 5.08727E+02
 5.09308E+02
 5.09882E+02
 5.10461E+02
 5.11053E+02
 5.11621E+02
 5.12203E+02
 5.12782E+02
 5.13348E+02
 5.13928E+02
 5.14507E+02
 5.15084E+02
 5.15663E+02
 5.16247E+02
 5.16811E+02
 5.17388E+02
 5.17965E+02
 5.18555E+02
 5.19136E+02
 5.19699E+02
 5.20279E+02
 5.20851E+02
 5.21427E+02
 5.22008E+02
 5.22610E+02
 5.23185E+02
 5.23757E+02
 5.24334E+02
 5.24908E+02
 5.25483E+02
 5.26054E+02
 5.26629E+02
 5.27208E+02
 5.27775E+02
 5.28349E+02
 5.28936E+02
 5.29511E+02
 5.30092E+02
 5.30677E+02
 5.31245E+02
 5.31817E+02
 5.32392E+02
 5.32976E+02
 5.33545E+02
 5.34133E+02
 5.34701E+02
 5.35282E+02
 5.35861E+02
 5.36446E+02
 5.37013E+02
 5.37592E+02
 5.38166E+02
 5.38746E+02
 5.39331E+02
 5.39928E+02
 5.40494E+02
 5.41063E+02
 5.41657E+02
 5.42236E+02
 5.42801E+02
 5.43381E+02
 5.43966E+02
 5.44540E+02
 5.45119E+02
 5.45703E+02
 5.46284E+02
 5.46864E+02
 5.47442E+02
 5.48018E+02
 5.48609E+02
 5.49192E+02
 5.49772E+02
 5.50342E+02
 5.50924E+02
 5.51518E+02
 5.52088E+02
 5.52653E+02
 5.53228E+02
 5.53799E+02
 5.54377E+02
 5.54946E+02
 5.55518E+02
 5.56091E+02
 5.56678E+02
 5.57246E+02
 5.57825E+02
 5.58408E+02
 5.58992E+02
 5.59572E+02
 5.60160E+02
 5.60743E+02
 5.61324E+02
 5.61894E+02
 5.62491E+02
 5.63068E+02
 5.63638E+02
 5.64218E+02
 5.64786E+02
 5.65362E+02
 5.65930E+02
 5.66523E+02
 5.67103E+02
 5.67672E+02
 5.68244E+02
 5.68814E+02
 5.69403E+02
 5.69985E+02
 5.70560E+02
 5.71142E+02
 5.71721E+02
 5.72309E+02
 5.72901E+02
 5.73479E+02
 5.74062E+02
 5.74654E+02
 5.75226E+02
 5.75798E+02
 5.76377E+02
 5.76962E+02
 5.77541E+02
 5.78117E+02
 5.78689E+02
 5.79261E+02
 5.79839E+02
 5.80432E+02
 5.81005E+02
 5.81578E+02
 5.82155E+02
 5.82745E+02
 5.83323E+02
 5.83897E+02
 5.84485E+02
 5.85064E+02
 5.85634E+02
 5.86209E+02
 5.86787E+02
 5.87361E+02
 5.87931E+02
 5.88512E+02
 5.89077E+02
 5.89658E+02
 5.90222E+02
 5.90797E+02
 5.91374E+02
 5.91956E+02
 5.92534E+02
 5.93112E+02
 5.93705E+02
 5.94295E+02
 5.94873E+02
 5.95450E+02
 5.96035E+02
 5.96620E+02
 5.97199E+02
 5.97780E+02
 5.98372E+02
 5.98948E+02
 5.99526E+02
 6.00106E+02
 6.00686E+02
 6.01264E+02
 6.01849E+02
 6.02429E+02
 6.03006E+02
 6.03577E+02
 6.04146E+02
 6.04715E+02
 6.05304E+02
 6.05878E+02
 6.06454E+02
 6.07040E+02
 6.07618E+02
 6.08197E+02
 6.08778E+02
 6.09358E+02
 6.09930E+02
 6.10513E+02
 6.11078E+02
 6.11662E+02
 6.12241E+02
 6.12815E+02
 6.13381E+02
 6.13962E+02
 6.14525E+02
 6.15104E+02
 6.15679E+02
 6.16250E+02
 6.16825E+02
 6.17409E+02
 6.17987E+02
 6.18558E+02
 6.19133E+02
 6.19708E+02
 6.20290E+02
 6.20859E+02
 6.21443E+02
 6.22017E+02
 6.22589E+02
 6.23176E+02
 6.23759E+02
 6.24339E+02
 6.24911E+02
 6.25488E+02
 6.26047E+02
 6.26620E+02
 6.27195E+02
 6.27778E+02
 6.28354E+02
 6.28929E+02
 6.29507E+02
 6.30079E+02
 6.30647E+02
 6.31240E+02
 6.31811E+02
 6.32396E+02
 6.32971E+02
 6.33571E+02
 6.34152E+02
 6.34733E+02
 6.35308E+02
 6.35878E+02
 6.36448E+02
 6.37022E+02
 6.37600E+02
 6.38179E+02
 6.38750E+02
 6.39323E+02
 6.39898E+02
 6.40468E+02
 6.41050E+02
 6.41617E+02
 6.42188E+02
 6.42757E+02
 6.43336E+02
 6.43916E+02
 6.44491E+02
 6.45065E+02
 6.45640E+02
 6.46218E+02
 6.46782E+02
 6.47359E+02
 6.47946E+02
 6.48539E+02
 6.49133E+02
 6.49709E+02
 6.50283E+02
 6.50871E+02
 6.51453E+02
 6.52037E+02
 6.52610E+02
 6.53186E+02
 6.53750E+02
 6.54319E+02
 6.54901E+02
 6.55470E+02
 6.56039E+02
 6.56605E+02
 6.57186E+02
 6.57767E+02
 6.58337E+02
 6.58922E+02
 6.59514E+02
 6.60094E+02
 6.60668E+02
 6.61237E+02
 6.61809E+02
 6.62383E+02
 6.62971E+02
 6.63546E+02
 6.64119E+02
 6.64694E+02
 6.65268E+02
 6.65843E+02
 6.66429E+02
 6.67010E+02
 6.67594E+02
 6.68188E+02
 6.68777E+02
 6.69361E+02
 6.69932E+02
 6.70519E+02
 6.71096E+02
 6.71660E+02
 6.72234E+02
 6.72803E+02
 6.73379E+02
 6.73958E+02
 6.74537E+02
 6.75098E+02
 6.75695E+02
 6.76267E+02
 6.76838E+02
 6.77418E+02
 6.78003E+02
 6.78571E+02
 6.79139E+02
 6.79717E+02
 6.80290E+02
 6.80864E+02
 6.81443E+02
 6.82029E+02
 6.82621E+02
 6.83209E+02
 6.83772E+02
 6.84356E+02
 6.84927E+02
 6.85513E+02
 6.86075E+02
 6.86659E+02
 6.87220E+02
 6.87795E+02
 6.88382E+02
 6.88952E+02
 6.89528E+02
 6.90102E+02
 6.90675E+02
 6.91251E+02
 6.91826E+02
 6.92393E+02
 6.92960E+02
 6.93541E+02
 6.94110E+02
 6.94682E+02
 6.95231E+02
 6.95816E+02
 6.96394E+02
 6.96970E+02
 6.97559E+02
 6.98140E+02
 6.98723E+02
 6.99293E+02
 6.99869E+02
 7.00445E+02
 7.01019E+02
 7.01590E+02
 7.02169E+02
 7.02739E+02
 7.03329E+02
 7.03910E+02
 7.04485E+02
 7.05065E+02
 7.05638E+02
 7.06217E+02
 7.06797E+02
 7.07367E+02
 7.07945E+02
 7.08520E+02
 7.09100E+02
 7.09682E+02
 7.10256E+02
 7.10844E+02
 7.11419E+02
 7.11993E+02
 7.12563E+02
 7.13140E+02
 7.13712E+02
 7.14285E+02
 7.14865E+02
 7.15423E+02
 7.15995E+02
 7.16564E+02
 7.17139E+02
 7.17721E+02
 7.18294E+02
 7.18878E+02
 7.19441E+02
 7.20027E+02
 7.20607E+02
 7.21170E+02
 7.21749E+02
 7.22326E+02
 7.22899E+02
 7.23484E+02
 7.24071E+02
 7.24645E+02
 7.25230E+02
 7.25807E+02
 7.26391E+02
 7.26977E+02
 7.27554E+02
 7.28127E+02
 7.28708E+02
 7.29297E+02
 7.29892E+02
 7.30475E+02
 7.31056E+02
 7.31617E+02
 7.32190E+02
 7.32756E+02
 7.33335E+02
 7.33930E+02
 7.34512E+02
 7.35082E+02
 7.35667E+02
 7.36259E+02
 7.36834E+02
 7.37401E+02
 7.37968E+02
 7.38556E+02
 7.39122E+02
 7.39704E+02
 7.40269E+02
 7.40839E+02
 7.41429E+02
 7.42013E+02
 7.42586E+02
 7.43163E+02
 7.43744E+02
 7.44309E+02
 7.44893E+02
 7.45474E+02
 7.46040E+02
 7.46615E+02
 7.47190E+02
 7.47775E+02
 7.48327E+02
 7.48902E+02
 7.49483E+02
 7.50061E+02
 7.50629E+02
 7.51202E+02
 7.51773E+02
 7.52350E+02
 7.52919E+02
 7.53490E+02
 7.54079E+02
 7.54653E+02
 7.55248E+02
 7.55817E+02
 7.56386E+02
 7.56964E+02
 7.57546E+02
 7.58126E+02
 7.58710E+02
 7.59286E+02
 7.59864E+02
 7.60446E+02
 7.61036E+02
 7.61600E+02
 7.62164E+02
 7.62743E+02
 7.63316E+02
 7.63897E+02
 7.64477E+02
 7.65061E+02
 7.65634E+02
 7.66213E+02
 7.66790E+02
 7.67361E+02
 7.67932E+02
 7.68504E+02
 7.69087E+02
 7.69670E+02
 7.70248E+02
 7.70813E+02
 7.71400E+02
 7.71972E+02
 7.72524E+02
 7.73099E+02
 7.73670E+02
 7.74246E+02
 7.74823E+02
 7.75408E+02
 7.75980E+02
 7.76556E+02
 7.77120E+02
 7.77693E+02
 7.78256E+02
 7.78826E+02
 7.79414E+02
 7.79998E+02
 7.80553E+02
 7.81129E+02
 7.81686E+02
 7.82262E+02
 7.82833E+02
 7.83404E+02
 7.83970E+02
 7.84561E+02
 7.85141E+02
 7.85718E+02
 7.86304E+02
 7.86877E+02
 7.87461E+02
 7.88044E+02
 7.88615E+02
 7.89197E+02
 7.89784E+02
 7.90376E+02
 7.90964E+02
 7.91542E+02
 7.92117E+02
 7.92677E+02
 7.93259E+02
 7.93856E+02
 7.94426E+02
 7.95004E+02
 7.95582E+02
 7.96154E+02
 7.96722E+02
 7.97303E+02
 7.97882E+02
 7.98462E+02
 7.99032E+02
 7.99609E+02
 8.00189E+02
 8.00774E+02
 8.01339E+02
 8.01924E+02
 8.02496E+02
 8.03084E+02
 8.03665E+02
 8.04227E+02
 8.04801E+02
 8.05369E+02
 8.05949E+02
 8.06529E+02
 8.07101E+02
 8.07671E+02
 8.08231E+02
 8.08813E+02
 8.09404E+02
 8.09987E+02
 8.10557E+02
 8.11136E+02
 8.11724E+02
 8.12294E+02
 8.12883E+02
 8.13457E+02
 8.14029E+02
 8.14593E+02
 8.15169E+02
 8.15747E+02
 8.16324E+02
 8.16902E+02
 8.17482E+02
 8.18054E+02
 8.18633E+02
 8.19216E+02
 8.19809E+02
 8.20394E+02
 8.20970E+02
 8.21547E+02
 8.22113E+02
 8.22697E+02
 8.23276E+02
 8.23863E+02
 8.24437E+02
 8.25007E+02
 8.25589E+02
 8.26157E+02
 8.26727E+02
 8.27298E+02
 8.27869E+02
 8.28453E+02
 8.29026E+02
 8.29598E+02
 8.30149E+02
 8.30725E+02
 8.31307E+02
 8.31877E+02
 8.32463E+02
 8.33034E+02
 8.33620E+02
 8.34205E+02
 8.34786E+02
 8.35360E+02
 8.35923E+02
 8.36497E+02
 8.37071E+02
 8.37641E+02
 8.38208E+02
 8.38796E+02
 8.39374E+02
 8.39953E+02
 8.40526E+02
 8.41095E+02
 8.41672E+02
 8.42236E+02
 8.42816E+02
 8.43392E+02
 8.43962E+02
 8.44544E+02
 8.45116E+02
 8.45696E+02
 8.46271E+02
 8.46844E+02
 8.47418E+02
 8.48001E+02
 8.48569E+02
 8.49141E+02
 8.49719E+02
 8.50314E+02
 8.50893E+02
 8.51465E+02
 8.52044E+02
 8.52623E+02
 8.53216E+02
 8.53796E+02
 8.54360E+02
 8.54931E+02
 8.55514E+02
 8.56092E+02
 8.56665E+02
 8.57234E+02
 8.57805E+02
 8.58384E+02
 8.58949E+02
 8.59522E+02
 8.60095E+02
 8.60667E+02
 8.61253E+02
 8.61824E+02
 8.62415E+02
 8.62975E+02
 8.63547E+02
 8.64133E+02
 8.64724E+02
 8.65304E+02
 8.65884E+02
 8.66459E+02
 8.67020E+02
 8.67602E+02
 8.68184E+02
 8.68758E+02
 8.69328E+02
 8.69907E+02
 8.70477E+02
 8.71056E+02
 8.71618E+02
 8.72197E+02
 8.72770E+02
 8.73349E+02
 8.73925E+02
 8.74498E+02
 8.75074E+02
 8.75651E+02
 8.76218E+02
 8.76798E+02
 8.77380E+02
 8.77946E+02
 8.78516E+02
 8.79101E+02
 8.79684E+02
 8.80271E+02
 8.80847E+02
 8.81426E+02
 8.81997E+02
 8.82570E+02
 8.83145E+02
 8.83730E+02
 8.84295E+02
 8.84868E+02
 8.85439E+02
 8.86024E+02
 8.86605E+02
 8.87181E+02
 8.87762E+02
 8.88334E+02
 8.88918E+02
 8.89496E+02
 8.90083E+02
 8.90663E+02
 8.91238E+02
 8.91815E+02
 8.92391E+02
 8.92972E+02
 8.93551E+02
 8.94118E+02
 8.94710E+02
 8.95283E+02
 8.95857E+02
 8.96429E+02
 8.96998E+02
 8.97555E+02
 8.98126E+02
 8.98699E+02
 8.99280E+02
 8.99854E+02
 9.00432E+02
 9.01002E+02
 9.01577E+02
 9.02152E+02
 9.02726E+02
 9.03317E+02
 9.03895E+02
 9.04462E+02
 9.05047E+02
 9.05633E+02
 9.06213E+02
 9.06798E+02
 9.07380E+02
 9.07946E+02
 9.08518E+02
 9.09092E+02
 9.09667E+02
 9.10240E+02
 9.10816E+02
 9.11403E+02
 9.11980E+02
 9.12566E+02
 9.13140E+02
 9.13727E+02
 9.14304E+02
 9.14889E+02
 9.15478E+02
 9.16048E+02
 9.16621E+02
 9.17207E+02
 9.17777E+02
 9.18344E+02
 9.18919E+02
 9.19498E+02
 9.20078E+02
 9.20663E+02
 9.21240E+02
 9.21829E+02
 9.22402E+02
 9.22976E+02
 9.23557E+02
 9.24129E+02
 9.24715E+02
 9.25290E+02
 9.25866E+02
 9.26437E+02
 9.27018E+02
 9.27591E+02
 9.28171E+02
 9.28760E+02
 9.29344E+02
 9.29922E+02
 9.30510E+02
 9.31088E+02
 9.31659E+02
 9.32248E+02
 9.32819E+02
 9.33393E+02
 9.33970E+02
 9.34543E+02
 9.35116E+02
 9.35698E+02
 9.36285E+02
 9.36853E+02
 9.37421E+02
 9.38001E+02
 9.38587E+02
 9.39163E+02
 9.39724E+02
 9.40302E+02
 9.40879E+02
 9.41465E+02
 9.42027E+02
 9.42605E+02
 9.43190E+02
 9.43776E+02
 9.44352E+02
 9.44938E+02
 9.45505E+02
 9.46078E+02
 9.46666E+02
 9.47243E+02
 9.47827E+02
 9.48406E+02
 9.48994E+02
 9.49567E+02
 9.50142E+02
 9.50724E+02
 9.51309E+02
 9.51880E+02
 9.52452E+02
 9.53026E+02
 9.53598E+02
 9.54172E+02
 9.54757E+02
 9.55337E+02
 9.55900E+02
 9.56476E+02
 9.57040E+02
 9.57611E+02
 9.58178E+02
 9.58761E+02
 9.59339E+02
 9.59929E+02
 9.60513E+02
 9.61094E+02
 9.61673E+02
 9.62253E+02
 9.62833E+02
 9.63414E+02
 9.63996E+02
 9.64558E+02
 9.65129E+02
 9.65711E+02
 9.66278E+02
 9.66844E+02
 9.67425E+02
 9.68002E+02
 9.68584E+02
 9.69174E+02
 9.69758E+02
 9.70333E+02
 9.70914E+02
 9.71474E+02
 9.72060E+02
 9.72637E+02
 9.73220E+02
 9.73807E+02
 9.74399E+02
 9.74970E+02
 9.75549E+02
 9.76128E+02
 9.76703E+02
 9.77287E+02
 9.77871E+02
 9.78450E+02
 9.79027E+02
 9.79588E+02
 9.80164E+02
 9.80739E+02
 9.81327E+02
 9.81912E+02
 9.82499E+02
 9.83075E+02
 9.83656E+02
 9.84234E+02
 9.84804E+02
 9.85386E+02
 9.85973E+02
 9.86542E+02
 9.87121E+02
 9.87687E+02
 9.88265E+02
 9.88837E+02
 9.89382E+02
 9.89964E+02
 9.90532E+02
 9.91108E+02
 9.91673E+02
 9.92247E+02
 9.92831E+02
 9.93411E+02
 9.93982E+02
 9.94555E+02
 9.95128E+02
 9.95709E+02
 9.96297E+02
 9.96867E+02
 9.97439E+02
 9.98019E+02
 9.98590E+02
 9.99184E+02
 9.99760E+02
 1.00033E+03
 1.00091E+03
 1.00149E+03
 1.00206E+03
 1.00264E+03
 1.00321E+03
 1.00379E+03
 1.00437E+03
 1.00495E+03
 1.00554E+03
 1.00612E+03
 1.00671E+03
 1.00728E+03
 1.00786E+03
 1.00843E+03
 1.00900E+03
 1.00958E+03
 1.01016E+03
 1.01074E+03
 1.01133E+03
 1.01190E+03
 1.01248E+03
