                Infinity
  5.0092656053082355E+04
  2.5201084122407508E+04
  1.6629272963711021E+04
  1.2397619740377288E+04
  9.8757168146209369E+03
  8.2018550463450501E+03
  7.0100235810923714E+03
  6.1183329445192458E+03
  5.4261917274358093E+03
  4.8734465121904241E+03
  4.4216153055064106E+03
  4.0456594402495198E+03
  3.7278642335643503E+03
  3.4558085990797026E+03
  3.2202821813490305E+03
  3.0144144727282242E+03
  2.8329458442079085E+03
  2.6717846957301485E+03
  2.5277222584032220E+03
  2.3981902134899028E+03
  2.2811096638765889E+03
  2.1747650099332282E+03
  2.0777266996638800E+03
  1.9888857614834610E+03
  1.9072022537916596E+03
  1.8318770087044138E+03
  1.7621755039653892E+03
  1.6975228642841203E+03
  1.6373650313808657E+03
  1.5812678257140064E+03
  1.5288383028447072E+03
  1.4797297485566557E+03
  1.4336190552286321E+03
  1.3902559895517259E+03
  1.3494058718566812E+03
  1.3108547318211561E+03
  1.2744171019634932E+03
  1.2399218500149864E+03
  1.2072212235260424E+03
  1.1761756761331551E+03
  1.1466665121120768E+03
  1.1185845989983945E+03
  1.0918281081104708E+03
  1.0663062110046828E+03
  1.0419392000979899E+03
  1.0186375716232266E+03
  9.9634197983633612E+02
  9.7499651064308046E+02
  9.5453855780212928E+02
  9.3491368366267727E+02
  9.1605929852008376E+02
  8.9794882487048937E+02
  8.8053933030232338E+02
  8.6377464874887653E+02
  8.4762989121006308E+02
  8.3208406806561209E+02
  8.1707757181188038E+02
  8.0260157858007403E+02
  7.8863175031073274E+02
  7.7512531396567556E+02
  7.6208171079695649E+02
  7.4945252009915578E+02
  7.3723979193769765E+02
  7.2541119416544029E+02
  7.1395584049393085E+02
  7.0285161346132077E+02
  6.9208499504922383E+02
  6.8164228792297877E+02
  6.7150612580394579E+02
  6.6166309509671794E+02
  6.5210661883991554E+02
  6.4281451612475257E+02
  6.3379024706502184E+02
  6.2500195587379483E+02
  6.1646184670250148E+02
  6.0814568606420278E+02
  6.0005029000649279E+02
  5.9216951424135823E+02
  5.8448556216011104E+02
  5.7700293401702800E+02
  5.6970365862500182E+02
  5.6258666776982488E+02
  5.5565054359578198E+02
  5.4887100859437101E+02
  5.4226044790932394E+02
  5.3581015350160408E+02
  5.2950006353866218E+02
  5.2334217504058029E+02
  5.1732842826448223E+02
  5.1144142717817545E+02
  5.0569011081648449E+02
  5.0007019511437147E+02
  4.9456688235404823E+02
  4.8918502983475929E+02
  4.8392020455718875E+02
  4.7876624720257934E+02
  4.7371800929910188E+02
  4.6877419558101201E+02
  4.6393800524345880E+02
  4.5919354039823907E+02
  4.5454543919754570E+02
  4.4999161752686251E+02
  4.4553010108490429E+02
  4.4115167859252421E+02
  4.3685748577508934E+02
  4.3264709312475037E+02
  4.2851944894613547E+02
  4.2446643122094360E+02
  4.2048830751374169E+02
  4.1658283642706817E+02
  4.1275324679267936E+02
  4.0899216863450459E+02
  4.0529628135487081E+02
  4.0166433036397984E+02
  3.9810010139785066E+02
  3.9459743836109914E+02
  3.9115911006238082E+02
  3.8777307045581813E+02
  3.8444755011910314E+02
  3.8117782800387602E+02
  3.7796513353466827E+02
  3.7480610082553022E+02
  3.7169775360074567E+02
  3.6863859322996865E+02
  3.6562978880937516E+02
  3.6267004920340156E+02
  3.5975907091731199E+02
  3.5689418053365563E+02
  3.5407349798365090E+02
  3.5129436886573518E+02
  3.4856054416933665E+02
  3.4586727650459704E+02
  3.4321720991275311E+02
  3.4060782808589545E+02
  3.3803702253324548E+02
  3.3550375436705798E+02
  3.3300490888633681E+02
  3.3054592285898184E+02
  3.2812214622162134E+02
  3.2573404601682768E+02
  3.2338240011039187E+02
  3.2106214935731543E+02
  3.1877471972074238E+02
  3.1651829836786027E+02
  3.1429330877034573E+02
  3.1210110634078001E+02
  3.0993750512081527E+02
  3.0780508432853139E+02
  3.0570219256263510E+02
  3.0362690124782881E+02
  3.0158000158453251E+02
  2.9955830619016746E+02
  2.9756316187398784E+02
  2.9559560515200883E+02
  2.9365307480571505E+02
  2.9173599586977286E+02
  2.8984484268048459E+02
  2.8797734567711933E+02
  2.8613397185777183E+02
  2.8431486522272832E+02
  2.8251575560346083E+02
  2.8073985316754789E+02
  2.7898626704779861E+02
  2.7725372116215487E+02
  2.7554316528242089E+02
  2.7385378568714469E+02
  2.7218476449348032E+02
  2.7053590454087976E+02
  2.6890739125739952E+02
  2.6729824758426457E+02
  2.6570756768151966E+02
  2.6413547005631352E+02
  2.6258091454585940E+02
  2.6104424977353585E+02
  2.5952625288436241E+02
  2.5802542877445427E+02
  2.5654167165699891E+02
  2.5507490995497736E+02
  2.5362575678508728E+02
  2.5219202667241714E+02
  2.5077392401485005E+02
  2.4937286173449928E+02
  2.4798709372177638E+02
  2.4661615370181741E+02
  2.4525955439282777E+02
  2.4391794932486107E+02
  2.4259064102503791E+02
  2.4127708113189055E+02
  2.3997784379593924E+02
  2.3869368589821502E+02
  2.3742202845193290E+02
  2.3616347240896360E+02
  2.3491898521844109E+02
  2.3368782610120468E+02
  2.3246892632310181E+02
  2.3126217564020234E+02
  2.3006807406473263E+02
  2.2888735196175995E+02
  2.2771781281797323E+02
  2.2655940551589171E+02
  2.2541306675422950E+02
  2.2427825717090374E+02
  2.2315465642912253E+02
  2.2204097856520352E+02
  2.2093877588079411E+02
  2.1984810789455631E+02
  2.1876867615303826E+02
  2.1769823334984778E+02
  2.1663844203211988E+02
  2.1558914540806668E+02
  2.1455080101001928E+02
  2.1352193902938936E+02
  2.1250178697617915E+02
  2.1149187043913358E+02
  2.1049172269930909E+02
  2.0950165287494806E+02
  2.0852015461961250E+02
  2.0754684069484946E+02
  2.0658306487351373E+02
  2.0562906656708188E+02
  2.0468340522188862E+02
  2.0374616308927628E+02
  2.0281659915184517E+02
  2.0189530316756645E+02
  2.0098293593158465E+02
  2.0007898193520481E+02
  1.9918253455961334E+02
  1.9829365912622711E+02
  1.9741319059102216E+02
  1.9654045381913707E+02
  1.9567515412965398E+02
  1.9481777644028352E+02
  1.9396777562916466E+02
  1.9312456713118226E+02
  1.9228913809215857E+02
  1.9146060128138299E+02
  1.9063901849800521E+02
  1.8982495131835068E+02
  1.8901777292999478E+02
  1.8821697021330272E+02
  1.8742298791248365E+02
  1.8663522602936180E+02
  1.8585443226439696E+02
  1.8508036871794377E+02
  1.8431291731939882E+02
  1.8355124110472346E+02
  1.8279562596097429E+02
  1.8204609532247537E+02
  1.8130274397358551E+02
  1.8056588728304715E+02
  1.7983510942381346E+02
  1.7911011626820411E+02
  1.7839002269020546E+02
  1.7767564402121803E+02
  1.7696680995889906E+02
  1.7626387703520439E+02
  1.7556701583073428E+02
  1.7487574727705612E+02
  1.7418913370250988E+02
  1.7350749749734456E+02
  1.7283148967694100E+02
  1.7216049672141165E+02
  1.7149505076866151E+02
  1.7083505158547271E+02
  1.7018004078655176E+02
  1.6952943796947358E+02
  1.6888371262897209E+02
  1.6824308612456957E+02
  1.6760709918244623E+02
  1.6697594761707950E+02
  1.6634988071516071E+02
  1.6572834555649771E+02
  1.6511116987869437E+02
  1.6449864540802682E+02
  1.6389061954013809E+02
  1.6328714911188462E+02
  1.6268774581007938E+02
  1.6209292993668515E+02
  1.6150218441281476E+02
  1.6091597414787066E+02
  1.6033371852387148E+02
  1.5975589723766836E+02
  1.5918262286460242E+02
  1.5861303771613163E+02
  1.5804727376704903E+02
  1.5748508550632593E+02
  1.5692724432281156E+02
  1.5637348163094316E+02
  1.5582340254560660E+02
  1.5527727132373101E+02
  1.5473529917432981E+02
  1.5419727998402453E+02
  1.5366242174418628E+02
  1.5313071052883643E+02
  1.5260286035319615E+02
  1.5207879818857484E+02
  1.5155824998731950E+02
  1.5104128034965782E+02
  1.5052816108892907E+02
  1.5001861800129495E+02
  1.4951215981493948E+02
  1.4900899658188430E+02
  1.4850912902962276E+02
  1.4801246705450083E+02
  1.4751906464692746E+02
  1.4702897298142699E+02
  1.4653857032972633E+02
  1.4605163774022492E+02
  1.4556820103714335E+02
  1.4508755328827144E+02
  1.4461002356303337E+02
  1.4413565978629455E+02
  1.4366475649729315E+02
  1.4319689777272771E+02
  1.4273187764003265E+02
  1.4226971805549928E+02
  1.4181076462421413E+02
  1.4135498442702698E+02
  1.4090163962351008E+02
  1.4045144410348544E+02
  1.4000406969765345E+02
  1.3955967002621551E+02
  1.3911821381892716E+02
  1.3867952328497350E+02
  1.3824389068328497E+02
  1.3781081180198149E+02
  1.3738027703600835E+02
  1.3695219530768108E+02
  1.3652673458845149E+02
  1.3610407035992912E+02
  1.3568390513694857E+02
  1.3526657736635920E+02
  1.3485190506191535E+02
  1.3443966440021666E+02
  1.3403012851557423E+02
  1.3362306719462677E+02
  1.3321861844828098E+02
  1.3281654341302101E+02
  1.3241660395223758E+02
  1.3201904860342302E+02
  1.3162376273098121E+02
  1.3123089403478164E+02
  1.3084053220181846E+02
  1.3045251278043378E+02
  1.3006671628782863E+02
  1.2968338094402083E+02
  1.2930219275651908E+02
  1.2892338185418390E+02
  1.2854667049959542E+02
  1.2817203683286965E+02
  1.2779969690201878E+02
  1.2742944085058809E+02
  1.2706135826939588E+02
  1.2669562593460128E+02
  1.2633197779198638E+02
  1.2597016348146418E+02
  1.2561044822025846E+02
  1.2525270854134276E+02
  1.2489719294254780E+02
  1.2454357639398654E+02
  1.2419188153680784E+02
  1.2384217483821651E+02
  1.2349458740377941E+02
  1.2314866761171376E+02
  1.2280481602023309E+02
  1.2246307682600252E+02
  1.2212335461301913E+02
  1.2178535278714585E+02
  1.2144929710716583E+02
  1.2111499964400947E+02
  1.2078269623980167E+02
  1.2045221751458217E+02
  1.2012320215587759E+02
  1.1979581948499445E+02
  1.1947043335768522E+02
  1.1914677594165089E+02
  1.1882468563947657E+02
  1.1850449811394998E+02
  1.1818617697182343E+02
  1.1786962708672461E+02
  1.1755466160952163E+02
  1.1724141846863404E+02
  1.1692979752968726E+02
  1.1661990472534565E+02
  1.1631169922832011E+02
  1.1600502439800098E+02
  1.1569992317187231E+02
  1.1539648627547366E+02
  1.1509454763158092E+02
  1.1479407777483692E+02
  1.1449523432862003E+02
  1.1419810814098065E+02
  1.1390247202688583E+02
  1.1360832371311416E+02
  1.1331560292008244E+02
  1.1302435165528364E+02
  1.1273460554143752E+02
  1.1244635259324451E+02
  1.1215969477690174E+02
  1.1187456591834042E+02
  1.1159079213296405E+02
  1.1130825412177063E+02
  1.1102714607405120E+02
  1.1074741279998024E+02
  1.1046912623949676E+02
  1.1019234929607670E+02
  1.0991698165583647E+02
  1.0964312694071921E+02
  1.0937059021448265E+02
  1.0909936623996354E+02
  1.0882931894456964E+02
  1.0856064220912583E+02
  1.0829337919190354E+02
  1.0802745187468652E+02
  1.0776292743416238E+02
  1.0749976596458576E+02
  1.0723766711517527E+02
  1.0697668958215176E+02
  1.0671678926517500E+02
  1.0645812836855504E+02
  1.0620083350890091E+02
  1.0594490431168211E+02
  1.0569033325764843E+02
  1.0543699803284971E+02
  1.0518484599710985E+02
  1.0493369164880836E+02
  1.0468368511964991E+02
  1.0443497610803148E+02
  1.0418744354478946E+02
  1.0394110110555796E+02
  1.0369601944582595E+02
  1.0345219490616834E+02
  1.0320964198941499E+02
  1.0296805372350752E+02
  1.0272718449776411E+02
  1.0248749723758290E+02
  1.0224898355387226E+02
  1.0201169792303361E+02
  1.0177547481494717E+02
  1.0154038335346284E+02
  1.0130649312122419E+02
  1.0107374585317699E+02
  1.0084197325636565E+02
  1.0061101673640020E+02
  1.0038107736488432E+02
  1.0015223581348485E+02
  9.9924494279437369E+01
  9.9697902127283115E+01
  9.9472332555318644E+01
  9.9247687921471083E+01
  9.9024099979396894E+01
  9.8801483965062673E+01
  9.8579921813560659E+01
  9.8359245971558579E+01
  9.8139409000040843E+01
  9.7920549760223594E+01
  9.7702713091448587E+01
  9.7485949204202001E+01
  9.7270165551000900E+01
  9.7055333606574621E+01
  9.6841391412283514E+01
  9.6628308093632370E+01
  9.6416232034898954E+01
  9.6205048717961546E+01
  9.5994798586403121E+01
  9.5785482374857594E+01
  9.5577033735911598E+01
  9.5369529809705824E+01
  9.5162966586037541E+01
  9.4957384481101826E+01
  9.4752613810219700E+01
  9.4548657790763912E+01
  9.4345605890500124E+01
  9.4143513268258772E+01
  9.3942197393364879E+01
  9.3741684097351950E+01
  9.3542026840622455E+01
  9.3343161435198681E+01
  9.3145167073121044E+01
  9.2948094950663318E+01
  9.2751900065088634E+01
  9.2556330337549667E+01
  9.2361628952092005E+01
  9.2167756260114047E+01
  9.1974642119681803E+01
  9.1782388772380486E+01
  9.1590869426561724E+01
  9.1400070224985683E+01
  9.1210115444216385E+01
  9.1020991168570049E+01
  9.0832697111397408E+01
  9.0645186103463018E+01
  9.0458405244180341E+01
  9.0272307419833936E+01
  9.0087033301394897E+01
  8.9902552429883983E+01
  8.9718791916304539E+01
  8.9535836239475358E+01
  8.9353599552837110E+01
  8.9172047919019491E+01
  8.8991304935641892E+01
  8.8811321698635794E+01
  8.8631976731105837E+01
  8.8453277148928521E+01
  8.8275298874524310E+01
  8.8097992545404509E+01
  8.7921417884644057E+01
  8.7745598393702892E+01
  8.7570529105247857E+01
  8.7396121515764889E+01
  8.7222486805254348E+01
  8.7049463188161496E+01
  8.6876992942364780E+01
  8.6705258811988202E+01
  8.6534287889292528E+01
  8.6363934049841362E+01
  8.6194181827934472E+01
  8.6025105907639968E+01
  8.5856646070941196E+01
  8.5688923413805114E+01
  8.5521932278847913E+01
  8.5355644559874420E+01
  8.5189909816443162E+01
  8.5024830336111407E+01
  8.4860385943048456E+01
  8.4696556426744436E+01
  8.4533320528017839E+01
  8.4370741305007257E+01
  8.4208744341282156E+01
  8.4047371848364548E+01
  8.3886638270610547E+01
  8.3726459434814785E+01
  8.3566822366462290E+01
  8.3407829411862622E+01
  8.3249514964605083E+01
  8.3091873480431417E+01
  8.2934783887599167E+01
  8.2778258578297326E+01
  8.2622265419879113E+01
  8.2466828215516827E+01
  8.2312035825862012E+01
  8.2157790721812873E+01
  8.2004031922703177E+01
  8.1850836242546663E+01
  8.1698150906265937E+01
  8.1546083168648707E+01
  8.1394543052015365E+01
  8.1243570551625723E+01
  8.1093223654967389E+01
  8.0943457377349972E+01
  8.0794292651435768E+01
  8.0645697924593691E+01
  8.0497624590350028E+01
  8.0350037267225844E+01
  8.0202992494130726E+01
  8.0056487992184358E+01
  7.9910524113981410E+01
  7.9765054341747728E+01
  7.9620098674764492E+01
  7.9475654687409673E+01
  7.9331717523616973E+01
  7.9188269450181636E+01
  7.9045357056814254E+01
  7.8902963501667855E+01
  7.8761077847746222E+01
  7.8619753732275100E+01
  7.8478958389541006E+01
  7.8338660603672551E+01
  7.8198846251884348E+01
  7.8059505520755621E+01
  7.7920701219398737E+01
  7.7782388827571367E+01
  7.7644530634107227E+01
  7.7507157572671105E+01
  7.7370308750593551E+01
  7.7233899259204591E+01
  7.7097934087769730E+01
  7.6962297246438794E+01
  7.6827149057710940E+01
  7.6692493521164550E+01
  7.6558335740586202E+01
  7.6424693783310104E+01
  7.6291578345998687E+01
  7.6158941634790608E+01
  7.6026703050321828E+01
  7.5894906340015268E+01
  7.5763568855644252E+01
  7.5632680181699143E+01
  7.5502268533610476E+01
  7.5372218573568887E+01
  7.5242631005419355E+01
  7.5113510156698098E+01
  7.4984886722480240E+01
  7.4856677782797860E+01
  7.4728889273743263E+01
  7.4601488835798207E+01
  7.4474564477430860E+01
  7.4348042518087865E+01
  7.4221930226838239E+01
  7.4096242807827338E+01
  7.3971019070456762E+01
  7.3846201777741143E+01
  7.3721794497706284E+01
  7.3597777944220752E+01
  7.3474203492949997E+01
  7.3351058691259951E+01
  7.3228327702787510E+01
  7.3105961580895567E+01
  7.2983994446821569E+01
  7.2862478963694173E+01
  7.2741408679370949E+01
  7.2620706668183558E+01
  7.2500319520436932E+01
  7.2380288960385528E+01
  7.2260684883227427E+01
  7.2141516409824050E+01
  7.2022757426595859E+01
  7.1904420289068980E+01
  7.1786465502053446E+01
  7.1668919550284684E+01
  7.1551728919512627E+01
  7.1434902538342527E+01
  7.1318417175774911E+01
  7.1202313984591498E+01
  7.1086549007953323E+01
  7.0971156213336215E+01
  7.0856115841372073E+01
  7.0741467400807409E+01
  7.0627165739868730E+01
  7.0513266918008142E+01
  7.0399730409388582E+01
  7.0286562769680216E+01
  7.0173693473357346E+01
  7.0060726763223826E+01
  6.9948147360130179E+01
  6.9835920453663903E+01
  6.9724052420007126E+01
  6.9612550211886003E+01
  6.9501446055131467E+01
  6.9390693468563654E+01
  6.9280332276270400E+01
  6.9170347880107329E+01
  6.9060631481398786E+01
  6.8951233877302784E+01
  6.8842221928220354E+01
  6.8733557190149682E+01
  6.8625210138999847E+01
  6.8517215599013781E+01
  6.8409579788327122E+01
  6.8302280452470100E+01
  6.8195286095812307E+01
  6.8088643528498991E+01
  6.7982333539224811E+01
  6.7876296869124161E+01
  6.7770566617967432E+01
  6.7665132237924439E+01
  6.7560067990452566E+01
  6.7455356075601841E+01
  6.7351001583454547E+01
  6.7246978742050899E+01
  6.7143279796488414E+01
  6.7039912675772371E+01
  6.6936888000531127E+01
  6.6834223336873492E+01
  6.6731821160403683E+01
  6.6629668792827161E+01
  6.6527795810341971E+01
  6.6426245888187921E+01
  6.6325000254088522E+01
  6.6224099755343687E+01
  6.6123530341911135E+01
  6.6023299331432284E+01
  6.5923403223904003E+01
  6.5823819881570188E+01
  6.5724538963956306E+01
  6.5625522006067925E+01
  6.5526726238865777E+01
  6.5428168923639063E+01
  6.5329902214696574E+01
  6.5231941458805125E+01
  6.5134310910582215E+01
  6.5036934711039748E+01
  6.4939838097725044E+01
  6.4843059268766154E+01
  6.4746594870173340E+01
  6.4650456288192160E+01
  6.4554643609605748E+01
  6.4459132078299163E+01
  6.4363839942709745E+01
  6.4268773819953367E+01
  6.4173937206877724E+01
  6.4079409156512867E+01
  6.3985195375251863E+01
  6.3891279417823810E+01
  6.3797647555920058E+01
  6.3704312379247646E+01
  6.3611205809227144E+01
  6.3518375315655433E+01
  6.3425813953887449E+01
  6.3333536067188810E+01
  6.3241546273504419E+01
  6.3149821187427115E+01
  6.3058375318303568E+01
  6.2967100891827627E+01
  6.2876053930470377E+01
  6.2785294775531860E+01
  6.2694807297131334E+01
  6.2604603713067135E+01
  6.2514693301738966E+01
  6.2425029478585103E+01
  6.2335609028499611E+01
  6.2246434901292609E+01
  6.2157476400864766E+01
  6.2068793902646583E+01
  6.1980390087575728E+01
  6.1892186296983468E+01
  6.1804251260336791E+01
  6.1716552682381021E+01
  6.1629081654584766E+01
  6.1541875008344149E+01
  6.1454910776350417E+01
  6.1368213532819126E+01
  6.1281767203443337E+01
  6.1195585646279469E+01
  6.1109644007250225E+01
  6.1023930260092385E+01
  6.0938457886953913E+01
  6.0853234718372342E+01
  6.0768225741963796E+01
  6.0683452793753730E+01
  6.0598922127880385E+01
  6.0514634095195582E+01
  6.0430577134783668E+01
  6.0346742520972093E+01
  6.0263124728914981E+01
  6.0179731931604941E+01
  6.0096546208116713E+01
  6.0013591988961515E+01
  5.9930885003668443E+01
  5.9848440607171469E+01
  5.9766249243088836E+01
  5.9684280277248547E+01
  5.9602470662983052E+01
  5.9520899831986519E+01
  5.9439553983332665E+01
  5.9358412919016068E+01
  5.9277514824364147E+01
  5.9196810155117234E+01
  5.9116315518925994E+01
  5.9036046417053257E+01
  5.8955974527340892E+01
  5.8876127719855845E+01
  5.8796514304191604E+01
  5.8717144432000360E+01
  5.8637959569983238E+01
  5.8559006088926111E+01
  5.8480278161728471E+01
  5.8401782341197119E+01
  5.8323481301090304E+01
  5.8245393486641923E+01
  5.8167477857607885E+01
  5.8089718319655134E+01
  5.8012178465142505E+01
  5.7934839586257162E+01
  5.7857691142192145E+01
  5.7780767756626936E+01
  5.7704061320885302E+01
  5.7627528799713744E+01
  5.7551210500920433E+01
  5.7475123863271321E+01
  5.7399252663240333E+01
  5.7323604742986610E+01
  5.7248158201195274E+01
  5.7172904805677817E+01
  5.7097809035166961E+01
  5.7022903023740838E+01
  5.6948184058683545E+01
  5.6873656390778656E+01
  5.6799312177598431E+01
  5.6725184636762691E+01
  5.6651234975648258E+01
  5.6577473115042338E+01
  5.6503855070388397E+01
  5.6430450747049356E+01
  5.6357251181012579E+01
  5.6284234800739164E+01
  5.6211414545148813E+01
  5.6138792323526786E+01
  5.6066346232065541E+01
  5.5994104165823522E+01
  5.5922051905992234E+01
  5.5850199537806716E+01
  5.5778522148016947E+01
  5.5707036708930133E+01
  5.5635717834027886E+01
  5.5564577154260377E+01
  5.5493601098495489E+01
  5.5422808932972814E+01
  5.5352210152165547E+01
  5.5281800759266297E+01
  5.5211577706475722E+01
  5.5141504517266661E+01
  5.5071568125992684E+01
  5.5001810905266446E+01
  5.4932218784142037E+01
  5.4862822336627758E+01
  5.4793593908861837E+01
  5.4724565976356004E+01
  5.4655728992865079E+01
  5.4587071471748608E+01
  5.4518603729656249E+01
  5.4450315805646987E+01
  5.4382188011548244E+01
  5.4314211290830542E+01
  5.4246377398140325E+01
  5.4178713436600724E+01
  5.4111191054514322E+01
  5.4043836906840241E+01
  5.3976646931620138E+01
  5.3909635277970324E+01
  5.3842799388974257E+01
  5.3775936602297826E+01
  5.3709199056374139E+01
  5.3642597361599556E+01
  5.3576135500864865E+01
  5.3509855361214953E+01
  5.3443742431686154E+01
  5.3377809794193205E+01
  5.3312056414278494E+01
  5.3246493002657502E+01
  5.3181100315449335E+01
  5.3115867775692259E+01
  5.3050809936173394E+01
  5.2985888413586139E+01
  5.2921100692731990E+01
  5.2856460686382029E+01
  5.2791977034487559E+01
  5.2727645525540488E+01
  5.2663453243367663E+01
  5.2599429860390217E+01
  5.2535560297196412E+01
  5.2471870683328227E+01
  5.2408349508191691E+01
  5.2345000976929306E+01
  5.2281779356603842E+01
  5.2218704582678214E+01
  5.2155738218444625E+01
  5.2092930448260148E+01
  5.2030277665489216E+01
  5.1967776105344171E+01
  5.1905434325234729E+01
  5.1843252423871256E+01
  5.1781235561300953E+01
  5.1719384771737481E+01
  5.1657673185188187E+01
  5.1596116821215439E+01
  5.1534707846396664E+01
  5.1473414718732542E+01
  5.1412259850767782E+01
  5.1351237375971870E+01
  5.1290358431149372E+01
  5.1229624605833244E+01
  5.1169032835373301E+01
  5.1108606518028232E+01
  5.1048337315717745E+01
  5.0988218661089356E+01
  5.0928225804871715E+01
  5.0868380785486927E+01
  5.0808670298098384E+01
  5.0749049015630021E+01
  5.0689543678417401E+01
  5.0630196636301207E+01
  5.0570996898101001E+01
  5.0511958877175623E+01
  5.0453071586502574E+01
  5.0394336492517596E+01
  5.0335734214732945E+01
  5.0277273177801838E+01
  5.0218951084184880E+01
  5.0160764987406665E+01
  5.0102711135734310E+01
  5.0044795813731618E+01
  4.9987001295391160E+01
  4.9929314879696449E+01
  4.9871708036537811E+01
  4.9814238459611644E+01
  4.9756895494106246E+01
  4.9699700253360994E+01
  4.9642652380855075E+01
  4.9585760963782114E+01
  4.9529015975127031E+01
  4.9472408851092752E+01
  4.9415915351022562E+01
  4.9359526200700252E+01
  4.9303241458285179E+01
  4.9247095445802422E+01
  4.9191052708243873E+01
  4.9135153832807852E+01
  4.9079387629325403E+01
  4.9023758370170825E+01
  4.8968259299622375E+01
  4.8912888422583009E+01
  4.8857633399034121E+01
  4.8802506475034406E+01
  4.8747503696590336E+01
  4.8692638973735228E+01
  4.8637887829964328E+01
  4.8583240166226950E+01
  4.8528704677133661E+01
  4.8474295779233707E+01
  4.8420006683118466E+01
  4.8365843422774809E+01
  4.8311777925122684E+01
  4.8257848267345693E+01
  4.8204050328381960E+01
  4.8150376263512499E+01
  4.8096827374012747E+01
  4.8043407081003473E+01
  4.7990104641512190E+01
  4.7936934857188341E+01
  4.7883834814644111E+01
  4.7830866910729114E+01
  4.7778004883952178E+01
  4.7725264403434402E+01
  4.7672617533665431E+01
  4.7620107036275023E+01
  4.7567708709732706E+01
  4.7515434225353353E+01
  4.7463281857712353E+01
  4.7411245168319944E+01
  4.7359323954038850E+01
  4.7307513208481225E+01
  4.7255795983400176E+01
  4.7204192923220653E+01
  4.7152690530262944E+01
  4.7101312299748294E+01
  4.7050054710233901E+01
  4.6998924185152148E+01
  4.6947892071919583E+01
  4.6896967275944974E+01
  4.6846126085925398E+01
  4.6795403723777596E+01
  4.6744781202932352E+01
  4.6694268325069785E+01
  4.6643859282009373E+01
  4.6593568947257175E+01
  4.6543396496342446E+01
  4.6493339071265744E+01
  4.6443388368933327E+01
  4.6393526294078825E+01
  4.6343777235669002E+01
  4.6294148365151855E+01
  4.6244614585985218E+01
  4.6195204851821288E+01
  4.6145890221642844E+01
  4.6096683545978500E+01
  4.6047587389969600E+01
  4.5998595876274969E+01
  4.5949696636164333E+01
  4.5900899221448881E+01
  4.5852200576248833E+01
  4.5803585826488231E+01
  4.5755066419335307E+01
  4.5706665801410658E+01
  4.5658370327064105E+01
  4.5610179208409370E+01
  4.5562083298356264E+01
  4.5514072355532377E+01
  4.5466153854354410E+01
  4.5418348407295859E+01
  4.5370643362791618E+01
  4.5323045448635618E+01
  4.5275549104380914E+01
  4.5228155530796840E+01
  4.5180848092718939E+01
  4.5133657319890851E+01
  4.5086540121542654E+01
  4.5039519891686261E+01
  4.4992589299756162E+01
  4.4945779592594512E+01
  4.4899071865582371E+01
  4.4852462512275402E+01
  4.4805935208154125E+01
  4.4759506773474186E+01
  4.4713167522979113E+01
  4.4666937635092026E+01
  4.4620793014460098E+01
  4.4574741619271009E+01
  4.4528769485125814E+01
  4.4482890710831121E+01
  4.4437086696168677E+01
  4.4391397924709302E+01
  4.4345802404941189E+01
  4.4300323944480120E+01
  4.4254935378990638E+01
  4.4209635034545592E+01
  4.4164425118887088E+01
  4.4119303205092592E+01
  4.4074259535768533E+01
  4.4029317531323628E+01
  4.3984468227110732E+01
  4.3939721444310507E+01
  4.3895069069511337E+01
  4.3850524135183207E+01
  4.3806046280711584E+01
  4.3761639659014499E+01
  4.3717301800650787E+01
  4.3673056314708070E+01
  4.3628884944746169E+01
  4.3584822930272040E+01
  4.3540848926853926E+01
  4.3496984124453597E+01
  4.3453203511488574E+01
  4.3409525821475562E+01
  4.3365929877885534E+01
  4.3322428620342237E+01
  4.3279012693509188E+01
  4.3235673391292273E+01
  4.3192413940848105E+01
  4.3149236287717741E+01
  4.3106127455032933E+01
  4.3063111240628743E+01
  4.3020168131026360E+01
  4.2977325193756869E+01
  4.2934569847271582E+01
  4.2891904754609513E+01
  4.2849305129684751E+01
  4.2806803388001526E+01
  4.2764381878437000E+01
  4.2722042653183394E+01
  4.2679769332173585E+01
  4.2637478158327369E+01
  4.2595267137204331E+01
  4.2553153777565946E+01
  4.2511114402389978E+01
  4.2469173201909470E+01
  4.2427287993222258E+01
  4.2385482849071423E+01
  4.2343756375319131E+01
  4.2302135057514597E+01
  4.2260594960581223E+01
  4.2219138537561733E+01
  4.2177740064049772E+01
  4.2136443144192377E+01
  4.2095228983064274E+01
  4.2054105672736803E+01
  4.2013051460027484E+01
  4.1972080255749617E+01
  4.1931177399921545E+01
  4.1890363564529189E+01
  4.1849630022957285E+01
  4.1808987821766060E+01
  4.1768422367440785E+01
  4.1727929171172903E+01
  4.1687498639486002E+01
  4.1647142488597666E+01
  4.1606856318265152E+01
  4.1566623886324841E+01
  4.1526468355985251E+01
  4.1486402281606559E+01
  4.1446418929986550E+01
  4.1406517369772757E+01
  4.1366693479708275E+01
  4.1326957831393123E+01
  4.1287300308640617E+01
  4.1247709843804117E+01
  4.1208187365987627E+01
  4.1168752464749993E+01
  4.1129393986657462E+01
  4.1090094161537174E+01
  4.1050863550952890E+01
  4.1011714721712956E+01
  4.0972633895846300E+01
  4.0933627603444450E+01
  4.0894706547519256E+01
  4.0855870953822823E+01
  4.0817115178871987E+01
  4.0778440980699379E+01
  4.0739829339315214E+01
  4.0701270479311098E+01
  4.0662775078904495E+01
  4.0624339764091488E+01
  4.0585977977672279E+01
  4.0547699611541738E+01
  4.0509503917216968E+01
  4.0471391687015519E+01
  4.0433363074496384E+01
  4.0395411691798053E+01
  4.0357528535022155E+01
  4.0319719603033683E+01
  4.0281970889188834E+01
  4.0244279444158785E+01
  4.0206638610357373E+01
  4.0169058463148190E+01
  4.0131549476082732E+01
  4.0094121213671997E+01
  4.0056762781617074E+01
  4.0019471618656290E+01
  3.9982259710527757E+01
  3.9945126590356452E+01
  3.9908065577654348E+01
  3.9871083957155697E+01
  3.9834172751367070E+01
  3.9797336501358892E+01
  3.9760564929953432E+01
  3.9723821117154678E+01
  3.9687137353589733E+01
  3.9650527058007853E+01
  3.9613988653595968E+01
  3.9577522921147292E+01
  3.9541112609464491E+01
  3.9504775146090658E+01
  3.9468511546652131E+01
  3.9432214980313034E+01
  3.9395991146540645E+01
  3.9359839255515162E+01
  3.9323759674772781E+01
  3.9287740676841373E+01
  3.9251775681558371E+01
  3.9215868648061438E+01
  3.9180029296548888E+01
  3.9144248300889714E+01
  3.9108535849521814E+01
  3.9072893597166910E+01
  3.9037317196978918E+01
  3.9001813787479136E+01
  3.8966381678232466E+01
  3.8931021840765105E+01
  3.8895727281796887E+01
  3.8860496840526672E+01
  3.8825320485785582E+01
  3.8790196219817268E+01
  3.8755131942728049E+01
  3.8720118945423906E+01
  3.8685173176204792E+01
  3.8650297369010815E+01
  3.8615486254630355E+01
  3.8580741859194923E+01
  3.8546066537593831E+01
  3.8511455625793957E+01
  3.8476910941727361E+01
  3.8442428054427602E+01
  3.8408010564417495E+01
  3.8373653655473049E+01
  3.8339358554718331E+01
  3.8305109170417147E+01
  3.8270918790358927E+01
  3.8236788006531803E+01
  3.8202710493401113E+01
  3.8168702365501112E+01
  3.8134756204742935E+01
  3.8100874948879813E+01
  3.8067045413458544E+01
  3.8033275946120732E+01
  3.7999575290703461E+01
  3.7965933757303873E+01
  3.7932348925406409E+01
  3.7898828883259725E+01
  3.7865378108086759E+01
  3.7831989693217416E+01
  3.7798653234814878E+01
  3.7765379392396312E+01
  3.7732159054012477E+01
  3.7698984146233592E+01
  3.7665867867638021E+01
  3.7632812915935240E+01
  3.7599822013968605E+01
  3.7566896746058184E+01
  3.7534036992293366E+01
  3.7501239543265854E+01
  3.7468506052195529E+01
  3.7435833321099445E+01
  3.7403206706615968E+01
  3.7370634891398360E+01
  3.7338101282713417E+01
  3.7305607318371472E+01
  3.7273175462986167E+01
  3.7240807574956499E+01
  3.7208501219664988E+01
  3.7176249166898408E+01
  3.7144053893540942E+01
  3.7111918432593207E+01
  3.7079835224218215E+01
  3.7047806168780660E+01
  3.7015828255968280E+01
  3.6983904022913691E+01
  3.6952030408318876E+01
  3.6920217261794171E+01
  3.6888463346432054E+01
  3.6856771170108857E+01
  3.6825126001170624E+01
  3.6793534735244940E+01
  3.6762005384999760E+01
  3.6730524095857483E+01
  3.6699089549866216E+01
  3.6667700406630374E+01
  3.6636359352654807E+01
  3.6605072162854455E+01
  3.6573846556517466E+01
  3.6542684014061770E+01
  3.6511578164039690E+01
  3.6480531230591509E+01
  3.6449536140720006E+01
  3.6418587411370964E+01
  3.6387689509109691E+01
  3.6356850518899492E+01
  3.6326056301452162E+01
  3.6295309012769152E+01
  3.6264612435509207E+01
  3.6233964350894837E+01
  3.6203367892273945E+01
  3.6172826095895381E+01
  3.6142344824394428E+01
  3.6111913447076127E+01
  3.6081524474008518E+01
  3.6051188316566524E+01
  3.6020911790290057E+01
  3.5990692114330244E+01
  3.5960523936298685E+01
  3.5930391424481350E+01
  3.5900302966435063E+01
  3.5870273230455183E+01
  3.5840291513807358E+01
  3.5810342142926721E+01
  3.5780446210072178E+01
  3.5750604167017620E+01
  3.5720810191021663E+01
  3.5691073258343060E+01
  3.5661390116215024E+01
  3.5631761682979509E+01
  3.5602189074139261E+01
  3.5572672805128768E+01
  3.5543196249200790E+01
  3.5513769427698705E+01
  3.5484387619507842E+01
  3.5455058411846835E+01
  3.5425782010938867E+01
  3.5396547344812035E+01
  3.5367368473548986E+01
  3.5338238846032866E+01
  3.5309147512840134E+01
  3.5280110217537207E+01
  3.5251123267793211E+01
  3.5222185848632783E+01
  3.5193272345767106E+01
  3.5164402954939952E+01
  3.5135587581173226E+01
  3.5106826590324978E+01
  3.5078109902029937E+01
  3.5049438490287443E+01
  3.5020816766394184E+01
  3.4992238321460704E+01
  3.4963708638259696E+01
  3.4935228991207190E+01
  3.4906795916479091E+01
  3.4878405551784446E+01
  3.4850057637300992E+01
  3.4821745701463193E+01
  3.4793476879020638E+01
  3.4765251890000130E+01
  3.4737073356224464E+01
  3.4708943686919554E+01
  3.4680863756815043E+01
  3.4652833359411311E+01
  3.4624852277677363E+01
  3.4596917556780603E+01
  3.4569024534744791E+01
  3.4541181049026257E+01
  3.4513390377142549E+01
  3.4485644929098548E+01
  3.4457942213953764E+01
  3.4430273196537769E+01
  3.4402642818048008E+01
  3.4375056436124403E+01
  3.4347520195299914E+01
  3.4320021651356981E+01
  3.4292572051026852E+01
  3.4265162538597828E+01
  3.4237796572684985E+01
  3.4210480191403249E+01
  3.4183206516911405E+01
  3.4155979014956117E+01
  3.4128795509931649E+01
  3.4101652433435213E+01
  3.4074557607069238E+01
  3.4047495411837588E+01
  3.4020478171589829E+01
  3.3993509633385983E+01
  3.3966584224892948E+01
  3.3939701023818415E+01
  3.3912858894811919E+01
  3.3886060440450507E+01
  3.3859301546546448E+01
  3.3832579978845494E+01
  3.3805900518774941E+01
  3.3779264006419474E+01
  3.3752667169945440E+01
  3.3726117768845668E+01
  3.3699590565364886E+01
  3.3673097717412872E+01
  3.3646634632766300E+01
  3.3620215204798818E+01
  3.3593844040362470E+01
  3.3567521838682502E+01
  3.3541248456565221E+01
  3.3515023129266964E+01
  3.3488845233405307E+01
  3.3462713719163062E+01
  3.3436613197678746E+01
  3.3410550231297726E+01
  3.3384528434024951E+01
  3.3358540353701905E+01
  3.3332587783707595E+01
  3.3306673324187976E+01
  3.3280805670182950E+01
  3.3254977517156618E+01
  3.3229193397121861E+01
  3.3203446358811007E+01
  3.3177743018811960E+01
  3.3152077704608757E+01
  3.3126454144801201E+01
  3.3100874522907169E+01
  3.3075337824104601E+01
  3.3049841886833804E+01
  3.3024381374096222E+01
  3.2998955591226817E+01
  3.2973564080820836E+01
  3.2948210821987068E+01
  3.2922898320942551E+01
  3.2897626953741380E+01
  3.2872398626927648E+01
  3.2847212312208597E+01
  3.2822064288673417E+01
  3.2796947153952686E+01
  3.2771870020194648E+01
  3.2746833729387042E+01
  3.2721836431069605E+01
  3.2696866278910321E+01
  3.2671933536203575E+01
  3.2647031221551735E+01
  3.2622172342182196E+01
  3.2597353847765469E+01
  3.2572566117545833E+01
  3.2547816418243890E+01
  3.2523104615924211E+01
  3.2498434570422418E+01
  3.2473796531317703E+01
  3.2449195853253684E+01
  3.2424635158065705E+01
  3.2400118055750681E+01
  3.2375636035990091E+01
  3.2351195203073125E+01
  3.2326787449775637E+01
  3.2302409011248727E+01
  3.2278064365052728E+01
  3.2253752800928446E+01
  3.2229476243406566E+01
  3.2205241291270021E+01
  3.2181046580192877E+01
  3.2156893779477805E+01
  3.2132781804088587E+01
  3.2108706585895661E+01
  3.2084665702527069E+01
  3.2060657277303640E+01
  3.2036683663717845E+01
  3.2012746399043323E+01
  3.1988828272403200E+01
  3.1964943648074108E+01
  3.1941091624947092E+01
  3.1917279655522702E+01
  3.1893505890814097E+01
  3.1869769562033717E+01
  3.1846071996688458E+01
  3.1822414991503837E+01
  3.1798795873319449E+01
  3.1775211927419573E+01
  3.1751660399995462E+01
  3.1728136437410758E+01
  3.1704650539649656E+01
  3.1681200872661865E+01
  3.1657784392958128E+01
  3.1634404273419225E+01
  3.1611058608687348E+01
  3.1587745662044327E+01
  3.1564471269202198E+01
  3.1541237097868450E+01
  3.1518038744488862E+01
  3.1494873958121321E+01
  3.1471742291591607E+01
  3.1448638351758646E+01
  3.1425569680712012E+01
  3.1402526894609906E+01
  3.1379509767698824E+01
  3.1356530104476118E+01
  3.1333590387808325E+01
  3.1310690329160092E+01
  3.1287824550460982E+01
  3.1264980667435516E+01
  3.1242160694658935E+01
  3.1219367138420399E+01
  3.1196606091767531E+01
  3.1173878653601150E+01
  3.1151190035894015E+01
  3.1128537821104644E+01
  3.1105921599764827E+01
  3.1083338404742388E+01
  3.1060783500641563E+01
  3.1038261932493068E+01
  3.1015767098354974E+01
  3.0993307077817594E+01
  3.0970884110407692E+01
  3.0948497091917751E+01
  3.0926145005188843E+01
  3.0903822224924802E+01
  3.0881534534582762E+01
  3.0859274751100052E+01
  3.0837049250672958E+01
  3.0814859347734824E+01
  3.0792699597593675E+01
  3.0770566919414616E+01
  3.0748468344516990E+01
  3.0726387082717707E+01
  3.0704336784604013E+01
  3.0682321198574346E+01
  3.0660340439371033E+01
  3.0638390871180214E+01
  3.0616476143789381E+01
  3.0594596099378300E+01
  3.0572748180518385E+01
  3.0550929641917392E+01
  3.0529137939388697E+01
  3.0507376981205407E+01
  3.0485644632372111E+01
  3.0463946350871737E+01
  3.0442278281876689E+01
  3.0420641315664891E+01
  3.0399035749456612E+01
  3.0377455277983792E+01
  3.0355904857920450E+01
  3.0334387138115392E+01
  3.0312903323602072E+01
  3.0291450084158019E+01
  3.0270032084280142E+01
  3.0248645113036790E+01
  3.0227290124815404E+01
  3.0205970195194077E+01
  3.0184676049155051E+01
  3.0163413047354407E+01
  3.0142176816057219E+01
  3.0120956749423026E+01
  3.0099766941766596E+01
  3.0078610780838911E+01
  3.0057479961655755E+01
  3.0036370521189887E+01
  3.0015294247509896E+01
  2.9994250657082905E+01
  2.9973237444233913E+01
  2.9952254847684479E+01
  2.9931300645729007E+01
  2.9910325796954318E+01
  2.9889385085202580E+01
  2.9868475205010775E+01
  2.9847591214967373E+01
  2.9826737698745312E+01
  2.9805909559969265E+01
  2.9785112714214023E+01
  2.9764350475044296E+01
  2.9743618234350638E+01
  2.9722915185575058E+01
  2.9702191154370009E+01
  2.9681491550580198E+01
  2.9660819672574657E+01
  2.9640175028527622E+01
  2.9619558371692413E+01
  2.9598971317702979E+01
  2.9578412363867560E+01
  2.9557879473970534E+01
  2.9537378722942119E+01
  2.9516911300006583E+01
  2.9496475833754960E+01
  2.9476060983765045E+01
  2.9455666861575146E+01
  2.9435300163017629E+01
  2.9414964671888864E+01
  2.9394662829885565E+01
  2.9374394191657998E+01
  2.9354154919462779E+01
  2.9333928073601630E+01
  2.9313721236940712E+01
  2.9293542423659481E+01
  2.9273393474700161E+01
  2.9253269067189954E+01
  2.9233174800900137E+01
  2.9213113167520660E+01
  2.9193084654255216E+01
  2.9173089173764186E+01
  2.9153126575091132E+01
  2.9133196767314907E+01
  2.9113298313406599E+01
  2.9093421060139342E+01
  2.9073561529204682E+01
  2.9053724437112798E+01
  2.9033914327860913E+01
  2.9014131738608160E+01
  2.8994377948551151E+01
  2.8974649771283044E+01
  2.8954945904856377E+01
  2.8935271812398117E+01
  2.8915625012237001E+01
  2.8896008262296355E+01
  2.8876422661996678E+01
  2.8856867152593804E+01
  2.8837338889559987E+01
  2.8817835633925320E+01
  2.8798355332309509E+01
  2.8778903417824591E+01
  2.8759477938392493E+01
  2.8740078222514398E+01
  2.8720701498115083E+01
  2.8701347969566783E+01
  2.8682024818443232E+01
  2.8662731435404829E+01
  2.8643464943425663E+01
  2.8624226429375259E+01
  2.8605011282204817E+01
  2.8585814085799576E+01
  2.8566638182183894E+01
  2.8547480566785556E+01
  2.8528344185058309E+01
  2.8509234685957352E+01
  2.8490153868172694E+01
  2.8471101571403288E+01
  2.8452079418995535E+01
  2.8433086965111578E+01
  2.8414122126178686E+01
  2.8395183188693501E+01
  2.8376273054960528E+01
  2.8357385387857239E+01
  2.8338518790167175E+01
  2.8319674363877912E+01
  2.8300858976323592E+01
  2.8282068416163927E+01
  2.8263304084601586E+01
  2.8244567539357664E+01
  2.8225851270270997E+01
  2.8207159484028200E+01
  2.8188494878482153E+01
  2.8169856960664543E+01
  2.8151245231480814E+01
  2.8132655920944028E+01
  2.8114090108340690E+01
  2.8095549608292160E+01
  2.8077033203812778E+01
  2.8058543009065961E+01
  2.8040078691615992E+01
  2.8021637246230135E+01
  2.8003217188821992E+01
  2.7984819719576972E+01
  2.7966441461563434E+01
  2.7948088423472939E+01
  2.7929760741547867E+01
  2.7911458118090426E+01
  2.7893177504634480E+01
  2.7874921100781297E+01
  2.7856691251232014E+01
  2.7838485201871048E+01
  2.7820299379932354E+01
  2.7802130308293933E+01
  2.7783985919524770E+01
  2.7765867796096671E+01
  2.7747777134762931E+01
  2.7729705299594563E+01
  2.7711655548403957E+01
  2.7693632876023475E+01
  2.7675632158790123E+01
  2.7657656275780635E+01
  2.7639706802104442E+01
  2.7621782126796791E+01
  2.7603883722229860E+01
  2.7586004003964593E+01
  2.7568145498979408E+01
  2.7550308138321050E+01
  2.7532495002289000E+01
  2.7514707092774149E+01
  2.7496945141113191E+01
  2.7479209375559602E+01
  2.7461493930286689E+01
  2.7443793169924156E+01
  2.7426114585146745E+01
  2.7408460887985139E+01
  2.7390829738847632E+01
  2.7373218815169295E+01
  2.7355634250686560E+01
  2.7338076639947158E+01
  2.7320544912871696E+01
  2.7303031035773056E+01
  2.7285540763171571E+01
  2.7268073474723934E+01
  2.7250626092856315E+01
  2.7233203221736815E+01
  2.7215797620402608E+01
  2.7198407662956299E+01
  2.7181037531222074E+01
  2.7163691679154731E+01
  2.7146371708732897E+01
  2.7129078135758281E+01
  2.7111810820378928E+01
  2.7094568703475193E+01
  2.7077348799709000E+01
  2.7060146573284815E+01
  2.7042959223911783E+01
  2.7025794168338237E+01
  2.7008654253526821E+01
  2.6991540373772942E+01
  2.6974444643262583E+01
  2.6957369806324426E+01
  2.6940319835305136E+01
  2.6923289981253134E+01
  2.6906281496085551E+01
  2.6889292444603264E+01
  2.6872326003285952E+01
  2.6855380599188198E+01
  2.6838460228701685E+01
  2.6821560335323571E+01
  2.6804684390693271E+01
  2.6787823365665556E+01
  2.6770981840763870E+01
  2.6754162797532924E+01
  2.6737361770027274E+01
  2.6720577920571102E+01
  2.6703817411796869E+01
  2.6687081650994120E+01
  2.6670369016101862E+01
  2.6653672931880635E+01
  2.6636996805566685E+01
  2.6620343259650088E+01
  2.6603711809716913E+01
  2.6587104649472053E+01
  2.6570519551792792E+01
  2.6553952244778952E+01
  2.6537404353610558E+01
  2.6520874342102456E+01
  2.6504365888461482E+01
  2.6487877047535694E+01
  2.6471412114439165E+01
  2.6454970958143278E+01
  2.6438548104021571E+01
  2.6422141856468091E+01
  2.6405753965076723E+01
  2.6389384486408641E+01
  2.6373037502434787E+01
  2.6356708910534401E+01
  2.6340402394738486E+01
  2.6324117384604701E+01
  2.6307853378225495E+01
  2.6291611699882797E+01
  2.6275392631711394E+01
  2.6259189640344339E+01
  2.6243005078977614E+01
  2.6226836148002135E+01
  2.6210689360082331E+01
  2.6194566005603459E+01
  2.6178464210908768E+01
  2.6162378965006059E+01
  2.6146312966514728E+01
  2.6130267172623665E+01
  2.6114240038201466E+01
  2.6098235682759782E+01
  2.6082253280099426E+01
  2.6066286996820704E+01
  2.6050340121999714E+01
  2.6034411072916665E+01
  2.6018499711641930E+01
  2.6002607929413930E+01
  2.5986729083608761E+01
  2.5970868953788511E+01
  2.5955023911200570E+01
  2.5939200807083864E+01
  2.5923399921901119E+01
  2.5907618736536282E+01
  2.5891858678031525E+01
  2.5876120779180486E+01
  2.5860405521101313E+01
  2.5844709482511565E+01
  2.5829030721558215E+01
  2.5813370889335825E+01
  2.5797725801782320E+01
  2.5782102248969590E+01
  2.5766497578054246E+01
  2.5750911143571358E+01
  2.5735342014690822E+01
  2.5719791027147657E+01
  2.5704258905010441E+01
  2.5688746253158811E+01
  2.5673254685804608E+01
  2.5657785403013609E+01
  2.5642332885990157E+01
  2.5626897816066371E+01
  2.5611482175470378E+01
  2.5596086975422320E+01
  2.5580711619022441E+01
  2.5565352022245001E+01
  2.5550006384618523E+01
  2.5534677120158783E+01
  2.5519362807649653E+01
  2.5504065800185515E+01
  2.5488787061315847E+01
  2.5473526764876201E+01
  2.5458286761823764E+01
  2.5443062364866723E+01
  2.5427853456880207E+01
  2.5412662746401562E+01
  2.5397491475642244E+01
  2.5382339697961864E+01
  2.5367207252847052E+01
  2.5352090563900681E+01
  2.5336992954245869E+01
  2.5321916811698514E+01
  2.5306862237962495E+01
  2.5291824812107624E+01
  2.5276806683275435E+01
  2.5261800778643398E+01
  2.5246808153762252E+01
  2.5231829453999822E+01
  2.5216871095923754E+01
  2.5201933614956200E+01
  2.5187017047147911E+01
  2.5172121141842009E+01
  2.5157242688203659E+01
  2.5142380611857220E+01
  2.5127534494570789E+01
  2.5112705639603210E+01
  2.5097895432835333E+01
  2.5083100692766852E+01
  2.5068320052148579E+01
  2.5053559407365736E+01
  2.5038817235121634E+01
  2.5024094448593399E+01
  2.5009386245497247E+01
  2.4994693458373753E+01
  2.4980017940864027E+01
  2.4965362590730575E+01
  2.4950725518585095E+01
  2.4936104428277922E+01
  2.4921502591303124E+01
  2.4906916934499424E+01
  2.4892344609232410E+01
  2.4877786312553315E+01
  2.4863241369596700E+01
  2.4848712410409778E+01
  2.4834200707751300E+01
