-0.00000E+00
-0.00000E+00
-0.00000E+00
-0.00000E+00
-0.00000E+00
-0.00000E+00
-0.00000E+00
-0.00000E+00
-0.00000E+00
-0.00000E+00
-0.00000E+00
-0.00000E+00
-0.00000E+00
-0.00000E+00
-0.00000E+00
-0.00000E+00
-0.00000E+00
-0.00000E+00
-0.00000E+00
-0.00000E+00
-0.00000E+00
-0.00000E+00
-0.00000E+00
-0.00000E+00
-0.00000E+00
-0.00000E+00
-0.00000E+00
-0.00000E+00
-0.00000E+00
-0.00000E+00
-0.00000E+00
-0.00000E+00
-0.00000E+00
-0.00000E+00
-0.00000E+00
-0.00000E+00
-0.00000E+00
-0.00000E+00
-0.00000E+00
-0.00000E+00
 3.15778E-08
 1.11144E-08
 4.49433E-09
 2.09888E-09
 1.17168E-09
 9.74566E-10
 1.29268E-09
 2.04061E-09
 2.99905E-09
 3.62749E-09
 3.45742E-09
 2.69930E-09
 1.89703E-09
 1.30422E-09
 9.44653E-10
 7.20314E-10
 5.71659E-10
 4.67360E-10
 3.90841E-10
 3.32748E-10
 2.87443E-10
 2.51336E-10
 2.22048E-10
 1.97941E-10
 1.77863E-10
 1.60977E-10
 1.46667E-10
 1.34473E-10
 1.24043E-10
 1.15104E-10
 1.07447E-10
 1.00906E-10
 9.53491E-11
 9.06729E-11
 8.67951E-11
 8.36513E-11
 8.11915E-11
 7.93777E-11
 7.81831E-11
 7.75900E-11
 1.19732E-08
 8.40967E-09
 4.90932E-09
 3.01569E-09
 2.36541E-09
 2.66775E-09
 3.71417E-09
 5.14248E-09
 6.28515E-09
 6.46053E-09
 5.60841E-09
 4.32713E-09
 3.14053E-09
 2.30273E-09
 1.74229E-09
 1.36357E-09
 1.09884E-09
 9.06933E-10
 7.63256E-10
 6.52709E-10
 5.65686E-10
 4.95855E-10
 4.38913E-10
 3.91856E-10
 3.52533E-10
 3.19376E-10
 2.91219E-10
 2.67183E-10
 2.46593E-10
 2.28927E-10
 2.13780E-10
 2.00828E-10
 1.89818E-10
 1.80547E-10
 1.72856E-10
 1.66619E-10
 1.61737E-10
 1.58136E-10
 1.55765E-10
 1.54587E-10
-1.97425E-09
 5.03688E-09
 4.25270E-09
 4.01980E-09
 4.43420E-09
 5.44931E-09
 6.76852E-09
 7.90364E-09
 8.31537E-09
 7.74099E-09
 6.47335E-09
 5.05482E-09
 3.87436E-09
 2.99120E-09
 2.35350E-09
 1.89232E-09
 1.55315E-09
 1.29827E-09
 1.10254E-09
 9.49148E-10
 8.26736E-10
 7.27483E-10
 6.45894E-10
 5.78035E-10
 5.21037E-10
 4.72776E-10
 4.31652E-10
 3.96446E-10
 3.66218E-10
 3.40233E-10
 3.17915E-10
 2.98808E-10
 2.82546E-10
 2.68842E-10
 2.57464E-10
 2.48231E-10
 2.41001E-10
 2.35666E-10
 2.32152E-10
 2.30407E-10
-2.87489E-09
-1.41523E-09
 2.70150E-09
 4.70276E-09
 6.00115E-09
 7.29907E-09
 8.39861E-09
 8.92751E-09
 8.70766E-09
 7.80120E-09
 6.55268E-09
 5.30010E-09
 4.25157E-09
 3.42396E-09
 2.78687E-09
 2.29894E-09
 1.92314E-09
 1.63048E-09
 1.39948E-09
 1.21460E-09
 1.06463E-09
 9.41449E-10
 8.39146E-10
 7.53352E-10
 6.80805E-10
 6.19038E-10
 5.66166E-10
 5.20732E-10
 4.81599E-10
 4.47872E-10
 4.18841E-10
 3.93941E-10
 3.72718E-10
 3.54810E-10
 3.39927E-10
 3.27839E-10
 3.18368E-10
 3.11377E-10
 3.06769E-10
 3.04481E-10
-2.84819E-09
-1.15849E-09
 2.08053E-09
 4.17859E-09
 6.12383E-09
 7.53802E-09
 8.48354E-09
 8.56301E-09
 8.12097E-09
 7.27512E-09
 6.25238E-09
 5.26224E-09
 4.39172E-09
 3.66377E-09
 3.07080E-09
 2.59340E-09
 2.20999E-09
 1.90102E-09
 1.65031E-09
 1.44515E-09
 1.27572E-09
 1.13454E-09
 1.01589E-09
 9.15424E-10
 8.29792E-10
 7.56404E-10
 6.93241E-10
 6.38716E-10
 5.91574E-10
 5.50815E-10
 5.15637E-10
 4.85397E-10
 4.59576E-10
 4.37754E-10
 4.19595E-10
 4.04832E-10
 3.93255E-10
 3.84705E-10
 3.79067E-10
 3.76267E-10
-1.16024E-09
 9.34774E-11
 2.22443E-09
 4.13331E-09
 5.71062E-09
 6.79658E-09
 7.31185E-09
 7.55842E-09
 7.21075E-09
 6.58167E-09
 5.83819E-09
 5.08540E-09
 4.38593E-09
 3.76818E-09
 3.23910E-09
 2.79387E-09
 2.42242E-09
 2.11328E-09
 1.85560E-09
 1.63998E-09
 1.45858E-09
 1.30509E-09
 1.17445E-09
 1.06266E-09
 9.66535E-10
 8.83547E-10
 8.11679E-10
 7.49318E-10
 6.95167E-10
 6.48176E-10
 6.07495E-10
 5.72435E-10
 5.42433E-10
 5.17033E-10
 4.95867E-10
 4.78638E-10
 4.65116E-10
 4.55122E-10
 4.48528E-10
 4.45252E-10
 4.63655E-10
 1.27036E-09
 2.61164E-09
 3.99046E-09
 5.16086E-09
 5.98340E-09
 6.40415E-09
 6.51007E-09
 6.33987E-09
 5.93739E-09
 5.41525E-09
 4.85162E-09
 4.29789E-09
 3.78386E-09
 3.32354E-09
 2.92057E-09
 2.57253E-09
 2.27407E-09
 2.01885E-09
 1.80057E-09
 1.61352E-09
 1.45278E-09
 1.31417E-09
 1.19423E-09
 1.09014E-09
 9.99568E-10
 9.20610E-10
 8.51711E-10
 7.91598E-10
 7.39226E-10
 6.93733E-10
 6.54415E-10
 6.20689E-10
 5.92080E-10
 5.68201E-10
 5.48739E-10
 5.33447E-10
 5.22137E-10
 5.14671E-10
 5.10961E-10
 1.64791E-09
 2.15292E-09
 2.98696E-09
 3.90373E-09
 4.71423E-09
 5.29851E-09
 5.64033E-09
 5.75062E-09
 5.66055E-09
 5.39966E-09
 5.03072E-09
 4.60742E-09
 4.17007E-09
 3.74581E-09
 3.35065E-09
 2.99234E-09
 2.67305E-09
 2.39164E-09
 2.14515E-09
 1.92992E-09
 1.74217E-09
 1.57834E-09
 1.43520E-09
 1.30996E-09
 1.20023E-09
 1.10397E-09
 1.01948E-09
 9.45318E-10
 8.80290E-10
 8.23395E-10
 7.73798E-10
 7.30801E-10
 6.93827E-10
 6.62397E-10
 6.36117E-10
 6.14668E-10
 5.97797E-10
 5.85309E-10
 5.77060E-10
 5.72959E-10
 2.44162E-09
 2.74966E-09
 3.26607E-09
 3.85886E-09
 4.40788E-09
 4.83051E-09
 5.09397E-09
 5.19390E-09
 5.14459E-09
 4.96790E-09
 4.70014E-09
 4.37719E-09
 4.02916E-09
 3.67865E-09
 3.34090E-09
 3.02507E-09
 2.73572E-09
 2.47427E-09
 2.24018E-09
 2.03179E-09
 1.84691E-09
 1.68320E-09
 1.53833E-09
 1.41019E-09
 1.29685E-09
 1.19662E-09
 1.10802E-09
 1.02979E-09
 9.60849E-10
 9.00267E-10
 8.47261E-10
 8.01165E-10
 7.61422E-10
 7.27564E-10
 6.99202E-10
 6.76021E-10
 6.57765E-10
 6.44240E-10
 6.35301E-10
 6.30855E-10
 2.95979E-09
 3.14843E-09
 3.47160E-09
 3.85424E-09
 4.22159E-09
 4.51685E-09
 4.70882E-09
 4.78676E-09
 4.75493E-09
 4.62695E-09
 4.42471E-09
 4.17202E-09
 3.89074E-09
 3.59872E-09
 3.30924E-09
 3.03133E-09
 2.77048E-09
 2.52955E-09
 2.30952E-09
 2.11015E-09
 1.93050E-09
 1.76920E-09
 1.62475E-09
 1.49562E-09
 1.38036E-09
 1.27762E-09
 1.18619E-09
 1.10498E-09
 1.03305E-09
 9.69564E-10
 9.13812E-10
 8.65177E-10
 8.23133E-10
 7.87234E-10
 7.57108E-10
 7.32447E-10
 7.13003E-10
 6.98585E-10
 6.89050E-10
 6.84305E-10
 3.29751E-09
 3.41406E-09
 3.61758E-09
 3.86392E-09
 4.10621E-09
 4.30574E-09
 4.43740E-09
 4.48946E-09
 4.46127E-09
 4.36025E-09
 4.19971E-09
 3.99544E-09
 3.76306E-09
 3.51626E-09
 3.26602E-09
 3.02051E-09
 2.78532E-09
 2.56392E-09
 2.35818E-09
 2.16881E-09
 1.99572E-09
 1.83835E-09
 1.69583E-09
 1.56718E-09
 1.45135E-09
 1.34732E-09
 1.25413E-09
 1.17089E-09
 1.09680E-09
 1.03113E-09
 9.73248E-10
 9.22599E-10
 8.78698E-10
 8.41131E-10
 8.09548E-10
 7.83655E-10
 7.63216E-10
 7.48046E-10
 7.38008E-10
 7.33011E-10
 3.52053E-09
 3.59280E-09
 3.72065E-09
 3.87742E-09
 4.03342E-09
 4.16240E-09
 4.24554E-09
 4.27243E-09
 4.24041E-09
 4.15307E-09
 4.01843E-09
 3.84699E-09
 3.64980E-09
 3.43722E-09
 3.21807E-09
 2.99938E-09
 2.78637E-09
 2.58264E-09
 2.39048E-09
 2.21118E-09
 2.04523E-09
 1.89265E-09
 1.75306E-09
 1.62592E-09
 1.51053E-09
 1.40618E-09
 1.31212E-09
 1.22766E-09
 1.15212E-09
 1.08490E-09
 1.02545E-09
 9.73272E-10
 9.27930E-10
 8.89046E-10
 8.56296E-10
 8.29409E-10
 8.08161E-10
 7.92376E-10
 7.81924E-10
 7.76720E-10
 3.67164E-09
 3.71595E-09
 3.79477E-09
 3.89166E-09
 3.98761E-09
 4.06491E-09
 4.10993E-09
 4.11429E-09
 4.07489E-09
 3.99317E-09
 3.87397E-09
 3.72427E-09
 3.55195E-09
 3.36475E-09
 3.16967E-09
 2.97258E-09
 2.77813E-09
 2.58977E-09
 2.40994E-09
 2.24018E-09
 2.08139E-09
 1.93394E-09
 1.79785E-09
 1.67290E-09
 1.55869E-09
 1.45474E-09
 1.36052E-09
 1.27550E-09
 1.19913E-09
 1.13091E-09
 1.07038E-09
 1.01711E-09
 9.70702E-10
 9.30826E-10
 8.97183E-10
 8.69524E-10
 8.47642E-10
 8.31373E-10
 8.20594E-10
 8.15225E-10
 3.77850E-09
 3.80458E-09
 3.85080E-09
 3.90685E-09
 3.96044E-09
 3.99969E-09
 4.01497E-09
 3.99992E-09
 3.95171E-09
 3.87074E-09
 3.75999E-09
 3.62419E-09
 3.46897E-09
 3.30016E-09
 3.12327E-09
 2.94314E-09
 2.76379E-09
 2.58840E-09
 2.41932E-09
 2.25822E-09
 2.10620E-09
 1.96387E-09
 1.83151E-09
 1.70913E-09
 1.59658E-09
 1.49357E-09
 1.39973E-09
 1.31468E-09
 1.23798E-09
 1.16924E-09
 1.10806E-09
 1.05407E-09
 1.00695E-09
 9.66371E-10
 9.32086E-10
 9.03862E-10
 8.81510E-10
 8.64879E-10
 8.53853E-10
 8.48360E-10
 3.85928E-09
 3.87309E-09
 3.89700E-09
 3.92450E-09
 3.94762E-09
 3.95845E-09
 3.95034E-09
 3.91870E-09
 3.86128E-09
 3.77809E-09
 3.67108E-09
 3.54353E-09
 3.39957E-09
 3.24365E-09
 3.08010E-09
 2.91291E-09
 2.74551E-09
 2.58070E-09
 2.42071E-09
 2.26719E-09
 2.12131E-09
 1.98382E-09
 1.85518E-09
 1.73555E-09
 1.62494E-09
 1.52322E-09
 1.43017E-09
 1.34549E-09
 1.26888E-09
 1.20001E-09
 1.13854E-09
 1.08418E-09
 1.03663E-09
 9.95628E-10
 9.60928E-10
 9.32329E-10
 9.09659E-10
 8.92778E-10
 8.81582E-10
 8.76001E-10
 3.92627E-09
 3.93148E-09
 3.93961E-09
 3.94652E-09
 3.94709E-09
 3.93615E-09
 3.90925E-09
 3.86326E-09
 3.79660E-09
 3.70928E-09
 3.60269E-09
 3.47927E-09
 3.34214E-09
 3.19476E-09
 3.04059E-09
 2.88291E-09
 2.72462E-09
 2.56819E-09
 2.41564E-09
 2.26853E-09
 2.12802E-09
 1.99495E-09
 1.86982E-09
 1.75294E-09
 1.64441E-09
 1.54422E-09
 1.45222E-09
 1.36824E-09
 1.29204E-09
 1.22336E-09
 1.16193E-09
 1.10748E-09
 1.05978E-09
 1.01858E-09
 9.83668E-10
 9.54867E-10
 9.32017E-10
 9.14992E-10
 9.03695E-10
 8.98062E-10
 3.98803E-09
 3.98698E-09
 3.98344E-09
 3.97487E-09
 3.95807E-09
 3.92980E-09
 3.88726E-09
 3.82848E-09
 3.75258E-09
 3.65975E-09
 3.55114E-09
 3.42872E-09
 3.29497E-09
 3.15265E-09
 3.00459E-09
 2.85351E-09
 2.70186E-09
 2.55180E-09
 2.40512E-09
 2.26325E-09
 2.12731E-09
 1.99812E-09
 1.87622E-09
 1.76198E-09
 1.65555E-09
 1.55700E-09
 1.46626E-09
 1.38322E-09
 1.30768E-09
 1.23946E-09
 1.17832E-09
 1.12405E-09
 1.07642E-09
 1.03523E-09
 1.00030E-09
 9.71455E-10
 9.48552E-10
 9.31477E-10
 9.20143E-10
 9.14491E-10
 4.05086E-09
 4.04495E-09
 4.03230E-09
 4.01144E-09
 3.98054E-09
 3.93773E-09
 3.88149E-09
 3.81083E-09
 3.72551E-09
 3.62598E-09
 3.51341E-09
 3.38950E-09
 3.25636E-09
 3.11628E-09
 2.97163E-09
 2.82468E-09
 2.67753E-09
 2.53204E-09
 2.38978E-09
 2.25205E-09
 2.11986E-09
 1.99399E-09
 1.87498E-09
 1.76319E-09
 1.65883E-09
 1.56197E-09
 1.47262E-09
 1.39068E-09
 1.31601E-09
 1.24847E-09
 1.18785E-09
 1.13396E-09
 1.08662E-09
 1.04564E-09
 1.01085E-09
 9.82098E-10
 9.59258E-10
 9.42222E-10
 9.30910E-10
 9.25268E-10
 4.11959E-09
 4.10965E-09
 4.08937E-09
 4.05807E-09
 4.01490E-09
 3.95910E-09
 3.89013E-09
 3.80786E-09
 3.71263E-09
 3.60525E-09
 3.48701E-09
 3.35953E-09
 3.22468E-09
 3.08448E-09
 2.94095E-09
 2.79604E-09
 2.65154E-09
 2.50904E-09
 2.36992E-09
 2.23530E-09
 2.10610E-09
 1.98300E-09
 1.86651E-09
 1.75697E-09
 1.65459E-09
 1.55945E-09
 1.47156E-09
 1.39086E-09
 1.31723E-09
 1.25055E-09
 1.19064E-09
 1.13734E-09
 1.09046E-09
 1.04985E-09
 1.01535E-09
 9.86830E-10
 9.64159E-10
 9.47243E-10
 9.36008E-10
 9.30401E-10
 4.19826E-09
 4.18469E-09
 4.15748E-09
 4.11656E-09
 4.06190E-09
 3.99362E-09
 3.91207E-09
 3.81785E-09
 3.71189E-09
 3.59540E-09
 3.46985E-09
 3.33691E-09
 3.19836E-09
 3.05601E-09
 2.91166E-09
 2.76699E-09
 2.62354E-09
 2.48267E-09
 2.34555E-09
 2.21314E-09
 2.08623E-09
 1.96540E-09
 1.85110E-09
 1.74360E-09
 1.64310E-09
 1.54967E-09
 1.46330E-09
 1.38395E-09
 1.31152E-09
 1.24586E-09
 1.18683E-09
 1.13428E-09
 1.08804E-09
 1.04795E-09
 1.01389E-09
 9.85709E-10
 9.63305E-10
 9.46584E-10
 9.35476E-10
 9.29934E-10
 4.29051E-09
 4.27336E-09
 4.23930E-09
 4.18878E-09
 4.12251E-09
 4.04143E-09
 3.94667E-09
 3.83958E-09
 3.72168E-09
 3.59460E-09
 3.46008E-09
 3.31990E-09
 3.17582E-09
 3.02955E-09
 2.88269E-09
 2.73672E-09
 2.59296E-09
 2.45255E-09
 2.31646E-09
 2.18549E-09
 2.06027E-09
 1.94128E-09
 1.82887E-09
 1.72324E-09
 1.62455E-09
 1.53282E-09
 1.44804E-09
 1.37014E-09
 1.29902E-09
 1.23454E-09
 1.17655E-09
 1.12491E-09
 1.07945E-09
 1.04004E-09
 1.00654E-09
 9.78814E-10
 9.56768E-10
 9.40312E-10
 9.29379E-10
 9.23924E-10
 4.39991E-09
 4.37895E-09
 4.33756E-09
 4.27675E-09
 4.19795E-09
 4.10291E-09
 3.99361E-09
 3.87214E-09
 3.74064E-09
 3.60124E-09
 3.45598E-09
 3.30680E-09
 3.15549E-09
 3.00368E-09
 2.85284E-09
 2.70425E-09
 2.55903E-09
 2.41811E-09
 2.28226E-09
 2.15209E-09
 2.02809E-09
 1.91059E-09
 1.79984E-09
 1.69596E-09
 1.59902E-09
 1.50902E-09
 1.42590E-09
 1.34956E-09
 1.27988E-09
 1.21672E-09
 1.15992E-09
 1.10934E-09
 1.06482E-09
 1.02622E-09
 9.93400E-10
 9.66241E-10
 9.44641E-10
 9.28517E-10
 9.17804E-10
 9.12458E-10
 4.53028E-09
 4.50498E-09
 4.45525E-09
 4.38271E-09
 4.28962E-09
 4.17866E-09
 4.05271E-09
 3.91471E-09
 3.76750E-09
 3.61374E-09
 3.45580E-09
 3.29582E-09
 3.13564E-09
 2.97683E-09
 2.82072E-09
 2.66841E-09
 2.52079E-09
 2.37859E-09
 2.24236E-09
 2.11253E-09
 1.98940E-09
 1.87316E-09
 1.76393E-09
 1.66174E-09
 1.56657E-09
 1.47835E-09
 1.39697E-09
 1.32231E-09
 1.25422E-09
 1.19253E-09
 1.13709E-09
 1.08772E-09
 1.04428E-09
 1.00662E-09
 9.74601E-10
 9.48109E-10
 9.27039E-10
 9.11312E-10
 9.00862E-10
 8.95647E-10
 4.68593E-09
 4.65544E-09
 4.59573E-09
 4.50922E-09
 4.39918E-09
 4.26939E-09
 4.12386E-09
 3.96650E-09
 3.80093E-09
 3.63040E-09
 3.45767E-09
 3.28505E-09
 3.11443E-09
 2.94729E-09
 2.78481E-09
 2.62787E-09
 2.47714E-09
 2.33310E-09
 2.19608E-09
 2.06628E-09
 1.94382E-09
 1.82873E-09
 1.72098E-09
 1.62049E-09
 1.52716E-09
 1.44082E-09
 1.36133E-09
 1.28850E-09
 1.22215E-09
 1.16210E-09
 1.10817E-09
 1.06018E-09
 1.01796E-09
 9.81374E-10
 9.50278E-10
 9.24552E-10
 9.04096E-10
 8.88828E-10
 8.78684E-10
 8.73622E-10
 4.87209E-09
 4.83511E-09
 4.76302E-09
 4.65927E-09
 4.52847E-09
 4.37588E-09
 4.20685E-09
 4.02648E-09
 3.83933E-09
 3.64926E-09
 3.45942E-09
 3.27229E-09
 3.08973E-09
 2.91310E-09
 2.74336E-09
 2.58113E-09
 2.42681E-09
 2.28059E-09
 2.14256E-09
 2.01268E-09
 1.89086E-09
 1.77695E-09
 1.67076E-09
 1.57210E-09
 1.48074E-09
 1.39646E-09
 1.31902E-09
 1.24821E-09
 1.18379E-09
 1.12556E-09
 1.07331E-09
 1.02685E-09
 9.86014E-10
 9.50638E-10
 9.20583E-10
 8.95727E-10
 8.75966E-10
 8.61219E-10
 8.51423E-10
 8.46535E-10
 5.09522E-09
 5.04990E-09
 4.96196E-09
 4.83635E-09
 4.67957E-09
 4.49879E-09
 4.30117E-09
 4.09325E-09
 3.88064E-09
 3.66788E-09
 3.45847E-09
 3.25495E-09
 3.05910E-09
 2.87202E-09
 2.69439E-09
 2.52648E-09
 2.36836E-09
 2.21991E-09
 2.08089E-09
 1.95103E-09
 1.83000E-09
 1.71744E-09
 1.61303E-09
 1.51641E-09
 1.42725E-09
 1.34525E-09
 1.27010E-09
 1.20152E-09
 1.13924E-09
 1.08303E-09
 1.03265E-09
 9.87907E-10
 9.48605E-10
 9.14581E-10
 8.85689E-10
 8.61805E-10
 8.42823E-10
 8.28660E-10
 8.19253E-10
 8.14560E-10
 5.36367E-09
 5.30731E-09
 5.19857E-09
 5.04462E-09
 4.85465E-09
 4.63855E-09
 4.40580E-09
 4.16471E-09
 3.92210E-09
 3.68315E-09
 3.45162E-09
 3.22996E-09
 3.01968E-09
 2.82151E-09
 2.63568E-09
 2.46205E-09
 2.30025E-09
 2.14977E-09
 2.01007E-09
 1.88056E-09
 1.76065E-09
 1.64980E-09
 1.54749E-09
 1.45325E-09
 1.36661E-09
 1.28719E-09
 1.21460E-09
 1.14852E-09
 1.08863E-09
 1.03467E-09
 9.86369E-10
 9.43519E-10
 9.05918E-10
 8.73391E-10
 8.45788E-10
 8.22980E-10
 8.04861E-10
 7.91345E-10
 7.82370E-10
 7.77893E-10
 5.68847E-09
 5.61712E-09
 5.48039E-09
 5.28890E-09
 5.05587E-09
 4.79497E-09
 4.51875E-09
 4.23770E-09
 3.95988E-09
 3.69103E-09
 3.43488E-09
 3.19360E-09
 2.96814E-09
 2.75866E-09
 2.56478E-09
 2.38579E-09
 2.22080E-09
 2.06887E-09
 1.92907E-09
 1.80047E-09
 1.68224E-09
 1.57362E-09
 1.47390E-09
 1.38247E-09
 1.29876E-09
 1.22229E-09
 1.15261E-09
 1.08933E-09
 1.03211E-09
 9.80633E-10
 9.34638E-10
 8.93882E-10
 8.58156E-10
 8.27278E-10
 8.01092E-10
 7.79467E-10
 7.62295E-10
 7.49490E-10
 7.40989E-10
 7.36748E-10
 6.08462E-09
 5.99230E-09
 5.81696E-09
 5.57474E-09
 5.28495E-09
 4.96669E-09
 4.63654E-09
 4.30746E-09
 3.98869E-09
 3.68620E-09
 3.40329E-09
 3.14140E-09
 2.90062E-09
 2.68022E-09
 2.47900E-09
 2.29552E-09
 2.12829E-09
 1.97586E-09
 1.83685E-09
 1.71001E-09
 1.59424E-09
 1.48853E-09
 1.39203E-09
 1.30396E-09
 1.22368E-09
 1.15059E-09
 1.08421E-09
 1.02408E-09
 9.69829E-10
 9.21121E-10
 8.77667E-10
 8.39215E-10
 8.05546E-10
 7.76472E-10
 7.51835E-10
 7.31501E-10
 7.15362E-10
 7.03331E-10
 6.95346E-10
 6.91363E-10
 6.57309E-09
 6.45050E-09
 6.22042E-09
 5.90814E-09
 5.54250E-09
 5.15032E-09
 4.75326E-09
 4.36690E-09
 4.00124E-09
 3.66176E-09
 3.35069E-09
 3.06810E-09
 2.81272E-09
 2.58260E-09
 2.37546E-09
 2.18900E-09
 2.02099E-09
 1.86942E-09
 1.73245E-09
 1.60850E-09
 1.49616E-09
 1.39424E-09
 1.30171E-09
 1.21768E-09
 1.14140E-09
 1.07220E-09
 1.00955E-09
 9.52954E-10
 9.02007E-10
 8.56356E-10
 8.15696E-10
 7.79765E-10
 7.48340E-10
 7.21230E-10
 6.98275E-10
 6.79341E-10
 6.64320E-10
 6.53127E-10
 6.45700E-10
 6.41996E-10
 7.18415E-09
 7.01620E-09
 6.70606E-09
 6.29491E-09
 5.82660E-09
 5.33882E-09
 4.85926E-09
 4.40566E-09
 3.98761E-09
 3.60892E-09
 3.26962E-09
 2.96758E-09
 2.69957E-09
 2.46199E-09
 2.25126E-09
 2.06402E-09
 1.89727E-09
 1.74837E-09
 1.61505E-09
 1.49536E-09
 1.38767E-09
 1.29057E-09
 1.20289E-09
 1.12366E-09
 1.05202E-09
 9.87274E-10
 9.28830E-10
 8.76179E-10
 8.28891E-10
 7.86600E-10
 7.48994E-10
 7.15809E-10
 6.86818E-10
 6.61833E-10
 6.40693E-10
 6.23268E-10
 6.09450E-10
 5.99158E-10
 5.92330E-10
 5.88926E-10
 7.96315E-09
 7.72409E-09
 7.29273E-09
 6.73882E-09
 6.13019E-09
 5.51910E-09
 4.93931E-09
 4.40884E-09
 3.93463E-09
 3.51669E-09
 3.15129E-09
 2.83302E-09
 2.55599E-09
 2.31454E-09
 2.10356E-09
 1.91855E-09
 1.75569E-09
 1.61174E-09
 1.48400E-09
 1.37024E-09
 1.26857E-09
 1.17747E-09
 1.09564E-09
 1.02203E-09
 9.55743E-10
 8.96046E-10
 8.42319E-10
 7.94042E-10
 7.50778E-10
 7.12158E-10
 6.77873E-10
 6.47658E-10
 6.21292E-10
 5.98590E-10
 5.79397E-10
 5.63586E-10
 5.51055E-10
 5.41725E-10
 5.35536E-10
 5.32451E-10
 8.98123E-09
 8.62426E-09
 8.00195E-09
 7.23746E-09
 6.43622E-09
 5.66809E-09
 4.97002E-09
 4.35578E-09
 3.82538E-09
 3.37192E-09
 2.98584E-09
 2.65721E-09
 2.37682E-09
 2.13663E-09
 1.92988E-09
 1.75094E-09
 1.59519E-09
 1.45890E-09
 1.33899E-09
 1.23301E-09
 1.13892E-09
 1.05509E-09
 9.80176E-10
 9.13074E-10
 8.52881E-10
 7.98849E-10
 7.50357E-10
 7.06891E-10
 6.68020E-10
 6.33384E-10
 6.02680E-10
 5.75657E-10
 5.52102E-10
 5.31839E-10
 5.14719E-10
 5.00625E-10
 4.89460E-10
 4.81149E-10
 4.75638E-10
 4.72892E-10
 1.03563E-08
 9.78976E-09
 8.85336E-09
 7.77286E-09
 6.70913E-09
 5.74700E-09
 4.91692E-09
 4.21889E-09
 3.63918E-09
 3.15977E-09
 2.76295E-09
 2.43316E-09
 2.15743E-09
 1.92530E-09
 1.72840E-09
 1.56013E-09
 1.41525E-09
 1.28966E-09
 1.18007E-09
 1.08388E-09
 9.99012E-10
 9.23799E-10
 8.56896E-10
 7.97212E-10
 7.43859E-10
 6.96111E-10
 6.53370E-10
 6.15145E-10
 5.81027E-10
 5.50675E-10
 5.23808E-10
 5.00189E-10
 4.79621E-10
 4.61942E-10
 4.47017E-10
 4.34735E-10
 4.25010E-10
 4.17773E-10
 4.12976E-10
 4.10585E-10
 1.22978E-08
 1.13251E-08
 9.84888E-09
 8.29148E-09
 6.88045E-09
 5.69387E-09
 4.73176E-09
 3.96367E-09
 3.35267E-09
 2.86502E-09
 2.47303E-09
 2.15504E-09
 1.89446E-09
 1.67873E-09
 1.49829E-09
 1.34591E-09
 1.21604E-09
 1.10442E-09
 1.00774E-09
 9.23427E-10
 8.49449E-10
 7.84199E-10
 7.26397E-10
 6.75018E-10
 6.29231E-10
 5.88364E-10
 5.51868E-10
 5.19293E-10
 4.90267E-10
 4.64483E-10
 4.41688E-10
 4.21669E-10
 4.04252E-10
 3.89292E-10
 3.76670E-10
 3.66289E-10
 3.58072E-10
 3.51959E-10
 3.47907E-10
 3.45889E-10
 1.52121E-08
 1.33641E-08
 1.09255E-08
 8.66373E-09
 6.82731E-09
 5.41628E-09
 4.35258E-09
 3.55138E-09
 2.94281E-09
 2.47461E-09
 2.10912E-09
 1.81950E-09
 1.58666E-09
 1.39685E-09
 1.24013E-09
 1.10918E-09
 9.98576E-10
 9.04234E-10
 8.23051E-10
 7.52641E-10
 6.91156E-10
 6.37149E-10
 5.89477E-10
 5.47231E-10
 5.09683E-10
 4.76247E-10
 4.46446E-10
 4.19891E-10
 3.96264E-10
 3.75303E-10
 3.56790E-10
 3.40547E-10
 3.26426E-10
 3.14304E-10
 3.04082E-10
 2.95678E-10
 2.89029E-10
 2.84083E-10
 2.80806E-10
 2.79173E-10
 1.99744E-08
 1.59935E-08
 1.18255E-08
 8.61058E-09
 6.34877E-09
 4.79138E-09
 3.71089E-09
 2.94644E-09
 2.39258E-09
 1.98150E-09
 1.66932E-09
 1.42720E-09
 1.23581E-09
 1.08189E-09
 9.56189E-10
 8.52106E-10
 7.64851E-10
 6.90892E-10
 6.27586E-10
 5.72930E-10
 5.25386E-10
 4.83764E-10
 4.47130E-10
 4.14746E-10
 3.86024E-10
 3.60495E-10
 3.37777E-10
 3.17562E-10
 2.99596E-10
 2.83674E-10
 2.69623E-10
 2.57304E-10
 2.46600E-10
 2.37417E-10
 2.29676E-10
 2.23314E-10
 2.18281E-10
 2.14539E-10
 2.12060E-10
 2.10824E-10
 2.87176E-08
 1.88101E-08
 1.17723E-08
 7.60433E-09
 5.16581E-09
 3.68956E-09
 2.75318E-09
 2.13090E-09
 1.69958E-09
 1.38950E-09
 1.15947E-09
 9.84179E-10
 8.47480E-10
 7.38711E-10
 6.50634E-10
 5.78205E-10
 5.17830E-10
 4.66896E-10
 4.23471E-10
 3.86105E-10
 3.53696E-10
 3.25392E-10
 3.00533E-10
 2.78597E-10
 2.59173E-10
 2.41932E-10
 2.26606E-10
 2.12983E-10
 2.00886E-10
 1.90172E-10
 1.80724E-10
 1.72444E-10
 1.65254E-10
 1.59087E-10
 1.53890E-10
 1.49621E-10
 1.46243E-10
 1.43733E-10
 1.42069E-10
 1.41241E-10
 4.73682E-08
 1.87569E-08
 8.84947E-09
 4.86859E-09
 3.02057E-09
 2.04787E-09
 1.48136E-09
 1.12441E-09
 8.85355E-10
 7.17429E-10
 5.94865E-10
 5.02566E-10
 4.31222E-10
 3.74841E-10
 3.29432E-10
 2.92251E-10
 2.61368E-10
 2.35390E-10
 2.13296E-10
 1.94325E-10
 1.77899E-10
 1.63576E-10
 1.51011E-10
 1.39937E-10
 1.30141E-10
 1.21452E-10
 1.13734E-10
 1.06877E-10
 1.00792E-10
 9.54051E-11
 9.06563E-11
 8.64963E-11
 8.28845E-11
 7.97874E-11
 7.71781E-11
 7.50345E-11
 7.33393E-11
 7.20790E-11
 7.12442E-11
 7.08283E-11
 0.00000E+00
 0.00000E+00
 0.00000E+00
 0.00000E+00
 0.00000E+00
 0.00000E+00
 0.00000E+00
 0.00000E+00
 0.00000E+00
 0.00000E+00
 0.00000E+00
 0.00000E+00
 0.00000E+00
 0.00000E+00
 0.00000E+00
 0.00000E+00
 0.00000E+00
 0.00000E+00
 0.00000E+00
 0.00000E+00
 0.00000E+00
 0.00000E+00
 0.00000E+00
 0.00000E+00
 0.00000E+00
 0.00000E+00
 0.00000E+00
 0.00000E+00
 0.00000E+00
 0.00000E+00
 0.00000E+00
 0.00000E+00
 0.00000E+00
 0.00000E+00
 0.00000E+00
 0.00000E+00
 0.00000E+00
 0.00000E+00
 0.00000E+00
 0.00000E+00
