  0.0000000000000000E+00
  7.8323141234620480E-06
  1.5419052810948197E-05
  2.3299630264423745E-05
  3.1215310548331759E-05
  3.9156624518836672E-05
  4.7132823888710465E-05
  5.5140465167762406E-05
  6.3178458411714293E-05
  7.1247634845526101E-05
  7.9349302108627911E-05
  8.7478505182979262E-05
  9.5643761798482266E-05
  1.0379695395579291E-04
  1.1198170940036733E-04
  1.2019829986333588E-04
  1.2844520495549169E-04
  1.3671754059356428E-04
  1.4497961920089501E-04
  1.5326436420627908E-04
  1.6158085233141498E-04
  1.6992619336416500E-04
  1.7826622472810394E-04
  1.8661527232833043E-04
  1.9500272300384823E-04
  2.0340218365877757E-04
  2.1181615231514095E-04
  2.2023005482933435E-04
  2.2866397796328001E-04
  2.3711017144073735E-04
  2.4555849261101664E-04
  2.5402979479899091E-04
  2.6251239433952881E-04
  2.7099400179408473E-04
  2.7949592620691525E-04
  2.8800444862339805E-04
  2.9652193113504049E-04
  3.0505104548249475E-04
  3.1358789449883670E-04
  3.2213821722797289E-04
  3.3069097552684487E-04
  3.3925300271280646E-04
  3.4782951230406171E-04
  3.5641105688901574E-04
  3.6499036953428407E-04
  3.7358421177781284E-04
  3.8217400425223110E-04
  3.9077121995067387E-04
  3.9937453020938240E-04
  4.0798159959832945E-04
  4.1659743822155550E-04
  4.2521761458165296E-04
  4.3383719771590025E-04
  4.4246883395928320E-04
  4.5110643968638463E-04
  4.5974740053376885E-04
  4.6840204048540304E-04
  4.7704406336948878E-04
  4.8569255893272646E-04
  4.9434876158896846E-04
  5.0300360381446861E-04
  5.1166310773086946E-04
  5.2032496917268510E-04
  5.2900031364023689E-04
  5.3767718662879106E-04
  5.4636663986591997E-04
  5.5504174537706740E-04
  5.6371716482404562E-04
  5.7240434104633461E-04
  5.8108128333774433E-04
  5.8975945386705747E-04
  5.9845203817281600E-04
  6.0714384775094506E-04
  6.1585150261543240E-04
  6.2454984404605696E-04
  6.3325736659536336E-04
  6.4197382836970551E-04
  6.5067667696546837E-04
  6.5938851653511417E-04
  6.6809014360690283E-04
  6.7680118382375763E-04
  6.8551167049724570E-04
  6.9421655993672806E-04
  7.0293967894076101E-04
  7.1165238063328900E-04
  7.2037158605321510E-04
  7.2910081677733001E-04
  7.3782182421671760E-04
  7.4655720032635133E-04
  7.5528456522641456E-04
  7.6400933540463469E-04
  7.7274087084365354E-04
  7.8147228662310108E-04
  7.9020519190629228E-04
  7.9894350319435542E-04
  8.0767606651016273E-04
  8.1641244312494611E-04
  8.2515740810191530E-04
  8.3388945746880989E-04
  8.4263946520404137E-04
  8.5137087729483102E-04
  8.6011049300730965E-04
  8.6885569181414316E-04
  8.7760177576937635E-04
  8.8634018319436202E-04
  8.9508205007493211E-04
  9.0382608957846470E-04
  9.1257428334081824E-04
  9.2131866816216336E-04
  9.3006521231504791E-04
  9.3880368854146851E-04
  9.4756186884585364E-04
  9.5630841890692239E-04
  9.6506613062247019E-04
  9.7380450824346781E-04
  9.8256827690783831E-04
  9.9131919778380783E-04
  1.0000855641805874E-03
  1.0088351769622739E-03
  1.0175952009011664E-03
  1.0263578856530109E-03
  1.0351232397754530E-03
  1.0438774532785695E-03
  1.0526411068707030E-03
  1.0613999463490759E-03
  1.0701665060797300E-03
  1.0789361854723601E-03
  1.0877001176298532E-03
  1.0964671465234761E-03
  1.1052343079397927E-03
  1.1139921993313772E-03
  1.1227646214380315E-03
  1.1315144152319232E-03
  1.1402855757301664E-03
  1.1490566029571598E-03
  1.1578163246658895E-03
  1.1666000575068067E-03
  1.1753548337594122E-03
  1.1841308453550111E-03
  1.1928969728288823E-03
  1.2016610265176446E-03
  1.2104478110697818E-03
  1.2192140818235021E-03
  1.2279946463329922E-03
  1.2367719344629948E-03
  1.2455483294388212E-03
  1.2543439674230405E-03
  1.2631175390004556E-03
  1.2718930279957479E-03
  1.2806735516021888E-03
  1.2894497176406266E-03
  1.2982282202224291E-03
  1.3070044633350262E-03
  1.3157807598818969E-03
  1.3245676574683185E-03
  1.3333551652314642E-03
  1.3421364277199906E-03
  1.3509296944649943E-03
  1.3597203986856854E-03
  1.3685084209763688E-03
  1.3773115034546477E-03
  1.3860985878869092E-03
  1.3948931731814778E-03
  1.4036860487592233E-03
  1.4124666902779227E-03
  1.4212638109010198E-03
  1.4300571493232226E-03
  1.4388533159550233E-03
  1.4476439299002041E-03
  1.4564328658783884E-03
  1.4652305884724777E-03
  1.4740215456550353E-03
  1.4828171327280145E-03
  1.4916155012230506E-03
  1.5004062809817773E-03
  1.5092101676277097E-03
  1.5180081851126355E-03
  1.5268063645727376E-03
  1.5356083942089994E-03
  1.5444146878782136E-03
  1.5532074455018305E-03
  1.5619981381865811E-03
  1.5708073377961990E-03
  1.5796120549332405E-03
  1.5884065173656821E-03
  1.5972054094706058E-03
  1.6060052640764736E-03
  1.6148194235582095E-03
  1.6236231138045557E-03
  1.6324226959648456E-03
  1.6412371146505723E-03
  1.6500418304367399E-03
  1.6588474387727236E-03
  1.6676621650100027E-03
  1.6764713766643342E-03
  1.6852842714827722E-03
  1.6940908185729953E-03
  1.7028932470889962E-03
  1.7117102752283223E-03
  1.7205197229502223E-03
  1.7293242951979669E-03
  1.7381384396462775E-03
  1.7469473947125836E-03
  1.7557622461728531E-03
  1.7645691185158969E-03
  1.7733823941900992E-03
  1.7822005616288034E-03
  1.7910214978051565E-03
  1.7998346855998420E-03
  1.8086475349728304E-03
  1.8174637266573086E-03
  1.8262922975732126E-03
  1.8351177483855638E-03
  1.8439293314833557E-03
  1.8527504696555976E-03
  1.8615651686932117E-03
  1.8703904716728969E-03
  1.8792161887338399E-03
  1.8880272882038545E-03
  1.8968416180650245E-03
  1.9056752594145416E-03
  1.9144922351898355E-03
  1.9233130812589757E-03
  1.9321373107364832E-03
  1.9409543474430541E-03
  1.9497810670007359E-03
  1.9586189905005207E-03
  1.9674366477216575E-03
  1.9762629219535559E-03
  1.9851009277592258E-03
  1.9939333395681672E-03
  2.0027599463413558E-03
  2.0115980685205055E-03
  2.0204317080691975E-03
  2.0292617591397520E-03
  2.0380974953618180E-03
  2.0469275944731587E-03
  2.0557529295935945E-03
  2.0645898918801972E-03
  2.0734247604870392E-03
  2.0822583719165570E-03
  2.0910894082817556E-03
  2.0999173062101997E-03
  2.1087520668952044E-03
  2.1175926605200663E-03
  2.1264253320928328E-03
  2.1352568130254541E-03
  2.1440871768894990E-03
  2.1529245296519920E-03
  2.1617607671804333E-03
  2.1706031431339406E-03
  2.1794419642404343E-03
  2.1882832398599440E-03
  2.1971260765915662E-03
  2.2059732470877057E-03
  2.2148158256437090E-03
  2.2236570206278501E-03
  2.2325077917510062E-03
  2.2413553053521724E-03
  2.2501915575958262E-03
  2.2590311283050015E-03
  2.2678803510737767E-03
  2.2767202675860500E-03
  2.2855678970417101E-03
  2.2944171637696471E-03
  2.3032699921631010E-03
  2.3121040948515881E-03
  2.3209487734236326E-03
  2.3298020221976571E-03
  2.3386506308083681E-03
  2.3474989918903237E-03
  2.3563519650288776E-03
  2.3652115095247174E-03
  2.3740616614700890E-03
  2.3829103071332253E-03
  2.3917636997808378E-03
  2.4006239675636652E-03
  2.4094771724389842E-03
  2.4183326374413810E-03
  2.4271840388869295E-03
  2.4360460207269825E-03
  2.4448877259701531E-03
  2.4537311105136297E-03
  2.4625878477032874E-03
  2.4714458993608857E-03
  2.4802969044154157E-03
  2.4891424336356757E-03
  2.4979995598686522E-03
  2.5068615197758959E-03
  2.5157084157807438E-03
  2.5245551787108247E-03
  2.5334110964829043E-03
  2.5422727455737459E-03
  2.5511259265550996E-03
  2.5599784108801048E-03
  2.5688410337704991E-03
  2.5776988137126938E-03
  2.5865511987035314E-03
  2.5954092034357235E-03
  2.6042770465690762E-03
  2.6131384178318812E-03
  2.6219917553265016E-03
  2.6308488411141409E-03
  2.6397127634188297E-03
  2.6485710811679562E-03
  2.6574328399091574E-03
  2.6662973511150209E-03
  2.6752249504498342E-03
  2.6841486591063705E-03
  2.6930786224376810E-03
  2.7020089497173856E-03
  2.7109263581971232E-03
  2.7198391986703128E-03
  2.7287668121464110E-03
  2.7376991593169920E-03
  2.7466230660021700E-03
  2.7555381266366665E-03
  2.7644610277632745E-03
  2.7733894488207711E-03
  2.7823074530216154E-03
  2.7912356167748001E-03
  2.8001580289808356E-03
  2.8090719221655299E-03
  2.8179878515633100E-03
  2.8269063940686255E-03
  2.8358353307404455E-03
  2.8447571567891284E-03
  2.8536739146020752E-03
  2.8625911206627288E-03
  2.8715082179157363E-03
  2.8804311303166474E-03
  2.8893465779393527E-03
  2.8982651716528800E-03
  2.9071810060109396E-03
  2.9160902957291565E-03
  2.9250067901400684E-03
  2.9339208387222414E-03
  2.9428355807882309E-03
  2.9517535423519889E-03
  2.9606596457103099E-03
  2.9695744447666762E-03
  2.9784891989458016E-03
  2.9874071705112146E-03
  2.9963254411150596E-03
  3.0052422028178450E-03
  3.0141497139220129E-03
  3.0230661996251598E-03
  3.0319772099425572E-03
  3.0408962000513925E-03
  3.0498165895054925E-03
  3.0587309150544029E-03
  3.0676484689058626E-03
  3.0765594658521819E-03
  3.0854717708882909E-03
  3.0943924497780582E-03
  3.1033170583882786E-03
  3.1122274063795814E-03
  3.1211339636875064E-03
  3.1300396817369180E-03
  3.1389563556476034E-03
  3.1478723592682878E-03
  3.1567853033476257E-03
  3.1656988054718821E-03
  3.1746148357932615E-03
  3.1835174087943155E-03
  3.1924192616700894E-03
  3.2013282193586487E-03
  3.2102416495318137E-03
  3.2191434634940850E-03
  3.2280459937171243E-03
  3.2369480888496910E-03
  3.2458580363387353E-03
  3.2547689805507269E-03
  3.2636691869848654E-03
  3.2725742429959626E-03
  3.2814917581493984E-03
  3.2904073556286298E-03
  3.2993056063363615E-03
  3.3082127529288283E-03
  3.3171213670722143E-03
  3.3260369940596875E-03
  3.3349496019125496E-03
  3.3438616432645619E-03
  3.3527742859599226E-03
  3.3616870836587738E-03
  3.3705995361423434E-03
  3.3795144193526001E-03
  3.3884306196535030E-03
  3.3973552664284647E-03
  3.4062693928390724E-03
  3.4151704749448646E-03
  3.4240748283959226E-03
  3.4329873303254811E-03
  3.4419038575744351E-03
  3.4508188740508356E-03
  3.4597265674541542E-03
  3.4686372434206540E-03
  3.4775492665191201E-03
  3.4864586210090255E-03
  3.4953701233948141E-03
  3.5042824864508970E-03
  3.5131939107055600E-03
  3.5220941720081785E-03
  3.5309997408244182E-03
  3.5399053257817023E-03
  3.5488121401807075E-03
  3.5577273902249267E-03
  3.5666362911906699E-03
  3.5755493740775124E-03
  3.5844633105408257E-03
  3.5933761942834428E-03
  3.6022858074211809E-03
  3.6111951821533620E-03
  3.6201033984173988E-03
  3.6290086410257702E-03
  3.6379171022330294E-03
  3.6468317644107774E-03
  3.6557509455228516E-03
  3.6646714607197449E-03
  3.6735844609457253E-03
  3.6824902175154684E-03
  3.6914017955698044E-03
  3.7003146165210891E-03
  3.7092319417315195E-03
  3.7181465927031820E-03
  3.7270515554145185E-03
  3.7359564042576399E-03
  3.7448590252653715E-03
  3.7537699415671317E-03
  3.7626799227751247E-03
  3.7715885318953179E-03
  3.7805011172632984E-03
  3.7894127368497568E-03
  3.7983308979135347E-03
  3.8072374234162831E-03
  3.8161349705059886E-03
  3.8250418424958499E-03
  3.8339486650180725E-03
  3.8428617461251278E-03
  3.8517694688085463E-03
  3.8606784931982932E-03
  3.8695939987319064E-03
  3.8785095364456891E-03
  3.8874226538780587E-03
  3.8963243565607111E-03
  3.9052233499862424E-03
  3.9141324622971718E-03
  3.9230440230127736E-03
  3.9319653785804968E-03
  3.9408805869296064E-03
  3.9497870071981724E-03
  3.9586954888829974E-03
  3.9676048279614204E-03
  3.9765220104822684E-03
  3.9854368300682834E-03
  3.9943493107823403E-03
  4.0032639021633874E-03
  4.0121753203589301E-03
  4.0210897714886666E-03
  4.0300030532223552E-03
  4.0389195752896234E-03
  4.0478353334858844E-03
  4.0567451542883205E-03
  4.0656566465198836E-03
  4.0745711280790057E-03
  4.0834901186957966E-03
  4.0924103810864587E-03
  4.1013216424364276E-03
  4.1102354144924198E-03
  4.1191463749731079E-03
  4.1280638899468085E-03
  4.1369772467540799E-03
  4.1458861164949045E-03
  4.1547977995183135E-03
  4.1637141060625708E-03
  4.1726284921120059E-03
  4.1815398337489030E-03
  4.1904512193020700E-03
  4.1993630631045982E-03
  4.2082809752141976E-03
  4.2172050068825830E-03
  4.2261267875164533E-03
  4.2350342455482687E-03
  4.2439436400421382E-03
  4.2528569720144890E-03
  4.2617691389503923E-03
  4.2706898110970231E-03
  4.2796067538512289E-03
  4.2885147937338991E-03
  4.2974226953778859E-03
  4.3063347123925167E-03
  4.3152528511968989E-03
  4.3241720511335872E-03
  4.3330886346713378E-03
  4.3420005012502049E-03
  4.3509196269764482E-03
  4.3598365812992732E-03
  4.3687469779567587E-03
  4.3776583052307656E-03
  4.3865760723848929E-03
  4.3954888668771034E-03
  4.4044119457314580E-03
  4.4133314657380561E-03
  4.4222407300602918E-03
  4.4311532572988230E-03
  4.4400746248845048E-03
  4.4489936180390349E-03
  4.4579127746591151E-03
  4.4668314985079208E-03
  4.4757532324686267E-03
  4.4846680577514319E-03
  4.4935919121432471E-03
  4.5025102556080932E-03
  4.5114177182000786E-03
  4.5203329618816691E-03
  4.5292584533029139E-03
  4.5381887401380987E-03
  4.5471078295845728E-03
  4.5560251737192890E-03
  4.5649383456416734E-03
  4.5738547674932534E-03
  4.5827799781512617E-03
  4.5917068504467053E-03
  4.6006260284160673E-03
  4.6095449323810562E-03
  4.6184612416491199E-03
  4.6273792996949746E-03
  4.6362997266063133E-03
  4.6452223571016478E-03
  4.6541449520896682E-03
  4.6630697425468414E-03
  4.6719968799899978E-03
  4.6809122768873262E-03
  4.6898231439236491E-03
  4.6987372725515366E-03
  4.7076614994295794E-03
  4.7165954065413384E-03
  4.7255252218872078E-03
  4.7344495059645688E-03
  4.7433674307071072E-03
  4.7522853724278873E-03
  4.7612127665207513E-03
  4.7701419333615550E-03
  4.7790681093705378E-03
  4.7879926026074644E-03
  4.7969103624022494E-03
  4.8058343905633457E-03
  4.8147576527417506E-03
  4.8236800503132504E-03
  4.8326091232679079E-03
  4.8415366703583760E-03
  4.8504656887570479E-03
  4.8593967068829534E-03
  4.8683210540016435E-03
  4.8772455985877112E-03
  4.8861699747269069E-03
  4.8950935042153627E-03
  4.9040208161583851E-03
  4.9129395518098746E-03
  4.9218652464001894E-03
  4.9307879904246935E-03
  4.9397122495831898E-03
  4.9486404562093635E-03
  4.9575677409347471E-03
  4.9664937095835601E-03
  4.9754194519395431E-03
  4.9843483344168904E-03
  4.9932730580350112E-03
  5.0021969774724064E-03
  5.0111179538689758E-03
  5.0200410234967846E-03
  5.0289695535626995E-03
  5.0378963979468899E-03
  5.0468214553973309E-03
  5.0557445331193543E-03
  5.0646700667085348E-03
  5.0735966479043305E-03
  5.0825267883543310E-03
  5.0914454086441680E-03
  5.1003654896419129E-03
  5.1092872986124773E-03
  5.1182131306024385E-03
  5.1271394312506803E-03
  5.1360719091854091E-03
  5.1450057283819080E-03
  5.1539329020645975E-03
  5.1628613742245068E-03
  5.1717930007355029E-03
  5.1807219488029469E-03
  5.1896537464838043E-03
  5.1985752224821226E-03
  5.2074998624626837E-03
  5.2164260791441232E-03
  5.2253588018170124E-03
  5.2342909140452084E-03
  5.2432265035822160E-03
  5.2521549862899301E-03
  5.2610884147376693E-03
  5.2700196083775150E-03
  5.2789439731774574E-03
  5.2878703688983026E-03
  5.2968023268991386E-03
  5.3057296298400789E-03
  5.3146621860513544E-03
  5.3235950131214314E-03
  5.3325307803353287E-03
  5.3414641441028804E-03
  5.3503953144216666E-03
  5.3593191558613086E-03
  5.3682465250565496E-03
  5.3771835620886749E-03
  5.3861212600956132E-03
  5.3950557848337147E-03
  5.4039795546186242E-03
  5.4129034188736165E-03
  5.4218346186567321E-03
  5.4307737086179350E-03
  5.4397142106600779E-03
  5.4486515589751002E-03
  5.4575794044011954E-03
  5.4665109504438954E-03
  5.4754416158227948E-03
  5.4843773352148562E-03
  5.4933127981281636E-03
  5.5022488544266314E-03
  5.5111810178085060E-03
  5.5201128720767656E-03
  5.5290436767831772E-03
  5.5379784022575908E-03
  5.5469114119009143E-03
  5.5558419646311438E-03
  5.5647726441545959E-03
  5.5737093622082951E-03
  5.5826417197814638E-03
  5.5916134043478326E-03
  5.6005880651696970E-03
  5.6095574492471875E-03
  5.6185252672443153E-03
  5.6274973123639199E-03
  5.6364730210762990E-03
  5.6454409939864373E-03
  5.6544121248366481E-03
  5.6633833609796604E-03
  5.6723438551661782E-03
  5.6813067906794747E-03
  5.6902778975820040E-03
  5.6992508465441112E-03
  5.7082205534171549E-03
  5.7171911859274409E-03
  5.7261649510471774E-03
  5.7351303748951737E-03
  5.7440939916055438E-03
  5.7530617154060723E-03
  5.7620301107106330E-03
  5.7709921191796479E-03
  5.7799546370780504E-03
  5.7889161776289678E-03
  5.7978854140798746E-03
  5.8068597175263449E-03
  5.8158370586436471E-03
  5.8248107237484689E-03
  5.8337758167722603E-03
  5.8427390698965655E-03
  5.8517074185786147E-03
  5.8606829971879866E-03
  5.8696557529818606E-03
  5.8786220955519882E-03
  5.8875853476855027E-03
  5.8965543263645830E-03
  5.9055211929724908E-03
  5.9144897486264406E-03
  5.9234539739890521E-03
  5.9324190899989419E-03
  5.9413874378636041E-03
  5.9503580097853351E-03
  5.9593306290819156E-03
  5.9683021278998513E-03
  5.9772703577221503E-03
  5.9862383649470193E-03
  5.9952044790601410E-03
  6.0041727894258991E-03
  6.0131461489627922E-03
  6.0221111257452503E-03
  6.0310699603698670E-03
  6.0400336830494948E-03
  6.0489996157968651E-03
  6.0579720000716094E-03
  6.0669517906685238E-03
  6.0759336848083753E-03
  6.0849074752221746E-03
  6.0938750024558406E-03
  6.1028323017985496E-03
  6.1117938983435384E-03
  6.1207612116734459E-03
  6.1297330724641172E-03
  6.1387058749078722E-03
  6.1476811127101740E-03
  6.1566484415116109E-03
  6.1656161734126866E-03
  6.1745801390082049E-03
  6.1835496618854388E-03
  6.1925160318735692E-03
  6.2014852425921049E-03
  6.2104582717437138E-03
  6.2194217302327191E-03
  6.2283834467959324E-03
  6.2373508340094934E-03
  6.2463171461959871E-03
  6.2552843737108824E-03
  6.2642584338785199E-03
  6.2732308967269872E-03
  6.2821998387997124E-03
  6.2911666840246381E-03
  6.3001247453617539E-03
  6.3090904816846200E-03
  6.3180642119067118E-03
  6.3270274512132558E-03
  6.3359913409709078E-03
  6.3449595354721638E-03
  6.3539237093044702E-03
  6.3628877843197561E-03
  6.3718511044642788E-03
  6.3808160237961969E-03
  6.3897837869544604E-03
  6.3987573060862628E-03
  6.4077288886038490E-03
  6.4167000554899607E-03
  6.4256737618121635E-03
  6.4346417418449237E-03
  6.4436035842765412E-03
  6.4525708506408064E-03
  6.4615393990589817E-03
  6.4705100441713641E-03
  6.4794855814787975E-03
  6.4884599368127968E-03
  6.4974283259663264E-03
  6.5063902883162926E-03
  6.5153492508256165E-03
  6.5243104215599868E-03
  6.5332768913371371E-03
  6.5422488414697165E-03
  6.5512241683347242E-03
  6.5601983248968357E-03
  6.5691579704575693E-03
  6.5781173709312914E-03
  6.5870803759631264E-03
  6.5960452648609613E-03
  6.6050179415476258E-03
  6.6139907711424348E-03
  6.6229646087087599E-03
  6.6319396635399460E-03
  6.6409069089133788E-03
  6.6498709810790440E-03
  6.6588339283325257E-03
  6.6678016513663204E-03
  6.6767659009554087E-03
  6.6857331940779656E-03
  6.6947064100748013E-03
  6.7036830262029419E-03
  6.7126534151649951E-03
  6.7216256031769972E-03
  6.7305935267837087E-03
  6.7395513751672123E-03
  6.7485140077785857E-03
  6.7574754710676421E-03
  6.7664405243634037E-03
  6.7754049251882815E-03
  6.7843725770495656E-03
  6.7933327523125994E-03
  6.8022903132959368E-03
  6.8112529051658193E-03
  6.8202207515735778E-03
  6.8291939382541618E-03
  6.8381702600463987E-03
  6.8471406379992583E-03
  6.8561013568857014E-03
  6.8650653904799739E-03
  6.8740280635150343E-03
  6.8829941815476111E-03
  6.8919642740130566E-03
  6.9009369320148098E-03
  6.9099021464789816E-03
  6.9188635780758085E-03
  6.9278260336673473E-03
  6.9367947297221139E-03
  6.9457633418047683E-03
  6.9547308648477430E-03
  6.9636990376627135E-03
  6.9726632068349750E-03
  6.9816286707778249E-03
  6.9905976959719835E-03
  6.9995701499748209E-03
  7.0085447136945030E-03
  7.0175206711899033E-03
  7.0264938330800927E-03
  7.0354617322554705E-03
  7.0444255205317314E-03
  7.0533935848311252E-03
  7.0623648129336395E-03
  7.0713382405156490E-03
  7.0803070930062747E-03
  7.0892794089938722E-03
  7.0982488866131524E-03
  7.1072117820271032E-03
  7.1161800206768549E-03
  7.1251525053120969E-03
  7.1341274526440278E-03
  7.1430951782774487E-03
  7.1520655874360269E-03
  7.1610411801803523E-03
  7.1700123539292868E-03
  7.1789873117939088E-03
  7.1879644955783108E-03
  7.1969396010850388E-03
  7.2059117925136456E-03
  7.2148804790440769E-03
  7.2238533066940691E-03
  7.2328208102923428E-03
  7.2417928877822699E-03
  7.2507648422607670E-03
  7.2597351581502219E-03
  7.2687076608368073E-03
  7.2777079523326602E-03
  7.2867080713247311E-03
  7.2957025040733979E-03
  7.3046970139930356E-03
  7.3136945886910559E-03
  7.3226923213863841E-03
  7.3316884079160129E-03
  7.3406852661753678E-03
  7.3496875989695889E-03
  7.3586895162532475E-03
  7.3676841862257113E-03
  7.3766840906577848E-03
  7.3856806050049389E-03
  7.3946770240778999E-03
  7.4036707760093889E-03
  7.4126708026830941E-03
  7.4216702301643520E-03
  7.4306657357203557E-03
  7.4396636985029699E-03
  7.4486623502314940E-03
  7.4576660274745191E-03
  7.4666677596253381E-03
  7.4756644605746686E-03
  7.4846585759130993E-03
  7.4936538974628769E-03
  7.5026482985252364E-03
  7.5116453747483252E-03
  7.5206440237409926E-03
  7.5296402174048907E-03
  7.5386386281147523E-03
  7.5476322526568281E-03
  7.5566314169137434E-03
  7.5656316683251588E-03
  7.5746268597390457E-03
  7.5836227027416834E-03
  7.5926209340984189E-03
  7.6016126157747591E-03
  7.6106048878395822E-03
  7.6195972719025574E-03
  7.6285927968362706E-03
  7.6375886403775009E-03
  7.6465864704791326E-03
  7.6555878387836790E-03
  7.6645912214959510E-03
  7.6735874518479028E-03
  7.6825838801470011E-03
  7.6915825088904478E-03
  7.7005810837874550E-03
  7.7095716985881302E-03
  7.7185630951530698E-03
  7.7275574183616694E-03
  7.7365525697354401E-03
  7.7455497853902051E-03
  7.7545491010614200E-03
  7.7635494374191961E-03
  7.7725433609629399E-03
  7.7815344488926059E-03
  7.7905281503789408E-03
  7.7995196620012086E-03
  7.8085106311716135E-03
  7.8175049438603886E-03
  7.8265052253982947E-03
  7.8355049904699735E-03
  7.8444928264882492E-03
  7.8534813515124830E-03
  7.8624704261281535E-03
  7.8714548695180513E-03
  7.8804472623361758E-03
  7.8894452311209281E-03
  7.8984510699601565E-03
  7.9074563498502757E-03
  7.9164567153997140E-03
  7.9254514175353969E-03
  7.9344398579045232E-03
  7.9434307044170451E-03
  7.9524246292113788E-03
  7.9614216405155189E-03
  7.9704188150505305E-03
  7.9794131282658488E-03
  7.9884102054901453E-03
  7.9974028676505545E-03
  8.0063987152194892E-03
  8.0153918186436669E-03
  8.0243879486645315E-03
  8.0333849000671954E-03
  8.0423853609212590E-03
  8.0513819102916682E-03
  8.0603753947803471E-03
  8.0693667620378180E-03
  8.0783635358636727E-03
  8.0873624822906335E-03
  8.0963603266501743E-03
  8.1053575450111808E-03
  8.1143571050592469E-03
  8.1233517600575161E-03
  8.1323495940265195E-03
  8.1413484482317257E-03
  8.1503456958327992E-03
  8.1593422619069458E-03
  8.1683338348397735E-03
  8.1773297313026232E-03
  8.1863240426750424E-03
  8.1953161995834811E-03
  8.2043092996214855E-03
  8.2133052666296114E-03
  8.2223001978540267E-03
  8.2312973381980809E-03
  8.2402983677725208E-03
  8.2492965593799865E-03
  8.2582976568328793E-03
  8.2672926810847969E-03
  8.2762855802780370E-03
  8.2852769296107940E-03
  8.2942711979964619E-03
  8.3032639036679200E-03
  8.3122639321232521E-03
  8.3212641043473937E-03
  8.3302629867579633E-03
  8.3392626772662622E-03
  8.3482577277987444E-03
  8.3572501660498597E-03
  8.3662442383992917E-03
  8.3752339945186056E-03
  8.3842259078332655E-03
  8.3932169815934612E-03
  8.4022153515679581E-03
  8.4112111953167003E-03
  8.4202092466342526E-03
  8.4292030923115730E-03
  8.4382024440060252E-03
  8.4472006670794145E-03
  8.4561965762389290E-03
  8.4651928121835061E-03
  8.4741851516184179E-03
  8.4831753470370735E-03
  8.4921725534971553E-03
  8.5011678416966451E-03
  8.5101610965455377E-03
  8.5191514573690463E-03
  8.5281440240354955E-03
  8.5371335920069111E-03
  8.5461279198453272E-03
  8.5551260650768030E-03
  8.5641287906706061E-03
  8.5731311208692863E-03
  8.5821333057818222E-03
  8.5911246310100380E-03
  8.6001151235515164E-03
  8.6091042672394504E-03
  8.6180996526450827E-03
  8.6270952119864575E-03
  8.6360973346587128E-03
  8.6450971028347052E-03
  8.6540958750555060E-03
  8.6630916406190001E-03
  8.6720839303585408E-03
  8.6810712980931199E-03
  8.6900623982613286E-03
  8.6990557850598043E-03
  8.7080565302881489E-03
  8.7170552214514072E-03
  8.7260560610520014E-03
  8.7350509792237553E-03
  8.7440479604702359E-03
  8.7530461144711587E-03
  8.7620449588434145E-03
  8.7710373000229845E-03
  8.7800359299741292E-03
  8.7890315274694215E-03
  8.7980295389006539E-03
  8.8070270269773043E-03
  8.8160254115775549E-03
  8.8250239940742999E-03
  8.8340273709702974E-03
  8.8430246861510159E-03
  8.8520256235132995E-03
  8.8610171913157051E-03
  8.8700138712331494E-03
  8.8790091925390578E-03
  8.8880096825098270E-03
  8.8970082801073987E-03
  8.9060155224582795E-03
  8.9150216957860663E-03
  8.9240251781597061E-03
  8.9330144480393638E-03
  8.9420092062009789E-03
  8.9510040350079499E-03
  8.9600011214980065E-03
  8.9689963525892702E-03
  8.9779945187974872E-03
  8.9869938983504968E-03
  8.9959957754545405E-03
  9.0049963405374953E-03
  9.0139953005197639E-03
  9.0229913515688324E-03
  9.0319926963877001E-03
  9.0409897981001078E-03
  9.0499902662573468E-03
  9.0589841122843337E-03
  9.0679801120130618E-03
  9.0769726094336398E-03
  9.0859703534733275E-03
  9.0949648030004861E-03
  9.1039653807355771E-03
  9.1129623532019890E-03
  9.1219624791246921E-03
  9.1309580165381612E-03
  9.1399570858511463E-03
  9.1489517075734727E-03
  9.1579517595473687E-03
  9.1669780260117580E-03
  9.1760071342488116E-03
  9.1850273403545138E-03
  9.1940474718574163E-03
  9.2030663743342365E-03
  9.2120868022685931E-03
  9.2211018523315480E-03
  9.2301243406515462E-03
  9.2391490397034873E-03
  9.2481795583720019E-03
  9.2572010525045455E-03
  9.2662177557422641E-03
  9.2752362679601012E-03
  9.2842592727118076E-03
  9.2932775738369042E-03
  9.3023018376662287E-03
  9.3113261541775925E-03
  9.3203571451703736E-03
  9.3293809199584167E-03
  9.3384090854658156E-03
  9.3474307524107538E-03
  9.3564537945665955E-03
  9.3654755935503719E-03
  9.3744978137557979E-03
  9.3835222449006831E-03
  9.3925452948110805E-03
  9.4015616189548502E-03
  9.4105813188488339E-03
  9.4196052643800692E-03
  9.4286250598486915E-03
  9.4376449401883042E-03
  9.4466632623849116E-03
  9.4556858468363165E-03
  9.4647099629279474E-03
  9.4737290946184990E-03
  9.4827487719177164E-03
  9.4917740574864823E-03
  9.5007983557812686E-03
  9.5098195339144969E-03
  9.5188372076432087E-03
  9.5278583416144608E-03
  9.5368799758061198E-03
  9.5458996329807061E-03
  9.5549225235564018E-03
  9.5639480879117240E-03
  9.5729708017802829E-03
  9.5819967589033245E-03
  9.5910226337049577E-03
  9.6000449271043033E-03
  9.6090611920626786E-03
  9.6180684502821401E-03
  9.6270804925107280E-03
  9.6360982096567408E-03
  9.6451173964175654E-03
  9.6541411368520711E-03
  9.6631695076206166E-03
  9.6721983031336240E-03
  9.6812220693440060E-03
  9.6902450784900358E-03
  9.6992657953657874E-03
  9.7082829851967110E-03
  9.7172965775833633E-03
  9.7263072876482559E-03
  9.7353237298619597E-03
  9.7443448255210043E-03
  9.7533654137054882E-03
  9.7623798957929483E-03
  9.7713963173174882E-03
  9.7804154256330589E-03
  9.7894322274739553E-03
  9.7984530351276581E-03
  9.8074788798503901E-03
  9.8165094857268643E-03
  9.8255398531908386E-03
  9.8345554494651873E-03
  9.8435678308591255E-03
  9.8525847949294827E-03
  9.8616013479103561E-03
  9.8706182132870558E-03
  9.8796334316269517E-03
  9.8886513313694944E-03
  9.8976727525597469E-03
  9.9067149595571131E-03
  9.9157601113189272E-03
  9.9248073826429927E-03
  9.9338515088463995E-03
  9.9428972663289320E-03
  9.9519423540171664E-03
  9.9609885685336009E-03
  9.9700352251724470E-03
  9.9790739883861244E-03
  9.9881135096292067E-03
  9.9971543276569357E-03
  1.0006192434402254E-02
  1.0015233022745672E-02
  1.0024275752743256E-02
  1.0033323111834299E-02
  1.0042372668284781E-02
  1.0051420438744714E-02
  1.0060463539480806E-02
  1.0069501846159550E-02
  1.0078539251810896E-02
  1.0087575958683589E-02
  1.0096612855308726E-02
  1.0105649253609869E-02
  1.0114687016945224E-02
  1.0123724829148759E-02
  1.0132763848513174E-02
  1.0141799128296011E-02
  1.0150836561593705E-02
  1.0159874832413630E-02
  1.0168912869618352E-02
  1.0177948486435657E-02
  1.0186985785969464E-02
  1.0196020358603295E-02
  1.0205057113883392E-02
  1.0214087469060010E-02
  1.0223116377931437E-02
  1.0232150150695942E-02
  1.0241184417247147E-02
  1.0250220396201198E-02
  1.0259250298144089E-02
  1.0268276738653898E-02
  1.0277307308705661E-02
  1.0286338420238308E-02
  1.0295368736803706E-02
  1.0304403365104612E-02
  1.0313442846076782E-02
  1.0322482031928546E-02
  1.0331522909008297E-02
  1.0340562845922274E-02
  1.0349595277901715E-02
  1.0358620002033671E-02
  1.0367646777956655E-02
  1.0376675978072744E-02
  1.0385706674408959E-02
  1.0394741776191383E-02
  1.0403780340928714E-02
  1.0412817320939578E-02
  1.0421853802222452E-02
  1.0430885512893626E-02
  1.0439909926951405E-02
  1.0448937601506406E-02
  1.0457963538169445E-02
  1.0466988125157266E-02
  1.0476018772679627E-02
  1.0485052147597054E-02
  1.0494084559354234E-02
  1.0503118535960795E-02
  1.0512156723516314E-02
  1.0521194637897512E-02
  1.0530225142206199E-02
  1.0539251281073050E-02
  1.0548275889568236E-02
  1.0557301970894474E-02
  1.0566324256923040E-02
  1.0575349574241021E-02
  1.0584380153948039E-02
  1.0593414173069549E-02
  1.0602446809494997E-02
  1.0611477455460604E-02
  1.0620509538914981E-02
  1.0629538352225659E-02
  1.0638562403913039E-02
  1.0647583473616678E-02
  1.0656605185810786E-02
  1.0665629550655210E-02
  1.0674659895567106E-02
  1.0683695724328852E-02
  1.0692730935341913E-02
  1.0701766087027630E-02
  1.0710796426715968E-02
  1.0719818671809213E-02
  1.0728838540234015E-02
  1.0737860887703857E-02
  1.0746884747719707E-02
  1.0755909057489160E-02
  1.0764935063810443E-02
  1.0773962140577789E-02
  1.0782984026740931E-02
  1.0792004295655327E-02
  1.0801029928548200E-02
  1.0810054467098183E-02
  1.0819077182814951E-02
  1.0828103210213869E-02
  1.0837134899781263E-02
  1.0846168855519334E-02
  1.0855198246331275E-02
  1.0864223984772050E-02
  1.0873243498406172E-02
  1.0882268170137129E-02
  1.0891294292486716E-02
  1.0900313582249329E-02
  1.0909333006258867E-02
  1.0918353463528471E-02
  1.0927371978858179E-02
  1.0936394938147688E-02
  1.0945419312382668E-02
  1.0954443786431178E-02
  1.0963468509945703E-02
  1.0972493846831542E-02
  1.0981517359447716E-02
  1.0990541766012373E-02
  1.0999562881807690E-02
  1.1008584828403344E-02
  1.1017607764821337E-02
  1.1026627691929089E-02
  1.1035651099569653E-02
  1.1044673916827659E-02
  1.1053692258189966E-02
  1.1062715671747906E-02
  1.1071740135941817E-02
  1.1080764530718290E-02
  1.1089779566734324E-02
  1.1098791692140510E-02
  1.1107809109484421E-02
  1.1116830403749100E-02
  1.1125852961041892E-02
  1.1134874589489375E-02
  1.1143894865816625E-02
  1.1152915719475409E-02
  1.1161939824951833E-02
  1.1170964568125720E-02
  1.1179988469420839E-02
  1.1189010639674158E-02
  1.1198030296072617E-02
  1.1207044564107219E-02
  1.1216059841861876E-02
  1.1225075194366795E-02
  1.1234093322586973E-02
  1.1243115183393758E-02
  1.1252136350983879E-02
  1.1261157644501635E-02
  1.1270182518449268E-02
  1.1279206092596585E-02
  1.1288223497553262E-02
  1.1297243360170775E-02
  1.1306268300069611E-02
  1.1315290066158770E-02
  1.1324307041190935E-02
  1.1333320400110052E-02
  1.1342330990528445E-02
  1.1351344332949497E-02
  1.1360361054292277E-02
  1.1369372577758314E-02
  1.1378387187323421E-02
  1.1387403983991207E-02
  1.1396425213999506E-02
  1.1405450988704527E-02
  1.1414473011335347E-02
  1.1423493801828213E-02
  1.1432514561979929E-02
  1.1441530897737863E-02
  1.1450548496585800E-02
  1.1459561531785156E-02
  1.1468574982263257E-02
  1.1477594273263388E-02
  1.1486614597214152E-02
  1.1495632900058375E-02
  1.1504647140607983E-02
  1.1513660552003672E-02
  1.1522674170416193E-02
  1.1531689707922625E-02
  1.1540707853688234E-02
  1.1549724186827344E-02
  1.1558739914146268E-02
  1.1567759169761018E-02
  1.1576777890092892E-02
  1.1585793211535472E-02
  1.1594801162014917E-02
  1.1603810204779080E-02
  1.1612823171266461E-02
  1.1621841376109212E-02
  1.1630863090010398E-02
  1.1639887886321792E-02
  1.1648914768205863E-02
  1.1657942087379103E-02
  1.1666956447028039E-02
  1.1675965389015453E-02
  1.1684973348061735E-02
  1.1693978801373716E-02
  1.1702984252417562E-02
  1.1711989330978447E-02
  1.1720998687291602E-02
  1.1730011050786153E-02
  1.1739025883401911E-02
  1.1748037641415118E-02
  1.1757050280640727E-02
  1.1766063166576277E-02
  1.1775077869774879E-02
  1.1784094877543373E-02
  1.1793113887533131E-02
  1.1802134320280103E-02
  1.1811155746885902E-02
  1.1820176352262676E-02
  1.1829186024538993E-02
  1.1838193224621449E-02
  1.1847199691508601E-02
  1.1856210678735898E-02
  1.1865224877819150E-02
  1.1874243057489568E-02
  1.1883261894703899E-02
  1.1892278394714951E-02
  1.1901296241863483E-02
  1.1910313154857162E-02
  1.1919327610143233E-02
  1.1928337311901852E-02
  1.1937349196481982E-02
  1.1946358092291729E-02
  1.1955372275109757E-02
  1.1964390556823240E-02
  1.1973410551655649E-02
  1.1982431769940511E-02
  1.1991449008473973E-02
  1.2000466614074850E-02
  1.2009475136024621E-02
  1.2018484835790424E-02
  1.2027498542958879E-02
  1.2036517447110911E-02
  1.2045538420633307E-02
  1.2054559968483206E-02
  1.2063578360258806E-02
  1.2072594027187293E-02
  1.2081607619893792E-02
  1.2090617941005438E-02
  1.2099623132851829E-02
  1.2108632528489221E-02
  1.2117644908709365E-02
  1.2126659389869962E-02
  1.2135676148109124E-02
  1.2144691354377141E-02
  1.2153704497076366E-02
  1.2162711585260546E-02
  1.2171719646823127E-02
  1.2180729288908820E-02
  1.2189731305623050E-02
  1.2198735188654174E-02
  1.2207740638587950E-02
  1.2216749981672588E-02
  1.2225759611254427E-02
  1.2234768880347977E-02
  1.2243777793076329E-02
  1.2252790345620112E-02
  1.2261803482436070E-02
  1.2270818141792544E-02
  1.2279828499345311E-02
  1.2288834596430010E-02
  1.2297843376672227E-02
  1.2306852221861172E-02
  1.2315859710575389E-02
  1.2324866681113033E-02
  1.2333874008874725E-02
  1.2342883674609699E-02
  1.2351894060709329E-02
  1.2360907341216688E-02
  1.2369918512863398E-02
  1.2378927139181558E-02
  1.2387936264355361E-02
  1.2396938720248428E-02
  1.2405941983066861E-02
  1.2414944362729913E-02
  1.2423949055597499E-02
  1.2432959881446217E-02
  1.2441975821014519E-02
  1.2450995025331597E-02
  1.2460011463176102E-02
  1.2469020919943501E-02
  1.2478026754106549E-02
  1.2487030569240838E-02
  1.2496035869556849E-02
  1.2505040064960107E-02
  1.2514048790439236E-02
  1.2523061041935638E-02
  1.2532076706482223E-02
  1.2541092765352259E-02
  1.2550105184423000E-02
  1.2559114590594105E-02
  1.2568117332620407E-02
  1.2577120443170388E-02
  1.2586126421432919E-02
  1.2595136076226305E-02
  1.2604146183540603E-02
  1.2613153236527716E-02
  1.2622163076109586E-02
  1.2631173024443342E-02
  1.2640183670512879E-02
  1.2649195720699245E-02
  1.2658206469510363E-02
  1.2667215025312659E-02
  1.2676224371844333E-02
  1.2685231640429007E-02
  1.2694238213359150E-02
  1.2703246971880565E-02
  1.2712256521981425E-02
  1.2721264135321625E-02
  1.2730274815420972E-02
  1.2739284874785373E-02
  1.2748296137058484E-02
  1.2757306165343797E-02
  1.2766312006682981E-02
  1.2775318853455737E-02
  1.2784327317501749E-02
  1.2793337157975555E-02
  1.2802346343889258E-02
  1.2811353313648525E-02
  1.2820360455168942E-02
  1.2829365046083537E-02
  1.2838370514738375E-02
  1.2847376216801517E-02
  1.2856383671202433E-02
  1.2865390641826268E-02
  1.2874401843132155E-02
  1.2883411716104139E-02
  1.2892421856743398E-02
  1.2901435011632758E-02
  1.2910448648835378E-02
  1.2919461783277809E-02
  1.2928470629670572E-02
  1.2937472406532171E-02
  1.2946474953927646E-02
  1.2955479250025955E-02
  1.2964481751760093E-02
  1.2973484691097732E-02
  1.2982493479193155E-02
  1.2991505238708786E-02
  1.3000515949976884E-02
  1.3009527368747536E-02
  1.3018534903657187E-02
  1.3027559885457420E-02
  1.3036589441011439E-02
  1.3045615451651268E-02
  1.3054635698073020E-02
  1.3063656798125368E-02
  1.3072677208392973E-02
  1.3081697927836283E-02
  1.3090723548535752E-02
  1.3099751810097558E-02
  1.3108780249864841E-02
  1.3117824607517436E-02
  1.3126867934905417E-02
  1.3135912290597060E-02
  1.3144958501888064E-02
  1.3154005026021579E-02
  1.3163050128725876E-02
  1.3172095226534635E-02
  1.3181142343369498E-02
  1.3190189982970718E-02
  1.3199240310756939E-02
  1.3208290683928765E-02
  1.3217331600059270E-02
  1.3226370360380640E-02
  1.3235405885831768E-02
  1.3244444162370746E-02
  1.3253487326653671E-02
  1.3262534233488912E-02
  1.3271584343514008E-02
  1.3280630084584261E-02
  1.3289671680831181E-02
  1.3298713771633374E-02
  1.3307752940455221E-02
  1.3316784355007232E-02
  1.3325814463137315E-02
  1.3334849667444209E-02
  1.3343889701282880E-02
  1.3352934551867207E-02
  1.3361983381842238E-02
  1.3371036213073992E-02
  1.3380091000578100E-02
  1.3389143206200814E-02
  1.3398184662325507E-02
  1.3407219789667919E-02
  1.3416253181175933E-02
  1.3425285902968688E-02
  1.3434317420496346E-02
  1.3443349539965583E-02
  1.3452384644709553E-02
  1.3461424525555930E-02
  1.3470463974284615E-02
  1.3479505087169481E-02
  1.3488548731544505E-02
  1.3497591535882843E-02
  1.3506633466761089E-02
  1.3515673575266488E-02
  1.3524710217462668E-02
  1.3533747868718379E-02
  1.3542789470117368E-02
  1.3551830635278849E-02
  1.3560868247344100E-02
  1.3569904645755330E-02
  1.3578944069144611E-02
  1.3587981805926529E-02
  1.3597020921047155E-02
  1.3606060597989795E-02
  1.3615099201142884E-02
  1.3624138133904925E-02
  1.3633176468235735E-02
  1.3642211951346137E-02
  1.3651247061709082E-02
  1.3660284137755359E-02
  1.3669322678119567E-02
  1.3678357399375469E-02
  1.3687394612609387E-02
  1.3696434743925437E-02
  1.3705474812245912E-02
  1.3714510933242904E-02
  1.3723547971028037E-02
  1.3732583356127367E-02
  1.3741619062761246E-02
  1.3750653938947314E-02
  1.3759691131545784E-02
  1.3768724235505759E-02
  1.3777758455770436E-02
  1.3786795281691192E-02
  1.3795831325725339E-02
  1.3804860168906795E-02
  1.3813891031514267E-02
  1.3822922517992248E-02
  1.3831957340556341E-02
  1.3840994073566423E-02
  1.3850030259725416E-02
  1.3859059841095955E-02
  1.3868090565693906E-02
  1.3877122228068989E-02
  1.3886155261619510E-02
  1.3895189256958776E-02
  1.3904219912388672E-02
  1.3913248521710444E-02
  1.3922276720155351E-02
  1.3931305328199368E-02
  1.3940332909796514E-02
  1.3949361255584105E-02
  1.3958388001418996E-02
  1.3967417242319877E-02
  1.3976450806222606E-02
  1.3985487089999500E-02
  1.3994520761371868E-02
  1.4003547834208936E-02
  1.4012574382789682E-02
  1.4021602269898792E-02
  1.4030632492574571E-02
  1.4039658917259506E-02
  1.4048683053421848E-02
  1.4057711814224095E-02
  1.4066741144453812E-02
  1.4075773745097237E-02
  1.4084810265320572E-02
  1.4093846171918719E-02
  1.4102882737954531E-02
  1.4111910933517548E-02
  1.4120935967151185E-02
  1.4129957419158070E-02
  1.4138980539059423E-02
  1.4148006309899727E-02
  1.4157035318704372E-02
  1.4166063429142723E-02
  1.4175092491404721E-02
  1.4184117920536622E-02
  1.4193140890182969E-02
  1.4202163742609649E-02
  1.4211184829737194E-02
  1.4220204750897750E-02
  1.4229229500098488E-02
  1.4238256488770636E-02
  1.4247287221582488E-02
  1.4256318753519806E-02
  1.4265350092582188E-02
  1.4274382335590216E-02
  1.4283412126869489E-02
  1.4292442772075921E-02
  1.4301466589556808E-02
  1.4310486248143748E-02
  1.4319502391585354E-02
  1.4328520515407532E-02
  1.4337541880533862E-02
  1.4346566865596084E-02
  1.4355592513820578E-02
  1.4364619351494677E-02
  1.4373644103829956E-02
  1.4382666580802122E-02
  1.4391681905007930E-02
  1.4400698698827525E-02
  1.4409717440098354E-02
  1.4418739534677202E-02
  1.4427760360437599E-02
  1.4436780437338563E-02
  1.4445805481615590E-02
  1.4454827733454219E-02
  1.4463848397652220E-02
  1.4472863632024706E-02
  1.4481881771093132E-02
  1.4490900650055880E-02
  1.4499924542210031E-02
  1.4508950491424517E-02
  1.4517977711511948E-02
  1.4527001872897072E-02
  1.4536025467837716E-02
  1.4545050703223986E-02
  1.4554069961769441E-02
  1.4563085545735398E-02
  1.4572103427766868E-02
  1.4581125094228155E-02
  1.4590144281410745E-02
  1.4599159721053162E-02
  1.4608176987652899E-02
  1.4617198114411456E-02
  1.4626219103522209E-02
  1.4635242806040540E-02
  1.4644265646237256E-02
  1.4653281656744618E-02
  1.4662297553114160E-02
  1.4671312821971512E-02
  1.4680330298930752E-02
  1.4689345008667634E-02
  1.4698362637043827E-02
  1.4707382366637430E-02
  1.4716401365285485E-02
  1.4725419648122722E-02
  1.4734439974676177E-02
  1.4743458935571246E-02
  1.4752481620565540E-02
  1.4761501551086423E-02
  1.4770520901159000E-02
  1.4779540246001486E-02
  1.4788557780495211E-02
  1.4797575399999223E-02
  1.4806590820692436E-02
  1.4815602516545427E-02
  1.4824615803860873E-02
  1.4833629936953913E-02
  1.4842648932605495E-02
  1.4851670895104656E-02
  1.4860694913909263E-02
  1.4869718166577790E-02
  1.4878737758080787E-02
  1.4887754085515346E-02
  1.4896766944485090E-02
  1.4905782859060385E-02
  1.4914799932270694E-02
  1.4923814468413127E-02
  1.4932830883905507E-02
  1.4941845931991578E-02
  1.4950861954803657E-02
  1.4959880991599298E-02
  1.4968895088073931E-02
  1.4977906994431642E-02
  1.4986919429217167E-02
  1.4995935392319351E-02
  1.5004953201506365E-02
  1.5013965948240830E-02
  1.5022978256615478E-02
  1.5031993735311099E-02
  1.5041012292709276E-02
  1.5050030921476857E-02
  1.5059042168505558E-02
  1.5068053867595826E-02
  1.5077064941766994E-02
  1.5086079944079395E-02
  1.5095096716527243E-02
  1.5104112472866265E-02
  1.5113126897764822E-02
  1.5122140008643550E-02
  1.5131154483078372E-02
  1.5140166813350290E-02
  1.5149179340803847E-02
  1.5158196007851461E-02
  1.5167214715161925E-02
  1.5176230719897739E-02
  1.5185246709633832E-02
  1.5194264467259496E-02
  1.5203284532835705E-02
  1.5212303968558469E-02
  1.5221319043999024E-02
  1.5230327107325052E-02
  1.5239337058976558E-02
  1.5248348951743628E-02
  1.5257361310599786E-02
  1.5266375569209520E-02
  1.5275391116917765E-02
  1.5284401276091203E-02
  1.5293408565643219E-02
  1.5302417074446991E-02
  1.5311425366606039E-02
  1.5320433241868929E-02
  1.5329440730016774E-02
  1.5338447680844200E-02
  1.5347457506257212E-02
  1.5356471429850823E-02
  1.5365488817136666E-02
  1.5374507201661990E-02
  1.5383524975749975E-02
  1.5392539421331772E-02
  1.5401549333435186E-02
  1.5410555143204687E-02
  1.5419563748299789E-02
  1.5428574081547242E-02
  1.5437586786695661E-02
  1.5446599011238921E-02
  1.5455612824810040E-02
  1.5464625464285236E-02
  1.5473634562205456E-02
  1.5482642621241325E-02
  1.5491653316554650E-02
  1.5500662325591490E-02
  1.5509667002165462E-02
  1.5518674491660710E-02
  1.5527680083117218E-02
  1.5536689084881315E-02
  1.5545696338484644E-02
  1.5554703408423449E-02
  1.5563712432503925E-02
  1.5572725648920548E-02
  1.5581738573043714E-02
  1.5590748968425036E-02
  1.5599761139092854E-02
  1.5608772872716191E-02
  1.5617779922600420E-02
  1.5626784044135138E-02
  1.5635788487641078E-02
  1.5644791981678310E-02
  1.5653796223749423E-02
